-0.001368622
-0.001366206
-0.001363804
-0.001361413
-0.001359043
-0.001356686
-0.001354362
-0.001352067
-0.001349793
-0.00134751
-0.001345176
-0.001342733
-0.001340159
-0.001337406
-0.001334425
-0.001331249
-0.001328172
-0.001325788
-0.001324462
-0.001323684
-0.001322458
-0.001320255
-0.001317407
-0.001314356
-0.001311685
-0.001309525
-0.00130743
-0.001305644
-0.001305183
-0.001306449
-0.001307601
-0.001307679
-0.001307191
-0.001307586
-0.0013108
-0.001315822
-0.001321549
-0.001323847
-0.001317499
-0.001304467
-0.001290446
-0.001278121
-0.001265907
-0.001253493
-0.001240647
-0.001220617
-0.001186001
-0.001147217
-0.001126001
-0.001136346
-0.001179233
-0.001238869
-0.001300196
-0.001356046
-0.001395828
-0.001409536
-0.001390347
-0.001330244
-0.001233662
-0.001123061
-0.001014249
-0.0009070619
-0.0008158689
-0.0007771032
-0.0008045139
-0.0008770046
-0.0009459069
-0.0009949619
-0.0010345
-0.001070081
-0.001107692
-0.001165832
-0.001262409
-0.001356523
-0.001403154
-0.001382754
-0.001325203
-0.001257521
-0.001190159
-0.001174665
-0.001271946
-0.001459216
-0.00163395
-0.001725481
-0.001738729
-0.001723682
-0.001714008
-0.001709778
-0.001678925
-0.001595553
-0.001485787
-0.001376402
-0.001236987
-0.001076299
-0.0009277562
-0.0008344766
-0.0007775691
-0.0007130067
-0.0006324541
-0.0005274074
-0.0003882487
-0.0001711322
0.0001177748
0.0003555801
0.0004046371
0.000217114
-0.000157255
-0.0005334507
-0.0007886256
-0.0009400285
-0.001050664
-0.001123075
-0.001129478
-0.001104906
-0.001148579
-0.001280182
-0.001515745
-0.001868417
-0.002263214
-0.00257037
-0.002617499
-0.002372215
-0.002017675
-0.001742792
-0.001616944
-0.001590089
-0.001655956
-0.001707268
-0.001635295
-0.001443943
-0.001171051
-0.0008379186
-0.0005058801
-0.0002790213
-0.0002631377
-0.0004539571
-0.0008477447
-0.00140179
-0.001962515
-0.002451002
-0.002864693
-0.003166666
-0.003282218
-0.003170243
-0.002784486
-0.0021807
-0.001420789
-0.0004961035
0.0003474231
0.0007209539
0.0006338737
0.0004375903
0.0003302538
0.0002832972
0.0002274175
0.0001845887
0.0001902417
0.0003130047
0.0004786156
0.0004750424
0.000203132
-0.0002978208
-0.0008136865
-0.001188982
-0.00133399
-0.001268422
-0.001148474
-0.001013466
-0.0009187919
-0.001036293
-0.001397909
-0.001862997
-0.002288677
-0.002585604
-0.002700968
-0.00250929
-0.001897323
-0.001022459
-0.0001888659
0.0002646944
0.0002281113
-0.0001271768
-0.0006414888
-0.001081514
-0.001134969
-0.0007708766
-0.0001526548
0.0005399387
0.001357507
0.002042551
0.002240129
0.001914203
0.001435887
0.001256289
0.001432561
0.001666651
0.001756462
0.001745986
0.001501725
0.0008331518
-4.083917e-05
-0.0005922388
-0.0006268601
-0.0005078353
-0.0006409706
-0.0009470418
-0.001118082
-0.001192388
-0.001215965
-0.0009790024
-0.0005288257
-0.0002118178
-0.0002809001
-0.0004627221
-0.0004821859
-0.0003511737
-0.0003849712
-0.0007834702
-0.00150756
-0.002023623
-0.001789626
-0.0009969116
-0.0002550203
0.0002769917
0.0007281084
0.001155169
0.001699252
0.002238737
0.00254104
0.002356806
0.001481478
0.0002052196
-0.0009290819
-0.001981199
-0.003009173
-0.003797714
-0.004314919
-0.004625657
-0.00467345
-0.004447028
-0.004108201
-0.00371662
-0.003329477
-0.003172261
-0.003083334
-0.002576456
-0.001805681
-0.001368269
-0.001412007
-0.001568973
-0.001363172
-0.00103698
-0.0009663645
-0.001059887
-0.001172978
-0.001251333
-0.001045854
-0.0003256523
0.0006722734
0.001434864
0.001643023
0.001034147
-0.0002336505
-0.001556425
-0.002305273
-0.002322899
-0.001881461
-0.001091832
-1.79327e-06
0.001075816
0.001576386
0.001018768
-0.0004317294
-0.001935263
-0.002972349
-0.003430581
-0.003115431
-0.002056192
-0.0003025438
0.001689327
0.003027334
0.003240793
0.002777179
0.002522371
0.00291851
0.003889272
0.004814461
0.005205876
0.005178925
0.004965095
0.004336825
0.003356143
0.002537385
0.001906347
0.0009652226
-0.0003352969
-0.001630078
-0.002564155
-0.00303125
-0.003140552
-0.002936187
-0.002433131
-0.001900157
-0.001951979
-0.003093126
-0.004817187
-0.006048555
-0.006049543
-0.004718856
-0.002679607
-0.001135401
-0.001129705
-0.002667272
-0.004868352
-0.006805113
-0.008016367
-0.008587346
-0.008820902
-0.00842429
-0.00661372
-0.003322081
0.0001900495
0.003023702
0.004839526
0.005397609
0.00478361
0.003462758
0.002133573
0.001420362
0.001635981
0.002276883
0.002572697
0.002274327
0.001320437
-0.0005666369
-0.003315607
-0.006202186
-0.008794867
-0.01085249
-0.0118709
-0.01163712
-0.01027889
-0.008556785
-0.007594846
-0.007447185
-0.007472155
-0.007017676
-0.005528003
-0.00306483
-4.841573e-05
0.002923857
0.005574297
0.008011292
0.01017521
0.01137367
0.01075163
0.007868126
0.003375511
-0.001146374
-0.00433816
-0.005546207
-0.005201038
-0.004222945
-0.003350375
-0.00263089
-0.002250981
-0.00219625
-0.002268896
-0.002228321
-0.002103368
-0.001855426
-0.001288502
-0.0002220323
0.00107859
0.001693819
0.001142516
4.948865e-06
-0.0009413391
-0.001198577
-0.0007334789
0.0002984547
0.00145184
0.002114826
0.001998212
0.001086506
-0.0006218499
-0.003327355
-0.006848366
-0.01049838
-0.01333863
-0.01471316
-0.01491164
-0.01412504
-0.01235174
-0.009744119
-0.006577782
-0.003150337
0.0002991544
0.002888929
0.003609234
0.002678467
0.001572751
0.001823244
0.003442726
0.004909406
0.005049744
0.004192283
0.002858586
0.00161322
0.0008328073
5.381598e-05
-0.0009896664
-0.001942506
-0.002632225
-0.002935045
-0.003126228
-0.003217711
-0.003152433
-0.002713155
-0.001713877
-0.0004449133
0.0007095286
0.001562814
0.002543067
0.0038161
0.005149767
0.006224495
0.007110111
0.007706457
0.007617286
0.006619233
0.004712685
0.002059211
-0.0009183554
-0.003664473
-0.00548306
-0.005750997
-0.004070406
-0.0007329769
0.003005397
0.00594571
0.007904592
0.009022318
0.009402926
0.008940094
0.007991671
0.007262357
0.006904111
0.006537751
0.006013893
0.005452343
0.004878425
0.004291608
0.003954889
0.004041969
0.004501046
0.005091935
0.005432022
0.00536145
0.004876214
0.004128524
0.003535241
0.003092855
0.002972597
0.002892338
0.002750688
0.00313552
0.004242487
0.005940212
0.008052677
0.01011594
0.01100492
0.01009951
0.007848283
0.005458405
0.004014107
0.003647388
0.003820212
0.004054609
0.003842963
0.003273828
0.003064449
0.003459968
0.004329954
0.005492073
0.006622607
0.007206725
0.007021756
0.006371777
0.006105486
0.006941209
0.008377243
0.009353648
0.009475624
0.008743603
0.007513697
0.006366429
0.005983712
0.00677021
0.008568926
0.0108611
0.01295679
0.01382255
0.01240404
0.008878259
0.004469881
0.0002288407
-0.003427513
-0.006790046
-0.009538573
-0.01085089
-0.01057313
-0.009277057
-0.008135815
-0.008217541
-0.009670426
-0.01174044
-0.01370126
-0.0149569
-0.01488613
-0.01328966
-0.01059769
-0.007358102
-0.004120597
-0.001367313
0.0004827868
0.0008862645
-0.0001390971
-0.002220681
-0.004584961
-0.006281737
-0.006862454
-0.006777332
-0.006457716
-0.00576544
-0.004811459
-0.003743309
-0.002801665
-0.001981904
-0.001037742
-1.386288e-05
0.001090454
0.002296764
0.0033653
0.003888106
0.003843909
0.003204106
0.001840797
-0.0002340736
-0.002831234
-0.005610108
-0.007873391
-0.009019983
-0.008944234
-0.007796927
-0.006438637
-0.005194076
-0.003761202
-0.001898071
9.707786e-05
0.001802019
0.003374384
0.00492509
0.005689056
0.004731614
0.002276786
-0.0004992306
-0.002814452
-0.004474851
-0.005245812
-0.004974715
-0.003973119
-0.002477298
-0.0007267013
0.001509999
0.003844447
0.0053651
0.005406415
0.004036965
0.001888226
-0.0001718882
-0.001847929
-0.003596966
-0.005740636
-0.008022447
-0.009628192
-0.009630921
-0.007957237
-0.004980804
-0.001285904
0.002421717
0.005244777
0.006785683
0.007413896
0.00744841
0.007027649
0.006119766
0.004469919
0.001958632
-0.0009920671
-0.003658872
-0.005545635
-0.00699264
-0.008427415
-0.009939024
-0.011449
-0.01254874
-0.01285622
-0.01223714
-0.01111843
-0.01027175
-0.009897878
-0.009706467
-0.009613284
-0.00965371
-0.00944572
-0.008476428
-0.00694069
-0.005161176
-0.002900932
-0.0004644425
0.001282484
0.001954754
0.001923656
0.00179964
0.002011062
0.002497719
0.002985128
0.003073007
0.002399216
0.0009323898
-0.0009377712
-0.002416109
-0.002834895
-0.002273076
-0.001279125
2.721485e-06
0.001541532
0.003254238
0.004432869
0.004010782
0.00167172
-0.001649054
-0.004306781
-0.005593698
-0.006344068
-0.007726155
-0.009612687
-0.01058684
-0.0098963
-0.008216768
-0.006503356
-0.004718371
-0.002541093
-5.323457e-05
0.002643602
0.005261408
0.007674828
0.009692872
0.01105021
0.01183491
0.01187398
0.01094694
0.008772547
0.005462
0.001513499
-0.002784864
-0.006463455
-0.008677797
-0.00967328
-0.01014504
-0.01032298
-0.01010227
-0.009357127
-0.008276548
-0.006881104
-0.00512739
-0.003097869
-0.0009711481
0.001318119
0.003770121
0.006158469
0.007497081
0.00744036
0.006619338
0.005938414
0.006239183
0.007577484
0.009460786
0.01126303
0.01225206
0.01230736
0.01152419
0.009710545
0.006666064
0.002733495
-0.001184884
-0.00419887
-0.005975323
-0.006833379
-0.007635861
-0.008793133
-0.01000091
-0.01094888
-0.01142356
-0.01128451
-0.01043938
-0.008926735
-0.006962205
-0.004804111
-0.002690081
-0.0007801624
0.001106557
0.003025764
0.004523168
0.004948041
0.003824133
0.001355331
-0.0008152438
-0.00141185
-0.0007164242
0.0004390398
0.001561031
0.002705934
0.0044719
0.006598471
0.007941759
0.007770995
0.00619662
0.004461524
0.003631751
0.003636126
0.003828938
0.003704017
0.003357633
0.003405493
0.004332876
0.005904974
0.007370499
0.00825483
0.008688045
0.008785335
0.008410631
0.007580792
0.006765296
0.006592459
0.007546559
0.009244583
0.01081745
0.0118761
0.01237757
0.01229332
0.01125016
0.009050248
0.006200327
0.003721846
0.002045801
0.0009844549
0.0007993315
0.001713235
0.003531259
0.005477209
0.006626075
0.006678551
0.005972624
0.00500368
0.003990356
0.002753953
0.001411781
0.0005044511
0.0001502866
0.0001168077
0.0002260012
0.0004970937
0.0009745286
0.001634253
0.002348273
0.003220031
0.004279917
0.005476247
0.006810555
0.008290612
0.009892706
0.01141802
0.01209884
0.01164401
0.01054882
0.009145813
0.007483667
0.005703466
0.003933889
0.00234407
0.001403876
0.001212098
0.001332677
0.001628913
0.002150771
0.002629895
0.002455151
0.001278148
-0.0002026488
-0.0008292563
-0.0003023567
0.0009032587
0.002293877
0.003865268
0.0056235
0.006968126
0.007438917
0.006993432
0.006490479
0.007191575
0.009045364
0.01114461
0.01265787
0.0133684
0.01346993
0.01293934
0.01203248
0.01165138
0.01223636
0.01274506
0.0117116
0.008964336
0.005346588
0.001721219
-0.001447509
-0.00398071
-0.006034008
-0.007564398
-0.008124478
-0.007488229
-0.006144075
-0.005043255
-0.004473283
-0.004203209
-0.004176778
-0.004043405
-0.003574004
-0.002962338
-0.002317443
-0.001777464
-0.001317851
-0.001002651
-0.0003068964
0.0007941633
0.001196469
0.0002915447
-0.001619133
-0.003295348
-0.003758331
-0.003555353
-0.003782356
-0.005041807
-0.006869443
-0.008275946
-0.008818437
-0.008691329
-0.008577845
-0.00895787
-0.009433519
-0.009372247
-0.00836234
-0.006288571
-0.00330148
-4.163017e-05
0.002546116
0.003538063
0.002927737
0.001524189
3.530479e-05
-0.001512113
-0.003120372
-0.004379377
-0.004852361
-0.004693739
-0.004212678
-0.003419202
-0.002343898
-0.001161413
-5.531472e-05
0.0008711734
0.001686332
0.002226137
0.002112192
0.001160396
-0.0002729822
-0.001436479
-0.001803309
-0.001885602
-0.00230352
-0.003020835
-0.003649516
-0.004293235
-0.005201788
-0.006060371
-0.006733637
-0.007580764
-0.008860401
-0.01064919
-0.0130617
-0.01574176
-0.01835932
-0.02086532
-0.02303479
-0.02497
-0.02646124
-0.02729846
-0.0275251
-0.02705165
-0.02556304
-0.02323786
-0.02071871
-0.01871226
-0.01786958
-0.01868434
-0.02112656
-0.02362977
-0.0247493
-0.02436446
-0.02364745
-0.02411541
-0.02629017
-0.02912452
-0.03081945
-0.03086609
-0.03020154
-0.02995602
-0.03065019
-0.03202723
-0.03351686
-0.0347486
-0.0353973
-0.03525426
-0.0344484
-0.03308628
-0.03113093
-0.02886908
-0.02675383
-0.02506876
-0.02381465
-0.02306538
-0.02259084
-0.02222038
-0.02185794
-0.02129572
-0.02059531
-0.01989838
-0.01923432
-0.01839125
-0.01738052
-0.01665184
-0.01640427
-0.01653063
-0.01652885
-0.01587731
-0.01439185
-0.01218367
-0.009290569
-0.005703176
-0.001528341
0.002610313
0.006346721
0.01030933
0.01500746
0.01985729
0.02398454
0.02711901
0.0288471
0.0284719
0.02627972
0.02364253
0.02158549
0.01972535
0.01677558
0.01208371
0.006274681
0.001194817
-0.001873565
-0.003199945
-0.003524039
-0.003483355
-0.00329474
-0.003004034
-0.00264098
-0.0019565
-0.0006715591
0.001334162
0.00403261
0.007620224
0.01220844
0.01688781
0.02096685
0.02456694
0.02762275
0.02985811
0.03164146
0.03341919
0.03519144
0.03680648
0.03852584
0.04044933
0.04190523
0.04208172
0.04098138
0.03927157
0.03804151
0.03828505
0.03993349
0.04211234
0.04414713
0.04623237
0.04872171
0.05138689
0.05345226
0.05421923
0.05374599
0.05187474
0.04911008
0.04639055
0.04379493
0.04120776
0.03798029
0.03399193
0.03022548
0.02752027
0.0254509
0.02336057
0.02104898
0.01901697
0.01757536
0.0164232
0.01517673
0.01393085
0.01304805
0.01261621
0.01238339
0.01217381
0.01168799
0.01072019
0.009252753
0.007572299
0.006078404
0.005203508
0.004648467
0.003688349
0.001879045
-0.0003227311
-0.0019784
-0.002363166
-0.001342096
0.0007109334
0.003350152
0.005901809
0.007641032
0.008197889
0.007745901
0.00708462
0.006930467
0.00704849
0.006386634
0.003957311
0.0002065722
-0.003908585
-0.007925718
-0.01109137
-0.01337658
-0.01520375
-0.01704143
-0.01892295
-0.02059928
-0.021638
-0.02190975
-0.02146643
-0.02062655
-0.01932922
-0.0172332
-0.01359738
-0.008377392
-0.002243873
0.003654351
0.008539032
0.01282641
0.01669007
0.01941409
0.02061957
0.02068214
0.02045802
0.02084534
0.02186357
0.02235493
0.02122402
0.01862718
0.01568064
0.0134116
0.01132556
0.008633207
0.005480461
0.002625248
0.0008948712
0.0004206004
0.001049877
0.002383869
0.003384929
0.003228781
0.002299427
0.001391434
0.0009980061
0.001263386
0.001811548
0.002256054
0.002801467
0.003606602
0.004430237
0.004934719
0.00519711
0.005437943
0.00541115
0.005360044
0.00651573
0.007976809
0.008171116
0.007128309
0.006092257
0.006035829
0.006898261
0.008086853
0.008965847
0.009466067
0.00956206
0.009634353
0.01011913
0.01089042
0.01145038
0.01131527
0.01026053
0.008422923
0.00614478
0.004398001
0.003790019
0.004388133
0.00591916
0.008302858
0.01166147
0.01542461
0.01916151
0.02263108
0.0254389
0.02753137
0.02891525
0.02960348
0.02997854
0.03045463
0.03124711
0.03242328
0.033522
0.03414884
0.03466887
0.03531373
0.03564965
0.03538117
0.03454387
0.03324957
0.03174828
0.03038747
0.02945595
0.02878188
0.02806947
0.02717703
0.02609744
0.0246638
0.02269246
0.02036176
0.01776816
0.01502057
0.01226694
0.00963972
0.007367168
0.005443069
0.003411997
0.001270087
-0.001109975
-0.004370865
-0.008750086
-0.0137677
-0.0182197
-0.02097615
-0.02183481
-0.02116763
-0.01941713
-0.0166914
-0.01216004
-0.005772993
0.001474963
0.009277562
0.01750934
0.02608807
0.03509458
0.04420104
0.05297898
0.06083458
0.06763075
0.07365937
0.07837857
0.08129065
0.08232676
0.08204679
0.08110543
0.07961697
0.07730967
0.07423845
0.07097863
0.067943
0.06507732
0.06183826
0.05785193
0.05330814
0.04924838
0.0460469
0.04346048
0.0412905
0.03923984
0.03771743
0.03713404
0.03740229
0.0382601
0.03948731
0.04032666
0.03995023
0.03841954
0.03657971
0.03510504
0.03407517
0.03321921
0.03241284
0.03178468
0.03145857
0.03153616
0.03204424
0.03262611
0.03296213
0.0326576
0.03163217
0.03037088
0.02910001
0.0279234
0.0268568
0.02558113
0.02401321
0.02235933
0.02096479
0.01952039
0.01792737
0.0165171
0.01527797
0.01424521
0.01322162
0.01173614
0.009360029
0.00551871
0.0005748818
-0.004572057
-0.009810488
-0.01497791
-0.02017807
-0.02595328
-0.03188626
-0.03790769
-0.04310558
-0.04650078
-0.04784443
-0.04766214
-0.04683194
-0.0456002
-0.04393393
-0.04183681
-0.03948318
-0.03709242
-0.03507058
-0.03377265
-0.03364269
-0.03518577
-0.0384579
-0.04262869
-0.04661872
-0.05026488
-0.05391415
-0.05757772
-0.06075427
-0.06323318
-0.06505757
-0.06611114
-0.0660431
-0.06488099
-0.06328766
-0.06176256
-0.06021953
-0.0582661
-0.05601938
-0.05426647
-0.05361483
-0.05358626
-0.05353893
-0.05330364
-0.05274899
-0.05244652
-0.05351288
-0.05638884
-0.06029343
-0.06449171
-0.06901485
-0.07317345
-0.07643543
-0.07880673
-0.08063629
-0.08217491
-0.08351747
-0.08475638
-0.08584877
-0.08625934
-0.08552464
-0.08406271
-0.08254973
-0.08108764
-0.07948498
-0.07768309
-0.07599349
-0.07449124
-0.07311625
-0.07193686
-0.07084443
-0.06982276
-0.06900377
-0.0682181
-0.06684786
-0.06450979
-0.06192895
-0.05961878
-0.05701971
-0.05323843
-0.04794369
-0.04121097
-0.03370884
-0.02590755
-0.01717717
-0.007881769
-0.000872066
0.003160091
0.006053342
0.008403295
0.009473825
0.008762932
0.006403653
0.002733503
-0.002137426
-0.007776922
-0.01350287
-0.01904302
-0.02450364
-0.02958658
-0.03362634
-0.03663648
-0.0386767
-0.03944351
-0.03879717
-0.03679891
-0.03378387
-0.03009273
-0.02613336
-0.02190286
-0.01738422
-0.01279906
-0.007988819
-0.00269393
0.002994294
0.008515004
0.01330934
0.01666494
0.01839781
0.01878077
0.01806967
0.01650344
0.0141766
0.01115998
0.00738332
0.003250422
-0.0005460876
-0.003583153
-0.005013087
-0.004613945
-0.00312005
-0.001277934
0.0009002028
0.003860303
0.008088996
0.0131805
0.0189676
0.02520871
0.03135632
0.03693251
0.04158557
0.04439269
0.0446578
0.0431631
0.04138227
0.04017991
0.03943611
0.03876413
0.03843888
0.03844
0.03820102
0.03720536
0.03547868
0.03347707
0.03055513
0.02586601
0.01970845
0.01338567
0.007763934
0.00416031
0.003204448
0.003933116
0.005128018
0.006298075
0.007373237
0.008673268
0.01058856
0.01297178
0.01534469
0.01703463
0.01780515
0.01853278
0.01981186
0.0213326
0.02263667
0.02376052
0.02430283
0.02362828
0.02161621
0.01847106
0.01472935
0.01109114
0.008176369
0.00647767
0.006104332
0.006447945
0.006718552
0.006666982
0.006508184
0.006690285
0.007375519
0.008120962
0.007860703
0.006132017
0.003946729
0.001955422
-0.0002063512
-0.0029887
-0.006518558
-0.01110869
-0.01691964
-0.02348581
-0.02920469
-0.03294736
-0.03482135
-0.03516517
-0.03458901
-0.03351178
-0.03162803
-0.02845413
-0.02406287
-0.01892459
-0.01348299
-0.007573761
-0.002015423
0.002213894
0.004797506
0.00645201
0.007503607
0.007260031
0.005133896
0.001387975
-0.003115687
-0.007512594
-0.01134434
-0.01435333
-0.01654225
-0.01773169
-0.01782982
-0.01698134
-0.01537808
-0.01295819
-0.009776725
-0.005639372
-0.0004305936
0.005078932
0.01012302
0.01412585
0.01606358
0.01531116
0.01214971
0.007561044
0.001587577
-0.005507454
-0.01245818
-0.01788803
-0.02243794
-0.02701303
-0.03177994
-0.03624267
-0.04004646
-0.04327219
-0.04603944
-0.04796538
-0.04873076
-0.04841401
-0.0472683
-0.04590285
-0.0445369
-0.0426722
-0.03982825
-0.03664582
-0.03409236
-0.03257469
-0.03194964
-0.03208794
-0.03280625
-0.03382636
-0.03476598
-0.03525864
-0.03546606
-0.03570975
-0.03580407
-0.03553768
-0.0350433
-0.03442924
-0.03367224
-0.03257608
-0.0310536
-0.02899092
-0.02605762
-0.0218049
-0.0169046
-0.01287606
-0.01001446
-0.008082989
-0.007160834
-0.007332077
-0.008471392
-0.01057149
-0.0134121
-0.01679872
-0.02014326
-0.02289914
-0.02495936
-0.02627805
-0.02659793
-0.02584403
-0.02401713
-0.02116326
-0.01672964
-0.01083141
-0.004072507
0.003528365
0.01190168
0.02059296
0.02853334
0.03501797
0.03981842
0.04332845
0.04603827
0.04785668
0.04793569
0.04540806
0.040532
0.0342088
0.02745271
0.02130002
0.01540869
0.009985622
0.005738083
0.002606264
0.0007731525
0.0005493792
0.001714139
0.003535252
0.005487236
0.007061636
0.008100604
0.009025595
0.01060033
0.01282844
0.01526884
0.01798895
0.0210578
0.02402122
0.0263656
0.02785778
0.02874816
0.02916282
0.02898249
0.02823076
0.02745867
0.02723967
0.02774892
0.02853641
0.0292728
0.02967206
0.02921592
0.02806699
0.02607489
0.02340149
0.02086423
0.01913451
0.01803318
0.01691433
0.01564771
0.01450598
0.01384828
0.01409577
0.01498684
0.01534999
0.01424495
0.01150961
0.007495677
0.002652487
-0.002861992
-0.009824633
-0.01786217
-0.02549207
-0.0320582
-0.03783802
-0.04309483
-0.04772615
-0.0516645
-0.05500811
-0.0576753
-0.05959967
-0.0606525
-0.06070368
-0.06000305
-0.05853234
-0.05609402
-0.05226976
-0.04727974
-0.0418113
-0.03611535
-0.030252
-0.02434506
-0.0182647
-0.01171163
-0.004864342
0.002100655
0.009027544
0.01585036
0.02274088
0.02906739
0.03404267
0.03783329
0.04103667
0.04376914
0.04603076
0.04776552
0.04892015
0.04965638
0.05005929
0.05017924
0.05031876
0.05098384
0.05242223
0.05426267
0.05555323
0.05546567
0.05342047
0.04919572
0.04357665
0.03673467
0.02872734
0.01981584
0.01081499
0.003126585
-0.003387078
-0.008820385
-0.01250236
-0.01454019
-0.01550445
-0.01547508
-0.01457879
-0.01315947
-0.01185115
-0.01129372
-0.01153729
-0.01182489
-0.01154492
-0.01093534
-0.01103221
-0.01233268
-0.0141229
-0.01584553
-0.01767273
-0.01996849
-0.02276142
-0.0258077
-0.02830112
-0.02960125
-0.03002863
-0.02960692
-0.0279209
-0.02463946
-0.01953666
-0.01235574
-0.002475227
0.009795967
0.02239637
0.03413896
0.04541248
0.05683592
0.06656276
0.07337691
0.0797937
0.08703858
0.0932996
0.09720927
0.09949035
0.101706
0.1039697
0.105313
0.1048146
0.10233
0.09869491
0.0949778
0.09113651
0.08610082
0.07957981
0.07246405
0.06492625
0.05722087
0.0503059
0.04421872
0.03888423
0.03414844
0.02968559
0.02538512
0.0212677
0.0174765
0.01399687
0.01103813
0.008669835
0.006545743
0.004288106
0.001878133
-0.0004343493
-0.002735217
-0.005295119
-0.008382256
-0.01188668
-0.01522851
-0.01771116
-0.01909815
-0.02015381
-0.02176578
-0.02415537
-0.02675826
-0.02968407
-0.03329882
-0.0369307
-0.03971669
-0.04086349
-0.04025639
-0.03823072
-0.03455989
-0.028233
-0.01896734
-0.008101423
0.00289067
0.013424
0.0235707
0.03351002
0.04313349
0.05198922
0.05985558
0.06720206
0.07390383
0.07965049
0.08442479
0.08820825
0.09130738
0.09389032
0.09538502
0.09518923
0.0932647
0.09031492
0.08715011
0.0835988
0.07904205
0.07349405
0.06675509
0.06002281
0.05523978
0.05250424
0.0503883
0.04755434
0.04398547
0.0400903
0.03585891
0.03068319
0.02406425
0.01704495
0.009917321
0.00245292
-0.005163508
-0.01240104
-0.01972292
-0.02685684
-0.03338116
-0.03852287
-0.04217841
-0.04475775
-0.04568722
-0.04426459
-0.04077063
-0.03625216
-0.03160296
-0.02669198
-0.02085987
-0.01461583
-0.009040683
-0.00545832
-0.004732144
-0.006639414
-0.01021683
-0.01456759
-0.01957926
-0.0250322
-0.0296011
-0.03274875
-0.03457987
-0.03501413
-0.0339567
-0.03162229
-0.02773017
-0.02176648
-0.01387911
-0.005592916
0.001477636
0.007736877
0.01421937
0.02177171
0.02957262
0.03664965
0.04278003
0.04685776
0.04831609
0.04786643
0.04655627
0.04474501
0.04245045
0.03941496
0.03569635
0.03125212
0.02641345
0.02106933
0.01427968
0.00621849
-0.002131582
-0.009472999
-0.01578824
-0.02170824
-0.02729506
-0.03220893
-0.03614181
-0.03906077
-0.04102146
-0.0419701
-0.04192586
-0.04116502
-0.03974291
-0.03738617
-0.03419432
-0.03041774
-0.02577286
-0.02009595
-0.01364109
-0.007038035
-0.001311528
0.002826521
0.005366666
0.006965847
0.007837188
0.007212543
0.004479674
0.0003088725
-0.00403385
-0.008365774
-0.01310626
-0.01821797
-0.02269383
-0.02564685
-0.02725313
-0.0282514
-0.02901849
-0.02931047
-0.02900109
-0.02830847
-0.0273587
-0.02589507
-0.02398831
-0.02143249
-0.01778514
-0.01261346
-0.006140342
0.0006180886
0.007141057
0.01318802
0.01864983
0.02394604
0.0289398
0.0331101
0.03699844
0.04160218
0.04695822
0.05193063
0.05563688
0.05742355
0.0565942
0.0527537
0.04571721
0.03558278
0.02204356
0.006905268
-0.006920157
-0.01859974
-0.02908138
-0.03912807
-0.04828135
-0.05582504
-0.06174364
-0.06622628
-0.06968372
-0.07220776
-0.0734804
-0.07335609
-0.07198671
-0.06962311
-0.06602216
-0.06044381
-0.05312606
-0.0457347
-0.03987944
-0.03576355
-0.03254684
-0.0296041
-0.02738149
-0.02638897
-0.0256304
-0.02375525
-0.02071324
-0.01670561
-0.01132421
-0.004514718
0.002857928
0.01021411
0.01678534
0.02235295
0.02749797
0.03247899
0.03698094
0.04056649
0.04281651
0.04344255
0.04250527
0.04024991
0.03706224
0.03284433
0.02744919
0.02112064
0.0143064
0.007740939
0.001844373
-0.003625174
-0.008720473
-0.01307197
-0.01649965
-0.01889691
-0.02033531
-0.02106855
-0.02095724
-0.01969322
-0.01738916
-0.01465417
-0.0117259
-0.008930895
-0.006829915
-0.005469786
-0.00460105
-0.00466493
-0.00604875
-0.008379458
-0.01032284
-0.01131206
-0.01210977
-0.01341013
-0.01543988
-0.01810509
-0.02109695
-0.02435417
-0.02776085
-0.03109689
-0.03443682
-0.03796112
-0.0417134
-0.04566696
-0.04966595
-0.05337741
-0.05652272
-0.05899216
-0.0607912
-0.06231096
-0.06377716
-0.06457369
-0.06435186
-0.06423113
-0.06556068
-0.06855706
-0.07194917
-0.07448122
-0.07598516
-0.07643978
-0.07585174
-0.07443477
-0.07231005
-0.06965642
-0.06681657
-0.06449124
-0.06320726
-0.06277981
-0.0627913
-0.06294039
-0.0631761
-0.06328152
-0.06306645
-0.06279029
-0.06270008
-0.06231855
-0.06108295
-0.0591415
-0.05664901
-0.05303022
-0.04804257
-0.04223428
-0.03609107
-0.0296998
-0.0238811
-0.01918238
-0.01540116
-0.01254324
-0.01063497
-0.009292367
-0.008403253
-0.008283022
-0.008805728
-0.009833995
-0.01125891
-0.0130325
-0.0153046
-0.01796731
-0.02067826
-0.02319711
-0.02529941
-0.02704303
-0.02856349
-0.02975557
-0.03045265
-0.03068086
-0.03044833
-0.02989973
-0.02955712
-0.02951589
-0.02942096
-0.02893788
-0.02815159
-0.0272685
-0.02618336
-0.02455579
-0.02197222
-0.01846107
-0.01422754
-0.009522891
-0.004723953
-0.0001678374
0.004210405
0.008181154
0.01163828
0.01500472
0.0185639
0.02207199
0.02561301
0.02954024
0.03372855
0.03752967
0.04038253
0.04152705
0.04109829
0.04023738
0.03937245
0.03797344
0.03555249
0.03216463
0.02802807
0.02357115
0.01903374
0.01438585
0.009974032
0.006232077
0.003449085
0.001369026
-0.0005361659
-0.00266375
-0.00500452
-0.007133888
-0.008753559
-0.01003551
-0.01138892
-0.01283272
-0.01402248
-0.01479937
-0.01530305
-0.0158242
-0.01621032
-0.01625013
-0.01626995
-0.01689505
-0.01799822
-0.01867955
-0.0183523
-0.01710618
-0.0156264
-0.01486476
-0.01532189
-0.01672561
-0.01825876
-0.01936369
-0.02067835
-0.02292244
-0.0259434
-0.02924301
-0.03235084
-0.03463539
-0.0357659
-0.03581027
-0.03503685
-0.03348359
-0.03126516
-0.02877756
-0.02636623
-0.02389925
-0.02113304
-0.01810024
-0.01439156
-0.01007276
-0.005536024
-0.00107936
0.002960411
0.005933276
0.007666315
0.00894559
0.01068822
0.01318936
0.0163108
0.01977003
0.02366269
0.02819684
0.0334733
0.03966446
0.04663655
0.05366421
0.0600247
0.06541217
0.07019762
0.07461885
0.07837181
0.08096335
0.08231264
0.08281285
0.08266361
0.08183004
0.08004993
0.07728728
0.0739135
0.07039318
0.06663186
0.06270392
0.05888212
0.05517093
0.05088513
0.0456485
0.04009347
0.03507105
0.03078874
0.02695841
0.02329227
0.0201328
0.01780529
0.01613221
0.01523356
0.01501916
0.01506795
0.01494503
0.01470321
0.01434493
0.01365265
0.01238481
0.01048573
0.007985493
0.00457496
0.00018387
-0.004889896
-0.01089268
-0.01792565
-0.02435976
-0.02875886
-0.03166842
-0.03471556
-0.03854024
-0.04224296
-0.04441227
-0.04486491
-0.04441615
-0.04383702
-0.04342138
-0.04281203
-0.04192217
-0.0410152
-0.0398439
-0.03797199
-0.03528925
-0.03180445
-0.02763557
-0.02318702
-0.01905517
-0.01565723
-0.0128219
-0.0101761
-0.007747389
-0.006119318
-0.005547126
-0.005529011
-0.005335135
-0.004825754
-0.004335643
-0.004351287
-0.004720431
-0.005100356
-0.005153761
-0.004795305
-0.004312845
-0.003632705
-0.002770462
-0.00198112
-0.001192536
-0.0001870286
0.0009893134
0.002006238
0.002531627
0.002503673
0.002211308
0.002085482
0.002179415
0.002353742
0.00252011
0.002499751
0.002027559
0.001001666
-0.0003992249
-0.001593328
-0.002054119
-0.001854876
-0.001205759
-9.625613e-05
0.001377658
0.003136322
0.005221223
0.007440713
0.00914341
0.009751286
0.00894037
0.006812595
0.00412549
0.001278793
-0.001602067
-0.004409246
-0.006730594
-0.008187599
-0.009046568
-0.01032722
-0.01234423
-0.0144551
-0.01613324
-0.01718255
-0.01778498
-0.01815861
-0.01832373
-0.01812586
-0.01767747
-0.0170673
-0.01614101
-0.01457121
-0.01231461
-0.009643684
-0.006888132
-0.004144844
-0.001323242
0.00163648
0.004651018
0.007595417
0.01045293
0.01313448
0.01549452
0.01740837
0.01925681
0.02150183
0.02358086
0.02457432
0.02428429
0.02329445
0.02247612
0.02205261
0.02183702
0.02158905
0.02094225
0.01975932
0.01836082
0.01704996
0.01550811
0.01373222
0.01182323
0.009543286
0.007162783
0.005237299
0.003920941
0.00302031
0.002543328
0.002524129
0.002902266
0.00366828
0.004755392
0.005982302
0.007486333
0.009536031
0.01202285
0.01422828
0.01589588
0.01705991
0.01740093
0.01672427
0.01532052
0.01378905
0.01259529
0.01183509
0.01111367
0.01034383
0.009841049
0.009801544
0.01018486
0.01091066
0.0116621
0.0122291
0.01283857
0.01379613
0.0153207
0.01736623
0.01948334
0.02180437
0.02460917
0.02728174
0.02948354
0.03139544
0.03341574
0.03584821
0.03863898
0.04125543
0.04310866
0.04380669
0.04338851
0.04197726
0.03986813
0.03751645
0.03476188
0.03092329
0.02609535
0.02104154
0.01640421
0.01279828
0.009505317
0.005190996
-0.00035259
-0.006522332
-0.01200194
-0.01565144
-0.01803926
-0.02079792
-0.02469805
-0.02929282
-0.03360312
-0.03707897
-0.03992261
-0.04233915
-0.04393198
-0.04414161
-0.04301488
-0.04088837
-0.03763764
-0.03294864
-0.02755771
-0.02241266
-0.01758799
-0.01276557
-0.007768374
-0.0024234
0.003628418
0.009553803
0.01388674
0.01598583
0.01624292
0.01553102
0.01428219
0.01251633
0.009929766
0.006420406
0.002350333
-0.001724284
-0.005168415
-0.007888185
-0.01001956
-0.01163575
-0.01254242
-0.01273143
-0.01234604
-0.0113038
-0.009651457
-0.007420996
-0.004544383
-0.001171688
0.002357193
0.005114975
0.006456248
0.006238992
0.00461442
0.002114127
-0.0006013681
-0.003537863
-0.007014733
-0.01050005
-0.01324773
-0.01561871
-0.01777697
-0.0192729
-0.0198989
-0.01990214
-0.01946659
-0.01836508
-0.01690591
-0.01528317
-0.01325977
-0.01083801
-0.00842578
-0.005991495
-0.003327811
-0.0007931038
0.001125008
0.002516298
0.003950106
0.005610177
0.006819469
0.006964521
0.00569844
0.0032501
0.0004406545
-0.002470155
-0.005339976
-0.007644239
-0.009252967
-0.01060318
-0.01214818
-0.01429052
-0.01701239
-0.01963315
-0.02159985
-0.02333312
-0.02522206
-0.02741081
-0.02954799
-0.03092103
-0.03152861
-0.03186885
-0.03222085
-0.03235667
-0.03227631
-0.03230364
-0.03222694
-0.03150374
-0.02976115
-0.02781295
-0.02707389
-0.02786101
-0.02901667
-0.02951249
-0.02957784
-0.03009116
-0.03133938
-0.03266443
-0.03346049
-0.03396403
-0.03448936
-0.03491677
-0.03520885
-0.03557731
-0.03634992
-0.03727528
-0.03730121
-0.03611257
-0.03464788
-0.03395726
-0.03407527
-0.03420186
-0.03375008
-0.03269601
-0.03129958
-0.02985413
-0.02839086
-0.02636943
-0.02372049
-0.02116855
-0.01909916
-0.01723139
-0.0152514
-0.01293995
-0.01039265
-0.007800735
-0.004708152
-0.0007210188
0.004045131
0.008927613
0.01342974
0.01778446
0.02217366
0.02584843
0.02827909
0.02978411
0.03099596
0.03193109
0.03230266
0.03219588
0.03184627
0.03174738
0.03210217
0.03268545
0.03325902
0.0335523
0.03354537
0.03336845
0.03335659
0.03377624
0.03476434
0.0364126
0.0385218
0.04096334
0.04401136
0.04740559
0.05019006
0.05187452
0.05268754
0.0531448
0.05342201
0.0533774
0.05288951
0.05225635
0.05153582
0.05045571
0.04938713
0.04897772
0.04937815
0.05019146
0.05076812
0.05059986
0.04973075
0.04864447
0.047837
0.04727924
0.04689427
0.04666567
0.04669783
0.04718171
0.04822698
0.04948777
0.0499198
0.04907106
0.04784991
0.04754791
0.04845775
0.04942543
0.04938058
0.04845398
0.04755363
0.04710452
0.04715724
0.04789093
0.04828509
0.04735427
0.0452735
0.04240993
0.03905966
0.03507452
0.03074584
0.02663454
0.02312045
0.02020657
0.01728179
0.01409338
0.01126135
0.009335128
0.007913369
0.006187136
0.003991549
0.001724734
-0.0004190616
-0.002652538
-0.004883691
-0.007038084
-0.009171178
-0.01084825
-0.01135789
-0.01074306
-0.009967965
-0.009810071
-0.01015067
-0.0103651
-0.01027493
-0.01019262
-0.01055737
-0.01126492
-0.01143959
-0.01071549
-0.009792735
-0.009164564
-0.008559692
-0.007735238
-0.006849862
-0.006267158
-0.006367761
-0.007509269
-0.009658308
-0.01241071
-0.0152691
-0.01787121
-0.02004571
-0.02186051
-0.02354221
-0.02517646
-0.02672207
-0.02831618
-0.02975349
-0.03080353
-0.03134304
-0.03147883
-0.03177183
-0.03240914
-0.03306551
-0.03350685
-0.03359897
-0.03324164
-0.03260548
-0.03204334
-0.03213801
-0.03301087
-0.03394273
-0.03483878
-0.03629915
-0.03874528
-0.04168418
-0.04402092
-0.04536895
-0.04642579
-0.04786793
-0.04916012
-0.04956654
-0.04932447
-0.0491159
-0.04916358
-0.04907945
-0.04841641
-0.04679486
-0.04424926
-0.0411752
-0.0381733
-0.03590505
-0.03433015
-0.03253828
-0.02973866
-0.02611976
-0.02289216
-0.021082
-0.02041471
-0.01983217
-0.01867633
-0.01716302
-0.01607122
-0.01578843
-0.01618714
-0.01680518
-0.01687983
-0.01610512
-0.0149386
-0.01383489
-0.0128697
-0.01186707
-0.01092118
-0.01016142
-0.008900746
-0.006487352
-0.003677815
-0.002246714
-0.002967848
-0.005134577
-0.007835295
-0.0109322
-0.01434493
-0.01780181
-0.02178873
-0.02669233
-0.03174437
-0.0354556
-0.03707478
-0.03775053
-0.03878462
-0.04006957
-0.04046462
-0.03946874
-0.03771508
-0.03584917
-0.03381765
-0.03138514
-0.02855818
-0.02516381
-0.02086825
-0.01590964
-0.01134723
-0.007961726
-0.005293698
-0.002857535
-0.0003983703
0.001928889
0.003482043
0.003893451
0.003250503
0.001703533
-0.0003353296
-0.002556386
-0.005083084
-0.007926689
-0.01035227
-0.01177201
-0.01267593
-0.01378026
-0.01499938
-0.01599034
-0.01674123
-0.0172855
-0.01773541
-0.01786726
-0.01752658
-0.01718619
-0.01731132
-0.01756803
-0.0176111
-0.01756017
-0.01749589
-0.01740639
-0.01725689
-0.01715856
-0.01757392
-0.01856941
-0.0190615
-0.01816873
-0.01635375
-0.01460903
-0.0130561
-0.01110254
-0.008333137
-0.004738564
-0.0009722851
0.001842898
0.003741875
0.005263546
0.006113201
0.005742274
0.004945226
0.005273865
0.006914146
0.00891071
0.01072334
0.01271952
0.0151596
0.01769256
0.01983562
0.02141624
0.02276012
0.02426006
0.02598469
0.02790488
0.02981677
0.03179786
0.03405652
0.03653468
0.0391496
0.04170519
0.04374864
0.04451187
0.04429608
0.04459979
0.04592259
0.04730751
0.04788642
0.04770568
0.04710854
0.04652953
0.04592445
0.0449505
0.04338854
0.04142347
0.03948044
0.03775892
0.0365264
0.03616961
0.03700069
0.03869795
0.04061974
0.04216271
0.04323266
0.04434935
0.04589559
0.04793243
0.05024135
0.05230739
0.05406419
0.05606268
0.05860982
0.06125274
0.06346249
0.06517392
0.06632193
0.0667829
0.06623607
0.06455741
0.06200996
0.05914538
0.05631474
0.05369888
0.05153253
0.04984338
0.04818995
0.04640561
0.04470501
0.04324662
0.04190483
0.04046136
0.03894322
0.0374309
0.03599275
0.03465415
0.03334354
0.03209588
0.03124365
0.03084042
0.03020204
0.02868421
0.0266107
0.02486169
0.02386984
0.02318122
0.0221859
0.02066176
0.01905842
0.01767355
0.01641411
0.01555922
0.01494553
0.01412594
0.01287131
0.01162032
0.01077707
0.01031412
0.01032797
0.01067886
0.01066486
0.009672159
0.007860006
0.005766678
0.004266252
0.003709896
0.003376194
0.002337563
0.0005339498
-0.001556329
-0.003564295
-0.005133679
-0.006218115
-0.0070458
-0.0079092
-0.008875835
-0.009707832
-0.01061274
-0.01192934
-0.01329662
-0.01443314
-0.01544656
-0.01652009
-0.01816324
-0.02072852
-0.02318991
-0.02436381
-0.02451223
-0.02453765
-0.02483371
-0.02496213
-0.02468898
-0.0239325
-0.02271001
-0.02095712
-0.01862991
-0.01631559
-0.01458209
-0.01334575
-0.01233489
-0.01146397
-0.01065922
-0.00990988
-0.009426775
-0.009285711
-0.009409041
-0.009924751
-0.01106872
-0.01264422
-0.01406291
-0.01520711
-0.01609447
-0.01680931
-0.01735659
-0.01776511
-0.01782294
-0.01743374
-0.01710885
-0.0172924
-0.01796716
-0.01875208
-0.01944351
-0.02004459
-0.02042118
-0.02012268
-0.01913688
-0.01788234
-0.01659994
-0.01536545
-0.0140551
-0.01276286
-0.01154348
-0.01009772
-0.008024471
-0.005394196
-0.002551445
0.0004349351
0.003763247
0.007173793
0.01026123
0.01303406
0.01589314
0.01913565
0.02225584
0.02454767
0.02587682
0.02643503
0.02637897
0.02570442
0.02475819
0.02351899
0.02167839
0.01924453
0.01670684
0.01428843
0.01201638
0.009966473
0.008175194
0.006866702
0.006171757
0.005787144
0.005411084
0.004903565
0.004383084
0.004343968
0.005270622
0.006820483
0.008533636
0.009941913
0.01098848
0.01196093
0.01318088
0.01472916
0.01649226
0.01814917
0.01948707
0.02031654
0.02067875
0.02088379
0.02108167
0.02110467
0.02042733
0.01895207
0.01680351
0.01453423
0.01308074
0.01240129
0.01159958
0.009859538
0.007331987
0.004495568
0.001847133
-0.0004918065
-0.002421211
-0.00385534
-0.004985333
-0.005874575
-0.006117112
-0.005181466
-0.003061749
-0.0001540178
0.002805189
0.005793816
0.008954063
0.01136455
0.01286928
0.01435786
0.01610061
0.01707377
0.01682161
0.01613191
0.01615033
0.01710568
0.01812476
0.01850421
0.01828045
0.01788245
0.0177296
0.01798169
0.01870688
0.01992316
0.02124074
0.02225547
0.0226771
0.02267364
0.02250745
0.02211977
0.0213785
0.02015923
0.01853353
0.01684045
0.01558029
0.01457888
0.01333947
0.01154634
0.009340374
0.007024412
0.004579759
0.001998013
-0.0002638574
-0.001811696
-0.002800657
-0.00330857
-0.003175951
-0.002724069
-0.002273218
-0.001849369
-0.001750832
-0.001942727
-0.002200411
-0.002699907
-0.003317492
-0.00356726
-0.003297798
-0.002669813
-0.001601256
0.0003079293
0.00284435
0.005757946
0.009184971
0.01210576
0.01348688
0.01394508
0.01444367
0.01518551
0.01532283
0.01426957
0.01244865
0.01075646
0.009152003
0.00730412
0.005300074
0.003324484
0.001587949
0.0001302322
-0.0009230928
-0.00172074
-0.002570221
-0.003437601
-0.004130299
-0.004385492
-0.004468543
-0.005049208
-0.006130968
-0.006766963
-0.006167236
-0.00487402
-0.004085235
-0.004080679
-0.004155487
-0.00381821
-0.003230513
-0.002738689
-0.002042169
-0.0008495741
0.000699526
0.002075384
0.003071733
0.004056264
0.005478891
0.00707699
0.008184133
0.00849042
0.008239078
0.007723822
0.007107028
0.006192425
0.0047655
0.002983947
0.0009673662
-0.0009828789
-0.002707759
-0.004486427
-0.00652989
-0.008683529
-0.01054663
-0.01175147
-0.01232713
-0.01262551
-0.01296098
-0.0134307
-0.01401274
-0.01469769
-0.01527598
-0.01558835
-0.01594841
-0.01667511
-0.01746725
-0.01820115
-0.01886595
-0.01928752
-0.01893901
-0.01765356
-0.01581092
-0.0138571
-0.01181343
-0.009466644
-0.006805296
-0.003690999
-0.0006729188
0.001588997
0.002948845
0.003719988
0.004228579
0.004420773
0.003857134
0.002323823
0.0004240132
-0.001099809
-0.002407656
-0.004049445
-0.005885853
-0.007566121
-0.008697012
-0.009243207
-0.00953815
-0.009986877
-0.01045956
-0.01024084
-0.009368429
-0.008661789
-0.008963725
-0.01021961
-0.01145125
-0.01193032
-0.01238255
-0.01359439
-0.01551893
-0.01752317
-0.01919295
-0.02071984
-0.02242279
-0.02411541
-0.02522014
-0.02558701
-0.02550555
-0.02501957
-0.02417907
-0.02280893
-0.02096597
-0.0185804
-0.0157281
-0.01281203
-0.01048265
-0.008886741
-0.007259141
-0.005026911
-0.003368172
-0.003358676
-0.004725941
-0.006689223
-0.009016682
-0.01207316
-0.01606068
-0.02066072
-0.024715
-0.02753469
-0.0294175
-0.0310667
-0.03269089
-0.03382624
-0.03432169
-0.03426042
-0.03380474
-0.03309689
-0.03194155
-0.03052927
-0.02927439
-0.02817934
-0.02687447
-0.02507157
-0.02274301
-0.02025218
-0.01807555
-0.01614431
-0.0138582
-0.01103687
-0.008308113
-0.006215155
-0.004531341
-0.002760817
-0.0009468943
0.0006821143
0.002118822
0.003229406
0.004000985
0.004698824
0.005543579
0.006497819
0.007348798
0.008031562
0.008495356
0.008438458
0.007745331
0.006707434
0.005999419
0.00590683
0.006227624
0.006947896
0.008201186
0.009910112
0.01186494
0.01373742
0.01556324
0.01742494
0.01928994
0.02113281
0.02256148
0.02336299
0.02345489
0.02297678
0.02240089
0.02173482
0.02083688
0.02021002
0.02007506
0.02012919
0.02030798
0.0211191
0.02278608
0.02444521
0.02539981
0.0261929
0.02757134
0.0294269
0.03136552
0.03337246
0.03528439
0.03704875
0.03863829
0.03980074
0.04048028
0.04092915
0.04127691
0.04161724
0.04180675
0.0417184
0.04141851
0.0409172
0.0403655
0.03987657
0.0392814
0.03815296
0.03671275
0.03583016
0.03588696
0.03631304
0.0364296
0.03591737
0.03513094
0.03416932
0.03281321
0.03125779
0.02954407
0.02737387
0.02471157
0.02158359
0.0177768
0.01331272
0.008247626
0.002789418
-0.002689393
-0.007959785
-0.0126017
-0.01585149
-0.01777477
-0.01905123
-0.02001509
-0.02020074
-0.01939227
-0.01778501
-0.01546151
-0.0125469
-0.009758881
-0.007194673
-0.004436406
-0.001755045
0.0002052825
0.00128402
0.001628924
0.001226472
0.0003351146
-0.0006475323
-0.001692566
-0.002947823
-0.004362617
-0.005516098
-0.00641585
-0.007331896
-0.008177396
-0.008841509
-0.009197007
-0.009337894
-0.009361358
-0.009238816
-0.008755009
-0.008106555
-0.007613162
-0.007235245
-0.006585418
-0.005640796
-0.004352144
-0.002416854
-0.0003812382
0.0008566223
0.001300594
0.001131678
0.0001549969
-0.001700051
-0.003804322
-0.005547307
-0.006832898
-0.00782429
-0.008620021
-0.009243506
-0.009735
-0.009966552
-0.009668155
-0.008737091
-0.007759443
-0.007410802
-0.007627542
-0.007415455
-0.006328595
-0.004729795
-0.00321694
-0.002085179
-0.001104955
-0.0001636127
0.0005187617
0.0008863865
0.0007838379
-1.32074e-05
-0.001421758
-0.003288355
-0.005372612
-0.0071689
-0.008798473
-0.01053615
-0.012337
-0.01378611
-0.01466093
-0.01542261
-0.01624967
-0.01635156
-0.01520298
-0.01340976
-0.011928
-0.01107674
-0.01039914
-0.009552016
-0.008530506
-0.007475864
-0.006847958
-0.00667273
-0.006775803
-0.00727943
-0.00845348
-0.01020427
-0.01221676
-0.01421599
-0.01598919
-0.0174232
-0.01853218
-0.01947642
-0.01947728
-0.01857558
-0.01825314
-0.0189747
-0.01996085
-0.02023449
-0.01973274
-0.01891314
-0.01796819
-0.01689497
-0.01565611
-0.01411001
-0.0123941
-0.01091722
-0.01001044
-0.009684653
-0.009520802
-0.009254135
-0.008949299
-0.008759201
-0.00887613
-0.009238984
-0.00975312
-0.01033577
-0.01078312
-0.01106367
-0.01118307
-0.01095967
-0.01026577
-0.009193023
-0.007725838
-0.005829942
-0.003288135
-8.387124e-05
0.003476802
0.007005518
0.01040433
0.01372757
0.01671496
0.01908343
0.02068195
0.02151775
0.02155603
0.02081153
0.01957824
0.01828707
0.01713673
0.01601412
0.01486182
0.01400547
0.01361235
0.01346911
0.01357895
0.01440423
0.01583783
0.01711923
0.01780607
0.01823102
0.0190274
0.02043546
0.02206625
0.02307657
0.02283273
0.02130945
0.01896258
0.01597432
0.01252611
0.008947403
0.004830943
8.411752e-05
-0.004699428
-0.009153412
-0.013132
-0.01620159
-0.01817781
-0.01969787
-0.0212591
-0.02263686
-0.0232133
-0.02261896
-0.02074816
-0.01786034
-0.01441126
-0.01074889
-0.007196227
-0.003905983
-0.0008923855
0.001900138
0.00430219
0.006427652
0.008257599
0.009621682
0.0105103
0.0107862
0.01037102
0.009488423
0.00815885
0.006224751
0.003894084
0.001742239
-0.0003765967
-0.002564483
-0.004382437
-0.005293739
-0.005333214
-0.00493551
-0.004522884
-0.004532485
-0.004996739
-0.005683271
-0.006435382
-0.00744676
-0.008733377
-0.01043313
-0.01233678
-0.01385323
-0.01489881
-0.01576355
-0.01640632
-0.01704887
-0.01795383
-0.01883141
-0.0194286
-0.01962925
-0.01928996
-0.01830375
-0.01698064
-0.01523068
-0.01301232
-0.01061208
-0.008369999
-0.006491854
-0.004929764
-0.003772995
-0.002891044
-0.002397668
-0.002758106
-0.004224273
-0.006495142
-0.009045898
-0.011608
-0.0139809
-0.01614548
-0.01815755
-0.01991216
-0.02157361
-0.02323038
-0.02464927
-0.02581953
-0.02666229
-0.0269522
-0.02664249
-0.02578907
-0.02437
-0.02278517
-0.02163996
-0.02104027
-0.02050459
-0.01960507
-0.0183826
-0.01741841
-0.01716134
-0.01759636
-0.01840527
-0.01934109
-0.02011904
-0.02086503
-0.02171035
-0.02233247
-0.02289783
-0.02374456
-0.02454161
-0.0251314
-0.02532179
-0.0251321
-0.02471876
-0.02433183
-0.02437456
-0.02443781
-0.0237573
-0.02230396
-0.02038728
-0.01871883
-0.01808865
-0.01830681
-0.01911619
-0.02011864
-0.02111611
-0.02216425
-0.0231557
-0.02415224
-0.02508925
-0.02581023
-0.02646816
-0.02718104
-0.0280737
-0.02882206
-0.02877385
-0.02794598
-0.02667071
-0.02511791
-0.02323021
-0.02079276
-0.01817687
-0.01599944
-0.01422829
-0.01263637
-0.01107221
-0.009531078
-0.008189383
-0.006977454
-0.005615277
-0.004123228
-0.002657933
-0.00127564
0.0003268868
0.002277554
0.004267303
0.005883763
0.007057087
0.008153659
0.009169542
0.01013009
0.01108513
0.0118398
0.01226358
0.01248375
0.01254716
0.01206821
0.01093004
0.00910758
0.006817114
0.004192565
0.001186756
-0.001857877
-0.00462235
-0.007169792
-0.009322471
-0.01084246
-0.01189152
-0.01298713
-0.0141301
-0.01485108
-0.01507338
-0.01505103
-0.01489372
-0.01446459
-0.01358433
-0.0120398
-0.009977564
-0.007916634
-0.005872624
-0.003454448
-0.0006017603
0.00208367
0.004101279
0.005468808
0.006638158
0.007900081
0.009255697
0.01059351
0.01183118
0.01279383
0.01326679
0.01332381
0.01308148
0.01247484
0.01148766
0.01044464
0.009498658
0.008406296
0.007279898
0.006363644
0.005786213
0.005569212
0.005642947
0.005471309
0.004782206
0.003933202
0.00359344
0.00390593
0.004040223
0.00318978
0.001363663
-0.0007599293
-0.002603038
-0.004050503
-0.005378836
-0.0069571
-0.008692018
-0.01028644
-0.01183411
-0.01361076
-0.01549405
-0.01693279
-0.01780843
-0.01851461
-0.01922309
-0.01993818
-0.02048046
-0.02083177
-0.02122666
-0.02160273
-0.02160644
-0.02111074
-0.02040291
-0.01961626
-0.01881762
-0.01790011
-0.01696258
-0.01611605
-0.01513065
-0.0138305
-0.01260804
-0.01180192
-0.01129876
-0.01059811
-0.009571753
-0.008651759
-0.007898949
-0.006967753
-0.00625912
-0.006306622
-0.007153004
-0.008080992
-0.008750881
-0.009416387
-0.01030029
-0.0113132
-0.01235418
-0.01355968
-0.0149713
-0.01650463
-0.01780409
-0.0189772
-0.02025781
-0.02174396
-0.0232943
-0.02469284
-0.02588663
-0.02690703
-0.02760459
-0.02779465
-0.02751322
-0.0268217
-0.02572877
-0.02435248
-0.02279028
-0.02127468
-0.01995581
-0.01884526
-0.01805318
-0.01750742
-0.01689797
-0.0160155
-0.01512277
-0.0149261
-0.01533335
-0.01583739
-0.01608921
-0.01615072
-0.01661557
-0.01761749
-0.01859248
-0.01881461
-0.0184255
-0.017648
-0.01657121
-0.01545718
-0.01418097
-0.01252976
-0.01055632
-0.008444454
-0.006363177
-0.004391584
-0.002301428
-0.0002029896
0.001631231
0.002800284
0.003324254
0.003902996
0.005272227
0.007096809
0.008309607
0.008393694
0.007722337
0.006973667
0.00643502
0.00621404
0.006219498
0.006271639
0.006479641
0.006825355
0.007254578
0.00783441
0.008584284
0.00945564
0.01026815
0.0108618
0.01165718
0.01310629
0.01458941
0.01529203
0.0150171
0.01423551
0.01374647
0.01369717
0.01355902
0.01313186
0.01272466
0.01277705
0.01333001
0.01398545
0.01470617
0.01572871
0.01679289
0.01747242
0.01787108
0.01838981
0.01905751
0.01939201
0.01958165
0.01993018
0.02041134
0.02103641
0.02200842
0.02313256
0.02397069
0.02455722
0.02519822
0.02590021
0.02656589
0.02702344
0.0270276
0.02637471
0.02529487
0.02406963
0.02292723
0.02179021
0.02023862
0.01829835
0.016573
0.01550611
0.01521413
0.01525968
0.01520227
0.01519228
0.01574696
0.01715497
0.01898685
0.02048998
0.02163654
0.02268196
0.02374692
0.02482216
0.02547291
0.0251776
0.0239004
0.0222545
0.02097089
0.02004013
0.01914189
0.01810539
0.01718084
0.01664964
0.01623426
0.01583991
0.01573291
0.01592065
0.01624251
0.0166195
0.01722013
0.01800623
0.01863633
0.01886033
0.01904319
0.01932015
0.01913594
0.01820492
0.01727593
0.01725617
0.01818552
0.01911778
0.01938219
0.01895096
0.01822765
0.0177092
0.01742624
0.01715071
0.01691274
0.0169817
0.01722691
0.01732499
0.01734631
0.01751734
0.01781073
0.01815466
0.01850774
0.01874166
0.01897781
0.01922007
0.01943816
0.01976631
0.02026987
0.02069223
0.02095131
0.02110113
0.02123045
0.02127442
0.02092659
0.02019397
0.01929843
0.01863441
0.01831555
0.0181283
0.01795883
0.01780987
0.01785897
0.01827352
0.01890503
0.01930481
0.01924141
0.0188426
0.0180692
0.01691794
0.01554219
0.01380622
0.01160209
0.009429343
0.0073526
0.004997425
0.002297198
-0.0004636691
-0.00275104
-0.004560399
-0.005930615
-0.006960661
-0.007879856
-0.008632179
-0.00902059
-0.009039904
-0.008862745
-0.008617705
-0.008308954
-0.007810267
-0.007223574
-0.006675688
-0.006379664
-0.006532894
-0.006906729
-0.007144096
-0.00703288
-0.006665852
-0.006242127
-0.006127295
-0.006766343
-0.007843729
-0.008300855
-0.007883614
-0.007349841
-0.007146836
-0.006981801
-0.006571842
-0.005982668
-0.005529157
-0.005391463
-0.005442527
-0.005568069
-0.005821307
-0.006349765
-0.007050606
-0.007835849
-0.008851569
-0.01014
-0.01140549
-0.01219534
-0.01250682
-0.01285248
-0.01338971
-0.01334957
-0.01223812
-0.01039147
-0.008654047
-0.00728784
-0.005686078
-0.003694369
-0.001631246
0.0005707698
0.003036427
0.005536169
0.008051694
0.01024761
0.01171794
0.0126463
0.01308826
0.01278985
0.01196287
0.01083599
0.009648671
0.008832147
0.00840497
0.007559103
0.005858016
0.00388629
0.002448288
0.001680776
0.001117014
0.0005445975
0.0003145947
0.0003455028
0.0004998563
0.0006807473
0.0009696187
0.00142657
0.001918807
0.002312994
0.002610431
0.002848284
0.002985515
0.003058999
0.003190151
0.003348291
0.003609235
0.004104228
0.004717484
0.005327509
0.005610095
0.005448282
0.00511118
0.004724161
0.004313875
0.00376844
0.003296222
0.003185686
0.003295842
0.003289945
0.002880299
0.002034931
0.0008961351
-0.0005407107
-0.001952656
-0.003218894
-0.004167477
-0.004977326
-0.005570092
-0.005838486
-0.005813971
-0.005544207
-0.004957533
-0.004303121
-0.003398529
-0.001873449
2.906795e-05
0.001965218
0.003908126
0.005861595
0.007323861
0.00821366
0.00898271
0.00987778
0.0105809
0.0109044
0.01084756
0.01057721
0.01018117
0.009375705
0.007923692
0.006110536
0.004501811
0.003195827
0.002059275
0.001060917
0.0001975132
-0.0008063144
-0.001680079
-0.002009856
-0.001944949
-0.001790671
-0.001779868
-0.001999342
-0.001789529
-0.0003218878
0.002387722
0.005329663
0.007637405
0.009393429
0.0112537
0.01353882
0.01614407
0.01848271
0.02023003
0.02120005
0.02142616
0.0211088
0.02061211
0.02014147
0.01962749
0.01882422
0.0176056
0.01614528
0.01456312
0.01294968
0.0115094
0.010078
0.008439742
0.007150918
0.006398231
0.005284652
0.003677338
0.002340332
0.001756525
0.001692009
0.001539756
0.001200637
0.0008172232
0.0004637325
0.0001001762
-0.0002928508
-0.0006873807
-0.001063108
-0.001560967
-0.002071377
-0.002207096
-0.001914203
-0.001520869
-0.001359575
-0.001460421
-0.001583235
-0.001682647
-0.001786128
-0.001810249
-0.001523263
-0.0007690203
0.0002976265
0.001259607
0.00191539
0.002362256
0.002759969
0.003156394
0.003522156
0.003989456
0.00454361
0.004994086
0.005148092
0.005110135
0.005169411
0.005310456
0.005281179
0.00511031
0.004899112
0.004749039
0.004760314
0.005172989
0.006126532
0.007371281
0.008395516
0.009097431
0.009793176
0.0109125
0.01248621
0.01427488
0.0159118
0.01721521
0.01807611
0.01848236
0.01846045
0.01809021
0.01744406
0.0160985
0.01425684
0.01238464
0.01063405
0.00897947
0.007313716
0.005702708
0.004354124
0.00341315
0.002353874
0.0008030067
-0.0007471419
-0.001344924
-0.0007869824
-0.0001051951
-0.0001910298
-0.0009073042
-0.001606051
-0.001934344
-0.00190086
-0.001700519
-0.001630562
-0.001678509
-0.001716939
-0.00168084
-0.001150499
-0.000285155
0.0003709886
0.0008414064
0.001167728
0.00166774
0.002559719
0.003400359
0.003451787
0.002892889
0.002452069
0.002689724
0.003254922
0.003506177
0.003175326
0.002310404
0.001223858
-6.173121e-05
-0.001358615
-0.002652269
-0.004167023
-0.005797926
-0.007577972
-0.009707601
-0.01185014
-0.01378426
-0.01558968
-0.01716905
-0.01871629
-0.02036587
-0.02167514
-0.02254142
-0.02333722
-0.02425009
-0.02509673
-0.02572379
-0.02599284
-0.02578289
-0.02519496
-0.0245633
-0.02399967
-0.02335808
-0.02252056
-0.02167782
-0.02124121
-0.02123955
-0.02116282
-0.02092496
-0.02074184
-0.02046795
-0.02010863
-0.02014495
-0.02059058
-0.0209732
-0.0208602
-0.02038264
-0.01984207
-0.01937959
-0.01919558
-0.01926772
-0.01904508
-0.01820244
-0.01742392
-0.01737478
-0.01779203
-0.01800561
-0.01757239
-0.01664372
-0.0156974
-0.01489232
-0.01431809
-0.01377842
-0.01324807
-0.01249017
-0.01127934
-0.009948786
-0.009182132
-0.008951778
-0.008870643
-0.008813271
-0.008898875
-0.009252548
-0.009869181
-0.01061777
-0.01171891
-0.01325898
-0.01457359
-0.01533489
-0.01593278
-0.01659336
-0.01720993
-0.01813588
-0.01936752
-0.02001956
-0.01990469
-0.01968977
-0.01964391
-0.01936111
-0.01887794
-0.01837896
-0.01766658
-0.01695676
-0.01670191
-0.01694359
-0.01709901
-0.01679557
-0.01638051
-0.01651082
-0.01712408
-0.01762799
-0.01799918
-0.01836266
-0.01850015
-0.01841638
-0.01849913
-0.01889214
-0.01926115
-0.01947324
-0.01957826
-0.01952616
-0.01916505
-0.01868477
-0.01848811
-0.01856894
-0.0184637
-0.01812654
-0.01789303
-0.01791882
-0.01788908
-0.01756745
-0.0170145
-0.01644392
-0.01586473
-0.01502698
-0.01398436
-0.01283333
-0.01202288
-0.01150862
-0.01096775
-0.01008399
-0.008875187
-0.007668875
-0.006720899
-0.006211975
-0.005731673
-0.004963744
-0.004150869
-0.003585392
-0.003212253
-0.002729894
-0.002045143
-0.001156298
-0.0002473281
0.0003835368
0.001068894
0.002006217
0.002885276
0.003648266
0.004518159
0.005579877
0.006762776
0.008140648
0.009666198
0.01107722
0.01240827
0.01391135
0.01559066
0.01720753
0.01864826
0.01998205
0.02134417
0.02263181
0.02367037
0.02467795
0.02588513
0.02721115
0.02833121
0.02910918
0.02955993
0.02985203
0.03020101
0.03049111
0.03051082
0.03026678
0.02962874
0.02845377
0.02715446
0.02645712
0.02668615
0.02727282
0.02735321
0.02667008
0.02573395
0.02495445
0.0242507
0.02322895
0.0218422
0.02059714
0.01963073
0.01861327
0.01749809
0.01637584
0.01554049
0.01501754
0.01464503
0.01441298
0.01443381
0.01491786
0.01550596
0.01542885
0.01444927
0.0131499
0.01236147
0.01202548
0.01156162
0.01081391
0.009772998
0.008599268
0.00769756
0.0069418
0.006080307
0.005226289
0.004398076
0.003552801
0.002695404
0.001784509
0.0008428187
-0.0003226113
-0.001399351
-0.002110735
-0.002518709
-0.002854161
-0.003386376
-0.003862646
-0.00381025
-0.003290621
-0.002773257
-0.002353123
-0.001929693
-0.001547256
-0.00124173
-0.0009542607
-0.0006888342
-0.0002684392
0.0002291007
0.0003398703
-0.0001565837
-0.0009197977
-0.0016043
-0.002123324
-0.00270599
-0.003322267
-0.003727684
-0.00377388
-0.003588876
-0.003537969
-0.003588422
-0.003677132
-0.003699544
-0.00353891
-0.003331554
-0.003216903
-0.003358149
-0.003920405
-0.004843624
-0.005997411
-0.007087608
-0.007920848
-0.008772514
-0.009731931
-0.01059388
-0.01114746
-0.01165787
-0.01225408
-0.01292453
-0.01375428
-0.01432568
-0.01419239
-0.01358355
-0.01277548
-0.01178933
-0.01066736
-0.009561338
-0.008687063
-0.008127102
-0.008257215
-0.009113951
-0.009750765
-0.009258167
-0.008122708
-0.007505601
-0.00774807
-0.008323941
-0.00852096
-0.008139621
-0.0075466
-0.007095538
-0.006685407
-0.00596911
-0.005025879
-0.004071113
-0.003169785
-0.002319443
-0.001367387
-0.0004169919
0.0003431536
0.0008173161
0.001362165
0.00194713
0.002252634
0.002433045
0.002684914
0.003089901
0.00355563
0.003784747
0.003879514
0.004048809
0.004125423
0.003932239
0.003599883
0.003358961
0.003312739
0.003137142
0.002793202
0.002556918
0.002682546
0.003257198
0.003976289
0.00470976
0.00552
0.006662469
0.008265036
0.01005862
0.01175302
0.0133141
0.01490372
0.01653308
0.0179325
0.01885737
0.01948957
0.01999269
0.02036804
0.02068907
0.02090438
0.02095888
0.02092517
0.02063895
0.02004024
0.01929666
0.01870879
0.01833485
0.01800511
0.01767986
0.01754348
0.01769852
0.01810466
0.0186398
0.01920757
0.01989918
0.02088019
0.02199339
0.02291808
0.02334996
0.02333041
0.02295083
0.02241125
0.02190651
0.02138623
0.02066368
0.01970001
0.01856704
0.01736777
0.01602196
0.01467399
0.01352961
0.01255401
0.01149223
0.0103587
0.009526434
0.009087658
0.008731331
0.008239644
0.007765927
0.007338654
0.006544036
0.005258497
0.004010827
0.003688335
0.004568159
0.005771528
0.006485119
0.006710053
0.006979495
0.007657366
0.00849384
0.009057632
0.009288825
0.009139107
0.00857636
0.007519969
0.006157463
0.005148739
0.004752016
0.004451059
0.004069963
0.004109648
0.004706797
0.005416517
0.005821336
0.006047198
0.006706188
0.007859524
0.009242278
0.01055828
0.01139169
0.0118092
0.01218328
0.01237631
0.01225865
0.01182701
0.01102101
0.00991349
0.008684828
0.007226513
0.005504576
0.003805096
0.002165749
0.000539977
-0.001060898
-0.002596071
-0.004296014
-0.006020713
-0.007240542
-0.00783977
-0.008228321
-0.008623658
-0.008864086
-0.008785501
-0.008207366
-0.007181831
-0.005950945
-0.004682845
-0.003561819
-0.002804563
-0.002525542
-0.002541543
-0.002658252
-0.002791603
-0.002880248
-0.00311053
-0.003715568
-0.004597561
-0.005344302
-0.005911436
-0.006395951
-0.00681759
-0.006999577
-0.006626032
-0.005888182
-0.005096518
-0.004218469
-0.003153426
-0.00206166
-0.0013753
-0.001331619
-0.001438127
-0.001216976
-0.0008347432
-0.0007432218
-0.0009223526
-0.001184748
-0.001590508
-0.002214897
-0.003105221
-0.004208693
-0.005315503
-0.006224052
-0.006992569
-0.007750856
-0.008464312
-0.009168671
-0.009677269
-0.009933826
-0.009964965
-0.009859722
-0.01015342
-0.01099496
-0.01134194
-0.01080262
-0.009827264
-0.009068164
-0.009009289
-0.009401413
-0.009643976
-0.009520144
-0.009283099
-0.009147756
-0.00895327
-0.008622272
-0.008269893
-0.007680462
-0.006698985
-0.005568253
-0.004284452
-0.002794453
-0.001122227
0.0008028641
0.003014461
0.005278044
0.007238262
0.008880634
0.01039577
0.01165906
0.0126757
0.01360486
0.01419742
0.01416158
0.01340767
0.01192802
0.009964852
0.007530181
0.004863675
0.002118858
-0.0008014645
-0.003848845
-0.006706475
-0.009201337
-0.01128945
-0.01292453
-0.01396746
-0.01432531
-0.0141922
-0.01386294
-0.01335514
-0.01255146
-0.01146446
-0.01015478
-0.008823276
-0.007686675
-0.00666265
-0.005758785
-0.005198058
-0.004951377
-0.004742275
-0.00457633
-0.004532765
-0.004700296
-0.0050782
-0.005247033
-0.004958331
-0.004247555
-0.00328144
-0.002410152
-0.001430829
-3.72966e-05
0.001639671
0.003050699
0.004313202
0.0056665
0.006987605
0.008110815
0.008883415
0.009130629
0.008909843
0.008512063
0.008070032
0.007502419
0.006760019
0.00591503
0.004886514
0.003463095
0.00192393
0.0005682515
-0.0006599258
-0.001710594
-0.002526695
-0.003280362
-0.003840718
-0.00408676
-0.004175289
-0.004317683
-0.004556005
-0.005010556
-0.005676627
-0.006416464
-0.007582253
-0.008898901
-0.009557794
-0.009649414
-0.009818096
-0.01028728
-0.01078241
-0.01107463
-0.01115452
-0.01114693
-0.01093081
-0.01044609
-0.009839149
-0.009241246
-0.008696921
-0.008164346
-0.007651894
-0.007279754
-0.006906075
-0.00632928
-0.005784327
-0.005540437
-0.00595683
-0.006792748
-0.007394964
-0.007498708
-0.007380432
-0.007612652
-0.008257978
-0.00888648
-0.009271128
-0.009450557
-0.009415567
-0.009333627
-0.009275219
-0.009134021
-0.009031819
-0.009009047
-0.008989369
-0.009094444
-0.009371982
-0.009566748
-0.009595584
-0.009581979
-0.00982049
-0.01031905
-0.01072463
-0.01103228
-0.01140044
-0.01175567
-0.01213649
-0.01260202
-0.01301815
-0.01330922
-0.01359005
-0.01380755
-0.01405175
-0.01427653
-0.01433729
-0.01407839
-0.01363685
-0.01334741
-0.01314081
-0.012779
-0.01238211
-0.01222082
-0.01234166
-0.01256765
-0.01295965
-0.01356912
-0.01406315
-0.01432478
-0.014609
-0.01493062
-0.01516097
-0.01512676
-0.01479165
-0.0145361
-0.01480172
-0.01513266
-0.01516395
-0.01479445
-0.01424095
-0.01386563
-0.01362162
-0.01348807
-0.01335351
-0.01311585
-0.0129342
-0.01280109
-0.01237413
-0.01172793
-0.01119937
-0.01068219
-0.01016271
-0.009723648
-0.009209953
-0.008501826
-0.007622577
-0.007059354
-0.007152986
-0.007372856
-0.006886546
-0.005737354
-0.004717564
-0.004568331
-0.005175847
-0.005623049
-0.005498313
-0.005138171
-0.004861739
-0.004571907
-0.003948167
-0.003118725
-0.002270129
-0.001345046
-0.0003637543
0.0006274041
0.001603626
0.002632652
0.003654422
0.004674789
0.005632694
0.006330252
0.006986509
0.007592748
0.007954344
0.008070309
0.008164391
0.008016551
0.007449485
0.006669873
0.005747496
0.004657877
0.00354936
0.002423868
0.001228957
0.0001637185
-0.0006464055
-0.001152736
-0.001322395
-0.001210281
-0.0008011833
9.034049e-05
0.001532533
0.003133048
0.004424517
0.005585159
0.006753071
0.007810047
0.008771913
0.009834657
0.01077788
0.01138461
0.01176184
0.01194475
0.01202516
0.0121307
0.01224456
0.0122733
0.01214257
0.01171719
0.0108697
0.009715026
0.008448028
0.007266387
0.006231564
0.005321818
0.004568871
0.003832382
0.003108537
0.002763015
0.002753244
0.002797676
0.002774778
0.002975712
0.003697016
0.004871378
0.006263161
0.007561814
0.008503589
0.00913378
0.009714265
0.01044232
0.01113342
0.01159879
0.01185955
0.01187978
0.01186535
0.01184351
0.01159678
0.01110276
0.01048229
0.009884408
0.009299819
0.008711618
0.008202496
0.007711742
0.007202439
0.006485649
0.005373378
0.004407256
0.004392832
0.005599495
0.007202361
0.008261946
0.008843339
0.009416358
0.01011055
0.01095519
0.01171037
0.01229692
0.01274948
0.01319609
0.01358206
0.01393169
0.01423187
0.0143105
0.01413513
0.01404639
0.01432467
0.01455908
0.01394877
0.01240284
0.01093362
0.0102973
0.01015195
0.009814664
0.009045711
0.008272738
0.00779239
0.007541184
0.007381211
0.007084707
0.006782885
0.00667393
0.00655862
0.006184684
0.005671929
0.005376331
0.005268069
0.005099249
0.004878915
0.004737092
0.004618799
0.004387407
0.004367626
0.004706721
0.004956432
0.004698853
0.003908669
0.003069253
0.002483539
0.001792893
0.0008878089
-8.835709e-05
-0.001114908
-0.002054795
-0.002855961
-0.003683314
-0.00445016
-0.004978103
-0.005535661
-0.0063095
-0.006809151
-0.006854
-0.006769431
-0.006709829
-0.006519
-0.006014998
-0.005191124
-0.004151384
-0.00306106
-0.00222946
-0.001682798
-0.001033398
-0.0001494087
0.000481115
0.0002360794
-0.0007649715
-0.001690887
-0.001936995
-0.001791506
-0.001869065
-0.002414912
-0.00315711
-0.003695242
-0.003909179
-0.004219362
-0.004952532
-0.005703287
-0.006085737
-0.006260478
-0.006605768
-0.007111856
-0.007586064
-0.007955887
-0.008308871
-0.008725088
-0.009180149
-0.009776675
-0.01034646
-0.0101325
-0.008818319
-0.007385083
-0.006710886
-0.006615187
-0.006665683
-0.00647542
-0.006013848
-0.005534275
-0.005104809
-0.004755308
-0.004314839
-0.003671888
-0.003122424
-0.002701331
-0.002268286
-0.001727557
-0.001093292
-0.0005007019
9.177059e-05
0.0006955266
0.001023622
0.001077603
0.001025903
0.0009644469
0.000971464
0.0008223992
0.0004727695
8.813852e-05
-0.0003839692
-0.00104879
-0.001979937
-0.002971805
-0.003728309
-0.004312185
-0.004840452
-0.005051156
-0.004982867
-0.004800117
-0.004366918
-0.003620561
-0.0026494
-0.001437104
-0.0001784792
0.00105694
0.002339403
0.003519836
0.004544477
0.005539498
0.00642214
0.006911627
0.007035579
0.007079468
0.007080972
0.00710071
0.007208564
0.007072876
0.006505121
0.005795296
0.00526534
0.004811386
0.00417296
0.003427926
0.002734933
0.002192865
0.001916224
0.00176187
0.001789876
0.002089439
0.00270155
0.003475415
0.004181158
0.004771259
0.005603483
0.006545277
0.007273678
0.00737043
0.00680678
0.006229369
0.006002344
0.005936306
0.005776604
0.005342508
0.004561418
0.003623238
0.002852429
0.002234646
0.001752913
0.001415148
0.001187922
0.001140055
0.001273187
0.001392808
0.001504561
0.001553756
0.001477364
0.001389864
0.0009921907
9.783035e-05
-0.0003679535
0.0003296758
0.001422373
0.001981082
0.001937425
0.001771191
0.001563144
0.001422511
0.001346405
0.0009675814
0.0003347458
-0.0003811557
-0.0008636911
-0.001171878
-0.001453655
-0.001650377
-0.00144568
-0.0009019002
-0.0004147619
3.594846e-07
0.0005348538
0.001216708
0.001896333
0.002447649
0.002769203
0.002834548
0.00278894
0.002631752
0.002239216
0.001528216
0.0007202775
-5.777597e-05
-0.0008153196
-0.001558098
-0.002110956
-0.002626452
-0.003267342
-0.003855476
-0.004158633
-0.004290912
-0.004328603
-0.00431384
-0.004366762
-0.00453183
-0.004651237
-0.004686376
-0.004743945
-0.00503785
-0.005432161
-0.005459199
-0.005336664
-0.005464574
-0.005826647
-0.005985762
-0.005707284
-0.005248742
-0.00488254
-0.004670535
-0.004462089
-0.004143149
-0.003615572
-0.002931636
-0.002219927
-0.001344955
-0.0005303751
0.0001746494
0.0006659447
0.001006343
0.001248584
0.001415306
0.001379087
0.001263955
0.001137601
0.0009091233
0.0007161295
0.0005954201
0.0002527299
-0.0005806852
-0.001484181
-0.002046061
-0.00250367
-0.003343225
-0.004410905
-0.005040754
-0.005114889
-0.004989843
-0.004856221
-0.004646534
-0.004343784
-0.003965351
-0.003681358
-0.003466365
-0.00317883
-0.002715843
-0.002195195
-0.001752237
-0.001302192
-0.0008742033
-0.0009642068
-0.001906969
-0.002731426
-0.002529521
-0.001736566
-0.001264606
-0.001503267
-0.002147114
-0.002799444
-0.00325509
-0.003456334
-0.003641321
-0.0039411
-0.004367088
-0.004753322
-0.004939926
-0.00500956
-0.005007526
-0.005041347
-0.005081036
-0.005155967
-0.005109609
-0.004688341
-0.004120558
-0.003734365
-0.003385468
-0.002916227
-0.002542932
-0.002357209
-0.002310389
-0.002280678
-0.002245912
-0.002335927
-0.002478076
-0.002753251
-0.002878649
-0.002689471
-0.002376687
-0.001991566
-0.001554264
-0.001021112
-0.0007738395
-0.0008776036
-0.0009221665
-0.00062926
-0.0001407044
0.0001743592
-1.377566e-05
-0.0003311017
-0.0003236237
-0.0001261254
-0.0001384196
-0.0004295712
-0.0005724976
-0.000380291
-0.0002127723
-0.0004540931
-0.001116014
-0.001917976
-0.002597881
-0.0032608
-0.00412103
-0.00509154
-0.005978981
-0.006427932
-0.006679765
-0.007194689
-0.007736208
-0.008062004
-0.008127216
-0.008132616
-0.008226883
-0.008228785
-0.008057225
-0.007865031
-0.007719094
-0.007415389
-0.006784806
-0.006044045
-0.005651079
-0.0058172
-0.006120458
-0.006064006
-0.005827423
-0.00563417
-0.005296426
-0.004856233
-0.004570507
-0.004288836
-0.003909751
-0.003488003
-0.003174338
-0.003153907
-0.003117887
-0.003075597
-0.003156986
-0.00340311
-0.0036214
-0.003810084
-0.004172831
-0.004817245
-0.005593227
-0.005879111
-0.005398122
-0.00465367
-0.004412404
-0.004986563
-0.006081506
-0.00715032
-0.007807729
-0.008165586
-0.008571463
-0.009039461
-0.009312436
-0.009513519
-0.009720933
-0.009925882
-0.009935639
-0.009461616
-0.008616595
-0.008092943
-0.00827868
-0.008857923
-0.009133006
-0.008985242
-0.008630816
-0.008302776
-0.008097701
-0.007950974
-0.007869935
-0.007829162
-0.007945531
-0.008160659
-0.008207878
-0.008195393
-0.008295051
-0.008382946
-0.008452489
-0.008678319
-0.008905396
-0.00899411
-0.009005254
-0.008794436
-0.008345322
-0.007880565
-0.007263191
-0.006354083
-0.005522139
-0.005119629
-0.004940884
-0.004755922
-0.004611651
-0.004566238
-0.004514052
-0.00448371
-0.004593931
-0.004577926
-0.004295131
-0.003930797
-0.003794691
-0.003828825
-0.003604697
-0.00323978
-0.002984801
-0.002796657
-0.00256601
-0.002360892
-0.002210219
-0.002063671
-0.001914837
-0.001801607
-0.001749238
-0.001697226
-0.001565259
-0.001377833
-0.0009420714
-0.0002937105
0.0001321635
-0.0001827829
-0.001076595
-0.001703873
-0.001756075
-0.001552912
-0.001412589
-0.001267853
-0.001070498
-0.0008141275
-0.0004953081
-0.0003148419
-0.0003720858
-0.0003433017
-0.0001014308
0.0002762646
0.0004756744
0.0005675277
0.0005956196
0.0004771898
0.0003135846
2.441549e-05
-0.0007530397
-0.001933835
-0.002544392
-0.002069906
-0.0009782081
-9.72321e-05
0.0002087356
0.000256203
0.0003275769
0.0004080929
0.0004119199
0.0003523894
0.0001285656
-6.869586e-05
-0.000241025
-0.000419019
-0.0004296191
-0.0002780999
-4.165708e-05
0.0002576653
0.0006214229
0.001022651
0.00144387
0.002068104
0.002907384
0.003744207
0.004509899
0.005343205
0.00633433
0.007329977
0.008002329
0.008623714
0.009590355
0.01069456
0.01136794
0.01166726
0.01196563
0.01237121
0.01268884
0.01262588
0.01233652
0.01210044
0.01195754
0.01170688
0.01113583
0.0104044
0.009824255
0.009536641
0.009212092
0.008623158
0.008091106
0.007671973
0.00736066
0.007220241
0.007046289
0.006829187
0.00670454
0.006833561
0.007162376
0.00752675
0.007842875
0.008114876
0.008491171
0.008978114
0.009434869
0.00968399
0.009784294
0.009741478
0.009551452
0.009325906
0.00902422
0.008571866
0.007885262
0.007248971
0.006689162
0.006161954
0.005823428
0.005720178
0.005898012
0.00627971
0.006647714
0.006635745
0.006163201
0.005874485
0.006052061
0.006349811
0.006447448
0.006297536
0.006335965
0.006682025
0.00692191
0.006818609
0.006629343
0.006379429
0.005883756
0.005235334
0.004916309
0.004869378
0.00458781
0.003984284
0.003377915
0.002580107
0.001273148
-1.363306e-06
-0.0001989092
0.0007642594
0.001812573
0.001882169
0.001238213
0.0007622762
0.0006969685
0.0006514043
0.0004809663
0.0002398654
3.58369e-05
4.217112e-05
0.0002465446
0.0002383463
-1.983691e-05
-0.0002142146
-0.0002500102
-0.0002364592
-0.0003424121
-0.0005007567
-0.0004946575
-0.0002500223
-5.711755e-05
1.133542e-05
6.158598e-05
8.708311e-05
-4.551298e-05
-0.0003809352
-0.0007447444
-0.001178679
-0.001634134
-0.001854574
-0.001881289
-0.001808769
-0.001657155
-0.001467152
-0.001216864
-0.0006634616
-1.738216e-05
0.0002978412
0.0001589047
-1.829115e-05
0.0001080029
0.0003153714
0.0003085106
3.276035e-05
-0.0003673017
-0.0007346022
-0.001111072
-0.001433198
-0.001742204
-0.002134061
-0.002563611
-0.002809466
-0.002752191
-0.002572038
-0.002559327
-0.002534383
-0.00221713
-0.001664335
-0.0009933808
-0.000265028
0.0006160756
0.0015245
0.002366998
0.003197563
0.004047355
0.004826609
0.005497318
0.006033628
0.006487289
0.006650736
0.006502706
0.006191241
0.006056531
0.005876518
0.004909366
0.003183498
0.001655518
0.0008311684
0.0003941626
5.503728e-05
-0.0001921557
-0.0002870369
-0.0001704492
0.0002116029
0.0007740007
0.001221329
0.001524625
0.001796482
0.002153
0.002472709
0.002653364
0.002852374
0.003291442
0.003847515
0.004091731
0.003658228
0.002698383
0.002077732
0.002587477
0.003660754
0.004281476
0.004122926
0.003507599
0.003065
0.00297399
0.003020071
0.00303412
0.002826093
0.002366722
0.00192471
0.0018647
0.00227138
0.002740623
0.002939862
0.002999967
0.003055557
0.003123724
0.003165334
0.002973851
0.002582014
0.002182427
0.001817283
0.001227918
0.0004205121
-0.0003795741
-0.0008569572
-0.00118542
-0.001456155
-0.001771232
-0.002031813
-0.002210453
-0.002348867
-0.002347753
-0.001903852
-0.0009664698
-0.0001713852
-0.0001250059
-0.0004348398
-0.0003534624
0.0001602057
0.000817665
0.001274831
0.001431546
0.001415769
0.00139219
0.001407786
0.001347131
0.001236639
0.001194295
0.00113665
0.0009655304
0.0007841039
0.0005718226
0.0001786128
-0.000319771
-0.0007184935
-0.0008848835
-0.0009932432
-0.001187451
-0.001291859
-0.001370371
-0.001569254
-0.001794281
-0.002146975
-0.002615412
-0.002998964
-0.003244881
-0.003501899
-0.003991388
-0.004726421
-0.005272785
-0.005119258
-0.00448881
-0.003917561
-0.003694934
-0.003753038
-0.004000432
-0.004109915
-0.003805648
-0.003247784
-0.002825614
-0.00255956
-0.002287059
-0.001943107
-0.00172569
-0.001679952
-0.00175991
-0.001814942
-0.001794081
-0.00177088
-0.001802324
-0.001765172
-0.001677778
-0.001602976
-0.001602039
-0.001912875
-0.002582344
-0.002938278
-0.002422914
-0.001293797
-0.0004993424
-0.0005326718
-0.0009732507
-0.00120554
-0.001056127
-0.0007232886
-0.0004836555
-0.0002620352
7.634082e-06
0.0002110148
0.0004602363
0.0007177289
0.0008968583
0.001204889
0.001497451
0.001500922
0.001368035
0.001453346
0.001627641
0.00154857
0.001385116
0.001384274
0.001549872
0.001796143
0.001970527
0.002169746
0.002335556
0.002542573
0.002933932
0.003360747
0.003863236
0.004494645
0.005039981
0.005296567
0.005280757
0.005330233
0.005530156
0.005686386
0.005517144
0.005071728
0.004659528
0.004265309
0.003695312
0.003040437
0.002463667
0.002019645
0.001523144
0.000858653
0.0001649465
-0.0004309301
-0.0008372517
-0.001052233
-0.001191327
-0.001327099
-0.001333859
-0.001075008
-0.0008113934
-0.0007556787
-0.0006248052
-0.0004172123
-0.0002348363
-8.031124e-06
0.0002604871
0.0004530538
0.0006501609
0.0008845848
0.001060785
0.001250407
0.001645724
0.002088354
0.002546253
0.003158439
0.004096498
0.005117976
0.005628994
0.00542922
0.004987154
0.004868882
0.005070592
0.005389368
0.005506222
0.005334794
0.005087322
0.004657203
0.004076963
0.003653728
0.003146361
0.002253608
0.00124407
0.0004897202
-7.158637e-05
-0.0006743987
-0.001476249
-0.002166067
-0.002503862
-0.002946949
-0.003995148
-0.00533536
-0.005884632
-0.005274824
-0.004195894
-0.003467018
-0.003352707
-0.003463432
-0.003502664
-0.003341028
-0.002965859
-0.002638498
-0.002313444
-0.00194921
-0.001493824
-0.001178113
-0.001050864
-0.0007745961
-0.0005749165
-0.0007980822
-0.001349914
-0.001839515
-0.002020525
-0.002192257
-0.002636982
-0.00311667
-0.003249385
-0.003198175
-0.003203654
-0.003219794
-0.003164859
-0.003080913
-0.002948679
-0.002599531
-0.002246097
-0.001940643
-0.00160033
-0.001220184
-0.0005633439
0.0003324557
0.001038894
0.0009269405
2.076811e-05
-0.0009117202
-0.001242661
-0.001082689
-0.001106631
-0.001492566
-0.001776175
-0.001831628
-0.001737354
-0.001609129
-0.001545766
-0.001649212
-0.001640942
-0.001431882
-0.001160383
-0.00103997
-0.001006693
-0.0008245046
-0.0004457782
-6.241928e-05
0.0002769614
0.0005382095
0.0009844421
0.001412992
0.001608287
0.001620356
0.001708516
0.002052105
0.002407339
0.002719968
0.003007667
0.003352076
0.003547973
0.003497355
0.003808947
0.005067891
0.006560327
0.007090579
0.006713075
0.006314767
0.006405159
0.006872335
0.007325581
0.007761814
0.008247084
0.008485547
0.008350751
0.008074114
0.007896701
0.007798375
0.00758242
0.00721589
0.006963226
0.006639064
0.006119072
0.005714145
0.005304654
0.004693981
0.003801188
0.00271516
0.00190887
0.001781024
0.002228991
0.002763389
0.002797893
0.002333297
0.001814845
0.001587235
0.001693368
0.001918427
0.001950546
0.001805277
0.00170498
0.001770315
0.001886318
0.002092625
0.002558364
0.003256693
0.003412587
0.002741037
0.00180976
0.001269484
0.00118001
0.001145795
0.0008423933
0.0003208243
-8.027685e-05
-8.912528e-05
0.0001075038
0.0002746418
0.0004638637
0.0006074365
0.0004901473
0.000317063
0.0002940649
0.0003516427
0.0002172098
-2.902688e-05
-0.0001735652
-0.000151767
-0.0003727497
-0.0008135689
-0.001107028
-0.001262479
-0.001311783
-0.001274678
-0.001174782
-0.0009821793
-0.0007052749
-0.0005573799
-0.0004032443
-8.999785e-05
4.323484e-05
-4.938146e-05
-0.0002904351
-0.0007183969
-0.001142259
-0.001552243
-0.002065484
-0.002574031
-0.003133463
-0.00375326
-0.004219972
-0.004504379
-0.004822502
-0.00531458
-0.005801531
-0.006144116
-0.006356301
-0.006537863
-0.006633599
-0.006742935
-0.006805013
-0.006468696
-0.00574504
-0.00528738
-0.005271874
-0.005372475
-0.005580454
-0.005772701
-0.00557374
-0.004801461
-0.003921769
-0.003433032
-0.003308767
-0.003221267
-0.002834178
-0.002110735
-0.001419681
-0.0009389666
-0.0005250329
-0.0001416738
0.0001194576
0.0004582397
0.0009740035
0.001370116
0.001526747
0.001429338
0.0007818392
0.0001608405
0.0004041233
0.001424527
0.002302545
0.002450993
0.002224809
0.002139683
0.002273329
0.002566681
0.002735894
0.002658223
0.002647345
0.002939801
0.003218871
0.003229694
0.00315976
0.003207145
0.003055609
0.002634281
0.002134402
0.001714794
0.001279343
0.0007612993
0.0002267417
-0.0002530574
-0.0007562156
-0.00119312
-0.001466633
-0.001557827
-0.001601249
-0.001662383
-0.001686274
-0.001814675
-0.002069916
-0.0021022
-0.001853123
-0.001821706
-0.002114641
-0.002299292
-0.002128501
-0.001881994
-0.001835757
-0.002039903
-0.002369478
-0.002714284
-0.002920797
-0.002866378
-0.002787603
-0.00279489
-0.002845553
-0.002952725
-0.002991449
-0.002933078
-0.002766979
-0.002502672
-0.00234499
-0.002221661
-0.001851532
-0.001261787
-0.000564261
0.000137521
0.000911751
0.001650067
0.002209493
0.002838589
0.003619729
0.004368664
0.004979409
0.005703867
0.006571005
0.007218462
0.007475408
0.007562789
0.007583798
0.007497148
0.007702066
0.008289853
0.008397659
0.007544483
0.006239625
0.005189073
0.004590142
0.004155825
0.003592298
0.002917732
0.002383351
0.002067602
0.00189155
0.001685323
0.001369164
0.001092108
0.0009275517
0.000858696
0.0006445959
0.0001444104
-0.0003690968
-0.0008370032
-0.001236823
-0.001672418
-0.002729173
-0.00425916
-0.005357793
-0.005525254
-0.005070353
-0.004633102
-0.004520789
-0.004484562
-0.004310068
-0.003827686
-0.003026075
-0.002111777
-0.001416354
-0.0008918761
-0.000347447
0.0002428913
0.000823098
0.001494641
0.002417365
0.003299306
0.003485382
0.002860088
0.002143743
0.001877573
0.002033834
0.00224567
0.002205728
0.002015919
0.001793382
0.001688846
0.001670868
0.001670942
0.001734752
0.001678618
0.001570458
0.001588611
0.001760617
0.002145869
0.002741864
0.003277258
0.003739514
0.004114541
0.004482551
0.004828243
0.005074726
0.005199159
0.005151354
0.005003545
0.004929827
0.004737052
0.004353721
0.003787091
0.003276882
0.003011115
0.002897763
0.002728323
0.002651592
0.00270149
0.002716924
0.002777565
0.003064804
0.003540389
0.003829786
0.003751229
0.003662867
0.003921325
0.004262631
0.004174409
0.003877903
0.003851219
0.003964388
0.003819978
0.003448225
0.003026114
0.002658519
0.002625034
0.003100116
0.003816309
0.004166037
0.003875261
0.00326856
0.002984893
0.003324253
0.003767635
0.004078474
0.004450352
0.004787643
0.004842801
0.004812924
0.005107695
0.005525227
0.005808343
0.006046624
0.006219553
0.006240782
0.006311967
0.006435326
0.006481694
0.006528775
0.006543738
0.006121401
0.005284428
0.004843516
0.005220454
0.006133938
0.006691028
0.006168289
0.005083216
0.004247938
0.003940361
0.003930766
0.003744039
0.003170963
0.002568116
0.002236939
0.002084858
0.002087789
0.00202297
0.001854209
0.001771248
0.002026296
0.002322135
0.002431563
0.002454812
0.002397561
0.002272847
0.002113533
0.001932086
0.001633385
0.001262257
0.0009073157
0.0008215998
0.001007493
0.0009197462
0.000429513
-0.0001027459
-0.0006353382
-0.001018631
-0.001085432
-0.001119249
-0.001422082
-0.001789897
-0.001932682
-0.002061338
-0.002254507
-0.002544653
-0.002845829
-0.002939553
-0.002904428
-0.003006298
-0.003276513
-0.003531331
-0.003490099
-0.003220337
-0.002962542
-0.002794921
-0.002749326
-0.002663179
-0.002373733
-0.00211485
-0.002010818
-0.001879948
-0.001695578
-0.00162984
-0.001622
-0.001456082
-0.00103238
-0.000736946
-0.0006582865
-0.0004954424
-0.0001350125
7.428674e-05
-0.0003789734
-0.001237648
-0.001741752
-0.001244478
0.0001451092
0.001215826
0.001046073
7.400201e-05
-0.0007601667
-0.0009420606
-0.0007087462
-0.0006444746
-0.0008435228
-0.001195646
-0.001271669
-0.0009844239
-0.0006688538
-0.0005777825
-0.0005955675
-0.000355497
0.000126912
0.0004845257
0.0006641396
0.0009615351
0.001340904
0.001459723
0.001277847
0.0008406114
0.0001184544
-0.0007183522
-0.0008962008
-0.0001547702
0.000700575
0.0008598644
0.0004101232
0.0001194197
0.0002649825
0.0006173477
0.0009344382
0.001095041
0.001201321
0.001300547
0.001253939
0.001097732
0.0009308956
0.0009404532
0.001198345
0.001327567
0.0006532401
-0.0006837131
-0.001546589
-0.001683972
-0.001718825
-0.001696328
-0.001603852
-0.001777702
-0.002199791
-0.002413206
-0.002402432
-0.002475006
-0.002608345
-0.002738565
-0.002910087
-0.002952744
-0.002921093
-0.003158762
-0.003489508
-0.003511243
-0.003518317
-0.003829535
-0.004166583
-0.004376025
-0.004542151
-0.004716978
-0.004937349
-0.005182559
-0.005532953
-0.005914809
-0.006138894
-0.006299363
-0.006506678
-0.006825968
-0.007128905
-0.007314515
-0.007537958
-0.007844793
-0.008234679
-0.008448307
-0.00843258
-0.008442436
-0.008582583
-0.008753842
-0.008890094
-0.00893617
-0.008985187
-0.009119931
-0.009206576
-0.009145847
-0.00908711
-0.009138766
-0.009181757
-0.009090934
-0.008810995
-0.008276082
-0.00741236
-0.006565314
-0.006265851
-0.006527008
-0.006829077
-0.006882298
-0.006830696
-0.006392431
-0.005586038
-0.005047877
-0.005221856
-0.005672666
-0.005842434
-0.005655309
-0.005382664
-0.005383234
-0.005614856
-0.005679818
-0.005665334
-0.005837768
-0.006111417
-0.006331933
-0.006495792
-0.006885915
-0.007817088
-0.009027
-0.009509346
-0.008893026
-0.007977603
-0.007605743
-0.007835308
-0.008407316
-0.008869986
-0.008715878
-0.008238014
-0.007914502
-0.007883644
-0.007997714
-0.007844274
-0.007367586
-0.006887584
-0.006560937
-0.006346182
-0.005957048
-0.005300246
-0.004839177
-0.004632389
-0.004484329
-0.004130986
-0.003449628
-0.002724457
-0.00222548
-0.001774425
-0.001226478
-0.0005829421
4.537462e-06
0.0002689253
0.0002300654
0.000204996
0.0002827997
0.0003951894
0.0007223202
0.001269273
0.001645166
0.001656804
0.001565931
0.001711562
0.002049065
0.002272281
0.002256953
0.002214467
0.002352904
0.002571405
0.002789206
0.0029334
0.00306463
0.00323516
0.003430305
0.003640345
0.003747079
0.003693129
0.003495444
0.003513619
0.003755194
0.003951474
0.004052215
0.003970805
0.003882712
0.003948626
0.004024653
0.003915618
0.003674723
0.003353705
0.003009273
0.002769285
0.002598405
0.002424404
0.002226011
0.001886934
0.001742952
0.002479539
0.003905116
0.004922146
0.0047321
0.003634621
0.002724488
0.002658548
0.002979723
0.003030896
0.002824263
0.002626715
0.00254103
0.002461668
0.00232808
0.002104972
0.001785915
0.001523208
0.001373572
0.001244649
0.001050873
0.0008011491
0.0004881447
8.588113e-05
-0.0004671929
-0.001338211
-0.002328056
-0.002966215
-0.002772118
-0.001964457
-0.001483891
-0.001870208
-0.002689128
-0.003209232
-0.003298797
-0.003262912
-0.003351421
-0.003452911
-0.00354523
-0.003630711
-0.003673487
-0.003612905
-0.003226866
-0.002682395
-0.0026371
-0.003384898
-0.004406574
-0.00485668
-0.004684036
-0.004397174
-0.004307977
-0.004298871
-0.004227467
-0.004064105
-0.0037612
-0.00340708
-0.002920893
-0.002459324
-0.002186226
-0.002015839
-0.001800858
-0.00140599
-0.001046323
-0.0009415219
-0.00111705
-0.001457959
-0.001670802
-0.001544836
-0.001535813
-0.001801037
-0.002089034
-0.002234007
-0.002213391
-0.002140836
-0.002077546
-0.001983127
-0.001912161
-0.00201543
-0.0021982
-0.002181834
-0.002132487
-0.002144343
-0.002174744
-0.002115885
-0.001961439
-0.00198328
-0.002276852
-0.002388087
-0.00214505
-0.001957216
-0.002025993
-0.002161495
-0.002118826
-0.002050287
-0.002166544
-0.002404087
-0.002623446
-0.002801136
-0.002951617
-0.002979477
-0.002627759
-0.002003202
-0.001471954
-0.001438166
-0.002009363
-0.002691125
-0.002846495
-0.002539623
-0.002271969
-0.002348074
-0.002725416
-0.003165073
-0.003350574
-0.003413725
-0.003594969
-0.003776244
-0.003941261
-0.004226289
-0.004524571
-0.004723125
-0.004744697
-0.004689853
-0.004772335
-0.005042619
-0.005568614
-0.006517937
-0.007385738
-0.007475287
-0.006825943
-0.006129851
-0.005988126
-0.006240008
-0.00647274
-0.006541905
-0.006516433
-0.006521848
-0.006635628
-0.006703129
-0.006648971
-0.006577452
-0.006582191
-0.006476006
-0.006305345
-0.006300275
-0.006248035
-0.006066986
-0.00597221
-0.00603648
-0.006063047
-0.005804876
-0.005433919
-0.005152843
-0.005122094
-0.005289522
-0.005429318
-0.005346116
-0.005117204
-0.004937495
-0.004781316
-0.004656902
-0.004609183
-0.004492821
-0.004146352
-0.003841876
-0.003711062
-0.003486882
-0.003114748
-0.002817968
-0.002677984
-0.002560652
-0.002433804
-0.00215577
-0.001842663
-0.001802537
-0.00199639
-0.001968548
-0.001775097
-0.001706058
-0.001759075
-0.001799631
-0.001656078
-0.001433413
-0.001222719
-0.0009270294
-0.0006566142
-0.0005347618
-0.0003313344
1.544327e-05
0.00035974
0.0005686302
0.0006940291
0.0007758208
0.000825266
0.000904273
0.00102841
0.001009429
0.0006655788
0.0002757894
-5.576359e-05
-0.0003758754
-0.0004393777
0.000235853
0.001566734
0.002714356
0.002896603
0.002481289
0.002274701
0.00249149
0.002920534
0.003257915
0.00335899
0.003200935
0.002979305
0.002872177
0.00277145
0.00251993
0.00227697
0.002223575
0.002064365
0.001849187
0.001725108
0.001683868
0.001614551
0.00147104
0.001222305
0.0008418699
0.0002011613
-5.534025e-05
0.0004761787
0.001473787
0.002736057
0.003403782
0.003279638
0.003178743
0.003560439
0.004171501
0.004679582
0.005022966
0.005305146
0.005707321
0.006272803
0.006915181
0.007817013
0.008870616
0.009292313
0.008692737
0.007868429
0.007775876
0.008434849
0.009125822
0.009386019
0.009476068
0.009621744
0.009873683
0.01019852
0.01052368
0.01074812
0.01089206
0.01100556
0.01108831
0.01124992
0.01141322
0.0115424
0.01168895
0.0118514
0.01196145
0.01202983
0.01207158
0.01215255
0.01218015
0.01225052
0.01231232
0.01211821
0.01188876
0.01210487
0.01261046
0.01290927
0.01299391
0.01313806
0.01340427
0.01364136
0.0138802
0.01426118
0.01469238
0.01508074
0.01538153
0.01557451
0.0157485
0.01580486
0.01571823
0.01565829
0.01571271
0.01571779
0.0155594
0.01533761
0.01512745
0.01488459
0.01466965
0.01463939
0.01468738
0.01475079
0.01499827
0.01554785
0.01573458
0.01509967
0.01398579
0.01314945
0.01284837
0.01284714
0.01276175
0.01235462
0.01182327
0.01135112
0.0110612
0.01088345
0.01065127
0.01037673
0.0100381
0.009663475
0.009456094
0.009253632
0.008843464
0.008432519
0.008088024
0.007475566
0.006313896
0.004871291
0.004202019
0.00472064
0.005801303
0.00636904
0.006184734
0.005847693
0.005662737
0.005789117
0.006093321
0.006352303
0.006395117
0.006236984
0.006080579
0.005875256
0.005773417
0.005973829
0.006284581
0.00634681
0.006246681
0.006361932
0.006630495
0.006766592
0.006945767
0.007159614
0.007326879
0.007635896
0.008091669
0.008464948
0.008682618
0.00884779
0.008986416
0.008981816
0.008826198
0.008686978
0.008637847
0.008531392
0.008195161
0.007639149
0.007121312
0.006787037
0.006448676
0.006040314
0.005576503
0.005017789
0.004493471
0.004112823
0.003771123
0.003197478
0.002515874
0.002013115
0.001726443
0.001561546
0.001255198
0.0007957581
0.0003857695
0.0001068196
8.530362e-05
0.0001371584
3.87593e-05
-0.0001957346
-0.0003792785
-0.0005078382
-0.0006617062
-0.0006777915
-0.0004962793
-0.0004771896
-0.0007404881
-0.001139776
-0.001378178
-0.001626743
-0.002255272
-0.003003018
-0.003187789
-0.002528728
-0.001485595
-0.001138733
-0.001901167
-0.003227325
-0.004277762
-0.004806407
-0.005023072
-0.005242238
-0.005773953
-0.006496429
-0.007062887
-0.007547882
-0.00798725
-0.008400582
-0.008757012
-0.009019265
-0.009306832
-0.009590969
-0.009976664
-0.01052563
-0.01095138
-0.0110676
-0.0111275
-0.01154648
-0.0124042
-0.01307088
-0.01285538
-0.01185488
-0.01096455
-0.01079259
-0.01105671
-0.01127363
-0.01110636
-0.01073001
-0.0105079
-0.01045958
-0.0104749
-0.01032068
-0.01031263
-0.01055
-0.01091939
-0.01120246
-0.01143633
-0.01164989
-0.01176584
-0.01177683
-0.01177504
-0.01179461
-0.01183291
-0.01189811
-0.01198741
-0.01216276
-0.01218323
-0.01187525
-0.01158384
-0.01151723
-0.01155448
-0.01159845
-0.01151581
-0.01134932
-0.01115273
-0.01092727
-0.01077011
-0.01064825
-0.01060611
-0.0106014
-0.0105138
-0.01035921
-0.01012415
-0.009786875
-0.009611552
-0.009523345
-0.009455284
-0.009455836
-0.009388835
-0.009230441
-0.009032253
-0.008919882
-0.008758483
-0.008319516
-0.008003226
-0.007992887
-0.008077983
-0.007942983
-0.00747288
-0.007025418
-0.006820664
-0.006757116
-0.00652856
-0.006267748
-0.006189508
-0.006300294
-0.006400589
-0.006298241
-0.006039311
-0.005804013
-0.0058372
-0.006086641
-0.006261534
-0.005939863
-0.005059131
-0.004031751
-0.003601737
-0.004295445
-0.005571769
-0.006353838
-0.006329097
-0.005954766
-0.005798463
-0.005851388
-0.005962395
-0.006026829
-0.005904411
-0.00563597
-0.005491859
-0.005617437
-0.005695456
-0.005522113
-0.00539989
-0.005314473
-0.005172196
-0.004857603
-0.004628218
-0.004665394
-0.005157634
-0.005669552
-0.005457141
-0.004513059
-0.003493472
-0.002924118
-0.002885331
-0.003045527
-0.003095875
-0.002956822
-0.00273302
-0.002541398
-0.002534917
-0.002730175
-0.002880298
-0.002813513
-0.002634003
-0.002566626
-0.002583816
-0.002609095
-0.00242298
-0.002115857
-0.001874803
-0.001578284
-0.001311002
-0.001181151
-0.001055656
-0.000932549
-0.0008316838
-0.0005370032
-0.0001002433
0.0001032613
9.225057e-05
0.0001577154
0.0005456991
0.0009854251
0.001219113
0.001373384
0.001429177
0.00141356
0.001295334
0.001067545
0.0008727529
0.0007476172
0.0006181297
0.0005059247
0.0004266593
0.0004385121
0.0004975896
0.0006250372
0.0006045531
0.0002602322
-6.251205e-05
-0.0001207802
-9.787357e-05
-9.01241e-05
-0.0001330955
-0.0003467758
-0.0005665421
-0.0005497729
-0.0004531145
-0.000501144
-0.0006443218
-0.0009010752
-0.001050792
-0.0009653062
-0.0008097981
-0.0008697835
-0.001044556
-0.001164014
-0.001155191
-0.001095127
-0.001343218
-0.001858419
-0.002095546
-0.001646293
-0.0006770482
0.0002194025
0.0004653805
-6.627108e-05
-0.0008906813
-0.001498397
-0.001715927
-0.001570577
-0.001408654
-0.001511388
-0.001859742
-0.002186411
-0.002347755
-0.002430084
-0.00244919
-0.002449414
-0.002428085
-0.002264829
-0.002037351
-0.001936181
-0.001850856
-0.00150322
-0.0009680907
-0.0008957793
-0.00161639
-0.002208701
-0.001871036
-0.0008945334
-0.0001495634
-0.00016391
-0.0005999114
-0.000914692
-0.001223268
-0.00152569
-0.001522227
-0.001368382
-0.001521923
-0.001890109
-0.002043551
-0.001642654
-0.0007427977
-0.0001224541
-0.0003820488
-0.001044996
-0.001354752
-0.001034954
-0.00042098
6.809147e-05
0.0003184708
0.000430699
0.0005237341
0.0006889579
0.001003027
0.00142241
0.001721686
0.001841326
0.001963233
0.002222512
0.002597542
0.002906047
0.00322887
0.003480463
0.003623652
0.003774156
0.004011045
0.004228527
0.004314214
0.00433419
0.004461649
0.00472123
0.004954695
0.004975693
0.00479342
0.004838175
0.005275494
0.005675636
0.005750198
0.005664012
0.005729599
0.005966066
0.006143293
0.00635746
0.006591762
0.006733061
0.006771812
0.006804445
0.00683906
0.006807583
0.006674288
0.006529131
0.006348559
0.006083384
0.005850751
0.00567614
0.005423273
0.005095594
0.004806406
0.004679662
0.004750078
0.004940755
0.005002062
0.004680304
0.004088372
0.003569816
0.003340716
0.003377445
0.003508332
0.003532663
0.003490638
0.003541923
0.003675601
0.003859208
0.004062907
0.004040483
0.003822193
0.003749488
0.003921535
0.004172349
0.004361631
0.004465431
0.004491294
0.004376307
0.004035178
0.003403197
0.002885609
0.002839349
0.003435703
0.004197783
0.004488273
0.004355225
0.004108238
0.003943089
0.00387599
0.003912326
0.003918125
0.003792952
0.003581533
0.003363307
0.003263084
0.003256615
0.003222308
0.003098734
0.002826671
0.00256845
0.002404229
0.002342553
0.002398727
0.002555709
0.002542181
0.002335266
0.002281805
0.002448807
0.002635778
0.002740197
0.002767819
0.002802076
0.002931611
0.003038392
0.003043126
0.00310976
0.003356051
0.003753688
0.004116061
0.004120734
0.003902044
0.003852023
0.003994219
0.00418745
0.004368699
0.004439857
0.00445651
0.004534321
0.004548153
0.004381005
0.004172909
0.004050805
0.00403344
0.003963814
0.003789111
0.003603723
0.003446548
0.003299611
0.00313118
0.002881312
0.002568227
0.002317939
0.002095931
0.001851336
0.001575346
0.001331633
0.001103108
0.0009181121
0.0007613085
0.0006044216
0.0003938677
2.502369e-05
-0.000476072
-0.0007995444
-0.0007288068
-0.0002321957
0.0003839935
0.0006817495
0.0005755689
0.0001892453
-0.0001245304
-0.0001651245
4.917226e-05
0.0002822558
0.0003616667
0.000357516
0.0004565113
0.0005869452
0.0006134426
0.0006140038
0.0005972785
0.0005660086
0.0005345155
0.0005241974
0.0004989495
0.0003443511
0.0001188073
-2.148539e-05
-0.000128054
-0.0004516416
-0.001065343
-0.001543985
-0.001576193
-0.00130681
-0.0009987789
-0.0009050645
-0.001032086
-0.001194098
-0.001272833
-0.001310521
-0.001312019
-0.00131632
-0.001329417
-0.001448635
-0.001572197
-0.001645889
-0.001670335
-0.001608093
-0.001534688
-0.001514798
-0.001494515
-0.001433202
-0.001319411
-0.001208119
-0.001098546
-0.0009554638
-0.0007848417
-0.0006033191
-0.0004817919
-0.0004159069
-0.0003410704
-0.0002690567
-0.0002310837
-0.0001923463
-0.0001568628
-9.969799e-05
-8.782231e-05
-0.0001045128
-0.000104601
-5.543268e-05
7.426771e-05
0.0001704818
0.0001115845
3.865935e-06
1.892704e-05
0.0001100482
0.0002041267
0.000241533
0.0002308055
0.0002610636
0.0002852926
0.0003129062
0.0003852899
0.0004686644
0.000491113
0.0004269427
0.0003453807
0.0002963299
0.0002888681
0.0002939188
0.0002867457
0.0002587264
0.0002617466
0.0003185622
0.0003404699
0.0002997053
0.0002274083
0.0001773215
0.0001664576
0.0001179252
2.320583e-05
-2.210162e-05
-1.279937e-05
-1.179925e-05
2.656691e-05
0.0001603324
0.0004028555
0.0006222428
0.0005502035
0.0001388675
-0.0002668813
-0.0003829667
-0.0003164982
-0.0002424058
-0.0002097615
-0.0002302248
-0.000321867
-0.000426852
-0.0004579359
-0.0004306199
-0.0004206408
-0.0004594779
-0.0004900222
-0.0004815418
-0.0004458875
-0.0004364984
-0.0004855125
-0.0005081725
-0.0004890991
-0.0005461817
-0.0006569629
-0.0006876056
-0.000534127
-0.0002791536
-0.0001128637
-8.099226e-05
-0.0001361733
-0.0001918443
-0.0002167837
-0.0002601195
-0.0003114985
-0.000351649
-0.0003909322
-0.0004636621
-0.0005564105
-0.0006020192
-0.0006120068
-0.0006419911
-0.000713596
-0.0007933448
-0.000820142
-0.0007945975
-0.000797193
-0.0008425267
-0.000888508
-0.0009123387
-0.0009261104
-0.0009326402
-0.0009475425
-0.0009688482
-0.0009999051
-0.001077824
-0.00116723
-0.001222895
-0.001259309
-0.001286134
-0.001323704
-0.001378499
-0.001441032
-0.001492853
-0.001517093
-0.001513392
-0.001521282
-0.001533828
-0.001528561
-0.001521426
-0.001529251
-0.001525462
-0.00149968
-0.001478814
-0.001478669
-0.001483033
-0.001482135
-0.001465874
-0.001442987
-0.001434981
-0.00142523
-0.00141259
-0.001405768
-0.001402836
-0.001392189
-0.001378125
-0.001370066
-0.001373715
-0.001388902
-0.001389625
-0.001366714
-0.001343349
-0.001338557
-0.001363782
-0.001402869
-0.001405566
-0.001350277
-0.00126204
-0.001192572
-0.001178795
-0.001212122
-0.001260304
-0.001275568
-0.001259269
-0.001241029
-0.001231693
-0.001224609
-0.001216713
-0.001205913
-0.001184665
-0.001158805
-0.001137675
-0.001117294
-0.001100253
-0.001093027
-0.001083465
-0.001066083
-0.001045967
-0.001031496
-0.001024147
-0.001027082
-0.001046838
-0.001063081
-0.001053007
-0.001021964
-0.0009887874
-0.0009719458
-0.0009702949
-0.0009693159
-0.0009665159
-0.0009609432
-0.0009533654
-0.0009429867
-0.0009313217
-0.0009225144
-0.0009149022
-0.0009019452
-0.000886966
-0.0008767726
-0.000869384
-0.0008632009
-0.0008522435
-0.0008397953
-0.000831645
-0.0008263424
-0.0008216426
-0.000811131
-0.0007968101
-0.0007864917
-0.0007801179
-0.0007727345
-0.0007630109
-0.0007528993
-0.0007425337
-0.0007309656
-0.0007170851
-0.0007051177
-0.0006960363
-0.000688672
-0.0006796678
-0.0006663766
-0.0006517762
-0.0006399635
-0.000630301
-0.0006191997
-0.0006069737
-0.0005956147
-0.0005860628
-0.0005775442
-0.0005676241
-0.0005576897
-0.0005487194
-0.0005398727
-0.0005300366
-0.0005198748
-0.0005106338
-0.0005018951
-0.000492227
-0.000481816
-0.0004725339
-0.0004642323
-0.0004558903
-0.0004478227
-0.0004392573
-0.0004301153
-0.0004212328
-0.0004126771
-0.0004044435
-0.0003965678
-0.0003884823
-0.0003801275
-0.0003716157
-0.0003631147
-0.0003547154
-0.000346067
-0.0003372177
-0.0003285128
-0.0003202185
-0.0003131099
-0.0003066111
-0.0003002374
-0.0002931846
-0.0002848983
-0.0002765407
-0.0002687799
-0.0002614458
-0.0002540067
-0.0002463128
-0.0002385552
-0.000231076
-0.0002238122
-0.0002165455
-0.0002091821
-0.000201744
-0.0001942583
-0.0001868211
-0.0001794215
-0.0001721552
-0.000164891
-0.0001574703
-0.0001502117
-0.0001435873
-0.0001369493
-0.0001296629
-0.000121923
-0.0001145441
-0.0001077758
-0.000101213
-9.448495e-05
-8.756643e-05
-8.06274e-05
-7.380515e-05
-6.704717e-05
-6.024673e-05
-5.341998e-05
-4.661321e-05
-3.979586e-05
-3.300239e-05
-2.62298e-05
-1.941432e-05
-1.253106e-05
-5.650788e-06
1.175455e-06
7.966047e-06
1.475547e-05
2.155409e-05
2.835455e-05
3.515035e-05
4.194464e-05
4.874597e-05
5.554291e-05
6.232006e-05
6.908772e-05
7.586121e-05
8.263241e-05
8.94029e-05
9.617753e-05
0.000102932
0.000109662
0.0001163886
0.0001231298
0.0001298812
0.0001366286
0.0001433623
0.0001500815
0.0001567927
0.0001635003
0.000170202
0.0001768943
0.0001835771
0.0001902514
0.0001969171
0.0002035747
0.0002102231
0.000216862
0.0002234917
0.0002301124
0.0002367232
0.0002433232
0.0002499127
0.000256492
0.0002630607
0.000269618
0.0002761634
0.0002826969
0.0002892185
0.0002957276
0.0003022238
0.0003087067
0.0003151763
0.0003216322
0.0003280742
0.0003345021
0.0003409154
0.0003473141
0.0003536976
0.0003600658
0.0003664185
0.0003727554
0.0003790763
0.0003853809
0.000391669
0.0003979403
0.0004041946
0.0004104316
0.0004166511
0.0004228528
0.0004290364
0.0004352018
0.0004413487
0.0004474768
0.0004535859
0.0004596758
0.0004657461
0.0004717967
0.0004778273
