-2.589063e-05
-2.592613e-05
-2.59417e-05
-2.596128e-05
-2.59699e-05
-2.597372e-05
-2.599821e-05
-2.600987e-05
-2.600186e-05
-2.600486e-05
-2.601817e-05
-2.6069e-05
-2.60457e-05
-2.591231e-05
-2.586236e-05
-2.589648e-05
-2.591985e-05
-2.5865e-05
-2.59159e-05
-2.589152e-05
-2.576176e-05
-2.561472e-05
-2.556524e-05
-2.559503e-05
-2.545949e-05
-2.558482e-05
-2.569503e-05
-2.568868e-05
-2.555512e-05
-2.521588e-05
-2.548108e-05
-2.54401e-05
-2.462838e-05
-2.454041e-05
-2.503557e-05
-2.466133e-05
-2.437733e-05
-2.473437e-05
-2.467903e-05
-2.453026e-05
-2.418267e-05
-2.410192e-05
-2.459139e-05
-2.424224e-05
-2.355261e-05
-2.444722e-05
-2.469355e-05
-2.281992e-05
-2.31029e-05
-2.380878e-05
-2.316261e-05
-2.355038e-05
-2.298559e-05
-2.250345e-05
-2.311341e-05
-2.206059e-05
-2.119887e-05
-2.217831e-05
-2.242026e-05
-2.217875e-05
-2.211632e-05
-2.214238e-05
-2.304934e-05
-2.23776e-05
-2.182568e-05
-2.197059e-05
-1.94132e-05
-1.917782e-05
-2.156252e-05
-2.255944e-05
-2.240154e-05
-2.107497e-05
-2.061217e-05
-2.067168e-05
-2.096886e-05
-2.133321e-05
-2.060608e-05
-1.781483e-05
-1.452555e-05
-1.715189e-05
-1.877871e-05
-1.763655e-05
-2.037319e-05
-1.872126e-05
-1.76061e-05
-1.99277e-05
-1.759627e-05
-1.622339e-05
-1.592794e-05
-1.219955e-05
-8.791116e-06
-1.45989e-05
-1.968078e-05
-1.379578e-05
-1.293987e-05
-1.208033e-05
-1.046397e-05
-1.51168e-05
-1.757708e-05
-2.368601e-05
-2.162331e-05
-1.046268e-05
-1.011429e-05
-1.129725e-05
-1.253328e-05
-1.449498e-05
-1.2071e-05
-9.799211e-06
-9.467615e-06
-1.394392e-05
-1.76193e-05
-1.840464e-05
-1.309537e-05
-4.996154e-06
-4.128588e-06
-1.577977e-06
-4.228614e-06
-6.14472e-06
1.270924e-06
-5.42782e-06
-1.634061e-05
-1.374171e-05
-1.185251e-05
-1.067388e-05
-5.224097e-06
-6.803726e-06
-1.133693e-05
-1.145342e-05
-7.284218e-06
3.131013e-06
1.704222e-06
-2.124779e-06
3.806875e-06
-2.094128e-07
-6.065222e-06
-1.017919e-05
-1.356324e-06
1.078382e-05
-3.917962e-06
-5.631595e-06
-2.133513e-06
-8.133125e-06
3.43562e-06
-5.141338e-06
-1.674202e-05
-6.127057e-06
-8.623697e-06
-4.930814e-06
-3.779583e-06
-3.887499e-06
1.179125e-05
5.304247e-06
8.002991e-07
4.900788e-06
-5.238635e-06
-6.91572e-06
4.480787e-06
8.100695e-06
-9.749511e-06
-1.355025e-05
-7.43173e-06
-9.962687e-06
1.337395e-06
5.365399e-06
6.233827e-06
6.880222e-06
6.129594e-06
1.561473e-05
5.305011e-06
3.779425e-06
1.45288e-05
5.982277e-06
5.216284e-06
-2.648124e-06
-1.329623e-05
-2.397257e-06
1.730314e-05
2.620796e-05
9.992084e-06
4.806525e-07
1.951991e-06
2.014554e-06
8.861651e-06
7.498342e-06
1.487337e-06
1.080073e-05
2.285705e-05
1.879909e-05
1.217974e-05
4.966363e-06
2.721696e-06
5.604134e-06
7.236916e-06
1.260547e-05
7.930605e-06
1.334431e-05
1.368262e-05
-6.775656e-06
-5.567213e-06
4.400478e-06
7.130005e-06
1.905065e-06
3.013105e-06
7.919246e-06
-5.300554e-07
1.632336e-06
6.715252e-06
1.695361e-05
2.740212e-05
2.031042e-05
1.659117e-05
1.822525e-05
2.412817e-05
2.344143e-05
2.272112e-05
3.009512e-05
1.674039e-05
1.445099e-05
3.215903e-05
2.375619e-05
6.715763e-06
9.078418e-06
2.168369e-05
1.967096e-05
1.306418e-05
2.087672e-05
1.89828e-05
8.119976e-06
9.966814e-06
2.479102e-05
3.840101e-05
2.632095e-05
4.399216e-06
1.313052e-05
2.207568e-05
2.27635e-05
1.565005e-05
1.142338e-05
3.516372e-05
2.932752e-05
1.798588e-05
1.571779e-05
6.941323e-07
2.123706e-05
3.753788e-05
1.648743e-05
5.512975e-07
2.009799e-05
3.835581e-05
3.239203e-05
3.15202e-05
1.078308e-05
6.336744e-06
3.083861e-05
1.250575e-05
3.554073e-06
2.187134e-05
4.550373e-06
1.033006e-05
2.499275e-05
9.099444e-07
9.615668e-06
3.147306e-05
3.51431e-05
2.343519e-05
5.86072e-06
1.113787e-05
6.63213e-06
2.00669e-05
4.156752e-05
2.474984e-05
1.536982e-05
2.156888e-05
3.712309e-05
5.105671e-05
3.970935e-05
2.354573e-05
2.923816e-05
3.962828e-05
2.314764e-05
1.104789e-05
2.25125e-05
2.867082e-05
3.173292e-05
3.464916e-05
2.099395e-05
1.244662e-05
1.982074e-05
1.384677e-05
7.156375e-06
1.675436e-05
2.689612e-05
2.834272e-05
3.20346e-05
2.545684e-05
6.641161e-06
1.260251e-05
1.389541e-05
2.157992e-05
2.908867e-05
2.324478e-05
4.787055e-05
4.511464e-05
2.886333e-05
3.387581e-05
2.9936e-05
2.141272e-05
6.277784e-06
2.054889e-05
2.136649e-05
1.3365e-05
2.800866e-05
7.459845e-06
1.672271e-05
3.821037e-05
2.515132e-05
3.090837e-05
2.621359e-05
2.099646e-05
2.310994e-05
2.31596e-05
3.567714e-05
1.658672e-05
7.942547e-06
3.141088e-05
2.563228e-05
1.310729e-05
1.559322e-05
1.767413e-05
1.122791e-05
1.509123e-05
4.728644e-05
5.045334e-05
1.518463e-05
-5.38811e-06
1.517096e-05
3.811988e-05
2.423593e-05
2.285655e-05
2.989377e-05
2.341217e-05
2.10069e-05
1.764187e-05
1.316862e-05
1.446778e-05
2.784551e-05
2.017963e-05
1.229619e-05
1.554864e-05
6.683861e-06
2.989975e-05
3.402411e-05
2.116781e-05
2.685347e-05
1.336262e-05
2.095013e-05
2.075151e-05
1.71938e-05
5.621705e-05
5.031174e-05
8.529214e-06
1.132141e-05
2.496725e-05
1.950024e-05
2.020389e-05
1.352184e-05
9.639003e-06
1.567535e-05
5.939278e-06
1.010329e-05
1.052742e-05
4.66919e-06
1.271514e-05
1.36592e-05
2.655948e-05
2.432164e-05
7.862429e-06
1.746603e-05
1.356272e-05
9.02743e-06
1.661458e-05
1.361184e-05
2.11312e-05
1.259715e-05
1.731125e-05
4.990323e-05
4.309547e-05
1.731049e-05
1.069043e-05
1.204603e-05
6.915072e-06
1.051925e-05
1.465216e-05
9.507716e-06
1.601814e-05
2.964227e-06
1.462939e-06
2.539854e-05
2.998088e-05
2.830541e-05
2.513157e-05
3.238195e-05
2.318777e-05
1.325065e-06
3.496428e-06
2.372025e-05
3.072426e-05
7.74352e-06
1.500799e-05
3.008133e-05
2.42948e-05
3.243505e-05
2.547501e-05
1.781889e-06
2.404039e-06
2.495178e-05
3.120216e-05
4.139367e-05
4.389516e-05
2.103867e-05
2.289817e-05
2.002903e-05
1.240514e-05
1.347855e-05
3.627615e-06
6.287837e-06
8.396843e-06
-3.02683e-06
-2.943016e-06
1.513687e-05
1.453231e-05
1.120976e-05
1.713979e-05
8.4566e-07
4.016656e-06
9.301782e-06
1.863509e-05
5.279464e-05
2.882727e-05
2.768753e-06
1.743499e-05
1.854517e-05
2.456127e-05
2.056524e-05
1.658807e-05
2.115168e-05
4.214766e-06
-3.382388e-06
4.885102e-06
1.90226e-05
2.288325e-05
1.595242e-05
9.351597e-06
-6.267698e-06
8.459184e-06
3.658916e-05
2.772948e-05
2.285421e-05
2.421909e-05
1.362165e-05
1.747855e-05
2.146459e-05
2.006254e-06
-1.126791e-05
3.793412e-06
1.861138e-05
1.331553e-05
1.554729e-06
1.428567e-05
3.229682e-05
1.873144e-05
5.697021e-06
9.764055e-06
1.78292e-05
1.964503e-05
2.75578e-05
3.149251e-05
4.378567e-06
1.127569e-05
3.640654e-05
2.248551e-05
1.28864e-05
1.140264e-05
-5.060393e-06
-2.099763e-05
-4.147836e-07
2.436837e-05
9.216035e-06
1.164304e-05
1.368333e-05
9.354249e-06
1.524749e-05
3.070806e-06
2.51876e-06
-1.527572e-06
-5.497454e-06
9.271121e-06
2.09197e-05
2.697683e-05
9.279639e-06
8.847945e-06
2.049488e-05
-9.244283e-06
-9.911846e-06
2.696779e-05
2.24475e-05
1.029214e-05
2.04795e-05
4.376125e-06
-2.263826e-06
1.250421e-05
3.255228e-06
-6.425553e-06
-1.299761e-05
-4.750648e-06
4.891316e-06
-1.204526e-05
3.48427e-07
2.617e-05
1.924469e-05
-3.67667e-06
-1.972259e-05
-2.149219e-06
8.825731e-06
-5.647733e-06
-1.078861e-05
-2.087108e-05
-7.504271e-06
1.888936e-05
6.019563e-06
2.064068e-05
5.128767e-05
2.255543e-05
-6.764333e-06
-4.409829e-06
-8.460024e-06
-1.313833e-05
-7.272509e-06
4.085408e-06
1.908364e-05
1.084282e-05
-2.787892e-06
-1.212018e-06
-1.330653e-05
-6.721135e-06
2.098746e-05
1.183861e-05
-8.920614e-07
2.130531e-05
1.648313e-05
-1.43051e-05
-5.067048e-06
1.422207e-06
-1.74707e-06
1.785483e-05
1.522327e-05
1.809256e-05
2.170136e-05
2.838251e-06
6.797963e-06
4.386837e-06
-9.91171e-06
-1.436313e-05
-1.058128e-05
1.357494e-05
2.066962e-05
-6.976135e-06
-1.461401e-05
1.778937e-05
2.67722e-05
9.2156e-06
9.600537e-06
4.367122e-06
-6.22072e-06
-1.60196e-05
9.322113e-06
4.559781e-05
2.136775e-05
9.671949e-06
9.281259e-08
-2.623957e-05
-1.188715e-05
-1.196833e-05
-2.239038e-05
-1.348668e-05
1.58271e-06
6.0217e-06
-4.193484e-06
1.935016e-05
2.673716e-05
-8.978015e-07
7.230617e-06
1.331549e-05
1.27381e-06
6.379647e-06
4.950539e-06
1.572623e-05
3.147802e-05
3.799671e-06
-1.642117e-05
-6.374619e-06
1.062005e-05
1.723004e-05
6.387497e-06
1.30981e-05
1.555771e-05
1.171857e-05
1.360698e-05
-5.326463e-06
-7.716071e-06
-5.950781e-06
-9.553367e-06
3.855197e-06
3.420301e-06
1.576183e-05
1.338039e-05
-1.757284e-06
1.09062e-05
-2.149883e-06
-4.577502e-07
5.660397e-06
-4.267746e-06
1.353769e-05
5.945567e-06
-2.477001e-06
-8.018091e-07
-1.466496e-05
-1.940837e-05
-1.899383e-05
-7.218367e-06
-6.681367e-06
-7.66641e-06
1.610972e-06
-6.315636e-06
-1.689702e-05
-1.422461e-05
2.34351e-06
8.363935e-06
7.990708e-06
6.925553e-06
-5.388716e-06
2.132907e-07
-2.58127e-07
-4.292582e-06
5.510015e-06
9.723536e-08
-1.404851e-05
-9.249321e-06
1.683316e-05
2.14922e-05
1.486584e-05
3.681844e-06
-2.349106e-05
-2.442233e-05
-1.476784e-05
-1.22193e-05
-1.529173e-07
-2.320545e-06
-2.99252e-05
-3.243452e-05
-2.734751e-06
2.511311e-06
-1.094868e-05
-1.463692e-05
-2.918098e-06
1.014938e-05
-2.212034e-06
-1.743085e-05
-4.994956e-06
3.116718e-06
1.679476e-06
1.147293e-06
5.823768e-07
1.535193e-05
-4.609876e-06
-2.821589e-05
-4.491152e-06
-4.636675e-06
-1.91156e-05
-1.574059e-05
-1.570059e-05
-1.383713e-05
1.521747e-06
4.635042e-06
-1.130605e-05
-5.560451e-07
5.519772e-06
-9.109419e-06
-1.83616e-05
-1.732377e-05
-2.725672e-06
-1.681656e-05
-1.35621e-05
1.00166e-05
-1.007894e-05
-8.703762e-06
3.995537e-06
2.250785e-06
-4.616375e-06
-3.061947e-05
-2.336296e-05
-7.26907e-06
-1.46856e-05
-2.148398e-07
9.80317e-06
-8.873677e-06
-1.688219e-05
-2.047515e-05
-2.303466e-05
-1.358303e-05
-1.102395e-05
-1.833106e-05
-2.034432e-05
-1.705667e-05
-1.698872e-05
-3.799281e-06
-1.156835e-06
-2.063877e-05
-1.657488e-05
-1.504614e-05
-1.333925e-05
2.387107e-06
-8.493937e-06
-1.848108e-05
-1.556395e-05
-1.400614e-05
-2.455109e-06
5.10193e-06
-1.133251e-05
-3.12057e-05
-3.249981e-05
-2.733293e-05
-2.038237e-05
-1.542237e-05
-2.495125e-06
2.577455e-06
-2.927997e-05
-3.137405e-05
-7.47609e-06
-1.459536e-05
-9.926586e-06
-1.533659e-05
-2.59544e-05
2.234682e-06
-6.662084e-06
-2.337606e-05
-5.690627e-06
-1.237302e-05
-1.68291e-05
-8.856141e-08
1.685118e-05
1.080461e-05
-2.209054e-05
-2.331269e-05
-6.746695e-06
-1.521423e-05
-2.009127e-05
-2.063736e-05
-2.989728e-05
-2.94814e-05
-1.018194e-05
8.596007e-07
-1.390838e-05
-2.738399e-05
-1.81348e-05
-5.178305e-06
-1.639355e-05
-1.630097e-05
-3.109482e-06
-8.325898e-06
1.593674e-05
2.715807e-05
-1.35733e-05
-1.564133e-05
-4.386424e-07
-1.399961e-05
-2.408928e-05
-3.270696e-05
-3.477895e-05
-2.645842e-05
-1.390352e-05
-1.3144e-07
-1.996378e-05
-2.788115e-05
-1.288329e-05
-3.316215e-05
-2.745492e-05
-3.236713e-06
-1.051449e-05
-2.64319e-05
-3.882453e-05
-1.872731e-05
1.995933e-06
-3.421205e-06
-2.779388e-06
-2.661161e-06
-1.207025e-05
-2.327142e-05
-2.546071e-05
-2.558208e-05
-2.25401e-05
-6.841063e-06
-4.484703e-06
-2.226027e-05
-2.033761e-05
-1.197517e-05
-2.138427e-05
-2.025953e-05
-2.025745e-05
-2.06174e-05
-2.585354e-05
-4.152429e-05
-2.183501e-05
-7.945296e-06
-1.100241e-06
2.70462e-06
-2.669031e-05
-2.473658e-05
-6.337223e-06
-7.281735e-06
-1.736247e-05
-3.033567e-05
-2.924804e-05
-2.651985e-05
-1.696263e-05
-1.422166e-05
-2.050357e-05
-1.443414e-05
-3.106952e-05
-4.950838e-05
-4.116578e-05
-1.998098e-05
4.988225e-07
-1.317837e-05
-3.000447e-05
-2.216868e-05
-2.155793e-05
-2.266535e-05
-2.185302e-05
-3.357049e-05
-3.152625e-05
-1.860018e-05
-3.119134e-05
-3.95117e-05
-2.333795e-05
-6.967224e-06
-8.287265e-06
-1.873182e-05
-2.13289e-05
-2.447257e-05
-1.829952e-05
-3.059434e-05
-3.580995e-05
-2.452223e-05
-4.718558e-05
-3.806889e-05
-1.013507e-05
-3.666184e-06
-4.368429e-06
-1.706861e-05
-1.251123e-05
-1.497192e-05
-2.455879e-05
-2.657797e-05
-3.278839e-05
-2.301687e-05
-2.869461e-05
-4.12179e-05
-2.386193e-05
-1.453664e-05
-1.094726e-05
-1.447681e-05
-3.910484e-05
-3.016681e-05
-1.418245e-05
-2.908468e-05
-2.955822e-05
-2.854972e-05
-2.378192e-05
-6.327287e-06
-2.776084e-05
-4.840988e-05
-2.347134e-05
-2.027375e-05
-1.706971e-05
1.813357e-05
1.110052e-05
-2.035655e-05
-2.955382e-05
-4.252387e-05
-3.341215e-05
-2.161796e-05
-4.168107e-05
-2.1859e-05
4.048009e-06
-3.05432e-05
-3.239208e-05
-1.393368e-05
-3.275884e-05
-2.767212e-05
-1.539298e-05
-2.2996e-05
-2.064995e-05
-1.301884e-05
-1.819945e-05
-3.153431e-05
-3.514182e-05
-2.404088e-05
-1.691279e-05
-2.828577e-05
-4.204264e-05
-2.823613e-05
-2.003146e-05
-3.992827e-05
-3.327465e-05
-2.824341e-05
-3.29779e-05
-2.25033e-05
-2.544377e-05
-2.2928e-05
-3.41341e-05
-4.045681e-05
-2.593666e-05
-3.087113e-05
-2.530387e-05
-3.913701e-05
-6.227198e-05
-4.090322e-05
-2.536999e-05
-2.963185e-05
-2.504565e-05
-1.911953e-05
-2.723132e-05
-2.772045e-05
-2.613494e-05
-2.346144e-05
-2.850051e-06
-2.238049e-05
-4.010055e-05
-3.581118e-05
-4.665747e-05
-2.495893e-05
-2.755686e-05
-4.634603e-05
-2.540967e-05
-3.241703e-05
-3.316881e-05
-1.412598e-05
-1.575254e-05
-1.876421e-05
-3.293603e-05
-3.800898e-05
-1.733113e-05
-1.682745e-05
-3.413805e-05
-2.766678e-05
-1.29399e-05
-1.904384e-05
-3.555639e-05
-3.284961e-05
-1.018507e-05
-1.322161e-05
-2.845169e-05
-2.513109e-05
-3.376222e-05
-5.269022e-05
-4.502308e-05
-2.743687e-05
-3.592639e-05
-4.26901e-05
-3.519732e-05
-2.483523e-05
-1.289428e-05
-1.52973e-05
-2.363033e-05
-2.775737e-05
-2.000768e-05
-1.732879e-05
-3.638467e-05
-3.414296e-05
-1.623595e-05
-1.735644e-05
-3.221503e-05
-2.69841e-05
-1.61588e-05
-3.883273e-05
-4.813227e-05
-3.359504e-05
-2.87501e-05
-1.78165e-05
-5.472751e-06
-1.069373e-05
-3.270438e-05
-3.300845e-05
-8.985703e-06
-1.228864e-05
-1.796379e-05
-1.62936e-05
-2.246656e-05
-1.527977e-05
-2.905306e-05
-3.88484e-05
-2.228713e-05
-4.164229e-05
-4.636615e-05
-2.691775e-05
-2.945456e-05
-1.868707e-05
-1.555253e-05
-3.592392e-05
-4.419783e-05
-3.905641e-05
-4.691563e-05
-5.327789e-05
-2.964509e-05
-1.993695e-05
-2.642471e-05
-1.854029e-05
-2.718355e-05
-4.395891e-05
-2.97608e-05
-1.922023e-05
-4.19673e-05
-5.490547e-05
-4.575312e-05
-3.141125e-05
-2.498929e-05
-3.150105e-05
-2.69625e-05
-2.305911e-05
-4.182165e-05
-4.589948e-05
-3.035867e-05
-2.960972e-05
-3.088429e-05
-2.569229e-05
-2.115606e-05
-3.361469e-05
-4.240974e-05
-2.458508e-05
-2.788195e-05
-3.192772e-05
-2.323713e-05
-2.465414e-05
-1.87049e-05
-2.854518e-05
-2.292816e-05
-1.271179e-05
-4.117717e-05
-5.751242e-05
-5.933593e-05
-5.42455e-05
-4.736495e-05
-4.192248e-05
-2.29245e-05
-2.332145e-05
-3.495444e-05
-3.780018e-05
-4.882078e-05
-4.732534e-05
-3.997419e-05
-4.160692e-05
-2.874301e-05
-3.375406e-05
-4.993341e-05
-3.957118e-05
-1.878302e-05
-1.569201e-05
-4.394084e-05
-4.086453e-05
-1.78841e-05
-3.104548e-05
-4.072201e-05
-5.129908e-05
-5.367806e-05
-3.772618e-05
-4.717403e-05
-5.953431e-05
-3.911631e-05
-1.168272e-05
-1.30945e-05
-3.827224e-05
-5.999037e-05
-5.718007e-05
-4.479296e-05
-2.951554e-05
-3.025399e-05
-4.515057e-05
-4.258955e-05
-3.96812e-05
-3.014872e-05
-3.034234e-05
-4.266859e-05
-4.17177e-05
-4.836333e-05
-4.564547e-05
-3.686002e-05
-2.710077e-05
-2.026705e-05
-1.928875e-05
-1.372237e-05
-2.711674e-05
-2.563918e-05
-1.835247e-05
-3.261755e-05
-2.638335e-05
-2.994293e-05
-4.954694e-05
-4.579033e-05
-4.828415e-05
-4.444073e-05
-1.837202e-05
-2.570164e-05
-4.463247e-05
-3.965038e-05
-3.083093e-05
-3.103257e-05
-3.379254e-05
-3.879334e-05
-5.882222e-05
-5.847962e-05
-4.939683e-05
-5.732804e-05
-5.862793e-05
-4.763669e-05
-3.827445e-05
-4.458723e-05
-4.273768e-05
-3.820379e-05
-3.274085e-05
-3.077161e-05
-4.854711e-05
-2.840695e-05
-6.672863e-06
-2.865283e-05
-3.619181e-05
-2.722725e-05
-3.105395e-05
-4.148789e-05
-2.733271e-05
-2.239682e-05
-3.882057e-05
-3.361547e-05
-3.443049e-05
-4.715153e-05
-5.137908e-05
-4.810708e-05
-3.863943e-05
-3.429576e-05
-3.662234e-05
-4.090434e-05
-3.339673e-05
-4.47747e-05
-5.706336e-05
-2.276491e-05
-1.969019e-05
-5.706835e-05
-5.181446e-05
-3.1728e-05
-4.40917e-05
-5.964092e-05
-5.177021e-05
-5.419927e-05
-4.889304e-05
-2.276314e-05
-2.139979e-05
-2.397181e-05
-2.828068e-05
-4.829834e-05
-4.139441e-05
-2.443528e-05
-3.78023e-05
-5.33481e-05
-3.670124e-05
-3.373442e-05
-3.828599e-05
-2.163578e-05
-3.692281e-05
-4.306549e-05
-2.506983e-05
-2.402134e-05
-1.31983e-05
-6.842009e-06
-1.963902e-05
-3.288998e-05
-2.758585e-05
-2.742766e-05
-5.249293e-05
-4.497761e-05
-2.160459e-05
-3.154961e-05
-3.877821e-05
-2.385053e-05
-2.198416e-05
-3.698007e-05
-2.687493e-05
-2.046654e-05
-2.754338e-05
-9.705396e-06
-1.563842e-05
-2.494766e-05
-1.131362e-05
-3.362253e-05
-5.430963e-05
-4.921529e-05
-3.150901e-05
-2.292776e-05
-3.64235e-05
-2.419082e-05
-2.972288e-05
-4.497812e-05
-3.402059e-05
-4.707437e-05
-4.109646e-05
-2.764056e-05
-4.074362e-05
-2.439837e-05
-6.300288e-06
-1.28216e-05
-3.037492e-05
-4.632516e-05
-4.148872e-05
-4.131523e-05
-4.425218e-05
-3.985981e-05
-3.70006e-05
-1.980815e-05
-4.909749e-06
-1.200092e-05
-2.830657e-05
-3.430032e-05
-3.238164e-05
-3.367427e-05
-3.022849e-05
-3.318217e-05
-3.875959e-05
-2.33642e-05
1.582195e-06
-1.926399e-06
-2.417345e-05
-3.408097e-05
-2.701943e-05
-1.662548e-05
-4.298834e-05
-5.584703e-05
-3.04131e-05
-3.949424e-05
-4.883599e-05
-3.044384e-05
-1.605568e-05
-5.304651e-06
7.070216e-06
-1.356492e-05
-5.942691e-05
-6.340453e-05
-4.47309e-05
-3.095649e-05
-2.900405e-05
-2.963614e-05
-2.394731e-05
-3.105108e-05
-2.831481e-05
-2.197934e-05
-1.3633e-05
-1.712335e-05
-2.907778e-05
-1.034098e-05
-2.168317e-05
-4.643593e-05
-4.175491e-05
-3.660491e-05
-1.845447e-05
-1.083956e-05
-1.492314e-05
-1.0335e-05
-3.491753e-05
-4.135611e-05
-1.681562e-05
-1.87264e-05
-1.84994e-05
-2.199603e-05
-3.436981e-05
-3.689953e-05
-3.260802e-05
-1.318652e-05
-3.240916e-05
-4.716365e-05
-1.16104e-05
-1.765302e-05
-4.268057e-05
-3.155968e-05
-1.130925e-05
-1.569012e-05
-3.81651e-05
-2.452101e-05
-1.233174e-05
-3.949561e-05
-5.086025e-05
-3.589689e-05
-2.567351e-05
-2.705108e-05
-2.245602e-05
-8.065697e-06
2.737049e-06
-8.006484e-06
-2.766014e-05
-2.049906e-05
-1.294715e-05
-2.480901e-05
-1.8267e-05
-1.629197e-05
-3.109963e-05
-2.9438e-05
-3.163517e-05
-2.537104e-05
-1.856651e-05
-3.010373e-05
-2.599356e-05
-2.972526e-05
-2.388465e-05
-8.462032e-06
-2.669782e-05
-4.174863e-05
-5.080688e-05
-5.247932e-05
-4.166828e-05
-4.1604e-05
-2.749441e-05
-2.503598e-05
-3.095797e-05
-1.685471e-05
-3.365456e-05
-2.26166e-05
8.777374e-06
-2.851475e-05
-3.998047e-05
-1.514413e-05
-2.22282e-05
-2.710691e-05
-2.225163e-05
-1.456545e-05
-2.203411e-06
-1.097321e-06
-2.503969e-05
-4.25796e-05
-2.582259e-05
-2.168823e-05
-3.561292e-05
-2.607036e-05
-2.242151e-05
-3.114389e-05
-3.469273e-05
-4.318858e-05
-1.987582e-05
-1.145384e-05
-2.731232e-05
-7.333953e-06
-4.978116e-06
1.142826e-07
-6.486805e-06
-3.492658e-05
-1.546531e-05
-1.273439e-05
-1.770087e-05
-6.433103e-06
-2.372016e-06
-1.500743e-07
-4.435223e-05
-5.477004e-05
-2.290938e-05
-2.932668e-05
-1.525734e-05
-6.805326e-06
-1.018199e-06
6.109925e-06
-2.974693e-05
-1.865682e-05
-1.002733e-05
-2.168825e-05
2.547952e-06
-3.830472e-06
7.558965e-06
3.116837e-06
-3.382425e-05
-2.693241e-05
-4.316456e-05
-4.283046e-05
-2.172188e-05
-1.873647e-05
-1.135978e-06
-7.516156e-06
-1.630905e-05
-1.886332e-05
-2.39628e-05
-1.668495e-05
-1.81643e-05
-1.530016e-05
-8.862925e-06
-6.829015e-06
-1.071067e-05
-1.415404e-05
-1.974481e-05
-2.555403e-05
-1.702887e-05
-2.816207e-06
-9.984214e-07
-2.565545e-05
-2.13227e-05
8.952579e-06
2.459767e-06
-9.014545e-06
-9.130051e-06
-1.642877e-05
-2.620766e-05
-5.760315e-06
4.182531e-06
-6.067074e-06
1.199541e-06
-2.035839e-05
-1.473869e-05
7.757297e-06
-1.85571e-06
1.017009e-05
-3.059081e-06
-2.934874e-05
-2.19353e-05
-1.066385e-05
-9.472902e-06
-1.494424e-05
-1.070112e-05
-1.895706e-05
-1.465376e-05
-1.727042e-06
-1.165463e-05
-1.165296e-05
-1.109447e-05
3.18547e-06
1.284589e-05
-7.61575e-06
-2.361928e-05
-2.569383e-05
-2.905068e-05
-3.200135e-05
5.070104e-07
1.270702e-05
-1.004961e-05
-4.366643e-06
-2.890445e-06
-5.231693e-06
1.275622e-06
-9.580589e-06
-1.042451e-05
-3.940451e-06
-1.676589e-05
-6.435856e-06
8.120982e-06
-9.519058e-06
-1.337773e-05
-1.877281e-05
-1.676291e-05
7.850347e-06
2.326287e-07
-1.353488e-05
-2.676968e-06
3.55376e-06
-2.816693e-06
-1.270348e-06
6.07011e-06
1.344895e-05
7.18513e-06
-6.495594e-06
1.406537e-06
-8.038473e-06
-1.722851e-05
-2.95875e-06
-4.178585e-06
9.892749e-06
1.250547e-05
-1.036495e-05
-1.525025e-05
-2.556124e-05
-2.48311e-05
6.206856e-07
3.771398e-07
-2.288697e-05
-2.94498e-05
-1.958957e-05
-6.603295e-06
-6.675149e-06
-1.893435e-05
-1.759606e-05
-1.419346e-05
-1.210192e-06
5.732576e-06
-1.098994e-05
-2.433634e-06
1.14523e-05
9.361003e-06
1.580675e-05
1.317151e-05
9.729067e-07
-1.115193e-05
-5.648543e-06
1.097757e-05
-1.294433e-06
-1.292774e-05
-7.904966e-06
6.032323e-06
1.929328e-05
-3.012449e-06
2.497531e-07
1.200004e-05
-1.748328e-05
-1.350399e-05
-3.793484e-06
-1.022043e-05
-9.889031e-06
8.758756e-06
2.95001e-05
3.421741e-06
-2.414261e-06
1.392853e-05
2.591118e-05
3.546908e-05
6.275463e-06
-5.112291e-06
-5.02007e-07
-2.388043e-06
7.955802e-06
-8.957652e-06
-1.931968e-05
1.287933e-06
3.45016e-06
7.51702e-06
1.161009e-05
8.143944e-06
1.337472e-05
2.776439e-06
3.856831e-06
8.864292e-06
5.503052e-06
2.239972e-05
2.558905e-05
1.737927e-05
4.281851e-06
1.291253e-07
1.367503e-05
1.578659e-05
1.564204e-05
1.091405e-05
5.380263e-06
6.575927e-06
1.660613e-05
1.84587e-05
1.248739e-05
3.833883e-05
4.4612e-05
1.452753e-05
6.689824e-06
1.170614e-05
1.330199e-05
9.971987e-06
2.938218e-06
4.781328e-06
1.761381e-05
1.207506e-05
4.986492e-06
1.64253e-05
-2.541516e-06
-1.179468e-05
1.277678e-05
1.404486e-05
2.319967e-05
2.512923e-05
3.0091e-06
5.079466e-06
4.638416e-06
1.661851e-05
3.366571e-05
2.332373e-05
2.442915e-05
1.932772e-05
1.749566e-05
2.757426e-05
3.281635e-05
4.169522e-05
3.204768e-05
2.133367e-05
2.15352e-05
2.748041e-05
2.835531e-05
2.241062e-05
2.56456e-05
1.136629e-05
1.313594e-05
3.28376e-05
2.53334e-05
2.158599e-05
3.120387e-05
3.684287e-05
2.33007e-05
1.651425e-05
3.164829e-05
4.102006e-05
2.939696e-05
-4.583867e-06
8.786318e-06
3.752637e-05
3.100646e-05
3.282018e-05
7.000624e-06
-8.176517e-07
2.111209e-05
1.609142e-05
2.833145e-05
3.288848e-05
2.764908e-05
2.683268e-05
1.238963e-05
8.367895e-06
3.448401e-06
1.208082e-05
1.780726e-05
1.323695e-05
2.317707e-05
3.043919e-05
3.285432e-05
1.73594e-05
9.560008e-06
2.160643e-05
2.123734e-05
1.847166e-05
1.437694e-05
2.006858e-05
2.221087e-05
1.404245e-05
1.230268e-05
1.139522e-05
2.4044e-05
2.783051e-05
3.094686e-05
3.504179e-05
1.306005e-05
1.837391e-05
2.468674e-05
2.384429e-05
4.319975e-05
4.104731e-05
3.005845e-05
6.461967e-06
-5.367005e-06
9.141341e-06
2.017301e-05
3.457762e-05
3.103981e-05
3.842479e-05
5.301787e-05
4.047366e-05
3.981656e-05
3.443688e-05
1.900905e-05
3.135423e-05
4.10527e-05
4.16139e-05
8.040948e-05
9.203125e-05
4.748082e-05
4.10264e-05
6.129714e-05
8.004434e-05
8.898435e-05
7.335239e-05
7.633813e-05
7.903171e-05
6.470481e-05
7.02423e-05
8.131757e-05
8.042205e-05
7.704886e-05
9.118975e-05
0.0001063765
9.362672e-05
9.680907e-05
0.0001187698
0.0001244125
0.0001161244
9.359009e-05
9.583124e-05
0.0001290755
0.0001339153
0.0001035469
9.405424e-05
0.0001223179
0.0001316669
7.981138e-05
2.923735e-05
5.063355e-05
9.173481e-05
8.277162e-05
2.481401e-05
-2.546209e-05
-2.637705e-06
6.053969e-05
5.873621e-05
1.210559e-05
-5.093319e-05
-0.0001425765
-0.0001113869
-7.664668e-06
2.128096e-05
-5.088493e-06
-0.0001536989
-0.000210404
5.618099e-07
0.0001876288
0.0001215583
-0.0001208037
-0.0001858295
2.390468e-05
0.0001651377
-4.636961e-05
-0.0004137798
-0.000362406
2.343515e-05
0.0001211089
-4.599553e-05
-9.210334e-05
5.885486e-05
0.0002708671
0.000403586
0.0003980311
0.0003146433
0.0003223097
0.0003153676
0.0001703195
0.0001126224
9.923955e-05
0.0001409959
0.0003395788
0.0003801886
0.0002307471
0.0002236578
0.0005247289
0.0008761626
0.0008949268
0.0005955887
0.0002046051
7.587746e-05
0.0002935433
0.0003899173
0.0002144284
5.251197e-05
1.984351e-05
9.511041e-05
0.0002117666
0.000407068
0.0006005477
0.000530824
0.0003645576
0.0001499247
-0.0002116084
-0.0003141511
-5.827148e-05
-8.005869e-06
-0.0005256156
-0.001091805
-0.0009886745
-0.0002726828
0.0002541815
-8.907387e-05
-0.0006153153
-0.000329407
0.0002905268
0.0003398235
-0.0002370875
-0.0006678491
-0.0001598353
0.0004639296
7.92272e-05
-0.0004159635
-0.0001485093
0.0002122596
-7.511565e-05
-0.0004768133
-5.902643e-05
0.0005582933
0.0005521641
0.0002087713
7.587873e-05
0.0005585804
0.001186213
0.001070888
0.0005539223
0.0005370706
0.0007260012
0.0005974184
0.0006347875
0.001074871
0.001418215
0.001230915
0.0007105942
0.0004802732
0.0008746443
0.001649261
0.001753611
0.0009231548
0.0002730384
0.0002242166
0.0005651713
0.000711764
0.0002028029
-0.0005197807
-0.0009824982
-0.0005785589
0.0002461198
0.0003618971
0.000120341
-7.180091e-05
-3.412536e-05
0.0002236697
0.0001477547
-0.0001367246
-0.0005508772
-0.0007036466
-0.0002319017
-2.170934e-05
-0.0002517211
-0.0006348905
-0.0008653574
-0.0008001454
-0.0009192388
-0.0008229896
-0.0007854189
-0.000757855
-7.437009e-05
-6.905736e-05
-0.0002908286
0.0005613192
0.001491175
0.00162791
0.0007540506
1.933311e-05
0.0004806371
0.001353366
0.001747049
0.0009261848
-0.0003866297
-0.0003998352
0.0007121084
0.001208064
-8.502594e-05
-0.001278919
-0.0001920793
0.001586117
0.00213265
0.0008666477
-0.001048255
-0.001531274
-0.0006407003
-2.57975e-05
-0.001321356
-0.002503007
-0.001440132
-4.531466e-05
-5.088359e-05
-0.001680274
-0.0021381
-0.0002891905
0.001750295
0.002612081
0.0001123225
-0.002518716
-0.001372944
0.0002843652
0.0002966142
-0.001048143
-0.001850542
-0.001900001
-0.002947729
-0.002528987
-0.0005152605
0.0002261561
0.0003372241
0.0010592
0.001603172
0.001263123
7.561521e-05
-0.0008702003
0.0009995072
0.003769209
0.003058074
-0.00128556
-0.004935662
-0.001926567
0.003512315
0.002717894
-0.0008683218
-0.001233746
0.001154561
0.00383046
0.004030626
0.002260893
0.001666007
0.002317085
0.002418633
0.001027584
-0.0003388395
0.000949319
0.003159588
0.002509906
0.0004882162
0.0001376363
0.0005104966
0.001339991
0.002201913
-0.0001481555
-0.004637763
-0.004351952
0.00191415
0.005162265
0.0003286753
-0.006817183
-0.009251991
-0.005394114
-0.0005192678
-0.0006278442
-0.002877371
-0.002664782
-0.001711467
-0.001759205
-0.001722245
0.0006505669
0.004139383
0.003538743
0.0002897909
0.0004745166
0.002501269
0.002737086
0.002273405
0.0003769829
-0.00185811
-0.001103567
0.0001880653
-0.0002183838
-0.002233773
-0.004218006
-0.002717584
0.002047506
0.006403691
0.003746813
-0.002533149
-0.002795138
0.0001764089
0.003321361
0.003009933
-0.000722614
-0.0007599522
0.0008948589
0.003478693
0.005699285
0.004914325
0.005022872
0.008910494
0.01374232
0.01051425
0.003355451
0.0009416407
0.001689828
0.006508664
0.006670126
-0.002974
-0.008481336
-0.002992294
0.005137063
0.005248681
-0.002345193
-0.006832496
-0.0005446331
0.0082849
0.009036267
0.005605321
0.0005700932
-0.003077339
-0.0006029842
0.001318721
-0.0009184395
-0.004965063
-0.009115173
-0.008904285
-0.005113146
-0.002057795
-0.004017809
-0.009089233
-0.00615056
0.002125855
0.005786828
0.003812071
0.0006076393
0.0008433994
0.002870045
0.005253438
0.004749229
0.003392375
0.0038294
0.00136927
0.00176706
0.003502335
0.0005517585
-0.0007097251
0.002142065
0.005663322
0.004330004
-0.0002333322
-0.002317521
-0.003696319
-0.001393883
0.004331046
0.002134758
-0.002034394
0.003332703
0.008861943
0.007038224
0.003027214
0.003189934
0.005856258
0.008882143
0.01094377
0.006110408
0.004187332
0.009367409
0.01120273
0.01007393
0.007500425
0.005417038
0.001782861
-0.003057105
-0.002635235
-0.001590697
-0.004014444
-0.007219425
-0.008067652
-0.008064022
-0.009578039
-0.01098693
-0.009120524
-0.0004469332
0.009145967
0.009580427
0.002348106
-0.0003219392
0.007134633
0.01555817
0.01480934
0.007607012
-0.0003557863
-0.009609984
-0.01377253
-0.009035569
0.0007478147
0.007884011
0.003841703
-0.002459257
-0.001597563
0.004261075
0.008494857
0.004582666
-0.0004906783
0.0003365492
0.002021144
-0.0002314291
-0.002929823
-0.002375364
-0.001187958
0.0001391578
0.000443917
-0.004873784
-0.007834257
0.0002315207
0.00583249
0.00148096
-0.002460907
-0.002951561
-0.00106734
0.003688331
0.003527415
-0.004653323
-0.005774907
0.001449624
0.007290591
0.01248821
0.008836216
0.0004287787
-0.0005715362
0.001754135
0.003015935
-0.0007206147
-0.001973774
0.002408424
0.002297331
-0.004131248
-0.01529427
-0.0183406
-0.007647769
0.003369846
0.004623813
-0.005956178
-0.01153436
-0.001508721
0.01012365
0.0153344
0.01288702
0.006481354
0.004224545
0.004162283
0.003733192
0.003561626
0.004492242
0.007409935
0.008223471
0.007628243
0.0103141
0.01185988
0.008060765
0.005606474
0.003818621
0.0007979099
0.003155332
-0.001012525
-0.01385781
-0.01896004
-0.01843771
-0.01572806
-0.01243184
-0.01332376
-0.01002736
0.003773706
0.01130159
0.004808599
0.002099249
0.007846625
0.01262869
0.008820313
-0.004043215
-0.01444429
-0.009334591
0.005933289
0.01001678
0.001497198
-0.00561587
-0.004321472
0.001098255
5.896356e-05
-0.005923536
-0.007862396
-0.007021717
-0.01080397
-0.0111344
-0.006169855
-0.006128033
-0.004811594
-0.004209816
-0.007061614
-0.007816575
-0.006941911
-0.003122117
-0.002831706
-0.001262724
0.006874731
0.01163744
0.01412514
0.01099787
0.007054129
0.01268829
0.01470685
0.01100162
0.005441194
-0.007354117
-0.01356873
-0.006579485
0.0003418195
0.003438349
0.0004221157
-0.006689104
-0.01010418
-0.004635614
0.01169682
0.02045188
0.01512406
0.01019849
0.006280806
0.007736301
0.01019251
0.002445796
-0.006064101
-0.008395239
-0.004635846
-0.003592631
-0.007684602
-0.008996246
-0.01051564
-0.004827215
0.002788625
-0.0003277559
-0.00372694
-0.006113736
-0.002213158
0.006032564
0.002195533
-0.009998816
-0.02148157
-0.02090043
-0.01230096
-0.01060272
-0.01414739
-0.02052124
-0.01645715
0.003230418
0.01792871
0.01608521
0.003156684
-0.008851555
-0.01261724
-0.01037434
-0.01062654
-0.01363467
-0.01795757
-0.02662392
-0.02505381
-0.01329196
-0.005912851
-0.001930726
-0.003318912
-0.002124089
0.009502891
0.01935785
0.01823516
0.01367937
0.01548509
0.01632435
0.01160912
0.003209739
-0.006137874
-0.007977098
-0.003399101
-9.176532e-05
-0.001856528
-0.002054359
0.001213983
-0.0005042295
-0.004299675
-0.009579518
-0.01841414
-0.02071384
-0.01554275
-0.00920758
0.001149104
0.01049944
0.01071789
0.008439021
0.0112481
0.01420404
0.00965739
-3.53845e-05
-0.005407284
-0.001876167
0.0005727113
-0.003633559
-0.01006926
-0.01604502
-0.01683298
-0.01626672
-0.01987083
-0.02495856
-0.02268613
-0.01167953
-0.007265803
-0.006210957
0.001991739
0.009718967
0.01830286
0.02441842
0.01884869
0.01236419
0.005778233
-0.003724754
-0.0101677
-0.01352013
-0.008534251
-0.006530258
-0.01311874
-0.01355823
-0.008847967
-0.001664718
-0.003362099
-0.01130911
-0.005703079
0.006673515
0.01451143
0.0002789174
-0.02699415
-0.03135292
-0.01711907
-0.002574212
-0.005271448
-0.01785853
-0.01335932
0.002683444
0.01553906
0.01286838
0.001945798
0.001624721
0.01523914
0.02945636
0.01535175
-0.01541178
-0.02340702
-0.007872336
0.008578771
0.004876491
-0.01882457
-0.02642877
-0.007947481
0.008501769
0.01381645
0.003260847
-0.01457188
-0.01945309
-0.01106313
-0.002734834
-0.008247527
-0.01081605
-0.0009420392
0.007210479
0.01219017
0.008116048
-0.002358194
-0.004686099
0.003175065
0.01502708
0.02228224
0.01768148
0.002909958
-0.00780981
-0.007285181
-0.007801675
-0.01590354
-0.02092754
-0.01755172
-0.011557
-0.005872225
-0.001576134
-0.004243715
-0.010441
-0.01037286
-0.004619871
0.004389445
0.007038828
0.001150311
-0.002761732
-0.005390204
-0.001288265
0.002774284
-0.004912045
-0.01648431
-0.02629408
-0.02169771
-0.0096249
-0.001881643
0.004985028
0.00563966
0.01441386
0.02126359
0.009214652
0.003305097
0.002856746
0.001551004
0.0003694366
-0.005514643
-0.003766345
0.001536901
0.001798343
-0.002312223
-0.007027277
0.002194491
0.01597912
0.01894821
0.0150552
0.008302938
0.006507375
0.0105198
0.008115881
-0.007125008
-0.02279776
-0.02851856
-0.02919935
-0.02339905
-0.0198119
-0.02108818
-0.01079066
0.0001608767
-0.001410203
-0.004139916
0.001495719
0.01109939
0.019711
0.02765871
0.02691018
0.02144624
0.02339656
0.0234252
0.01493168
0.002362776
-0.01542767
-0.02710335
-0.0243208
-0.02332872
-0.02518576
-0.02266152
-0.01982884
-0.01593652
-0.01309615
-0.005319006
0.005718587
0.006204437
0.009247217
0.01674382
0.01937239
0.02762059
0.03563812
0.03345322
0.01985022
0.0003032513
-0.005967104
-0.006941016
-0.01996415
-0.03041186
-0.02828842
-0.01412578
0.002608117
0.004362224
0.001266395
0.001141767
0.00525366
0.01454281
0.007219193
-0.006961942
-0.01001723
-0.01168533
-0.005029777
0.005707976
0.004511884
-0.007105698
-0.02220391
-0.02583151
-0.02140151
-0.01967619
-0.0159979
-0.01583464
-0.008031571
0.01104976
0.01995246
0.02520319
0.02932551
0.02434263
0.02367299
0.02754222
0.02204157
0.0133676
0.00306495
-0.009977826
-0.01225747
-0.009460068
-0.004061302
0.003250197
0.004769493
0.01093528
0.01869379
0.02622748
0.0370993
0.04042189
0.03493871
0.02085849
0.004848191
0.001020096
-0.001304067
-0.01580068
-0.030957
-0.03717656
-0.02981798
-0.01263302
-0.0035311
-0.001271304
0.00484259
0.02507734
0.04972021
0.05104491
0.04038368
0.03260609
0.02716393
0.02258623
0.01004919
-0.004357444
-0.01426292
-0.0136335
-0.00669682
-0.004202286
-0.001142889
-0.002853842
-0.002010182
0.008509227
0.01228088
0.003891978
-0.01355589
-0.02277235
-0.01696271
-0.01521314
-0.01342377
-0.003741971
0.004607022
0.01228768
0.01776877
0.01768332
0.01605329
0.01774403
0.02688473
0.0361224
0.03670114
0.03045504
0.02299337
0.01725425
0.01830687
0.02462971
0.02331709
0.01889995
0.014144
0.007537435
0.006419584
0.008727071
0.01207237
0.005543727
-0.007754956
-0.01175404
-0.007314799
-0.0002392991
-0.0002452844
-0.004888495
-0.008009372
0.001098241
0.02091687
0.0279564
0.0249942
0.01817178
0.01522709
0.01653794
0.004419212
-0.01362964
-0.02602269
-0.0263449
-0.02324388
-0.03389604
-0.04423737
-0.04517645
-0.0420488
-0.03536012
-0.03506207
-0.0391467
-0.03926297
-0.04388676
-0.04871036
-0.045359
-0.04137705
-0.04158581
-0.04039388
-0.03744734
-0.04424192
-0.05444453
-0.05831544
-0.05847028
-0.05411535
-0.05283067
-0.05250393
-0.05254218
-0.05720998
-0.05499167
-0.04697932
-0.03778162
-0.04005113
-0.04624001
-0.03404726
-0.02931889
-0.03591131
-0.04200502
-0.045954
-0.03547943
-0.02394906
-0.01794307
-0.01777738
-0.01592549
-0.003779167
0.002987231
0.004100991
0.001041167
0.00296851
0.01880564
0.03191955
0.03560605
0.03082275
0.03123638
0.05051337
0.07371709
0.09180142
0.1005256
0.09794611
0.1001541
0.1070489
0.1142353
0.1233764
0.1249803
0.1225443
0.1183472
0.1082752
0.1019704
0.1005332
0.09854573
0.09802687
0.09524922
0.09186039
0.09825679
0.1093234
0.1140742
0.112835
0.1100951
0.1087484
0.1102204
0.112959
0.1130444
0.11027
0.1068522
0.1039219
0.1050966
0.1097638
0.1112157
0.1094462
0.1060125
0.1032303
0.1010193
0.09087011
0.0733029
0.04676424
0.01083443
-0.02040823
-0.04302771
-0.05934089
-0.07343097
-0.09237395
-0.11315
-0.131069
-0.1485767
-0.1693264
-0.1903735
-0.2048637
-0.2106105
-0.2150521
-0.2211628
-0.2212925
-0.2153238
-0.2045605
-0.194396
-0.1945017
-0.1981779
-0.1969766
-0.1924616
-0.1865003
-0.1769871
-0.1659419
-0.1553236
-0.1375775
-0.1165135
-0.1010522
-0.08530097
-0.06152664
-0.03634376
-0.01897115
-0.002393359
0.01290256
0.02546748
0.04471139
0.06339932
0.08126205
0.1025721
0.120432
0.1391493
0.1549214
0.1636345
0.172259
0.1768737
0.1746757
0.162584
0.1410873
0.1217209
0.1072018
0.09871886
0.09656246
0.09767933
0.1017379
0.1015877
0.09544406
0.08599628
0.07514231
0.06570226
0.0545439
0.04620145
0.03662468
0.02089916
0.01299601
0.008642508
-0.0001867833
-0.006212626
-0.01288572
-0.02395602
-0.0315322
-0.04280371
-0.06362656
-0.08099125
-0.1002369
-0.1185893
-0.129398
-0.140587
-0.1376575
-0.1233957
-0.1060219
-0.08357776
-0.07396976
-0.07217242
-0.07120412
-0.07724744
-0.08378808
-0.09302552
-0.0976674
-0.08894081
-0.08057611
-0.07360504
-0.05877261
-0.03568674
-0.007615854
0.01606485
0.03221027
0.04461861
0.05073477
0.05188084
0.05244407
0.05074456
0.04548742
0.03747757
0.02467165
0.008390604
-0.00236142
-0.004620945
-0.00199509
0.00431069
0.0136567
0.02495239
0.03720022
0.05354271
0.06982526
0.07261556
0.06641929
0.06212144
0.06045943
0.06697785
0.07977618
0.08611378
0.08257281
0.07438889
0.06595226
0.05984772
0.06093076
0.06205154
0.05006314
0.03154553
0.01504099
0.001204677
-0.008444472
-0.01434342
-0.01772307
-0.02078654
-0.02162948
-0.02312724
-0.03067154
-0.03812047
-0.0509722
-0.06418547
-0.06339275
-0.06891628
-0.08035184
-0.09120384
-0.1147177
-0.1299055
-0.1339167
-0.1382853
-0.1369735
-0.1390944
-0.1423774
-0.1388294
-0.1263057
-0.1048417
-0.08010294
-0.05171685
-0.02686524
-0.007137668
0.01397308
0.03264299
0.04898432
0.06481224
0.07805456
0.08810916
0.09410569
0.09859696
0.1017324
0.09952181
0.09647586
0.09186689
0.0853385
0.08335345
0.07865367
0.07271031
0.06569658
0.05112452
0.0418858
0.04037185
0.03995331
0.03862632
0.03424436
0.02564839
0.0116801
0.002072948
-2.246423e-05
-0.001465846
0.0004608421
0.004443086
-0.0001467275
-0.007162835
-0.007998892
-0.01093149
-0.01127853
-0.007487952
-0.01186627
-0.02255568
-0.03374362
-0.04576024
-0.05070693
-0.03636744
-0.01165548
0.009726411
0.02614072
0.03361486
0.02887146
0.01866237
0.01510883
0.01512062
0.01465201
0.0131992
-0.0008759492
-0.01883107
-0.02793795
-0.03331163
-0.03633418
-0.04110064
-0.04601214
-0.04868641
-0.04538557
-0.01849731
0.02139795
0.05261963
0.07504507
0.08515215
0.08618909
0.08511471
0.07774618
0.06565209
0.05352511
0.04091058
0.02529978
0.005512177
-0.00809674
-0.01510662
-0.02711386
-0.03448168
-0.03999532
-0.04998987
-0.05203795
-0.05370376
-0.05412811
-0.04917422
-0.04403749
-0.03743713
-0.04355968
-0.05567522
-0.05777432
-0.05622732
-0.05295397
-0.05554647
-0.06373668
-0.06540705
-0.06447816
-0.06660441
-0.06568437
-0.06562484
-0.07095881
-0.07227156
-0.07521309
-0.06405501
-0.01953527
0.01869964
0.04061281
0.06937083
0.09152708
0.106132
0.1237235
0.1347502
0.1439939
0.1599146
0.167807
0.159386
0.1377674
0.1062724
0.07744736
0.05894887
0.04493094
0.03631451
0.03512514
0.02908748
0.02023365
0.01238294
-0.009464724
-0.0377003
-0.06217267
-0.08646877
-0.1015876
-0.1098987
-0.1181065
-0.1244445
-0.1330419
-0.1387114
-0.1381281
-0.1390107
-0.1408181
-0.1397169
-0.1342826
-0.1282695
-0.1234028
-0.1167875
-0.1149548
-0.1149833
-0.1064948
-0.09499186
-0.0866713
-0.0798966
-0.07429721
-0.07055433
-0.06275774
-0.05028214
-0.03851343
-0.02106994
-0.0003716842
0.01710461
0.03831546
0.05985862
0.07804471
0.09820103
0.1156421
0.127419
0.1381531
0.1459776
0.1492448
0.1515487
0.1528535
0.1503207
0.1393295
0.1166856
0.08992507
0.06745703
0.04845271
0.0351995
0.03118072
0.03314256
0.03965001
0.04639013
0.04940699
0.05192977
0.05335817
0.05267502
0.05195052
0.0522946
0.05437284
0.05932678
0.0653397
0.07042745
0.07628266
0.07962784
0.08020081
0.07916761
0.07411666
0.0685071
0.06117382
0.05140407
0.04442481
0.04062202
0.03954831
0.03999579
0.03882417
0.03187823
0.0169875
0.001728527
-0.0114603
-0.02794087
-0.04054256
-0.0467243
-0.05319859
-0.0528128
-0.04449847
-0.04310942
-0.04516225
-0.04123902
-0.04224331
-0.0450165
-0.04072293
-0.03580276
-0.02956219
-0.02937368
-0.03761357
-0.04373389
-0.04953878
-0.05152619
-0.05417525
-0.0648041
-0.07143219
-0.07308125
-0.06986649
-0.05970814
-0.0489774
-0.03476082
-0.01628114
0.002039375
0.01054747
0.00632529
0.003233734
-0.00383169
-0.0149935
-0.01813882
-0.02433258
-0.03160913
-0.03665063
-0.04862641
-0.05876748
-0.06704596
-0.07638303
-0.08231296
-0.08692394
-0.08840064
-0.08691558
-0.08318601
-0.075847
-0.06263909
-0.04755241
-0.03834914
-0.03308869
-0.03492911
-0.03836878
-0.03509248
-0.02749238
-0.01428606
-0.008110022
-0.007062233
0.00419333
0.01731328
0.02991458
0.04253149
0.05320297
0.06435712
0.06940143
0.06906306
0.06951338
0.0700085
0.07370132
0.08299053
0.09140665
0.09884486
0.1117801
0.1249909
0.130535
0.1290472
0.1251618
0.1159557
0.09372748
0.06791528
0.04597721
0.0219597
0.005366093
0.002020759
0.002710121
0.01272163
0.02777317
0.03167034
0.03457018
0.03899019
0.03665884
0.03734982
0.03507232
0.02494033
0.01864899
0.01318348
0.005635538
-0.004383307
-0.01676582
-0.02558773
-0.0279667
-0.02607472
-0.03109439
-0.04098922
-0.04413415
-0.03750273
-0.02345718
-0.01730498
-0.01921962
-0.01948414
-0.02412658
-0.03149552
-0.03479213
-0.03358181
-0.03072844
-0.02881065
-0.02981751
-0.02882865
-0.01589649
0.003719876
0.02560148
0.04760659
0.0618496
0.06857643
0.0614841
0.04472988
0.03208787
0.01873799
0.01435146
0.02175978
0.02366902
0.0306629
0.04224735
0.04257493
0.03520431
0.01648804
-0.004481975
-0.01052008
-0.01493694
-0.02686101
-0.03502134
-0.03686891
-0.03833217
-0.03581558
-0.0246783
-0.007376552
0.01123972
0.02252404
0.02799398
0.03639667
0.04583955
0.05358816
0.06108528
0.06326779
0.05226061
0.03104979
0.007765068
-0.01288315
-0.03125852
-0.04934235
-0.06310438
-0.06994246
-0.06746635
-0.05919589
-0.05366102
-0.04849263
-0.04448025
-0.03894624
-0.02540321
-0.01081671
0.002719563
0.02031545
0.03733698
0.0431376
0.04044213
0.03331718
0.02327032
0.01699335
0.006061787
-0.003014288
-0.003531237
-0.007556696
-0.00494854
-0.001629288
-0.00404222
0.001334133
0.0104515
0.02354707
0.03456267
0.03691814
0.0392067
0.04428527
0.04953933
0.04598401
0.03108428
0.00533504
-0.02249071
-0.0401103
-0.05587186
-0.06677006
-0.06989522
-0.07633144
-0.08159407
-0.07994679
-0.07884078
-0.08400176
-0.08477776
-0.07914477
-0.07039094
-0.05199099
-0.03812364
-0.03763941
-0.04550326
-0.06434818
-0.08615116
-0.100021
-0.1103916
-0.1219872
-0.1289655
-0.1395375
-0.1538463
-0.1666936
-0.1751048
-0.1417765
-0.08010267
-0.03429063
0.002748049
0.03601602
0.0695093
0.09686788
0.1095106
0.1213212
0.1335032
0.1434117
0.1497002
0.1513155
0.1490811
0.1399895
0.1230506
0.100001
0.07220659
0.03665928
0.003242315
-0.01956808
-0.03649105
-0.04057782
-0.03281957
-0.0197211
-0.000369829
0.01851683
0.0375994
0.05661928
0.06330852
0.05919931
0.05417921
0.04526313
0.03375189
0.02558221
0.01512718
0.00902483
0.01367022
0.01868678
0.02593971
0.03649382
0.03535336
0.01685843
-0.007179714
-0.02952541
-0.04938882
-0.06714774
-0.0867153
-0.1047303
-0.1202171
-0.1337445
-0.145061
-0.15668
-0.1636627
-0.1640595
-0.1560112
-0.1430579
-0.1295851
-0.1145183
-0.1060476
-0.0939093
-0.06983881
-0.04496222
-0.0234217
-0.009235444
0.007174449
0.02903141
0.04370117
0.05278669
0.05901699
0.06627798
0.07717382
0.08533384
0.08645686
0.07968218
0.06888264
0.0567936
0.04318734
0.02825384
0.01810761
0.02159981
0.03527795
0.05371469
0.06737168
0.0670636
0.06370504
0.06249599
0.06030685
0.06002026
0.06309027
0.06685002
0.05686249
0.03149379
0.007503758
-0.0144
-0.03355719
-0.03985779
-0.04029145
-0.04726014
-0.05887371
-0.06978608
-0.07415593
-0.06743792
-0.05985427
-0.05901893
-0.05852824
-0.05853416
-0.05618374
-0.04520587
-0.02763067
-0.00229184
0.02346182
0.0399488
0.05066734
0.05804771
0.06014475
0.05556143
0.04921641
0.04460574
0.0409036
0.04087849
0.04083557
0.0381244
0.03466168
0.02766955
0.02381175
0.02443132
0.01855306
0.009199403
0.002673554
0.001978711
0.006637016
0.01361377
0.02362129
0.02721082
0.02030325
0.008442987
-0.003297487
-0.01072908
-0.02197166
-0.03700491
-0.04846723
-0.05652093
-0.05668085
-0.04903072
-0.04236386
-0.04112121
-0.0428917
-0.0504818
-0.06513834
-0.07541588
-0.08246709
-0.08903394
-0.08172375
-0.06427771
-0.0494207
-0.03901212
-0.03375921
-0.02763797
-0.01827281
-0.008979091
0.006323934
0.02563875
0.03733121
0.04303404
0.04685382
0.04635992
0.04898393
0.0564204
0.0554748
0.04908239
0.04321837
0.03176331
0.02514881
0.02689992
0.02371915
0.02530894
0.03139632
0.02436513
0.01380047
0.006721864
0.003835259
0.0101359
0.01519997
0.02396597
0.04110356
0.05225996
0.05582731
0.05303763
0.04929732
0.04733656
0.03949167
0.02851099
0.01670847
0.0003949509
-0.01938053
-0.0370085
-0.05085012
-0.06015412
-0.06461379
-0.06588697
-0.06049783
-0.05214481
-0.04479209
-0.04096324
-0.0421016
-0.0406754
-0.04011436
-0.04052637
-0.03701655
-0.03580399
-0.0382296
-0.0402873
-0.03901371
-0.034567
-0.02902535
-0.02421885
-0.01679544
-0.007780762
-0.003245427
0.002116167
0.004219435
0.002356811
0.006302003
0.008298867
0.00894723
0.01247601
0.01165527
0.01033695
0.01119133
0.01412616
0.02250227
0.03286184
0.04346871
0.04920487
0.04678518
0.04524391
0.04792111
0.0580541
0.07831411
0.09898446
0.1095318
0.1068348
0.09304965
0.07392185
0.05985548
0.05313702
0.0505371
0.04626908
0.02930937
0.009123515
-0.005914629
-0.0217483
-0.03229663
-0.03803548
-0.04133787
-0.03866016
-0.03516043
-0.02731507
-0.01272523
-0.003890438
-0.005455781
-0.01183717
-0.01581823
-0.01441651
-0.01084132
-0.004514842
0.002706194
0.00583836
0.007040207
0.008750827
0.0120269
0.01913429
0.02724455
0.02774494
0.02359231
0.02601712
0.03135544
0.03389233
0.03166786
0.02188944
0.0105796
0.002632181
-0.005947619
-0.0173493
-0.02657787
-0.03652331
-0.04548664
-0.04021858
-0.026173
-0.007361395
0.01326469
0.02265279
0.0271167
0.03395722
0.03969169
0.04431619
0.04985855
0.05308092
0.05195192
0.04734252
0.03065269
0.007304447
-0.01204712
-0.02648927
-0.02827334
-0.01763901
0.00147776
0.02280035
0.03521742
0.03383135
0.02107042
0.01395878
0.0210345
0.03517772
0.05170884
0.06319962
0.06954202
0.07270444
0.06324031
0.04268674
0.02207103
0.006385313
0.001734043
0.007919488
0.01668976
0.02390559
0.02938617
0.03140061
0.02783387
0.02553614
0.02320301
0.01486038
0.008826676
0.002065181
-0.007750001
-0.01292965
-0.01726445
-0.02201479
-0.02502366
-0.03039667
-0.0375855
-0.03957203
-0.04208423
-0.0471769
-0.04723402
-0.0454903
-0.03521077
-0.02017139
-0.01256789
-0.009651727
-0.01719045
-0.02812722
-0.03287644
-0.02979459
-0.01235831
0.006674427
0.0160718
0.01561044
0.007525341
0.0002943112
-0.00540619
-0.01045462
-0.0169135
-0.02212586
-0.01866398
-0.01452421
-0.01235811
-0.01065141
-0.01466792
-0.0161433
-0.008892195
0.003728288
0.01825355
0.02542998
0.02468441
0.02434895
0.02239888
0.01952844
0.02226703
0.02377732
0.01823011
0.008058568
-0.005449947
-0.01546014
-0.01851227
-0.01849009
-0.01386846
-0.002682185
0.009907594
0.01958961
0.02605452
0.03186097
0.03999844
0.04728393
0.05085938
0.04539216
0.03067331
0.01850799
0.008980754
0.0008618671
-0.005376828
-0.01121645
-0.009890821
-0.005988217
-0.005229036
-0.007640809
-0.0144419
-0.02134257
-0.02935847
-0.03888266
-0.04759539
-0.05084339
-0.0471721
-0.0473009
-0.05176248
-0.05862908
-0.06908179
-0.07640937
-0.08294536
-0.09076436
-0.09442083
-0.09682814
-0.09679129
-0.08938542
-0.08224625
-0.07637079
-0.06796304
-0.06282235
-0.05926942
-0.05492109
-0.04916876
-0.03683522
-0.02215607
-0.008107876
0.009541851
0.02804953
0.04172963
0.04733825
0.04395726
0.03645349
0.0301632
0.02654078
0.02584884
0.02864201
0.03435719
0.04086275
0.04872731
0.0540888
0.05419421
0.05170627
0.041954
0.03059311
0.02530372
0.01916445
0.013805
0.01328651
0.01524406
0.0187451
0.02248089
0.02646085
0.03468701
0.04643109
0.05440649
0.06040362
0.06541923
0.06522339
0.05977755
0.04802854
0.03836454
0.03505857
0.0322791
0.03179622
0.02789934
0.01860911
0.01148718
0.004055667
-0.001604907
-0.001143264
0.004266831
0.01492351
0.02261294
0.0206947
0.01603024
0.01131966
0.003221706
-0.006492084
-0.01776908
-0.03160296
-0.04371482
-0.0550429
-0.0645059
-0.0648547
-0.06013126
-0.05412155
-0.0470738
-0.04648428
-0.0531824
-0.0606865
-0.06319497
-0.06104513
-0.05927468
-0.0576086
-0.05826202
-0.06397934
-0.07018235
-0.07299208
-0.07343973
-0.07485598
-0.07836403
-0.0827781
-0.08598043
-0.08591707
-0.07734214
-0.05683052
-0.03501386
-0.02172872
-0.01512688
-0.01318144
-0.01244124
-0.008381737
-0.005940937
-0.008893426
-0.01267358
-0.0184047
-0.02549344
-0.02846661
-0.02810938
-0.02242181
-0.01300942
-0.00662632
0.001246586
0.0108473
0.01901016
0.02890713
0.03208775
0.02507143
0.01926992
0.01973899
0.02495438
0.02627381
0.01644477
0.002269528
-0.007986999
-0.0109558
-0.003986593
0.01043825
0.0255758
0.03921153
0.04967576
0.05477825
0.05832927
0.06310652
0.06843264
0.07439746
0.07986954
0.08252289
0.08138992
0.07593759
0.06379551
0.04807568
0.03757019
0.02979318
0.01875351
0.008476656
-0.002375373
-0.01537094
-0.02700899
-0.03843752
-0.04443037
-0.04383657
-0.04245623
-0.03766155
-0.03054517
-0.02286042
-0.01592271
-0.01410853
-0.0140172
-0.01447026
-0.01588707
-0.01739877
-0.02227548
-0.02666003
-0.02853474
-0.03162311
-0.03296449
-0.03264545
-0.03117243
-0.02709979
-0.02478525
-0.02033292
-0.01000478
-0.002137513
0.002729407
0.007609114
0.01184662
0.02046021
0.03231392
0.04119652
0.04614087
0.04193156
0.02530257
0.001686899
-0.01897809
-0.02500054
-0.01967602
-0.01559695
-0.01420175
-0.01168157
-0.006557794
-0.001117182
0.001432268
0.002619739
0.007438433
0.01457187
0.01803823
0.02060716
0.02286625
0.02309238
0.02446515
0.0225027
0.01771516
0.01561915
0.01262392
0.01076308
0.01402961
0.01836829
0.02309065
0.03136704
0.04212379
0.04907797
0.05146905
0.05327267
0.05314789
0.05453501
0.05173028
0.03447454
0.01716872
0.006188707
-0.005879159
-0.01484865
-0.01533167
-0.009712163
-0.004578463
0.001141094
0.006010316
0.005137347
0.001998751
-0.005004196
-0.0122913
-0.009037075
3.160165e-05
0.009178695
0.0172673
0.01525003
0.008074244
0.00797915
0.01287107
0.01951411
0.02179053
0.01445679
0.0002495142
-0.0161041
-0.02977547
-0.03840585
-0.03702137
-0.02827354
-0.02088654
-0.01268841
-0.004200237
0.001790243
0.007857799
0.009936453
0.004791556
-0.0006870001
-0.003827757
-0.005493921
-0.0003661624
0.008411694
0.01501224
0.02148836
0.02431
0.02555127
0.03141218
0.0373074
0.03856445
0.03366675
0.02233776
0.007440309
-0.002841478
-0.005998916
-0.008332363
-0.005877778
0.002521914
0.008487248
0.01370967
0.02006341
0.02513815
0.02627164
0.01672825
0.002772381
-0.004697798
-0.008757329
-0.007791838
-0.002387524
-0.001403377
-0.001953054
-0.0008704395
-2.671539e-06
0.000478251
0.0001942753
0.001474204
0.002699938
0.004309507
0.009764632
0.01414062
0.01307329
0.006144973
-0.004856204
-0.0156989
-0.02118845
-0.02037766
-0.01572216
-0.008449291
-0.005609287
-0.007962869
-0.01399437
-0.02593091
-0.03506552
-0.03912143
-0.03683795
-0.02575967
-0.01687418
-0.01236633
-0.009708882
-0.01003974
-0.0110627
-0.01413397
-0.01893117
-0.02371028
-0.02890764
-0.03309125
-0.0341359
-0.02766674
-0.01579824
-0.007735394
-0.004927031
-0.008920483
-0.02040914
-0.02964353
-0.03109216
-0.02266103
-0.004213021
0.01278469
0.02360904
0.03346272
0.03874634
0.03749767
0.03418051
0.02908123
0.02231562
0.0157559
0.01246891
0.01235213
0.01358638
0.02103238
0.03172664
0.03651119
0.03727579
0.0353436
0.03141675
0.03174486
0.03324049
0.02921161
0.01957131
0.004675106
-0.01243085
-0.02666796
-0.03452976
-0.03718168
-0.03776158
-0.0360039
-0.0342965
-0.03209862
-0.02961263
-0.02945948
-0.02494392
-0.01744215
-0.0127694
-0.009863125
-0.01302798
-0.02103837
-0.02558665
-0.02428584
-0.01962993
-0.01280949
-0.002969589
0.00820537
0.01957967
0.02898551
0.03418217
0.03483502
0.02986378
0.02494205
0.02291934
0.01971203
0.01542925
0.008578099
-0.0006585764
-0.008273705
-0.01318411
-0.01564325
-0.01564901
-0.01198071
-0.005829743
0.0009328271
0.006714411
0.009664741
0.01250329
0.01318879
0.008500982
0.003428267
0.000112732
-0.001679201
-0.002115296
-0.003326753
-0.003996248
-0.0017356
0.003819032
0.01285175
0.02509131
0.03804543
0.04834862
0.05556159
0.05822989
0.05596453
0.05370106
0.05100953
0.04644934
0.04296076
0.03891398
0.03524883
0.03302487
0.02996783
0.03238706
0.04221388
0.05087442
0.05448141
0.05179859
0.04378152
0.03523
0.02747727
0.02057726
0.01360114
0.004372175
-0.006757695
-0.01895075
-0.02917973
-0.03473742
-0.03763385
-0.03782643
-0.02938877
-0.01105795
0.009846791
0.02635299
0.03166511
0.02588888
0.01640003
0.005114753
-0.005842661
-0.01443549
-0.02218751
-0.02927776
-0.03603791
-0.04171251
-0.04443227
-0.04544047
-0.04720087
-0.04802634
-0.04644499
-0.04477395
-0.04386173
-0.04224828
-0.03853206
-0.03386665
-0.02978328
-0.02754383
-0.03027002
-0.03809436
-0.04735581
-0.05289542
-0.05194523
-0.04777358
-0.04409152
-0.0393136
-0.03056952
-0.02125816
-0.01434871
-0.009065817
-0.006959505
-0.005842351
-0.00299225
-0.0004966039
0.002171545
0.007082953
0.01229548
0.01339727
0.009981066
0.004066297
-0.002477759
-0.006604552
-0.009603742
-0.01160316
-0.009259309
-0.005332281
-0.002896198
-0.001623805
-0.001936981
-0.003407958
-0.00386915
-0.003145981
-0.003209565
-0.002366673
-0.0007083978
-0.001857304
-0.005168674
-0.009059055
-0.0145496
-0.02254861
-0.0300329
-0.03276153
-0.03050445
-0.02582957
-0.02331421
-0.02525481
-0.02715846
-0.02647883
-0.02652507
-0.0263644
-0.02462986
-0.02371657
-0.02299351
-0.02213196
-0.02279707
-0.02700339
-0.03338218
-0.03725754
-0.03931978
-0.04107967
-0.04110448
-0.03883069
-0.03448199
-0.03036829
-0.02731634
-0.02362867
-0.0198866
-0.01686936
-0.01381699
-0.01207786
-0.0132648
-0.01359332
-0.009785084
-0.003922358
0.003505602
0.01197613
0.01798393
0.0204998
0.01998355
0.01515384
0.005516512
-0.005343538
-0.01254922
-0.01592902
-0.01861386
-0.02266724
-0.02732229
-0.03055251
-0.03246428
-0.03313273
-0.03238227
-0.02815195
-0.01681473
-0.003516117
0.004904649
0.009063169
0.009452765
0.005299436
-0.00144115
-0.003739262
0.001645271
0.008378517
0.01315836
0.01790275
0.0230798
0.02828748
0.03339204
0.03767467
0.04139105
0.04612307
0.05093823
0.05528863
0.05932003
0.06020392
0.05495606
0.04256008
0.02757221
0.01710363
0.01366299
0.015246
0.01864849
0.0233643
0.02571537
0.02370412
0.02383129
0.02647651
0.02937766
0.03059683
0.02530502
0.01817185
0.01420028
0.01503859
0.02207484
0.02821983
0.03155031
0.03405062
0.03335356
0.03208115
0.03190464
0.03204259
0.03223818
0.03108417
0.02817442
0.02138566
0.01024734
6.865106e-05
-0.00326074
0.0003239567
0.007499308
0.01549109
0.01895582
0.01752159
0.01497784
0.01037994
0.005480277
0.0005633119
-0.006355368
-0.01183652
-0.01741582
-0.02375825
-0.02642596
-0.02611314
-0.02141492
-0.01406511
-0.009472517
-0.006843035
-0.00657945
-0.006676401
-0.00514979
-0.004048285
-0.003095303
-0.004170239
-0.007737261
-0.01211245
-0.01488945
-0.01400537
-0.0113782
-0.005280187
0.00373293
0.01267978
0.02110523
0.02606959
0.02783313
0.02570762
0.02000921
0.01431127
0.007174326
0.0001665336
-0.003785088
-0.004129356
-7.891443e-05
0.005681369
0.0106945
0.01406926
0.01534123
0.01467942
0.01244392
0.01042011
0.009321034
0.01032166
0.01462435
0.01911189
0.02296248
0.02685857
0.02621504
0.02101146
0.0179374
0.01989486
0.02472366
0.02800675
0.02882609
0.02871465
0.02653179
0.02392834
0.02196349
0.01888297
0.01488637
0.007911531
-0.001249187
-0.007386693
-0.009024859
-0.007166767
-0.005225353
-0.005074618
-0.005304867
-0.004676414
0.0008491364
0.01003254
0.01654718
0.02101176
0.02316904
0.02125064
0.01845259
0.01445667
0.009587426
0.00666071
0.002954159
8.747729e-05
0.00130455
0.002482349
0.001610789
-0.0007753549
-0.003603908
-0.004278194
-0.003418059
-0.0034838
-0.002810502
-0.001037159
-0.003550694
-0.008729262
-0.01206837
-0.01492058
-0.01608724
-0.01505232
-0.009665022
0.001932877
0.01298302
0.02029522
0.02342597
0.02104154
0.01549066
0.00817294
0.002118167
0.000525171
0.0009735735
0.0007475285
-7.144485e-05
-0.001815393
-0.003770901
-0.003432767
-0.00152002
0.00145595
0.006789821
0.01223083
0.01542226
0.01543022
0.01334629
0.01423591
0.01831822
0.02061883
0.01904378
0.01330852
0.005265631
-0.00137185
-0.004192121
-0.003135309
-0.0007105653
-0.0002604901
-0.002726883
-0.006121423
-0.009794278
-0.01296788
-0.01533318
-0.01697412
-0.01472669
-0.01138709
-0.01015324
-0.009043755
-0.01008774
-0.01186057
-0.01271743
-0.01507164
-0.01745483
-0.01977443
-0.0221945
-0.02386048
-0.02590156
-0.0266757
-0.02366489
-0.01892524
-0.01669161
-0.01690033
-0.01837164
-0.02066399
-0.02140988
-0.02221153
-0.02444358
-0.02622107
-0.02706036
-0.02421466
-0.0180426
-0.01300443
-0.01009961
-0.01027285
-0.01440844
-0.02038755
-0.02361873
-0.02192124
-0.01719522
-0.01081138
-0.006423587
-0.005935497
-0.00682943
-0.008326516
-0.008791894
-0.007055999
-0.004514138
-0.002606797
-0.002229374
-0.00253925
-0.001968385
-0.0008207893
-0.001403306
-0.002468507
-0.002267418
-0.003960129
-0.006871906
-0.008960051
-0.01090456
-0.01083291
-0.008383279
-0.003595857
0.002069605
0.004238414
0.003411468
0.0006980981
-0.002321523
-0.003065424
-0.004368868
-0.007986524
-0.01362802
-0.02114288
-0.0281345
-0.03339369
-0.0374019
-0.03914523
-0.03541608
-0.0270418
-0.01848832
-0.0119225
-0.01061754
-0.01468539
-0.01941903
-0.02266199
-0.02147543
-0.01675734
-0.01537921
-0.01609976
-0.01524927
-0.0140533
-0.01267738
-0.01235261
-0.01216057
-0.009573477
-0.004560306
0.002336925
0.007701225
0.01025834
0.01116347
0.009200581
0.006293743
0.00613647
0.008462045
0.01055425
0.01115359
0.01213793
0.01389666
0.0139732
0.01268893
0.009782023
0.004706787
0.001405681
0.001024455
0.001756714
0.002142475
0.000827122
-0.001315851
-0.004308519
-0.008371342
-0.01139456
-0.01261475
-0.01391684
-0.01606484
-0.01793935
-0.0200369
-0.02254278
-0.02509973
-0.02893571
-0.03271232
-0.03550324
-0.03779498
-0.03812829
-0.0380973
-0.03773035
-0.03601925
-0.03518343
-0.03306086
-0.02912928
-0.02549216
-0.02162004
-0.01867218
-0.01629017
-0.01423571
-0.01365763
-0.01293065
-0.01200309
-0.01117365
-0.008846646
-0.005378038
-0.001111821
0.002767121
0.003706635
0.004034078
0.00637174
0.01038908
0.01631825
0.02071991
0.02119981
0.01981003
0.01749961
0.01512796
0.01235913
0.01044613
0.01047535
0.01003229
0.01047964
0.0121055
0.01384463
0.01638503
0.01803314
0.01970478
0.02138015
0.02118857
0.02095337
0.0201871
0.01834264
0.01872131
0.02136301
0.02434639
0.02798441
0.0304321
0.0302845
0.02841536
0.02404659
0.01836705
0.01435183
0.01254129
0.01123994
0.00870366
0.0047129
0.001534407
0.00187634
0.004630046
0.008996779
0.01456978
0.0178555
0.01743778
0.01507917
0.01395082
0.01577133
0.01813622
0.01846647
0.01716144
0.01605188
0.01625889
0.01799032
0.02028541
0.02147044
0.02135445
0.02103802
0.02066606
0.01958613
0.0170709
0.01255832
0.007567719
0.003678032
0.0004950038
-0.001810534
-0.003710636
-0.006094205
-0.007876292
-0.00816836
-0.006360803
-0.002435385
0.003051285
0.01020476
0.01675769
0.02051847
0.02131026
0.01942196
0.01756977
0.01661607
0.01510388
0.01239472
0.007214631
0.001576258
-0.001577804
-0.002038828
0.001150002
0.007023829
0.01381158
0.02116916
0.02817181
0.03420864
0.0375032
0.0375236
0.03494252
0.02925608
0.0227326
0.0170705
0.01282609
0.01057488
0.009019945
0.01036722
0.01574926
0.0220176
0.02681962
0.02760787
0.02608505
0.02577341
0.02657839
0.02855957
0.02937503
0.02634365
0.02078665
0.01504064
0.01076565
0.00921683
0.01112314
0.01437569
0.01836674
0.02342071
0.02721807
0.03210373
0.03847264
0.04231754
0.04478669
0.04448972
0.03732427
0.02549199
0.01304655
0.002330971
-0.005747057
-0.01223908
-0.0173544
-0.02096104
-0.0230667
-0.02176703
-0.01815986
-0.01492868
-0.0115857
-0.009188466
-0.008379689
-0.008732223
-0.01098715
-0.01264389
-0.01200139
-0.009820246
-0.006042831
-0.002834937
-0.0026271
-0.005239478
-0.009858483
-0.01506633
-0.01778199
-0.01649638
-0.01229516
-0.006711258
-0.00275438
-0.001489076
-0.002724867
-0.00620498
-0.009349896
-0.01294242
-0.01635012
-0.01672626
-0.01647598
-0.01664603
-0.01732146
-0.01923214
-0.02019577
-0.01909044
-0.01626233
-0.01317481
-0.01197558
-0.01134992
-0.009563118
-0.007904892
-0.006041465
-0.004401525
-0.006798522
-0.01289365
-0.01959632
-0.0248
-0.02665107
-0.02628729
-0.02535826
-0.02478133
-0.02560049
-0.02664832
-0.02717107
-0.02731734
-0.02682292
-0.02695076
-0.0286228
-0.03090739
-0.03268065
-0.03396858
-0.03536941
-0.03707722
-0.03883647
-0.03908655
-0.03789247
-0.03666973
-0.0349872
-0.03345521
-0.0321948
-0.03135985
-0.03217268
-0.03271728
-0.03209065
-0.03022103
-0.02633651
-0.02283682
-0.02082291
-0.01946845
-0.01832328
-0.01646
-0.01492589
-0.01526127
-0.01717717
-0.01927388
-0.01966199
-0.0173285
-0.01363226
-0.0114672
-0.01116699
-0.01100284
-0.01030096
-0.009936038
-0.01116393
-0.01279301
-0.01384783
-0.01486299
-0.01486481
-0.01385218
-0.01357549
-0.01460206
-0.01635473
-0.01826195
-0.01986558
-0.02108189
-0.02249917
-0.0246434
-0.02609088
-0.02481759
-0.02119284
-0.01601702
-0.01004418
-0.004385696
0.0007442871
0.004866437
0.007879165
0.01015567
0.01168705
0.01282615
0.01345537
0.01347595
0.01354762
0.01413869
0.01640147
0.02084528
0.02617265
0.03104431
0.03261554
0.028553
0.02068343
0.01347014
0.01022793
0.01016376
0.01151641
0.01256033
0.011734
0.01003422
0.008258161
0.006483498
0.005396483
0.005650554
0.006359239
0.006322778
0.006434056
0.006841131
0.007570528
0.009254242
0.011264
0.0136105
0.01488636
0.01352664
0.01172478
0.01018825
0.00874033
0.008367631
0.007526928
0.006819952
0.008442008
0.01100285
0.0130172
0.01440471
0.0158645
0.01783837
0.01964914
0.02004537
0.01915201
0.01929725
0.02048344
0.02242989
0.025167
0.02649715
0.02584196
0.02209415
0.01708406
0.01526213
0.01543507
0.0170647
0.0194057
0.01999946
0.01918447
0.01536803
0.009142568
0.00403643
0.0006533636
-0.0005813547
-0.0003003613
0.001303757
0.005640311
0.01094455
0.01441517
0.01549442
0.01484725
0.01254657
0.01015412
0.01053124
0.01244947
0.01393567
0.01508258
0.0152279
0.0143202
0.01307773
0.01112104
0.007656036
0.003212171
-0.0005373861
-0.002133036
-0.001488376
0.0004749902
0.00343271
0.007234279
0.0104142
0.01166628
0.01072606
0.007333903
0.00315497
-0.0006345607
-0.004954629
-0.009028413
-0.01217636
-0.01492616
-0.01769136
-0.0196042
-0.01970841
-0.01880369
-0.01665974
-0.0143585
-0.01363017
-0.0133371
-0.01289238
-0.01121861
-0.007898369
-0.005068691
-0.00276036
-0.000877194
-0.0007545406
-0.001989517
-0.004376458
-0.007470898
-0.01010464
-0.01210937
-0.01136973
-0.006937525
-0.001718506
0.002620367
0.006233196
0.009746548
0.01267162
0.01359529
0.01242003
0.01026078
0.008838514
0.008229418
0.008101363
0.009128974
0.01067487
0.01155314
0.01135345
0.01071582
0.00982423
0.008139395
0.005435636
0.001562687
-0.00156416
-0.002148402
-0.0006934013
0.002056008
0.004985752
0.008139403
0.01123312
0.01205922
0.01108377
0.01064342
0.01096021
0.01094244
0.01014565
0.008106258
0.005086533
0.003715619
0.00493459
0.007738747
0.01158566
0.01552398
0.01961793
0.02352005
0.02608787
0.02718474
0.02681387
0.02512825
0.0227842
0.02086666
0.0193266
0.01799748
0.01685529
0.01512487
0.01376796
0.0131132
0.012294
0.01121143
0.009547265
0.007894144
0.006331503
0.004213817
0.002845285
0.003906156
0.008431494
0.01507811
0.01918146
0.01933563
0.01690974
0.01255697
0.00985262
0.01049553
0.01258023
0.01537324
0.01734144
0.01815063
0.01943403
0.02109149
0.02224424
0.02167732
0.01832014
0.01338414
0.008797503
0.004642552
0.0006074027
-0.002710944
-0.005101494
-0.006143322
-0.005499178
-0.004284547
-0.003262431
-0.003621568
-0.006472153
-0.009328645
-0.009348088
-0.006512883
-0.001992877
0.002032439
0.003633338
0.003615063
0.002671445
0.0002496618
-0.003062009
-0.006952515
-0.01043565
-0.01282624
-0.01541785
-0.01788757
-0.0193691
-0.01959968
-0.01826936
-0.01644456
-0.0154782
-0.01571355
-0.01646816
-0.0165759
-0.0152124
-0.01181254
-0.007604351
-0.005644865
-0.006570513
-0.008613924
-0.009743278
-0.008390533
-0.0048098
-0.0002044946
0.002709424
0.001732395
-0.00244716
-0.008000202
-0.01195669
-0.01325389
-0.01332083
-0.01380751
-0.01610558
-0.01954427
-0.02355614
-0.02794109
-0.03096797
-0.03156952
-0.03005967
-0.02723597
-0.02387971
-0.02110817
-0.02054068
-0.02279704
-0.0273757
-0.03280729
-0.03684605
-0.03904665
-0.03956613
-0.03765189
-0.03351857
-0.02694454
-0.0187553
-0.01180877
-0.007414085
-0.006635258
-0.008567305
-0.00923905
-0.008710854
-0.009095166
-0.0102491
-0.01260207
-0.01482837
-0.01522662
-0.01519996
-0.01563937
-0.01732846
-0.01983279
-0.02064159
-0.02031836
-0.02044333
-0.02127639
-0.02280328
-0.02388951
-0.02401223
-0.0225618
-0.01868879
-0.01332468
-0.007755713
-0.002463849
0.003032675
0.008511678
0.01378262
0.01963359
0.02449008
0.02654344
0.02675079
0.02671522
0.02679413
0.02655611
0.02480241
0.0196643
0.01214477
0.004456192
-0.002207341
-0.007112566
-0.01172129
-0.01538755
-0.01631424
-0.0153378
-0.01261634
-0.01014719
-0.009830275
-0.01011275
-0.01043549
-0.01048621
-0.01066587
-0.01180883
-0.01238323
-0.01255786
-0.01395259
-0.01666267
-0.02009789
-0.02234925
-0.02173651
-0.01850108
-0.0132643
-0.007566811
-0.003879101
-0.001961367
-0.0002727814
0.0009460853
0.002480037
0.00464067
0.005843838
0.005835991
0.004751562
0.003618124
0.003224801
0.002525375
0.00171472
0.0005885749
-0.000695298
-0.0009839086
-0.0007404305
2.530042e-06
0.0005019679
-0.0001162295
-0.0009476203
-0.00142333
-0.0008665534
0.0002151199
-0.0003613693
-0.002651556
-0.004852939
-0.006191286
-0.005883805
-0.003891437
-0.00158702
0.001239213
0.003913313
0.00530757
0.006441115
0.00689021
0.006310747
0.005681761
0.00459244
0.002945644
0.001364424
-0.0006666868
-0.00320228
-0.005422468
-0.007016823
-0.007474048
-0.007026115
-0.005675952
-0.003003967
-0.001113185
-0.0009687676
-0.001159524
-0.001034679
0.0001991189
0.002810138
0.005851924
0.008735432
0.01119038
0.01306159
0.01474765
0.01618706
0.01669101
0.01591232
0.01389054
0.01123824
0.008810736
0.007305648
0.007054019
0.008008257
0.009385043
0.01038129
0.01111486
0.01084049
0.009643933
0.008330818
0.006690914
0.005733926
0.00590802
0.006949872
0.008070148
0.008145836
0.008292207
0.008925193
0.009979531
0.01124183
0.01139681
0.01087201
0.01027395
0.01038583
0.01193574
0.01352808
0.01400274
0.01304108
0.0113308
0.01048501
0.01155433
0.01456933
0.01785247
0.01982744
0.02058612
0.02055368
0.02067004
0.02192515
0.02356315
0.02469014
0.02439372
0.02152669
0.01789925
0.0150812
0.01286685
0.01249411
0.01326778
0.01318239
0.01229007
0.01112299
0.01000399
0.007956988
0.003815625
-0.001069403
-0.004863589
-0.00790312
-0.01090486
-0.01350513
-0.0157341
-0.0171459
-0.01698539
-0.01510543
-0.01101197
-0.00599222
-0.002098477
0.0004778773
0.002117725
0.003473847
0.004430015
0.004284513
0.002939696
0.0001200425
-0.004111383
-0.009032636
-0.01327754
-0.01534607
-0.01483512
-0.01266997
-0.0104177
-0.008660343
-0.007500106
-0.006737172
-0.005396216
-0.004070369
-0.003739588
-0.004120056
-0.004728998
-0.004853517
-0.004583257
-0.004065049
-0.00314138
-0.002354818
-0.001944234
-0.001797539
-0.001235632
-0.0004016468
-0.0004023634
-0.00129228
-0.00332973
-0.005978843
-0.007880513
-0.009296893
-0.0106518
-0.01129345
-0.01022781
-0.00740594
-0.003982834
-0.001380803
-0.0005719793
-0.001535304
-0.002909158
-0.002976711
-0.002346555
-0.00224527
-0.002480174
-0.002956382
-0.002758818
-0.001148619
0.001594289
0.004954007
0.00773964
0.009826364
0.01196376
0.01462736
0.01758472
0.02013945
0.02230568
0.02361279
0.02315709
0.01989137
0.01455203
0.01002989
0.006584933
0.003948818
0.003507018
0.005149945
0.007303874
0.008419424
0.007908789
0.0060624
0.003726321
0.000974797
-0.001816524
-0.002945489
-0.002884453
-0.002891877
-0.003940846
-0.006396589
-0.008200019
-0.008911638
-0.008520661
-0.006551388
-0.004711967
-0.003456085
-0.003008988
-0.003211719
-0.002705963
-0.002901595
-0.004100373
-0.0045362
-0.00454104
-0.004729659
-0.005335179
-0.006477604
-0.00675224
-0.004465372
-0.0002228895
0.003749952
0.005887335
0.005519881
0.003111997
0.0002836061
-0.001731505
-0.002866492
-0.003303453
-0.00334537
-0.003117698
-0.00251424
-0.00210589
-0.00174507
-0.0008994175
-0.0005193925
-0.0009639387
-0.001980226
-0.003933919
-0.005936597
-0.007520783
-0.009186256
-0.01006398
-0.01056163
-0.01115823
-0.01038197
-0.008533082
-0.00599467
-0.002293599
0.0009002455
0.002449484
0.003028763
0.001884809
-0.0007531196
-0.002661377
-0.00401759
-0.005219584
-0.006540305
-0.008784322
-0.01033897
-0.01133462
-0.01220611
-0.01146301
-0.01054999
-0.009419721
-0.005835355
-0.0007503136
0.00459464
0.00903716
0.01061132
0.01005857
0.009011835
0.007963403
0.007561741
0.006916103
0.005018398
0.002914796
0.001247476
0.0001125121
-0.000608111
-0.001605683
-0.002457352
-0.002682557
-0.003361133
-0.00489717
-0.006522488
-0.007757021
-0.007615375
-0.005643137
-0.003510361
-0.002734047
-0.003241199
-0.004011642
-0.003863231
-0.003076654
-0.002766834
-0.00275091
-0.003058119
-0.004112775
-0.004692417
-0.004130114
-0.00290645
-0.001147858
0.0007871704
0.003014808
0.005222148
0.006329124
0.00683443
0.007379879
0.007409041
0.00699489
0.006664883
0.006430272
0.005775553
0.004073639
0.002030985
0.0008794278
0.001093918
0.003111319
0.006311695
0.009500058
0.01266389
0.01562112
0.01754837
0.0179767
0.01700287
0.01497654
0.01245057
0.01043541
0.009234735
0.008257406
0.007405403
0.007044675
0.007557418
0.008911663
0.0100772
0.01018276
0.00962897
0.008805133
0.008060661
0.007360355
0.005589848
0.00331324
0.001822571
0.001563779
0.003165048
0.005670174
0.007856494
0.009645091
0.01071824
0.01142338
0.01215019
0.01233647
0.01181451
0.01081113
0.00923366
0.006725654
0.003096393
-0.001052394
-0.004675986
-0.006722273
-0.006912247
-0.005305307
-0.001836298
0.00210031
0.005117034
0.006293906
0.005352905
0.003371156
0.0007940173
-0.000940385
-0.001060654
-0.0009988362
-0.001055453
-0.001692962
-0.003029684
-0.004105708
-0.00475448
-0.004963138
-0.004999926
-0.005309808
-0.005773302
-0.006299554
-0.006742706
-0.006549292
-0.005783704
-0.004868707
-0.003790642
-0.00300968
-0.002551153
-0.001060565
0.00214263
0.00557914
0.007084075
0.006231432
0.004283715
0.002380848
0.000845097
-0.0005937501
-0.00194286
-0.002389294
-0.001075876
0.00166339
0.004625299
0.007837459
0.01063209
0.01127123
0.01054022
0.008622731
0.00516383
0.001617088
-0.00180321
-0.004672847
-0.006297252
-0.007110126
-0.007209585
-0.006791655
-0.005961515
-0.004844486
-0.004214017
-0.004281055
-0.003879739
-0.002643819
-0.001754615
-0.001770137
-0.002891309
-0.004806972
-0.006713516
-0.00877783
-0.01093463
-0.01290815
-0.01482581
-0.01612198
-0.01619503
-0.01482999
-0.01254269
-0.01052743
-0.009350887
-0.00911801
-0.009261853
-0.009198502
-0.008836414
-0.008262943
-0.00826925
-0.008904265
-0.009998616
-0.01162421
-0.01312566
-0.01449212
-0.0156021
-0.01586964
-0.014821
-0.01224151
-0.009347984
-0.007216789
-0.006457841
-0.007111032
-0.007172077
-0.00581474
-0.004350632
-0.003559841
-0.003522131
-0.00385957
-0.0043226
-0.004756772
-0.004829946
-0.004942615
-0.005597767
-0.006508532
-0.007078227
-0.006980851
-0.006426157
-0.006112022
-0.006408153
-0.006830681
-0.007120407
-0.007405399
-0.007339899
-0.006572389
-0.005185096
-0.003625573
-0.00246794
-0.001836054
-0.002014353
-0.003538712
-0.00558639
-0.00687131
-0.007419242
-0.00753406
-0.007339175
-0.007134956
-0.007010272
-0.007060629
-0.007000207
-0.006039062
-0.004315889
-0.002523641
-0.0009899678
0.0001091569
0.001196007
0.002477164
0.003431608
0.003691075
0.002902485
0.00138283
3.197103e-05
-0.0008248142
-0.0009692907
-0.000431193
0.0003674312
0.001228077
0.001960249
0.002483492
0.002977265
0.003473909
0.003692125
0.003410799
0.002712945
0.001679446
0.0004574282
-0.0006350823
-0.001347182
-0.001738838
-0.002039301
-0.002094615
-0.00161199
-0.0004123284
0.001446854
0.003295235
0.004499248
0.005026149
0.005350999
0.005869808
0.006294761
0.006204874
0.005748914
0.005460709
0.005658127
0.00649045
0.00765804
0.008477841
0.008680707
0.00818089
0.007530481
0.007447991
0.007733885
0.00827591
0.009076506
0.009610772
0.009578429
0.009144778
0.008228184
0.006939189
0.005584351
0.004199703
0.00315404
0.002579742
0.00247207
0.00281224
0.00297271
0.002825593
0.00245614
0.001887707
0.001468321
0.000976541
0.0004262006
4.721545e-05
-0.0005164825
-0.001319349
-0.002424015
-0.003564266
-0.00400878
-0.003630445
-0.00241497
-0.0009711037
-0.0002587025
-2.842659e-05
0.0002516419
0.000767798
0.001474511
0.001905362
0.002007416
0.002103537
0.002176762
0.002098955
0.001743453
0.001324026
0.001218628
0.00127895
0.001425082
0.001725467
0.001991153
0.002018338
0.001780164
0.001542114
0.001489806
0.001559163
0.001659312
0.001697053
0.001740971
0.002009535
0.002436689
0.002826789
0.003224958
0.003544536
0.003815155
0.004236097
0.004756531
0.005359461
0.005709847
0.00534857
0.004522641
0.00379221
0.003477736
0.003430263
0.003279444
0.002994073
0.002635257
0.002114912
0.001568947
0.001337392
0.001423154
0.001528356
0.00173954
0.002171688
0.002503995
0.002585057
0.002362371
0.001874969
0.001505724
0.001432723
0.001526121
0.001567807
0.001450316
0.001283022
0.001037331
0.0007062122
0.0004640405
0.0002974619
0.0001136966
-9.837882e-05
-0.0003635335
-0.0005965901
-0.0006246924
-0.0004303255
-0.0001336874
0.0001461674
0.0003139506
0.0003716177
0.0003861976
0.0004033448
0.0004683856
0.0005055275
0.0003674383
0.0001174846
-0.0001050772
-0.0002878592
-0.0004063095
-0.0004249652
-0.0003485868
-0.0001724963
7.938681e-05
0.0003387797
0.0005375899
0.0006492893
0.000708774
0.0007913024
0.0008912775
0.0009403336
0.0008993063
0.0006963005
0.0004049091
0.0001724654
-1.270004e-05
-8.000053e-05
1.299271e-05
0.0001821968
0.0003863618
0.0005237425
0.0005703729
0.0005913433
0.0005702
0.0005185858
0.0004729699
0.0004332657
0.000394284
0.0003574209
0.0003085774
0.0002355666
0.0001357073
9.512146e-06
-0.0001043027
-0.0001818499
-0.000239199
-0.0003079105
-0.0003854542
-0.0004334012
-0.0004769369
-0.0005527229
-0.0006603814
-0.0007684901
-0.0008381968
-0.0008900892
-0.0009288858
-0.0009454708
-0.0009405991
-0.0008925683
-0.0008183287
-0.0007440839
-0.0007016586
-0.0007236871
-0.0007832111
-0.000838924
-0.0008646485
-0.0008648302
-0.0008572241
-0.0008451426
-0.0008343743
-0.0008256838
-0.0008279427
-0.0008431988
-0.0008559363
-0.0008596327
-0.000852194
-0.0008405437
-0.0008329525
-0.0008267565
-0.0008155556
-0.0007916107
-0.0007548729
-0.0007102894
-0.0006638746
-0.0006228624
-0.0005875263
-0.0005595825
-0.0005435146
-0.0005363094
-0.0005307216
-0.0005210863
-0.0005106159
-0.000505279
-0.0005025637
-0.0004996927
-0.0004962014
-0.0004901205
-0.0004789729
-0.0004586496
-0.0004306373
-0.0004022411
-0.0003770907
-0.0003575215
-0.0003451123
-0.0003398332
-0.0003423745
-0.0003493437
-0.0003540507
-0.000354087
-0.0003496492
-0.0003405641
-0.0003293018
-0.0003184618
-0.0003092535
-0.0003020093
-0.0002948001
-0.0002875614
-0.0002806339
-0.0002729201
-0.000265753
-0.0002599167
-0.000255056
-0.0002513545
-0.0002475463
-0.0002425348
-0.0002362293
-0.000228929
-0.0002217799
-0.0002155635
-0.0002103168
-0.000205718
-0.000201157
-0.0001964079
-0.0001916582
-0.0001871363
-0.0001831215
-0.000179687
-0.0001763925
-0.0001728329
-0.0001691237
-0.0001653076
-0.000161164
-0.0001567358
-0.0001521983
-0.0001475984
-0.0001430256
-0.0001385939
-0.00013428
-0.0001300469
-0.0001259756
-0.0001221301
-0.0001184944
-0.000115001
-0.0001115838
-0.0001082183
-0.0001048759
-0.0001015492
-9.822375e-05
-9.48687e-05
-9.150316e-05
-8.815255e-05
-8.482614e-05
-8.153015e-05
-7.825951e-05
-7.500962e-05
-7.177818e-05
-6.856176e-05
-6.535794e-05
-6.216548e-05
-5.898448e-05
-5.58153e-05
-5.265779e-05
-4.951174e-05
-4.637727e-05
-4.325461e-05
-4.014396e-05
