2.515988e-05
2.518896e-05
2.521394e-05
2.523357e-05
2.526199e-05
2.527975e-05
2.529715e-05
2.530871e-05
2.529391e-05
2.530409e-05
2.533633e-05
2.533946e-05
2.532893e-05
2.528566e-05
2.527811e-05
2.52992e-05
2.530529e-05
2.531417e-05
2.526155e-05
2.523631e-05
2.514378e-05
2.506824e-05
2.512799e-05
2.496359e-05
2.487193e-05
2.493678e-05
2.475277e-05
2.481899e-05
2.476223e-05
2.450711e-05
2.477648e-05
2.483934e-05
2.44635e-05
2.444726e-05
2.450586e-05
2.421601e-05
2.389977e-05
2.386888e-05
2.397974e-05
2.416845e-05
2.389221e-05
2.355638e-05
2.36152e-05
2.340983e-05
2.357472e-05
2.336219e-05
2.285532e-05
2.315812e-05
2.244445e-05
2.242353e-05
2.293453e-05
2.285841e-05
2.337457e-05
2.247735e-05
2.212165e-05
2.208965e-05
2.173213e-05
2.2391e-05
2.112114e-05
2.09475e-05
2.186151e-05
2.076614e-05
2.024798e-05
2.061728e-05
2.044168e-05
2.045837e-05
2.085691e-05
1.967207e-05
1.89591e-05
1.947135e-05
1.949169e-05
1.81026e-05
1.778294e-05
2.004611e-05
1.977432e-05
1.83619e-05
1.679795e-05
1.605294e-05
1.827877e-05
1.89903e-05
1.867136e-05
1.736923e-05
1.75136e-05
1.885027e-05
1.931219e-05
1.839119e-05
1.383539e-05
1.383842e-05
1.693528e-05
1.5836e-05
1.394887e-05
1.35122e-05
1.476923e-05
1.605066e-05
1.686408e-05
1.454014e-05
1.058357e-05
1.049431e-05
1.410186e-05
1.791869e-05
1.737592e-05
1.430797e-05
1.177709e-05
9.209479e-06
8.055299e-06
8.58235e-06
1.073219e-05
1.263338e-05
1.122204e-05
1.068497e-05
1.143607e-05
9.529502e-06
1.066133e-05
1.279064e-05
1.230985e-05
1.185573e-05
8.133359e-06
5.264576e-06
6.496096e-06
8.164281e-06
7.138939e-06
4.921084e-06
5.830165e-06
6.129379e-06
7.557612e-06
7.596107e-06
2.376295e-06
3.172265e-06
7.23267e-06
7.628118e-06
7.122531e-06
3.554005e-06
2.889874e-06
9.527432e-06
9.117264e-06
6.349034e-07
-2.772204e-06
-4.821555e-07
2.394362e-06
5.253455e-06
4.080606e-06
2.232233e-06
1.620397e-06
-2.655204e-06
-8.121784e-07
3.668469e-06
1.593053e-06
4.111816e-07
-3.311512e-06
-5.418567e-06
-6.638048e-06
-8.380794e-06
-1.543557e-06
6.31776e-07
6.952169e-07
1.079299e-06
-8.01932e-06
-1.098828e-05
-4.564994e-06
9.887948e-07
-2.386785e-06
-3.986592e-06
-1.588486e-06
-6.276111e-06
-5.873681e-06
-9.714725e-06
-1.26124e-05
-2.566338e-06
1.643294e-06
-5.692343e-07
-2.535827e-06
-3.818743e-06
-1.353437e-05
-1.690265e-05
-8.245447e-06
-6.88683e-06
-4.166198e-06
-9.235383e-06
-1.106494e-05
-5.28479e-06
-1.056931e-05
-1.42136e-05
-1.634791e-05
-8.473548e-06
-1.895752e-06
-7.48072e-06
-1.004801e-05
-1.47303e-05
-1.83265e-05
-1.858859e-05
-1.673047e-05
-1.451513e-05
-1.176105e-05
-9.964197e-06
-1.334431e-05
-1.337481e-05
-1.658973e-05
-1.446142e-05
-8.128091e-06
-1.726765e-05
-1.878286e-05
-1.404492e-05
-2.123423e-05
-2.265863e-05
-1.317764e-05
-1.37499e-05
-1.788602e-05
-1.708705e-05
-2.076961e-05
-2.032617e-05
-1.80694e-05
-1.705261e-05
-1.530529e-05
-1.119993e-05
-9.560504e-06
-1.866181e-05
-1.5224e-05
-1.169686e-05
-2.012556e-05
-1.972695e-05
-1.804933e-05
-1.703456e-05
-1.849356e-05
-2.517682e-05
-2.711884e-05
-2.039484e-05
-1.303989e-05
-1.375788e-05
-1.993471e-05
-2.114832e-05
-3.070842e-05
-3.379461e-05
-2.320618e-05
-2.978091e-05
-2.369807e-05
-1.737112e-05
-2.832793e-05
-1.856608e-05
-1.834974e-05
-2.034337e-05
-1.613061e-05
-1.952605e-05
-1.546017e-05
-2.083802e-05
-2.531917e-05
-2.884917e-05
-2.816508e-05
-1.981319e-05
-3.040434e-05
-2.497818e-05
-1.191591e-05
-1.929995e-05
-2.162601e-05
-2.928754e-05
-3.805036e-05
-2.910456e-05
-1.508044e-05
-9.380853e-06
-1.478548e-05
-2.066337e-05
-2.225104e-05
-3.116263e-05
-3.849314e-05
-3.28754e-05
-2.790231e-05
-1.709152e-05
-9.899518e-06
-2.159978e-05
-2.625049e-05
-2.634845e-05
-2.770134e-05
-2.251849e-05
-2.48507e-05
-2.449738e-05
-1.950691e-05
-2.044387e-05
-3.222957e-05
-4.201615e-05
-3.128198e-05
-3.016491e-05
-3.209593e-05
-2.330101e-05
-2.197236e-05
-1.864941e-05
-2.317772e-05
-2.655775e-05
-1.868182e-05
-2.865676e-05
-3.983636e-05
-3.280021e-05
-2.556265e-05
-2.356572e-05
-2.298956e-05
-2.298226e-05
-2.602073e-05
-2.541665e-05
-1.673958e-05
-1.986674e-05
-2.772596e-05
-1.565875e-05
-1.86684e-05
-3.518079e-05
-3.448448e-05
-3.463319e-05
-2.655153e-05
-1.787887e-05
-2.380834e-05
-2.694446e-05
-2.374223e-05
-1.967644e-05
-1.904454e-05
-2.364148e-05
-3.275929e-05
-3.002025e-05
-2.108413e-05
-2.318541e-05
-1.992053e-05
-2.428442e-05
-2.259839e-05
-1.471442e-05
-2.597933e-05
-3.135815e-05
-3.010396e-05
-2.447488e-05
-2.044267e-05
-2.275204e-05
-2.136985e-05
-2.627238e-05
-3.339983e-05
-3.748567e-05
-3.320269e-05
-1.804103e-05
-1.120343e-05
-1.329593e-05
-1.87724e-05
-2.594627e-05
-3.036257e-05
-2.630387e-05
-2.528208e-05
-2.088333e-05
-1.463404e-05
-2.944442e-05
-3.061428e-05
-2.866896e-05
-3.326313e-05
-2.509503e-05
-3.171401e-05
-3.136838e-05
-2.367589e-05
-2.49992e-05
-2.309354e-05
-1.775165e-05
-1.022704e-05
-9.485961e-06
-1.724543e-05
-3.036905e-05
-2.408862e-05
-1.107206e-05
-2.396382e-05
-2.709781e-05
-1.897286e-05
-2.386067e-05
-2.336282e-05
-1.929233e-05
-2.164738e-05
-1.865107e-05
-1.804792e-05
-2.20353e-05
-1.999234e-05
-1.83879e-05
-2.393075e-05
-3.105858e-05
-2.785524e-05
-1.61393e-05
-2.071036e-05
-3.119201e-05
-2.468721e-05
-2.611903e-05
-3.199021e-05
-3.025397e-05
-3.340285e-05
-1.977383e-05
-1.265006e-05
-2.661056e-05
-3.044317e-05
-2.808568e-05
-2.259242e-05
-1.994502e-05
-1.314011e-05
-7.749667e-06
-1.857914e-05
-2.132154e-05
-2.374871e-05
-2.716416e-05
-2.321828e-05
-2.500955e-05
-2.509068e-05
-2.190221e-05
-1.930111e-05
-2.139243e-05
-1.701153e-05
-1.952358e-06
-8.338591e-06
-1.894244e-05
-2.170383e-05
-2.893073e-05
-2.254062e-05
-1.930469e-05
-1.9675e-05
-1.524947e-05
-1.54277e-05
-1.253009e-05
-1.955734e-05
-2.548612e-05
-1.751857e-05
-1.772105e-05
-2.295335e-05
-2.686481e-05
-2.169526e-05
-2.028288e-05
-2.80788e-05
-2.631946e-05
-2.704228e-05
-2.194848e-05
-1.896574e-05
-2.682405e-05
-2.186799e-05
-1.665316e-05
-1.446453e-05
-7.929508e-06
-1.285116e-05
-2.203316e-05
-1.987205e-05
-1.430805e-05
-1.770304e-05
-2.028139e-05
-1.867633e-05
-1.398522e-05
-1.194892e-05
-2.410995e-05
-3.420466e-05
-2.44843e-05
-1.582004e-05
-1.974005e-05
-1.562269e-05
-1.317288e-05
-1.896102e-05
-1.199911e-05
-1.392886e-05
-2.18863e-05
-1.440006e-05
-1.06261e-05
-1.110136e-05
-1.316742e-05
-1.859442e-05
-1.556034e-05
-1.345681e-05
-1.897873e-05
-1.840126e-05
-1.332301e-05
-1.418999e-05
-1.521017e-05
-1.772389e-05
-1.807173e-05
-1.204195e-05
-1.338418e-05
-1.849852e-05
-2.198954e-05
-2.191273e-05
-1.780866e-05
-1.414214e-05
-1.31188e-05
-1.299381e-05
-9.432667e-06
-8.31518e-06
-1.286236e-05
-1.944937e-05
-2.035838e-05
-1.523938e-05
-1.880098e-05
-2.15973e-05
-1.31672e-05
-1.489879e-05
-1.697438e-05
-2.16322e-05
-2.480674e-05
-1.296098e-05
-1.200543e-05
-1.26579e-05
-1.980951e-05
-2.093226e-05
-3.513327e-06
-8.132716e-06
-1.744671e-05
-2.25293e-05
-2.534003e-05
-1.275216e-05
-2.301991e-06
-3.934911e-06
-1.44697e-05
-1.647928e-05
-1.138908e-05
-8.636009e-06
-6.692455e-06
-1.364246e-05
-1.925485e-05
-1.406557e-05
-6.886587e-06
-9.373262e-06
-1.536759e-05
-1.695364e-05
-1.676203e-05
-1.017326e-05
-8.556628e-06
-1.919471e-05
-2.837045e-05
-1.8979e-05
-5.959746e-06
-1.17009e-05
-8.744889e-06
-8.780844e-06
-1.964593e-05
-1.78972e-05
-2.014291e-05
-1.761572e-05
-7.392939e-06
-8.820455e-06
-1.642277e-05
-1.630828e-05
-1.745266e-05
-2.015811e-05
-8.158261e-06
-6.422881e-06
-1.087523e-05
-1.261123e-05
-2.033912e-05
-1.86184e-05
-1.367521e-05
-9.815923e-07
-5.749119e-07
-8.771512e-06
-1.563981e-06
-1.287573e-05
-2.309142e-05
-2.116784e-05
-2.387397e-05
-1.74632e-05
-1.008315e-05
-3.464672e-06
-1.90826e-06
-6.821182e-06
-1.154305e-05
-1.739277e-05
-1.495426e-05
-1.021171e-05
-4.008179e-06
-3.05931e-06
-1.402056e-05
-2.179177e-05
-2.777765e-05
-2.250326e-05
-1.355742e-05
-1.672296e-05
-6.152488e-06
-3.628107e-06
-1.397322e-05
-3.514737e-06
-7.741734e-07
-8.783396e-06
-7.377153e-06
-8.686407e-06
-1.024669e-05
-8.598596e-06
-9.134671e-06
-8.439913e-06
-1.359819e-06
-3.317526e-06
-6.718447e-06
-1.869e-07
-4.117347e-06
-1.270177e-05
-1.476146e-05
-1.980584e-05
-1.44813e-05
-9.304533e-07
-9.338049e-06
-1.229112e-05
-8.471236e-06
-2.076225e-05
-1.533061e-05
-1.074243e-05
-2.113703e-05
-1.621491e-05
-1.507575e-05
-2.104211e-05
-1.192227e-05
-2.664923e-06
-1.499127e-06
-1.602366e-06
-4.9522e-06
-3.965673e-06
-8.049048e-06
-1.187224e-05
-1.358793e-06
1.456808e-06
-6.752799e-06
-1.998712e-05
-1.71499e-05
1.445294e-06
-5.931223e-06
-1.447302e-05
-1.169508e-05
-1.884392e-05
-1.196946e-05
-7.760829e-06
-7.00165e-06
2.423953e-06
-4.372985e-06
-1.107559e-05
-7.448554e-06
-1.664615e-06
-2.445759e-07
-5.062322e-06
-3.715107e-06
-2.956672e-06
9.367512e-08
-1.409429e-06
-8.346538e-06
-7.94283e-06
-6.714195e-06
-4.691063e-06
-7.165407e-06
-1.371331e-05
-9.525654e-06
-1.918125e-06
-9.997949e-06
-1.076137e-05
-3.8696e-07
-9.099577e-06
-1.180305e-05
-1.490029e-05
-1.648862e-05
-6.337732e-07
-3.217731e-06
-3.813604e-06
-3.394959e-06
-1.682726e-05
-1.290609e-05
-3.070553e-06
-6.598178e-06
-9.545866e-06
-3.952857e-06
-2.320076e-06
-2.723736e-06
-3.829407e-06
-8.155213e-06
-5.235794e-06
-2.506376e-06
3.177403e-06
3.59955e-06
-9.937881e-06
-1.101058e-05
-3.298891e-06
-7.288921e-06
-1.3868e-05
-9.219192e-06
-5.054686e-07
-4.123959e-07
-8.061692e-06
-1.198793e-05
-5.940064e-06
8.779646e-07
4.893865e-06
1.436765e-06
-2.022145e-06
-7.209091e-06
-1.817546e-05
-1.575998e-05
-4.845313e-06
1.71346e-06
-1.775372e-07
3.979597e-07
-2.255257e-06
-6.971809e-06
3.889421e-07
-3.403925e-06
-3.829084e-06
-4.870819e-07
-8.658887e-06
-7.020874e-06
-5.060069e-06
4.555087e-06
1.371054e-06
-1.083095e-05
8.841369e-07
3.447742e-06
5.354427e-06
2.79532e-06
-1.067217e-05
-9.844332e-06
-4.03781e-06
4.709577e-06
6.13815e-06
-8.919054e-06
-7.912391e-06
6.374712e-06
2.899384e-06
-7.157781e-06
-9.846273e-06
-1.005108e-05
5.233226e-07
5.256885e-06
-3.329953e-06
-1.204011e-05
-7.70196e-06
3.808726e-06
-2.041844e-06
-1.970147e-06
1.906363e-06
-7.33698e-06
-5.033991e-06
-8.972021e-06
-1.332715e-05
-2.848992e-06
-5.130756e-06
-4.600897e-06
7.628394e-06
4.625889e-06
-3.847862e-06
-2.497429e-06
-5.283674e-06
-7.369179e-07
6.937657e-06
5.613424e-06
8.209283e-07
4.342022e-06
1.516388e-05
-2.366443e-06
-4.178847e-06
1.317431e-05
-2.992692e-06
-3.793156e-06
6.943252e-06
3.173166e-06
3.963868e-06
-2.425786e-06
-1.061127e-05
-6.398476e-06
2.340511e-07
-7.889535e-06
-1.122673e-05
3.359498e-06
7.72291e-06
4.600054e-06
-9.326675e-07
-6.909465e-06
-8.517667e-06
-6.744484e-06
2.910594e-07
-1.606598e-06
-3.015752e-06
4.015551e-06
6.808983e-06
9.811142e-06
6.281796e-06
2.391092e-06
8.911687e-06
5.991228e-06
-5.426298e-07
-9.250834e-08
-5.564996e-06
-7.568017e-06
3.745221e-06
8.275245e-06
-1.352241e-07
2.62258e-07
-1.723054e-06
-1.947216e-06
4.849074e-06
7.660095e-07
5.05357e-06
6.824788e-06
5.900369e-06
2.141186e-06
-5.593199e-06
3.297405e-06
5.597395e-06
4.149262e-06
3.512646e-06
-5.362713e-06
-3.738402e-07
1.097639e-05
8.426054e-06
-1.13827e-06
9.46661e-07
4.498092e-06
-1.947846e-06
-2.480555e-06
1.154803e-06
1.771922e-06
3.834082e-06
3.346577e-06
3.539584e-06
5.93166e-06
2.143506e-06
3.565943e-06
1.100985e-06
-3.854144e-06
3.72874e-06
1.103344e-05
7.405121e-06
-1.08659e-06
1.487915e-06
2.397166e-06
2.836238e-06
1.102087e-05
4.446236e-06
1.187295e-05
1.644722e-05
6.137206e-06
8.309016e-06
6.132145e-06
1.015217e-05
1.46746e-05
1.045042e-05
7.583437e-06
-6.844856e-06
-8.926845e-06
1.744336e-06
4.554812e-06
3.354204e-06
6.026994e-08
7.14972e-06
9.68213e-06
3.841058e-06
4.161985e-06
-8.42703e-06
-1.641109e-05
-4.927457e-06
4.144618e-06
1.360038e-05
1.12085e-05
9.854453e-06
1.416817e-05
4.431863e-06
-1.972751e-06
-1.094691e-05
-7.736724e-06
8.359657e-06
1.031243e-05
9.558326e-06
3.16725e-06
1.642204e-06
1.086768e-05
1.398675e-05
7.916045e-06
3.437276e-06
1.33292e-06
5.707179e-07
9.124912e-06
1.076784e-05
9.929855e-06
1.226659e-05
8.591958e-06
1.242174e-05
1.011673e-05
4.006095e-06
2.486432e-06
2.625983e-06
6.143931e-06
9.366447e-06
9.81849e-06
2.803207e-06
-1.231973e-06
2.870034e-06
7.047989e-06
9.112594e-06
7.670571e-06
1.517946e-06
1.252078e-06
1.021388e-05
1.25656e-05
1.862504e-05
1.500212e-05
3.12243e-06
8.451715e-06
8.189522e-06
1.033675e-05
1.675744e-05
9.009917e-06
5.190228e-06
-1.779949e-07
-2.713896e-06
8.239461e-07
4.078825e-06
9.558966e-06
1.180981e-05
1.584624e-05
1.539587e-05
1.04091e-05
1.08994e-05
1.201843e-05
1.152668e-05
1.368202e-05
1.515629e-05
1.073207e-05
9.185839e-06
6.167284e-06
1.559717e-07
1.671929e-06
6.365229e-06
7.887228e-06
1.108676e-05
1.874956e-05
1.208356e-05
2.716006e-06
1.316787e-05
1.39266e-05
8.856041e-06
1.241079e-05
1.14983e-05
8.025322e-06
3.860365e-06
-5.066652e-07
8.646264e-06
1.057574e-05
6.978693e-06
1.36222e-05
3.147892e-07
4.940497e-06
2.040458e-05
9.357377e-06
7.291737e-06
4.681627e-06
1.123807e-05
1.980718e-05
1.562758e-05
1.16363e-05
6.106873e-06
1.1799e-05
5.012409e-06
3.542824e-06
1.403883e-05
1.449849e-05
1.66644e-05
1.662143e-05
1.99219e-05
1.19092e-05
1.169072e-05
1.627244e-05
1.726664e-06
1.247334e-05
1.723811e-05
1.401326e-05
2.784933e-05
2.320161e-05
1.849525e-05
1.645598e-05
1.335719e-06
-3.26976e-06
4.907908e-06
9.078896e-06
1.580882e-05
1.923849e-05
9.839711e-06
1.018098e-05
1.906246e-05
2.257313e-05
1.245704e-05
6.500215e-06
8.318054e-06
3.58882e-06
9.510093e-06
1.371278e-05
1.284187e-05
1.471509e-05
1.502639e-05
2.198664e-05
2.214243e-05
2.071324e-05
2.164319e-05
1.161965e-05
8.617637e-06
1.31062e-05
1.029136e-05
1.531502e-05
2.043497e-05
1.761755e-05
1.019896e-05
9.579038e-07
1.190031e-05
1.66446e-05
1.689576e-05
2.1076e-05
1.356387e-05
1.249767e-05
6.386328e-06
1.544021e-05
2.084965e-05
1.59105e-05
2.28237e-05
4.104925e-06
5.518105e-06
2.259241e-05
1.71073e-05
1.964369e-05
1.396666e-05
8.235102e-06
1.135484e-05
1.558345e-05
1.593241e-05
1.4771e-05
1.957608e-05
6.59045e-06
1.049677e-06
1.570326e-05
2.003176e-05
2.151629e-05
2.515822e-05
2.115303e-05
1.098108e-05
2.886169e-06
6.025199e-06
1.825773e-05
2.856087e-05
3.265971e-05
2.604175e-05
1.75376e-05
1.538493e-05
7.902175e-06
5.374265e-06
1.300812e-05
1.976658e-05
2.280683e-05
1.727355e-05
8.113937e-06
8.193371e-06
1.586729e-05
1.430927e-05
1.457061e-05
2.811161e-05
2.4268e-05
1.307079e-05
1.303372e-05
1.625064e-05
2.128383e-05
2.402548e-05
1.619225e-05
5.844583e-06
1.633688e-05
2.05449e-05
1.561159e-05
1.949601e-05
1.979901e-05
1.654668e-05
8.623709e-06
7.549327e-06
1.060652e-05
1.801471e-05
2.530626e-05
1.868896e-05
1.986642e-05
1.138697e-05
5.993448e-06
1.274712e-05
9.732757e-06
2.061492e-05
2.383844e-05
1.737021e-05
2.175656e-05
2.30834e-05
1.982573e-05
1.291302e-05
1.592576e-05
2.25552e-05
2.326358e-05
2.055696e-05
1.008052e-05
9.029537e-06
1.462333e-05
1.789142e-05
2.390275e-05
2.093059e-05
1.957394e-05
2.293679e-05
1.197608e-05
1.149225e-05
1.794099e-05
1.425161e-05
2.215833e-05
2.43477e-05
2.040836e-05
2.125427e-05
1.387758e-05
1.071955e-05
1.333171e-05
1.754704e-05
1.841396e-05
1.413031e-05
1.849536e-05
1.923331e-05
1.921661e-05
1.818159e-05
1.480595e-05
1.876845e-05
1.838872e-05
1.641206e-05
1.994805e-05
2.210668e-05
2.210082e-05
1.598225e-05
1.259271e-05
1.908747e-05
1.617532e-05
1.216933e-05
1.665904e-05
2.097316e-05
2.645452e-05
2.298253e-05
2.311959e-05
3.213967e-05
2.624557e-05
1.546848e-05
1.251396e-05
1.351065e-05
1.510725e-05
2.387127e-05
2.833164e-05
1.836197e-05
1.828256e-05
2.186747e-05
1.897619e-05
2.092425e-05
1.950225e-05
1.647051e-05
2.162608e-05
2.364954e-05
1.456009e-05
1.518478e-05
2.063511e-05
1.271431e-05
1.886565e-05
2.68455e-05
1.341585e-05
1.684359e-05
3.116995e-05
2.92426e-05
2.465353e-05
2.624763e-05
2.057253e-05
1.215518e-05
1.551901e-05
1.470468e-05
1.779799e-05
2.482314e-05
2.254464e-05
2.235652e-05
2.10508e-05
1.842438e-05
1.28633e-05
1.763928e-05
3.17244e-05
2.684874e-05
1.967192e-05
2.634366e-05
3.299957e-05
3.206262e-05
2.694302e-05
1.984306e-05
2.256555e-05
2.536599e-05
1.24941e-05
1.076185e-05
9.228946e-06
1.313266e-05
3.364351e-05
3.045135e-05
2.168704e-05
2.682652e-05
2.891337e-05
2.642873e-05
2.798315e-05
2.488393e-05
1.638222e-05
1.784433e-05
1.739678e-05
9.281413e-06
1.13875e-05
2.153303e-05
2.058259e-05
2.122592e-05
2.865906e-05
2.84941e-05
2.824906e-05
1.617987e-05
7.09605e-06
1.306665e-05
1.891534e-05
3.154186e-05
4.136172e-05
3.108792e-05
1.185782e-05
1.334975e-05
2.506773e-05
2.523735e-05
1.744246e-05
1.258049e-05
2.725777e-05
4.265145e-05
3.911593e-05
2.280276e-05
9.682893e-06
6.439567e-06
1.648013e-05
3.915015e-05
3.577379e-05
1.952793e-05
1.944338e-05
1.599601e-05
5.299162e-06
6.419008e-06
1.749865e-05
3.203717e-05
5.945661e-05
6.406362e-05
2.909009e-05
-8.874152e-06
-1.669799e-05
1.770722e-05
5.056916e-05
5.104031e-05
1.628397e-05
-1.141994e-05
5.568062e-06
2.21682e-05
2.424699e-05
1.584086e-05
1.684793e-05
5.672868e-05
6.868466e-05
2.693103e-05
-1.70991e-05
-1.008377e-05
4.154665e-05
5.095309e-05
2.409444e-05
9.959416e-06
1.356222e-05
3.813079e-05
3.733764e-05
2.62806e-05
3.922932e-05
5.138445e-05
4.957799e-05
1.500793e-05
-1.178045e-05
4.683362e-06
2.296097e-05
2.471417e-05
7.509218e-06
1.386999e-05
4.302313e-05
3.579926e-05
2.855584e-05
4.017725e-05
4.14429e-05
3.570257e-05
1.944634e-05
2.732046e-06
3.179249e-06
8.360961e-06
1.248637e-05
1.859665e-05
2.320504e-05
3.455205e-05
4.920504e-05
4.374178e-05
3.046277e-05
2.688855e-05
3.107339e-05
3.350299e-05
2.761506e-05
1.567768e-05
-2.483617e-06
4.240569e-06
2.331997e-05
2.376497e-05
3.673008e-05
4.855336e-05
4.616483e-05
3.828693e-05
2.177249e-05
1.443858e-05
1.050751e-05
6.92011e-06
1.049458e-05
2.181178e-05
2.930134e-05
2.909149e-05
3.395527e-05
2.74988e-05
2.194254e-05
3.152316e-05
3.989055e-05
3.972525e-05
2.97715e-05
1.938431e-05
1.143484e-05
1.699199e-05
2.101051e-05
1.513143e-05
1.638297e-05
2.281118e-05
3.741411e-05
3.952401e-05
3.203408e-05
3.074595e-05
3.321617e-05
3.991374e-05
3.165877e-05
2.999774e-05
2.32471e-05
9.362711e-06
2.226158e-05
3.167611e-05
2.960875e-05
3.008602e-05
2.86405e-05
2.451315e-05
2.307864e-05
3.070597e-05
3.579319e-05
3.335808e-05
3.12184e-05
2.469899e-05
1.701739e-05
1.400902e-05
2.065819e-05
3.496178e-05
4.109006e-05
2.832933e-05
1.417857e-05
1.198848e-05
8.076841e-06
7.474466e-06
1.723749e-05
3.354715e-05
4.372934e-05
4.284033e-05
3.246319e-05
1.743564e-05
1.520379e-05
1.425473e-05
2.208962e-05
3.65375e-05
3.493027e-05
3.821386e-05
3.319691e-05
2.216241e-05
2.190524e-05
1.912391e-05
2.512984e-05
3.230917e-05
2.979491e-05
3.395059e-05
4.04244e-05
3.453846e-05
3.084653e-05
2.218643e-05
1.167024e-05
1.656989e-05
2.393683e-05
2.889131e-05
2.791767e-05
3.727325e-05
5.071171e-05
3.992513e-05
2.478229e-05
1.12608e-05
1.328935e-05
2.0775e-05
2.007163e-05
2.843989e-05
2.919509e-05
2.293909e-05
2.562414e-05
3.732032e-05
3.00373e-05
1.820252e-05
3.356253e-05
3.588675e-05
3.289321e-05
3.207808e-05
1.514006e-05
1.645182e-05
2.667823e-05
2.430471e-05
1.587013e-05
1.37463e-05
2.963127e-05
3.607853e-05
4.626369e-05
4.903494e-05
3.017914e-05
2.509858e-05
1.621981e-05
1.470119e-05
2.311819e-05
2.147713e-05
2.465232e-05
2.651089e-05
3.398875e-05
3.602133e-05
3.321059e-05
2.974561e-05
1.438056e-05
2.178316e-05
3.555048e-05
3.629611e-05
3.804814e-05
2.910639e-05
2.342266e-05
2.59328e-05
2.605129e-05
2.440818e-05
1.887909e-05
2.298756e-05
3.618758e-05
3.622084e-05
2.865762e-05
2.445139e-05
1.795172e-05
2.307429e-05
3.313715e-05
3.184924e-05
3.164356e-05
2.769283e-05
2.460322e-05
2.868072e-05
3.024281e-05
2.458561e-05
2.268406e-05
2.7077e-05
2.423789e-05
2.410991e-05
2.002389e-05
1.406305e-05
2.097831e-05
3.091715e-05
3.887797e-05
3.649398e-05
3.339514e-05
3.079691e-05
2.788793e-05
3.180454e-05
3.091308e-05
2.938024e-05
2.77505e-05
2.490125e-05
2.722298e-05
2.279414e-05
2.227651e-05
2.521784e-05
2.287193e-05
2.93859e-05
3.191646e-05
2.853397e-05
3.0309e-05
2.647681e-05
2.837651e-05
3.091467e-05
3.109227e-05
3.182789e-05
2.501667e-05
2.731523e-05
2.787676e-05
2.957783e-05
3.230936e-05
1.784288e-05
2.076224e-05
3.597779e-05
3.514969e-05
3.090872e-05
2.485979e-05
2.180288e-05
2.636389e-05
2.584725e-05
1.924551e-05
2.077541e-05
2.888187e-05
3.508012e-05
4.012578e-05
3.655025e-05
2.949374e-05
3.095137e-05
2.684876e-05
1.879843e-05
2.481079e-05
3.146022e-05
3.202442e-05
3.553115e-05
3.452882e-05
2.794205e-05
2.380772e-05
1.978135e-05
1.669881e-05
1.668846e-05
2.078648e-05
2.94078e-05
3.759787e-05
4.114711e-05
3.498852e-05
2.693112e-05
2.578205e-05
1.870994e-05
1.264415e-05
1.606992e-05
2.492656e-05
4.26467e-05
4.415665e-05
2.903088e-05
2.627587e-05
2.79636e-05
2.476034e-05
2.337271e-05
3.294859e-05
3.548123e-05
3.157852e-05
3.336535e-05
2.747813e-05
2.63462e-05
3.094573e-05
2.999401e-05
2.323256e-05
1.987964e-05
2.62526e-05
2.640297e-05
3.614409e-05
4.499711e-05
3.217392e-05
2.927012e-05
2.170336e-05
1.523238e-05
2.923596e-05
3.145129e-05
2.42412e-05
2.626613e-05
3.087064e-05
2.977798e-05
3.093467e-05
3.479579e-05
2.681381e-05
2.47206e-05
2.559644e-05
1.971909e-05
2.403335e-05
3.087795e-05
3.531946e-05
2.921077e-05
2.31999e-05
2.756539e-05
2.984556e-05
3.322347e-05
2.764411e-05
2.315321e-05
3.060329e-05
2.920136e-05
2.660796e-05
3.117843e-05
2.858512e-05
2.309348e-05
2.597512e-05
2.608617e-05
2.915281e-05
3.100915e-05
2.567339e-05
2.79574e-05
2.401447e-05
2.301035e-05
3.158188e-05
2.702967e-05
1.993063e-05
2.752823e-05
2.635935e-05
2.007364e-05
2.726343e-05
1.990008e-05
2.457e-05
3.218109e-05
1.918449e-05
3.276191e-05
3.46014e-05
2.963597e-05
3.579138e-05
2.609934e-05
3.034736e-05
3.601879e-05
2.947774e-05
2.883089e-05
2.684385e-05
2.276104e-05
2.42608e-05
2.574536e-05
2.735644e-05
3.17836e-05
3.036738e-05
2.826458e-05
2.410824e-05
2.223662e-05
2.704574e-05
2.525859e-05
2.866634e-05
2.550352e-05
1.967297e-05
2.636889e-05
2.059212e-05
2.042529e-05
2.543313e-05
2.566592e-05
2.99002e-05
2.868618e-05
2.892819e-05
1.980385e-05
1.689184e-05
2.671012e-05
2.09597e-05
1.859508e-05
2.384598e-05
3.246225e-05
3.386167e-05
2.902477e-05
2.605238e-05
1.470284e-05
2.055943e-05
2.921569e-05
2.787913e-05
2.646936e-05
2.537079e-05
3.822553e-05
3.378719e-05
2.113188e-05
1.927813e-05
1.346216e-05
2.295287e-05
3.672126e-05
3.728709e-05
3.568457e-05
2.900002e-05
1.887136e-05
1.931397e-05
1.874264e-05
1.277019e-05
1.458287e-05
2.087206e-05
3.817111e-05
4.611552e-05
3.629294e-05
3.176871e-05
1.723139e-05
1.41726e-05
2.149152e-05
1.578525e-05
2.151619e-05
2.469794e-05
2.939849e-05
3.819984e-05
3.047354e-05
2.13751e-05
6.27158e-06
9.371404e-06
2.48304e-05
1.856635e-05
1.673892e-05
1.777314e-05
2.254433e-05
3.087025e-05
1.425156e-05
7.624127e-06
2.523e-05
3.001644e-05
2.988359e-05
3.03781e-05
2.06908e-05
8.38312e-06
1.102041e-05
2.405625e-05
2.166689e-05
1.031076e-05
4.0771e-06
2.589497e-05
4.556795e-05
9.918735e-06
1.348849e-05
4.634442e-05
3.619502e-05
4.616048e-05
1.232886e-05
-3.680354e-05
1.93899e-05
5.537139e-05
2.241007e-05
1.905314e-05
3.685729e-05
4.626198e-05
6.07479e-05
5.915793e-05
6.228565e-05
4.98961e-05
-1.422665e-05
4.814035e-06
3.069736e-05
1.905687e-05
9.36079e-05
3.324292e-05
-6.942326e-05
4.435982e-05
0.0001323808
6.340866e-05
-4.454287e-05
-3.561398e-05
8.222109e-05
0.0001604067
6.281623e-05
-0.0001803068
-3.401719e-05
0.0002649721
-1.949e-06
-9.732044e-05
0.0001433162
-7.015558e-07
-3.381361e-05
1.574885e-05
-0.0001451959
-1.773502e-05
8.877622e-05
-5.564873e-05
-4.811209e-05
3.422576e-05
-8.540428e-05
-2.778524e-05
0.0002570469
5.003911e-05
-0.0001820184
-0.000120686
-0.0001860214
6.424537e-06
1.336877e-05
-0.0002684386
-1.839673e-05
0.0001232973
-6.337729e-05
3.17065e-05
0.0001617315
0.0002429511
0.0002290324
5.817056e-05
-3.432496e-05
-0.000179413
-0.000174079
0.0001038
0.000214797
3.491443e-05
-0.0002598025
-6.350254e-05
0.0004397891
0.0004799425
0.0004844208
0.000303665
-5.081567e-05
0.0002581265
0.0002084747
-0.0004105409
-0.0003216676
-7.461352e-06
0.0001489672
0.0002086779
-0.0002787346
-0.0002965497
0.0005154861
0.0004436976
-0.0002472585
-0.0001432542
0.0002656184
0.0003840376
1.882551e-05
-0.0004371723
-7.825718e-05
0.000167784
-0.0002419697
-0.0002151585
-4.106638e-05
-0.0001152618
-2.422847e-05
-8.004131e-05
-0.0003359976
-0.0002865331
-0.0002421255
-0.0005378257
-0.000349279
-1.180348e-05
-0.0001736202
9.558378e-05
0.0003899456
0.0001518539
0.0001305958
0.0004167865
0.000435156
0.0001818736
-2.182617e-05
-0.0004742765
-0.0001916403
0.0002675919
-0.0002265404
0.0004776596
0.0007441089
-4.100073e-05
0.000908938
0.0008798707
8.583422e-05
0.0005973249
0.0002175783
0.0002561756
0.0004005652
-0.0005534463
-0.0002237431
-0.0002709235
-0.0004827251
0.0005418235
0.0003366037
0.0003383283
0.001130627
0.0008450877
0.0005263819
0.0006324414
0.0003528998
-5.62855e-05
9.947175e-05
-0.000354825
-0.001187823
-0.0008900627
-0.0007205209
-0.0007548348
-0.0006128797
-0.000981975
-0.0007273637
0.000417277
0.0003714696
-0.0002278813
0.0005832136
0.0001617552
-0.0001479332
0.001763099
-8.278179e-05
-0.001962192
0.000227528
-0.0003765696
-0.0001077895
0.0009079286
-0.001321995
0.0007639358
0.002259779
0.0002102949
0.001605295
0.001425251
0.0009085028
0.003127718
0.00170926
-0.0007662263
-0.0001666268
2.256002e-05
-3.080631e-05
0.0003092499
-0.001900392
-0.002032485
0.000538242
-0.0001040838
-0.0002643034
0.001075412
0.002449108
0.003028275
0.0005172424
-0.0009004334
-0.0006349638
0.0002439839
0.0007575621
5.741311e-05
0.001605229
0.001685809
-0.0007925678
-0.0009996221
0.0006840188
0.001943116
0.001547501
-0.0003703359
-0.001736298
0.0004984115
0.0008950446
-0.001948101
-0.001420255
-0.001156668
-0.0008328455
-0.0001131261
-0.002669446
-0.001262949
0.002232901
0.0008584146
0.0003380783
0.0003180492
-0.00223907
-0.0002698733
0.003091131
0.001176403
0.0007081532
0.001068332
-0.0002421261
0.002054894
0.00440645
0.002608678
-0.0008310638
-0.002088144
-5.657206e-05
0.001293093
0.0009298879
-0.0003982259
-0.0003464035
0.002298845
0.0003503206
-0.002779342
9.893425e-05
0.00137437
0.001164921
0.0008307938
-0.003330497
-0.002213264
0.002647721
0.001284441
0.0001121091
0.001822943
0.0001174456
-0.001103907
0.0008476446
-0.001578475
-0.003392701
-0.0002204291
0.000105258
0.001868914
0.00153346
-0.004102716
-0.001367581
0.00186772
-0.0006312009
-0.001936599
-0.003753527
-0.001170855
0.002431363
0.002571805
0.002543442
0.001144534
0.001337584
0.00011435
0.0009716863
0.005399754
0.001503492
-0.003571117
-0.001896128
-0.0009620658
-0.004752197
-0.006161714
-0.004213511
-0.002115966
0.005136147
0.004190702
-0.002537537
0.003031111
0.006064571
0.002588158
0.0006906025
-0.002688882
-0.003029181
0.001617526
0.0009577841
-0.003441302
-0.000386416
-0.001774126
-0.004937388
-6.269042e-05
-0.001574687
-0.0001540652
0.004399851
-0.0007949229
-0.001067775
0.002213634
0.001505785
0.0007562502
-0.002266879
-0.002081832
0.0004997742
-0.001183578
-0.0003236483
0.001545826
-0.002490927
-0.004192636
-0.001404302
-0.004329831
-0.002642135
0.006059528
0.001129343
-0.0002682512
0.007394847
-0.001411184
-0.005405601
0.001192057
-0.002110796
0.0005119435
0.004944229
0.0005265864
-6.606804e-06
-0.003506599
-0.007237202
-0.004300149
-0.003650653
0.00082815
0.002632142
-0.003169738
-0.001670321
-0.0007841738
-0.00272865
0.002613436
0.003036681
-0.002264548
0.001119359
0.003191772
3.100376e-05
0.001982359
0.0005323966
-0.001386483
-0.001380553
-0.005156722
-0.0009006566
0.005054705
0.004316834
0.002658736
0.003787071
0.007372527
0.00100302
-0.005434354
-0.002200504
-0.00191756
0.0009267887
2.634463e-05
-0.00957999
-0.008086251
-0.004563581
-0.006510819
0.0008906114
0.01005505
0.01178347
0.008823779
0.001573757
-0.002259786
0.0009598801
-0.000618921
-0.00455017
-0.001135246
-0.002701396
-0.005986683
-0.002575807
-0.006244275
-0.005388098
0.007240798
0.007616483
0.001927529
0.005194532
0.001562573
-0.005524196
-0.0003881393
-0.0001950553
-0.007134124
-0.003580272
-0.002120605
-0.007016698
-0.003301109
-0.0007180704
-0.002481305
0.004226889
0.009757118
0.006303216
0.004937102
0.01061437
0.009796321
0.0002852127
-0.0006024173
-0.003935987
-0.009687285
-0.002335433
-0.0008185492
-0.001897216
-0.0001581145
-0.004256288
0.003242601
0.01299212
0.008204468
0.004115712
0.003192735
-0.001431292
-0.002414504
-0.0008100306
-0.003845115
-0.003440779
-0.00299802
-0.009376632
-0.009415161
-0.002737699
0.0021862
0.003484089
-0.000224709
-0.004555195
-0.005835456
0.001285306
0.009004733
0.004217296
0.002292115
0.001202423
-0.006039632
0.0004555085
0.008203707
0.004499651
0.008657511
0.0148491
0.004746937
-0.005251224
-0.003034925
-0.005849469
-0.00449502
0.005181496
-0.0004193053
-0.00555596
0.0009401162
-0.002716335
-0.005203223
0.001766559
-0.0004289294
0.003292546
0.012266
-0.000999484
-0.005471445
0.01000845
0.006035456
0.001016594
0.008737192
0.005207218
0.005223003
0.00683493
0.001344641
0.007056928
0.01064013
0.006244512
-0.00096033
-0.01221149
-0.01622175
-0.01790766
-0.01117642
0.001249835
-0.002989408
-0.006821346
-0.003842378
-0.003628897
0.004288668
0.008652315
0.003899216
0.008529097
0.009668817
-0.001448413
-0.001595728
0.003063627
-3.215523e-05
9.872818e-05
0.002768024
0.003013214
0.002032221
1.999354e-05
-0.005703982
-0.009710043
-0.007149004
-0.00971504
-0.01409117
-0.01060316
-0.007321492
-0.009783796
-0.006876347
0.001708996
-3.643027e-05
0.00734173
0.01839825
0.01057345
0.01811384
0.02386996
0.01497816
0.02273914
0.01415762
-0.005513398
-0.007405632
-0.01137123
-0.01303713
-0.01297548
-0.01801156
-0.01321926
-0.0002952514
0.007980107
0.0118361
0.009978515
0.002535631
0.002139296
0.00289131
0.002454956
0.005932152
0.0001006229
-0.006847323
-0.01071974
-0.01308252
-0.003050654
0.002153085
-0.0005503811
0.001559767
0.000373359
-0.00150909
0.007903206
0.01837784
0.01285921
0.006756123
0.001773203
-0.008104092
-0.004572972
-0.008302718
-0.01878382
-0.009799097
-0.006505558
-0.01067893
-0.0005080206
0.008447934
0.004465408
0.007977106
0.01454288
0.008074211
0.00972667
0.007347873
-0.009381604
-0.006336602
0.003523601
0.0007378145
0.002198246
0.006223401
0.007370491
0.0104147
0.008507845
0.002379021
0.001645808
-0.002930102
-0.01097754
-0.0106919
-0.008688654
-0.00416711
0.002104718
0.004418519
0.006937846
0.00553814
0.005614432
0.005983699
0.001002113
0.001672238
0.003403118
0.005761167
0.008265624
0.003089592
-0.002890309
-0.00690652
-0.006605142
-0.006889215
-0.01131825
-0.008576668
-0.007381047
-0.01086027
-0.007059314
-0.006520348
-0.005892958
-0.000395959
-0.002413867
-0.001738397
-0.002058724
-0.006192428
-0.005155447
-0.007650209
-0.001916182
0.009732735
0.01170829
0.007390807
-0.001811331
-0.001976925
0.009919184
0.01907939
0.01191134
-0.0001781853
0.0007867075
-0.002229837
-0.002500494
-0.00320813
-0.01296806
-0.004160566
-0.002535504
-0.01146208
-0.0007079268
0.001181034
-0.001832585
0.01571061
0.02633762
0.01852496
0.01155986
0.002881915
-0.0001353411
0.009793305
0.004487444
-0.01281931
-0.008936912
0.002863548
-0.003236283
-0.00428323
0.002746539
0.001313463
0.006264737
0.003206548
-0.01085997
-0.0100734
-0.004892295
-0.004988614
-0.004242598
-0.002385985
-0.006875975
-0.01413456
-0.01038453
-0.002149017
0.002210687
0.004906363
0.008635216
0.009646407
0.002902995
-0.002259398
-0.005469851
-0.0105203
-0.009363704
-0.004754163
-0.003975577
-0.005025936
-0.002942169
-0.00582379
-0.00852417
-0.000264469
-0.003796555
-0.00398069
0.008462737
0.004855972
0.008439896
0.01072674
0.003545815
0.01669677
0.01827375
0.01104044
0.01840921
0.01952292
0.01659142
0.0109665
0.0009971646
-0.007651524
-0.008847609
-0.008059674
-0.0151916
-0.01371789
-0.01312454
-0.01525698
-0.006038856
-0.01002859
-0.01399363
0.001725499
0.007293584
-0.002067572
-0.002788796
0.001761561
0.0004322044
0.005574983
0.006435995
-0.003317577
-0.001440226
0.004112925
0.008674011
0.01210023
0.007437612
0.002574008
-0.003069023
0.000994731
0.003734181
-0.009241101
-0.0008838254
0.01352463
0.004032461
0.006545472
0.01214763
-0.001658773
0.0007596983
0.006031456
-0.008882961
-0.005858133
-0.001056646
-0.01468348
-0.01319219
-0.005672044
-0.00267296
0.003006515
0.00271819
-0.001153074
-0.001219505
0.001296505
-0.000810763
-0.0003435045
-0.002356716
-0.01536261
-0.01317196
-0.003228025
-0.001740116
-0.0003943135
-0.006018271
-0.004223172
0.003036766
-0.0003885114
0.008066255
0.01428973
0.00865064
0.01746285
0.00687373
-0.01920738
-0.01087078
-0.0001886558
0.0016968
0.008105966
-0.001962608
-0.004837855
0.004526113
0.002483262
0.001993443
0.004790091
0.005264123
0.001673205
0.002193036
0.01542048
0.01511851
0.006073521
0.006091337
-0.003002108
-0.007453881
-0.001651373
-0.008462177
-0.008671927
0.001879014
-0.001988656
-0.008046803
-0.007729836
-0.005166056
0.002601561
0.007442761
0.0177401
0.02679485
0.02285172
0.01683794
-0.002693365
-0.01338719
-0.005087422
-0.01243866
-0.01524597
-0.007485467
-0.009798001
-0.0110833
-0.008500058
-0.002677583
0.005329742
0.001812987
-0.01148004
-0.01622897
-0.01283866
-0.008787295
-0.007142954
-0.0108843
-0.007065544
-0.001809718
-0.0074166
-0.007849808
-0.003495315
-0.004719427
-0.005035957
-0.005646001
-0.00836035
-0.003206705
-0.001502437
-0.006264686
-0.003215156
-0.007418889
-0.01032572
-0.0009792409
0.004326765
0.01589528
0.02000666
0.009773914
0.01411761
0.0171576
0.01141476
0.01408627
0.009693267
-0.002083575
-0.003602363
-0.006322295
-0.015708
-0.01801337
-0.01527952
-0.006867817
0.0076255
0.01164193
0.007970388
0.006997198
0.003027499
-0.005987633
-0.0113539
-0.007085567
-0.0009380896
0.003501407
0.003882993
0.004125422
0.01269923
0.01177512
0.004147761
0.004268292
0.002082587
-0.0009424687
0.0007650632
0.007746075
0.0067513
-0.003616657
-0.008977835
-0.009277881
0.0005209863
0.002473341
-0.006238618
-0.009149756
-0.01805642
-0.02354067
-0.02668859
-0.03067332
-0.02423274
-0.01650421
-0.006962639
-0.00979262
-0.02113214
-0.01316969
-0.00814081
-0.01580809
-0.01763138
-0.02099475
-0.02517356
-0.02114779
-0.0229877
-0.03273539
-0.03056292
-0.0197216
-0.01751716
-0.0223711
-0.02643839
-0.03016682
-0.03694403
-0.03853018
-0.03224423
-0.03504115
-0.03954206
-0.03882515
-0.04486727
-0.04241578
-0.03741325
-0.03974721
-0.03017962
-0.02449906
-0.02611772
-0.0176323
-0.01034212
-0.01300304
-0.01689963
-0.006716383
-0.000244428
-0.009877572
-0.014232
-0.02154992
-0.02683836
-0.0184624
-0.01964346
-0.02749847
-0.02839727
-0.03149805
-0.03949744
-0.04470114
-0.04952076
-0.04931401
-0.03336054
-0.02575507
-0.0325252
-0.02790647
-0.0206283
-0.01450622
-0.001905864
0.007113158
0.01437329
0.01610483
0.0126267
0.01438871
0.009725571
0.006006787
0.01524058
0.01867775
0.02032843
0.02907391
0.03000164
0.03152884
0.0441881
0.05408917
0.05872273
0.06362023
0.06982724
0.07898673
0.08874467
0.0963062
0.1042069
0.1141634
0.1226426
0.1321295
0.1455383
0.1583134
0.167894
0.1730703
0.178626
0.1907005
0.2056193
0.2154337
0.2200639
0.2279333
0.236372
0.2375412
0.2276806
0.2024696
0.1675469
0.1319718
0.1007184
0.07798741
0.06411396
0.04907535
0.02366496
-0.001909305
-0.02241108
-0.04854834
-0.08188687
-0.1105061
-0.1297332
-0.149976
-0.173505
-0.1969401
-0.2191621
-0.2361085
-0.2488212
-0.2596556
-0.2719746
-0.2840874
-0.2911613
-0.2947926
-0.2945794
-0.2922033
-0.288775
-0.28196
-0.2635233
-0.2282721
-0.1944497
-0.1737867
-0.1571053
-0.1382433
-0.1244256
-0.123989
-0.1241945
-0.1174918
-0.1142431
-0.1155473
-0.1181232
-0.1180611
-0.1155347
-0.1160172
-0.1138336
-0.1032868
-0.08377015
-0.05689915
-0.03051515
-0.003642067
0.02737655
0.05970305
0.09230625
0.1212796
0.1468117
0.1691195
0.1829579
0.1867628
0.1774388
0.1666762
0.1666628
0.1660056
0.1672476
0.1798762
0.1900078
0.1901774
0.1922049
0.2001023
0.2053294
0.1952276
0.1787773
0.1794501
0.185639
0.1844223
0.1783053
0.1651025
0.1426254
0.1004038
0.05403141
0.02320156
0.001385281
-0.01054777
-0.01830756
-0.02968927
-0.04603169
-0.06913819
-0.08747383
-0.09855088
-0.112347
-0.1218351
-0.1172144
-0.09695906
-0.07049327
-0.05675937
-0.04838108
-0.03394167
-0.02526544
-0.02778426
-0.03581631
-0.04209944
-0.05183858
-0.06702868
-0.06990722
-0.06303259
-0.06893628
-0.08603109
-0.09435966
-0.09120022
-0.08281988
-0.06921696
-0.05592461
-0.04676682
-0.04415779
-0.05106139
-0.06086721
-0.06692222
-0.06859697
-0.07003347
-0.06421742
-0.04063332
-0.01711946
-0.003009275
0.01674875
0.03787655
0.04738291
0.04913693
0.05293619
0.05813893
0.05988921
0.06233455
0.06712181
0.07551821
0.09483728
0.1190315
0.1337692
0.1369053
0.1419853
0.1567328
0.1559993
0.1325693
0.1092298
0.07660895
0.03635635
0.009014128
-0.003858001
-0.001182959
-0.0004679248
-0.003201192
0.006275179
0.01751465
0.02701162
0.02874376
0.01886276
0.006368486
-0.009295053
-0.01993185
-0.01254505
0.008618356
0.02723087
0.03694086
0.0406408
0.0384013
0.0328109
0.02396159
0.01165817
0.002188713
-0.004232477
-0.01446019
-0.02303074
-0.02188448
-0.01530614
-0.007397955
-6.791667e-05
0.005010373
0.004268457
-0.005287791
-0.01977738
-0.02967556
-0.03098442
-0.03252917
-0.03230986
-0.02621192
-0.02638443
-0.03653353
-0.0487232
-0.05832361
-0.06931964
-0.0797762
-0.08282714
-0.08611411
-0.09152288
-0.09460622
-0.1036201
-0.1155575
-0.1162354
-0.1097698
-0.09997361
-0.0800996
-0.06002537
-0.04954832
-0.03777454
-0.01769485
0.003942941
0.02233683
0.03920643
0.05550544
0.06999909
0.08248634
0.09297962
0.1035074
0.1173705
0.1300253
0.1350926
0.1374837
0.13633
0.1239598
0.1156946
0.1188648
0.1154323
0.1029859
0.08482217
0.06032463
0.03404038
0.01578985
0.01288322
0.008192029
-0.004768789
-0.008802782
-0.003180386
0.008536732
0.02387045
0.03665147
0.05405992
0.07546562
0.08895039
0.09844756
0.1110292
0.1201093
0.1187294
0.1173819
0.1148656
0.08917626
0.05059315
0.01959711
-0.00901006
-0.03055573
-0.03247034
-0.02987808
-0.04170188
-0.05645766
-0.07007561
-0.09231523
-0.1205063
-0.1504232
-0.1752854
-0.1904754
-0.1978073
-0.2010528
-0.1991651
-0.1896342
-0.1705125
-0.1336813
-0.09436434
-0.06418395
-0.03323479
-0.01166174
-0.006322134
-0.006416777
-0.003567887
-0.007426059
-0.02420185
-0.03443927
-0.0300604
-0.02152609
-0.01876912
-0.01508056
-0.003604672
-0.0007442277
-0.006216248
-0.002976756
0.007345211
0.01488104
0.01760305
0.02161104
0.02967091
0.03261892
0.02744719
0.02856541
0.04445937
0.06327912
0.07421335
0.08523857
0.09970505
0.1079252
0.1114543
0.1227072
0.1480539
0.1727655
0.1837016
0.1898282
0.1923372
0.1890193
0.1804444
0.1566703
0.1178455
0.07877773
0.04908642
0.02437877
0.002337573
-0.01308723
-0.0227328
-0.02365938
-0.01790907
-0.01369855
-0.01108329
-0.008321891
-0.006751568
-0.01006599
-0.01731405
-0.0257573
-0.03894256
-0.0538758
-0.06652695
-0.08297484
-0.09940165
-0.1079931
-0.1150556
-0.1254723
-0.132578
-0.1265568
-0.1116106
-0.09837111
-0.08793236
-0.08285729
-0.08603101
-0.09655881
-0.1083203
-0.1156597
-0.1163041
-0.1008291
-0.07234451
-0.04042472
-0.004828879
0.02306112
0.03813642
0.05487261
0.07284778
0.07705722
0.07451626
0.08590905
0.1062373
0.1188425
0.1248361
0.1325104
0.1438138
0.1526587
0.1558748
0.1564668
0.1557778
0.1521748
0.140116
0.1284977
0.1259473
0.1182444
0.1041711
0.09825179
0.09832968
0.08620662
0.0627678
0.04618619
0.04168505
0.04426307
0.03914956
0.02669374
0.02116537
0.01915451
0.01175216
0.001567825
0.007336967
0.02027824
0.01527669
0.008753348
0.004372723
-0.01506285
-0.0319375
-0.03362962
-0.0416942
-0.06177425
-0.07034935
-0.06496174
-0.06735799
-0.07790467
-0.08521008
-0.0883217
-0.08188268
-0.06504315
-0.05141417
-0.0482127
-0.04673968
-0.04395966
-0.05153089
-0.06439614
-0.06852693
-0.07069058
-0.07550049
-0.07878347
-0.08202668
-0.08874028
-0.1006456
-0.1149114
-0.1301825
-0.1448566
-0.156572
-0.1671286
-0.177119
-0.1867806
-0.1923648
-0.1950847
-0.1973111
-0.1830468
-0.1487736
-0.1135582
-0.08534195
-0.06242413
-0.05001863
-0.04463753
-0.02946796
-0.009079763
-0.0005937378
0.002051529
0.0146706
0.03512103
0.04380114
0.03551395
0.02786092
0.02744489
0.02550558
0.0242083
0.03028778
0.03964184
0.04737484
0.05116286
0.04904085
0.04357608
0.04275676
0.04665123
0.05288186
0.06808506
0.08145735
0.08094197
0.0753286
0.06889579
0.06549532
0.06999355
0.07908061
0.08624515
0.08612448
0.08138427
0.07565713
0.07007301
0.06643044
0.06630294
0.07396382
0.08711486
0.09774654
0.1030484
0.1007166
0.09563043
0.09920191
0.09599957
0.06146518
0.02106595
0.003665713
-0.009118808
-0.02395478
-0.03135608
-0.03358723
-0.03091431
-0.0262857
-0.01968324
-0.008567144
0.002130488
0.006182279
0.002895586
-0.0005046537
-0.002162476
-0.006050696
-0.01304485
-0.02114589
-0.02294786
-0.01437036
-0.006594321
-0.005985745
-0.002306341
-0.002439764
-0.01545481
-0.02585593
-0.03312242
-0.04856295
-0.06123676
-0.05748507
-0.0480223
-0.0454846
-0.03887027
-0.01894437
0.002129064
0.003880712
-0.01178216
-0.01975501
-0.02062959
-0.02673425
-0.02486778
-0.009504155
0.007996814
0.01869719
0.02063227
0.02199752
0.02298807
0.02304396
0.03061061
0.04241587
0.05271726
0.06032052
0.06821302
0.06865022
0.05097424
0.03691933
0.0336661
0.02459718
0.008059284
-0.009421902
-0.02097567
-0.0353863
-0.05493266
-0.06756815
-0.07021915
-0.06488314
-0.06040805
-0.05618987
-0.05085898
-0.0511961
-0.05194879
-0.0517167
-0.05502758
-0.05897069
-0.05957321
-0.06175051
-0.06993926
-0.07817855
-0.08423135
-0.0887471
-0.09105448
-0.09263039
-0.09479051
-0.09498285
-0.08948543
-0.08174176
-0.07089248
-0.05411182
-0.0416763
-0.03866207
-0.03545607
-0.02804347
-0.0192118
-0.004210224
0.01630128
0.03269524
0.04871871
0.06647209
0.07368105
0.07046249
0.06176403
0.04280846
0.02204711
0.01617514
0.01848628
0.01832364
0.02724544
0.0394755
0.03919689
0.03807415
0.04004003
0.04085903
0.04560368
0.05263801
0.0579109
0.06536723
0.08034654
0.08478424
0.07302781
0.06577262
0.05769698
0.05139925
0.05819928
0.0659219
0.07272995
0.08105226
0.08019174
0.05687099
0.02070989
-0.004053966
-0.01885076
-0.03326582
-0.04187359
-0.044115
-0.04987215
-0.05924586
-0.07037442
-0.08477987
-0.0982007
-0.1106834
-0.1211822
-0.1309448
-0.1395014
-0.1408881
-0.1406218
-0.1390568
-0.1304291
-0.1128621
-0.0921415
-0.07910858
-0.06049101
-0.02992707
-0.007928348
0.00639944
0.01777086
0.01553036
0.01041483
0.01567092
0.01496368
-0.001420591
-0.01233807
-0.01092421
-0.01084889
-0.002969944
0.01785093
0.03591919
0.04893468
0.06011002
0.0664304
0.06235621
0.04884435
0.03097364
0.006494063
-0.01519441
-0.02802134
-0.03918163
-0.04458835
-0.0390132
-0.02066322
0.001940648
0.01713253
0.02913862
0.03838016
0.04082003
0.03910962
0.04195875
0.05376399
0.06466272
0.06821015
0.06643694
0.06044468
0.04629949
0.02228056
1.031875e-05
-0.01304079
-0.02405409
-0.03317241
-0.03091559
-0.02198112
-0.01209018
0.007694576
0.03089345
0.04145838
0.04093516
0.0338289
0.0207135
0.007086394
-0.005097549
-0.01689862
-0.01675195
0.001918793
0.02120555
0.03111869
0.03521415
0.02242828
-0.002528378
-0.01404459
-0.01322076
-0.009454165
0.00174482
0.01882101
0.02891988
0.01345412
-0.0203594
-0.0443287
-0.06015093
-0.07657234
-0.08232416
-0.07979182
-0.082127
-0.08628221
-0.07897021
-0.05847042
-0.03487354
-0.01005058
0.01298037
0.02307888
0.02055574
0.01440112
0.01118051
0.01099942
0.008591515
0.00247146
-0.005726889
-0.01621
-0.02200723
-0.01537678
-0.002902941
0.01591277
0.04020374
0.04959657
0.03904289
0.02121881
0.002186831
-0.01395726
-0.01795313
-0.01125627
-0.006073258
-0.005982267
-0.01150373
-0.01901371
-0.02145886
-0.01548542
0.0005043932
0.01774903
0.0280209
0.0351796
0.03898761
0.03291032
0.02243119
0.01805197
0.01405374
0.003868424
-0.005554001
-0.01108994
-0.01711372
-0.02492557
-0.03334247
-0.04162287
-0.04926822
-0.05267345
-0.05186891
-0.05602248
-0.06729313
-0.07882937
-0.08806664
-0.09568989
-0.09543499
-0.08457581
-0.07617213
-0.07324539
-0.06863111
-0.06543243
-0.06311294
-0.05751971
-0.0455745
-0.02051888
0.009184985
0.0226461
0.02454507
0.03203675
0.03636275
0.02911872
0.02159998
0.0222393
0.02998016
0.03894327
0.04374611
0.04474188
0.05186707
0.06509898
0.0709388
0.0705185
0.06704717
0.05936188
0.05283456
0.05148475
0.05284207
0.05004795
0.04550008
0.04559824
0.0504677
0.0545453
0.05412276
0.05522781
0.05885288
0.06069865
0.06015878
0.06580232
0.07889504
0.08390867
0.08308958
0.08426167
0.08321925
0.08019567
0.0770043
0.07498498
0.07159353
0.06300566
0.05137544
0.0377031
0.01987576
0.00494783
0.003120575
0.008841451
0.01430263
0.02235988
0.03026839
0.02987487
0.02467165
0.01693209
0.001545034
-0.01323606
-0.01944169
-0.02963489
-0.04945343
-0.061887
-0.06134584
-0.05525936
-0.04258923
-0.02794245
-0.02020176
-0.01799112
-0.01745999
-0.02350223
-0.03413477
-0.03544671
-0.02832472
-0.02314704
-0.02622959
-0.03604728
-0.04631548
-0.06060505
-0.07723839
-0.08589078
-0.08239757
-0.06961384
-0.05388064
-0.03985529
-0.0347874
-0.04227074
-0.05209371
-0.0490741
-0.03118683
-0.01074988
-0.0008768965
-0.008269376
-0.02301256
-0.03308611
-0.03839241
-0.0350977
-0.01698714
0.0106424
0.03303096
0.0423357
0.04210912
0.04263888
0.0483598
0.05702141
0.0696415
0.07901795
0.08436044
0.09087512
0.09395434
0.09294565
0.08713104
0.07754583
0.06887404
0.06768902
0.07502802
0.07996996
0.07704962
0.06614193
0.05607444
0.05383546
0.05000508
0.04247946
0.03895611
0.03737555
0.02973129
0.02070281
0.01734872
0.01782039
0.01981563
0.02157227
0.02162618
0.01624977
0.007838059
0.004538542
0.003373905
0.0002911287
0.006310098
0.02147525
0.02393538
0.01413848
0.004532841
-0.0118243
-0.0294624
-0.03458068
-0.03554095
-0.04393283
-0.05191573
-0.05018303
-0.04767993
-0.05012268
-0.04782047
-0.03430849
-0.01674021
-0.009535034
-0.01254284
-0.01286225
-0.01238555
-0.0184871
-0.02593106
-0.03243697
-0.03730001
-0.03425075
-0.02536957
-0.01200671
0.008253548
0.02806153
0.03780157
0.03736938
0.0341512
0.03278663
0.03816738
0.05090367
0.0617307
0.06841241
0.07311693
0.07310578
0.06865373
0.065332
0.06369293
0.05885506
0.05539144
0.0593554
0.06291111
0.05916919
0.05433048
0.05348497
0.05152455
0.04377489
0.03382022
0.02695161
0.02073063
0.01385829
0.01746055
0.03106597
0.0383162
0.03644417
0.02623701
0.006864956
-0.01310837
-0.02910712
-0.04047674
-0.04813843
-0.05681553
-0.0675976
-0.07799157
-0.08809585
-0.1004781
-0.1111304
-0.1121783
-0.1038729
-0.09364897
-0.08474353
-0.07360473
-0.0609461
-0.05200424
-0.04701418
-0.04335808
-0.04271342
-0.04474218
-0.04487844
-0.04626193
-0.04992478
-0.04683373
-0.0381766
-0.03305448
-0.03116739
-0.02986391
-0.02972351
-0.02729509
-0.01897118
-0.009089424
-0.001513348
0.008180001
0.02075007
0.02643869
0.02098937
0.01529158
0.0185597
0.02546998
0.03081899
0.03752106
0.04471231
0.04890961
0.04670896
0.03608585
0.02378182
0.01574633
0.01342833
0.0170607
0.02239281
0.02574239
0.02796177
0.03299752
0.03867376
0.03682605
0.0274026
0.0166055
0.006562811
-0.003330604
-0.009982078
-0.009266127
-0.004229471
-0.003075441
-0.00832065
-0.0176934
-0.02640544
-0.02932261
-0.03026232
-0.03058271
-0.02751337
-0.02511821
-0.02555991
-0.02948977
-0.03674846
-0.04026434
-0.03549497
-0.02802569
-0.02359866
-0.02459522
-0.03266586
-0.04120707
-0.04382247
-0.04480497
-0.04598639
-0.03839944
-0.02012927
-0.007225966
-0.006519281
-0.006360973
-0.002194184
0.000629496
0.001388074
-7.847112e-05
-0.0040188
-0.00080607
0.01006448
0.0172761
0.02613837
0.04281194
0.05522964
0.05804601
0.05848906
0.05690122
0.04695992
0.02968501
0.01353697
-2.645515e-05
-0.007323534
-0.0003148055
0.006583535
0.001036434
-0.003270661
-0.001784321
-0.001918642
0.0003251433
0.008661628
0.01712382
0.01876511
0.00881585
-0.004250865
-0.007756378
-0.007796476
-0.009738389
-0.007614708
-0.005135037
-0.009692313
-0.01379285
-0.01259818
-0.01485209
-0.01876307
-0.0190915
-0.02133356
-0.02545525
-0.02816048
-0.03161699
-0.03339509
-0.02907526
-0.02374134
-0.02044975
-0.01600073
-0.01211544
-0.01222555
-0.01830746
-0.02780819
-0.03131032
-0.02647747
-0.02304342
-0.02333579
-0.02197919
-0.02253541
-0.02695119
-0.03102099
-0.03523531
-0.03661205
-0.02899245
-0.0177914
-0.01099988
-0.006230119
0.001785584
0.009571315
0.007059486
0.0004775645
0.00400018
0.01138942
0.0142941
0.01419192
0.01278184
0.01564882
0.02223492
0.02527835
0.02971027
0.03979332
0.04671053
0.04888087
0.04985072
0.04818347
0.04846436
0.05449805
0.06034605
0.0628445
0.06207653
0.05502864
0.04743258
0.04240944
0.02876884
0.01120437
0.00162389
-0.005189555
-0.009900859
-0.008566586
-0.007873681
-0.01176562
-0.0157605
-0.01818118
-0.01894596
-0.01704713
-0.01382611
-0.009197116
-0.003257838
0.0003852002
-0.001202781
-0.007593932
-0.0189269
-0.03442174
-0.04803947
-0.06124563
-0.07787086
-0.09005026
-0.09399467
-0.09461433
-0.09421193
-0.08294574
-0.05463763
-0.02822239
-0.01262006
0.0008043548
0.007934795
0.006898542
0.005805503
0.01135049
0.02323323
0.03692715
0.0504812
0.05665641
0.05369544
0.04454579
0.02308079
-0.002185748
-0.01481502
-0.01725775
-0.0189578
-0.02215509
-0.02465651
-0.02597284
-0.02490505
-0.02329946
-0.02761437
-0.03764186
-0.05031956
-0.06714865
-0.08337942
-0.08978136
-0.08764158
-0.07241233
-0.03968831
-0.007983406
0.01097639
0.02035806
0.02091494
0.01629519
0.01395177
0.01510224
0.01586229
0.02239316
0.03343287
0.03355366
0.02582645
0.01852809
0.00664815
-0.003581401
-0.002294104
0.001209736
-0.001059214
-0.005281425
-0.01002301
-0.009577574
0.000988984
0.009637789
0.01279972
0.02236422
0.0350282
0.04358337
0.05122778
0.05752133
0.06083928
0.06363947
0.06226313
0.04714138
0.02493861
0.01271999
0.01214901
0.01464117
0.01637306
0.01938546
0.02108397
0.01914016
0.0200071
0.02592474
0.03372098
0.04236506
0.04843399
0.04626613
0.04243662
0.04514351
0.04145203
0.02839776
0.01873688
0.005577966
-0.01163534
-0.02102085
-0.03079983
-0.04558228
-0.05334352
-0.05510772
-0.06094122
-0.06534573
-0.06258905
-0.05928601
-0.05551796
-0.04907316
-0.04424268
-0.04240299
-0.04331775
-0.04568121
-0.04362032
-0.03946744
-0.03666049
-0.02520724
-0.01313299
-0.017923
-0.02570871
-0.02613353
-0.03051324
-0.035711
-0.03382984
-0.03138865
-0.03166165
-0.03108915
-0.02897464
-0.02426814
-0.0161875
-0.007735345
-0.0009095261
0.003795697
0.004003334
0.001583928
0.003237497
0.006780628
0.007830075
0.01046986
0.01255434
0.01033954
0.00925449
0.01089005
0.01160697
0.01397208
0.02270002
0.03127075
0.03299675
0.03051503
0.0230201
0.008233429
-0.009933492
-0.02473963
-0.03519642
-0.04276033
-0.04595384
-0.04782295
-0.04984744
-0.04801405
-0.03956249
-0.0264311
-0.01494531
-0.0109936
-0.01679808
-0.0243469
-0.02826351
-0.03632396
-0.04558136
-0.04748033
-0.04667617
-0.04563083
-0.04388268
-0.04295465
-0.03666451
-0.02271065
-0.009529665
-0.001976713
0.0038286
0.009036798
0.006500425
-0.003256739
-0.01351737
-0.02521916
-0.03629056
-0.03776592
-0.02895176
-0.01910741
-0.01234351
-0.005811805
0.001683633
0.008598588
0.01201166
0.0140675
0.01951507
0.02768421
0.0350972
0.03629041
0.03145728
0.02559022
0.01439662
-0.002494591
-0.01479912
-0.02134561
-0.02624283
-0.02503169
-0.01334789
0.00101404
0.006018188
0.002700804
0.000383679
0.0005686807
0.00104173
0.00530317
0.01364368
0.01982075
0.02465425
0.03095497
0.03315883
0.03067048
0.03025617
0.03021911
0.02781464
0.03099261
0.03962509
0.04392319
0.0447978
0.04747563
0.05045095
0.05110038
0.05150384
0.05081545
0.04277636
0.03173418
0.02687771
0.02714122
0.02914684
0.03118327
0.03088631
0.02938286
0.02929795
0.02815983
0.02743251
0.0346679
0.04368481
0.04577888
0.05072434
0.06203023
0.0670187
0.06500944
0.06393953
0.05987869
0.04937253
0.03933444
0.03384906
0.02804197
0.01764346
0.007071987
-0.0006585881
-0.006887563
-0.007062202
-0.003533986
-0.007152508
-0.01428413
-0.01681021
-0.01990067
-0.02538573
-0.0238007
-0.01334298
-0.003953889
-0.001003659
-0.001716373
-0.004262586
-0.00892907
-0.01387298
-0.01506515
-0.008296332
0.006694153
0.02222964
0.03000187
0.03102832
0.02982648
0.02575846
0.01856037
0.01222103
0.008054785
0.005548052
0.003732772
-0.002893954
-0.0142134
-0.02318967
-0.02853111
-0.03342142
-0.03913674
-0.04255909
-0.03986321
-0.02949364
-0.01299497
0.003121651
0.01407284
0.02068328
0.02432876
0.02468446
0.02508263
0.02841056
0.02989447
0.02987636
0.03518916
0.04443878
0.05022621
0.05196751
0.05246276
0.04717501
0.03601491
0.0271588
0.0236233
0.02484946
0.02824577
0.02930845
0.02571719
0.01634495
0.002170489
-0.01094041
-0.01496339
-0.009065485
-2.047848e-05
0.007295336
0.01150082
0.01289737
0.0155767
0.02115894
0.02469005
0.02842713
0.03582139
0.03846402
0.03417787
0.02793565
0.02010074
0.01510751
0.01580758
0.01554465
0.01139051
0.007525046
0.005585212
0.004758638
0.005597511
0.009476674
0.0174055
0.02581111
0.0288311
0.02536274
0.01834242
0.01278378
0.0125898
0.01589696
0.01777966
0.01883061
0.02073102
0.01881174
0.01308316
0.009955925
0.01042981
0.01105255
0.01166996
0.0112803
0.006837455
0.001963184
-0.002929029
-0.01225209
-0.02133403
-0.02559911
-0.02666732
-0.02351594
-0.01511301
-0.006114852
0.0003013411
0.005101827
0.006046032
0.002975177
0.001995861
0.004667097
0.00767636
0.01018601
0.009543211
0.005620266
0.005382666
0.007930532
0.00974894
0.01588593
0.02436912
0.02703413
0.02645433
0.02738928
0.02643759
0.02579993
0.02680482
0.01826193
0.001123444
-0.01362392
-0.0273264
-0.04022953
-0.04524721
-0.04310206
-0.04099979
-0.03921574
-0.03475728
-0.03000866
-0.02529556
-0.01989952
-0.01650274
-0.01374479
-0.01072456
-0.01033065
-0.01159407
-0.01359952
-0.01771265
-0.02036645
-0.01649745
-0.009669817
-0.005934745
-0.003423109
0.0004698355
0.005743839
0.01417596
0.02473805
0.0314099
0.03025145
0.02318526
0.01420537
0.006978344
0.001945696
-0.003093288
-0.007646155
-0.01064992
-0.01061583
-0.005981301
0.0003664513
0.007417252
0.01507565
0.01696093
0.0137411
0.01233947
0.01120582
0.009690643
0.01032266
0.01195613
0.011714
0.006889178
-0.001095241
-0.0105694
-0.01926353
-0.02254154
-0.02266338
-0.02358557
-0.02335492
-0.01880392
-0.009102115
-0.0001440481
-9.683021e-05
-0.004293516
-0.004653509
-0.006184773
-0.009455978
-0.006648527
-0.0006087474
0.002245121
0.002851083
0.002731093
0.0006722338
-0.001575307
-0.0008633946
-0.0003617963
-0.003236799
-0.006173191
-0.008769844
-0.01365704
-0.01671934
-0.01649017
-0.01831146
-0.01988686
-0.01830738
-0.01877536
-0.02069564
-0.01876137
-0.01535177
-0.0146895
-0.0147289
-0.01299079
-0.01179902
-0.01298044
-0.01421964
-0.01358631
-0.01278138
-0.01683486
-0.02679082
-0.03451332
-0.03745468
-0.04095404
-0.04283671
-0.0405998
-0.03933085
-0.04077915
-0.04142069
-0.04251136
-0.04623933
-0.04808266
-0.04767418
-0.04753895
-0.04325274
-0.03466067
-0.028095
-0.02263238
-0.01593109
-0.01285794
-0.01409669
-0.01627327
-0.01836008
-0.01861106
-0.0162068
-0.01177534
-0.006924261
-0.003678579
-0.006155657
-0.01659325
-0.02589725
-0.02701516
-0.02439042
-0.02192103
-0.01915694
-0.01645671
-0.01793054
-0.02358295
-0.02660633
-0.02506216
-0.02195866
-0.01980706
-0.01988412
-0.02095413
-0.02117381
-0.01697063
-0.006609921
0.003227594
0.008003838
0.0101166
0.007173021
-0.001412855
-0.006309378
-0.003771785
0.0023115
0.008733516
0.01064874
0.00817666
0.007090778
0.006096577
0.003192721
0.004527178
0.009746917
0.01109383
0.008074093
0.002640519
-0.004772871
-0.01194576
-0.01817968
-0.02333328
-0.02646336
-0.02758563
-0.02660029
-0.02311126
-0.01834239
-0.01488793
-0.01319678
-0.01171997
-0.01139215
-0.01290853
-0.01309854
-0.01063317
-0.006279435
-0.0001950636
0.004674068
0.007375329
0.008928525
0.005150667
-0.003540229
-0.01058446
-0.01493884
-0.01586033
-0.01050819
-0.003418257
-0.0006821142
-0.0003888381
-0.00124433
-0.003629741
-0.003819458
-0.001982195
-0.001595081
-0.003789012
-0.008694685
-0.01467882
-0.01835731
-0.01755828
-0.01508296
-0.01325701
-0.01104741
-0.01043808
-0.01051227
-0.007949214
-0.005748738
-0.004767495
-0.004002581
-0.005626063
-0.005806706
-0.002067864
-0.0007367506
-0.003986888
-0.008453765
-0.01318923
-0.01784884
-0.01885671
-0.0136439
-0.005650029
-0.0008752617
-0.001244295
-0.003600218
-0.00573432
-0.006497514
-0.004785415
-0.003803642
-0.00436051
-0.00372909
-0.004585194
-0.008240625
-0.01080567
-0.0128009
-0.01598921
-0.01678753
-0.01418126
-0.01119211
-0.008011348
-0.00550241
-0.004441244
-0.001376215
0.002964871
0.006598305
0.01154594
0.01327112
0.008480971
0.002617997
-0.004277429
-0.01388521
-0.02028117
-0.020881
-0.02060218
-0.02088728
-0.0193931
-0.01631526
-0.01300087
-0.01107293
-0.01077168
-0.01100647
-0.009931154
-0.005867068
-0.002198257
-0.0007378071
0.0005008434
0.0008096207
0.00200274
0.006858813
0.01275979
0.01723862
0.02140299
0.02576918
0.02777848
0.0274048
0.02966151
0.03340223
0.03363197
0.03144735
0.02466614
0.01078043
-0.00363436
-0.01195685
-0.01322944
-0.01026092
-0.005920365
-0.003288005
-0.004460211
-0.006890933
-0.008092471
-0.006019104
3.316137e-05
0.006833589
0.01294388
0.01833545
0.02292096
0.02688868
0.02888969
0.02901928
0.02827073
0.02645776
0.02160874
0.01388821
0.00998229
0.01101494
0.01134459
0.01159481
0.01384069
0.01596034
0.01724464
0.01964269
0.02370975
0.02707769
0.02822545
0.02811365
0.026092
0.02246296
0.01980665
0.01696299
0.01414066
0.01450127
0.016458
0.01608415
0.01216415
0.006043988
-0.0003049201
-0.005403369
-0.008383
-0.008429684
-0.006683681
-0.005805822
-0.005708128
-0.006542322
-0.008136875
-0.008992333
-0.009900575
-0.008725828
-0.004116297
-0.0004514878
0.001614196
0.003653703
0.003977116
0.00293483
0.004944425
0.01285606
0.02384695
0.03366303
0.04011918
0.04193254
0.04078148
0.03988835
0.03877929
0.0368708
0.03516833
0.03238118
0.02815564
0.02299991
0.01822389
0.01707407
0.01898753
0.02310641
0.02929064
0.03409715
0.0367538
0.03886946
0.03988791
0.03809024
0.03502997
0.03352441
0.03037649
0.02427533
0.01837396
0.01322036
0.0109314
0.01235
0.01512951
0.01877487
0.01973145
0.01512324
0.01017779
0.008460774
0.0081308
0.008594441
0.007284642
0.001405751
-0.0060169
-0.01363954
-0.02155691
-0.02516477
-0.02286322
-0.01828557
-0.01279928
-0.006680456
-0.002567667
-0.0009339564
6.022822e-05
0.000472348
-0.0003113851
-0.00283037
-0.005747122
-0.006026944
-0.003432576
0.0004382678
0.005088853
0.009603865
0.0119614
0.01164657
0.00984894
0.008937842
0.01125276
0.01497466
0.01657026
0.01626296
0.01398712
0.00763008
0.000505447
-0.002517872
-0.003174376
-0.004138453
-0.004343007
-0.002842486
-0.001201469
0.000366062
0.003515661
0.007778289
0.01249204
0.01744708
0.02054693
0.02124218
0.02167126
0.02191673
0.02133304
0.02183804
0.02363632
0.02451077
0.0253919
0.0271562
0.02552985
0.01914589
0.01252178
0.007333604
0.002701119
-0.000754403
-0.002869233
-0.00510391
-0.009350927
-0.01487565
-0.01781394
-0.01641451
-0.01359923
-0.01077882
-0.005772602
0.0007531814
0.006270883
0.009108702
0.009116959
0.007737352
0.002605853
-0.005505264
-0.009400273
-0.008803002
-0.006207388
-0.001135726
0.001693592
0.0001103364
-0.001067642
-0.002849377
-0.006185003
-0.005651486
-0.002641952
-0.001622844
-0.00104866
-0.0008594723
-0.00201922
-0.002674672
-0.003589298
-0.006214174
-0.008247732
-0.007724524
-0.004275847
0.0012868
0.006326414
0.01078086
0.0161205
0.02012584
0.02165533
0.02304953
0.02413942
0.02292342
0.01978672
0.01600304
0.01208532
0.009500016
0.008425495
0.006281399
0.005028002
0.008861262
0.01559144
0.02268202
0.0298742
0.03481248
0.03702125
0.0382394
0.0390555
0.03939119
0.03826679
0.0358856
0.0333374
0.02914487
0.0231985
0.01886945
0.01747861
0.01702895
0.01574908
0.01389018
0.01233901
0.0123409
0.01534627
0.0181273
0.01747165
0.01610044
0.01279395
0.006430457
0.002669102
0.0002185891
-0.004439737
-0.007197335
-0.00854818
-0.01259562
-0.01668306
-0.01779909
-0.01743899
-0.01695837
-0.01695666
-0.01815801
-0.02059491
-0.0243655
-0.02933603
-0.03424641
-0.03808565
-0.04116255
-0.04385788
-0.04568772
-0.04604331
-0.04513518
-0.04393332
-0.0432196
-0.04261777
-0.04190599
-0.04259503
-0.04408091
-0.04353667
-0.04177984
-0.04032967
-0.03817527
-0.03613895
-0.03501582
-0.03362739
-0.03337386
-0.03405163
-0.03169979
-0.02747211
-0.0239838
-0.01918706
-0.01380353
-0.01095617
-0.009558344
-0.008413083
-0.009259887
-0.01175274
-0.01399672
-0.01551082
-0.01466727
-0.01095434
-0.008379605
-0.00856547
-0.008614627
-0.008327217
-0.007590433
-0.004226
-0.001492716
-0.003260776
-0.005994776
-0.006876725
-0.007652576
-0.008713454
-0.009770631
-0.01170719
-0.01492427
-0.01917068
-0.02330808
-0.02505477
-0.02440006
-0.02475551
-0.02710441
-0.02914662
-0.03024455
-0.03160311
-0.03340232
-0.03463001
-0.03530577
-0.03621876
-0.03775219
-0.0398271
-0.04119479
-0.04086826
-0.04026387
-0.04059549
-0.04007262
-0.03758386
-0.03455557
-0.0310679
-0.02669131
-0.02326254
-0.02154263
-0.01999131
-0.01820567
-0.01590277
-0.01164101
-0.006496748
-0.002703034
0.0004115669
0.002802167
0.003256559
0.003562037
0.005087407
0.006564544
0.007587313
0.009243863
0.01164473
0.01335043
0.01433881
0.01601344
0.01701478
0.01438579
0.009368063
0.004755315
0.0002050462
-0.004065023
-0.007511152
-0.009556776
-0.007520805
-0.002951024
0.00077834
0.005214459
0.009180405
0.008920629
0.006689765
0.006146161
0.00748405
0.01018989
0.0124448
0.01271984
0.01277832
0.01287537
0.01078133
0.006221073
0.0008106172
-0.003229809
-0.005476062
-0.006768571
-0.005689717
-0.002738473
-0.002346597
-0.00599996
-0.01003753
-0.01137291
-0.01094414
-0.008138255
-0.001627278
0.003565935
0.004688763
0.004765488
0.003305222
0.0004215252
0.0002355338
0.002788834
0.004685167
0.005969465
0.007634548
0.008980813
0.01056338
0.01258748
0.01495122
0.01805069
0.02016968
0.02103869
0.02208855
0.02212697
0.02085515
0.0197077
0.01843755
0.01787062
0.01947487
0.02060656
0.02052983
0.02321024
0.02613823
0.02468825
0.02290372
0.02229626
0.01932367
0.01674934
0.01710192
0.01782945
0.01892223
0.02042553
0.0202197
0.01876475
0.01720151
0.01567786
0.01536955
0.01545031
0.01359287
0.01086314
0.007929734
0.00415299
0.001456375
3.344274e-05
-0.00134426
-0.00184024
-0.001878118
-0.002065963
-0.00166536
-0.00133636
-0.001817636
-0.003077249
-0.004915384
-0.006372581
-0.006336465
-0.003395923
0.001843026
0.006273318
0.008838644
0.009910372
0.009320254
0.007690778
0.0061193
0.004499784
0.003083968
0.003908502
0.00593883
0.00607055
0.00459101
0.001935011
-0.001655898
-0.003934072
-0.005188684
-0.006848254
-0.006772351
-0.004150767
-0.0007897259
0.004216835
0.01086842
0.01590426
0.01912775
0.02139199
0.02071219
0.01774816
0.01507448
0.01225029
0.009182678
0.006667976
0.003240558
-0.00148105
-0.005884577
-0.009299412
-0.0111955
-0.01149481
-0.01051184
-0.009176855
-0.01033702
-0.01388753
-0.0165355
-0.01802972
-0.01938063
-0.01989464
-0.01998721
-0.02099702
-0.02263991
-0.02479751
-0.028121
-0.03134048
-0.03236663
-0.03160924
-0.03054099
-0.02801561
-0.0237963
-0.0207389
-0.01884649
-0.0169916
-0.01654242
-0.01697177
-0.01743423
-0.01812397
-0.01600533
-0.01026516
-0.005284538
-0.003699162
-0.005101786
-0.00722802
-0.008382782
-0.008972006
-0.008796395
-0.008285002
-0.008279068
-0.008344996
-0.007535258
-0.004431491
0.0006352942
0.005377332
0.008215771
0.008456455
0.006124739
0.002715075
-0.0008054529
-0.005374043
-0.009706305
-0.01137218
-0.01164931
-0.01201518
-0.01129677
-0.008285067
-0.003786882
0.0004135237
0.005206646
0.0113718
0.01583164
0.0174017
0.01787546
0.01781433
0.01824913
0.02051004
0.02272491
0.02232924
0.02016671
0.0170179
0.01201694
0.006520168
0.0021712
-0.001408103
-0.004524826
-0.00758426
-0.01126352
-0.01467309
-0.01621845
-0.01581325
-0.01461871
-0.01372177
-0.01317738
-0.01280754
-0.01316418
-0.01446977
-0.01572726
-0.01521602
-0.01264206
-0.009803272
-0.007905053
-0.007394533
-0.008287855
-0.008442387
-0.007259607
-0.006304693
-0.004988709
-0.003714785
-0.003375842
-0.001971579
0.0005317611
0.00186996
0.001955483
0.001569098
0.001155423
0.001795092
0.004078499
0.008400338
0.01409264
0.01847956
0.02094001
0.02210526
0.02070174
0.01764365
0.01574771
0.01435106
0.01311123
0.01329796
0.01272569
0.01066688
0.009379848
0.008750421
0.008590076
0.00884203
0.00853603
0.008637399
0.009693721
0.01086051
0.01224349
0.01354759
0.01413752
0.01351421
0.01215033
0.01161078
0.01176884
0.01283608
0.01470784
0.01527064
0.01529636
0.01642319
0.0176455
0.01820284
0.01800122
0.01716768
0.01639468
0.01502928
0.01182016
0.008291854
0.005328851
0.0006709647
-0.005174438
-0.008944179
-0.01063365
-0.01152713
-0.01045559
-0.008038604
-0.006388768
-0.00511003
-0.005071677
-0.006665554
-0.007058482
-0.006111545
-0.005187817
-0.003818457
-0.001807023
0.0009352093
0.004726964
0.008934989
0.01217251
0.01513353
0.02003995
0.02617465
0.03155542
0.03551661
0.03703619
0.03649143
0.0354371
0.03274162
0.02810058
0.02347347
0.01866536
0.01395688
0.01076
0.008951887
0.009563198
0.01228645
0.0147725
0.01778371
0.02083988
0.02184538
0.02302133
0.02521507
0.02582968
0.02539434
0.02558965
0.02554252
0.02413761
0.020998
0.01682868
0.01454234
0.01498524
0.01462004
0.01327246
0.01317057
0.01161996
0.008030463
0.005181473
0.002006871
-0.001988409
-0.005429991
-0.008462763
-0.01000586
-0.009289784
-0.008296365
-0.007356006
-0.005588752
-0.003421963
6.096213e-05
0.005316436
0.01019022
0.01219677
0.01104923
0.009455983
0.008455129
0.00726326
0.007334493
0.008246267
0.007253687
0.005174454
0.004064928
0.004412561
0.006993793
0.01115497
0.01549415
0.01971742
0.02274326
0.02382228
0.02336209
0.02148304
0.01899227
0.01703489
0.01491419
0.01275214
0.01267104
0.0143308
0.01627538
0.01785961
0.01736971
0.01501037
0.01277754
0.01087865
0.009892917
0.01053722
0.01098588
0.01014497
0.008923028
0.007106003
0.00415764
0.001287592
-0.0007043023
-0.00279603
-0.004751224
-0.005597465
-0.005378963
-0.003672515
-0.001674485
-0.001145334
-0.001401376
-0.002400964
-0.004132838
-0.005341863
-0.006260931
-0.007547237
-0.008219028
-0.007522678
-0.006641156
-0.006117389
-0.005279984
-0.004483483
-0.003412432
-0.001804923
-0.0008790406
-0.0003913643
-0.0003526518
-0.001600467
-0.00282367
-0.003597502
-0.005028414
-0.007092803
-0.009327882
-0.01105103
-0.0123969
-0.01358676
-0.01316984
-0.01108228
-0.008708726
-0.007034987
-0.006950376
-0.006901649
-0.004854376
-0.002143944
-0.000531476
-0.0006348842
-0.002417481
-0.004198548
-0.004706203
-0.00479591
-0.00497256
-0.005221776
-0.006779081
-0.00969889
-0.01222734
-0.01350081
-0.01363258
-0.01316368
-0.01277553
-0.01287173
-0.01348526
-0.01422364
-0.0147724
-0.015178
-0.01587047
-0.01700809
-0.01803444
-0.01831282
-0.01755852
-0.01582249
-0.01418723
-0.01491264
-0.01794735
-0.02105383
-0.02408916
-0.02677066
-0.02797152
-0.02938126
-0.03213943
-0.0345257
-0.03622373
-0.03840887
-0.04039165
-0.04085483
-0.04063609
-0.04071624
-0.04048099
-0.03940381
-0.03766533
-0.0362957
-0.03563317
-0.03450545
-0.03255703
-0.03001867
-0.02709624
-0.02426223
-0.02157324
-0.019691
-0.01991728
-0.0217656
-0.02381214
-0.02577543
-0.02621016
-0.02364169
-0.02017051
-0.01797929
-0.01692343
-0.01702785
-0.0182214
-0.01901232
-0.01889898
-0.01907297
-0.01893145
-0.01772076
-0.01729176
-0.01754159
-0.01642771
-0.01572741
-0.01750319
-0.01948948
-0.02042129
-0.02088727
-0.01964085
-0.01639464
-0.01201121
-0.006647161
-0.00174372
0.001834626
0.005551747
0.009136181
0.01005495
0.008139085
0.004907171
0.0005857635
-0.003972763
-0.007723762
-0.01078564
-0.01274859
-0.01395217
-0.01613596
-0.01925239
-0.02109503
-0.02111546
-0.02013388
-0.01746298
-0.01423168
-0.01258678
-0.01117263
-0.009718795
-0.01039166
-0.01312992
-0.01641924
-0.01881891
-0.01917156
-0.0176127
-0.01440232
-0.009446607
-0.004614549
-0.002139285
-0.001138646
-0.0004351203
-0.0010176
-0.001970915
-0.001926525
0.0001856003
0.003408387
0.004701158
0.004249853
0.004926981
0.004824335
0.002197037
0.0004437358
0.0008140545
0.002316745
0.004740013
0.006305296
0.007108586
0.008918812
0.01026482
0.01078167
0.01233695
0.0142327
0.01558684
0.01721685
0.01932173
0.02129453
0.02264614
0.024018
0.02501238
0.02294778
0.01845824
0.01432888
0.01049406
0.007886246
0.006873058
0.005397268
0.00480487
0.005609615
0.005869816
0.007098189
0.009373076
0.01012953
0.009011952
0.006235102
0.002825714
0.000795453
0.0004367218
0.001454694
0.003614762
0.005741996
0.007476393
0.009639675
0.01213186
0.01424532
0.0161208
0.01836545
0.02070499
0.02196246
0.02183313
0.0204211
0.01736173
0.01375966
0.01083355
0.007809012
0.004949257
0.004101262
0.005642896
0.009080867
0.01347833
0.01703739
0.01989381
0.02244034
0.02287169
0.02122323
0.01877399
0.015625
0.01290401
0.01119503
0.01016675
0.01088482
0.01294797
0.01456381
0.0161535
0.01858474
0.02113582
0.0228497
0.02345164
0.0228837
0.0210704
0.01880188
0.01687056
0.01469732
0.01229829
0.01087016
0.01097961
0.01239956
0.01417591
0.015311
0.01552568
0.01477594
0.01345154
0.01237451
0.01169559
0.009988724
0.006560913
0.003431636
0.001992419
0.002630227
0.006341273
0.01160643
0.01551393
0.01745672
0.0178546
0.01766792
0.01757687
0.0163526
0.01372085
0.0112172
0.009313486
0.007903354
0.006799535
0.005152241
0.002985597
0.0006032796
-0.001713759
-0.002603702
-0.001786112
-0.0002914897
0.001528348
0.003825281
0.006436854
0.008284237
0.008445872
0.00744084
0.006319489
0.005768888
0.005907815
0.006338799
0.006895353
0.007616024
0.007904607
0.007726251
0.008055463
0.008707967
0.009301275
0.01005165
0.01024933
0.009572991
0.007740054
0.004573481
0.001522873
-0.001030862
-0.003385906
-0.004901516
-0.005950612
-0.00660527
-0.005545054
-0.002877491
-0.0004896365
0.0007307519
0.001295668
0.001223596
0.0002428169
-0.001055803
-0.002449654
-0.003749399
-0.00334889
-0.001425929
-0.0001545417
0.0006743101
0.002136262
0.003763477
0.005030979
0.005145027
0.003625241
0.00184199
0.0003912401
-0.001747993
-0.003503855
-0.003449043
-0.003075306
-0.002991485
-0.002232932
-0.0009722011
0.0004611836
0.001103984
0.0003713283
-0.0004487093
-0.001234524
-0.002131774
-0.002160495
-0.002030893
-0.002625961
-0.003487685
-0.004939091
-0.006556305
-0.007011103
-0.006890356
-0.00675199
-0.006344069
-0.006164523
-0.006360432
-0.007119446
-0.008696343
-0.0103363
-0.0114151
-0.01222814
-0.01295825
-0.01306793
-0.01257425
-0.01219166
-0.01216914
-0.01240002
-0.01247952
-0.01137361
-0.008348679
-0.004317675
-0.0009346088
0.001077004
0.002028636
0.002419267
0.002039005
0.0005466965
-0.001352623
-0.002648031
-0.003214977
-0.00334945
-0.003461368
-0.00402572
-0.005032943
-0.006243439
-0.00704819
-0.006304748
-0.003702491
-0.00074428
0.0006634495
0.0009020665
0.001524718
0.002179173
0.00245488
0.003064823
0.003244842
0.001982761
0.0001272378
-0.001343603
-0.00194071
-0.001622415
-0.001518913
-0.002066001
-0.002565854
-0.00310835
-0.003469643
-0.003143608
-0.002633724
-0.001914743
-0.0009159094
-0.0005811779
-0.001272548
-0.00297711
-0.006013824
-0.00955877
-0.01179872
-0.0120973
-0.01134481
-0.01068858
-0.01071149
-0.01130848
-0.01198067
-0.01211015
-0.01133625
-0.009962921
-0.008970343
-0.009193958
-0.01001034
-0.01019401
-0.009536617
-0.008161553
-0.006568297
-0.005672885
-0.005616284
-0.006459429
-0.007971979
-0.008765655
-0.008025302
-0.006672919
-0.006137726
-0.006666886
-0.007666563
-0.008640128
-0.008867371
-0.008009884
-0.006725653
-0.005876426
-0.005728194
-0.005858143
-0.005614594
-0.004468671
-0.002690919
-0.001516222
-0.00154066
-0.002088255
-0.002557873
-0.002746679
-0.002204427
-0.0007947947
0.00097106
0.002607414
0.003494734
0.003358559
0.003025055
0.002867344
0.002449906
0.001938162
0.001369031
0.0005531486
0.0001403116
0.0002606685
0.0004037008
0.0007417512
0.0007847876
-0.0001710722
-0.001317571
-0.002046046
-0.002466503
-0.002508675
-0.002298914
-0.001646095
-0.0004094332
0.000746734
0.001687438
0.002627421
0.003211377
0.00344285
0.003397298
0.002917838
0.002363525
0.002155766
0.002272869
0.002298844
0.001960782
0.001249326
0.0002930839
-0.0002896469
-0.0004363977
-0.0004451886
5.156192e-05
0.0007684292
0.0011699
0.001508232
0.001911826
0.00239858
0.002736054
0.002521125
0.002182789
0.002198696
0.002540544
0.003225112
0.00382742
0.003798548
0.003322584
0.002890295
0.003089878
0.004077575
0.005008302
0.005299604
0.005269153
0.005038317
0.004322727
0.00333364
0.002608861
0.002172989
0.001714934
0.000998004
0.0001615331
-0.0004169306
-0.0007489813
-0.0008295106
-0.00052948
-0.000183455
0.000101426
0.0005848071
0.001139547
0.001790138
0.002562586
0.002883012
0.002779404
0.002708075
0.00229266
0.001448801
0.0007854087
0.0002884155
-7.969352e-05
1.590591e-05
0.0001606789
3.673926e-05
9.784933e-05
0.0002250658
-2.470157e-05
-0.0004434584
-0.0007453944
-0.0009258108
-0.001056908
-0.001248696
-0.001420906
-0.001505128
-0.001594117
-0.00155769
-0.001233951
-0.0005875794
0.0002320751
0.0008457008
0.001131662
0.001232309
0.001269486
0.001253894
0.001179378
0.001211163
0.001354843
0.001433516
0.001471522
0.001500755
0.001438607
0.001393613
0.001477799
0.001539452
0.001565419
0.001653225
0.001701506
0.001661523
0.001464912
0.0009765608
0.000346366
-0.0002063928
-0.0005935266
-0.0007228804
-0.0006808458
-0.0006190725
-0.0004850955
-0.000327935
-0.0002755654
-0.0002443554
-0.0002155049
-0.0002209714
-0.0001428865
-3.059557e-05
2.523214e-05
0.0001262964
0.0002243733
0.0002617044
0.0003346763
0.0003921864
0.000411782
0.0004321885
0.0003657779
0.0002672593
0.000260519
0.0002886553
0.0002994154
0.0002993728
0.0002176985
2.344865e-05
-0.000173513
-0.0003040181
-0.0003818477
-0.0003792336
-0.0002594701
-8.711647e-05
2.393102e-05
5.125852e-05
3.182702e-05
2.575742e-05
8.949911e-05
0.0001925166
0.00029267
0.0003885093
0.0004629741
0.0005034821
0.000539641
0.0005894338
0.0006499808
0.0007462892
0.0008515975
0.0008973772
0.0008900243
0.0008485115
0.0007658561
0.0006731773
0.0005949461
0.000505585
0.0003990557
0.000300618
0.0002078965
0.0001237776
7.491899e-05
5.66318e-05
6.312067e-05
0.0001029175
0.0001479606
0.0001678802
0.0001724758
0.0001818568
0.0002016953
0.0002277728
0.0002555774
0.0002823339
0.0003062192
0.0003284631
0.0003491815
0.0003619065
0.0003603361
0.0003433264
0.0003109455
0.0002669468
0.0002164314
0.0001604481
0.0001055481
6.0188e-05
2.559407e-05
4.551005e-06
-7.840595e-07
7.398583e-06
2.596677e-05
4.713028e-05
6.333066e-05
7.263817e-05
7.577534e-05
7.582072e-05
7.52284e-05
7.349086e-05
7.083006e-05
6.981664e-05
7.311002e-05
7.970539e-05
8.583686e-05
8.958521e-05
8.930391e-05
8.34194e-05
7.41206e-05
6.32989e-05
5.086219e-05
3.906059e-05
2.936676e-05
2.153389e-05
1.712243e-05
1.672825e-05
1.920261e-05
2.326507e-05
2.687474e-05
2.869811e-05
2.825931e-05
2.572651e-05
2.276006e-05
1.998529e-05
1.647754e-05
1.269886e-05
9.734231e-06
7.153871e-06
4.389393e-06
1.714631e-06
-1.088302e-06
-4.238418e-06
-7.159814e-06
-9.53766e-06
-1.134215e-05
-1.23971e-05
-1.294739e-05
-1.364589e-05
-1.476785e-05
-1.609954e-05
-1.741934e-05
-1.859145e-05
-1.951404e-05
-2.024147e-05
-2.094668e-05
-2.171049e-05
-2.252316e-05
-2.340777e-05
-2.433574e-05
-2.52353e-05
-2.610047e-05
-2.695125e-05
-2.781019e-05
-2.868055e-05
-2.952477e-05
-3.033141e-05
-3.111891e-05
-3.189206e-05
-3.265169e-05
-3.34027e-05
-3.414685e-05
-3.488504e-05
-3.561928e-05
-3.635227e-05
-3.708527e-05
-3.781711e-05
-3.854603e-05
-3.927076e-05
-3.999041e-05
-4.070457e-05
-4.141317e-05
-4.211619e-05
