0.0009061654
0.0009083268
0.0009103899
0.0009118294
0.0009159734
0.0009262904
0.0009360341
0.0009331678
0.0009039638
0.0008625892
0.0007857583
0.0007495824
0.0006577254
0.000557695
0.0006338934
0.0007539666
0.0008822197
0.0006415756
0.0004241792
0.0005722631
0.000556887
0.001167009
0.002404816
0.003575565
0.004593665
0.004258485
0.003690222
0.004080134
0.002040233
-0.001009318
-0.00177338
-0.004734843
-0.00932177
-0.01041442
-0.009857409
-0.007611464
-0.00519306
-0.007227429
-0.007457481
-0.002631578
-0.000878925
0.007576557
0.008249128
-0.004183066
-0.008242111
-0.00314856
-0.006666471
-0.01306623
-0.006018493
0.005326936
0.007901929
0.01688458
0.02319197
0.01181469
-0.004045544
-0.008275616
-0.008028717
-0.007442048
-0.008133088
-0.00828509
-0.004104655
-0.002772247
-0.007401911
-0.005456291
0.0005309892
0.003544176
0.003219854
-0.006545679
-0.01756966
-0.02087934
-0.01908547
-0.009562492
0.002315144
0.01219009
0.01965489
0.02471577
0.02521488
0.01522206
0.003791823
0.001229002
-0.003810472
-0.008070143
-0.01003464
-0.01220721
-0.01200146
-0.01520948
-0.003716483
0.004200378
-0.0008102422
-0.003897948
7.144236e-05
0.004443765
-0.001789562
-0.007543281
-0.00702335
-0.006015427
-0.004344724
-0.005560365
-0.01119315
-0.01208586
-0.006376429
0.002508983
0.01559314
0.02060405
0.01520286
0.01177477
0.006018992
0.002523036
0.004105406
0.0004069774
-0.004530238
-0.004912739
-0.001699037
0.003527734
0.01037498
0.009219023
-0.02063631
-0.05872661
-0.08964762
-0.09483073
-0.09330682
-0.04835919
0.003741575
0.03652977
0.0661261
0.07045587
0.04362182
0.007288716
0.001278589
0.004053834
0.03051623
0.07724188
0.09984015
0.1022791
0.08521454
0.03501959
-0.013982
-0.04784878
-0.07950526
-0.07925524
-0.06169919
-0.03463423
-0.009462796
-0.001588633
-0.005507075
-0.0268528
-0.04747279
-0.05716593
-0.06417618
-0.06244385
-0.0499221
-0.02977489
-0.01419206
-0.005915371
-0.009788742
-0.01917328
-0.01776075
0.001940327
0.02021301
0.03431736
0.04131301
0.03987999
0.03872802
0.04203342
0.03719785
0.02586973
0.009202068
-0.006547116
-0.01757285
-0.015877
-0.005877864
-0.004192732
-2.429377e-05
0.009863525
0.02309949
0.03189372
0.03982347
0.03662819
0.02246054
-0.002887381
-0.0305018
-0.04315641
-0.04301553
-0.03391022
-0.0009844227
0.03885126
0.06787949
0.07417575
0.05950147
0.0329644
0.003700435
-0.01804931
-0.02549041
-0.02344885
-0.007512435
0.01690212
0.03847886
0.05392469
0.06315353
0.06069983
0.05789074
0.05424541
0.04779311
0.03922864
0.03446886
0.02869198
0.01502169
-0.009907741
-0.03808407
-0.05917479
-0.07742454
-0.08504807
-0.07587865
-0.0615695
-0.04413426
-0.02309496
-0.00328084
0.0141209
0.02512956
0.03433627
0.03852294
0.02968828
0.02316813
0.02035655
0.01995308
0.01920833
0.01841572
0.01930185
0.020715
0.01733563
0.008790668
0.0007860519
-0.005129249
-0.00514986
0.005189693
0.0195421
0.02472846
0.009618564
-0.01078633
-0.01936065
-0.03590524
-0.0561717
-0.07026731
-0.08872043
-0.09101002
-0.06304338
-0.02832012
0.01385006
0.02393091
0.005251367
-0.02392134
-0.06673269
-0.09527557
-0.1001998
-0.09740364
-0.07578456
-0.04110349
-0.02482119
-0.002017279
0.007036226
-0.006573069
-0.02498694
-0.05027665
-0.07544762
-0.08605683
-0.08268099
-0.06342625
-0.04011255
-0.01539549
0.01800479
0.04094257
0.05793895
0.06766852
0.0576192
0.02604262
0.01764151
0.02756119
0.0494171
0.07935002
0.09339375
0.1031659
0.1021662
0.07389215
0.038971
0.01962597
-0.001123633
-0.0193595
-0.01554451
0.01242579
0.05776745
0.08544363
0.09070876
0.08949259
0.0782331
0.06540391
0.06648509
0.0777305
0.08966346
0.09623875
0.0943529
0.08696727
0.07514296
0.06197853
0.04892294
0.0420871
0.03701279
0.03094538
0.02682833
0.01727738
-0.005662385
-0.02904707
-0.05425621
-0.08688523
-0.1028282
-0.1026303
-0.09608732
-0.08226095
-0.06379778
-0.05068439
-0.0441832
-0.03616306
-0.02691549
-0.01494424
-0.01050646
-0.01676972
-0.02473699
-0.02338156
-0.004901177
0.01625423
0.04073116
0.06882962
0.08720209
0.09309057
0.08728464
0.06821757
0.0351863
0.00518219
0.00073658
6.847612e-06
0.01499638
0.02291272
0.02279911
0.01765995
0.007995373
-0.006925318
-0.0275817
-0.03517143
-0.02242469
0.006792603
0.03024445
0.04817215
0.06266813
0.06988109
0.06446165
0.0356409
0.001540576
-0.02200627
-0.04216748
-0.05707843
-0.06699024
-0.07247138
-0.07053969
-0.06835919
-0.06746404
-0.06799711
-0.07148578
-0.06898403
-0.06812339
-0.0739214
-0.07622702
-0.07116821
-0.05007449
-0.02791964
-0.01924765
-0.008497604
-0.006627739
-0.01109393
-0.02527757
-0.04403372
-0.05737383
-0.07018961
-0.07198105
-0.06675141
-0.06125878
-0.05801852
-0.0553511
-0.04995206
-0.04206401
-0.03429442
-0.0308512
-0.03446155
-0.04737352
-0.05490716
-0.04938669
-0.03609697
-0.02057548
-0.01119414
0.001500551
0.01375774
0.01981466
0.02075209
0.007641432
-0.01519084
-0.0353817
-0.05310824
-0.06242799
-0.06283315
-0.05755587
-0.04073284
-0.02001417
-0.01472098
-0.01130868
-0.01008883
-0.007561163
0.002460736
0.01898321
0.02989822
0.03891934
0.039261
0.03704797
0.03525961
0.03284392
0.03305614
0.033165
0.03393746
0.03617253
0.0392561
0.03962285
0.03756547
0.03416734
0.03650209
0.04386328
0.04701968
0.04820562
0.04813621
0.04712812
0.04215203
0.03462583
0.02672333
0.01703904
0.007266625
0.000774767
0.002853159
0.0194483
0.04111632
0.05558298
0.06273142
0.06941991
0.07376767
0.06774124
0.0512104
0.03663403
0.03468244
0.0394248
0.04828071
0.05163047
0.0515666
0.0467173
0.03741298
0.0294974
0.02399311
0.01768468
0.01571578
0.0177527
0.01388225
0.008006348
0.005022995
-0.001076154
-0.01326709
-0.0214401
-0.02090596
-0.009835939
0.004528629
0.01797357
0.03387172
0.04336493
0.04168836
0.03471878
0.02759057
0.02672314
0.03809945
0.05029757
0.05591499
0.05115902
0.03314328
0.001480521
-0.02561582
-0.04711019
-0.05826284
-0.05706202
-0.04213476
-0.02323496
-0.004384086
0.01521058
0.0245785
0.03445823
0.04951716
0.06084593
0.06435393
0.06131183
0.05084211
0.03987243
0.02007148
0.008782599
0.008757954
0.01142469
0.0126081
0.01489436
0.01206465
0.003198517
-0.007441589
-0.01590194
-0.02312129
-0.02928813
-0.03534203
-0.04122771
-0.04718355
-0.05810648
-0.0703788
-0.06633605
-0.05269128
-0.03501218
-0.01820032
-0.009448048
-0.00949174
-0.01500946
-0.02206063
-0.03107628
-0.0405879
-0.04592998
-0.04687654
-0.04269604
-0.04085071
-0.03488321
-0.02281508
-0.01485839
-0.01137578
-0.0145644
-0.02229396
-0.0217403
-0.01461132
-0.01140598
-0.01939816
-0.03444416
-0.05036666
-0.06201085
-0.07513946
-0.09050825
-0.1043722
-0.1120541
-0.1119976
-0.1057634
-0.09996334
-0.09305387
-0.08321976
-0.07238501
-0.06220016
-0.04970463
-0.03464549
-0.01814276
0.002087095
0.01730602
0.02108856
0.01592178
0.0001741721
-0.01631921
-0.03103566
-0.04387277
-0.05150136
-0.05107679
-0.04602326
-0.04348621
-0.04076969
-0.03267252
-0.01776767
-0.002335047
0.01339522
0.03031891
0.04786396
0.06334331
0.07831983
0.08565285
0.08140024
0.07376476
0.06297206
0.04777747
0.0339573
0.02332761
0.01059934
0.001067627
-0.00235598
0.00494741
0.02332524
0.02407576
0.0235265
0.02314059
0.0112256
-0.0192555
-0.05168604
-0.0756133
-0.09538098
-0.09473662
-0.07606291
-0.0404829
0.006232841
0.04014332
0.06185604
0.06762824
0.0586648
0.04716266
0.04054194
0.0350873
0.02833848
0.02557893
0.03167381
0.03909886
0.04424095
0.05015023
0.05651059
0.05613134
0.05040262
0.04376735
0.02855821
0.01485063
0.0121544
0.006029543
0.003283883
0.01285677
0.03416321
0.05135007
0.06072453
0.07137569
0.08086019
0.08593123
0.08175291
0.0666171
0.0470835
0.03214484
0.02125131
0.02033083
0.03092754
0.04536554
0.0627367
0.07510933
0.08459256
0.09027949
0.08862507
0.07731903
0.04715682
0.009882571
-0.02182543
-0.04397273
-0.07017151
-0.08703975
-0.08312157
-0.06407245
-0.02436956
-0.003240264
-0.003694626
-0.009174388
-0.02936445
-0.05174117
-0.06061977
-0.06629726
-0.06017446
-0.04369068
-0.03087661
-0.01373936
-0.00267254
-8.614055e-05
0.002032305
0.002076237
0.008522065
0.02079013
0.03565454
0.04002569
0.04236298
0.03877052
0.02387038
0.001974454
-0.006791944
-0.01140359
-0.01554281
-0.01247371
0.002410465
0.02161098
0.03109912
0.02407488
0.007207758
-0.0008290602
-0.002920088
-0.007501851
-0.00780016
-0.0009017111
0.003597073
-0.001316006
-0.0158906
-0.02721759
-0.03005668
-0.03055566
-0.03015707
-0.02845834
-0.02930073
-0.03238271
-0.03240488
-0.02785878
-0.02075736
-0.01109457
-0.005211823
-0.00366736
-0.009586414
-0.01458899
-0.01923919
-0.02253111
-0.01564094
-0.002361057
0.01062682
0.02154983
0.02826252
0.02878406
0.02705627
0.02216478
0.01553112
0.009170981
0.001632284
-0.00306919
-0.00460267
-0.01363457
-0.02369128
-0.02936061
-0.03183719
-0.03518778
-0.04023095
-0.04187584
-0.03928597
-0.03430668
-0.02998044
-0.02659668
-0.02424572
-0.02016259
-0.0164284
-0.009445053
-0.000825925
0.005537837
0.01226416
0.0132023
0.01261074
0.0128198
0.01176287
0.01071978
0.0109625
0.01367461
0.01566171
0.0174099
0.01756188
0.0119408
-0.0007755391
-0.007972618
-0.01346611
-0.02353859
-0.02386341
-0.01361095
-0.006488805
-0.003201599
-0.004199364
-0.01218526
-0.03055547
-0.04857889
-0.05896306
-0.06650943
-0.0644343
-0.05453846
-0.03884324
-0.02104636
0.000807577
0.01713875
0.03195683
0.04087872
0.0442572
0.04316404
0.03972227
0.03575548
0.03012285
0.02125738
0.01394481
0.01189151
0.01328626
0.009874766
0.006951721
-0.001396413
-0.01901928
-0.04306531
-0.06157143
-0.07411737
-0.07231588
-0.0591984
-0.03653542
-0.007366132
0.01746186
0.03073419
0.04010027
0.0406886
0.0322773
0.02235671
0.0166928
0.01370963
0.01378036
0.01870082
0.03093378
0.04098668
0.05115176
0.05714673
0.05524141
0.05187956
0.04772762
0.04404758
0.04183091
0.025872
0.01129386
0.003521105
-0.001784571
-0.005467947
-0.008722983
-0.01944631
-0.02733138
-0.02572065
-0.02728536
-0.02877417
-0.02216307
-0.008915592
0.007279643
0.02245418
0.03503234
0.03999936
0.03677819
0.03298
0.02924966
0.02339849
0.01479724
0.009703469
0.009336345
0.008055201
0.007484321
0.00267457
-0.00548257
-0.009076758
-0.006192509
-0.004175639
-0.003049853
-0.001024109
-0.001410979
-0.003011738
-0.007311945
-0.01001943
0.0006730328
0.005420602
0.003643773
0.0003061463
-0.003659044
-0.00803027
-0.01203735
-0.01444028
-0.01784345
-0.02422265
-0.02980976
-0.03548352
-0.04089564
-0.04010154
-0.03611911
-0.02726906
-0.01181783
0.0003174749
0.008140016
0.01317518
0.01326123
0.004121507
0.0002679851
-0.005869655
0.002770098
0.02257375
0.0372341
0.04626252
0.04825851
0.0426867
0.02611089
0.01021156
0.006592648
0.007502399
0.01272226
0.0247546
0.03476015
0.03505485
0.01911852
-0.01027915
-0.03437889
-0.04939684
-0.05745126
-0.0479921
-0.01565012
0.001457556
0.001139895
-0.002272019
-0.02409463
-0.04059141
-0.05165756
-0.0569819
-0.0474651
-0.03788459
-0.02392211
-0.01035554
-0.002028274
0.004314898
0.005241249
0.005045183
0.007471248
0.01099423
0.01263175
0.01446983
0.01460432
0.01332175
0.01240486
0.01327298
0.01285636
0.00898203
0.0006794916
-0.007833142
-0.02241836
-0.03843335
-0.04575785
-0.04905839
-0.04851507
-0.03834794
-0.02182884
-0.009745705
0.00494534
0.02150025
0.02957072
0.03515499
0.03487858
0.02950441
0.02648046
0.02213451
0.02124611
0.03234218
0.04230721
0.05095092
0.0606556
0.06807417
0.07073605
0.06083971
0.03757482
0.01408546
-0.005867049
-0.02195561
-0.02159149
-0.004394235
0.009558726
0.03013325
0.04092034
0.03987636
0.03678531
0.03170486
0.03015746
0.02452642
0.01932207
0.009820703
-0.003538602
-0.01145237
-0.01869301
-0.03013356
-0.03726562
-0.04198923
-0.04432511
-0.03904374
-0.03482231
-0.03412643
-0.0362787
-0.03870638
-0.04104528
-0.04358311
-0.04614204
-0.04792812
-0.04930613
-0.04944054
-0.04529648
-0.04275499
-0.04489813
-0.04838176
-0.04985084
-0.05133909
-0.04706822
-0.03635079
-0.0271815
-0.01724683
-0.007112381
0.002556195
0.01242006
0.01534758
0.01111149
-0.005369071
-0.01386889
-0.02336435
-0.03488396
-0.04114892
-0.04085223
-0.03193356
-0.02609818
-0.01959947
-0.009102407
0.0024297
0.01378766
0.02199534
0.02420305
0.02282782
0.01701108
0.01064445
0.01139268
0.01690654
0.01622697
0.01594341
0.01423616
0.019533
0.02632949
0.02871829
0.02859834
0.02606928
0.02481772
0.03258855
0.0381008
0.0445207
0.04849822
0.05113857
0.05578498
0.0526892
0.04447251
0.04206455
0.03874166
0.03726312
0.03994089
0.0414961
0.04253405
0.03960034
0.02883035
0.01897681
0.01247789
0.01238312
0.02317221
0.03864877
0.05077651
0.05611586
0.05759176
0.04751001
0.03047176
0.01663643
0.006816406
-0.001664156
-0.00852932
-0.009325224
-0.00623229
-0.001735599
-0.001322403
-0.005680714
-0.01188209
-0.01823299
-0.02600403
-0.02731229
-0.02579096
-0.01765267
-0.005306087
0.00539969
0.007086198
0.007750518
0.005646147
0.002721381
0.002352764
0.001429321
0.001235851
-0.005961193
-0.01788791
-0.02769735
-0.03558553
-0.03626499
-0.03280565
-0.02931613
-0.02367394
-0.01628981
-0.01171351
-0.01099609
-0.01293245
-0.01620161
-0.02029428
-0.02842446
-0.03987843
-0.04660653
-0.0548568
-0.06430062
-0.06991716
-0.06947874
-0.06335676
-0.05614545
-0.04985706
-0.04423943
-0.04182712
-0.04261562
-0.0451936
-0.04693262
-0.04524739
-0.04042764
-0.03347989
-0.02491343
-0.01316756
-0.001705499
0.009279319
0.01683143
0.01884418
0.01336985
0.005487906
0.006859593
0.01493533
0.0271504
0.0338556
0.03603171
0.03569499
0.03254145
0.02731727
0.02298182
0.0202088
0.02037214
0.02245634
0.02540158
0.02740871
0.02708465
0.02318865
0.01770623
0.01124731
0.005278388
0.0004209185
-0.004694912
-0.009651481
-0.01419058
-0.0146155
-0.005748913
0.002857383
0.007495468
0.007238838
0.007035208
0.008197904
0.01177022
0.01633124
0.01677575
0.01050851
0.00174409
-0.006135651
-0.009903745
-0.00696027
0.001735408
0.01369849
0.02229699
0.03350174
0.03947659
0.03836613
0.03057252
0.01811332
0.00547465
-0.00589418
-0.00725259
-0.006553312
-0.001830521
0.004645144
0.009761599
0.01393192
0.01652492
0.01744411
0.01385086
0.009671936
0.008016691
0.006512553
0.01200122
0.02337383
0.03053567
0.0414186
0.0520562
0.05407488
0.05285262
0.04979478
0.04035649
0.0338859
0.0272125
0.01802644
0.007462805
-0.001965073
-0.009405367
-0.01244695
-0.01144243
-0.01016768
-0.01002003
-0.01066252
-0.01328035
-0.01608032
-0.02330842
-0.02779572
-0.03304834
-0.04221348
-0.05142779
-0.05787186
-0.05437379
-0.04699946
-0.04080423
-0.03465843
-0.02807414
-0.02588038
-0.02413265
-0.02167305
-0.02045166
-0.01877045
-0.01587538
-0.01321987
-0.007593167
-0.0005471886
0.002102181
0.005074583
0.006171053
0.005789197
0.006613446
0.008239297
0.003085922
-0.00615127
-0.01197744
-0.01246619
-0.005591349
0.0113855
0.02745592
0.03621066
0.03885838
0.02479877
0.009163649
-0.004983377
-0.025142
-0.04054719
-0.04055706
-0.0344322
-0.02797627
-0.01414271
-0.001711742
0.00509696
0.007018393
0.004507442
-0.002224631
-0.008626367
-0.01265088
-0.01721103
-0.01537661
-0.01092677
-0.005966976
0.003235094
0.01261186
0.016948
0.0155845
0.00845539
0.001273129
-0.005109295
-0.007831935
-0.00934899
-0.01320913
-0.0155878
-0.01689433
-0.01444388
-0.01190604
-0.00995376
-0.007440219
-0.009392947
-0.01206106
-0.01364621
-0.01277409
-0.009277525
-0.006660555
-0.003184275
-0.003236383
2.491602e-05
0.007876321
0.01490196
0.0209453
0.02327376
0.02083513
0.01585126
0.01078526
0.006667638
0.005100338
0.01037672
0.01792514
0.02842589
0.03937479
0.04560873
0.04977939
0.05151734
0.0490933
0.04232814
0.03468972
0.02946817
0.0230813
0.01716288
0.01270832
0.01048567
0.0133142
0.01725767
0.01831175
0.02006745
0.01619643
0.01158974
0.005863052
-0.0006408922
-0.00535921
-0.00980464
-0.008772415
-0.004928504
-0.002983461
-0.0002486622
0.001945446
0.0006917509
-0.002672541
-0.0084865
-0.01595717
-0.02075837
-0.02404034
-0.02493961
-0.02140976
-0.01646358
-0.01019177
-0.00433001
-0.0007634703
-0.00652873
-0.01198559
-0.02027736
-0.0299974
-0.03765289
-0.04419228
-0.04790524
-0.05149472
-0.04795279
-0.04414527
-0.03939044
-0.03221288
-0.02728758
-0.02242389
-0.02350571
-0.03001781
-0.033717
-0.03895284
-0.04313254
-0.04587614
-0.04380135
-0.03809208
-0.03352986
-0.02661492
-0.02151245
-0.01736628
-0.01620589
-0.01809413
-0.01901637
-0.01858818
-0.01599098
-0.0142396
-0.01440053
-0.01439849
-0.01797805
-0.0223225
-0.0304035
-0.03738408
-0.03835434
-0.03550693
-0.02883041
-0.02251981
-0.01505441
-0.01188083
-0.01747863
-0.01943613
-0.02085841
-0.01831425
-0.01259164
-0.005872255
0.001581338
0.008066615
0.01263672
0.0146731
0.0170009
0.01732374
0.02132533
0.02635033
0.03349923
0.04122241
0.04760851
0.0532088
0.0571135
0.05888271
0.05650517
0.05528527
0.05352053
0.05591373
0.05996075
0.06105989
0.06130283
0.05662093
0.05087389
0.04116337
0.0317919
0.02594583
0.01984181
0.01740141
0.01894662
0.02205968
0.02319932
0.02457909
0.02473435
0.02163179
0.01575995
0.009957602
0.004570575
-0.001414906
-0.005031294
-0.007928836
-0.006184736
-0.001354205
0.001390344
0.006143817
0.01160918
0.01775899
0.02500341
0.02996897
0.0333744
0.03320596
0.02565804
0.02089102
0.01465611
0.006684215
0.001639117
-0.0004469811
-0.00376677
-0.005980991
-0.007585242
-0.009699955
-0.01284132
-0.0181909
-0.02249523
-0.02553594
-0.02128032
-0.01612546
-0.01170803
-0.002468197
0.005525237
0.009971969
0.01571943
0.02016882
0.02093233
0.0230165
0.02446624
0.02119738
0.01866591
0.01659294
0.01298103
0.009879729
0.007256617
0.004709152
0.005321767
0.006264931
0.006614789
0.008007127
0.01077273
0.01620286
0.02148826
0.02756098
0.03349432
0.03841557
0.03693899
0.03496247
0.03492519
0.03340643
0.03436885
0.03572092
0.03662063
0.03827288
0.03628471
0.03172207
0.02870304
0.0219687
0.01510507
0.01011895
0.004434385
0.0009165568
0.0003301677
-0.002131101
-0.004442948
-0.006027367
-0.007662752
-0.009771492
-0.01337301
-0.01273236
-0.01013389
-0.01098136
-0.01196324
-0.01173445
-0.01320079
-0.01605319
-0.01813207
-0.02012476
-0.02116153
-0.02218628
-0.02273847
-0.0213827
-0.02032925
-0.0182393
-0.01578088
-0.01382022
-0.01347069
-0.01947284
-0.02459492
-0.02945996
-0.03612741
-0.04254454
-0.04691339
-0.04892689
-0.05011585
-0.04564117
-0.04192506
-0.03873487
-0.03416319
-0.03214706
-0.03578472
-0.03753807
-0.03797738
-0.03702594
-0.03343746
-0.03045209
-0.02635613
-0.02226587
-0.01946787
-0.0173141
-0.01946415
-0.02227117
-0.02328631
-0.0245695
-0.02623386
-0.02622049
-0.02496776
-0.02459622
-0.02358327
-0.02224288
-0.02123223
-0.02096043
-0.02209657
-0.02140771
-0.02046471
-0.01992187
-0.01573588
-0.01177232
-0.008454499
-0.00214952
0.002319188
0.003845285
0.004283031
0.004772278
0.005185716
0.006103181
0.009526938
0.01263428
0.01841121
0.02613027
0.03309643
0.04125432
0.04834837
0.05116818
0.05483577
0.05601736
0.04870466
0.04276542
0.03058522
0.01636092
0.006339371
-0.0008132064
-0.003234182
-0.007259402
-0.006625275
-0.004862976
-0.004476178
-0.001563751
0.001277927
0.003823215
0.007283345
0.009824116
0.01117183
0.01266476
0.01054741
0.008262907
0.0103344
0.01259931
0.01690228
0.02256714
0.02512428
0.02637309
0.02557317
0.02231556
0.01911241
0.01327327
0.007883563
0.003584928
-0.001239542
-0.007393867
-0.01460639
-0.02039819
-0.02392939
-0.02770482
-0.02618889
-0.0215598
-0.0198695
-0.01983261
-0.02167239
-0.02241286
-0.02331348
-0.0220048
-0.02051385
-0.01987859
-0.01881515
-0.01650164
-0.009869567
-0.003723515
0.002653547
0.01002411
0.01622811
0.0175952
0.01769925
0.01519554
0.01241368
0.009247922
0.006412528
0.01038078
0.01339957
0.01428513
0.01391218
0.01068853
0.00857578
0.005699957
0.003375234
0.008505777
0.01290532
0.01545052
0.01763632
0.01803741
0.01520564
0.01290026
0.00947473
0.006384558
0.009906286
0.01255168
0.013463
0.01550078
0.01409995
0.01268669
0.01198024
0.01041196
0.007786427
0.004346529
0.004122143
0.004186468
0.002978259
0.0008461978
-0.001016526
-0.001963286
-0.003355922
-0.00296879
-0.0003912082
0.001018855
0.003473189
0.006125191
0.00520261
0.002320609
0.001267636
-0.002872292
-0.008161606
-0.01087409
-0.01411047
-0.01636408
-0.01783552
-0.0190548
-0.01700986
-0.01390065
-0.00552064
0.001696523
0.005264465
0.01009417
0.01131895
0.01020179
0.00737424
0.004189921
-0.004675871
-0.01288389
-0.01607872
-0.01951124
-0.02098971
-0.01964561
-0.01848835
-0.0181202
-0.02176244
-0.02584515
-0.02775815
-0.03004567
-0.03157765
-0.03012347
-0.02952996
-0.02880631
-0.02751611
-0.02831654
-0.02990907
-0.03037981
-0.03086776
-0.03102216
-0.02842746
-0.02619345
-0.02422019
-0.02100506
-0.01803179
-0.01474751
-0.009885622
-0.005464027
-0.001549895
0.002643557
0.006748734
0.01017135
0.01369843
0.01681911
0.01907707
0.0217047
0.02356035
0.02452148
0.02585289
0.02565188
0.02564272
0.02773314
0.02920254
0.02959979
0.03019874
0.03078249
0.02880798
0.02585593
0.02272466
0.01680526
0.01276205
0.01019778
0.007420036
0.008435738
0.008963321
0.008707293
0.009117409
0.008622088
0.006775036
0.005673095
0.005715016
0.00608734
0.00626948
0.008857484
0.01241359
0.0148864
0.01681273
0.01878867
0.01951476
0.01506215
0.01145731
0.00849635
0.004888213
0.001629236
-0.001298418
-0.002142116
-0.002813602
-0.003972131
-0.0044617
-0.005012019
-0.005765999
-0.007429163
-0.009851162
-0.01194877
-0.01451446
-0.01651413
-0.01733916
-0.01693646
-0.01415562
-0.01223508
-0.01039942
-0.008039135
-0.00708138
-0.009181124
-0.0104132
-0.01105069
-0.01206818
-0.01305191
-0.01415544
-0.01620976
-0.01788349
-0.0182144
-0.01900348
-0.02097892
-0.02282029
-0.02433791
-0.0260852
-0.02806129
-0.03044728
-0.03176474
-0.02624717
-0.02123039
-0.01692984
-0.01110174
-0.006333368
-0.003644758
-0.001800257
-0.003567566
-0.005509783
-0.006167009
-0.007322628
-0.005423566
-0.00170191
0.0017593
0.007320348
0.0133072
0.01988152
0.02329668
0.02359962
0.0234563
0.01965702
0.01689823
0.01387372
0.01012468
0.007094485
0.007913146
0.01038552
0.01139353
0.01459713
0.01912218
0.02157251
0.02210049
0.02347263
0.02435837
0.02432945
0.02471734
0.02405621
0.02251075
0.0213655
0.0196215
0.01819416
0.01955399
0.02097481
0.02126309
0.02161077
0.02203504
0.02076055
0.01937046
0.01870174
0.01839228
0.01793547
0.01787551
0.01816539
0.01817455
0.01817794
0.01826942
0.01541477
0.009551744
0.006253926
0.003295883
8.535554e-05
-0.001713527
-0.00454025
-0.01009649
-0.01489989
-0.01786139
-0.02035595
-0.02251642
-0.0228147
-0.02334813
-0.02347903
-0.02351076
-0.02380924
-0.02404663
-0.02437715
-0.02435001
-0.02282887
-0.02145362
-0.01914004
-0.01615632
-0.01435768
-0.01329556
-0.01276386
-0.0153156
-0.01734685
-0.01912635
-0.02160677
-0.02384272
-0.02542508
-0.02634676
-0.02740941
-0.02589157
-0.02310597
-0.02122867
-0.01793575
-0.01457402
-0.0117308
-0.008776042
-0.005736679
-0.002512056
0.0008605677
0.003670433
0.004735647
0.006113906
0.007327374
0.007241086
0.007290342
0.005280929
0.002568166
0.001759502
0.003170637
0.007631639
0.01159133
0.01654453
0.018945
0.01824385
0.01584701
0.01313121
0.01126058
0.01002753
0.01151612
0.0155371
0.01679336
0.01828448
0.019608
0.01724557
0.01563726
0.01437379
0.01271281
0.01147062
0.01018215
0.009206482
0.01058118
0.01173011
0.01264299
0.01389264
0.01100233
0.008034325
0.007087248
0.004834801
0.003026079
0.001983474
0.0008846318
0.000643978
0.0003441609
0.001007859
0.002213471
-3.165256e-05
-0.003933458
-0.004619885
-0.006124061
-0.006918628
-0.006153334
-0.00768654
-0.01105462
-0.01323644
-0.01639069
-0.01995631
-0.02295853
-0.02592321
-0.02797403
-0.02966767
-0.02875992
-0.02783352
-0.02760052
-0.02681838
-0.02602165
-0.02522307
-0.02451757
-0.02608786
-0.02863938
-0.03008077
-0.03213932
-0.03134142
-0.0270273
-0.02333106
-0.01719833
-0.01206871
-0.008391821
-0.003930791
9.817945e-06
0.00319899
0.005435362
0.007871449
0.01028785
0.01227774
0.01435624
0.01590426
0.01583753
0.01617294
0.01699726
0.01853018
0.02025319
0.02240372
0.02441265
0.02619294
0.02784097
0.02823098
0.02876151
0.03122662
0.03512901
0.03632993
0.03694656
0.03829442
0.03779557
0.03743147
0.03727555
0.03666691
0.03587554
0.03430568
0.03276638
0.03091597
0.02896026
0.02743858
0.02585382
0.02396632
0.02204275
0.02074374
0.02033334
0.01844329
0.01456965
0.01171527
0.008798237
0.005460814
0.005250354
0.007114269
0.007431996
0.00865808
0.008742068
0.005644731
0.003570765
0.0005627452
-0.003379276
-0.006696892
-0.01021917
-0.01372254
-0.01704262
-0.02040184
-0.02354452
-0.02668794
-0.02897563
-0.0290611
-0.02568296
-0.02254332
-0.02224876
-0.0208092
-0.02115163
-0.02280083
-0.02368155
-0.02568615
-0.02775452
-0.02854271
-0.02578136
-0.02361344
-0.02195687
-0.01944728
-0.01714653
-0.01716529
-0.01994718
-0.02137475
-0.02322936
-0.02565252
-0.02727685
-0.02494926
-0.02174311
-0.01946734
-0.01545847
-0.01156559
-0.01131664
-0.01414012
-0.01489411
-0.01658956
-0.01834714
-0.01930884
-0.01684301
-0.01265808
-0.009937813
-0.006333316
-0.002855588
-0.003903059
-0.005819922
-0.006309069
-0.007121837
-0.007661989
-0.005712441
-0.003141693
-0.001384166
0.001015184
0.003403475
0.005163076
0.004525182
0.002785254
0.00240056
0.001373123
0.0004459445
0.0003475779
0.002824136
0.005082859
0.006261348
0.007696802
0.009649827
0.01189119
0.01352773
0.01225238
0.01129717
0.01029815
0.008278222
0.007846342
0.008267998
0.007884743
0.00768252
0.007500831
0.007245243
0.007189511
0.00715036
0.006356498
0.004891404
0.003878919
0.003239852
0.00357967
0.003650392
0.003461411
0.003307234
0.003255133
0.003357923
0.003424804
0.003234656
0.002141409
0.00194285
0.002381502
0.002250618
0.00271855
0.002203898
4.547724e-05
-0.001265917
-0.002207225
-0.002142913
0.0002208942
0.001920634
0.00266337
0.004080196
0.004914558
0.005240262
0.005859364
0.004916594
0.002878214
0.002647881
0.003008231
0.003627843
0.00679277
0.009277371
0.01065722
0.01235888
0.01428241
0.01622711
0.01795004
0.01915004
0.02003073
0.01896688
0.01795966
0.01612751
0.01356918
0.01205468
0.01045055
0.008702748
0.007605936
0.006550478
0.005836566
0.006178525
0.007855292
0.008910234
0.01004678
0.01135866
0.01192716
0.01271864
0.01400144
0.01399543
0.01263822
0.01066348
0.006814804
0.004905937
0.002693267
0.0002599902
0.0033786
0.00849154
0.01009227
0.0131688
0.01528942
0.01351872
0.01251776
0.0100449
0.006682394
0.004448593
0.00690302
0.008193027
0.007769248
0.006954434
0.004667939
0.002926731
0.001285138
-0.0006367464
-0.002679912
-0.005158424
-0.007467031
-0.009718626
-0.01125147
-0.01152714
-0.0122614
-0.01213313
-0.01172036
-0.01240606
-0.01342458
-0.0140388
-0.01496366
-0.01411075
-0.01123713
-0.009597555
-0.00748083
-0.005853631
-0.005175811
-0.007220346
-0.009637489
-0.01088928
-0.01250127
-0.01321466
-0.01269775
-0.0112056
-0.008396657
-0.007700013
-0.007513494
-0.007801278
-0.009083403
-0.01007681
-0.00967139
-0.00861786
-0.007840785
-0.006552743
-0.004074197
-0.0009823862
0.0002402426
0.001215235
0.0008681713
0.0006989239
0.00195693
0.002924887
0.004131845
0.005049866
0.006029483
0.007923617
0.009785545
0.01039266
0.01082466
0.01001297
0.008779394
0.008328953
0.008349804
0.009316101
0.009576232
0.009733666
0.009146192
0.00841689
0.008967985
0.008174354
0.005707516
0.00423383
0.002626165
0.0006805026
-0.0008857629
-0.001119253
0.0005157351
0.001147069
0.001773655
0.002730197
0.002101827
0.001454079
0.000256745
-0.001571136
-0.003318788
-0.005599914
-0.00758907
-0.006812344
-0.004883936
-0.003936277
-0.002180613
-0.002186856
-0.004471145
-0.005645132
-0.007852846
-0.0103283
-0.01244651
-0.0147593
-0.01538395
-0.01361172
-0.01315619
-0.01250133
-0.01193932
-0.01254357
-0.01217331
-0.009972832
-0.008588731
-0.007788166
-0.007392955
-0.008732655
-0.009863434
-0.01194867
-0.01424817
-0.01676882
-0.01943448
-0.02170545
-0.02351481
-0.0218049
-0.02030786
-0.01986305
-0.01875432
-0.01786875
-0.01731588
-0.01593161
-0.01374549
-0.0104057
-0.006375006
-0.002563647
0.001864505
0.005271882
0.007153293
0.0089616
0.009168571
0.005914101
0.002411212
-0.0001903115
-0.003383328
-0.005362968
-0.006931812
-0.006632437
-0.005794829
-0.00433664
-0.002975236
-0.002702895
-0.002133152
-0.002421879
-0.003242535
-0.003870934
-0.004691325
-0.004169629
-0.002665311
-0.002395168
-0.00194468
-0.001511913
-0.001851243
-0.001576809
0.001271931
0.003970611
0.005818832
0.008041448
0.008882641
0.009491094
0.007879138
0.005763443
0.004609185
0.003147099
0.00162399
0.001335082
0.00128224
0.003574518
0.00575263
0.005946776
0.006940409
0.007605614
0.00706528
0.006944512
0.0066394
0.006256308
0.006119208
0.005982806
0.006120554
0.007648462
0.009510413
0.009620012
0.006656349
0.00454419
0.002310298
-0.0006644976
-0.002708563
-0.004618889
-0.0061513
-0.007291779
-0.008488388
-0.009278828
-0.008947602
-0.007370479
-0.005021815
-0.003068609
-0.0006659761
0.002014715
0.004093583
0.005298691
0.00615444
0.006127185
0.006684293
0.007468303
0.00759824
0.007360933
0.005481758
0.003479457
0.001618623
-0.0004222209
-0.001922205
-0.003271132
-0.003772642
-0.003306547
-0.002758171
-0.001111207
0.0002717281
-0.000225947
-0.001124111
-0.00246009
-0.003386613
-0.003352135
-0.002727583
-0.002231869
-0.001705342
-0.0009468426
2.639268e-05
0.000888415
0.0002320711
-7.22504e-05
-0.0003435808
-0.0007852173
0.0006243518
0.006367259
0.01112955
0.0105709
0.01319181
0.01402261
0.0135904
0.01401989
0.01390277
0.01315581
0.01264009
0.0120219
0.01119858
0.009789023
0.008071005
0.005762475
0.004672751
0.005864664
0.006403911
0.006850366
0.007108748
0.005997155
0.004425136
0.001019941
0.0004846332
-0.0004685985
-0.001898426
-0.002065862
-0.001914358
-0.001459459
-0.0001485568
0.0009427897
0.0009261582
0.001070535
0.0009066517
0.0003395383
-9.489097e-05
-0.0001519595
1.797356e-06
-0.0004813766
-0.0007566872
-0.0005516859
-9.820425e-05
0.000488682
0.001512588
0.0009265815
-0.0006481033
-0.0013131
-0.00244282
-0.004113846
-0.005767629
-0.007379406
-0.009285048
-0.01128163
-0.01319567
-0.01443005
-0.0143721
-0.0133582
-0.01382557
-0.01411367
-0.01435334
-0.01406161
-0.01214895
-0.01109551
-0.01035202
-0.009807748
-0.008208812
-0.007081069
-0.006072822
-0.004138059
-0.0009146857
0.001401087
0.003419689
0.004323683
0.004882544
0.004845258
0.004829127
0.005558849
0.006317482
0.007717672
0.009127925
0.01015809
0.01124176
0.0115832
0.01123954
0.01132596
0.01067892
0.009459873
0.009757956
0.01033836
0.009958128
0.007841993
0.005057213
0.002738706
-0.0001021669
-0.002520886
-0.001269317
-0.0006564059
-2.498174e-05
0.001119766
0.001508492
0.002124757
0.002810278
0.00436465
0.005519624
0.00644389
0.007165637
0.006258127
0.004745315
0.003539138
0.002799236
0.002978988
0.003021201
0.003237578
0.00374674
0.004498659
0.005106309
0.00431933
0.003363376
0.003215885
0.003051974
0.002916688
0.002602815
0.001758112
0.0009986705
-4.014705e-05
-0.001148607
-0.002183357
-0.002785643
-0.002911303
-0.004258891
-0.005850829
-0.007763984
-0.01120458
-0.01287051
-0.01280831
-0.01047048
-0.007980982
-0.00529392
-0.002414933
-0.001857026
-0.002450483
-0.004631709
-0.004866397
-0.004778498
-0.00356716
-0.002173025
-0.0008268068
0.001704219
0.002794243
0.003317978
0.003601902
0.001312179
-0.001533843
-0.001790446
-0.003081662
-0.003418944
-0.002427469
-0.001518859
0.0004003488
0.002087529
0.003791155
0.00559504
0.00662149
0.007600124
0.008767851
0.009685768
0.01037741
0.01114336
0.01191247
0.01233026
0.01218685
0.01080177
0.008291182
0.006010197
0.003457486
0.002218767
0.002129922
0.00178343
0.002084979
0.001275887
-0.001628859
-0.003648984
-0.005060488
-0.006785469
-0.008301582
-0.009139773
-0.01006187
-0.009633825
-0.008479379
-0.008164643
-0.007419629
-0.007777482
-0.009661325
-0.009744558
-0.008509297
-0.008101846
-0.007001776
-0.005584989
-0.00481433
-0.00425957
-0.003452476
-0.003334091
-0.003841611
-0.003807257
-0.004002264
-0.004237854
-0.00352749
-0.002664265
-0.002069033
-0.001413892
-0.001410925
-0.002131597
-9.1905e-05
0.0003886708
-0.002164139
-0.003237132
-0.004670789
-0.006910797
-0.007409586
-0.006518172
-0.005471592
-0.004704664
-0.004256456
-0.004682679
-0.004755588
-0.005132626
-0.003080208
-0.0006839991
-0.0007419885
0.0002889085
0.001019686
0.0008971399
0.001333527
0.001799345
0.002052639
0.001831705
0.0004929854
-0.0005150281
-0.0007269994
0.000276442
0.0008689938
0.002140203
0.003526688
0.003705801
0.004120261
0.004695092
0.005183336
0.00460899
0.002553446
0.001464031
0.0001563086
-0.001339758
-0.0009906634
-0.000274536
-0.0001107363
0.0005611827
0.001795044
0.003215714
0.003676078
0.004599898
0.004853668
0.004378454
0.004371849
0.004009591
0.003359924
0.00396121
0.004581158
0.005383398
0.008356065
0.009801752
0.01102677
0.01224402
0.01179586
0.01108937
0.01005996
0.008660759
0.009848982
0.0111073
0.01186745
0.01373576
0.01411748
0.01228759
0.009940934
0.008280444
0.005912375
0.004224547
0.003770241
0.003414348
0.004298138
0.005060469
0.003825665
0.003439215
0.003077465
0.002213096
0.00170222
0.001531559
0.00119643
0.0008961067
0.0006784318
0.0003947113
-0.0001528043
-0.0005449067
0.0008408655
0.001505343
0.001826321
0.001799381
0.001592869
0.001489579
0.001130293
0.0001410431
0.0001419925
0.0006395306
0.0004663779
-0.0002125964
-0.0007340162
-0.00107301
-0.001394637
-0.001729668
-0.001953936
-0.002129905
-0.003665801
-0.005165762
-0.006850053
-0.008891694
-0.0103145
-0.01144527
-0.01204576
-0.01158596
-0.008891312
-0.006850489
-0.005114282
-0.003370704
-0.003346863
-0.005214341
-0.005992704
-0.007272801
-0.008578321
-0.008724517
-0.009049449
-0.008420709
-0.007211817
-0.005881366
-0.00414567
-0.002720294
-0.00146676
-0.0004634156
-0.0001630486
-0.0002650541
-0.0008799364
-0.0009232214
-0.001221366
-0.001179423
-0.0005335159
-0.000221809
5.341308e-05
-0.0005844818
-0.001501251
-0.00181576
-0.002386439
-0.00304847
-0.003439894
-0.003645857
-0.0035739
-0.003100739
-0.001904585
-3.799614e-05
0.0001490801
-0.0005236141
-0.0007196863
-0.001304141
-0.002977991
-0.004543286
-0.005977671
-0.008032184
-0.008939421
-0.00766815
-0.006792806
-0.005648836
-0.005234985
-0.004635836
-0.003777507
-0.003140001
-0.001852383
0.0009708624
0.0008965585
0.001191221
0.002588609
0.00382011
0.00494151
0.006054752
0.007199476
0.008636863
0.01081641
0.01163376
0.01026363
0.009818656
0.009043763
0.007911232
0.007499539
0.006947367
0.006234219
0.005197602
0.004152982
0.003427552
0.004286094
0.004866169
0.005253294
0.005770658
0.005537986
0.005457075
0.005476665
0.005189032
0.00352434
0.00180087
0.0004710833
-0.0005210436
-0.0007433673
-0.0003394508
-0.0006922053
-0.0014823
-0.00248423
-0.004329951
-0.005203295
-0.003482359
-0.002342539
-0.001374427
0.0003155536
0.001716858
0.002148256
0.002294066
0.002751595
0.002688688
0.002139755
0.001820335
0.001392926
3.629861e-05
-0.001896143
-0.003262591
-0.004738014
-0.005875128
-0.00639259
-0.006105835
-0.006128688
-0.006036783
-0.005586206
-0.00520189
-0.006448375
-0.007363365
-0.006708248
-0.006209351
-0.005996981
-0.00544281
-0.00588658
-0.006486863
-0.006796493
-0.00723846
-0.007279789
-0.007207925
-0.006278894
-0.005366312
-0.005617842
-0.006334136
-0.006629776
-0.007617436
-0.008552245
-0.008016259
-0.007551545
-0.007140254
-0.003984174
-0.0006321027
-0.0002661893
0.0009073082
0.002119996
0.002433302
0.002096672
0.001860781
0.001656841
0.001243231
0.001017347
0.001679978
0.002062137
0.001114014
0.0005189123
3.005762e-05
-0.0008881511
-0.000917605
-0.0003587543
-0.0002713035
-0.001352309
-0.004358118
-0.00505164
-0.005823433
-0.006677597
-0.007073409
-0.006601933
-0.005493562
-0.004801512
-0.003822171
-0.002737329
-0.001738505
-0.0005963175
-0.001385666
-0.002371251
-0.002621268
-0.001952832
-0.0002720652
0.0009840905
0.003495457
0.007184029
0.008191687
0.005735474
0.004415659
0.002498167
0.001319127
0.002997217
0.003934516
0.004426161
0.00402851
0.002864062
0.002509373
0.001676084
0.001080793
0.001575096
0.001752807
0.001868323
0.002141226
0.001924336
0.001786492
0.001843305
0.001812492
0.001877538
0.002410655
0.003683912
0.003161571
0.002684105
0.002791942
0.003074802
0.003952783
0.004593432
0.005445301
0.006459977
0.007269926
0.00811848
0.00893366
0.008807478
0.007660243
0.006897131
0.005695548
0.004237049
0.002922305
0.001498456
0.0001318673
-0.0003111033
-0.0003614247
-0.0007300921
-0.0005629182
-0.0003655605
-0.0003043638
-8.948573e-05
0.0001070169
0.000270609
0.0004181187
0.0001822362
-8.449862e-05
-0.0002587405
-0.0005425879
-0.0006354437
-0.0003704575
-0.000796425
-0.002218767
-0.002927187
-0.001831465
-0.001144185
-0.0006796646
-0.0001264845
0.0001513997
0.0004965882
0.0008025724
0.001070639
0.001440275
0.001938211
0.002491944
0.003135508
0.003373001
0.002139524
0.001158398
0.0003182166
-0.0002948353
-0.0001287841
-0.0003184359
-0.000483573
-0.001194219
-0.001877551
-0.001786178
-0.001825185
-0.001776759
-0.001215342
-0.000902274
-0.001086929
-0.001204424
-0.001491157
-0.002242784
-0.002811275
-0.003296881
-0.003673284
-0.003883022
-0.003366249
-0.002929055
-0.002507535
-0.001841429
-0.001342683
-0.001484113
-0.001624495
-0.001567353
-0.0007149861
0.0006116594
0.001636461
0.003109289
0.004571406
0.005521597
0.006539489
0.007570415
0.007773394
0.007836038
0.008135827
0.008187266
0.008144202
0.008156235
0.007503417
0.006369704
0.005536289
0.00439582
0.003201358
0.002425853
0.002023998
0.001392871
0.000556267
-0.0003333485
-0.001198575
-0.002838968
-0.004981943
-0.005138584
-0.003321241
-0.002585677
-0.001314925
0.0002829934
0.0003895202
3.669046e-05
0.0003857692
0.0007820888
0.0010096
0.001370683
0.001242518
-0.0003223792
-0.001393501
-0.001327306
-0.001554559
-0.001891832
-0.00188218
-0.001996667
-0.00255352
-0.003232464
-0.003643214
-0.003668892
-0.003376563
-0.002425461
-0.001981099
-0.00147723
-0.001564176
-0.002652873
-0.003205616
-0.003958601
-0.0042
-0.003327223
-0.002937669
-0.002055969
-0.0004393145
0.0007480053
0.001005672
0.0006752019
0.0003325382
-0.001100979
-0.002357513
-0.003513528
-0.004868674
-0.006149553
-0.006738905
-0.00613889
-0.005937073
-0.005633556
-0.005117854
-0.005186225
-0.005215835
-0.005127222
-0.005057634
-0.003875429
-0.00259205
-0.001664417
-0.001199325
-0.0009518845
-0.0005448086
-0.0003104057
0.0001115913
0.0008712317
0.001470177
0.001963186
0.001471139
0.001021744
0.000378992
-0.0009420962
-0.001956246
-0.002919805
-0.003929557
-0.004779798
-0.003834048
-0.002084444
-0.001043851
6.419105e-05
0.0006545481
0.00133215
0.001768176
0.001478891
0.003175004
0.004532556
0.005686989
0.007193111
0.007102153
0.006872868
0.006925656
0.005640165
0.004817581
0.004235536
0.00325079
0.002450761
0.001754168
0.0005439802
-0.001084387
-0.00289019
-0.006442849
-0.007170725
-0.00529225
-0.002568384
-0.001774194
-9.132989e-05
0.001255191
0.001494869
0.002285195
0.003006568
0.003130243
0.001750685
-0.0002882211
-0.001971271
-0.001166756
-0.0009268765
-0.001297346
-0.0008080681
0.0006268998
0.00159776
0.002030528
0.0008358945
-0.0002565537
-0.0005692091
-0.0006829556
0.000260534
0.001319929
0.003364943
0.005554969
0.007676978
0.008711233
0.009099648
0.008924481
0.007923344
0.007144704
0.005995967
0.004874523
0.004611963
0.004460602
0.003967185
0.002920642
0.001938117
0.001019353
1.814652e-05
-0.0002034811
-0.0005154065
-0.001376904
-0.002042279
-0.002900058
-0.002414556
0.0001181151
0.0007462569
0.001042493
0.001149689
-0.000362959
-0.0009659961
-0.001451364
-0.001054005
-0.001951989
-0.003071943
-0.002096292
1.346087e-05
-0.0002666857
-0.001396819
-0.001475534
-0.002577845
-0.003812657
-0.003463696
-0.001707703
-0.001174536
-0.0005100452
1.19213e-05
0.0003499219
0.0007055025
0.0008274454
0.0009753681
0.001291664
0.001576987
0.002236575
0.003489227
0.004416181
0.005017413
0.005780913
0.006690748
0.007908326
0.008449595
0.007846547
0.007731681
0.00728971
0.004349246
0.001716361
0.002469165
0.00198804
0.0003831604
-0.0003247591
-0.001069808
-0.001796428
-0.00167594
-0.001770084
-0.001884895
-0.002068827
-0.003254841
-0.00390772
-0.004060173
-0.004100932
-0.004078686
-0.003630383
-0.003260242
-0.002291126
-0.0005019377
0.001476783
0.003530255
0.003151262
0.001076506
5.640382e-05
-0.00150877
-0.002662221
-0.003603634
-0.004621589
-0.005447463
-0.00593499
-0.006048205
-0.006053528
-0.005622518
-0.0051459
-0.004304387
-0.003540985
-0.003089158
-0.002530758
-0.002041292
-0.002271992
-0.001341223
0.00024423
0.0009878108
0.00173378
0.001009867
0.0003276653
-0.00026446
-0.001474754
-0.002723286
-0.003540461
-0.003470607
-0.003753189
-0.002945107
-0.001723629
-0.001991106
-0.001803019
-0.001419866
-0.001653788
-0.001854159
-0.0009644994
-0.000287809
0.0001540212
0.0002247779
4.930107e-05
-8.574531e-05
-0.0006719199
-0.001224044
-0.001833829
-0.002535589
-0.003214249
-0.004106536
-0.004928105
-0.004433869
-0.003423024
-0.002910805
-0.00200801
-0.001004539
-0.0001357682
4.54913e-05
-0.001651419
-0.002694156
-0.001626236
-0.0005427838
9.550404e-05
0.0008977784
0.0009887542
0.001119084
0.001084852
0.000970277
0.0009015651
0.00080606
0.000899109
0.001436923
0.001048333
0.0006693546
0.001739156
0.002274155
0.002783392
0.004284038
0.005610241
0.00528939
0.005089299
0.004495001
0.00292472
0.001680735
-0.0005622151
-0.0006466194
0.0003801331
0.0002541009
0.0008447357
0.001468007
0.0008956362
0.0005214199
8.348035e-05
-0.002483124
-0.00406501
-0.003766854
-0.002777977
-0.002010517
-0.0009727063
-5.149948e-05
0.0007061694
0.0007978613
4.071763e-05
-0.0002387608
-0.0006345804
0.0001480983
0.001703887
0.0027277
0.004140038
0.005039129
0.00514728
0.005533753
0.00503785
0.004506499
0.004177831
0.003666777
0.003205536
0.002779234
0.002308614
0.001719076
0.001124682
0.0005545928
4.27848e-06
-0.0004668254
-0.0009654238
-0.001449624
-0.001851638
-0.002172689
-0.001347031
3.189695e-05
0.0009434584
0.002074067
0.002311672
0.002348142
0.002662996
0.002702818
0.00274036
0.002860403
0.002924738
0.002820328
0.00260838
0.002562073
0.002556818
0.002501228
0.002835144
0.003326188
0.003599141
0.004029358
0.003529605
0.001519668
0.001719177
0.003050306
0.003181843
0.003773276
0.004075779
0.004176702
0.003957201
0.003321347
0.002908068
0.002312925
0.001213611
0.0005728277
-2.634032e-05
-0.0005873372
-0.00104728
-0.001539205
-0.001903577
-0.002389603
-0.003888253
-0.005200082
-0.006377694
-0.007075174
-0.004812016
-0.003046091
-0.00216022
-0.0005045751
0.0002484618
0.0005435282
0.001237392
0.001457954
0.001457113
0.00167741
0.001762865
0.001503255
0.0005441354
-0.0008674345
-0.001179321
-0.00147019
-0.001782437
-0.001617549
-0.001597488
-0.001573277
-0.001805134
-0.003940708
-0.004638086
-0.005206337
-0.005650693
-0.005026132
-0.004829208
-0.004280966
-0.003286972
-0.00264741
-0.00277886
-0.003223803
-0.003414003
-0.004090772
-0.004921806
-0.005563683
-0.005470617
-0.004517619
-0.004067634
-0.002340795
-0.0002662675
-0.001218078
-0.0001190265
0.001321451
0.0005658463
-0.0002817641
-0.0004349898
-0.0009604658
-0.001402477
-0.001785869
-0.002175427
-0.001662597
-0.001098647
-0.0007728311
-0.0001951152
0.0003060645
0.0006582247
0.0009000815
0.0009327069
0.002000619
0.003140868
0.002985366
0.003457571
0.003592601
0.002335435
0.001453489
-4.455643e-05
-0.002425816
-0.003833463
-0.003978852
-0.003350925
-0.002406192
-0.001421638
-0.0006525917
-1.435524e-05
0.000476103
-0.0002414424
-0.001179104
-0.002071082
-0.003655309
-0.004821982
-0.003778495
-0.002480364
-0.001440496
0.0008405723
0.002862236
0.003162415
0.001697866
0.001012614
-0.0005434803
-0.001747895
-0.002656931
-0.002861946
-0.001398702
0.000580433
0.002112272
0.002630857
0.002858022
0.001714261
-0.0002102592
-0.002474115
-0.003587211
-0.004618611
-0.004896248
-0.00325629
-0.0009383189
0.002291408
0.003475602
0.004171529
0.004826115
0.001901722
0.0007230331
0.0004180337
-0.000528066
0.00209272
0.005172886
0.007317942
0.009950189
0.01052696
0.008933988
0.006101196
0.004123922
0.004372338
0.005022063
0.005538356
0.004382156
0.001082729
-0.003613229
-0.009109055
-0.01233296
-0.009976764
-0.005526239
0.000739942
0.006524534
0.008538835
0.008533658
0.004470577
-0.001390033
-0.005528992
-0.004751406
-0.00239954
0.001242767
0.004517607
0.006104166
0.006929135
0.003260729
-0.0005556292
-0.002604379
-0.002751402
0.0005982035
0.001438893
0.003091701
0.004124295
0.003383668
0.002279309
0.0005861174
-0.001804159
-0.004166562
-0.005898451
-0.006927433
-0.00627318
-0.004491813
-0.002386831
-0.001463602
-0.000827532
-0.001252986
-0.003058563
-0.003698555
-0.004147899
-0.00394481
-0.002176747
-0.001236417
0.0003450595
0.002047869
0.002636136
0.002713131
-0.0005611772
-0.00398888
-0.006498427
-0.008895423
-0.01012911
-0.007063496
-0.003476677
0.00100813
0.005101621
0.006125791
0.004190952
0.002711963
0.000327858
-0.002013854
-0.003328086
-0.003615289
-0.001380723
0.002571441
0.004463302
0.003347895
0.000504541
-0.003410341
-0.007132794
-0.008049292
-0.007511424
-0.006877967
-0.005355772
-0.003784212
-0.002102691
0.0001334501
0.001273049
0.00206529
0.002888848
0.003367455
0.004129807
0.005052132
0.005308609
0.005194115
0.005110572
0.004956592
0.004346196
0.00394923
0.003378349
0.002806889
0.002395348
0.001733003
-0.0007194134
-0.001865098
-0.002129662
-0.00188029
0.0001749672
0.001772981
0.002524675
0.00350898
0.003573857
0.001396765
-0.001206347
-0.004245318
-0.00446971
-0.002325766
0.000167557
0.002105166
0.002553674
0.002164691
0.002714418
0.002988373
0.00270305
0.001924094
3.378063e-05
-0.000947073
0.0003598186
0.003409176
0.004758627
0.005583127
0.006524983
0.005883609
0.004835452
0.003632065
0.001815986
0.001678083
0.003529295
0.00378295
0.003550886
0.002064013
-0.0004021037
-0.003015867
-0.005427618
-0.00659759
-0.005653155
-0.003136359
-0.001357053
0.001372743
0.003666659
0.004586065
0.005494678
0.004436347
0.002510563
0.00156246
-0.0005314511
-0.003019877
-0.00508436
-0.006649677
-0.007986688
-0.008836465
-0.00777535
-0.006033187
-0.004343258
-0.002998928
-0.002630365
-0.002412921
-0.002587898
-0.00281063
-0.003250305
-0.004051621
-0.00368853
-0.002473039
-0.002054183
-0.001154424
0.0003230799
0.001385833
0.00233577
0.003759974
0.004056421
0.001173548
-0.001457998
-0.003502584
-0.004708284
-0.003580834
-0.002265543
-0.001344807
0.0001172398
0.001266466
0.001786228
0.001390791
-0.0002397522
-0.00199853
-0.002373461
-0.002423592
-0.002045523
-0.001484711
-0.0009978478
-0.0007979585
-0.002709869
-0.004090458
-0.004975882
-0.006664139
-0.007790531
-0.008360465
-0.008925988
-0.009108946
-0.008457595
-0.007409491
-0.006145283
-0.004953432
-0.003754204
-0.002648874
-0.001471685
-7.726063e-06
0.001335997
0.002364465
0.002959286
0.002788537
0.001283234
0.0008917344
0.001652179
0.002218865
0.002493328
0.003000632
0.003432242
0.00363877
0.002468712
0.0005581037
-0.0005229565
-0.001290614
-0.0007850974
0.001351801
0.002376985
0.002914996
0.003714278
0.00477687
0.005510303
0.0059255
0.005494408
0.004754038
0.004503086
0.004514523
0.004610969
0.005039424
0.00544457
0.005076127
0.004367669
0.004271463
0.004505463
0.005192297
0.006083661
0.006690845
0.00688175
0.005402529
0.003811973
0.002458715
0.001062868
0.0004722932
-7.538678e-05
-0.0003274833
0.0002122588
0.002039019
0.003991843
0.005240585
0.005544883
0.004503653
0.002117781
0.0007676814
-0.0007029299
-0.002098549
-0.002485745
-0.002836465
-0.002909502
-0.002256675
-0.001531501
-0.0009632853
-0.0007355401
0.0004040609
0.002287333
0.003496638
0.004686885
0.003783793
0.001729112
0.002070705
0.001966262
0.002259129
0.002883066
0.002904914
0.002631452
0.001779477
-0.0001480835
-0.002704834
-0.004534198
-0.005320834
-0.005534397
-0.005445733
-0.005050082
-0.004482714
-0.004042778
-0.004162589
-0.003950312
-0.003106958
-0.002161621
-0.001724909
-0.001260336
-0.0009121313
-0.0006803853
-0.0008950241
-0.001231692
-0.001298856
-0.0004876346
-0.0004011481
-0.001849303
-0.003868095
-0.004229573
-0.004109824
-0.003725611
-0.003390236
-0.002744889
-0.002230123
-0.002191675
-0.002176891
-0.002416496
-0.001705889
-0.001133117
-0.0007965647
6.164679e-05
0.000316325
0.000258839
0.000765515
0.001226138
0.001856848
0.002634228
0.002466654
0.002524607
0.002260225
0.001348868
0.0008022165
-0.0005065324
-0.001675428
-0.002016343
-0.002298229
-0.001125906
0.0002341967
0.0008266252
0.001875296
0.002707558
0.002572318
0.001970619
0.0008253893
-0.0001556089
-4.829249e-05
0.0003635294
0.000200431
0.0001634268
0.0006154861
0.0006327059
0.0005252715
0.0005026961
0.0001808259
0.0004832356
0.001291329
0.002446274
0.003792867
0.004705806
0.005210992
0.00419906
0.002556407
0.00204231
0.0008072467
1.050518e-05
-4.395517e-06
0.001464294
0.002612918
0.003268861
0.003789215
0.004050079
0.004162754
0.004073719
0.004121005
0.004130868
0.004052981
0.004158337
0.004381232
0.00390227
0.002958175
0.002159559
0.003129841
0.003729871
0.003637172
0.004114455
0.003605752
0.002271149
0.001276224
0.000304365
-0.0005889704
-0.0008079069
-2.740473e-05
0.0008070159
0.001548201
0.002856874
0.003065249
0.003239021
0.002922892
0.001264461
4.415416e-05
-0.0009832878
-0.001763078
-0.0007530653
-0.0004902179
-0.0008938193
-0.000858292
-0.001257951
-0.0007227075
0.001161848
0.002443567
0.002916254
0.002407916
0.001023716
-0.001111017
-0.003365927
-0.005375952
-0.004681384
-0.002441958
-0.0004589354
0.001667635
0.002866768
0.003497433
0.003335077
0.001673075
0.0001084046
-0.001593016
-0.003356075
-0.004291316
-0.003784363
-0.002525377
-0.001275344
0.0004469365
0.002316733
0.003275408
0.003374344
0.003156987
0.003107336
0.002831679
0.002762337
0.003626862
0.00407562
0.004093937
0.002607789
0.0008558246
-0.000507733
-0.002356822
-0.004170737
-0.005056766
-0.005516128
-0.006609737
-0.007530466
-0.007892011
-0.007622817
-0.007538358
-0.006888573
-0.005768142
-0.005373686
-0.004783754
-0.003473077
-0.002350699
-0.0009316891
0.0003441744
0.0002372524
-4.79219e-05
-0.0004878206
-0.0003686036
0.00119587
0.00239416
0.001965395
0.002134326
0.0004952214
-0.001654164
-0.001881818
-0.002576908
-0.001474214
0.0001491683
0.0007739022
0.001547767
0.00130312
0.0003779034
-0.001191708
-0.001854232
-0.002390753
-0.002725503
-0.0006924879
0.001190253
0.001915121
0.003179938
0.003482189
0.003319851
0.003077523
0.002275418
0.001586031
0.0009468364
-0.0002654243
-0.001245961
-0.001630849
-0.002153347
-0.002459361
-0.002364662
-0.002434665
-0.002359014
-0.00209619
-0.001090375
0.0003137012
0.001371223
0.00293475
0.004496291
0.004539985
0.004443135
0.003597268
0.001804943
-0.0001968014
-0.001875705
-0.002767808
-0.00216464
-0.001385438
0.000380439
0.001699653
0.002578232
0.003274725
0.002506355
7.578263e-05
-0.003473971
-0.005077811
-0.007519536
-0.009773168
-0.01024876
-0.008482677
-0.004700412
-0.001668481
0.00076883
0.003530515
0.005444631
0.006676598
0.007654592
0.003813371
9.747194e-05
-0.002874446
-0.003498539
-0.0025558
-0.0006086563
0.0006612699
0.002263982
0.002479584
0.001394222
-0.0008959372
-0.004038176
-0.005793661
-0.006584192
-0.004712234
-0.003960286
-0.004400483
-0.004829303
-0.004578769
-0.003113921
-0.002540291
-0.001890957
-0.001264122
-0.001191653
-0.001144082
-0.001378785
-0.001454392
-0.001240526
-0.0005986453
0.0001256839
0.0002059538
-0.0004451899
-0.001151243
-0.002199436
-0.003187534
-0.003524542
-0.002986289
-0.001682347
-0.0008635151
-0.0001466442
0.0001105032
-0.001249754
-0.002364979
-0.002527621
-0.002480296
-0.002088866
-0.002361338
-0.002996185
-0.00333304
-0.003575012
-0.003312797
-0.001985408
-0.0009656025
0.0001043044
0.000996537
0.001093104
0.001194561
0.001271471
0.001508879
0.002730422
0.0033924
0.003523554
0.004122222
0.004301381
0.00392107
0.0034406
0.002827051
0.001351011
0.0003448299
-5.181896e-05
-0.0009419725
-0.001739872
-0.002005348
-0.001452818
-0.001271432
-0.0005641156
8.061458e-05
0.0002264287
-9.606227e-05
-0.0008306411
-0.002959196
-0.00427081
-0.004787019
-0.005665487
-0.005586529
-0.004380958
-0.004109761
-0.003692196
-0.002929725
-0.002735329
-0.003371483
-0.003605044
-0.003611988
-0.003106427
-0.002370263
-0.001833152
-0.0004647631
0.00127673
0.001800656
0.001595605
0.00160195
0.001148619
0.0004937215
0.0001843992
1.870006e-05
3.557358e-05
0.0003098019
0.0004354279
0.0006610383
0.000841115
2.514653e-05
-0.0008258894
-0.001342364
-0.001374584
-0.001039926
-8.569646e-05
0.001608868
0.003048041
0.004556552
0.005257727
0.005183258
0.004288264
0.002492059
0.001504686
-0.0002215088
-0.001274387
-0.001384398
-0.001049157
-0.0004491353
0.0005389336
0.000359182
0.0004764199
0.0009568363
0.00137625
0.001758606
0.001838472
0.001424933
0.0009353893
0.0008794063
0.0007788855
0.001376619
0.002433556
0.002055101
0.001826134
0.001538408
0.0009615145
0.0006521912
0.0007388917
0.0008393886
0.001480131
0.002593582
0.002816939
0.003273331
0.003657657
0.003841658
0.004080939
0.0041042
0.004089079
0.004138221
0.003794163
0.002596727
0.00170134
0.001327752
0.0006916275
0.0002035658
0.0008767584
0.001156847
0.001047385
0.001165966
0.0006447527
-0.0002786492
-0.001035979
-0.001991488
-0.002958962
-0.003068822
-0.00276933
-0.002776755
-0.002886121
-0.002764844
-0.002763422
-0.002598502
-0.002173803
-0.002096331
-0.002107635
-0.001700293
-0.001459786
-0.001340793
-0.001311643
-0.001118257
-0.0002296853
0.0005203537
0.0008745372
0.001267766
0.001169689
0.001145096
0.002157945
0.002675139
0.002579789
0.001722947
0.001014868
0.0004298242
-0.0002880151
-0.0008646415
-0.001217964
-0.001411014
-0.001559764
-0.0009249557
-0.0008818568
-0.001044368
-8.355715e-05
0.0006268923
0.0009404071
0.001385373
0.001766847
0.002001897
0.001940083
0.00163688
0.002024598
0.001472258
0.0006310115
6.516217e-05
-0.0002575778
-0.0005710197
-0.0009281981
-0.001300958
-0.00202232
-0.002597667
-0.002459403
-0.002507299
-0.00232696
-0.00205672
-0.001977734
-0.002043272
-0.002479047
-0.002826236
-0.00261148
-0.001791797
-0.0006066762
0.0003907779
0.001348022
0.002863774
0.003581989
0.002742815
0.001692431
0.0005511531
-0.0005292112
0.0001434446
0.0004851782
0.0007868108
0.001409904
0.001819845
0.002574629
0.00266416
0.001418271
0.001363307
0.001397685
0.0009320562
0.001177397
0.002803422
0.003662651
0.003289318
0.003263535
0.002341492
0.001434586
0.0009888785
0.0005015199
0.0003715246
0.0003555329
0.000290713
0.0003014615
0.000438787
0.001112352
0.001779916
0.001373735
0.001174409
0.0008665806
0.0001774662
-0.0002988464
-0.0005987304
-0.000357032
0.001456075
0.002204533
0.002605469
0.003198139
0.003010047
0.002243209
0.0008653812
2.044459e-05
0.0002230542
0.0003030519
0.001094105
0.001618451
0.001965967
0.002568763
0.003039102
0.003505512
0.003440941
0.002280605
0.001685483
0.001117377
0.0002497578
-0.0001602613
-0.0006126357
-0.0001959653
0.001466506
0.002217512
0.003016882
0.0029571
0.001799012
0.0003512897
-0.00125023
-0.002917371
-0.003477349
-0.003868176
-0.003298771
-0.001628059
-0.0002687485
0.0006455852
0.001899533
0.002726799
0.002356681
0.001230491
-0.0003186108
-0.001433966
-0.002081191
-0.001559754
-0.0003865264
0.0007092264
0.00203398
0.002228902
0.001391677
0.0005176799
-0.0001959873
-0.001019096
-0.001080829
-0.0002198785
0.0001025777
0.0006177437
0.001313204
0.001951954
0.00260995
0.00320079
0.003541901
0.003202679
0.002666567
0.001708754
0.001067079
0.0006729937
0.0005563484
0.001228877
0.001209433
0.0001392444
-4.983536e-05
-9.77452e-06
-0.0003536021
-0.0005995823
-0.0007696818
-0.001116372
-0.001349905
-0.001284332
-0.0001948485
0.0002781654
0.0007809296
0.002036254
0.002088279
0.001426308
0.001364124
0.0008100076
0.0002817894
0.0003759851
0.000622856
0.0009332554
0.001472383
0.002109
0.002555017
0.00200424
0.001366342
0.0007569946
0.0001021565
-0.0007893182
-0.000755023
-0.0003929674
-0.0002268712
0.0002606791
0.0007651401
0.0002734246
-0.0002582168
-0.0007154029
-0.001766921
-0.002188624
-0.00190915
-0.001972711
-0.001547136
-0.00121863
-0.001183088
-0.001403649
-0.00144239
-0.00129683
-0.001113596
-0.0003755085
0.0005343902
0.0005709432
0.0007018763
0.000532666
-0.0001991813
-0.001123862
-0.001830682
-0.002645538
-0.002995826
-0.003213005
-0.003499698
-0.0032081
-0.002732213
-0.002626433
-0.002512895
-0.002564215
-0.003018716
-0.003628545
-0.004144014
-0.004606979
-0.004803901
-0.00460973
-0.003584209
-0.002296646
-0.0009484673
-0.0002089282
0.0004339563
-9.737667e-05
-0.0007546216
-0.000885912
-0.001039402
-0.001006824
0.0003720706
0.0007561115
0.001174783
0.002119438
0.001172022
-0.0001647394
-0.0008939947
-0.001055655
-0.001480289
-0.001794052
-0.001338746
-0.0007221109
-0.0004903366
-0.0009235809
-0.001187822
-0.001116942
-0.001745849
-0.002694187
-0.003458742
-0.0033369
-0.002749063
-0.002193257
-0.001322018
-0.0009796146
-0.0009366282
-0.0007733734
-0.0009261589
-0.001255403
-0.0009225636
-0.0001421919
0.0005894316
0.001137715
0.001376589
0.001139007
0.0006495767
0.0005875203
-0.0002008503
-0.000995496
-0.001060539
-0.001109119
-0.001262457
-0.0003418385
-7.873377e-05
-0.0005297572
-0.0002596894
-0.0004100402
-0.0008989246
-0.0008379257
-0.001073027
-0.001413779
-0.001570775
-0.001718383
-0.0009730223
0.0004223611
0.001057664
0.0004146236
0.0007454657
0.001030444
0.001095528
0.001322068
0.001524983
0.001726544
0.002099346
0.002881411
0.00355291
0.004067783
0.004585884
0.005008603
0.0051904
0.00525827
0.005220583
0.005053671
0.004634258
0.004481922
0.004558958
0.003766349
0.00289811
0.002632708
0.001631422
0.0004106168
-0.0001998838
-0.0006852659
-0.001509286
-0.002050615
-0.002478487
-0.002944914
-0.002727035
-0.002194022
-0.001320672
-0.0005189845
0.0002302628
0.001053041
0.001817071
0.002632789
0.003444634
0.003702943
0.003743521
0.003508698
0.003108949
0.002765202
0.00250923
0.001813217
0.001145531
0.001583861
0.0008876886
-2.918879e-05
4.204291e-05
-6.710904e-05
-0.00046909
9.842684e-05
-0.0008302631
-0.002231027
-0.002515085
-0.002447375
-0.002255935
-0.002049046
-0.001330823
-0.001202714
-0.001431235
-0.001933798
-0.0021843
-0.001876058
-0.002627987
-0.002869845
-0.002425641
-0.001782047
-0.0006930137
5.552271e-05
0.00113755
0.001663597
0.001301076
0.0002099855
-0.0006814399
-0.00149755
-0.003018194
-0.00251764
-0.001773953
-0.001274796
-0.0003662832
0.0005361097
0.001057618
0.0008980489
-1.885833e-05
-0.0007975812
-0.001088112
-0.001491186
-0.001334665
-0.001170321
-0.001163281
-0.001230782
-0.001838338
-0.001364907
-0.0006068828
-0.001269935
-0.002028158
-0.001637577
-0.002438655
-0.003015771
-0.00214451
-0.002802272
-0.003437287
-0.0021198
-0.002054446
-0.002196349
-0.002184378
-0.002080229
-0.001517463
-0.001096409
-0.0005281449
-0.0001895781
-6.006533e-05
8.039359e-05
0.0004180545
0.0004242479
0.0005389293
0.000836933
0.000813548
0.001099032
0.001802462
0.002205878
0.00225913
0.002044551
0.001463028
0.0009604016
0.0004162013
-0.0002087109
-0.0003957628
-0.0003417254
-0.0007031785
-0.0009348067
-0.001129616
-0.001542878
-0.001943342
-0.002011177
-0.002047018
-0.002118783
-0.002230539
-0.002474392
-0.002223558
-0.001972671
-0.001881633
-0.001543052
-0.001038984
-0.0005453701
-0.0003571562
-0.0004910953
-0.0009965946
-0.0008650648
-0.0004631996
-0.000109347
-0.0001465402
-0.0008407469
-0.001774938
-0.002521963
-0.001973004
-0.00162001
-0.001596115
3.686653e-05
0.0007311109
-0.0002767967
-0.0005405248
-0.0009430395
-0.001624093
-0.002035276
-0.00205079
-0.001585929
-0.00066865
6.501387e-05
0.000795524
0.001415732
0.001931407
0.002299828
0.002066926
0.001521672
0.001640363
0.002421282
0.001078185
0.0007276754
0.001756672
0.001476865
0.001331943
0.001679534
0.001803582
0.002050511
0.002504094
0.002448576
0.002120708
0.001606314
0.0007790694
0.0007632442
0.001120669
0.000851204
0.0007850265
0.0006658283
0.0002879722
-0.0002168685
-0.0003305506
-0.0004624035
-0.001319643
-0.002001227
-0.001834615
-0.0007581173
-0.0001864093
0.0004040341
0.0001657372
-0.000854003
-0.001931158
-0.00213765
-0.002430445
-0.002906149
-0.00244799
-0.001658978
-0.0006470214
-0.000210494
0.0004049702
0.001247723
0.001683509
0.001606243
0.001186563
0.0006844665
0.0001880881
-0.0003263061
-0.0005954636
-0.0005148213
-0.0002017817
0.0004380931
0.001016813
0.001905971
0.002388849
0.002030688
0.002020897
0.001961056
0.001697741
0.001425989
0.0008596236
0.0003317404
-0.0003010416
-0.001251981
-0.00139278
-0.0008077319
-0.0007588245
-0.0004837429
-3.658768e-05
0.0004317122
0.0009223221
0.001494324
0.002124162
0.00238624
0.002394879
0.001654145
0.0009859232
0.001178502
0.001068105
0.000665602
0.0004029249
-3.077636e-05
0.0001084871
0.0005555851
0.0006484858
0.001013534
0.001897612
0.002052351
0.001673879
0.001428123
0.0009079166
0.0001897394
0.0002076383
0.0004990853
0.0006698073
0.001031651
0.001300187
0.001565375
0.002091833
0.002479259
0.002124335
0.001715864
0.001862176
0.001817924
0.00194032
0.001973436
0.001379171
0.001245737
0.001287507
0.0006755681
0.0004893021
0.001045965
0.001106233
0.0008773467
0.0008137629
0.0006071697
0.0007756267
0.001157591
0.0009478642
0.0004357216
0.0002888309
2.817899e-05
-0.0004602882
-0.0008801578
-0.0009834347
-0.0009737232
-0.0005022661
0.0002791694
0.0002673212
0.0001913617
0.0005606643
0.0007413847
0.00124809
0.001490738
0.0003677685
-0.0003452042
-0.0001280789
-0.0003433837
-0.0005392279
0.0001354445
0.001019317
0.0005257132
4.204912e-05
0.000276919
-0.0007276221
-0.002779962
-0.002551231
-0.00217065
-0.001956212
-0.0009859665
0.0002215915
0.001362524
0.002680968
0.003240928
0.002899333
0.002230242
0.001401311
0.0006328669
-0.0001732347
-0.0004758534
-0.0004125006
-0.0009781652
-0.001312307
-0.0007554289
-0.0007651712
-0.001604617
-0.001435424
-0.001884897
-0.002637026
-0.002853879
-0.003312223
-0.003251412
-0.003016761
-0.002720044
-0.002432731
-0.002899242
-0.003214965
-0.003332276
-0.003579009
-0.003438252
-0.003292437
-0.003280858
-0.003271633
-0.003227518
-0.003091402
-0.002965926
-0.002766434
-0.002295315
-0.001082626
-0.001179337
-0.002808609
-0.002011591
-0.001602238
-0.001800224
-0.0007675704
0.0001363974
0.0003741184
-9.985643e-05
-0.0003350598
-0.000793124
-0.001562431
-0.001851123
-0.000383908
0.000549733
-1.933675e-05
5.566819e-05
0.0006686405
0.0009068539
0.0008160253
0.00080892
0.00064049
0.0006917385
0.001180944
0.001456985
0.001811301
0.002179755
0.002339193
0.002316055
0.001851579
0.001473751
0.001036866
0.0002492118
-0.0005509363
-0.0005956458
-0.0005824557
-0.0009263669
-0.001066777
-0.0006503773
-0.0002156468
1.162191e-05
0.0002605073
0.0007184416
0.00124049
0.00161723
0.001989456
0.002193002
0.002439422
0.00279746
0.003046514
0.003013726
0.002611625
0.001779122
0.0009906984
-4.722334e-06
-0.0008732566
-0.0007655382
-0.000843133
-0.001051007
-0.001005219
-0.0009734765
-0.0005331797
8.871395e-06
0.0004051709
0.0002560888
7.713535e-05
0.0001490177
0.000285746
0.001307253
0.002179751
0.002593964
0.002322523
0.001716234
0.0005304503
-0.001059556
-0.001992882
-0.001740075
-0.001562828
-0.0009943628
-0.0005298278
-0.0004367636
-0.0009970721
-0.001443913
-0.001885353
-0.002334299
-0.00239195
-0.001378819
0.0003743958
0.002746036
0.003714138
0.003285042
0.001379627
-0.001741917
-0.005269149
-0.007766593
-0.008262719
-0.006365977
-0.001968525
0.001403391
0.0004863726
-0.001826663
-0.003952148
-0.006751934
-0.00781775
-0.005843105
-0.002312157
0.003491226
0.006285867
0.005625071
0.0044483
0.001011695
-0.002803746
-0.004660015
-0.006085697
-0.005861315
-0.005265258
-0.004321845
-0.003122616
-0.002094194
-0.002154568
-0.002200239
-0.002194402
-0.002521109
-0.003530377
-0.004142852
-0.003627695
-0.002145062
-0.0004427719
0.001089909
0.00249641
0.002750099
0.001192915
0.0002652119
-0.0006745987
-0.001543551
-0.002063734
-0.002112312
-0.002139168
-0.001868064
-0.0005280719
0.000390769
0.00084091
0.001549076
0.001984489
0.002019148
0.001806518
0.001420177
0.001515988
0.00200219
0.001963524
0.001679078
0.001754098
0.001973269
0.002044752
0.002382322
0.002745609
0.001927146
0.0009647503
0.001020614
0.001095976
0.001265974
0.001651848
0.001596964
0.001600392
0.001669098
0.001463904
0.001300391
0.00127474
0.001279555
0.001240978
0.001279178
0.001631079
0.001970029
0.001987631
0.001976873
0.001959037
0.001697678
0.001931369
0.002379863
0.002516839
0.002685507
0.002468442
0.001888762
0.001009853
-2.086059e-05
-0.0008842367
-0.0008781623
-0.0006264617
-0.0004691378
-5.512388e-05
-7.960017e-05
-0.0002315061
-0.0007990968
-0.001411861
-0.001620411
-0.002365162
-0.002772571
-0.002019171
-0.001674545
-0.001523624
-0.001092125
-0.0007233757
-0.0003952656
-0.0002128087
-0.0005186063
-0.0007767428
-0.001188361
-0.001234744
-0.0007620135
-0.0006549608
-0.0007069847
-0.0006314705
-0.0005989138
-0.0006643565
-0.001038237
-0.001440077
-0.001339551
-0.001040939
-0.0003673177
0.0003251702
0.001261685
0.002060307
0.00218211
0.002488608
0.002926856
0.003131844
0.002683212
0.001837893
0.001829725
0.001309929
0.0002576347
-0.0004235623
-0.0002938154
0.0007067849
0.001293429
0.002284877
0.003520957
0.004257614
0.00409599
0.004721128
0.005421144
0.005140542
0.004520647
0.002888353
0.001814999
0.001522792
0.0006609827
9.376541e-05
-0.0005058685
-0.001463657
-0.002129042
-0.002280877
-0.002506074
-0.002598747
-0.001986509
-0.0009692951
-0.0002333228
0.0008480272
0.001892367
0.002102219
0.0021931
0.002064923
0.001598648
0.001033446
0.0005092546
-9.115142e-05
-0.0001377157
0.0003741969
9.170892e-05
-0.0002275802
-0.0003816105
-0.0007371259
-0.0005745591
-0.0001539132
-0.0001467284
-0.0002318437
-0.0001603561
-0.0001652376
-0.000191005
-0.0001316077
1.562477e-05
9.661709e-05
7.550743e-05
5.53268e-05
-0.0001146608
-0.0002380239
8.64185e-05
0.0003995901
0.0006329546
0.0009957173
0.001046113
0.0007715895
0.0008207548
0.0009843659
0.001003827
0.001005427
0.001020476
0.00102713
0.0009817174
0.0006517993
0.0003063922
9.483626e-05
-0.0001052881
-0.0004526175
-0.0008648364
-0.0008223813
-0.0005844522
-0.001154114
-0.002067801
-0.002832928
-0.003447634
-0.00318858
-0.003055582
-0.002909029
-0.002602141
-0.002799335
-0.003198274
-0.003166647
-0.003073313
-0.00301456
-0.002842146
-0.002625559
-0.002506231
-0.002472739
-0.001933198
-0.001327291
-0.001101726
-0.0007260996
-8.036256e-05
0.0005253851
0.0008528734
0.0009683674
0.0003263822
1.295971e-05
3.625154e-05
-9.634902e-05
0.0003248683
0.0005069926
0.0003112259
0.0001253741
-0.0005251916
-0.0003984446
-0.0001745751
-3.213149e-05
0.0004440631
0.0007408065
0.0006802443
0.0007246847
0.0007017299
0.0005490514
0.0004653728
0.000636969
0.001152724
0.001342183
0.0009482312
0.0007415673
0.0006040005
0.0003135743
0.0001156581
0.0003683671
0.0006880425
0.0007574315
0.0008608151
0.00098455
0.0009532999
0.000944573
0.0006963402
0.0002630423
0.0001719614
2.193717e-05
-0.0002146919
-0.0003170644
-7.045707e-05
0.0002329763
0.0002473799
0.0002440815
0.0007529136
0.001440257
0.00156282
0.001690118
0.00212841
0.002454927
0.002648635
0.002855097
0.002409626
0.001997163
0.002673127
0.002976038
0.002895867
0.003116052
0.003113168
0.002867603
0.002265111
0.001430595
0.0004485248
0.0006103825
0.001155483
0.0005543238
-6.534028e-06
-0.0001362789
-0.0003507569
-0.0005158224
-0.0002354407
7.2166e-07
0.000410957
0.00108897
0.001372322
0.0007727469
0.0003787337
0.001021454
0.002304009
0.001792469
0.001312732
0.00145291
0.00122921
0.000985554
0.001201004
0.001687031
0.001942372
0.002137758
0.002242834
0.001932516
0.00162945
0.001395602
0.001042503
0.0007134333
0.000413308
9.471435e-05
-0.0001982872
-0.0003475605
-0.0004782528
-0.0005440417
-0.0005634243
-0.0005919431
-0.0005861217
-0.0008615219
-0.001361741
-0.001093418
-0.0008525132
-0.001394095
-0.001363985
-0.0008454238
-0.001208602
-0.001845032
-0.00150952
-0.001377529
-0.001430574
-0.001221453
-0.001037994
-0.0004759075
-0.0004407789
-0.00155143
-0.0009161186
-0.0003935687
-0.0003300064
-0.0001001167
-0.0006165484
-0.0007834261
-0.0005718569
-0.0009162873
-0.001301377
-0.001348802
-0.00147778
-0.001443433
-0.001300166
-0.001143271
-0.0009366338
-0.0007672972
-0.0007021658
-0.0008717041
-0.0009953269
-0.001118856
-0.001184684
-0.001193959
-0.001405441
-0.001188165
-0.0007764579
-0.0006770007
-0.0004959527
-0.0002435412
-7.254771e-05
-0.000110678
-0.0004416798
-0.000826094
-0.001254406
-0.001013664
-0.0003733836
0.0007710467
0.0005982111
-0.0008478209
-0.001311644
-0.001580107
-0.0002232805
0.0009647846
0.001056254
0.000586197
2.748934e-05
-0.000810273
-0.001910345
-0.002122188
-0.001556782
-0.001043558
-0.000240436
0.0006857666
0.0001050191
-0.001521786
-0.00210668
-0.00184785
-0.0009848806
-0.0001023634
0.0006103567
0.0005777761
0.0002343133
-3.577067e-05
-0.0003205274
-0.0003515539
-0.0001254454
0.0003699694
0.001113939
0.001415847
0.0005549351
-0.0003416742
-0.001182378
-0.001714411
-0.001655903
-0.00131912
-0.000874479
-0.0002295968
0.0002703491
0.000358314
-0.0003777545
-0.001108542
-0.001022517
-0.0008014089
-0.0006461635
-0.000292387
0.0001171723
0.0005182397
0.0006084924
0.000343671
2.803135e-05
-0.0002046643
-0.0003602424
-0.0003404054
-0.0001045932
-7.054666e-05
-0.0001018605
-2.209572e-05
0.0001923328
0.0003499392
8.14919e-05
-0.000778454
-0.00151042
-0.001246879
-0.0009365829
-0.0007907564
-0.0003701309
-5.958601e-06
-1.825843e-05
-4.044892e-05
-0.0001426944
-0.0002725543
-9.327282e-05
3.532789e-05
-0.0001871071
-0.0007000841
-0.0008641843
-0.001060133
-0.001026052
-0.0005032387
-0.0003848724
-0.000240822
-0.0003968225
-0.0006873013
-0.0007202477
-0.0003375225
-0.0001980274
-9.99842e-05
6.718361e-05
5.167547e-05
9.159211e-05
0.0001428779
-0.0001011131
-0.0003734691
-0.0003301213
-6.526565e-05
7.937077e-05
0.00028176
0.000460464
0.0004904071
0.0005582805
0.0005801873
0.0005516639
0.0005543154
0.0005411874
0.0005124738
0.0004951739
0.0004763015
0.000447177
0.0004115411
0.0005534367
0.000850449
0.0008245608
0.0006170768
0.0004200137
0.0002895321
0.0002477844
0.0002404663
0.0002628246
0.0003063372
0.0003563491
0.0003746903
0.000397028
0.0004520358
0.0004930179
0.0004083561
0.0002953501
0.0003138259
0.0003234569
0.0003235652
0.0003608764
0.0003939054
0.0004196236
0.0004694114
0.0005284397
0.0005589784
0.0005092413
0.0004718106
0.0004557669
0.0004525475
0.0004488973
0.0004359485
0.0004123332
0.0003959107
0.0003819353
0.0003645605
0.0003497755
0.0003150194
0.000243723
0.0002148302
0.0002442625
0.0002492037
0.0002590922
0.0002781937
0.0002833918
0.0002958831
0.0003056468
0.0002664385
0.0002325679
0.0002159327
0.0002119244
0.0002277854
0.0002327108
0.000239613
0.0002348358
0.0002034299
0.0001663795
0.0001420451
0.0001165016
0.0001196209
0.0001434484
0.0001379326
0.0001373259
0.0001439047
0.0001372633
0.0001124262
0.00010756
0.0001259153
0.0001233188
0.0001212447
0.0001302569
0.0001324039
0.0001254984
0.0001288974
0.0001353125
0.00013611
0.0001390169
0.0001419278
0.0001432904
0.0001406951
0.000133122
0.0001291026
0.0001310932
0.0001330796
0.0001332174
0.0001334701
0.0001326972
0.0001307599
0.0001276897
0.0001213528
0.0001137094
0.000109087
0.0001113398
0.0001117965
0.0001099991
0.0001093664
0.0001072522
0.0001046189
0.0001007237
9.67327e-05
9.227824e-05
8.766299e-05
8.394579e-05
8.128947e-05
7.876969e-05
7.737956e-05
7.545797e-05
7.197249e-05
6.883619e-05
6.528064e-05
6.121099e-05
5.76373e-05
5.418806e-05
5.138514e-05
4.906721e-05
4.6325e-05
4.407523e-05
4.166086e-05
3.881896e-05
3.576893e-05
3.226024e-05
2.725763e-05
2.281227e-05
1.907413e-05
1.519228e-05
1.195582e-05
8.819663e-06
5.835109e-06
2.932803e-06
-9.868931e-08
-3.130966e-06
-6.223495e-06
-9.36037e-06
-1.269614e-05
-1.624802e-05
-1.959384e-05
-2.29138e-05
-2.615591e-05
-2.923902e-05
-3.228804e-05
-3.529411e-05
-3.829075e-05
-4.129109e-05
-4.426663e-05
-4.722102e-05
-5.014322e-05
-5.303183e-05
-5.591457e-05
-5.876161e-05
-6.159429e-05
-6.441984e-05
-6.72331e-05
-7.004488e-05
-7.282652e-05
-7.557982e-05
-7.831165e-05
-8.101707e-05
-8.369655e-05
-8.635445e-05
-8.898556e-05
-9.158314e-05
-9.415422e-05
-9.670457e-05
-9.923094e-05
-0.0001017317
-0.0001042084
-0.0001066613
-0.0001090866
-0.0001114855
-0.0001138582
-0.0001162061
-0.0001185294
-0.0001208278
-0.000123102
-0.0001253517
-0.0001275772
-0.0001297785
-0.0001319559
-0.0001341095
-0.0001362394
-0.0001383457
-0.0001404286
-0.0001424883
-0.0001445248
-0.0001465384
-0.0001485292
-0.0001504974
-0.000152443
-0.0001543664
-0.0001562676
-0.0001581469
-0.0001600043
-0.00016184
-0.0001636543
-0.0001654473
