-0.0001892598
-0.0001864195
-0.0001835305
-0.0001804931
-0.0001772433
-0.000173838
-0.0001704429
-0.0001670791
-0.0001636642
-0.0001601816
-0.000156665
-0.0001531341
-0.0001495877
-0.000146012
-0.0001423951
-0.0001387325
-0.0001350263
-0.0001312744
-0.0001274867
-0.0001236563
-0.0001197924
-0.000115881
-0.0001119088
-0.0001078697
-0.0001037781
-9.965393e-05
-9.55287e-05
-9.143111e-05
-8.734285e-05
-8.319591e-05
-7.888339e-05
-7.43251e-05
-6.954982e-05
-6.474116e-05
-6.021431e-05
-5.626357e-05
-5.287754e-05
-4.952131e-05
-4.514398e-05
-3.867486e-05
-2.999793e-05
-2.108079e-05
-1.649774e-05
-2.236578e-05
-4.304911e-05
-7.639632e-05
-0.000111343
-0.0001358032
-0.0001466962
-0.000143249
-0.0001221049
-8.268876e-05
-3.366388e-05
7.635447e-06
3.073371e-05
4.097512e-05
4.606788e-05
5.011289e-05
5.500144e-05
6.112916e-05
6.814122e-05
7.544375e-05
8.245045e-05
8.86061e-05
9.340503e-05
9.674473e-05
9.92849e-05
0.0001027363
0.0001093895
0.0001207956
0.0001358484
0.0001495725
0.0001540411
0.0001428255
0.0001181155
9.761156e-05
0.000115102
0.0002092018
0.0003975766
0.0006457736
0.0008619168
0.0009611357
0.0009263105
0.0007790912
0.0005710896
0.000387699
0.0002836304
0.0002234852
0.0001450578
2.254504e-05
-0.0001247058
-0.0002613156
-0.0003736573
-0.0004480532
-0.0004738963
-0.0004979104
-0.0005768138
-0.0006825849
-0.0007649852
-0.0008197708
-0.000849866
-0.0008464456
-0.0008001115
-0.0007156085
-0.0006260175
-0.0005949062
-0.0006678672
-0.0007939416
-0.0008890895
-0.0009379829
-0.0009610504
-0.0009742289
-0.0009864441
-0.0009994131
-0.001009772
-0.001014121
-0.001014953
-0.001022992
-0.001053266
-0.001113589
-0.001189474
-0.001233547
-0.001171774
-0.0009358035
-0.0005197414
-3.589873e-05
0.0003231547
0.0004780605
0.000512541
0.0005054164
0.0004968449
0.0005051006
0.0005283326
0.0005538427
0.0005669025
0.0005598471
0.0005380245
0.0005223582
0.0005447875
0.0006347385
0.0007964491
0.0009851547
0.001100395
0.00104918
0.0008871323
0.0007723038
0.0007350973
0.0006930898
0.0005634596
0.0003125138
-1.477994e-06
-0.0002235713
-0.0002130243
1.988031e-05
0.0003374484
0.0005821607
0.0007134808
0.0007852422
0.0008244037
0.0008061692
0.0006704225
0.0003593711
-0.0001236298
-0.0006879709
-0.001235163
-0.00176049
-0.002362024
-0.00313219
-0.004006783
-0.004895338
-0.005805264
-0.006611489
-0.007075256
-0.007219621
-0.007308604
-0.00759828
-0.008239069
-0.009185867
-0.01013892
-0.01072848
-0.01081092
-0.01039911
-0.009564285
-0.008507445
-0.007455071
-0.006401366
-0.005210106
-0.003829051
-0.00237189
-0.001048299
6.786216e-05
0.001139343
0.002451902
0.00403231
0.005546598
0.006675896
0.007320668
0.007612007
0.007709122
0.007633538
0.00730621
0.00664878
0.0056644
0.004418418
0.003012525
0.001612954
0.0003543309
-0.0008418745
-0.002165723
-0.003714473
-0.005397339
-0.006985302
-0.008293544
-0.009155835
-0.009371797
-0.008865547
-0.007808483
-0.006527627
-0.005284495
-0.004022724
-0.00252991
-0.0007017197
0.001320819
0.003183723
0.004531321
0.005163797
0.005050067
0.004143086
0.002456206
0.0002554844
-0.002028417
-0.004008825
-0.005412075
-0.00617854
-0.006551779
-0.006884793
-0.007313714
-0.007700448
-0.007790844
-0.007482772
-0.006733095
-0.005349647
-0.003296007
-0.000879436
0.001522317
0.003558525
0.004926968
0.005498976
0.005327683
0.004424472
0.002802842
0.0006518483
-0.001765403
-0.004293813
-0.006823661
-0.009199187
-0.01120384
-0.01261939
-0.01329816
-0.01316956
-0.01225127
-0.01063069
-0.008501899
-0.00610778
-0.003645141
-0.001203343
0.001219431
0.00368196
0.00626656
0.009019051
0.0118755
0.01459809
0.01678385
0.01799034
0.01799942
0.01698942
0.01539473
0.01361873
0.01163684
0.009175285
0.006084712
0.002416308
-0.001604546
-0.005682423
-0.009455905
-0.01252273
-0.01459981
-0.01567655
-0.01602696
-0.01607537
-0.01607419
-0.01610163
-0.01615979
-0.01622186
-0.01626986
-0.01630319
-0.01632864
-0.01633781
-0.01628703
-0.01609322
-0.01565406
-0.01489412
-0.01376079
-0.01211536
-0.009745966
-0.006574341
-0.002798642
0.001141574
0.004680716
0.007325814
0.008881662
0.009594738
0.01005433
0.01086359
0.01223298
0.01381363
0.01493281
0.01514531
0.01424461
0.01213959
0.009126837
0.005838194
0.002646011
-0.0003015465
-0.002865995
-0.005104835
-0.007236221
-0.00918445
-0.01061341
-0.01126873
-0.01105818
-0.01003514
-0.008346714
-0.006083059
-0.003065324
0.0007644468
0.004976319
0.008883331
0.01191081
0.01397287
0.01540466
0.01654505
0.01733934
0.01745411
0.01691331
0.01599849
0.0147245
0.0128626
0.01017453
0.006679755
0.002803122
-0.0008000342
-0.003687408
-0.005904757
-0.007695031
-0.009244975
-0.01056784
-0.01171718
-0.01289586
-0.01405858
-0.01482557
-0.0148671
-0.0141848
-0.01316549
-0.01227729
-0.01178769
-0.01169189
-0.0117952
-0.01189022
-0.01179243
-0.01135573
-0.01053017
-0.009425456
-0.008244829
-0.006939281
-0.005132511
-0.002716777
-3.96691e-05
0.002466768
0.004403435
0.005515845
0.005911045
0.006000378
0.006055829
0.006125588
0.006099886
0.005776623
0.004988275
0.003725994
0.002133383
0.0003906273
-0.001273812
-0.002672273
-0.003900135
-0.005155168
-0.006344759
-0.007363599
-0.008308586
-0.009078834
-0.009324692
-0.008795762
-0.007446975
-0.005411561
-0.002991246
-0.0005855623
0.00151531
0.003198202
0.004489528
0.005418106
0.005959334
0.006115251
0.005906547
0.005296241
0.004302702
0.003059294
0.001684364
0.0002723341
-0.001045093
-0.002086411
-0.002670179
-0.002729623
-0.002348413
-0.001671395
-0.0009802501
-0.00067826
-0.0009976397
-0.001843633
-0.002939738
-0.003974819
-0.004783631
-0.005405017
-0.005970532
-0.006472983
-0.006845559
-0.007177244
-0.007578829
-0.008001829
-0.008233985
-0.008090746
-0.00764534
-0.006998005
-0.006065814
-0.004855988
-0.003570318
-0.002401605
-0.001467209
-0.0007683343
-0.0001263704
0.0007176577
0.001829555
0.00311306
0.004492212
0.005914811
0.007313669
0.008585933
0.009600632
0.01025234
0.01055362
0.0106377
0.01059032
0.01040177
0.01002349
0.009433151
0.008622553
0.007464985
0.005850868
0.004018945
0.002367932
0.001106383
0.0003124314
-4.262745e-05
-0.00018652
-0.0004669509
-0.00113046
-0.002210695
-0.003553034
-0.004989392
-0.006380488
-0.00758591
-0.008479012
-0.00899928
-0.00922401
-0.009308493
-0.009283395
-0.00904716
-0.008453317
-0.007416031
-0.005928933
-0.003950454
-0.001519754
0.00113339
0.003687282
0.005839792
0.007395083
0.008399283
0.009149958
0.009879777
0.0105911
0.0112875
0.01197076
0.01249509
0.01276791
0.01289973
0.01301234
0.01311675
0.01310426
0.0127871
0.01200455
0.01078184
0.009364446
0.008041518
0.007091807
0.006721535
0.006918511
0.00742075
0.007915224
0.008253592
0.008609103
0.009275216
0.01037729
0.01175677
0.01316621
0.01460046
0.01598927
0.01699738
0.01749353
0.01762717
0.01741755
0.0167645
0.01563694
0.01423669
0.01288424
0.01159456
0.0102896
0.009099546
0.007980016
0.006600328
0.004814785
0.002612167
-0.0001687629
-0.003546588
-0.007219313
-0.01089129
-0.01438734
-0.01755848
-0.02013133
-0.02175538
-0.02243952
-0.02256114
-0.02230307
-0.02166126
-0.02066002
-0.0194855
-0.01833857
-0.01699
-0.01504257
-0.01239702
-0.009116991
-0.005321415
-0.001281882
0.002750463
0.006797501
0.01077984
0.01432939
0.01728278
0.01975505
0.02179429
0.0234211
0.02470338
0.02564711
0.02621087
0.02638863
0.02617314
0.02549482
0.02434316
0.02282089
0.02102197
0.0190771
0.01716724
0.01533856
0.01346733
0.01149832
0.009429251
0.007183345
0.004823823
0.002670897
0.001028049
-5.760565e-05
-0.0008393741
-0.001593278
-0.002359241
-0.003115578
-0.003811736
-0.004200712
-0.004071748
-0.003549518
-0.003026224
-0.002909817
-0.003280168
-0.003865369
-0.004301389
-0.004432724
-0.004436729
-0.004615453
-0.005224455
-0.006326934
-0.007642305
-0.00867231
-0.009209971
-0.009386047
-0.009249926
-0.008747464
-0.007865877
-0.006771107
-0.005793275
-0.005167067
-0.004896431
-0.004746687
-0.004406404
-0.003656107
-0.002438182
-0.0008148832
0.001128961
0.003207257
0.005134919
0.006726725
0.007874356
0.008398128
0.00817972
0.007322992
0.006147468
0.005108229
0.00456995
0.004661174
0.00522388
0.005908755
0.006370934
0.006531266
0.006508601
0.006417164
0.006338129
0.00632659
0.006406763
0.006559617
0.006702543
0.006677206
0.006276545
0.005334155
0.003862281
0.002084133
0.0001604986
-0.001989254
-0.004409414
-0.006995665
-0.009655866
-0.01230191
-0.01481064
-0.01704168
-0.01889362
-0.02035511
-0.02144338
-0.02210876
-0.0223314
-0.02217016
-0.02164763
-0.0208042
-0.01975407
-0.01855915
-0.01712541
-0.0152642
-0.01283568
-0.009875898
-0.006586044
-0.003196023
0.0002020965
0.003568463
0.006665328
0.009215136
0.01116459
0.0126696
0.01399202
0.01531284
0.01670435
0.01815098
0.01954638
0.02071166
0.02144513
0.02161909
0.02124439
0.0204033
0.0191103
0.01719442
0.01442501
0.01076297
0.006493326
0.002111811
-0.002044322
-0.005874302
-0.009286557
-0.01219891
-0.01458312
-0.01640059
-0.01766539
-0.0185639
-0.01928966
-0.01978581
-0.01997318
-0.01992049
-0.01968534
-0.01927649
-0.01863708
-0.01752055
-0.01557903
-0.01281603
-0.009683562
-0.006685186
-0.004104729
-0.00188128
0.0002209943
0.002328243
0.004186985
0.005336719
0.005458591
0.004508335
0.002693991
0.0002563375
-0.002421469
-0.004779137
-0.006491796
-0.007661987
-0.008472509
-0.00909603
-0.009721814
-0.01040092
-0.01100421
-0.01145888
-0.01175458
-0.01170827
-0.01098627
-0.009296746
-0.006668784
-0.003507718
-0.0002380492
0.002866842
0.005733795
0.008300589
0.01039193
0.01182135
0.01258393
0.01293682
0.01314526
0.01325481
0.01312124
0.01253789
0.01141517
0.009975226
0.008690202
0.007832061
0.00743637
0.007635778
0.00842265
0.009426207
0.01023985
0.01067507
0.01079363
0.01078729
0.01078949
0.01083658
0.01088182
0.01081938
0.01054049
0.01000764
0.00932364
0.008667121
0.008063246
0.007427106
0.00676637
0.00606325
0.005206457
0.004234216
0.003339571
0.002589248
0.001840035
0.0008580156
-0.0003683734
-0.001525424
-0.002232354
-0.002230296
-0.001509519
-0.0003340432
0.0008459082
0.001609448
0.001702377
0.001104963
1.702629e-06
-0.001334226
-0.002698939
-0.003979309
-0.005108453
-0.006056156
-0.006844528
-0.00756675
-0.00827564
-0.008786617
-0.008865596
-0.008483718
-0.007757586
-0.006801814
-0.005574723
-0.004072785
-0.00250714
-0.0009726891
0.0007148408
0.002718184
0.004975017
0.007176088
0.008967664
0.01022367
0.01117371
0.01219005
0.01332593
0.014364
0.01505227
0.01522272
0.01481208
0.01377164
0.01218981
0.01031506
0.008249612
0.005928313
0.003471899
0.001201616
-0.0005879284
-0.001768536
-0.002420919
-0.002708577
-0.002757515
-0.002525944
-0.001881889
-0.0007808545
0.0005949588
0.001986847
0.003394814
0.004773544
0.005795294
0.00630923
0.006453236
0.006240636
0.00557022
0.004421539
0.003015406
0.001699165
0.0005034172
-0.0006960817
-0.001863932
-0.003138663
-0.004904894
-0.0072326
-0.009827917
-0.01240917
-0.01476363
-0.01674215
-0.01830224
-0.01944318
-0.02005543
-0.02002812
-0.01939256
-0.01831406
-0.01703159
-0.01569912
-0.0143911
-0.01314586
-0.01196263
-0.01078855
-0.009501572
-0.007929106
-0.005919219
-0.003469835
-0.0007705602
0.001930136
0.004365789
0.006271949
0.007498423
0.008081275
0.008178264
0.007985619
0.007604064
0.007073441
0.006378283
0.005304594
0.003577924
0.001254399
-0.00135205
-0.003967437
-0.006364838
-0.008343228
-0.009754504
-0.01046913
-0.01035037
-0.009478957
-0.008231183
-0.006972686
-0.005955843
-0.005324635
-0.005055807
-0.004980607
-0.004962898
-0.004967507
-0.00501289
-0.005109787
-0.005200373
-0.005127855
-0.004667821
-0.003639791
-0.002070592
-0.0002141943
0.001751017
0.003815603
0.005854859
0.007641059
0.009029642
0.009889571
0.01009275
0.009700875
0.009047001
0.008575815
0.008620037
0.009238972
0.01030537
0.0116405
0.01317414
0.0148849
0.01665957
0.01820987
0.01919574
0.01954128
0.01934424
0.01861483
0.01738874
0.01582969
0.01413424
0.01254807
0.01132073
0.01043812
0.009575503
0.008526024
0.00729221
0.005864902
0.004209512
0.002330592
0.0003293218
-0.001666233
-0.003683407
-0.005752754
-0.007743173
-0.009553953
-0.01118069
-0.01255315
-0.01369175
-0.01483905
-0.01606064
-0.01701312
-0.01723238
-0.01643584
-0.01469512
-0.0123437
-0.009762533
-0.007223076
-0.004861139
-0.002708317
-0.000713324
0.001158351
0.002719572
0.003663574
0.003930671
0.003646328
0.002905088
0.001874423
0.000823142
-8.396926e-05
-0.0008363041
-0.001493998
-0.001990773
-0.002129463
-0.001895949
-0.001506078
-0.001143209
-0.0007065065
0.0002328417
0.0020789
0.004948632
0.008629174
0.01253527
0.01593834
0.01852877
0.02056556
0.02243071
0.02437001
0.0263883
0.02841703
0.03037195
0.03196296
0.03285991
0.03293994
0.03212796
0.03033136
0.02767464
0.02452062
0.02117445
0.01776995
0.01434923
0.01115778
0.008628318
0.007026443
0.006324414
0.006296826
0.00676048
0.007616963
0.008729854
0.009944242
0.01119681
0.01249026
0.01383808
0.01522803
0.01659328
0.01780798
0.01872519
0.0192584
0.0194711
0.01953058
0.01953132
0.01949213
0.0194146
0.01932677
0.01931215
0.01949584
0.01997217
0.02069251
0.02136619
0.02156488
0.02105809
0.01988635
0.01823754
0.01632711
0.01423594
0.01175243
0.008607143
0.00481058
0.000534686
-0.004026289
-0.008576524
-0.01278593
-0.01649372
-0.01963179
-0.02205364
-0.02347527
-0.02368883
-0.02288319
-0.02166623
-0.0207215
-0.02032071
-0.02024884
-0.02027547
-0.0202927
-0.02028586
-0.02030889
-0.02041515
-0.02058097
-0.02065344
-0.02036584
-0.0194508
-0.01783595
-0.01582409
-0.01393687
-0.0124085
-0.01102331
-0.009323815
-0.007176432
-0.004897288
-0.002793045
-0.00101204
0.0004193738
0.001457176
0.001989297
0.001927292
0.001247998
2.264019e-05
-0.001391877
-0.002419733
-0.002744696
-0.002311443
-0.001038025
0.001031605
0.003631229
0.006510291
0.009432869
0.01204224
0.01386262
0.0144786
0.01387722
0.01258577
0.01133875
0.01071161
0.01084247
0.01166017
0.01304035
0.01475158
0.01664686
0.01889977
0.02169216
0.02491487
0.02824102
0.03128485
0.03381346
0.03572523
0.03702431
0.03792753
0.03870575
0.03928776
0.03942162
0.03895438
0.03782127
0.03600571
0.03347959
0.03035617
0.02693002
0.02334622
0.01940181
0.01466014
0.008744584
0.001671176
-0.005960051
-0.01320674
-0.0195302
-0.02494939
-0.02968473
-0.03401776
-0.03814185
-0.04198038
-0.04521916
-0.0475222
-0.04881003
-0.04927795
-0.04893347
-0.04745121
-0.04445447
-0.03983489
-0.03385923
-0.02697201
-0.01953577
-0.0116079
-0.003260991
0.005021992
0.01256883
0.01882133
0.02337727
0.02605751
0.02687852
0.02616809
0.02450314
0.02234886
0.01990791
0.01708902
0.0137159
0.009824672
0.005897608
0.0026992
0.0006650881
-0.0001753896
7.723037e-05
0.001356116
0.003560085
0.006324325
0.009203344
0.01212444
0.01519692
0.01839787
0.02149476
0.02419965
0.02646709
0.02848406
0.03046835
0.03243621
0.0342307
0.03576837
0.03698042
0.03767729
0.03764077
0.03670619
0.03473287
0.03172516
0.02794132
0.02395167
0.02043832
0.01766976
0.0154918
0.01364276
0.01174115
0.009351776
0.006319147
0.002873806
-0.0005500402
-0.003530574
-0.005815398
-0.007282773
-0.008021525
-0.008442965
-0.009038874
-0.009978816
-0.01099406
-0.01154466
-0.01125718
-0.01025548
-0.009150309
-0.008472625
-0.008341033
-0.008773261
-0.009700321
-0.01078177
-0.01132391
-0.0105623
-0.008383429
-0.005331011
-0.001828001
0.002007115
0.006189742
0.01045834
0.01424666
0.01720785
0.01933534
0.02080098
0.02169869
0.02198065
0.02163233
0.02076834
0.01957121
0.01821626
0.01684037
0.01558125
0.0145872
0.01396046
0.01365617
0.01346922
0.01320412
0.01275451
0.01206092
0.01097809
0.009286982
0.007073849
0.004787853
0.002776602
0.001137065
-0.0002459259
-0.001539384
-0.002837417
-0.004158428
-0.005469619
-0.006726721
-0.007923596
-0.009129568
-0.01049229
-0.01218155
-0.01427471
-0.01661584
-0.01881181
-0.02047772
-0.02145621
-0.02187699
-0.02192712
-0.02157367
-0.02064222
-0.0190422
-0.01693869
-0.01463428
-0.01229994
-0.0100098
-0.007953742
-0.006675395
-0.00681974
-0.008636668
-0.01183244
-0.01573009
-0.01972722
-0.02340598
-0.02648597
-0.02888902
-0.03076931
-0.03240583
-0.03406013
-0.03577333
-0.03736612
-0.03862006
-0.03959124
-0.04054159
-0.04138982
-0.0417005
-0.04091838
-0.03845564
-0.03390033
-0.02727132
-0.01901512
-0.009681683
-6.144374e-05
0.0088247
0.01622371
0.02193578
0.02623271
0.02945264
0.03168179
0.03302657
0.03376557
0.0340766
0.03396484
0.03326393
0.03178042
0.02941541
0.02612485
0.02197978
0.01711524
0.0115724
0.005428377
-0.0007847747
-0.006334775
-0.01096768
-0.01486964
-0.01841184
-0.02197781
-0.0257679
-0.02965555
-0.03350947
-0.03740037
-0.04116418
-0.04429435
-0.0463446
-0.04727424
-0.04751386
-0.04753108
-0.0475235
-0.04741304
-0.04689085
-0.04546028
-0.0424912
-0.03750827
-0.03066269
-0.02270322
-0.0143382
-0.005915934
0.002578144
0.0111587
0.01967154
0.02787675
0.03531335
0.04127897
0.04519496
0.04694528
0.04682449
0.0453385
0.04285275
0.03964122
0.03591019
0.03155156
0.02632656
0.02017614
0.01337418
0.00653458
0.0003922382
-0.004577718
-0.008509924
-0.01191196
-0.0153212
-0.01926002
-0.02400882
-0.02925898
-0.03428887
-0.03838121
-0.04109263
-0.04244957
-0.04290514
-0.0430214
-0.04301455
-0.0427529
-0.04194408
-0.04032945
-0.03781906
-0.03450354
-0.03068504
-0.02682817
-0.02338042
-0.02065252
-0.01874421
-0.01753764
-0.01676453
-0.01611902
-0.01539607
-0.01464747
-0.01400765
-0.0135087
-0.01321125
-0.01315018
-0.01309537
-0.01282452
-0.01244873
-0.01208236
-0.01165885
-0.01118747
-0.01085295
-0.01090867
-0.01138254
-0.01200995
-0.01263257
-0.01323573
-0.01376156
-0.01426343
-0.01499569
-0.01614902
-0.01775077
-0.01978539
-0.02211236
-0.02442738
-0.02644845
-0.0280642
-0.02934904
-0.03041019
-0.03110584
-0.03087708
-0.0290021
-0.02526825
-0.02019591
-0.01465007
-0.009391363
-0.004811145
-0.001106243
0.001562951
0.002977439
0.00295704
0.001475738
-0.001319337
-0.005067249
-0.009333599
-0.01359934
-0.0173719
-0.02046199
-0.02296926
-0.02489403
-0.02617784
-0.02688776
-0.02723523
-0.02751015
-0.02790826
-0.02848664
-0.02922686
-0.03019458
-0.03152057
-0.03306746
-0.03446541
-0.03543468
-0.03555094
-0.03413263
-0.03080458
-0.02578945
-0.01954331
-0.01254846
-0.005158881
0.002191306
0.008884229
0.01436505
0.01828093
0.0205214
0.02127165
0.02091619
0.01971874
0.01798932
0.01630247
0.01522891
0.01502224
0.01559388
0.01650925
0.01710769
0.01674909
0.01509511
0.01224862
0.008738831
0.005233065
0.002384091
0.0007021488
0.0005056824
0.001810391
0.004226919
0.007072929
0.009701906
0.01149833
0.01191288
0.01070757
0.008070228
0.004417107
0.000124602
-0.004599579
-0.009488034
-0.01408735
-0.01787257
-0.020241
-0.02066505
-0.01918714
-0.01637943
-0.01248153
-0.007552267
-0.00183394
0.004305828
0.01048434
0.01645969
0.02216541
0.02764928
0.03289717
0.0377294
0.04191259
0.04536941
0.04830081
0.05099042
0.05357406
0.05606252
0.05842349
0.06064676
0.06279298
0.064915
0.06682231
0.06812148
0.06860028
0.06834889
0.06761097
0.06650546
0.0650224
0.06335552
0.06178931
0.06034647
0.05892194
0.05748908
0.0561419
0.05507869
0.05451966
0.05454967
0.0550225
0.05564981
0.05615688
0.05647196
0.05659977
0.05642648
0.05576293
0.05450804
0.0528265
0.05115738
0.04998183
0.0494835
0.04947318
0.04974512
0.0501305
0.05039871
0.05023712
0.04940193
0.04802246
0.04636693
0.04421756
0.04104964
0.03646181
0.03039797
0.0231571
0.015097
0.006862593
-0.0005081923
-0.006111611
-0.009565436
-0.01096283
-0.01086128
-0.01001094
-0.009012362
-0.008275394
-0.008267139
-0.009233133
-0.01077091
-0.01235793
-0.01383824
-0.01520844
-0.01645421
-0.01754254
-0.01845775
-0.01928094
-0.02025117
-0.02163886
-0.02347505
-0.02569048
-0.02826793
-0.03089154
-0.03280462
-0.03317018
-0.03150431
-0.02792391
-0.02289037
-0.0168967
-0.01029681
-0.003371606
0.003579403
0.0100861
0.01556232
0.01968305
0.02238945
0.02348496
0.02278026
0.02026938
0.01604925
0.01049653
0.004368601
-0.001585753
-0.007116681
-0.01214134
-0.01645551
-0.01982625
-0.02218171
-0.02357462
-0.02363723
-0.02150532
-0.01664131
-0.009396494
-0.0008578642
0.007680754
0.01529875
0.02158248
0.02649822
0.0300984
0.03253009
0.0339551
0.03419243
0.03280682
0.02952858
0.02439875
0.01765642
0.00979552
0.001556888
-0.006383047
-0.01362916
-0.02019646
-0.02626147
-0.03195846
-0.03744542
-0.04287101
-0.04820296
-0.05323985
-0.05770889
-0.06138947
-0.06416918
-0.06596816
-0.06676654
-0.06655834
-0.06521458
-0.0626557
-0.05916927
-0.05529538
-0.051449
-0.04792176
-0.0449253
-0.04255092
-0.04081125
-0.03976357
-0.03952545
-0.04013238
-0.0413107
-0.04265462
-0.04408538
-0.04551239
-0.04656505
-0.0470339
-0.04694678
-0.04619557
-0.04461268
-0.04215711
-0.03894314
-0.03511727
-0.0305358
-0.02492987
-0.01824221
-0.01082121
-0.003379243
0.003420046
0.009197656
0.0139284
0.01779324
0.0209911
0.02365288
0.02582461
0.02743127
0.02842903
0.02882539
0.0283928
0.02670694
0.02350621
0.01903964
0.01411225
0.009669112
0.006424487
0.004686009
0.004345936
0.005070055
0.006439914
0.008043183
0.009580266
0.01095467
0.01229106
0.01353939
0.01435302
0.01464168
0.01467651
0.01470167
0.01484707
0.01510744
0.01527957
0.01497163
0.01372572
0.01128537
0.007791861
0.003695134
-0.0003869162
-0.003899366
-0.006620144
-0.008756022
-0.0104457
-0.01148489
-0.01164648
-0.01074401
-0.008458791
-0.004538662
0.0008767648
0.007039309
0.01288835
0.01786373
0.02184104
0.02478996
0.02672057
0.02772269
0.02792223
0.02740067
0.02611725
0.02412539
0.02161425
0.0185675
0.01481173
0.01020903
0.004745478
-0.00140356
-0.007880989
-0.01419254
-0.01988956
-0.0247031
-0.02860768
-0.03174981
-0.03424354
-0.03583716
-0.03607232
-0.0345544
-0.03104817
-0.02564525
-0.01876002
-0.01109277
-0.003395481
0.003636256
0.0094618
0.0138345
0.01678756
0.01842899
0.01884554
0.01803197
0.01580515
0.01204815
0.006974783
0.001254269
-0.004143375
-0.008377719
-0.01098327
-0.01183394
-0.01101822
-0.008724068
-0.005449204
-0.001970085
0.001243463
0.004115053
0.006816339
0.009533144
0.0122764
0.01485584
0.01695039
0.01827634
0.01882783
0.01891203
0.01881952
0.01872648
0.01874226
0.01891001
0.01917745
0.01934801
0.01906988
0.01791612
0.0156003
0.01213581
0.007755878
0.002872291
-0.002008347
-0.006411875
-0.01013547
-0.0134034
-0.01671283
-0.02029461
-0.02389772
-0.02696438
-0.0292004
-0.03083964
-0.03212513
-0.03311552
-0.03378879
-0.03416115
-0.03433399
-0.03437581
-0.034301
-0.03414234
-0.03401225
-0.03412156
-0.03471936
-0.03594338
-0.0376453
-0.03938113
-0.04063627
-0.04115439
-0.04102123
-0.04034701
-0.03926172
-0.0380201
-0.03689291
-0.03602092
-0.03533944
-0.03453422
-0.03311253
-0.03074444
-0.02751733
-0.02376018
-0.01987971
-0.01621948
-0.01305825
-0.01068039
-0.009441704
-0.009606411
-0.0110282
-0.01319949
-0.01563331
-0.01798978
-0.02009426
-0.02190565
-0.02338235
-0.0243983
-0.02503621
-0.02570734
-0.02671298
-0.02797563
-0.02908959
-0.02973234
-0.02997977
-0.03001417
-0.02993444
-0.02979179
-0.02963895
-0.02957685
-0.02976544
-0.03036805
-0.03142094
-0.03268716
-0.03370616
-0.03423111
-0.03441485
-0.03440585
-0.03419406
-0.03367054
-0.03272328
-0.03129853
-0.02935486
-0.02697072
-0.02448613
-0.02241164
-0.02118337
-0.02094009
-0.02150879
-0.02267041
-0.02405486
-0.0251254
-0.02560967
-0.02562769
-0.02528417
-0.02460633
-0.02366878
-0.02266216
-0.02171129
-0.02040962
-0.01803586
-0.01422794
-0.009128943
-0.003256361
0.002723158
0.008200106
0.01286202
0.01669765
0.01988076
0.02268788
0.02539902
0.02811073
0.03074849
0.03315561
0.03518568
0.03681316
0.03817596
0.03934768
0.04011505
0.04045039
0.04080129
0.04164653
0.04314403
0.0449471
0.04622924
0.04601292
0.04372815
0.0393283
0.03285046
0.02470128
0.01582565
0.007208068
-0.0004503757
-0.006795908
-0.01187005
-0.01597534
-0.01931192
-0.02188368
-0.02379875
-0.02546725
-0.02745601
-0.03007687
-0.03328206
-0.03719101
-0.04203207
-0.04768358
-0.05368243
-0.05945787
-0.06453853
-0.06860262
-0.07138704
-0.0727789
-0.07288154
-0.07196953
-0.07040297
-0.06840367
-0.06618941
-0.064099
-0.06240747
-0.06110252
-0.05980519
-0.05804493
-0.05566782
-0.05266907
-0.04899639
-0.04468649
-0.03993109
-0.03495131
-0.0298812
-0.02468693
-0.01922253
-0.0133661
-0.007170101
-0.0009796025
0.004721909
0.009857844
0.01481105
0.01973556
0.02453404
0.02916956
0.03377885
0.03860113
0.04371312
0.04900058
0.0543059
0.05940964
0.06401293
0.06779765
0.0704703
0.07175936
0.07159955
0.07026002
0.06828049
0.06629095
0.06460517
0.06316161
0.0617525
0.0604897
0.05979856
0.05976266
0.0600116
0.05997072
0.05890838
0.05611961
0.05128754
0.04459231
0.03639327
0.0270441
0.01681891
0.006040441
-0.004779957
-0.01506124
-0.02441462
-0.03283227
-0.04050662
-0.04766294
-0.05440168
-0.06061301
-0.06596486
-0.07011645
-0.07285647
-0.07397752
-0.07348422
-0.07172995
-0.06924469
-0.06654125
-0.06403428
-0.06205182
-0.06079433
-0.06019835
-0.05996201
-0.05989631
-0.0600441
-0.06056633
-0.06157778
-0.06303754
-0.06478984
-0.06655256
-0.06790164
-0.06847834
-0.06817269
-0.06690081
-0.06442119
-0.06035366
-0.05444153
-0.04675594
-0.03768914
-0.02785839
-0.01795328
-0.008658647
-0.0005103599
0.006113875
0.01094389
0.01378944
0.01468132
0.01389515
0.01196256
0.009487809
0.006965245
0.004759403
0.003151863
0.002303515
0.002261127
0.003164263
0.005230073
0.008444206
0.01246171
0.01687157
0.0214713
0.0263089
0.03134363
0.03633956
0.04105528
0.04532396
0.04905739
0.05217035
0.05465169
0.05666182
0.05834109
0.05961748
0.06045879
0.06086613
0.06041601
0.05833145
0.05387074
0.04680047
0.03752901
0.02660301
0.01485011
0.003504747
-0.006283606
-0.01393241
-0.01943682
-0.02329813
-0.02616787
-0.02855126
-0.03062299
-0.03237725
-0.03374651
-0.03451963
-0.03449718
-0.03366077
-0.03220287
-0.03048603
-0.02886176
-0.02748746
-0.02626017
-0.02516409
-0.02431535
-0.02343258
-0.02192789
-0.01945213
-0.01604783
-0.0120563
-0.007860998
-0.003850526
-0.0004920446
0.001733115
0.0024648
0.00160117
-0.0006247051
-0.003872267
-0.00793651
-0.01294566
-0.01903203
-0.0259325
-0.03291651
-0.03900583
-0.0434724
-0.04610727
-0.04722678
-0.04733351
-0.0469451
-0.04643502
-0.04612839
-0.04632091
-0.04702096
-0.04801822
-0.04922303
-0.05049643
-0.05154635
-0.05236723
-0.05326671
-0.05435978
-0.05557096
-0.05684654
-0.05817251
-0.05955505
-0.06098229
-0.06237547
-0.06354667
-0.06422007
-0.06412749
-0.06314011
-0.06119503
-0.05807659
-0.05363501
-0.04790722
-0.04078991
-0.0320606
-0.0215887
-0.009574055
0.00337519
0.01631155
0.02825979
0.03881642
0.04818829
0.05676251
0.06459697
0.07134614
0.07673856
0.08064582
0.08283894
0.08321537
0.08196522
0.07937057
0.07592078
0.07232225
0.06910907
0.06638308
0.06419505
0.06270939
0.06208348
0.0623748
0.06349559
0.06516611
0.06704644
0.06910654
0.07145777
0.07403984
0.07667296
0.07913858
0.08120436
0.08270583
0.08362171
0.0840229
0.08395951
0.08335458
0.08212204
0.08036231
0.0784039
0.07667181
0.07544958
0.07482312
0.07485289
0.07562494
0.07719351
0.07933999
0.08157086
0.08355181
0.0852409
0.08682215
0.08850176
0.09032185
0.0921479
0.09384417
0.09549373
0.09726154
0.09917976
0.1010901
0.10278
0.1042299
0.1055497
0.1068284
0.1081261
0.1094767
0.1108739
0.1122558
0.1135015
0.114456
0.1149965
0.1151015
0.1148112
0.1141374
0.1131498
0.1119897
0.1106918
0.1091667
0.1072884
0.1050015
0.1023424
0.09931093
0.09587646
0.09205222
0.08784411
0.08321599
0.07820892
0.07297784
0.06763962
0.06230383
0.057136
0.05235246
0.04814352
0.04456315
0.04151151
0.03886148
0.03656229
0.03464955
0.03313989
0.03202061
0.03133016
0.03104917
0.03102903
0.03111951
0.03119331
0.03111119
0.03073131
0.02997221
0.0289007
0.02769255
0.02640225
0.02493546
0.02311429
0.02077407
0.01779907
0.01405751
0.00955953
0.004578529
-0.0005823407
-0.00578235
-0.01100758
-0.01628502
-0.0216108
-0.02688076
-0.03187235
-0.03629548
-0.03993741
-0.04276562
-0.04480324
-0.04599301
-0.04640909
-0.04629748
-0.04576084
-0.04483853
-0.04365419
-0.04234955
-0.04106447
-0.03999121
-0.03938782
-0.03955889
-0.04085305
-0.04348507
-0.04719877
-0.05132988
-0.05538474
-0.05929476
-0.06331713
-0.06751907
-0.0717214
-0.07593604
-0.08030183
-0.08483403
-0.0893662
-0.09367172
-0.09774494
-0.1017432
-0.1057685
-0.1097996
-0.1136798
-0.1171406
-0.1199154
-0.1218686
-0.1230394
-0.1236197
-0.1238725
-0.1240345
-0.1241568
-0.1241198
-0.12374
-0.1229039
-0.1217166
-0.1205133
-0.1195257
-0.1186164
-0.1176494
-0.1166772
-0.1157075
-0.1146477
-0.1134193
-0.1121978
-0.1113343
-0.1108239
-0.1103589
-0.1097952
-0.1092625
-0.1090253
-0.1091564
-0.1094524
-0.1096648
-0.1097299
-0.1097724
-0.1096844
-0.1091701
-0.1082856
-0.1073114
-0.1063749
-0.105404
-0.104282
-0.1030802
-0.1018336
-0.1002588
-0.09817469
-0.09573473
-0.09306065
-0.09015252
-0.08700022
-0.08367878
-0.08034275
-0.07704477
-0.0737903
-0.07072383
-0.06794235
-0.06529359
-0.06252494
-0.05941462
-0.05586215
-0.05198834
-0.04806041
-0.04409402
-0.03986432
-0.03545346
-0.03118045
-0.02722171
-0.0236881
-0.02069312
-0.01825764
-0.0163087
-0.01483635
-0.01396888
-0.01391021
-0.0146751
-0.01591611
-0.01706422
-0.01769286
-0.01777371
-0.01738712
-0.01655844
-0.01532534
-0.01371065
-0.01169249
-0.009353917
-0.006943527
-0.004700967
-0.002799856
-0.001372765
-0.0006002793
-0.0006686121
-0.001534966
-0.002791836
-0.00384924
-0.004352449
-0.004422568
-0.004319473
-0.004243565
-0.004318916
-0.004557892
-0.004827749
-0.004851985
-0.004287454
-0.002903855
-0.0008285909
0.001381117
0.0030961
0.003991642
0.004212561
0.004221181
0.004422718
0.005053069
0.006137593
0.007462811
0.008842882
0.01046484
0.01252012
0.01486103
0.0173124
0.01984424
0.02254608
0.02555845
0.02896793
0.03266229
0.03634369
0.03976658
0.04284172
0.04561229
0.04811109
0.05028162
0.05207116
0.05355477
0.05491928
0.05614103
0.05695294
0.0573976
0.05786829
0.05862609
0.05963862
0.06063187
0.06134247
0.06172925
0.06204045
0.0626612
0.06383886
0.06551229
0.06743975
0.06962575
0.07220923
0.07516318
0.07833628
0.08160709
0.08505119
0.08876762
0.09258446
0.09612896
0.09902616
0.101038
0.1021308
0.1023615
0.1017111
0.1000315
0.09733922
0.09394867
0.09019895
0.08635803
0.08255235
0.07877274
0.07492253
0.07086598
0.06651205
0.06191427
0.05734854
0.05320654
0.04966525
0.04660392
0.04378246
0.04101919
0.03831947
0.03585535
0.03385069
0.03241218
0.03135499
0.030276
0.02902332
0.02786384
0.0272123
0.02742315
0.02863281
0.03068659
0.03325498
0.03618473
0.03947124
0.04305761
0.04669357
0.05007527
0.05332531
0.05686116
0.06080029
0.06472936
0.06790299
0.06989095
0.07084509
0.07119515
0.07136201
0.07149141
0.07144915
0.07095591
0.06977734
0.06795848
0.06585981
0.06380706
0.06181285
0.05960048
0.0568841
0.05372433
0.05053915
0.04787251
0.04601545
0.04484779
0.04399861
0.04316593
0.042305
0.04139305
0.04026962
0.03871392
0.0367337
0.03471887
0.03306102
0.03183926
0.03080183
0.02968605
0.02859119
0.02782826
0.02763866
0.02800816
0.02862588
0.02906893
0.02906572
0.02863754
0.02795068
0.02714164
0.02619155
0.02513682
0.0242249
0.02367919
0.02347885
0.02328367
0.02259025
0.02105019
0.01873202
0.01610353
0.01361962
0.01160198
0.01019448
0.009256751
0.008509755
0.007978585
0.00791159
0.008425389
0.009440074
0.01074448
0.01211587
0.01333788
0.01418813
0.0144961
0.01417411
0.01317342
0.0115957
0.009816644
0.008256843
0.007078719
0.006271705
0.005712167
0.005127327
0.00423801
0.002937258
0.001202171
-0.0009607555
-0.003430298
-0.006010988
-0.008586423
-0.01112631
-0.01364804
-0.01620401
-0.01885774
-0.02165544
-0.02458214
-0.02752738
-0.0302873
-0.03273584
-0.03505708
-0.03745909
-0.03979241
-0.04169868
-0.04285735
-0.04312965
-0.04250231
-0.0409584
-0.03871637
-0.03631264
-0.03423961
-0.03278342
-0.03200076
-0.03176945
-0.03190808
-0.03230227
-0.03287269
-0.03350936
-0.03416347
-0.03487839
-0.03554833
-0.03592125
-0.0359001
-0.03555057
-0.03499573
-0.03444821
-0.034108
-0.03388793
-0.03349446
-0.03272697
-0.03164106
-0.03053437
-0.02971062
-0.02931015
-0.02924876
-0.02929029
-0.02914853
-0.02849955
-0.02704576
-0.02457131
-0.02085096
-0.01566815
-0.009257365
-0.002425075
0.004003232
0.009464358
0.01370747
0.0164739
0.01759045
0.0175628
0.01730284
0.01731699
0.01777199
0.01869491
0.01994214
0.02128654
0.0226019
0.02387194
0.02513277
0.02643624
0.02780855
0.02922318
0.03058713
0.0317592
0.03260428
0.0330813
0.03329707
0.03340152
0.03340596
0.03317387
0.0325028
0.03123385
0.02930259
0.02675825
0.02395351
0.02149564
0.01978011
0.01895288
0.01917508
0.02041433
0.02227188
0.02420109
0.02572515
0.02665413
0.0270358
0.02696385
0.02644048
0.0253997
0.02384287
0.0218556
0.01947632
0.01658269
0.01293453
0.008391309
0.003092726
-0.002518963
-0.00774691
-0.01188895
-0.01464682
-0.01609809
-0.01625151
-0.01510362
-0.0127706
-0.009464306
-0.005590192
-0.001714788
0.001687395
0.0044586
0.006494558
0.007653118
0.00797107
0.007779855
0.007551532
0.007510229
0.007455231
0.007012454
0.0058561
0.003854364
0.001138354
-0.001924825
-0.004850674
-0.007217036
-0.008842362
-0.00957611
-0.009112881
-0.007252557
-0.00408921
0.0001393592
0.005085432
0.01039149
0.01573528
0.02079988
0.02526482
0.02890765
0.0317428
0.03404487
0.03616761
0.03815566
0.03983262
0.04113056
0.04210135
0.04287206
0.04367803
0.04471762
0.04588407
0.04685756
0.04734616
0.04722801
0.04656906
0.04545003
0.04386524
0.0416888
0.03885032
0.03547827
0.03182758
0.02820061
0.02480945
0.02174422
0.01907051
0.01701563
0.01590286
0.0159252
0.01698047
0.01868095
0.0206186
0.02256123
0.02457839
0.02682132
0.02929335
0.03194218
0.03470486
0.03745056
0.03995003
0.04190034
0.04303475
0.04320525
0.0423585
0.04060401
0.03816497
0.03518122
0.03164033
0.02754211
0.02298449
0.01804589
0.01271215
0.006888699
0.000596471
-0.005809331
-0.01162386
-0.01624858
-0.01959625
-0.02183381
-0.02321646
-0.02407497
-0.02483367
-0.0258848
-0.0273512
-0.02902834
-0.03062678
-0.03202335
-0.03335751
-0.03466407
-0.03573071
-0.03655902
-0.03732782
-0.03798866
-0.03838655
-0.03843027
-0.03797401
-0.03685282
-0.03503946
-0.03269523
-0.03009352
-0.02750085
-0.02511879
-0.02307381
-0.02137276
-0.01990957
-0.01861506
-0.0175369
-0.01676531
-0.01631544
-0.01607892
-0.01594523
-0.01591609
-0.01607512
-0.01649793
-0.01714095
-0.0177535
-0.01796494
-0.01762226
-0.01693406
-0.01628145
-0.01599247
-0.016158
-0.016696
-0.01739041
-0.01788524
-0.01788729
-0.01741708
-0.01674987
-0.01620424
-0.01589373
-0.01577629
-0.01587985
-0.01630987
-0.01715059
-0.01834057
-0.0196685
-0.02092339
-0.02191876
-0.02251364
-0.02269044
-0.02252268
-0.02200881
-0.02111747
-0.01984261
-0.01811082
-0.01580497
-0.01290201
-0.009507362
-0.005742586
-0.001659623
0.002735712
0.007321461
0.01171802
0.01533359
0.01773733
0.01895577
0.01934059
0.01936603
0.01931504
0.01928879
0.01931953
0.01941673
0.01958361
0.01978314
0.01988921
0.01966335
0.01881527
0.01716103
0.01478756
0.01195906
0.008854612
0.005612325
0.002340205
-0.001039497
-0.004640547
-0.008333601
-0.01185083
-0.01500885
-0.01782114
-0.02045853
-0.02305734
-0.0256825
-0.02834194
-0.03097727
-0.03347307
-0.03568344
-0.0374927
-0.03883143
-0.03959772
-0.03970463
-0.03927042
-0.03866832
-0.03834292
-0.03853423
-0.03912802
-0.03980709
-0.04026892
-0.04044168
-0.04040181
-0.04023281
-0.04004163
-0.03998581
-0.04026261
-0.04102611
-0.04224241
-0.04353539
-0.04435272
-0.044475
-0.04390198
-0.04245693
-0.03971927
-0.03527466
-0.02915128
-0.02191649
-0.01423512
-0.006406011
0.001690318
0.01000127
0.01821673
0.02614157
0.03364351
0.0405686
0.04688054
0.05270531
0.0581672
0.06326395
0.06780366
0.07153849
0.07430321
0.07601246
0.07676898
0.0768348
0.07642931
0.07566119
0.07464453
0.07348817
0.07215892
0.07052357
0.06846703
0.06600988
0.0633064
0.06051438
0.05782171
0.05548538
0.05377148
0.05281294
0.0524898
0.0525734
0.05293585
0.05345257
0.05385625
0.0537348
0.05278254
0.051065
0.0488344
0.04626437
0.04327364
0.03959856
0.03496715
0.02922731
0.02245632
0.015024
0.007475652
0.0001726356
-0.006772285
-0.01337335
-0.01956508
-0.02515103
-0.0299246
-0.03375568
-0.03663826
-0.03875813
-0.04050351
-0.04223473
-0.04391121
-0.04483951
-0.0442303
-0.0417577
-0.03759027
-0.03232519
-0.02668177
-0.02141798
-0.01716323
-0.01406842
-0.0119126
-0.01060223
-0.01004337
-0.009961801
-0.01009274
-0.01021181
-0.01004314
-0.009278951
-0.00773209
-0.00556605
-0.003271304
-0.001227686
0.0004505945
0.001872903
0.003202097
0.004502513
0.005732515
0.006792688
0.007609424
0.008231026
0.008807822
0.009399906
0.01001675
0.01081359
0.01191479
0.01321453
0.01450496
0.01558526
0.01630556
0.01664858
0.0167472
0.01674364
0.01670096
0.0166364
0.0165681
0.01654825
0.0166617
0.01697937
0.01746835
0.01791021
0.01793561
0.01729709
0.01600951
0.0140867
0.01152178
0.008463338
0.005230676
0.002159159
-0.0006350775
-0.003273685
-0.005874082
-0.008487525
-0.01112059
-0.01374709
-0.01634162
-0.0189111
-0.02151702
-0.0242651
-0.02725634
-0.03049889
-0.03383356
-0.03701613
-0.03989713
-0.04232275
-0.04404391
-0.0448665
-0.04478657
-0.04397631
-0.04279656
-0.04160621
-0.04035402
-0.03865922
-0.03642884
-0.03385348
-0.03110545
-0.02835897
-0.02584155
-0.02380594
-0.02242866
-0.02170623
-0.02146251
-0.02144339
-0.02146777
-0.02145155
-0.02137065
-0.02124867
-0.02115578
-0.02120358
-0.02150964
-0.02212031
-0.02290951
-0.02357789
-0.0238555
-0.02357284
-0.02252883
-0.02062421
-0.0179912
-0.01484524
-0.01143886
-0.008197042
-0.00564558
-0.004157977
-0.003885172
-0.004814744
-0.006921174
-0.01008981
-0.01404709
-0.01841011
-0.02276641
-0.02661746
-0.02954152
-0.03157181
-0.03311878
-0.03454134
-0.03573399
-0.03625551
-0.03603919
-0.03549504
-0.03513819
-0.03528484
-0.03589276
-0.03667703
-0.03727615
-0.03742188
-0.0368714
-0.03538014
-0.03289966
-0.02961358
-0.02575559
-0.0217699
-0.01830595
-0.01571872
-0.01391276
-0.01269888
-0.01188776
-0.0112794
-0.01056604
-0.009381335
-0.007597789
-0.005364013
-0.002926888
-0.0004589294
0.002044181
0.004726945
0.007755573
0.01115115
0.01462072
0.01757365
0.01944034
0.01990997
0.01896471
0.01688546
0.01410769
0.01102244
0.007977605
0.005349773
0.003381128
0.002021735
0.001165805
0.0007617071
0.0006742932
0.0006716243
0.0005418607
0.0001137045
-0.0007058044
-0.001851373
-0.003149488
-0.004486773
-0.005816832
-0.007117885
-0.008381728
-0.00961064
-0.01083326
-0.01212096
-0.01358985
-0.01536293
-0.01749351
-0.01990218
-0.02245492
-0.02509941
-0.02783539
-0.03062919
-0.03334843
-0.03574454
-0.03752882
-0.03855379
-0.03895419
-0.03910007
-0.03947414
-0.0404108
-0.04191631
-0.04363
-0.04500581
-0.04562543
-0.04552574
-0.04503665
-0.0443599
-0.04332327
-0.04150503
-0.03867636
-0.03488119
-0.0302795
-0.02517109
-0.01999248
-0.01517038
-0.01105655
-0.007891335
-0.005781748
-0.004666388
-0.004286995
-0.004269485
-0.004390391
-0.004525088
-0.004526085
-0.004214201
-0.003456011
-0.002328028
-0.001262974
-0.0009190834
-0.001587892
-0.003036806
-0.005053546
-0.007447328
-0.009909626
-0.01213114
-0.01392378
-0.01527006
-0.01626458
-0.01699849
-0.0176143
-0.01829243
-0.01904918
-0.01978837
-0.02050772
-0.02117365
-0.02162992
-0.02184253
-0.02194637
-0.0220132
-0.02200822
-0.0218369
-0.02141415
-0.02076641
-0.02009226
-0.01964114
-0.0195392
-0.0198766
-0.0207476
-0.02212579
-0.02383267
-0.02561985
-0.02714185
-0.02806951
-0.02842996
-0.02856102
-0.02867516
-0.02876812
-0.0286726
-0.02813846
-0.02699602
-0.02531324
-0.02339493
-0.02158765
-0.0200304
-0.01861456
-0.01723688
-0.0158968
-0.0146932
-0.01378083
-0.01326543
-0.01309001
-0.0130675
-0.01305483
-0.01298728
-0.01287469
-0.01281437
-0.01297284
-0.01352771
-0.0145604
-0.01600862
-0.0177589
-0.01965915
-0.02149299
-0.02313216
-0.02468328
-0.02631514
-0.02808889
-0.02995477
-0.03189895
-0.03407796
-0.03658104
-0.03925163
-0.04182226
-0.04398649
-0.0454595
-0.04612723
-0.04604944
-0.04519711
-0.04347661
-0.04092374
-0.03765498
-0.03377992
-0.02957627
-0.02541537
-0.0213026
-0.01697378
-0.01223726
-0.007164097
-0.002096795
0.002581379
0.006618967
0.009988931
0.01287272
0.015538
0.01816553
0.02081311
0.02346872
0.02609687
0.02868427
0.03126372
0.03391321
0.03671734
0.03970322
0.04276822
0.04565419
0.04811158
0.05020856
0.05216763
0.05406771
0.05601368
0.05819974
0.06065126
0.06324584
0.0659063
0.06860649
0.07131593
0.0739563
0.07637602
0.07837679
0.07980395
0.08060224
0.08075167
0.08022878
0.07897548
0.07710006
0.07495959
0.07285105
0.07081029
0.06867095
0.06631527
0.06391305
0.06178731
0.06018571
0.05913729
0.05844135
0.05784347
0.05721873
0.05659208
0.0558963
0.05498652
0.0538627
0.05258295
0.0511233
0.04942512
0.04749308
0.04544779
0.04342816
0.04151446
0.03991649
0.03893676
0.03863127
0.03887302
0.03960848
0.0407481
0.04207839
0.04338771
0.04448356
0.04519268
0.04543822
0.04526842
0.0447613
0.0440623
0.04344013
0.04313893
0.0432416
0.04377879
0.04473269
0.04594807
0.04719538
0.04831666
0.04925198
0.05004142
0.05079735
0.05153262
0.05200836
0.05197168
0.05135844
0.05021012
0.04860408
0.04658413
0.04425877
0.04183893
0.03944941
0.03703752
0.03437845
0.03115103
0.02709989
0.02227344
0.01701712
0.01161779
0.006296519
0.001303597
-0.003105359
-0.006764753
-0.009717062
-0.01209589
-0.01388789
-0.01506468
-0.01573332
-0.01605966
-0.01618334
-0.01608502
-0.01564826
-0.01481031
-0.01370651
-0.01264726
-0.0118872
-0.01150973
-0.0114313
-0.01153075
-0.01169967
-0.01178208
-0.01154447
-0.0107137
-0.009114076
-0.006766281
-0.003840767
-0.0006356001
0.002553382
0.005594478
0.008508273
0.01119497
0.0133381
0.01453316
0.01455231
0.01351393
0.01172962
0.009490972
0.006804375
0.003666152
0.0003101368
-0.003092088
-0.006631831
-0.01057394
-0.01505862
-0.01987315
-0.02472227
-0.02947797
-0.03416718
-0.03878316
-0.04310812
-0.04691831
-0.05018543
-0.05298723
-0.05541397
-0.05745655
-0.05909186
-0.06034872
-0.06121947
-0.06169412
-0.06185532
-0.06182046
-0.06163218
-0.06129233
-0.06082969
-0.06030152
-0.05965962
-0.05865565
-0.0571299
-0.05522349
-0.05324893
-0.05150964
-0.05012114
-0.04910334
-0.04848879
-0.04826867
-0.04841888
-0.0490112
-0.05009406
-0.05157391
-0.05327727
-0.05495124
-0.05628777
-0.05716112
-0.057779
-0.05835923
-0.05900389
-0.0599098
-0.06122695
-0.0628064
-0.06430991
-0.06548569
-0.06644679
-0.06747541
-0.06856916
-0.06950984
-0.07008951
-0.07022313
-0.06994915
-0.0693138
-0.068431
-0.06748831
-0.06655483
-0.06550188
-0.06412076
-0.06242692
-0.06081853
-0.05967893
-0.05910007
-0.05900737
-0.05925978
-0.05975077
-0.0603669
-0.06101006
-0.06176392
-0.06274868
-0.06383949
-0.06476367
-0.06531805
-0.0654851
-0.06541279
-0.06525531
-0.06516904
-0.06533253
-0.06589063
-0.06685393
-0.06801343
-0.06903257
-0.06965137
-0.06979772
-0.06956892
-0.0690732
-0.06843434
-0.06779682
-0.06715617
-0.06634778
-0.06531599
-0.0641265
-0.06275467
-0.06107198
-0.05892057
-0.05621436
-0.05295125
-0.04907571
-0.0444477
-0.03893826
-0.03271664
-0.02630829
-0.02020876
-0.01477832
-0.010236
-0.006667
-0.004014808
-0.002095147
-0.0005675976
0.0008983268
0.002284143
0.003228255
0.003619178
0.003696304
0.003679237
0.0037044
0.003830472
0.00399274
0.003985337
0.003490701
0.00220082
-5.464998e-05
-0.003245854
-0.007094618
-0.01117826
-0.01516165
-0.01897362
-0.02244037
-0.02524423
-0.02748843
-0.0295575
-0.03157808
-0.0335315
-0.03538579
-0.03692659
-0.03789186
-0.0382478
-0.03802107
-0.03709264
-0.03536016
-0.03288961
-0.02988818
-0.02669076
-0.02362029
-0.02075126
-0.01790086
-0.01490041
-0.01171719
-0.008414144
-0.004981759
-0.00133598
0.0024002
0.005932766
0.009077333
0.01191149
0.01475187
0.01791877
0.02154467
0.02549899
0.02946823
0.03311842
0.03618948
0.0386319
0.04067526
0.04260375
0.04450927
0.04649578
0.04873618
0.05122476
0.05382159
0.05644661
0.05908493
0.06174649
0.06442807
0.06708137
0.06960059
0.07185437
0.07375647
0.07535071
0.0767574
0.07798617
0.07894822
0.07956384
0.0798683
0.07999005
0.07994899
0.07965874
0.07902268
0.07804133
0.07681363
0.07536953
0.0736912
0.07182112
0.06993528
0.06825912
0.06678639
0.06527642
0.06348024
0.06123155
0.05843242
0.05494629
0.05067356
0.04568142
0.04009454
0.03397397
0.02750766
0.02110266
0.01520227
0.01016626
0.006173468
0.003162547
0.0009107436
-0.0007029661
-0.001804364
-0.002637564
-0.003321688
-0.003770455
-0.003994989
-0.004142913
-0.004277864
-0.004321299
-0.004065202
-0.003235204
-0.001640321
0.0007108078
0.003732441
0.007402822
0.01157556
0.01587102
0.01987669
0.02338329
0.02651295
0.02942454
0.03219328
0.03502977
0.03805214
0.04094729
0.04335275
0.0452419
0.04684593
0.04849034
0.05034849
0.05234164
0.05421756
0.0558041
0.05705342
0.05784902
0.05803283
0.0574647
0.05599084
0.05347189
0.04982144
0.04518291
0.03997432
0.03470951
0.02986079
0.02581335
0.02273282
0.02047149
0.01875578
0.0174312
0.0165842
0.01641982
0.01704835
0.01837927
0.02013728
0.02197023
0.02362629
0.02517705
0.02687031
0.02883094
0.03091848
0.03279222
0.03418487
0.0349413
0.03498233
0.0344761
0.03380096
0.033153
0.03257602
0.03216567
0.03190855
0.03159653
0.03107646
0.03040683
0.029835
0.02958252
0.02966875
0.03002518
0.03055403
0.03113572
0.03177406
0.03266266
0.03388729
0.0352631
0.03650276
0.03729708
0.03741426
0.03688176
0.0359587
0.03479831
0.0335304
0.03244747
0.03164768
0.03083992
0.0297684
0.02834367
0.02647281
0.02411607
0.02134381
0.01824745
0.01496016
0.01172071
0.008756822
0.006147167
0.003950945
0.002265363
0.001142366
0.0005886728
0.0006717425
0.001535236
0.003254695
0.005578549
0.007962406
0.009925659
0.01117908
0.01163862
0.01136515
0.0105193
0.009254279
0.007665116
0.005794365
0.003755353
0.00173701
-0.0001732405
-0.001875189
-0.003160057
-0.003988587
-0.004527553
-0.004757695
-0.004573561
-0.00401006
-0.003008469
-0.001363237
0.0008911414
0.003462139
0.006134531
0.00877772
0.011272
0.01349937
0.01536452
0.01681273
0.01775502
0.01803282
0.01759274
0.01659864
0.01526562
0.01361524
0.01138272
0.008583231
0.00568814
0.002993347
0.0005354202
-0.001684378
-0.003691123
-0.005472665
-0.006820243
-0.007525999
-0.007733596
-0.007792777
-0.007991222
-0.008502127
-0.009343275
-0.01035623
-0.01135799
-0.01233298
-0.01344923
-0.01486394
-0.01643823
-0.01795409
-0.01948823
-0.02126555
-0.02342583
-0.02591265
-0.02851515
-0.03103228
-0.03332666
-0.03535776
-0.03722871
-0.03908625
-0.04095638
-0.04289429
-0.04508266
-0.04757362
-0.05022185
-0.05288111
-0.05543976
-0.05781521
-0.05999543
-0.06207474
-0.06423276
-0.0665396
-0.06877814
-0.07063607
-0.07196725
-0.07288954
-0.07358776
-0.07398675
-0.07395572
-0.07353502
-0.07283372
-0.07190212
-0.070639
-0.06903222
-0.06727709
-0.06540488
-0.063227
-0.06064811
-0.05769274
-0.0544399
-0.05111104
-0.04801605
-0.04529184
-0.04292043
-0.04086941
-0.03904654
-0.03732338
-0.03570942
-0.0342346
-0.03278712
-0.03143305
-0.03052287
-0.03015445
-0.03007997
-0.03010097
-0.03012284
-0.03010569
-0.03005525
-0.03000261
-0.02998649
-0.0300297
-0.03011584
-0.03016584
-0.03003728
-0.02956097
-0.02862944
-0.02725498
-0.02551116
-0.02351902
-0.02152376
-0.0198021
-0.0184654
-0.01753136
-0.01700643
-0.01679881
-0.01673778
-0.01673964
-0.01679167
-0.01687219
-0.01690207
-0.01672703
-0.0161646
-0.01511587
-0.01364634
-0.01192652
-0.01020888
-0.00882778
-0.008003863
-0.007653506
-0.007652846
-0.008061109
-0.009011859
-0.01050376
-0.01230058
-0.01414911
-0.01593856
-0.01747322
-0.01839885
-0.01842182
-0.01773837
-0.01709023
-0.01691721
-0.01699738
-0.01691066
-0.01624384
-0.0147524
-0.01260523
-0.01033377
-0.008349915
-0.006729566
-0.005228218
-0.003490083
-0.001310315
0.001225848
0.003798648
0.006095218
0.007950069
0.009449197
0.0109832
0.01293778
0.01514283
0.01705276
0.01825283
0.01872335
0.01879796
0.01874865
0.01870934
0.0187274
0.01878365
0.01883073
0.0188308
0.01879157
0.01879221
0.0189856
0.01956663
0.02070299
0.02252966
0.02518017
0.02856794
0.03228749
0.0359043
0.03911343
0.04173325
0.04363734
0.04473886
0.0451871
0.04535733
0.0454568
0.04548419
0.04533975
0.04492837
0.04428231
0.04362718
0.04324772
0.04325269
0.04361666
0.04424533
0.0449234
0.0454113
0.0456511
0.04566498
0.04540436
0.04480326
0.04389513
0.04288128
0.04201051
0.04136163
0.04076491
0.03992645
0.03873552
0.03728709
0.03575116
0.03438437
0.03351036
0.03339062
0.03401885
0.03502254
0.0359206
0.03643886
0.03659449
0.03659538
0.03660001
0.03664097
0.03662582
0.03635833
0.03562248
0.03427592
0.03226459
0.02963078
0.02668233
0.02390398
0.02148757
0.01933043
0.01734277
0.01568007
0.01470218
0.01457475
0.01518287
0.01632376
0.01759297
0.01846495
0.01880254
0.01888436
0.01894279
0.01904567
0.01911453
0.01895473
0.01836671
0.01730846
0.01604857
0.01507742
0.01461757
0.01445819
0.01439038
0.01435584
0.01442837
0.0147768
0.01555848
0.01678969
0.01833835
0.02004595
0.02171318
0.02316543
0.02448172
0.02582542
0.02699925
0.02771369
0.02792681
0.02758638
0.02653735
0.02468818
0.0221113
0.01902518
0.01575827
0.01263154
0.009751978
0.007088451
0.004679159
0.002604393
0.0008659721
-0.0007201186
-0.002454577
-0.004500161
-0.006760564
-0.008933222
-0.01076438
-0.01224236
-0.01357696
-0.01486765
-0.01588654
-0.01651745
-0.01688024
-0.01688594
-0.01622482
-0.01460759
-0.01206904
-0.009067315
-0.006147602
-0.003688573
-0.001766062
-0.0003925546
0.0003922113
0.0008677505
0.001566051
0.002757629
0.004244592
0.005486458
0.006077518
0.005853178
0.004574881
0.002099955
-0.001396741
-0.005513722
-0.009724753
-0.01356816
-0.01686999
-0.01986584
-0.02285213
-0.02586313
-0.02866167
-0.03096416
-0.03268257
-0.03373905
-0.03391489
-0.03305338
-0.03125391
-0.02884956
-0.02624831
-0.02374491
-0.02153349
-0.01972486
-0.01833292
-0.01735165
-0.01681635
-0.01666675
-0.01668622
-0.01665278
-0.01636606
-0.0156672
-0.01453288
-0.01308406
-0.01144433
-0.009743546
-0.008131195
-0.00662785
-0.005190347
-0.004149763
-0.004029427
-0.00486484
-0.006158608
-0.007257944
-0.007837708
-0.007953483
-0.00761361
-0.006775399
-0.005532092
-0.00425712
-0.003442628
-0.003169502
-0.003173313
-0.003231815
-0.003221434
-0.003103666
-0.002938201
-0.002874398
-0.003112518
-0.003814228
-0.004978453
-0.006351388
-0.007642417
-0.008935117
-0.01042451
-0.01213422
-0.01423457
-0.01704026
-0.02057355
-0.02444802
-0.0281069
-0.03128577
-0.0341222
-0.03670535
-0.03895825
-0.04074414
-0.04201417
-0.04289341
-0.04356837
-0.04415768
-0.04460693
-0.04490463
-0.04523668
-0.04577024
-0.04648388
-0.04715001
-0.04750917
-0.04744501
-0.04691251
-0.04595117
-0.04478766
-0.04375846
-0.04310969
-0.04288882
-0.04296343
-0.04317749
-0.04335016
-0.04321918
-0.04247717
-0.04089949
-0.03852591
-0.03560904
-0.03233434
-0.02887273
-0.02541831
-0.02199375
-0.01838789
-0.01429073
-0.009643625
-0.004838508
-0.0003710152
0.003492152
0.006795456
0.009701856
0.01225454
0.01460852
0.01703669
0.01946538
0.0215032
0.02281785
0.02339083
0.02352729
0.02351011
0.02348171
0.02348979
0.02352512
0.02356037
0.02357789
0.02358105
0.02358793
0.02361425
0.0236562
0.02368314
0.02364936
0.02352734
0.02335159
0.02324994
0.02342714
0.02407409
0.02520445
0.0264886
0.02730206
0.02721331
0.02632055
0.02496716
0.02337394
0.02135309
0.0187352
0.01571343
0.01239964
0.008752529
0.004934493
0.001297858
-0.001823317
-0.004238731
-0.005940186
-0.006986925
-0.007457629
-0.007360904
-0.006594788
-0.005060793
-0.002878085
-0.0003404181
0.002374124
0.005170423
0.007921231
0.01042172
0.01241614
0.01372377
0.01442955
0.01488803
0.01535782
0.01579494
0.01593235
0.01557256
0.01480098
0.0137401
0.01249381
0.0113909
0.01073108
0.01040131
0.01016161
0.009975246
0.010039
0.010684
0.01216071
0.01433639
0.01661975
0.01833518
0.01902617
0.01859193
0.01721437
0.01517423
0.01280225
0.01043145
0.008233696
0.00622891
0.004406826
0.002919883
0.002012751
0.001648875
0.001559373
0.001567289
0.001598966
0.001620877
0.001616
0.001567651
0.00146782
0.001342526
0.001281119
0.001438238
0.00198308
0.002988184
0.004303126
0.005629494
0.006936616
0.008439721
0.0100791
0.01167016
0.0132571
0.01494385
0.0166936
0.01830494
0.0195714
0.02042799
0.02069501
0.02002972
0.01838914
0.01616809
0.0139008
0.01206952
0.01091709
0.01033108
0.01003115
0.01003686
0.0106821
0.01235669
0.01514724
0.0186733
0.02236532
0.02563527
0.02811215
0.02984597
0.0312337
0.03258786
0.03399347
0.03533974
0.0363723
0.03681935
0.0365551
0.03566301
0.03431815
0.03269646
0.03091813
0.0290892
0.02723207
0.02511354
0.02246203
0.01925449
0.01568911
0.01204854
0.008480352
0.004971877
0.001488008
-0.001772101
-0.004366577
-0.006009025
-0.006794311
-0.007123596
-0.007447453
-0.008006949
-0.008791109
-0.009661959
-0.01052896
-0.01120714
-0.0113387
-0.01070867
-0.009416864
-0.007709001
-0.005716
-0.003292695
-0.0003606412
0.002840139
0.00590043
0.008466405
0.01048438
0.01217302
0.01383692
0.01559996
0.01730566
0.01861912
0.01934477
0.01957167
0.01936701
0.01870763
0.01763742
0.01640914
0.01538883
0.01459205
0.01367096
0.01243877
0.01091641
0.009196302
0.007470781
0.005932897
0.004552452
0.003298797
0.002414616
0.001979321
0.001658666
0.001111809
0.000203231
-0.0009914763
-0.002310667
-0.00364548
-0.004951452
-0.006229637
-0.007508485
-0.008819329
-0.01017355
-0.01154541
-0.012869
-0.01405401
-0.0150289
-0.01579794
-0.0164866
-0.01723776
-0.01795866
-0.01840785
-0.01843066
-0.01792516
-0.01684592
-0.0153506
-0.01379782
-0.01250196
-0.01147603
-0.01044127
-0.009306071
-0.008304186
-0.007711617
-0.007663816
-0.008077915
-0.008729392
-0.009417234
-0.01017118
-0.01110133
-0.01218087
-0.01336234
-0.0146771
-0.0161932
-0.01793087
-0.01976767
-0.02138173
-0.02238969
-0.02270028
-0.02250809
-0.02196999
-0.0212359
-0.02048371
-0.01976518
-0.01908794
-0.0186537
-0.01868632
-0.01917521
-0.019919
-0.02066727
-0.02130613
-0.02174062
-0.02176558
-0.02131526
-0.02050351
-0.01926113
-0.01746689
-0.01523695
-0.0127213
-0.00989832
-0.006673493
-0.003056752
0.0007238075
0.004306318
0.007378039
0.009800722
0.01163154
0.01298185
0.01393837
0.01453181
0.01484554
0.01502707
0.01508608
0.01487988
0.0141991
0.0128909
0.01092447
0.008307785
0.005074534
0.001297055
-0.002739877
-0.006575169
-0.009998016
-0.01301659
-0.01550214
-0.01740648
-0.01895079
-0.02031186
-0.0214747
-0.02231544
-0.0227251
-0.02267963
-0.02218195
-0.02128802
-0.02020476
-0.01921496
-0.01847049
-0.01791679
-0.01737685
-0.0167747
-0.0160879
-0.01519443
-0.01407888
-0.01297239
-0.01213972
-0.01170943
-0.01162226
-0.01171362
-0.01183009
-0.01182224
-0.011541
-0.01088582
-0.009887275
-0.00871621
-0.007521021
-0.006314601
-0.004985423
-0.003361538
-0.001322241
0.001058845
0.003497746
0.005704713
0.007503654
0.008850785
0.009751998
0.01021779
0.01036695
0.01041784
0.01050561
0.01065219
0.01078066
0.01071975
0.01025453
0.009231191
0.007699475
0.005895163
0.003910611
0.001626814
-0.0009406724
-0.003572979
-0.0059899
-0.007897211
-0.009081461
-0.009545003
-0.009407513
-0.008625075
-0.007129511
-0.005038184
-0.00267023
-0.0004897726
0.001103955
0.001906184
0.001883033
0.0009375321
-0.001059838
-0.004007019
-0.007542691
-0.01125325
-0.0147972
-0.01797439
-0.0207373
-0.02309816
-0.02500988
-0.02646903
-0.02759746
-0.028548
-0.02951412
-0.0307073
-0.03213537
-0.03356283
-0.03491954
-0.0362632
-0.03735533
-0.03795444
-0.03817287
-0.03818521
-0.03802184
-0.03760722
-0.03684027
-0.03563176
-0.03384602
-0.03135803
-0.02825968
-0.02493466
-0.02189499
-0.01951641
-0.01785268
-0.01669788
-0.01569679
-0.01457317
-0.01334359
-0.01225292
-0.0112632
-0.01001979
-0.008380299
-0.006469723
-0.004479839
-0.002478167
-0.0004370114
0.001510742
0.003162281
0.004452378
0.005370456
0.005914332
0.006164345
0.006234335
0.006117959
0.00572902
0.005018777
0.004074031
0.003066651
0.002050498
0.0009473856
-0.0002968588
-0.001447653
-0.002145881
-0.002471793
-0.00282893
-0.003535656
-0.00468685
-0.006173395
-0.007851001
-0.009550896
-0.011101
-0.01250597
-0.01383923
-0.01476159
-0.01471583
-0.01346643
-0.01096691
-0.007253277
-0.002750864
0.001817202
0.006050974
0.009999123
0.01392034
0.01778769
0.02128518
0.02433908
0.02704026
0.02935273
0.03119888
0.03263001
0.03389648
0.03520746
0.03645731
0.03757906
0.03869024
0.03964623
0.04005281
0.03966317
0.03863551
0.03741817
0.03614578
0.03464694
0.03293728
0.03106625
0.02889951
0.02640352
0.02376702
0.02120234
0.0188888
0.01694104
0.01532852
0.01391645
0.01267282
0.01168169
0.0110367
0.01071986
0.0105854
0.01053171
0.0105421
0.01063314
0.01079512
0.01093264
0.01084171
0.01026514
0.009041887
0.007308636
0.005504289
0.003986797
0.002872631
0.002212145
0.001951974
0.001893415
0.001841955
0.00171782
0.001562866
0.001521353
0.001793832
0.002533809
0.003711013
0.005025723
0.006145467
0.007097481
0.008015713
0.008862356
0.00964311
0.01055687
0.01193272
0.01394228
0.01640524
0.01905699
0.02172255
0.02428194
0.02664842
0.02877467
0.03068271
0.03240167
0.03381066
0.03482282
0.03562433
0.03640464
0.03715557
0.03787289
0.03853617
0.03894301
0.03892429
0.03855544
0.03802605
0.03743275
0.036588
0.03522925
0.03331202
0.03099754
0.0285273
0.02600753
0.02337522
0.02046766
0.01713191
0.01337927
0.009471248
0.005690662
0.002015412
-0.0015646
-0.004791549
-0.007411664
-0.009425636
-0.01108145
-0.01244037
-0.01313766
-0.01297929
-0.01222482
-0.01125135
-0.0103706
-0.009667652
-0.008943567
-0.007879116
-0.006372358
-0.004569064
-0.002640971
-0.0005881427
0.001731816
0.004268178
0.006715969
0.00871492
0.009975835
0.01035979
0.009879647
0.008727789
0.00721444
0.005686976
0.004345502
0.003021085
0.001388114
-0.0004620635
-0.002146176
-0.003361689
-0.003861782
-0.003516562
-0.002489486
-0.001138811
0.0002742734
0.001581675
0.002647228
0.003378692
0.003777079
0.003953873
0.004004279
0.003892778
0.003496342
0.002706936
0.001502285
-0.0001065014
-0.002131351
-0.004504011
-0.007064757
-0.009732709
-0.01247787
-0.01522886
-0.01782193
-0.02000718
-0.02154381
-0.02237441
-0.02269347
-0.02270767
-0.02245097
-0.02187564
-0.02100627
-0.02001579
-0.01910857
-0.01835648
-0.01766938
-0.01693988
-0.01627791
-0.01588665
-0.01588371
-0.01638771
-0.01749351
-0.01912979
-0.02105318
-0.02301339
-0.02494065
-0.02692245
-0.02893324
-0.03086486
-0.03268768
-0.03431606
-0.03559799
-0.03658807
-0.03742479
-0.03794175
-0.03784991
-0.03701945
-0.03548411
-0.03342073
-0.03102778
-0.02843022
-0.02561744
-0.02253665
-0.01924274
-0.01596903
-0.0129944
-0.01044367
-0.008341036
-0.006624472
-0.005060641
-0.003333036
-0.001288511
0.0009580725
0.003098954
0.004910896
0.006423687
0.00785465
0.009230648
0.01021537
0.01060699
0.01049476
0.009920356
0.008930975
0.007677789
0.00631133
0.004943017
0.003691158
0.002693188
0.002059447
0.001780167
0.001724084
0.001797861
0.001947605
0.002081411
0.002031784
0.001577133
0.0005513178
-0.0009892649
-0.00270809
-0.004278496
-0.005657534
-0.006931224
-0.0081854
-0.009487638
-0.01086268
-0.0122727
-0.01361011
-0.01472099
-0.0154675
-0.0158267
-0.01592827
-0.01593032
-0.01591853
-0.01592087
-0.01593624
-0.01595486
-0.01597099
-0.01598619
-0.01600316
-0.01601827
-0.01601731
-0.01598294
-0.01591091
-0.01583165
-0.01581942
-0.01597644
-0.01637563
-0.01697798
-0.01755894
-0.01781046
-0.01763425
-0.01714054
-0.01641466
-0.01533985
-0.0136739
-0.01143241
-0.008888279
-0.006236298
-0.003573992
-0.0009615982
0.001574291
0.004044321
0.006516794
0.009120972
0.01201919
0.01531213
0.01890912
0.0224494
0.02546092
0.02767775
0.02925883
0.03059445
0.03167738
0.03230116
0.03256913
0.03271575
0.03286189
0.033005
0.03304311
0.0328173
0.0322154
0.03130573
0.03043596
0.03009646
0.03052259
0.03144442
0.03223343
0.03260804
0.03286341
0.03336567
0.0343282
0.03575671
0.03749812
0.03928028
0.04072249
0.04154429
0.04177627
0.04152559
0.04076992
0.03945892
0.03758679
0.03518967
0.03251918
0.03001702
0.0278879
0.02609849
0.02477539
0.02403293
0.02376471
0.02390317
0.02450654
0.02557295
0.02684469
0.02784497
0.02832613
0.02844855
0.02839383
0.02826197
0.02813905
0.02813078
0.02837324
0.02898305
0.02995421
0.0310853
0.03208378
0.03273308
0.03296389
0.0328021
0.03220907
0.03115512
0.029711
0.02798282
0.02611489
0.02432508
0.02275995
0.02132873
0.01986925
0.0183419
0.01688853
0.0158179
0.01548842
0.01606715
0.01733179
0.01870358
0.01953801
0.01959234
0.01892808
0.01769813
0.01623505
0.01489907
0.01367043
0.01241176
0.01118077
0.009885862
0.008278255
0.006474469
0.004824871
0.00350116
0.002553357
0.001988938
0.001719747
0.001634257
0.001761828
0.002220335
0.003063443
0.004142807
0.005141585
0.005817985
0.006126329
0.006206827
0.006218389
0.006241583
0.006282057
0.006286066
0.006169653
0.005865437
0.005373598
0.004774239
0.004098113
0.003213919
0.002067054
0.0008287446
-0.000295934
-0.001183871
-0.0018608
-0.002561783
-0.003627679
-0.005178177
-0.007015701
-0.008848298
-0.01052171
-0.01213222
-0.01382774
-0.01562905
-0.01742232
-0.01912202
-0.02081758
-0.02258246
-0.02429587
-0.0256615
-0.02645138
-0.02674255
-0.02670273
-0.02638937
-0.02583335
-0.02516167
-0.02462251
-0.02440498
-0.02450719
-0.02486889
-0.02541258
-0.02603109
-0.02671675
-0.02760403
-0.02868285
-0.02970579
-0.03044653
-0.03082725
-0.03092897
-0.03087128
-0.0307356
-0.03060505
-0.03060294
-0.0308911
-0.03160644
-0.03274605
-0.03408262
-0.03537216
-0.03669111
-0.03811668
-0.03948091
-0.04075421
-0.04201602
-0.04304689
-0.04363729
-0.04394457
-0.044174
-0.04432795
-0.04420763
-0.04351015
-0.04202172
-0.03987615
-0.03755452
-0.03546419
-0.03375801
-0.03234982
-0.03106045
-0.02976823
-0.02842704
-0.02705516
-0.02571334
-0.02447096
-0.02336343
-0.02235335
-0.02131418
-0.02010043
-0.01876905
-0.01763487
-0.01680867
-0.01608362
-0.01537928
-0.01471145
-0.01402429
-0.01336571
-0.01290954
-0.01268016
-0.01255621
-0.01248039
-0.01249229
-0.01269438
-0.01319126
-0.01399416
-0.01497419
-0.01598411
-0.01700736
-0.01814034
-0.01939526
-0.02047219
-0.02108019
-0.0213057
-0.02135153
-0.02132464
-0.02126068
-0.02117045
-0.02108566
-0.0210927
-0.02132593
-0.0219021
-0.02280755
-0.02383988
-0.02473273
-0.02532012
-0.02558736
-0.02558474
-0.0252407
-0.02441438
-0.02306543
-0.0214131
-0.01979826
-0.01822009
-0.01642144
-0.01422028
-0.011693
-0.009184928
-0.007073546
-0.005605703
-0.004806095
-0.004496449
-0.004407229
-0.004354262
-0.004266549
-0.004140849
-0.004007815
-0.003904221
-0.003853018
-0.003848938
-0.003848798
-0.00377264
-0.003523885
-0.003038845
-0.002349384
-0.001600227
-0.0009044141
-0.0002164435
0.0004876
0.001167967
0.001940057
0.002964893
0.004221945
0.005605436
0.007043383
0.008481518
0.009859496
0.01110517
0.01215642
0.01300503
0.01373897
0.01444642
0.01503546
0.01540534
0.01563306
0.01581967
0.01597239
0.01600222
0.0157622
0.01513027
0.01412988
0.01293455
0.0116838
0.01044316
0.009233242
0.008041311
0.00683744
0.005590266
0.004287644
0.002957843
0.001684751
0.0006000599
-0.0001626896
-0.0005517564
-0.0006510111
-0.0005860887
-0.0003894857
-2.253624e-05
0.0005524602
0.001337892
0.002383392
0.003823306
0.00558085
0.007330371
0.00893967
0.01047789
0.01195767
0.01327786
0.014255
0.01471507
0.01464623
0.01425116
0.01369159
0.01290565
0.01187516
0.01072368
0.009527955
0.008302722
0.007042292
0.005744625
0.004442116
0.003223577
0.002228093
0.001596901
0.001385571
0.001561323
0.002141995
0.003148984
0.004519682
0.006168958
0.008035956
0.01002866
0.01208739
0.01431806
0.01677355
0.01925848
0.02150338
0.02333508
0.02474379
0.02582753
0.0266923
0.02748402
0.02831755
0.02906365
0.02949646
0.02955671
0.02930395
0.02885826
0.0284218
0.02814393
0.02793149
0.02761008
0.02715207
0.02672509
0.02653371
0.02654729
0.02656473
0.02640806
0.02600536
0.02545828
0.0250331
0.02494155
0.02511247
0.02529298
0.02519257
0.02459152
0.02349932
0.0222436
0.0213136
0.02110409
0.02167261
0.02260869
0.02308103
0.02196863
0.0182933
0.01199819
0.004502783
-0.001725318
-0.00491357
-0.005335312
-0.004177213
-0.002551583
-0.00112551
-0.0001206472
0.0005506206
0.001191668
0.002096398
0.003240445
0.004345743
0.005183011
0.005710947
0.006041575
0.006210307
0.006094913
0.005478579
0.004201505
0.002285219
-8.506448e-05
-0.00262105
-0.005078167
-0.007273385
-0.009086475
-0.01051825
-0.01163775
-0.01239197
-0.01265751
-0.01234633
-0.01139786
-0.009869031
-0.008067997
-0.006368
-0.004848771
-0.003408086
-0.001957789
-0.0004722873
0.0009890471
0.002290768
0.003284019
0.003912602
0.004317888
0.004773954
0.005421907
0.006174089
0.006796279
0.007171075
0.007377959
0.00748029
0.007487446
0.007395415
0.007222301
0.007045884
0.006985936
0.007034557
0.006946442
0.006633327
0.00635339
0.006271421
0.006342796
0.006508591
0.006709173
0.006858485
0.006856174
0.006624899
0.006174536
0.005661434
0.005328852
0.005249322
0.005260519
0.005207731
0.005039155
0.004825164
0.004756047
0.004973181
0.00528435
0.005364391
0.005224746
0.005157877
0.005424735
0.005928116
0.006327593
0.00650304
0.006536167
0.006546896
0.006670477
0.007018975
0.007610502
0.008303886
0.008852403
0.009483143
0.009608829
0.009672331
0.009668669
0.009532819
0.009187615
0.008623883
0.007955088
0.007313577
0.006686697
0.006060166
0.005493086
0.004894663
0.00406282
0.00293886
0.001560504
-4.530136e-05
-0.001793218
-0.003462934
-0.004731039
-0.005418907
-0.005667456
-0.005652542
-0.005390576
-0.004813325
-0.003898136
-0.002737485
-0.001446473
-8.587825e-05
0.001304341
0.002662583
0.003886574
0.004849105
0.005457835
0.005736021
0.005786596
0.005628287
0.005235668
0.004653952
0.004075455
0.003739427
0.003654493
0.003641806
0.003524416
0.00318298
0.002602969
0.001902214
0.001209865
0.0005286125
-9.392534e-05
-0.0005033909
-0.0006840916
-0.0007580738
-0.0007790701
-0.0007117179
-0.0004830748
-4.777522e-05
0.0005330991
0.001080018
0.001456617
0.001689758
0.001790681
0.001639346
0.001033394
-0.0001834732
-0.002006799
-0.004279637
-0.006769977
-0.009319418
-0.01183501
-0.01422658
-0.01638639
-0.0182083
-0.01963459
-0.02062191
-0.02104776
-0.02084774
-0.02014561
-0.01919244
-0.01824198
-0.01733857
-0.01630038
-0.01489383
-0.01317164
-0.01147085
-0.009958261
-0.008630012
-0.007495996
-0.006566723
-0.005803829
-0.00510696
-0.004430012
-0.00390432
-0.003630914
-0.003530265
-0.003494992
-0.003457053
-0.00338231
-0.003278664
-0.003199337
-0.003231766
-0.003461744
-0.003915256
-0.004499459
-0.005043963
-0.005506306
-0.005992916
-0.006538604
-0.007162562
-0.007967197
-0.008920134
-0.009775242
-0.01032914
-0.01058648
-0.01077908
-0.01119711
-0.01196872
-0.01295421
-0.01382537
-0.01432714
-0.01443139
-0.01435438
-0.0144011
-0.01482223
-0.01570552
-0.01686059
-0.01789599
-0.01862556
-0.01915133
-0.01947583
-0.01955982
-0.01953001
-0.01956424
-0.01975256
-0.02005358
-0.02027884
-0.02017419
-0.01967771
-0.01899601
-0.01827572
-0.01756671
-0.01700674
-0.01668784
-0.01652281
-0.01639179
-0.01624058
-0.01608135
-0.01598023
-0.01602461
-0.0162661
-0.01665532
-0.01702337
-0.01721463
-0.01724525
-0.01719131
-0.0170642
-0.01681601
-0.01638746
-0.01577952
-0.01512184
-0.0146216
-0.01434565
-0.01419555
-0.01408334
-0.01396334
-0.0138187
-0.01365982
-0.01351326
-0.01340502
-0.01333962
-0.01328057
-0.01314344
-0.01281462
-0.01220385
-0.01131952
-0.01028822
-0.009233716
-0.00816932
-0.007002014
-0.005592518
-0.003854294
-0.001875551
6.503865e-05
0.001675127
0.002807082
0.003538048
0.004124429
0.00482096
0.005663268
0.006456543
0.007016298
0.007295107
0.007391681
0.007430267
0.007455637
0.007419929
0.007209265
0.006709187
0.005904216
0.0049041
0.00383569
0.002816419
0.001967569
0.001384576
0.00107782
0.000911212
0.0006646815
0.0002402668
-0.0002616495
-0.0006058988
-0.0006337306
-0.0003616934
0.0001152008
0.0006079567
0.0008657573
0.000778745
0.0004716472
0.000153549
-4.998676e-05
-0.0002186748
-0.0005048005
-0.0009444165
-0.001388702
-0.001592218
-0.001408724
-0.0008177259
7.540434e-05
0.0009703562
0.001531813
0.001747405
0.001832061
0.001966015
0.002238681
0.002629675
0.003021049
0.003323926
0.003597459
0.003931694
0.004315798
0.00462778
0.00475917
0.004778895
0.004870843
0.005201473
0.005833064
0.006637468
0.007313134
0.007647568
0.007708643
0.007647778
0.007572021
0.007543484
0.007574321
0.007623631
0.007604266
0.007410504
0.006971391
0.0063217
0.005622736
0.005060464
0.00473504
0.004619413
0.00460863
0.004630512
0.004654291
0.004665664
0.004654185
0.004607007
0.004519073
0.004413127
0.004357407
0.00445882
0.004816871
0.005439359
0.006159743
0.006687738
0.006888204
0.006871579
0.006764057
0.006651429
0.006601282
0.006654537
0.006811935
0.007011586
0.007123752
0.007009514
0.006683793
0.006356361
0.006202708
0.00628365
0.006617082
0.0071352
0.007667504
0.008043108
0.008176491
0.008099213
0.007922193
0.007764826
0.007744582
0.007955692
0.008409743
0.008972212
0.00939425
0.009533905
0.00945948
0.009271483
0.009043679
0.008851795
0.008780105
0.008905503
0.009247657
0.009707891
0.01007237
0.01018756
0.01010052
0.009919541
0.00971568
0.009529474
0.00937834
0.009260595
0.009154246
0.009014843
0.008777894
0.008379612
0.007796319
0.007090359
0.006360132
0.00557595
0.004664908
0.003722565
0.002917928
0.002320015
0.001849008
0.001367908
0.0008770483
0.0004871972
0.000299798
0.0003351826
0.0005142487
0.0007314085
0.0009220048
0.001101852
0.001293011
0.001491127
0.001729087
0.002029761
0.002326284
0.00252337
0.002585997
0.002573826
0.002604816
0.002755364
0.003009413
0.003267014
0.003422209
0.003427945
0.003319372
0.003183751
0.003104042
0.003135396
0.003282161
0.003481832
0.003641989
0.003707105
0.00367845
0.003584838
0.003411984
0.003097952
0.002581373
0.001869195
0.001051068
0.0002155556
-0.0005737698
-0.001264469
-0.001821232
-0.002243631
-0.002585165
-0.002903252
-0.003161252
-0.00331414
-0.003408256
-0.003505823
-0.003620197
-0.003718435
-0.003766567
-0.003774973
-0.003767997
-0.003749852
-0.003703624
-0.003600809
-0.003420319
-0.003173541
-0.002905825
-0.002656892
-0.002442205
-0.002252085
-0.002056221
-0.001832167
-0.00161928
-0.00148992
-0.001446381
-0.001445455
-0.001468624
-0.001525752
-0.001639635
-0.001824155
-0.002058824
-0.002292649
-0.00250395
-0.002711098
-0.002898959
-0.003037686
-0.003147565
-0.003257261
-0.003364795
-0.003468555
-0.003582485
-0.003720454
-0.003860615
-0.003940229
-0.00392536
-0.003831718
-0.003676435
-0.003483027
-0.003291768
-0.003138768
-0.003038493
-0.002979785
-0.002938973
-0.002900898
-0.002860111
-0.002816063
-0.002770458
-0.002724995
-0.002680832
-0.002638752
-0.002599633
-0.002564042
-0.00253113
-0.002497143
-0.002455216
-0.002397456
-0.002320194
-0.002230207
-0.002145979
-0.002083883
-0.002044411
-0.002022598
-0.002015842
-0.002020038
-0.002025728
-0.002021353
-0.002008277
-0.002003968
-0.002021812
-0.002058192
-0.002095513
-0.002124281
-0.00215243
-0.002178569
-0.002192453
-0.002199281
-0.002205675
-0.002206012
-0.002203607
-0.002210465
-0.002220732
-0.002218931
-0.002198943
-0.002159491
-0.002100139
-0.002023558
-0.00193332
-0.001829302
-0.001711968
-0.001585311
-0.001453432
-0.001322124
-0.001200307
-0.001094428
-0.001004873
-0.0009312793
-0.0008738068
-0.000831013
-0.0008008466
-0.000781582
-0.0007681718
-0.0007521488
-0.0007277987
-0.0006941973
-0.000654111
-0.0006101617
-0.0005628158
-0.0005120745
-0.0004596774
-0.0004093899
-0.0003636906
-0.0003224322
-0.0002860854
-0.0002541227
-0.000221846
-0.0001860098
-0.0001484712
-0.0001101808
-7.012793e-05
-2.948485e-05
9.241538e-06
4.459652e-05
7.631959e-05
0.0001050795
0.0001318593
0.0001560538
0.0001745348
0.0001851085
0.000189216
0.0001910399
0.000195087
0.0002031838
0.0002154494
0.0002316563
0.0002509961
0.0002723947
0.0002953551
0.0003192918
0.000343102
0.000365945
0.000387504
0.0004077752
0.0004269025
0.0004450575
0.0004623228
0.0004786055
0.0004936146
0.0005069642
0.0005184028
0.0005281171
0.0005366946
0.000544637
0.0005523618
0.0005602542
0.0005683417
0.0005763231
0.0005842158
0.0005923901
0.00060107
0.0006102286
0.0006197338
0.0006296242
0.0006399749
0.0006505155
0.0006608973
0.0006710193
0.0006808008
0.0006901302
0.0006990893
0.0007078797
0.0007166339
0.0007253861
0.0007340826
0.000742611
0.0007509019
0.000759018
0.0007670631
0.000775077
0.0007830172
0.0007908063
0.0007984101
0.000805848
0.0008131605
0.0008203624
0.0008274495
0.000834441
0.0008413632
0.0008482232
0.0008550105
0.0008617127
0.0008683311
0.0008748701
0.0008813246
0.000887688
0.0008939584
0.0009001374
0.0009062289
0.0009122366
0.0009181606
0.0009239987
0.0009297493
0.0009354115
0.0009409834
0.0009464625
0.000951846
0.0009571311
0.0009623152
0.0009673962
0.0009723722
0.0009772415
0.0009820027
0.0009866544
0.0009911954
0.0009956247
