0.0006417324
0.0006408936
0.0006400694
0.0006392621
0.0006384682
0.0006376885
0.0006369301
0.0006361978
0.0006355091
0.000634847
0.0006342039
0.0006335271
0.0006327581
0.0006318257
0.0006307632
0.0006297918
0.0006293263
0.0006295415
0.0006299541
0.0006298082
0.0006290996
0.0006285507
0.0006282121
0.0006273286
0.0006250071
0.0006216256
0.0006191
0.000619228
0.0006225041
0.0006277224
0.000634082
0.0006408045
0.000646423
0.0006491418
0.0006483073
0.0006448101
0.000642268
0.0006409693
0.0006430599
0.0006512225
0.0006608666
0.0006661993
0.0006646239
0.0006564355
0.0006403579
0.0006220779
0.0006044831
0.0005826075
0.0005530406
0.0005174041
0.0004768268
0.000428389
0.0003790188
0.0003436407
0.0003423002
0.0003770929
0.000432746
0.0004969836
0.0005492596
0.0005667299
0.0005570507
0.000534383
0.000516718
0.0005305505
0.0005832875
0.0006506851
0.0007252616
0.0008161236
0.000903206
0.0009666351
0.0009900849
0.0009796158
0.0009540734
0.0009076653
0.0008395831
0.0007848818
0.0007894914
0.0008504493
0.000938463
0.001035501
0.001107122
0.001140984
0.001166785
0.001187534
0.001152204
0.001040348
0.0008751523
0.0006980105
0.0005442007
0.000443202
0.0003989192
0.0003589036
0.0002897362
0.0002866155
0.0004335595
0.0006932176
0.0009115468
0.001000411
0.0009679767
0.0008645596
0.0007865511
0.000796917
0.0009025663
0.001051614
0.001158772
0.001194322
0.001196962
0.001199474
0.001185544
0.001135542
0.001072827
0.001023845
0.001003941
0.001061662
0.001206246
0.001420548
0.001738549
0.002104185
0.00225499
0.002058635
0.00164858
0.001361007
0.00134871
0.0014543
0.001448383
0.00128977
0.001076109
0.000874808
0.0007192784
0.0005842756
0.0004164824
0.0002475185
0.0001468203
9.477289e-05
-8.24502e-07
-0.0001999534
-0.0003804237
-0.0004349439
-0.0003868583
-0.0003215217
-0.0002537905
-0.0001853553
-0.0001548406
-9.551037e-05
0.00011489
0.0003951554
0.0004233178
9.353317e-05
-0.0003583054
-0.0006768975
-0.0007751844
-0.0005807741
-0.0001190039
0.0003496219
0.0006525099
0.0007942425
0.0009019324
0.001075777
0.001206534
0.001121409
0.0008797372
0.0006952313
0.0006578465
0.0006202066
0.000525872
0.0004779697
0.0005279378
0.0006153761
0.0005603501
0.0002856273
-9.667032e-05
-0.0003565576
-0.0003997059
-0.0003328015
-0.0003547494
-0.0005163615
-0.0006516781
-0.0006367982
-0.0005459313
-0.0004767217
-0.0004220171
-0.0003486538
-0.0002969621
-0.0004653655
-0.0009235386
-0.001305038
-0.001354275
-0.001144548
-0.0008506721
-0.0006658481
-0.0007372283
-0.00106764
-0.001623774
-0.002175235
-0.002281237
-0.001780899
-0.001189945
-0.001047763
-0.001335737
-0.00181031
-0.002201758
-0.002399331
-0.002346169
-0.002112715
-0.001886968
-0.001823284
-0.00170267
-0.001267614
-0.0008069558
-0.0007079407
-0.0009894808
-0.001438915
-0.001826238
-0.001961453
-0.001729095
-0.001233082
-0.000535745
0.00039443
0.001256969
0.001483947
0.001123115
0.0006637943
0.0003171005
-0.0002985157
-0.00118988
-0.002037272
-0.002474291
-0.00236046
-0.001841482
-0.001148259
-0.00060988
-0.0005483093
-0.0008655316
-0.001339036
-0.001829402
-0.002018031
-0.001687282
-0.001007917
-0.0003133155
0.000143791
0.0003460669
0.0004158859
0.0004020788
0.0001962647
-0.0002754171
-0.0008119039
-0.0009676403
-0.0004921616
0.0003763998
0.001131393
0.001445335
0.00162119
0.00172337
0.00155375
0.00112307
0.0007433122
0.0006940629
0.001245221
0.002365662
0.003356853
0.003534335
0.003007502
0.002424981
0.002174978
0.002281832
0.00239802
0.002313975
0.002154877
0.002147541
0.002248128
0.00205696
0.00114833
-0.0003047161
-0.001750239
-0.002862135
-0.003367765
-0.003121228
-0.002268909
-0.001103111
-5.62551e-05
0.0005144737
0.0007316803
0.0007640146
0.0005835091
0.0003607913
0.0003803186
0.0008308024
0.001450326
0.001935598
0.002267858
0.002248692
0.001244678
-0.0008448475
-0.003016789
-0.004309964
-0.004763734
-0.004895607
-0.004890585
-0.004522856
-0.003626597
-0.002363256
-0.00122546
-0.0008724811
-0.001610582
-0.003119819
-0.00439596
-0.004720665
-0.004199781
-0.002998664
-0.001441852
-6.783871e-05
0.0005342115
0.0003089231
-0.0004726562
-0.001424508
-0.001756885
-0.001028703
4.319951e-05
0.0002598113
-0.0005008443
-0.001307674
-0.001498659
-0.001392925
-0.001609326
-0.002390153
-0.003261172
-0.003676765
-0.003338999
-0.002182653
-0.0005031831
0.001194294
0.002411722
0.00269895
0.0019319
0.0006194641
-0.0007569229
-0.001899377
-0.002412506
-0.002187152
-0.001847161
-0.002019152
-0.002680113
-0.003581866
-0.004580959
-0.005689467
-0.006550141
-0.006682565
-0.006135784
-0.005236439
-0.004467101
-0.004080707
-0.004162358
-0.004416857
-0.004589189
-0.004688504
-0.004702518
-0.004334833
-0.003380587
-0.002035805
-0.0005709902
0.0008764951
0.001946767
0.00239499
0.002363711
0.001874518
0.001357928
0.001311317
0.001738
0.002280182
0.003034461
0.004076251
0.005168473
0.00630716
0.007426832
0.008183357
0.008504179
0.008626495
0.008548929
0.007888576
0.006567292
0.004891346
0.003485614
0.002819495
0.002891418
0.00324525
0.003439368
0.00335687
0.002953601
0.002277267
0.001963234
0.002327095
0.002528404
0.001486992
-0.0001293181
-0.0008032687
-0.0003396223
1.614863e-06
-0.0009395859
-0.003004174
-0.004993851
-0.00590964
-0.005873082
-0.005503873
-0.005070034
-0.004336776
-0.003436199
-0.002607768
-0.001868459
-0.0012518
-0.0007163572
-4.821763e-05
0.000504211
0.00073681
0.0006355705
0.0003452273
0.0002800389
0.001060566
0.00267289
0.003667584
0.00298427
0.001132234
-0.0007952563
-0.00213974
-0.002837208
-0.002876071
-0.002568191
-0.002457676
-0.002549666
-0.002450472
-0.002335239
-0.002668071
-0.003624218
-0.004988784
-0.006295839
-0.007255281
-0.0078025
-0.008173636
-0.008744206
-0.009418496
-0.01000939
-0.01060479
-0.01163768
-0.01341011
-0.01527939
-0.01630426
-0.0161282
-0.01471244
-0.01193265
-0.008173967
-0.004865014
-0.002491002
-0.0007920671
0.0001627855
0.0004114964
0.000199152
-5.473466e-05
2.966707e-05
0.0005402333
0.001324494
0.002201007
0.002865766
0.003266033
0.003882562
0.004819327
0.00585422
0.006548907
0.006793005
0.006890815
0.006972546
0.006855083
0.006477932
0.005667219
0.004028828
0.001779477
-0.0005391948
-0.002415621
-0.00383576
-0.004636645
-0.004776729
-0.004248119
-0.003262712
-0.002277996
-0.001457514
-0.0009784841
-0.001029295
-0.001874105
-0.003509562
-0.005011025
-0.005247789
-0.004059764
-0.001836338
0.00048901
0.001918951
0.002617277
0.003224245
0.003795835
0.003768119
0.002886241
0.001961261
0.001927304
0.002780783
0.003961003
0.005067111
0.006400831
0.008022487
0.009626066
0.01089866
0.01147568
0.01144034
0.01099611
0.01016866
0.009186357
0.008079952
0.00667571
0.004951758
0.003304304
0.002666516
0.00340103
0.004382507
0.004362065
0.003827296
0.004058055
0.004892633
0.005363057
0.00511821
0.004468355
0.003681244
0.003032561
0.002775932
0.00305023
0.003870936
0.005003258
0.006247665
0.006837816
0.006350261
0.005287041
0.003956175
0.002366323
0.0008759129
0.0001604175
0.0003502242
0.001025181
0.00187767
0.002552891
0.00292716
0.003162745
0.003629056
0.004228073
0.005057012
0.006234055
0.007658412
0.009212639
0.0109229
0.0124791
0.01347554
0.01378423
0.01303156
0.01110369
0.008647679
0.006249299
0.004364874
0.003467599
0.003435331
0.00363177
0.003265487
0.001745318
-0.0007126344
-0.002601116
-0.00284653
-0.001968697
-0.001152771
-0.001094067
-0.002083542
-0.003711574
-0.005115638
-0.005756728
-0.00562812
-0.005063326
-0.004202258
-0.002544377
-0.000147055
0.002400966
0.004190076
0.00473174
0.004529932
0.004400356
0.005144135
0.006659342
0.007885363
0.008237177
0.007969705
0.007302577
0.0061406
0.004581389
0.003247891
0.002636841
0.00201042
0.0006417514
-0.00131407
-0.003106819
-0.004374265
-0.004950366
-0.004788876
-0.004471096
-0.00467857
-0.005355133
-0.006042761
-0.006225893
-0.006051199
-0.006019968
-0.006252508
-0.006431711
-0.00664289
-0.006808962
-0.006544348
-0.005442824
-0.003240861
-0.0003542627
0.00180115
0.002537838
0.002527911
0.002719257
0.003006469
0.002785313
0.002085961
0.001481491
0.001271122
0.001164938
0.0008070026
0.0001706415
-0.0006891054
-0.001871317
-0.003037296
-0.00356722
-0.003223455
-0.002299028
-0.001305828
-0.0007560725
-0.0009329739
-0.001768389
-0.003091562
-0.004594659
-0.00546974
-0.005190684
-0.003750428
-0.001728371
-3.478501e-05
0.0009887444
0.001611482
0.002432587
0.003938647
0.005685053
0.007172595
0.008492273
0.009411022
0.009510262
0.008713987
0.007176342
0.005477791
0.004226722
0.003762553
0.003727563
0.003320979
0.002586372
0.001773333
0.001285693
0.001454401
0.002082212
0.00283572
0.003457242
0.003745114
0.003604091
0.003188686
0.002503438
0.00170155
0.0006981705
-0.0002203673
-0.0005725502
-0.0004216947
-0.0002776295
-0.0004508641
-0.00110937
-0.001943373
-0.002504377
-0.002709931
-0.002487924
-0.001956143
-0.001406567
-0.00114367
-0.001106477
-0.001586641
-0.003054029
-0.005088765
-0.006625083
-0.007081775
-0.006712925
-0.00596145
-0.005114982
-0.004345175
-0.0033408
-0.002004149
-0.0007075048
0.0001862817
0.00069663
0.001220371
0.001833736
0.002319047
0.002661467
0.002744693
0.002410401
0.001906248
0.001412289
0.0007776498
-4.319219e-05
-0.0008033666
-0.0008620618
0.0004854399
0.002980161
0.004801818
0.004846016
0.003989613
0.003529928
0.003774009
0.004165551
0.004068659
0.003514097
0.002876189
0.00231064
0.001756939
0.0009955693
4.684283e-05
-0.001263947
-0.003235133
-0.005949973
-0.008770377
-0.01070448
-0.01142996
-0.01134431
-0.01077037
-0.009893868
-0.009013242
-0.008247363
-0.007358425
-0.006093995
-0.004379394
-0.002278002
-0.0002241671
0.001319492
0.002096905
0.002182973
0.001773212
0.001227287
0.0007513913
0.0003594394
-0.0001293349
-0.00062527
-0.0009037672
-0.0009848767
-0.001046691
-0.001255212
-0.001721384
-0.002347105
-0.003339724
-0.004834714
-0.00616417
-0.006659446
-0.005947352
-0.00428971
-0.002369621
-0.0004305189
0.001618226
0.003571696
0.005094621
0.006254228
0.007291585
0.008532404
0.009770864
0.01035685
0.01026538
0.009775396
0.00883539
0.007270979
0.005158245
0.002786083
0.0005524144
-0.001493244
-0.003385477
-0.005013842
-0.006127694
-0.006478568
-0.006027817
-0.005128625
-0.003936889
-0.002636326
-0.001348497
-8.991369e-05
0.0008505397
0.00107432
0.0008853795
0.0007614328
0.0006399713
0.0005122689
0.0003626876
-0.0004303775
-0.002050643
-0.004102087
-0.006308205
-0.008573383
-0.01054779
-0.01178364
-0.01232152
-0.01239373
-0.01256648
-0.01335874
-0.01461398
-0.01587381
-0.01655337
-0.01675106
-0.01766423
-0.02017086
-0.02351043
-0.02581016
-0.02640104
-0.02603146
-0.02543554
-0.02489981
-0.02415913
-0.02325804
-0.02236769
-0.02134351
-0.02026341
-0.01924535
-0.01811999
-0.017234
-0.01714761
-0.01722566
-0.01658112
-0.01555605
-0.01431768
-0.01250764
-0.01034326
-0.008210181
-0.006491506
-0.00530326
-0.004482955
-0.003164815
-0.0008517674
0.001828969
0.004657838
0.007361584
0.009100597
0.009625367
0.009233524
0.008476641
0.007719757
0.007383461
0.007844349
0.008957223
0.01038457
0.01166823
0.01278278
0.01443385
0.01681286
0.01925447
0.02117978
0.02254541
0.02322862
0.02349957
0.02329189
0.02235077
0.02090712
0.01918001
0.01711809
0.01446157
0.01119043
0.007672117
0.004344474
0.0009863721
-0.003160239
-0.007500595
-0.0109304
-0.0134029
-0.0153592
-0.01711909
-0.0189385
-0.02034008
-0.02087374
-0.02074531
-0.02015267
-0.01912551
-0.01825176
-0.01775319
-0.01698568
-0.01488124
-0.0115388
-0.008023066
-0.005453066
-0.00452092
-0.004648317
-0.004854665
-0.005186309
-0.00600647
-0.006906946
-0.007562764
-0.008267827
-0.009010341
-0.009701216
-0.01028357
-0.01088795
-0.01161865
-0.01223961
-0.01250447
-0.01230256
-0.01171071
-0.01047067
-0.007987769
-0.00416476
-0.0003213297
0.002032482
0.003015468
0.004259005
0.006310927
0.008289877
0.009663768
0.01069383
0.0121754
0.01410051
0.01582285
0.01653335
0.01619124
0.01534625
0.01391938
0.0118999
0.009739792
0.007792738
0.006224219
0.004982462
0.003598337
0.001523988
-0.001077047
-0.004170173
-0.007348154
-0.0104879
-0.01360899
-0.01654976
-0.01895443
-0.02069191
-0.02174523
-0.02225471
-0.02263805
-0.02336501
-0.02436946
-0.0250604
-0.02467854
-0.02297953
-0.02011683
-0.01616166
-0.01115814
-0.005395848
0.0004995601
0.005963627
0.01080823
0.01467933
0.01754137
0.02064083
0.0244309
0.02809596
0.03101065
0.03308597
0.03431695
0.03482948
0.03452527
0.03327275
0.0312336
0.02868633
0.0256352
0.02184985
0.01776193
0.01359745
0.01001165
0.007433142
0.005741547
0.004677265
0.004093669
0.003704015
0.003382747
0.003670796
0.00507744
0.007375449
0.009887324
0.01219996
0.0141353
0.01524689
0.0156319
0.01648988
0.01812175
0.0192257
0.019109
0.01871099
0.01877084
0.01918286
0.01985372
0.0204917
0.02042158
0.01946195
0.01784933
0.01548347
0.01278105
0.01090625
0.009642064
0.007860974
0.005625025
0.003566679
0.002048903
0.001238598
0.00112856
0.00142269
0.001741021
0.00100409
-0.001092587
-0.003244471
-0.004165709
-0.003809907
-0.003211755
-0.003240718
-0.003730844
-0.004014549
-0.004087553
-0.004401514
-0.005122383
-0.005919133
-0.006336432
-0.00622297
-0.006241736
-0.006786223
-0.007296815
-0.007168904
-0.006643332
-0.006020551
-0.005099425
-0.004051835
-0.003273859
-0.002715041
-0.002077869
-0.0009763688
0.0002923874
0.001094779
0.001358299
0.001241352
0.0007750748
-0.0002850144
-0.002248534
-0.00492201
-0.007935639
-0.01127484
-0.01478959
-0.01800926
-0.02030736
-0.02139155
-0.02172186
-0.02191964
-0.02232331
-0.02290365
-0.02367175
-0.02451758
-0.02524868
-0.0257775
-0.02611266
-0.02633288
-0.02645394
-0.02626646
-0.02573084
-0.02491371
-0.02400093
-0.02318505
-0.02238692
-0.02109705
-0.01909687
-0.01649953
-0.01393661
-0.01184066
-0.0103611
-0.009666026
-0.009640109
-0.01005551
-0.01072791
-0.01134377
-0.01160651
-0.01138945
-0.01052705
-0.009366943
-0.008998144
-0.01011324
-0.01221593
-0.01347399
-0.01263076
-0.01025016
-0.007782405
-0.006058255
-0.004530576
-0.002274415
0.0009165514
0.004485695
0.007796028
0.01066308
0.01313083
0.01550533
0.01824133
0.02111275
0.02385536
0.02630701
0.02852949
0.03083644
0.03336726
0.03595298
0.03789741
0.03958007
0.0420074
0.04458424
0.04622349
0.04704026
0.04831611
0.05054634
0.05296257
0.05483922
0.05607727
0.05693023
0.0574509
0.05739511
0.05673897
0.05541358
0.0537066
0.05228356
0.05133039
0.05047784
0.04951895
0.04835225
0.04678615
0.04464845
0.04212375
0.03970503
0.03768089
0.03592844
0.03392838
0.03143803
0.02873695
0.02585968
0.02278729
0.01998148
0.01775831
0.01605976
0.01477795
0.01375252
0.01295317
0.01267562
0.0130334
0.01355282
0.01428186
0.01567498
0.01773446
0.02006787
0.02235521
0.02463982
0.02697791
0.0291092
0.03080506
0.03214264
0.03301602
0.03314765
0.03239359
0.03100636
0.02930729
0.02760046
0.02606633
0.02468993
0.02322622
0.02168439
0.02029701
0.01914992
0.01812076
0.01715661
0.01605633
0.01450651
0.0123618
0.009439948
0.006197559
0.003220138
0.0004094478
-0.002197811
-0.004534542
-0.0071276
-0.009990234
-0.01210282
-0.01282624
-0.01305903
-0.01393975
-0.01563934
-0.01788688
-0.02047079
-0.02320697
-0.02620204
-0.02948217
-0.03277558
-0.03579925
-0.03865269
-0.04150254
-0.04454857
-0.04744422
-0.05011845
-0.05281909
-0.05551716
-0.05782956
-0.0591174
-0.05944625
-0.05901544
-0.05791738
-0.05672867
-0.05624511
-0.05596824
-0.054711
-0.05193123
-0.04811502
-0.04397812
-0.03929296
-0.03442308
-0.03033761
-0.02720754
-0.02447337
-0.02196849
-0.01960928
-0.0174303
-0.01541368
-0.01332393
-0.01087205
-0.00827603
-0.005964725
-0.004253924
-0.003117737
-0.002465471
-0.002359296
-0.002816194
-0.003786215
-0.004847195
-0.005824669
-0.006618031
-0.007374935
-0.008495163
-0.00994914
-0.01125151
-0.01213578
-0.01289308
-0.01383894
-0.01479568
-0.01528399
-0.01532356
-0.01550687
-0.01605671
-0.01708708
-0.01871759
-0.02098622
-0.02354032
-0.0260988
-0.02841455
-0.03025153
-0.03163272
-0.03265267
-0.03297322
-0.03231903
-0.03044509
-0.02734094
-0.02352328
-0.01944584
-0.01504424
-0.01123223
-0.00838187
-0.006345932
-0.004803478
-0.003600435
-0.003115132
-0.003398328
-0.004071539
-0.005052615
-0.00670394
-0.009138616
-0.01207123
-0.01526825
-0.01884989
-0.02278887
-0.02663866
-0.02989261
-0.03277848
-0.03595089
-0.03901503
-0.0407789
-0.04067072
-0.03944317
-0.0384576
-0.03853074
-0.03934859
-0.04038801
-0.04149011
-0.04243496
-0.04289418
-0.04328331
-0.04381405
-0.0442724
-0.04473314
-0.04549105
-0.04647088
-0.04751301
-0.0490974
-0.05114291
-0.05282122
-0.05394941
-0.05486985
-0.05562256
-0.055826
-0.05558648
-0.05574241
-0.05712699
-0.05906807
-0.06000044
-0.05947664
-0.05819326
-0.05683566
-0.05535791
-0.05360364
-0.05191181
-0.05021819
-0.04818079
-0.04586601
-0.04345046
-0.04114326
-0.03899662
-0.0371582
-0.03588981
-0.03525907
-0.035126
-0.03511841
-0.03459452
-0.03339083
-0.03162311
-0.02926254
-0.02651572
-0.02360187
-0.02034829
-0.01602603
-0.01099178
-0.005845476
2.834838e-07
0.006619838
0.01352254
0.02065009
0.02706145
0.03242275
0.03726569
0.04142815
0.04510996
0.04863371
0.05212985
0.05557235
0.05905111
0.06253202
0.0663234
0.07010042
0.07299967
0.07498019
0.07584646
0.0757281
0.07491107
0.07345467
0.07163568
0.06973692
0.06811934
0.06702526
0.0665553
0.06655982
0.0666377
0.06632034
0.06534067
0.06372752
0.06120489
0.05732737
0.05239238
0.04694699
0.04076803
0.03506802
0.03072283
0.02680308
0.0226637
0.01890805
0.01567107
0.01189795
0.006694059
0.001227723
-0.002493147
-0.004454032
-0.005610241
-0.006833393
-0.008523179
-0.01034118
-0.01213191
-0.01387452
-0.01548889
-0.01685549
-0.01792235
-0.01862873
-0.01885272
-0.01859857
-0.01799489
-0.01720864
-0.01642121
-0.01587897
-0.01536096
-0.01467278
-0.01445477
-0.0149891
-0.01535715
-0.01581297
-0.01761526
-0.02074964
-0.02396226
-0.02617765
-0.02732568
-0.02829666
-0.02971271
-0.03124733
-0.03206075
-0.03170871
-0.03061201
-0.02968483
-0.02951559
-0.02958364
-0.0294955
-0.02967023
-0.03053817
-0.03192165
-0.03342862
-0.03517089
-0.03700392
-0.03854538
-0.03929168
-0.03918124
-0.03890185
-0.03892144
-0.03897012
-0.03883205
-0.03872033
-0.03883301
-0.03903789
-0.03903053
-0.03857094
-0.0375075
-0.03602202
-0.03413783
-0.03147053
-0.02790974
-0.02408413
-0.02052163
-0.01725861
-0.0139623
-0.01002296
-0.005500696
-0.0009959042
0.004191432
0.01062034
0.01737069
0.02384845
0.02998483
0.03540807
0.03987053
0.04390627
0.04800266
0.05230011
0.05660963
0.06023147
0.06312718
0.06560171
0.06817795
0.07110683
0.07361976
0.07494642
0.07547215
0.07584021
0.07618925
0.0765736
0.07664361
0.07592566
0.07465556
0.07323396
0.0718329
0.07024818
0.06805443
0.06548817
0.06389252
0.06333528
0.06249865
0.06069761
0.05768774
0.05315665
0.04712624
0.03982134
0.03195301
0.02573171
0.02064193
0.01568153
0.01037274
0.004856968
-0.0002665986
-0.004921022
-0.008489411
-0.01036238
-0.01052715
-0.009539667
-0.0076314
-0.004509968
6.215101e-05
0.005431929
0.00889715
0.009710241
0.00966422
0.01025678
0.01143328
0.01252892
0.01343526
0.01434336
0.01540946
0.01663274
0.01785
0.01884047
0.01954782
0.0197356
0.01921008
0.01794618
0.01606796
0.01365895
0.01110917
0.009015698
0.008095409
0.008420413
0.0095522
0.0113092
0.01379388
0.01673161
0.01994679
0.02354297
0.027786
0.03143524
0.03334919
0.03395287
0.03406158
0.03416481
0.03382744
0.03237336
0.02979786
0.026278
0.02206892
0.01738792
0.01275609
0.008496384
0.004577045
0.001078225
-0.002210927
-0.00524413
-0.007222568
-0.007596353
-0.006653968
-0.004905046
-0.002213862
0.001555981
0.005863554
0.01068854
0.0156884
0.01951161
0.02133715
0.02191915
0.02227404
0.02275846
0.02329374
0.0237873
0.02390268
0.0235776
0.02334621
0.02329546
0.02313673
0.02301332
0.02312094
0.02335352
0.02383109
0.02434864
0.02431532
0.02324136
0.02141163
0.02011028
0.02037343
0.02135471
0.02176539
0.02152584
0.02127201
0.02115529
0.02082794
0.0200796
0.01899514
0.01781065
0.01682367
0.01599406
0.01485383
0.01339926
0.01160979
0.009338354
0.006773037
0.004418945
0.002818107
0.001752756
0.0008062774
0.0001472503
-0.0001745608
-0.0008885088
-0.002980425
-0.006552815
-0.01065458
-0.01421245
-0.0166657
-0.01837178
-0.02000434
-0.02187302
-0.02369426
-0.02536548
-0.02656515
-0.02700282
-0.02692921
-0.02687182
-0.02678396
-0.02681989
-0.02712717
-0.02741071
-0.02768224
-0.02843578
-0.02993778
-0.03164621
-0.03282547
-0.03370695
-0.03483094
-0.03658668
-0.03881222
-0.04111536
-0.04399311
-0.0475703
-0.05124817
-0.05443505
-0.05659711
-0.05783114
-0.05882751
-0.05982313
-0.06092121
-0.06216918
-0.06337104
-0.06442479
-0.06564915
-0.06697561
-0.06740959
-0.06664729
-0.06491788
-0.06241011
-0.05939225
-0.05532388
-0.04975676
-0.04279452
-0.03533545
-0.02789533
-0.01997132
-0.01224694
-0.005883571
-0.000752461
0.003101591
0.005640063
0.007309046
0.00823811
0.008275095
0.007595781
0.006497585
0.005047094
0.003102501
0.0005709605
-0.00278897
-0.007192482
-0.01245535
-0.01801085
-0.02326771
-0.02835664
-0.03398408
-0.04015918
-0.04691431
-0.05295019
-0.0568804
-0.05868445
-0.05976885
-0.06117422
-0.0625344
-0.06290995
-0.06215582
-0.06087797
-0.05942638
-0.05727621
-0.05405222
-0.05002217
-0.04571699
-0.04137894
-0.03700714
-0.0320448
-0.02589654
-0.01856559
-0.01029651
-0.001368746
0.007158059
0.0146627
0.0217827
0.02959895
0.03674712
0.04168575
0.04541415
0.04947174
0.05454027
0.06003223
0.06527365
0.06980134
0.07317144
0.07582851
0.07800463
0.07935551
0.07977591
0.0793459
0.07792293
0.07525199
0.07127253
0.06628462
0.06023902
0.05359034
0.04742897
0.041601
0.03660915
0.03276562
0.02941426
0.02591881
0.0229558
0.02129931
0.02090018
0.02128789
0.02181107
0.02188091
0.02147412
0.0206094
0.01882886
0.01557858
0.01094333
0.004340652
-0.003451808
-0.01110273
-0.01787448
-0.02418125
-0.03014988
-0.03573421
-0.04103257
-0.04537241
-0.04833767
-0.05016702
-0.05075309
-0.04967903
-0.04696308
-0.04312387
-0.03807137
-0.03152657
-0.02405696
-0.01683511
-0.01046374
-0.004806819
0.0004731519
0.006414101
0.01298136
0.01897267
0.02380591
0.02828613
0.03298462
0.03756945
0.04180594
0.04599396
0.04987301
0.05279447
0.05464209
0.05561972
0.05573737
0.05469608
0.05204508
0.04884546
0.04632567
0.04385018
0.03974266
0.03373643
0.02684811
0.0207843
0.01630188
0.01273081
0.009328727
0.006053431
0.003414803
0.00154393
0.0004564759
0.0002273042
0.0007882055
0.001999713
0.003816733
0.00608542
0.0085794
0.01119215
0.01425924
0.01813582
0.02324182
0.02792644
0.03043508
0.03129866
0.03217608
0.03338033
0.03391878
0.03349841
0.03287357
0.03265016
0.0329529
0.03395226
0.03558843
0.03744064
0.03937036
0.04203018
0.0456181
0.04961528
0.05407232
0.05894813
0.06391672
0.06860322
0.07279311
0.07589127
0.07771868
0.07865934
0.079383
0.07990309
0.08000985
0.07983711
0.07956548
0.07923169
0.07876007
0.07813913
0.07751259
0.0766521
0.07490322
0.0717742
0.06757965
0.06282912
0.05721094
0.05044339
0.04283923
0.03516475
0.02751256
0.01959732
0.01152328
0.003458877
-0.003894131
-0.009434218
-0.01406109
-0.01858227
-0.02274855
-0.02604616
-0.0282487
-0.02950242
-0.03017913
-0.03058181
-0.03081413
-0.03080289
-0.03067459
-0.03031187
-0.02951622
-0.02865533
-0.02823163
-0.02819263
-0.02822216
-0.0282823
-0.02868677
-0.02944809
-0.03028476
-0.03089894
-0.03110924
-0.03090389
-0.03072
-0.03130929
-0.03262461
-0.03338887
-0.03274442
-0.03100335
-0.02899054
-0.02709373
-0.02497838
-0.02204616
-0.01797151
-0.01318565
-0.008206926
-0.003334313
0.001393543
0.006213322
0.01144935
0.01681916
0.02156301
0.02565035
0.02936818
0.03278725
0.03552654
0.03757872
0.03893095
0.03998733
0.04130982
0.04208047
0.04119721
0.03888897
0.03631615
0.03432509
0.03268731
0.03078793
0.02821615
0.02478529
0.02044433
0.01593276
0.01165002
0.00790653
0.004894178
0.002163859
-0.0002628022
-0.002132972
-0.003522728
-0.004749024
-0.006300051
-0.008453248
-0.01102153
-0.01342417
-0.01516899
-0.01589579
-0.01542233
-0.01350839
-0.01007864
-0.005114534
0.001235021
0.008760763
0.01659566
0.02344716
0.02922095
0.03468481
0.04064653
0.04628506
0.05013165
0.05213843
0.05328952
0.05385358
0.05324409
0.05099301
0.04756312
0.04358692
0.0391826
0.03439886
0.02918215
0.02382921
0.01905556
0.015033
0.01121733
0.007105144
0.002456605
-0.002671158
-0.007977794
-0.01332967
-0.01885785
-0.02500816
-0.0317308
-0.03888426
-0.04639689
-0.05405616
-0.06151733
-0.06875904
-0.07596902
-0.08355063
-0.09091342
-0.09728334
-0.1024526
-0.1065912
-0.1098024
-0.1119029
-0.1131355
-0.1138502
-0.1142652
-0.1141875
-0.1128223
-0.1097063
-0.1055132
-0.1006825
-0.09554674
-0.09044515
-0.08517663
-0.07949548
-0.07358005
-0.06749995
-0.06080941
-0.05402422
-0.04752726
-0.04083455
-0.0342049
-0.02869137
-0.02466649
-0.02216713
-0.02095333
-0.0205043
-0.02060656
-0.02173064
-0.02361548
-0.02525469
-0.02689462
-0.0299443
-0.03420227
-0.03749867
-0.03892488
-0.03942806
-0.03972535
-0.03975501
-0.03903235
-0.03728594
-0.03445211
-0.03150502
-0.02884765
-0.02584553
-0.02198297
-0.01781505
-0.0140559
-0.01097595
-0.008382573
-0.005505109
-0.0021892
0.0007592622
0.002751307
0.003815523
0.004170378
0.0038309
0.002621182
0.0003258063
-0.00285343
-0.006407844
-0.009847655
-0.01328124
-0.01652898
-0.01889202
-0.02027574
-0.02116035
-0.02203326
-0.02280313
-0.02301176
-0.02227302
-0.0206818
-0.01848076
-0.01560862
-0.01262025
-0.01045352
-0.009032469
-0.007646636
-0.006400815
-0.005871506
-0.006074608
-0.007046025
-0.009127385
-0.01220724
-0.01554056
-0.01848814
-0.02118175
-0.02392152
-0.02650898
-0.02873445
-0.03076243
-0.03248697
-0.03358255
-0.03382936
-0.03315114
-0.03215915
-0.03105417
-0.02955624
-0.0277628
-0.02609041
-0.02485506
-0.02390888
-0.02325058
-0.02325548
-0.02385726
-0.02486084
-0.02553548
-0.02517343
-0.02439316
-0.02431898
-0.02519314
-0.02677262
-0.02917658
-0.03233326
-0.03592132
-0.03983864
-0.04455806
-0.04953166
-0.05316199
-0.05517364
-0.05664368
-0.05821005
-0.05932053
-0.05911379
-0.05739808
-0.0546635
-0.05123941
-0.04658077
-0.04002911
-0.03203548
-0.02433771
-0.01851276
-0.01470651
-0.01151194
-0.007947465
-0.004044379
-0.0004696697
0.001695231
0.002463884
0.002532337
0.002386886
0.002100397
0.001618108
0.0008819073
1.696791e-05
-0.0007698936
-0.001244523
-0.00149251
-0.001916722
-0.002633942
-0.003609183
-0.004742765
-0.005760202
-0.006629676
-0.00773746
-0.009294274
-0.01139547
-0.01379804
-0.0161944
-0.01847276
-0.02012838
-0.02060782
-0.01963395
-0.01765468
-0.01520277
-0.0122596
-0.008896588
-0.005140916
-0.0008068757
0.003431558
0.007129416
0.01077529
0.01441498
0.01725255
0.01863895
0.01893758
0.01870622
0.01841616
0.01820129
0.01800327
0.01782801
0.01775111
0.0176222
0.01707889
0.01601797
0.01467314
0.01342334
0.01189565
0.009795603
0.00728293
0.005022436
0.003617771
0.002876545
0.002332201
0.00206544
0.002828309
0.004724153
0.007171444
0.009829054
0.01288669
0.01632504
0.0196698
0.02290933
0.0263401
0.0299164
0.03342155
0.03728036
0.04198375
0.04741641
0.05269841
0.056531
0.05912511
0.0615365
0.06443672
0.06737628
0.07006138
0.07275021
0.07523719
0.07716178
0.07870703
0.08007753
0.08107386
0.08161606
0.08193783
0.08210241
0.08205385
0.08173984
0.08094612
0.07979355
0.07894508
0.0784514
0.07708974
0.07418068
0.07101392
0.06910069
0.06870985
0.06899195
0.06921899
0.06970755
0.0707991
0.07230036
0.07375437
0.0747338
0.07501773
0.07495647
0.07500263
0.07513315
0.07519018
0.07489155
0.07383659
0.07214931
0.07032398
0.06832311
0.06571783
0.06211713
0.05740852
0.05235247
0.04782354
0.04371401
0.03936788
0.03456591
0.02964523
0.02454784
0.01967325
0.01536459
0.01158291
0.008259459
0.00562562
0.003799431
0.002737722
0.002551166
0.002906383
0.003330251
0.003795513
0.004507204
0.005230923
0.005783713
0.006056723
0.006210176
0.006540097
0.00723723
0.007928682
0.008479644
0.009118246
0.009764578
0.01010578
0.01023041
0.01047911
0.01090079
0.01143718
0.01222035
0.01370844
0.01579079
0.01782983
0.01968822
0.02149769
0.02332105
0.0251292
0.02697395
0.02896471
0.03097504
0.03286799
0.03459121
0.03618796
0.03727431
0.03752958
0.03738321
0.03773508
0.03849527
0.0388505
0.03831406
0.03716222
0.03570714
0.03393947
0.03181872
0.02905238
0.02559456
0.02208249
0.018722
0.0153454
0.0124648
0.0100809
0.007742876
0.005214745
0.002169705
-0.001494008
-0.005643778
-0.01022325
-0.01483552
-0.01869114
-0.02123388
-0.02375872
-0.02826876
-0.03433492
-0.03970121
-0.04327667
-0.0458394
-0.04878228
-0.05220966
-0.05511852
-0.05689719
-0.05793501
-0.05886994
-0.05984492
-0.0605381
-0.0605979
-0.05974623
-0.05810014
-0.05594251
-0.05328807
-0.05005538
-0.04567216
-0.03991313
-0.03358982
-0.0269649
-0.01949382
-0.0113632
-0.003504368
0.003943311
0.01107931
0.01771631
0.02345513
0.02785238
0.03067027
0.03219264
0.03268425
0.03209522
0.03006553
0.02650035
0.02191723
0.01696701
0.01247133
0.009027357
0.005809926
0.002469757
-0.000340359
-0.002276252
-0.004001816
-0.005941193
-0.008093968
-0.01052465
-0.01325789
-0.01616832
-0.01909253
-0.02175477
-0.02403875
-0.02608604
-0.02767879
-0.02849726
-0.02862675
-0.02861893
-0.0287314
-0.028736
-0.02830054
-0.02757409
-0.02708916
-0.02696723
-0.02661731
-0.02556343
-0.02398318
-0.02222114
-0.02023682
-0.01819233
-0.01695157
-0.01687075
-0.01711236
-0.01636451
-0.01432497
-0.01203574
-0.01071654
-0.01041301
-0.01027264
-0.009567393
-0.008049637
-0.006230823
-0.004723397
-0.003674821
-0.00271644
-0.001297729
0.0003802821
0.001633002
0.00225095
0.002365577
0.002229942
0.001624889
8.412238e-05
-0.002337558
-0.005054678
-0.007174881
-0.008068523
-0.008505771
-0.009771325
-0.0119714
-0.01389959
-0.01441852
-0.01349801
-0.01183803
-0.01025457
-0.008891076
-0.007535093
-0.006062923
-0.004498845
-0.003187246
-0.002632177
-0.00272523
-0.003052077
-0.003275496
-0.003328908
-0.003415724
-0.003921633
-0.004926901
-0.005968406
-0.006563618
-0.006850992
-0.006954713
-0.006610605
-0.005716928
-0.004728345
-0.004107305
-0.003710925
-0.003166237
-0.002663355
-0.002589308
-0.002946186
-0.003356889
-0.003796787
-0.004244082
-0.004618557
-0.004906299
-0.004954511
-0.004588723
-0.003823126
-0.00290616
-0.002219491
-0.001438288
-0.0002705167
0.001115122
0.002363923
0.002869815
0.002610958
0.002309633
0.002495497
0.002943455
0.002778341
0.001591394
-0.0003896683
-0.002992468
-0.006383276
-0.009842226
-0.01227158
-0.01366274
-0.01489624
-0.01674165
-0.01870047
-0.01957363
-0.01914117
-0.01823777
-0.01775278
-0.01775275
-0.01778837
-0.01780725
-0.01799078
-0.01847243
-0.01902828
-0.0198141
-0.02126148
-0.02319915
-0.02467362
-0.02529923
-0.02589816
-0.02734284
-0.0298752
-0.03348283
-0.03741302
-0.04073308
-0.04330344
-0.04514581
-0.04648332
-0.04804853
-0.05022014
-0.05263171
-0.05455555
-0.05543573
-0.05563247
-0.05577336
-0.05605461
-0.05624858
-0.05599113
-0.05511541
-0.05319889
-0.05034598
-0.04813713
-0.04735948
-0.04661026
-0.0444999
-0.04109798
-0.03705184
-0.0326116
-0.02758142
-0.02240955
-0.01772718
-0.01361831
-0.009568851
-0.005220303
-0.001161182
0.002208966
0.005229203
0.008062324
0.01050879
0.01270216
0.01518537
0.01790359
0.02010709
0.02125034
0.02178911
0.02245008
0.0234294
0.02410579
0.02395565
0.02322041
0.02207934
0.02052821
0.01847804
0.01621667
0.0142265
0.0122766
0.009796298
0.006951361
0.0042006
0.001986755
0.0005309239
-0.0004115902
-0.001218928
-0.001944009
-0.002545664
-0.002971637
-0.003137313
-0.002963566
-0.002697153
-0.002799345
-0.003437831
-0.004394961
-0.00542368
-0.005872334
-0.005411762
-0.004520797
-0.003611951
-0.002401726
-0.0004161014
0.002290417
0.005348541
0.008255893
0.01028338
0.01138152
0.01230399
0.01324596
0.01392014
0.01418198
0.0141207
0.01378798
0.01318586
0.0128082
0.01297492
0.01339051
0.01341472
0.01308057
0.01308033
0.01385701
0.01542886
0.01738838
0.01884785
0.01943621
0.01968613
0.02037133
0.02149684
0.02234134
0.02229498
0.02154518
0.02072495
0.02044215
0.02065369
0.02023572
0.01898603
0.01767366
0.01647669
0.01532254
0.01424452
0.01366544
0.01359178
0.01391312
0.01488914
0.01573701
0.01518676
0.01343395
0.01168816
0.01043357
0.009130498
0.007497647
0.006004118
0.00484564
0.003562979
0.001651282
-0.0003133086
-0.001320795
-0.001265474
-0.0006700357
-0.0001710222
3.788817e-05
0.0004382542
0.001571708
0.003118585
0.004248392
0.004715667
0.004882245
0.004757472
0.004370209
0.003573963
0.002058434
0.0002433487
-0.001275236
-0.002489526
-0.003630811
-0.004760803
-0.005959464
-0.007325092
-0.008572653
-0.009424212
-0.009786696
-0.009884555
-0.01015534
-0.01092716
-0.01204147
-0.01286894
-0.01305587
-0.01327562
-0.01384588
-0.01425731
-0.01408173
-0.01328747
-0.01206334
-0.01030779
-0.007653462
-0.004298488
-0.0008899433
0.001975546
0.003637227
0.00439604
0.005274465
0.006395443
0.006894499
0.006085618
0.00476727
0.004020969
0.003759862
0.003226402
0.002423144
0.002012198
0.002150365
0.002299474
0.002188538
0.002421734
0.00371019
0.005523687
0.006683284
0.006851629
0.006963585
0.008053903
0.009955394
0.01151408
0.01186534
0.01111058
0.009815025
0.008420808
0.00740836
0.006992487
0.006891281
0.006487534
0.005524855
0.004288356
0.003159507
0.002073761
0.001006347
0.0001447821
-0.0006593136
-0.001796366
-0.002767973
-0.002962899
-0.002648917
-0.001880037
-0.0005558921
0.0002300312
-0.0009813416
-0.003985868
-0.006970132
-0.008128498
-0.007984502
-0.008881415
-0.01160523
-0.01388852
-0.01385706
-0.01236083
-0.01106432
-0.01042327
-0.010047
-0.009783307
-0.00952331
-0.008708994
-0.006985567
-0.005215296
-0.004563029
-0.004887007
-0.004969507
-0.004175018
-0.002916819
-0.001962464
-0.00140084
-0.0007705634
-6.607488e-05
0.000326306
0.0002422679
4.467808e-05
6.862894e-05
0.0002201825
-0.0002501163
-0.001825608
-0.00360377
-0.004489206
-0.004633448
-0.004797279
-0.005179517
-0.005529648
-0.005912349
-0.006235668
-0.006213629
-0.005826875
-0.005493671
-0.005435244
-0.00565967
-0.005967958
-0.005998665
-0.005688141
-0.005098372
-0.004856816
-0.005174218
-0.005509307
-0.005353413
-0.004741375
-0.004433032
-0.004964563
-0.006026621
-0.006730778
-0.006971281
-0.007485083
-0.00870694
-0.01057224
-0.01306285
-0.01584174
-0.01827079
-0.01988997
-0.02066178
-0.02125588
-0.02268292
-0.02485016
-0.0266288
-0.02784069
-0.02966193
-0.03203636
-0.03339825
-0.03313594
-0.0321708
-0.03140746
-0.03064013
-0.02912583
-0.02687974
-0.02490076
-0.02372668
-0.02270023
-0.02088532
-0.01841643
-0.01610469
-0.01435468
-0.01288711
-0.01121972
-0.00912822
-0.006869606
-0.004688807
-0.002485321
-0.0005955005
0.0004660594
0.001233608
0.002133345
0.002173132
0.000170401
-0.003300371
-0.006488921
-0.008870029
-0.01121296
-0.01412606
-0.01720498
-0.0201195
-0.02294057
-0.02551181
-0.02779431
-0.02987687
-0.03155296
-0.03244346
-0.03252034
-0.0323874
-0.03241887
-0.03272018
-0.03314099
-0.0333758
-0.03373137
-0.0342365
-0.03431231
-0.03381416
-0.03347974
-0.03351657
-0.03348407
-0.03330639
-0.03334976
-0.03382631
-0.03457802
-0.03520542
-0.03586149
-0.03643728
-0.03671301
-0.03679307
-0.03689222
-0.03724089
-0.03765111
-0.03786034
-0.03770022
-0.0372048
-0.03666572
-0.03615085
-0.03589597
-0.0362147
-0.03682483
-0.03715456
-0.03695057
-0.03655492
-0.03643225
-0.0366429
-0.03678748
-0.03652561
-0.03626757
-0.03614124
-0.03554084
-0.0340822
-0.03236866
-0.03079313
-0.02863194
-0.02575202
-0.02309321
-0.02102953
-0.01930084
-0.01771154
-0.01608089
-0.01455713
-0.01351974
-0.01279969
-0.01208039
-0.01163492
-0.01197517
-0.01332207
-0.01498216
-0.01594591
-0.01590051
-0.01563397
-0.01621035
-0.01777412
-0.01947021
-0.02070792
-0.02147274
-0.02205682
-0.02267319
-0.0233627
-0.02386304
-0.02370612
-0.0230097
-0.02202103
-0.02091673
-0.01985311
-0.01917583
-0.01899844
-0.01861959
-0.01714363
-0.01460187
-0.01162881
-0.008067438
-0.004162796
-0.001213548
0.0005332502
0.002809978
0.006958729
0.0122748
0.01697373
0.02051292
0.02375287
0.02763216
0.0317286
0.03505361
0.03738135
0.03911761
0.04083684
0.04292151
0.04527123
0.04747572
0.04950648
0.05102712
0.05171149
0.0519407
0.05242432
0.05302583
0.05289886
0.05185758
0.05054319
0.04911263
0.04749527
0.04579121
0.04428447
0.04314677
0.0422732
0.04160207
0.04114322
0.04063986
0.04011455
0.03971717
0.03962218
0.03970304
0.03978348
0.03979686
0.03967766
0.03947673
0.03928912
0.03900512
0.03890312
0.03896265
0.03911328
0.03957725
0.04021787
0.0405636
0.04045419
0.04023939
0.04031896
0.04049919
0.04037134
0.03967789
0.03891731
0.03864281
0.03848911
0.03768282
0.03644112
0.03548923
0.03494551
0.0345366
0.03422078
0.03394277
0.0336428
0.03326186
0.03263835
0.03174143
0.03080035
0.02965655
0.02751334
0.02470876
0.02279279
0.02211509
0.02183913
0.02143356
0.02093306
0.0206405
0.02088754
0.02202911
0.02370615
0.02522892
0.02652429
0.02795814
0.029297
0.03016329
0.03083265
0.03151172
0.03207972
0.03246214
0.0326738
0.03263877
0.03205967
0.03121821
0.03093842
0.03143065
0.03145061
0.0296606
0.02699569
0.02547149
0.02552465
0.02590142
0.02575252
0.0250966
0.02436848
0.02351488
0.0221498
0.02087855
0.02042109
0.02037111
0.02007987
0.0197253
0.0199485
0.02105525
0.02241038
0.0234117
0.02429167
0.0253842
0.026511
0.02741977
0.028355
0.02964268
0.03080784
0.03118021
0.03083766
0.0305316
0.03064481
0.03073224
0.03031704
0.0293358
0.02824814
0.02734847
0.02633008
0.02497213
0.02332626
0.0213445
0.01902693
0.01670673
0.0146999
0.01308105
0.01184997
0.01087095
0.01010606
0.009540287
0.009373315
0.009723184
0.01030197
0.01081106
0.01117885
0.01165011
0.01218212
0.01229909
0.01202802
0.01206331
0.01286709
0.0139636
0.01454244
0.01480263
0.0153184
0.01592798
0.0161079
0.01623989
0.01684047
0.01746645
0.01758285
0.01741551
0.01748515
0.01780864
0.01784636
0.01706263
0.01551175
0.01415061
0.01413338
0.01523394
0.01613301
0.01616682
0.0159013
0.01583008
0.01566176
0.01528036
0.01505838
0.01501554
0.01476138
0.01429678
0.01398805
0.0138074
0.01337988
0.01258635
0.01162023
0.01068606
0.009564012
0.008050158
0.006586921
0.005944354
0.006275097
0.006743873
0.006039347
0.004013975
0.002100857
0.001492136
0.001910554
0.002358903
0.002345271
0.002154945
0.001961296
0.001585598
0.00131527
0.001563174
0.00226103
0.002932101
0.002971692
0.002408952
0.001962368
0.001892712
0.001555069
0.0002421794
-0.001563279
-0.003031561
-0.004093574
-0.005307872
-0.006851855
-0.008142337
-0.008969237
-0.009654764
-0.01075288
-0.01210433
-0.01299199
-0.01315176
-0.01321703
-0.01349959
-0.01353328
-0.01311237
-0.01254627
-0.01191187
-0.0111931
-0.01056494
-0.01044746
-0.01073765
-0.01098062
-0.01101971
-0.01104189
-0.01136215
-0.01156293
-0.01114832
-0.01047999
-0.009961465
-0.009404517
-0.0084984
-0.007367562
-0.006292174
-0.005347885
-0.00429481
-0.003169172
-0.001980156
-0.0008315486
0.0001770802
0.001207148
0.002423521
0.003774307
0.005165307
0.006617698
0.008137609
0.009737176
0.0112864
0.01249018
0.01314672
0.01340877
0.01357921
0.01355377
0.0127633
0.01096888
0.009316322
0.008999474
0.00978631
0.0105325
0.01041169
0.00967971
0.009091065
0.008816439
0.008608147
0.008281727
0.007912429
0.007515036
0.006934085
0.00608941
0.004848621
0.003434448
0.002062118
0.0009678396
0.0001183672
-0.00055818
-0.0008046741
-0.0006536123
-0.0003775795
0.0002702205
0.001033163
0.001178325
0.0002235793
-0.001551359
-0.003236441
-0.004340327
-0.005058662
-0.005998922
-0.007146909
-0.007996879
-0.008455736
-0.008904587
-0.009599788
-0.01017434
-0.01018094
-0.009601465
-0.009026382
-0.00888587
-0.008946122
-0.009005834
-0.009021308
-0.008911341
-0.008561428
-0.008083772
-0.00788416
-0.007935774
-0.007559462
-0.006297494
-0.004926197
-0.003951366
-0.003175071
-0.002380184
-0.001500892
-0.0005848508
0.0002551394
0.0008074043
0.0009065971
0.0005283567
-0.0002939154
-0.001364318
-0.002519234
-0.004204105
-0.006814193
-0.009686016
-0.01201167
-0.01365382
-0.01530651
-0.01732401
-0.01910038
-0.02023897
-0.02129144
-0.02278427
-0.02449703
-0.02562288
-0.02627629
-0.02714394
-0.02808662
-0.02892239
-0.02960073
-0.03030531
-0.03105855
-0.03166717
-0.03202933
-0.03231894
-0.03270871
-0.03314905
-0.03344416
-0.033572
-0.03358903
-0.03347765
-0.03319136
-0.03291426
-0.03292627
-0.03326019
-0.03390632
-0.03490515
-0.03558436
-0.03521193
-0.03417917
-0.03355466
-0.03371072
-0.03402876
-0.03379826
-0.03294254
-0.03185322
-0.0309097
-0.02987078
-0.02824125
-0.02633704
-0.02454111
-0.02275157
-0.02052645
-0.01785266
-0.01550625
-0.01400179
-0.01269393
-0.01106157
-0.009124522
-0.006738739
-0.003907667
-0.001376894
-8.001964e-05
0.0003909816
0.001506301
0.003831705
0.006589278
0.00891849
0.01044541
0.01146236
0.01240565
0.01363606
0.01499105
0.01594818
0.0164218
0.01660073
0.01670894
0.01696835
0.01750822
0.01809023
0.01847318
0.01865566
0.01875881
0.01881199
0.01866777
0.01803731
0.01671832
0.01510948
0.01342603
0.01151775
0.009418204
0.007578695
0.00573613
0.003517832
0.001102056
-0.0008246193
-0.002388837
-0.003892226
-0.005260426
-0.006559152
-0.007649142
-0.008199916
-0.008320661
-0.008351695
-0.008370928
-0.00813312
-0.007451692
-0.00620564
-0.004619769
-0.003226131
-0.002069721
-0.0008231575
0.0005521177
0.002018018
0.003635107
0.005136321
0.006112116
0.006585759
0.006986771
0.00740053
0.007400939
0.006993241
0.006004488
0.003926609
0.001187923
-0.001339413
-0.003843711
-0.006778631
-0.009755183
-0.01266511
-0.01573088
-0.01863054
-0.02117783
-0.02355636
-0.02611988
-0.02934272
-0.03277884
-0.0350124
-0.03543974
-0.03506547
-0.0353573
-0.03645167
-0.0373435
-0.03737691
-0.03695911
-0.03652555
-0.03602305
-0.03532147
-0.034537
-0.03375096
-0.03305939
-0.03248769
-0.03179682
-0.030796
-0.02982832
-0.02914271
-0.02843194
-0.02754223
-0.02654662
-0.02517629
-0.02297632
-0.0206786
-0.01945886
-0.01902701
-0.01814756
-0.01617245
-0.01335909
-0.01079263
-0.009052083
-0.007757475
-0.006304124
-0.004665302
-0.003277238
-0.002249686
-0.00136728
-0.0004713008
0.0005290088
0.001702076
0.003196173
0.005049202
0.006923472
0.008444367
0.009857781
0.01159105
0.01435887
0.01768916
0.02056146
0.02263982
0.02375266
0.0242154
0.02442553
0.02442284
0.02390112
0.02248034
0.02017293
0.01725223
0.01395143
0.0104157
0.006693867
0.003363126
0.0002492523
-0.003263008
-0.006867261
-0.009976865
-0.01256871
-0.01477853
-0.01686541
-0.018992
-0.02117121
-0.02314398
-0.02440615
-0.02467831
-0.02451937
-0.02431324
-0.02378415
-0.02281701
-0.0214409
-0.0197195
-0.0178946
-0.01614843
-0.01425961
-0.01230145
-0.01071968
-0.009407431
-0.008154634
-0.006857616
-0.00565501
-0.004825206
-0.004624327
-0.004803769
-0.005122881
-0.005527095
-0.005940036
-0.006345622
-0.007166777
-0.00886629
-0.01102497
-0.01237616
-0.01253829
-0.01217474
-0.01220112
-0.01283949
-0.01380207
-0.01483877
-0.01563423
-0.01592859
-0.01614378
-0.01672018
-0.01741622
-0.01782208
-0.01759563
-0.01665176
-0.01553984
-0.0145983
-0.01370133
-0.0126208
-0.01133691
-0.0101938
-0.009028176
-0.007691982
-0.006331442
-0.005384714
-0.005398837
-0.006118371
-0.006947278
-0.007330548
-0.006969772
-0.006279704
-0.00615063
-0.006855334
-0.007743473
-0.008384402
-0.009090654
-0.009977758
-0.01086469
-0.01151544
-0.01202656
-0.01249686
-0.01296151
-0.01335379
-0.01351947
-0.01359305
-0.01374337
-0.01370701
-0.01339771
-0.01318619
-0.01324117
-0.01333149
-0.01310351
-0.01251507
-0.01179752
-0.01125671
-0.01090238
-0.01074495
-0.01079028
-0.01083573
-0.01060695
-0.01017754
-0.009722637
-0.009264339
-0.008860362
-0.008549227
-0.008301049
-0.008047754
-0.007733543
-0.007341885
-0.007297821
-0.007814767
-0.008496964
-0.008911837
-0.009426029
-0.01046431
-0.01210293
-0.01402182
-0.01576364
-0.01731684
-0.01888825
-0.02057054
-0.02231994
-0.02408634
-0.02558084
-0.02663737
-0.02763158
-0.02867084
-0.02911979
-0.02882069
-0.02819224
-0.02771263
-0.02729906
-0.02648046
-0.0251108
-0.02361502
-0.02235883
-0.02105819
-0.01945861
-0.01782031
-0.01623911
-0.01404108
-0.01067935
-0.006729653
-0.003300776
-0.0007655475
0.001417574
0.003909513
0.006453576
0.008596632
0.01036642
0.01181316
0.01309717
0.01439647
0.01577132
0.01718273
0.01840731
0.01922291
0.01971259
0.02020289
0.02073034
0.02117176
0.02172845
0.02266177
0.02361661
0.02367091
0.02231165
0.02030607
0.01880055
0.01802954
0.01733498
0.01617506
0.01482117
0.01352231
0.0121764
0.01082296
0.009819108
0.009301428
0.009033741
0.008868603
0.008864688
0.009046938
0.009416317
0.009942908
0.01046971
0.01078858
0.01078042
0.0103831
0.009739561
0.008801509
0.007404249
0.005792281
0.004354396
0.003113362
0.002004929
0.001123114
0.0006370546
0.0006768514
0.001058386
0.001422838
0.001761782
0.002368348
0.003016313
0.00366002
0.004474716
0.005462243
0.006325177
0.00708775
0.007907722
0.008729077
0.009679961
0.01090287
0.0120962
0.01293473
0.01335593
0.01344961
0.01332889
0.01319755
0.01324486
0.01326781
0.01288386
0.01192577
0.01083552
0.01005434
0.009428178
0.009017817
0.008815048
0.00862033
0.008301968
0.008097732
0.008142427
0.008346134
0.008645062
0.009019405
0.009344955
0.009521758
0.009718296
0.009960295
0.009955737
0.009530221
0.008952756
0.008914128
0.009717663
0.01083948
0.01159388
0.01188882
0.01201382
0.01211264
0.01213093
0.01218373
0.01261842
0.01342147
0.01440915
0.01537097
0.01628201
0.01733594
0.01849907
0.01965151
0.02075583
0.0218157
0.02251682
0.02287952
0.0233317
0.02409159
0.02495946
0.02545357
0.02518387
0.02431733
0.02347675
0.02331081
0.02375547
0.02428469
0.02453158
0.02438691
0.02395657
0.02333287
0.02247584
0.02118791
0.01990145
0.01922077
0.01894796
0.01844633
0.01802828
0.01821503
0.01902862
0.02029534
0.02157888
0.02245858
0.0230442
0.0236687
0.02459735
0.02587304
0.02718694
0.02834537
0.02936656
0.03008828
0.03032281
0.03039765
0.03069377
0.0312482
0.03169779
0.03155348
0.03091437
0.0301752
0.02965888
0.02928855
0.02878893
0.02819267
0.02744367
0.02647413
0.02566672
0.02520928
0.02486568
0.02447833
0.02408233
0.0239103
0.02393212
0.0243416
0.02512475
0.02609517
0.02703867
0.02804009
0.02915492
0.03029926
0.03145183
0.03260603
0.03379505
0.03515565
0.03640941
0.03745823
0.03859822
0.0401191
0.04179086
0.04307099
0.04389641
0.04450065
0.04488658
0.04501214
0.04484027
0.04414713
0.04236781
0.04004317
0.03793452
0.03629358
0.03451434
0.03221301
0.02904722
0.02514785
0.02127792
0.01799626
0.01530566
0.0130253
0.01131117
0.01018488
0.009492533
0.009045505
0.008621224
0.008329277
0.008183232
0.007938754
0.007416612
0.006598282
0.005591599
0.004775738
0.004546811
0.004742782
0.004125021
0.001836959
-0.001068712
-0.002773544
-0.003069517
-0.002934656
-0.002927377
-0.003105391
-0.002961239
-0.002329428
-0.001524984
-0.0007312034
9.445871e-05
0.0005933262
0.0005310262
0.0002391989
-1.016181e-05
-0.0001940904
-0.0003780625
-0.0006694991
-0.001055372
-0.001239982
-0.001015974
-0.0005683342
3.190417e-05
0.000850969
0.001754137
0.002562845
0.003083578
0.003336512
0.003442649
0.003487571
0.003447153
0.003224423
0.002597079
0.00166717
0.0007856304
-0.0001485063
-0.00129101
-0.002493119
-0.00342472
-0.003782122
-0.004075405
-0.004446687
-0.004857732
-0.005119254
-0.00501752
-0.004764384
-0.004967415
-0.005619384
-0.006173222
-0.006442052
-0.006645886
-0.006943292
-0.007091641
-0.006948169
-0.006720082
-0.00641082
-0.005818988
-0.004886654
-0.003977354
-0.003564963
-0.003777246
-0.004079437
-0.003980968
-0.003585138
-0.003197409
-0.002912724
-0.002743579
-0.002736119
-0.00280317
-0.003007413
-0.003428062
-0.004210322
-0.005514934
-0.006738615
-0.007191897
-0.007074492
-0.007047351
-0.007520464
-0.008509939
-0.009550584
-0.01024863
-0.01070934
-0.01104859
-0.01115443
-0.01089749
-0.01050819
-0.01051531
-0.01093665
-0.01134048
-0.01155541
-0.01173381
-0.01219856
-0.01307946
-0.01427854
-0.01569551
-0.01690495
-0.01722961
-0.01715438
-0.01795226
-0.02013898
-0.02288155
-0.02474123
-0.02528477
-0.02517513
-0.02519027
-0.02568561
-0.02649007
-0.02711116
-0.02743001
-0.02758154
-0.02751669
-0.02714497
-0.02683552
-0.02677384
-0.0267189
-0.02644362
-0.02586298
-0.02521726
-0.02461267
-0.02392984
-0.02320581
-0.0225043
-0.02174327
-0.02103637
-0.02068802
-0.02058678
-0.0204498
-0.02035936
-0.020616
-0.02153747
-0.02270694
-0.02367513
-0.02438234
-0.02511401
-0.02603723
-0.02668374
-0.02695737
-0.02711449
-0.02729698
-0.02743571
-0.02766761
-0.02793945
-0.02826515
-0.02867393
-0.02894974
-0.02910028
-0.02963423
-0.0306946
-0.03149445
-0.03170184
-0.03179342
-0.03209634
-0.03262277
-0.03299345
-0.03289888
-0.03247187
-0.03224634
-0.03245841
-0.03278939
-0.03303628
-0.03313073
-0.03314428
-0.03312753
-0.03300429
-0.03268563
-0.03214943
-0.03149141
-0.0307101
-0.02970569
-0.02853751
-0.02757978
-0.02713606
-0.02675984
-0.02550742
-0.02347175
-0.02151394
-0.0202825
-0.01965327
-0.01894181
-0.01801501
-0.01720234
-0.01654673
-0.01597598
-0.01520789
-0.01429602
-0.01361611
-0.01312842
-0.01252116
-0.01179157
-0.01109055
-0.01048672
-0.01001444
-0.00958965
-0.00904039
-0.008303885
-0.006987346
-0.004774612
-0.002678543
-0.001926815
-0.002040151
-0.001688842
-0.0004403288
0.001222791
0.002883769
0.00435566
0.005564545
0.006664631
0.00782166
0.009034383
0.01002176
0.0106919
0.01105772
0.011076
0.01098342
0.01085644
0.01093628
0.01156483
0.01244692
0.01301786
0.01345102
0.01465528
0.01649086
0.01800222
0.01893172
0.01978906
0.02071498
0.0212916
0.02137935
0.02132091
0.02133858
0.02113525
0.02006959
0.01841462
0.01695036
0.01586652
0.01469655
0.01297493
0.01122615
0.009781418
0.008506829
0.007202212
0.005958272
0.005125197
0.004862349
0.00479549
0.004420098
0.003745868
0.003093306
0.002583916
0.002219775
0.001794779
0.001101591
0.0004882108
4.037067e-05
-0.000366395
-0.0008564868
-0.001622355
-0.002557694
-0.003318029
-0.003683829
-0.003644359
-0.003512654
-0.003383487
-0.003005588
-0.002027161
-0.0008568556
0.0001333318
0.00120376
0.002883362
0.004763101
0.006400208
0.007662502
0.008611966
0.009559084
0.01096862
0.01274571
0.01421126
0.01486333
0.01510489
0.01527105
0.01513763
0.01458168
0.01396017
0.01339055
0.01263301
0.01159176
0.01032606
0.008881192
0.007093263
0.004944468
0.002557957
0.0001597413
-0.00216611
-0.004790277
-0.007384099
-0.009419168
-0.01098635
-0.01196701
-0.01271714
-0.0141546
-0.01633741
-0.01793134
-0.01784815
-0.01646428
-0.01465925
-0.01309872
-0.01165837
-0.009635688
-0.007032131
-0.004412742
-0.002253646
-0.0004366484
0.001453094
0.003640237
0.005859569
0.00794222
0.009981872
0.01188735
0.01348484
0.01462487
0.01550421
0.01637601
0.01709935
0.017382
0.01727692
0.01732932
0.01755859
0.01704065
0.01557802
0.0141482
0.01328549
0.01257813
0.01158312
0.01024267
0.008956172
0.008182641
0.007870257
0.007672855
0.007466339
0.007488884
0.007732013
0.008166125
0.00880844
0.009572176
0.01026968
0.01052341
0.01041189
0.01028578
0.01034851
0.01041797
0.01045915
0.01063702
0.01084557
0.01093693
0.01084933
0.01102309
0.0114443
0.01153269
0.01124373
0.01113933
0.01151606
0.01204508
0.01219509
0.01190541
0.01159174
0.01158923
0.01184114
0.01203358
0.01197847
0.0119093
0.01177648
0.01124169
0.01003238
0.008743104
0.008219046
0.008570791
0.009041796
0.008684951
0.007487691
0.006307018
0.005629485
0.005386144
0.005515256
0.005584767
0.005176021
0.004463972
0.003966691
0.003933272
0.004033303
0.0040334
0.003904699
0.003740784
0.003608729
0.003370533
0.003116446
0.003297358
0.004231457
0.005034014
0.004523936
0.00271018
0.001156472
0.000986934
0.001740392
0.002415428
0.00249328
0.002342546
0.002410066
0.002736278
0.003211222
0.0036306
0.003751512
0.003807964
0.004180215
0.005025861
0.005963144
0.006793064
0.007708822
0.008668149
0.00966577
0.01061604
0.01149037
0.01240059
0.01304899
0.01311054
0.01268575
0.01214777
0.0117294
0.01132535
0.01073209
0.01002344
0.009166534
0.008370434
0.007791976
0.007302703
0.00697491
0.006812652
0.00649098
0.006021998
0.005641052
0.005435175
0.005468842
0.005700227
0.006140466
0.006710997
0.007151459
0.007443231
0.00785446
0.008624693
0.009508439
0.0101898
0.01059107
0.01105906
0.01159673
0.01179569
0.0115275
0.01123732
0.01126391
0.01114757
0.01034782
0.009089796
0.007889756
0.006916533
0.006101276
0.005090156
0.003653842
0.002161368
0.0008448968
-0.0003615981
-0.001334238
-0.002011294
-0.002789059
-0.004404668
-0.006534974
-0.007644767
-0.006869607
-0.005117819
-0.003889564
-0.003537915
-0.003368576
-0.002742473
-0.001707567
-0.0006316311
0.0003604396
0.001123395
0.001593123
0.001914678
0.002535773
0.003383958
0.004000818
0.003954757
0.003412129
0.00276688
0.002100422
0.00120045
0.0001599143
-0.0007016187
-0.001074907
-0.001281298
-0.002503216
-0.005214188
-0.008311965
-0.0104392
-0.01139661
-0.01186612
-0.01301333
-0.01496061
-0.01640567
-0.0167402
-0.01670538
-0.01699234
-0.01753402
-0.0179067
-0.01812646
-0.01819027
-0.01800789
-0.01766305
-0.01761501
-0.017907
-0.01811916
-0.01792458
-0.01758793
-0.0172407
-0.01666809
-0.01586242
-0.01512096
-0.01465097
-0.01406794
-0.01304025
-0.01200155
-0.01150721
-0.01148249
-0.01146757
-0.01107831
-0.01055073
-0.01036039
-0.01064292
-0.01125553
-0.01186286
-0.01239293
-0.01310468
-0.01377043
-0.01410816
-0.01419221
-0.01449407
-0.01512107
-0.01554824
-0.01541629
-0.01489706
-0.01420301
-0.01375399
-0.01345799
-0.01273014
-0.0114176
-0.010131
-0.00923443
-0.008697002
-0.008550832
-0.008603675
-0.008559299
-0.008230327
-0.007761698
-0.007426406
-0.007195184
-0.006991633
-0.006614262
-0.005893917
-0.005146438
-0.004511793
-0.003925826
-0.003525248
-0.003460952
-0.003637709
-0.004121956
-0.005038294
-0.005644302
-0.005159744
-0.004029686
-0.003393402
-0.003539256
-0.004116127
-0.004612877
-0.00455331
-0.003916604
-0.003192261
-0.002714384
-0.00236701
-0.001590887
-0.0002433058
0.001309926
0.002579521
0.00345
0.004122725
0.004867108
0.005763695
0.00670817
0.007603411
0.008835803
0.01040615
0.01172687
0.0121439
0.01180263
0.01173816
0.01259037
0.01379194
0.01472655
0.01542271
0.01621851
0.01710051
0.01757325
0.01750548
0.01739069
0.01771517
0.01834578
0.0188724
0.01895976
0.01874501
0.01844352
0.01828577
0.01825369
0.01804779
0.01748658
0.01663051
0.01587061
0.01548184
0.01492486
0.01383317
0.0123294
0.01097258
0.01025807
0.009689454
0.008447088
0.006743648
0.005115255
0.003744904
0.0025729
0.001637188
0.0009936579
0.0002432861
-0.0008042942
-0.002009183
-0.003106823
-0.003896211
-0.00459127
-0.005414595
-0.0063576
-0.00735258
-0.008092087
-0.008427369
-0.008402344
-0.008254032
-0.008359573
-0.008645612
-0.008511551
-0.007810148
-0.007091529
-0.006662164
-0.006167143
-0.005314427
-0.004532704
-0.004032858
-0.003579142
-0.003059479
-0.002580406
-0.002357479
-0.002251716
-0.001859981
-0.001095223
-0.0004650046
-0.0001369844
0.0003879023
0.0009876091
0.001230572
0.0008981511
0.0002481057
0.000127281
0.0007396595
0.001362971
0.001171615
5.502063e-06
-0.001725582
-0.003477258
-0.004912852
-0.005974418
-0.006771854
-0.007558777
-0.008318563
-0.008746544
-0.008764174
-0.008728038
-0.008601776
-0.008127203
-0.007505785
-0.007027412
-0.006604795
-0.006067278
-0.00511501
-0.003441426
-0.001367243
-0.0002625921
-0.0005390863
-0.001094144
-0.0007688924
0.0002924845
0.001284097
0.001878716
0.002201413
0.002622084
0.003294377
0.003980368
0.0046611
0.005419131
0.006179466
0.006925017
0.007816061
0.008774574
0.009443907
0.009810934
0.009875443
0.009767274
0.009649169
0.009571145
0.009332073
0.008869299
0.00856327
0.008406389
0.00827359
0.008109089
0.007883248
0.007695037
0.007715702
0.007832756
0.007872049
0.007869906
0.007790593
0.007670814
0.007571807
0.007440195
0.007325392
0.007153307
0.006996309
0.007021198
0.00735069
0.008122634
0.009234807
0.01031858
0.01113226
0.01163539
0.01206981
0.01244823
0.01252792
0.01216558
0.01149529
0.01081388
0.01037551
0.01016344
0.01003559
0.009685406
0.008920051
0.007886329
0.006874257
0.006059404
0.005352679
0.004641114
0.003876396
0.003089032
0.002428203
0.002022092
0.001799164
0.001441282
0.001029539
0.0008481438
0.0004830786
-0.0003913672
-0.001034718
-0.0006413601
0.0005485281
0.001576608
0.001895853
0.001801503
0.001848983
0.002196409
0.002647983
0.002983329
0.003088814
0.00307871
0.002938101
0.00261494
0.002090183
0.001199644
-2.427847e-05
-0.001268573
-0.002454365
-0.003706808
-0.005017921
-0.006265819
-0.007217754
-0.007424147
-0.007130796
-0.007580079
-0.009302722
-0.0112176
-0.01210261
-0.01207491
-0.01199596
-0.01224198
-0.01258128
-0.01279385
-0.01301727
-0.01316858
-0.01334097
-0.01376638
-0.014322
-0.01468944
-0.01461939
-0.01420323
-0.01392562
-0.01412116
-0.01467549
-0.01522926
-0.01583671
-0.01651819
-0.01718682
-0.01780711
-0.01838847
-0.01925728
-0.0203199
-0.02113937
-0.02168513
-0.02221675
-0.0227732
-0.02333856
-0.02381467
-0.02418724
-0.02437888
-0.02450014
-0.0245718
-0.02455801
-0.02439456
-0.0238723
-0.0230417
-0.02217247
-0.02146228
-0.02076843
-0.01986198
-0.0187217
-0.01747384
-0.0164361
-0.01570469
-0.01498932
-0.01433589
-0.01366164
-0.01288737
-0.01212109
-0.01130767
-0.01030478
-0.009173218
-0.008328124
-0.007866281
-0.007556772
-0.007482771
-0.007754742
-0.008157619
-0.008675242
-0.009307936
-0.009990225
-0.01066463
-0.01133729
-0.01196383
-0.01236746
-0.01257642
-0.01267678
-0.0128745
-0.01360611
-0.01455071
-0.01481227
-0.01394127
-0.0125065
-0.01147098
-0.01117672
-0.0111967
-0.01102103
-0.01059231
-0.01011915
-0.009784733
-0.009690954
-0.00980187
-0.009981549
-0.01034779
-0.01086727
-0.01126975
-0.01149821
-0.01162053
-0.01161603
-0.01142863
-0.0111124
-0.01061647
-0.009508411
-0.007707395
-0.006309941
-0.006529883
-0.007889169
-0.008961851
-0.008904575
-0.007974873
-0.007173182
-0.006912176
-0.006684458
-0.006159728
-0.005418531
-0.004736721
-0.004129023
-0.003444761
-0.002840959
-0.002440898
-0.001901258
-0.0010861
-0.0001880614
0.0007773706
0.001658841
0.002146891
0.00250149
0.002981586
0.00346489
0.003766823
0.003767308
0.003403239
0.003004143
0.002732442
0.002334729
0.001622132
0.0007257735
-0.0002207984
-0.001074776
-0.001873721
-0.002703605
-0.003294431
-0.003527055
-0.003701405
-0.00379223
-0.003467305
-0.002690617
-0.001626415
-0.0002148809
0.001636947
0.003632097
0.005577146
0.00721266
0.008536834
0.009883764
0.01144463
0.01290381
0.01401166
0.01461567
0.01500418
0.01541342
0.01574835
0.01602352
0.01603885
0.01585028
0.01561235
0.01523468
0.01471437
0.01402002
0.0132922
0.0126205
0.0117188
0.01084594
0.01037649
0.01008775
0.00955552
0.008848932
0.00816615
0.007424239
0.006715582
0.006586858
0.007141359
0.007862467
0.008264325
0.008272547
0.008131443
0.008107423
0.008230596
0.008283202
0.008072417
0.007816972
0.007636536
0.007596689
0.00759889
0.007356996
0.006817781
0.006202126
0.005831014
0.005761903
0.005717308
0.005497702
0.005248447
0.005521609
0.006369761
0.006549446
0.005403034
0.003881766
0.003024776
0.002951424
0.003205266
0.003353721
0.003330456
0.003461172
0.003773421
0.004134224
0.004452272
0.004730423
0.005010539
0.005339539
0.005541218
0.005639009
0.00572216
0.005717987
0.005645877
0.005416491
0.005184836
0.005139271
0.005123333
0.005008431
0.004893066
0.004871804
0.004879735
0.004835929
0.004856029
0.00485776
0.004771189
0.004712919
0.00459693
0.004388511
0.00436853
0.004428116
0.00432896
0.004118697
0.003945046
0.003825578
0.003849352
0.00413702
0.004496055
0.004700584
0.004881351
0.005319095
0.006110943
0.00698734
0.007665114
0.008085734
0.008254302
0.008433607
0.008732907
0.008936472
0.008975935
0.00875944
0.008312513
0.007751091
0.007235488
0.006859481
0.006512674
0.006081499
0.005768672
0.00559046
0.005518638
0.005446637
0.005422563
0.00537306
0.005256844
0.005220224
0.005167568
0.004944109
0.004483952
0.003535557
0.002469706
0.00226064
0.002992229
0.003700551
0.003935082
0.003853776
0.003583085
0.003372797
0.00332901
0.003442878
0.003495425
0.003477497
0.003451397
0.003354992
0.00326711
0.003393382
0.003670147
0.003733971
0.003526276
0.003123186
0.00270611
0.002436098
0.002628386
0.003668013
0.00485251
0.004929694
0.003472638
0.001613632
0.0005763806
0.0005686113
0.001015507
0.00112067
0.0007454917
0.0004344216
0.0005716243
0.0008646744
0.001044707
0.001178941
0.001247564
0.001322616
0.001285827
0.001247163
0.001274781
0.001299484
0.001142668
0.0008233315
0.000439146
-1.245137e-05
-0.0005293119
-0.00106273
-0.001633294
-0.002291894
-0.002947152
-0.003475933
-0.004127806
-0.004665681
-0.004851516
-0.005079106
-0.005553222
-0.006114546
-0.006680822
-0.00704858
-0.007266803
-0.007609197
-0.008007366
-0.00819588
-0.008233824
-0.008309901
-0.008274308
-0.007899069
-0.007636603
-0.007453672
-0.006894285
-0.00621321
-0.005664395
-0.005002848
-0.004043845
-0.003097573
-0.002434582
-0.001939823
-0.001430741
-0.0008887156
-0.0004152972
-6.757028e-05
0.0001405405
0.000292916
0.0003994401
0.0004542989
0.0003377621
9.271681e-05
-0.0001942503
-0.0004579257
-0.0006436702
-0.0007800102
-0.001047998
-0.001422892
-0.001480425
-0.00123381
-0.001334885
-0.002151868
-0.002891139
-0.002701175
-0.001446988
0.0001822978
0.001221452
0.001453437
0.001314165
0.001323406
0.001563341
0.001647632
0.001466321
0.001195696
0.0008635054
0.0005151979
0.0001686434
-4.787991e-05
-7.854512e-05
-1.377934e-05
-0.0001393281
-0.0002032859
-7.765283e-05
-4.583706e-05
-4.736773e-05
0.0006253716
0.001729665
0.001986243
0.0009557866
-0.0007401967
-0.002057077
-0.002383846
-0.002054669
-0.001875402
-0.002076157
-0.002364561
-0.002326559
-0.001971398
-0.001585643
-0.001563834
-0.001794817
-0.001957411
-0.00215202
-0.002369024
-0.002416371
-0.002463688
-0.00277879
-0.003198825
-0.003480458
-0.003494465
-0.00355464
-0.003852367
-0.004097976
-0.004210937
-0.004463006
-0.004836209
-0.00536252
-0.006251693
-0.00719569
-0.007882964
-0.008350272
-0.008866426
-0.009540183
-0.01013326
-0.01066662
-0.0111689
-0.01154975
-0.01180684
-0.01200744
-0.0121804
-0.01222159
-0.01212384
-0.01222492
-0.01249087
-0.01255038
-0.01240037
-0.0123262
-0.01245686
-0.01258792
-0.01237533
-0.01197014
-0.01166648
-0.01135318
-0.0109284
-0.01034145
-0.009598593
-0.008917041
-0.008490808
-0.008109701
-0.007582335
-0.007014371
-0.006519374
-0.005875045
-0.004919048
-0.003848558
-0.002976522
-0.002177668
-0.001155194
-2.856354e-05
0.001049097
0.001848085
0.002192929
0.002545227
0.003546833
0.005554011
0.007932062
0.009672719
0.01067569
0.01141346
0.01231095
0.01317498
0.01363625
0.01377292
0.01391864
0.01408973
0.0141839
0.01407733
0.01388125
0.01367893
0.01337528
0.01290809
0.01245726
0.01207174
0.01183651
0.01191566
0.01245657
0.01328631
0.0134269
0.01220781
0.01058973
0.009898072
0.0102405
0.0108589
0.01120435
0.01130269
0.01152521
0.01194101
0.01239471
0.01280469
0.01321194
0.01362009
0.01392631
0.01402112
0.01412777
0.01450475
0.01497454
0.01537798
0.01563612
0.01586999
0.01610612
0.01623656
0.0162919
0.01642137
0.0166023
0.01660791
0.01626644
0.01572363
0.01527175
0.01487123
0.01431572
0.01375457
0.0132692
0.01287193
0.01272369
0.01263182
0.01242991
0.01219357
0.01217545
0.01230133
0.0124787
0.01286049
0.01317671
0.01314026
0.01281792
0.01257126
0.01256917
0.01252439
0.01233113
0.01205061
0.01163498
0.01104258
0.01029862
0.009316033
0.008373654
0.007480486
0.006408109
0.005271028
0.004432112
0.003687635
0.003058622
0.002717441
0.00261175
0.002425041
0.002185108
0.001997183
0.001786744
0.001561656
0.001445288
0.00127692
0.0008519705
3.056057e-05
-0.001203946
-0.002250957
-0.002475425
-0.001863714
-0.001184584
-0.0009783114
-0.001002367
-0.001129769
-0.00128574
-0.001136613
-0.0008494994
-0.0009476548
-0.00141868
-0.001857287
-0.002057764
-0.002046118
-0.002254522
-0.002819166
-0.003419723
-0.003916538
-0.004491159
-0.005212147
-0.005841798
-0.005970857
-0.00537887
-0.004834135
-0.005387005
-0.007041324
-0.008475045
-0.008851485
-0.008492202
-0.008035922
-0.007796877
-0.007739946
-0.007617383
-0.007267524
-0.006835599
-0.00652007
-0.006344835
-0.006113289
-0.005895032
-0.005700449
-0.0056448
-0.005703596
-0.005994863
-0.00642687
-0.006836768
-0.007287857
-0.007863383
-0.008545986
-0.009266758
-0.009939194
-0.01062918
-0.0112363
-0.01172127
-0.01226415
-0.01280657
-0.01319978
-0.01342497
-0.01350132
-0.01355446
-0.01360731
-0.01359284
-0.01336891
-0.01296708
-0.0126016
-0.01231218
-0.0118912
-0.01126014
-0.01062948
-0.01005872
-0.009554235
-0.009144393
-0.00860365
-0.008078938
-0.007662288
-0.007106109
-0.006448352
-0.00586128
-0.005445629
-0.005009637
-0.004508558
-0.004046844
-0.003773
-0.003636428
-0.003574493
-0.003709819
-0.004081031
-0.004691018
-0.005403197
-0.005878863
-0.006299714
-0.006890585
-0.007681971
-0.008341364
-0.008707388
-0.00882376
-0.00895589
-0.009136843
-0.009401832
-0.009839898
-0.0102102
-0.009883638
-0.008454889
-0.00666575
-0.005497534
-0.004868647
-0.004052105
-0.003053327
-0.002283349
-0.00168122
-0.001098771
-0.0005929001
-0.0001285697
0.0002639345
0.0004668387
0.0004200643
0.0002921623
0.0002717973
0.000156249
-9.046598e-05
-0.000342872
-0.0005229421
-0.0004474452
0.0001783127
0.001025126
0.001009775
-0.0001498481
-0.001385635
-0.001631002
-0.0009341008
-8.607037e-05
0.0004846742
0.0008196338
0.001180407
0.00176694
0.00234944
0.002689566
0.002726791
0.00268493
0.002801908
0.00307385
0.003294571
0.003422667
0.003505571
0.003564461
0.003664928
0.003798158
0.003689975
0.003206379
0.002684469
0.002336696
0.001875242
0.0009833283
4.587809e-05
-0.0005788755
-0.001105611
-0.001868328
-0.002795744
-0.003587047
-0.004015888
-0.004187726
-0.004617307
-0.005199589
-0.005519018
-0.005573647
-0.00579886
-0.006211264
-0.006391185
-0.006226557
-0.005965876
-0.005869042
-0.005956403
-0.005969672
-0.005674066
-0.005083998
-0.004502536
-0.004053702
-0.003480787
-0.002708231
-0.001897465
-0.0010949
-0.0003065171
0.0004290535
0.001095197
0.001803529
0.002654743
0.003604364
0.004431814
0.005204764
0.006009124
0.00675577
0.007493402
0.008072915
0.008427632
0.008772956
0.009093689
0.009296854
0.009335285
0.008904833
0.007850191
0.007055992
0.007094069
0.007590913
0.007808956
0.007538032
0.006975381
0.006510599
0.006241306
0.006040111
0.006038975
0.006207509
0.006413799
0.006602907
0.006862236
0.00730269
0.007754878
0.008004993
0.008255575
0.008665739
0.009075942
0.009344322
0.009585063
0.01021687
0.01135315
0.01204726
0.01133521
0.009620533
0.00805104
0.007350111
0.007282868
0.007171546
0.006890684
0.006710273
0.00677965
0.007181604
0.007691365
0.008188542
0.008714523
0.009212998
0.009732467
0.01037426
0.01110649
0.01196137
0.01284502
0.013657
0.01436452
0.01498048
0.01568113
0.01648478
0.01718301
0.01775458
0.01816042
0.01835531
0.0185506
0.01882947
0.01875296
0.01837008
0.01793198
0.01749075
0.01711004
0.01665496
0.01601994
0.01524851
0.0145902
0.01388369
0.01286982
0.01196243
0.01157221
0.01141128
0.01108573
0.01065969
0.0102854
0.009912258
0.009623608
0.009622719
0.009826323
0.0100891
0.01030377
0.01033564
0.01027613
0.01038032
0.01048418
0.01033826
0.01003909
0.009795766
0.009729257
0.009528704
0.009150198
0.008778159
0.008597402
0.008371397
0.007977851
0.007609099
0.00733881
0.007069087
0.006826412
0.006498555
0.005844018
0.005108975
0.004881442
0.005353402
0.006351337
0.007265853
0.007717972
0.007837467
0.007825723
0.007714803
0.007672055
0.007760617
0.007751128
0.00759838
0.007457973
0.007329455
0.007129143
0.006959157
0.006967134
0.007061246
0.007121997
0.007098146
0.006936972
0.006698514
0.006807169
0.007557379
0.008393686
0.008225199
0.006944073
0.005468908
0.00479606
0.004675521
0.004600328
0.004440353
0.004171991
0.003937152
0.003665802
0.003457068
0.003329075
0.003183527
0.003001948
0.002844612
0.002782671
0.002740101
0.002631164
0.002498907
0.002399098
0.002355265
0.002316123
0.002380731
0.002487617
0.00245659
0.002433551
0.002608724
0.002975665
0.003195074
0.003014395
0.002868437
0.003153303
0.003501569
0.003577366
0.003446912
0.003312432
0.003318681
0.003359988
0.003090207
0.002524408
0.002029378
0.001660324
0.001138212
0.0001784499
-0.0008732059
-0.001601003
-0.002135651
-0.002796915
-0.003561005
-0.004200766
-0.004629567
-0.005013722
-0.005282624
-0.00538728
-0.005332198
-0.005142377
-0.005101075
-0.005215007
-0.005225852
-0.004992245
-0.004868097
-0.004994064
-0.005206641
-0.005244782
-0.005246005
-0.005467202
-0.005776937
-0.006120773
-0.006410705
-0.006774783
-0.007334361
-0.008069546
-0.008677583
-0.009428555
-0.01066797
-0.01231562
-0.01362914
-0.01407103
-0.01389486
-0.01384719
-0.01452592
-0.01565252
-0.01656426
-0.01698737
-0.01726899
-0.01775934
-0.01845774
-0.01901223
-0.01926862
-0.01939144
-0.01954046
-0.01959793
-0.01964367
-0.01980038
-0.01984503
-0.01953938
-0.01914317
-0.01888866
-0.0184374
-0.01743127
-0.01633148
-0.01611892
-0.0171932
-0.01855694
-0.01902544
-0.01865496
-0.01836392
-0.01859246
-0.01906097
-0.01929761
-0.01928957
-0.01932162
-0.01934135
-0.01930508
-0.01927571
-0.01915476
-0.01897361
-0.0188389
-0.01879772
-0.01868767
-0.01839709
-0.01816883
-0.01806404
-0.01795783
-0.01786206
-0.01780207
-0.01769721
-0.01761617
-0.01772496
-0.01792559
-0.01804677
-0.01805559
-0.01813856
-0.01828146
-0.01833013
-0.01852196
-0.01893435
-0.01920527
-0.01920483
-0.01916939
-0.01918274
-0.01919535
-0.01917439
-0.01918612
-0.01924687
-0.0192585
-0.01915576
-0.01895598
-0.01867669
-0.01853717
-0.01846327
-0.01834171
-0.01815557
-0.01792948
-0.01779387
-0.01775207
-0.01769022
-0.01742076
-0.01697306
-0.01665031
-0.01639945
-0.01596664
-0.01540746
-0.0148494
-0.0142783
-0.0135502
-0.01284064
-0.01236424
-0.01192199
-0.01134319
-0.01080112
-0.01043355
-0.01016815
-0.009921415
-0.009999741
-0.01056987
-0.01117468
-0.0110216
-0.009918679
-0.008619417
-0.007968738
-0.007998589
-0.008080268
-0.007810843
-0.007382135
-0.007047461
-0.006812794
-0.006648751
-0.006470437
-0.006240714
-0.006069975
-0.005941639
-0.005755249
-0.005401636
-0.005016052
-0.004675665
-0.004203236
-0.003536821
-0.002459723
-0.0009179404
2.808818e-05
-0.0003407614
-0.001622971
-0.002512476
-0.002512443
-0.002200392
-0.002133154
-0.00246431
-0.002922759
-0.00320398
-0.003042388
-0.002642493
-0.002573037
-0.002963971
-0.003270452
-0.003032709
-0.002305048
-0.001801805
-0.001778826
-0.001859235
-0.00187282
-0.001721765
-0.00143848
-0.001257409
-0.001201823
-0.00124603
-0.001362498
-0.001532048
-0.001624418
-0.001838341
-0.002210356
-0.002523063
-0.002693765
-0.002806223
-0.002964957
-0.003255232
-0.003563012
-0.003875502
-0.003997129
-0.003883047
-0.003770981
-0.003745098
-0.003670918
-0.003545616
-0.003565049
-0.003680695
-0.003719654
-0.003718543
-0.00377261
-0.003577988
-0.003143826
-0.002801497
-0.002494527
-0.002054416
-0.001559298
-0.00109804
-0.0007727731
-0.0005531191
-0.0004069051
-0.0002928071
-2.822533e-05
0.0004146448
0.0006939626
0.0007494998
0.00100229
0.001514965
0.001902926
0.002008368
0.001962605
0.001999678
0.002372832
0.002858465
0.003258518
0.003423952
0.003279798
0.003216916
0.003845865
0.005270128
0.007116723
0.008762375
0.009680373
0.01000977
0.01037299
0.0112115
0.01239188
0.0134459
0.01412259
0.01455331
0.01515371
0.01578518
0.01610715
0.01621521
0.0163114
0.01640748
0.01665093
0.01682785
0.01680725
0.01678478
0.01723633
0.01824849
0.01908398
0.0188231
0.01761606
0.01658396
0.01651872
0.01713845
0.01774816
0.01798286
0.01798046
0.01798016
0.01818577
0.01858335
0.01885589
0.01899677
0.01909732
0.01912984
0.01913765
0.01908325
0.01901453
0.01896814
0.01888187
0.0186203
0.01831886
0.01788779
0.01720777
0.01658367
0.0161
0.0157338
0.01548981
0.01521338
0.01496345
0.01485821
0.01490562
0.01482972
0.01446518
0.01405782
0.0138296
0.01357109
0.01310476
0.01268666
0.01242375
0.01218406
0.01187483
0.01150896
0.01116908
0.01088093
0.01083563
0.0108518
0.01069789
0.01059964
0.01093074
0.01134525
0.01156186
0.01183576
0.01230446
0.01284672
0.01336048
0.01357005
0.01349378
0.01354647
0.01369013
0.01360443
0.01331559
0.01316173
0.0131509
0.0129242
0.01258325
0.01235825
0.01213953
0.01196132
0.01176737
0.0115647
0.01134373
0.01128445
0.0111801
0.01040651
0.009349048
0.009077935
0.009916722
0.01102134
0.01154656
0.01139881
0.01116165
0.01114177
0.01122995
0.01112434
0.01070961
0.01040013
0.01024357
0.0100895
0.009797216
0.009306452
0.008737433
0.008315316
0.008166853
0.008042184
0.007762548
0.007400459
0.007341774
0.008081256
0.009489234
0.0103677
0.009707818
0.008211671
0.007541335
0.008076944
0.009016736
0.009565874
0.009704027
0.009572609
0.009511158
0.00970488
0.009772501
0.009709884
0.009642616
0.009403983
0.009019709
0.0087311
0.008554292
0.008262057
0.007697099
0.007026793
0.006531714
0.006286148
0.00601295
0.005277808
0.004341302
0.003658284
0.003027146
0.002216653
0.001316233
0.0004817398
-0.0003635848
-0.001083659
-0.001553609
-0.001921739
-0.002279351
-0.002644687
-0.002928849
-0.003066809
-0.003154868
-0.003113556
-0.003029034
-0.00301903
-0.002965441
-0.002706607
-0.002309037
-0.00207595
-0.001920013
-0.0015671
-0.001112854
-0.0006514711
-0.0001215108
0.000300862
0.0006111013
0.0009117187
0.001131178
0.001309387
0.001489126
0.001704117
0.001896348
0.001968458
0.001825178
0.00159618
0.001519502
0.001661343
0.001705572
0.001316008
0.0007932354
0.0005145497
0.0003537238
0.0001010571
-0.0001130087
-0.0003054826
-0.0008023276
-0.001750638
-0.002877755
-0.003434958
-0.002955846
-0.00193056
-0.001259954
-0.0014198
-0.001946742
-0.002366124
-0.002461084
-0.002419838
-0.002713015
-0.003200151
-0.003447773
-0.003584697
-0.003940483
-0.00429909
-0.004435423
-0.004485343
-0.004638631
-0.004843723
-0.005015817
-0.005222222
-0.00536191
-0.005188157
-0.004461509
-0.003786107
-0.004143244
-0.00556478
-0.006958081
-0.007281514
-0.006707383
-0.006219787
-0.006126595
-0.006146703
-0.006089693
-0.005862382
-0.005634446
-0.005535448
-0.005457839
-0.005328873
-0.005183396
-0.005133682
-0.005178106
-0.00517853
-0.005109448
-0.005075857
-0.005066969
-0.005021803
-0.005161882
-0.005400059
-0.005416613
-0.005276452
-0.005363317
-0.005713215
-0.005901776
-0.005898263
-0.005991835
-0.006225291
-0.00648598
-0.006752985
-0.006977219
-0.007182468
-0.007171683
-0.00704106
-0.007014515
-0.007014094
-0.006715969
-0.006369866
-0.006164399
-0.005927403
-0.005655254
-0.005477919
-0.0054171
-0.0053712
-0.005420606
-0.005582358
-0.00570859
-0.005775958
-0.005993943
-0.006580357
-0.007308669
-0.007859791
-0.008336099
-0.008890763
-0.009599423
-0.01024156
-0.01038347
-0.01044307
-0.01089747
-0.01152714
-0.01195047
-0.0122193
-0.01234539
-0.01241251
-0.01248244
-0.01254743
-0.01261572
-0.01275431
-0.01346113
-0.01467941
-0.01538934
-0.01508715
-0.01423637
-0.01343338
-0.0130965
-0.01361593
-0.01439521
-0.01465613
-0.01445293
-0.01439747
-0.01457546
-0.01485104
-0.01526386
-0.01556313
-0.01567034
-0.0158522
-0.01616265
-0.01650935
-0.01684412
-0.01700373
-0.01703146
-0.01695071
-0.01658604
-0.01565545
-0.01477279
-0.01494353
-0.0160433
-0.01694157
-0.01716782
-0.01681979
-0.01634246
-0.01614068
-0.01608757
-0.01587308
-0.01549257
-0.01515209
-0.0150024
-0.01486862
-0.01452813
-0.01396881
-0.01355114
-0.01335946
-0.01306491
-0.01269953
-0.01243333
-0.01219685
-0.01193297
-0.01167126
-0.01145031
-0.01114827
-0.01074942
-0.01035079
-0.009923908
-0.009351795
-0.008617507
-0.00789668
-0.0073098
-0.006807122
-0.006251556
-0.005815016
-0.005317093
-0.004668682
-0.004243729
-0.004114377
-0.003919199
-0.003612748
-0.003447062
-0.00342025
-0.003647228
-0.003846585
-0.003807606
-0.003625597
-0.003394591
-0.003339076
-0.003454473
-0.003584386
-0.003604187
-0.003445932
-0.003334697
-0.003256604
-0.003029159
-0.002731479
-0.002446077
-0.002122321
-0.001724791
-0.001322165
-0.0009657031
-0.0006360934
-0.0004891301
-0.0004386675
-0.0001826871
0.0002421878
0.0004232309
0.0004152037
0.0007310028
0.00107196
0.0009915863
0.0008276278
0.0005216646
-0.0003113874
-0.001152
-0.001095977
-5.781303e-05
0.001152212
0.001691036
0.001620508
0.001547329
0.001726591
0.001967204
0.002116369
0.002240906
0.002462369
0.002657077
0.002659018
0.002526757
0.002364648
0.002208876
0.002099233
0.001975567
0.00165915
0.001196082
0.0008267141
0.0006806157
0.0009532775
0.0017377
0.00212529
0.001197182
-0.0006368244
-0.002046622
-0.00237087
-0.002184884
-0.002076919
-0.002034737
-0.002068706
-0.002064841
-0.001916463
-0.001753974
-0.001758929
-0.001861909
-0.001832408
-0.001701545
-0.001499696
-0.00121615
-0.0009870367
-0.001032348
-0.001242769
-0.001443252
-0.001729378
-0.001927278
-0.00207858
-0.002310255
-0.002619761
-0.00285495
-0.003002026
-0.003047628
-0.003115214
-0.003144597
-0.003070837
-0.003121595
-0.003254121
-0.003322008
-0.003427279
-0.003426516
-0.003151092
-0.002870509
-0.002759054
-0.002674004
-0.002662639
-0.00291934
-0.003281179
-0.003494607
-0.003566913
-0.003689835
-0.003904308
-0.004131742
-0.004204621
-0.004132899
-0.003904433
-0.003825668
-0.003952253
-0.004035874
-0.003954485
-0.003793585
-0.003661982
-0.003646565
-0.003650778
-0.003428001
-0.003159085
-0.003085113
-0.003196834
-0.003205619
-0.003065546
-0.003014769
-0.003111336
-0.003124633
-0.002874212
-0.002646
-0.002789319
-0.003291398
-0.004011389
-0.004687677
-0.004607893
-0.003594846
-0.00233615
-0.00171358
-0.001891911
-0.002236935
-0.002181704
-0.001923153
-0.001636088
-0.001325057
-0.001150903
-0.001143527
-0.001204307
-0.001009743
-0.0006760513
-0.0004358863
-0.0003825044
-0.0003940366
-0.0001356962
0.0003715845
0.0007913541
0.001186456
0.002181952
0.003667965
0.004390484
0.003752754
0.002576258
0.001887182
0.002133911
0.003006586
0.003612321
0.003686009
0.003569334
0.003701279
0.004106379
0.004474564
0.004553697
0.004280625
0.004005015
0.003938179
0.003891664
0.003637572
0.003249704
0.002922465
0.002777593
0.002610796
0.002325099
0.002046229
0.001726517
0.001424949
0.001208407
0.001065334
0.0008860779
0.0004273107
-0.0001580748
-0.0002838531
2.195216e-05
9.65288e-05
-0.0001823175
-0.0004230909
-0.000432195
-0.0004050865
-0.0005069142
-0.0006048779
-0.0006932332
-0.0008322185
-0.0008671475
-0.0008038539
-0.0007611536
-0.0008866698
-0.001184636
-0.001269777
-0.001103674
-0.001122507
-0.001274932
-0.001356908
-0.001204801
-0.0009490187
-0.0008454668
-0.0008920934
-0.0008761921
-0.0006828262
-0.0004212789
-0.0001570947
0.0001978001
0.0007654182
0.001457078
0.001988211
0.002543177
0.003498861
0.004713865
0.005786656
0.006563062
0.007098791
0.007785291
0.008678279
0.009283043
0.008989769
0.008112268
0.007817041
0.008854352
0.01040257
0.01115214
0.0111162
0.01087451
0.01075478
0.01082536
0.01080058
0.01063774
0.01054208
0.01079523
0.01113035
0.01130478
0.01119117
0.0109928
0.01106339
0.01139704
0.01171442
0.01210048
0.01264316
0.01310473
0.01366848
0.01506725
0.01681222
0.01719781
0.01608523
0.01502507
0.01503066
0.01575953
0.01633168
0.016422
0.01642767
0.01669624
0.01713162
0.01748228
0.01767659
0.017774
0.01780832
0.01785552
0.01800399
0.01827937
0.01847664
0.0184371
0.01840051
0.01854537
0.01868246
0.0186959
0.01845749
0.01801497
0.01770788
0.01769477
0.01765204
0.01729625
0.01683978
0.01644457
0.01612361
0.01587528
0.0156502
0.01537903
0.01509638
0.0148964
0.01460657
0.0142645
0.0141545
0.01418358
0.01414604
0.01411338
0.01409247
0.01393722
0.01373314
0.01379789
0.01391052
0.0137268
0.01341922
0.01334228
0.01344069
0.01334733
0.01299378
0.01254996
0.01221465
0.01209299
0.0117921
0.01110697
0.01060131
0.01040985
0.01017719
0.009791934
0.009338686
0.008807992
0.008448632
0.008412026
0.008408913
0.008188531
0.007966944
0.007904914
0.008095987
0.008254794
0.007997502
0.0073674
0.006762222
0.006971337
0.008117561
0.00926504
0.009668525
0.009524714
0.009381442
0.009392874
0.009489814
0.009566467
0.009435914
0.009124883
0.008915955
0.008789495
0.008645928
0.008546777
0.008425047
0.008187736
0.008069157
0.00800489
0.007686279
0.007255735
0.007284694
0.008013363
0.008913719
0.008956381
0.007763743
0.005942063
0.004604024
0.004220566
0.004244173
0.003943161
0.003298884
0.002518521
0.002101855
0.001819258
0.001473786
0.001042049
0.000337615
-0.0002650445
-0.0006356294
-0.001039713
-0.001426326
-0.001808804
-0.002203101
-0.002507056
-0.002897911
-0.003272441
-0.003611858
-0.003886486
-0.004137413
-0.004471916
-0.00470238
-0.004701973
-0.004657186
-0.004749251
-0.004939683
-0.005167852
-0.005265296
-0.005121058
-0.005057064
-0.005193226
-0.005310591
-0.005222547
-0.004942464
-0.004619277
-0.004493739
-0.004464288
-0.00432627
-0.004104938
-0.003995101
-0.003896705
-0.003532491
-0.003277884
-0.00328817
-0.003225307
-0.003149216
-0.003077497
-0.003018833
-0.003101283
-0.00336156
-0.003744497
-0.004106816
-0.004314272
-0.00457358
-0.004955186
-0.00529661
-0.005642081
-0.006051726
-0.00640443
-0.006512397
-0.006424153
-0.006350729
-0.00621442
-0.00598035
-0.005754095
-0.005571328
-0.005275589
-0.005095644
-0.005429815
-0.005982764
-0.005970726
-0.004998683
-0.003475952
-0.002406444
-0.002175131
-0.002300704
-0.002186061
-0.00197481
-0.001883103
-0.001840467
-0.00198041
-0.002434437
-0.002832866
-0.003018966
-0.003310166
-0.003768927
-0.00412457
-0.00435353
-0.004704158
-0.005185839
-0.005652616
-0.005949904
-0.005794237
-0.0052285
-0.005016017
-0.006026703
-0.007980588
-0.009602526
-0.01016683
-0.01010134
-0.01030876
-0.01101375
-0.01172814
-0.01217772
-0.01246611
-0.01273804
-0.01302153
-0.01329504
-0.0135633
-0.01381154
-0.01396227
-0.01393039
-0.01379855
-0.01357115
-0.01338798
-0.01328639
-0.01306771
-0.01267594
-0.01225728
-0.01183367
-0.01144279
-0.01114239
-0.01084721
-0.01038121
-0.01002661
-0.00984491
-0.009667667
-0.009478548
-0.009223463
-0.008919411
-0.008567612
-0.008290114
-0.008155959
-0.008051271
-0.008061654
-0.008209627
-0.008201508
-0.008227923
-0.008361842
-0.008468974
-0.00853787
-0.008659885
-0.008774809
-0.008674094
-0.0084715
-0.00836866
-0.008292688
-0.007997808
-0.007481224
-0.006948765
-0.006492131
-0.006100193
-0.005577566
-0.004854652
-0.0041825
-0.003760668
-0.003382352
-0.002807046
-0.002060236
-0.001516135
-0.001332833
-0.001211064
-0.001005032
-0.0006569228
-0.0005090959
-0.000559406
-0.0005214167
-0.0006461668
-0.001148935
-0.001460717
-0.0009071329
0.0004580922
0.001781729
0.002297669
0.002110337
0.002073256
0.002402646
0.002682992
0.002742491
0.002681207
0.002518075
0.002510526
0.002662041
0.002705859
0.00264049
0.002569541
0.002637722
0.002735159
0.002697601
0.002699121
0.002881243
0.003258287
0.004155942
0.005152024
0.00514726
0.003846536
0.00233464
0.00178699
0.002088088
0.002529955
0.002611526
0.002420271
0.002232231
0.002103447
0.002061142
0.00206589
0.002061859
0.002012849
0.001938884
0.001865319
0.001918037
0.001953582
0.001813102
0.001680045
0.001569222
0.001390461
0.00124359
0.00122508
0.001166089
0.001101664
0.001151472
0.001350175
0.001424169
0.001425588
0.001597192
0.002007981
0.002400897
0.002539705
0.002628285
0.002743025
0.002969521
0.003367497
0.003596736
0.003671766
0.003856519
0.004053204
0.004191263
0.00419358
0.00420512
0.004401455
0.004565949
0.004596992
0.004615836
0.004700073
0.004806295
0.004885773
0.004786679
0.004517127
0.004323653
0.004258821
0.004134692
0.003892012
0.003555779
0.003165526
0.002761858
0.002368082
0.001976163
0.001561833
0.001148146
0.000779469
0.0003637785
-0.0001040369
-0.0006370711
-0.001173163
-0.00180412
-0.002492768
-0.003122562
-0.003875721
-0.005004631
-0.006359227
-0.007273315
-0.007065586
-0.006225727
-0.005851856
-0.006162295
-0.00671583
-0.007202429
-0.007385314
-0.007254871
-0.007050691
-0.007007333
-0.007004701
-0.006809204
-0.006444963
-0.006053259
-0.005552754
-0.005035953
-0.004659274
-0.00442208
-0.004197727
-0.003807184
-0.003215895
-0.002036779
-0.0005009573
0.0001926184
-0.0005070359
-0.001872188
-0.002984307
-0.003233384
-0.002899519
-0.002878607
-0.003373503
-0.003867823
-0.004183897
-0.004381458
-0.004665903
-0.0049921
-0.005307599
-0.005583098
-0.005598253
-0.005511682
-0.005533809
-0.005473247
-0.00536036
-0.00537428
-0.005448902
-0.005348529
-0.005126839
-0.005084957
-0.00513779
-0.005051064
-0.004881828
-0.004815164
-0.004642762
-0.004362854
-0.004103356
-0.003995112
-0.004116073
-0.004356876
-0.004346851
-0.004088792
-0.003894799
-0.003722474
-0.003632509
-0.00362306
-0.003570377
-0.003615168
-0.003819066
-0.003993221
-0.004004559
-0.004026484
-0.004293942
-0.004708179
-0.004908009
-0.004884833
-0.004967322
-0.005163334
-0.005275306
-0.005321957
-0.00538017
-0.005375446
-0.005360354
-0.005489412
-0.005637302
-0.005710933
-0.00582028
-0.006096289
-0.006296346
-0.006367031
-0.006598187
-0.006939774
-0.007156216
-0.007242478
-0.007283373
-0.007475172
-0.00784073
-0.008122177
-0.008378625
-0.009004931
-0.01017987
-0.01116864
-0.01105313
-0.01016629
-0.009582223
-0.009802674
-0.01039847
-0.01092179
-0.01136974
-0.01164084
-0.01177676
-0.01194705
-0.01217489
-0.01235903
-0.01250973
-0.01272634
-0.0129691
-0.01313718
-0.01309368
-0.01301112
-0.01300806
-0.01288626
-0.01244298
-0.01153267
-0.01036653
-0.009878551
-0.01065291
-0.0118921
-0.012523
-0.01217422
-0.01147463
-0.01114313
-0.01119712
-0.01131768
-0.01107868
-0.01056726
-0.01007469
-0.009652352
-0.009366861
-0.009169839
-0.008840903
-0.008317859
-0.007786091
-0.007284108
-0.006820759
-0.006606304
-0.006288702
-0.005675709
-0.005192122
-0.004850174
-0.004322515
-0.003654663
-0.003181049
-0.002920229
-0.002761584
-0.002608879
-0.00234617
-0.002131795
-0.002128533
-0.002312021
-0.00243331
-0.002394603
-0.002440874
-0.002555494
-0.002643568
-0.002765518
-0.002880524
-0.003049596
-0.003197616
-0.003351797
-0.003603917
-0.003778572
-0.003808011
-0.003624108
-0.003349084
-0.003206089
-0.00328345
-0.003132323
-0.002678933
-0.00226179
-0.001926609
-0.001628073
-0.001374481
-0.0009161912
-0.0003175015
0.0002351411
0.0006051987
0.0008680609
0.001062518
0.001296079
0.001728345
0.002343626
0.002798886
0.003068828
0.003388025
0.00391643
0.00432563
0.004211298
0.00359348
0.002953545
0.002904779
0.003760032
0.004810119
0.005290442
0.005264679
0.005030724
0.004863103
0.004948669
0.00514696
0.005188244
0.005299132
0.005608849
0.005858423
0.006001239
0.006272326
0.006633992
0.006859979
0.007158053
0.007616007
0.008023509
0.008239932
0.00850102
0.009350266
0.01074334
0.01165962
0.01111315
0.00957118
0.008408214
0.008298481
0.00872311
0.009017852
0.008933753
0.008600336
0.008383963
0.008288675
0.00817759
0.00803855
0.007794737
0.007461603
0.00719984
0.007108812
0.007492079
0.007417273
0.007409554
0.007541763
0.007702535
0.007845228
0.00802948
0.00819963
0.008387571
0.008612635
0.00891465
0.009182393
0.009414832
0.009731623
0.01017748
0.01056186
0.01077783
0.01104978
0.01152812
0.01186723
0.01198398
0.01208621
0.01241454
0.01282313
0.0130943
0.0131866
0.01313882
0.01318633
0.0134373
0.01374604
0.01386295
0.01393323
0.01405291
0.01406706
0.0140725
0.01435516
0.01478432
0.01501559
0.01501188
0.01504056
0.01514525
0.01528924
0.01532269
0.01518779
0.01507521
0.01517595
0.01524694
0.01508691
0.01486638
0.01467705
0.01463966
0.01461426
0.01448347
0.01433786
0.01419067
0.01412477
0.01394993
0.0132823
0.01212712
0.01113659
0.01102324
0.01165718
0.0123019
0.01234
0.01184674
0.0113036
0.01088468
0.01053502
0.01018721
0.009985354
0.009853165
0.009780599
0.00970358
0.00960462
0.009489693
0.009358249
0.009242587
0.009067663
0.008868011
0.008744352
0.008621023
0.008844234
0.00952195
0.01024408
0.01007965
0.008744487
0.007167692
0.006286432
0.006115846
0.006079916
0.005818479
0.005322168
0.004823131
0.004359376
0.003837487
0.003191155
0.002490533
0.001892143
0.001466538
0.0009651099
0.0003393102
-0.0002876356
-0.0009479897
-0.00157662
-0.001933827
-0.002043873
-0.002169207
-0.002310356
-0.0024437
-0.002672549
-0.002884354
-0.003021789
-0.003079978
-0.003135145
-0.003089019
-0.003019608
-0.002983999
-0.002927429
-0.00282897
-0.002678531
-0.00246994
-0.002222174
-0.002014204
-0.001867459
-0.001690635
-0.001315242
-0.0009183195
-0.0008526444
-0.001018313
-0.001100936
-0.0008817521
-0.0006161714
-0.0006722918
-0.0008579141
-0.0009360943
-0.0009032944
-0.0008135382
-0.0009420619
-0.001377315
-0.001669516
-0.001635525
-0.001738122
-0.002058521
-0.002284263
-0.002422102
-0.002523214
-0.002663864
-0.002840077
-0.002934301
-0.002811529
-0.002586139
-0.002569247
-0.002720037
-0.002729861
-0.002586372
-0.002453074
-0.002440882
-0.00269865
-0.003447757
-0.004212531
-0.004127127
-0.003217836
-0.002346766
-0.00218486
-0.002525069
-0.00282546
-0.002922934
-0.002887063
-0.002733783
-0.002770445
-0.003137147
-0.003579556
-0.00382107
-0.003841754
-0.003759389
-0.003810384
-0.004055351
-0.004361243
-0.004378578
-0.004239896
-0.004057151
-0.003563262
-0.002641487
-0.002038815
-0.002582504
-0.0038046
-0.004694794
-0.004975342
-0.004953373
-0.00481833
-0.00472445
-0.004891253
-0.005308062
-0.005549144
-0.005328194
-0.004887336
-0.004834176
-0.005304614
-0.005634183
-0.005431197
-0.004973256
-0.004602422
-0.004443577
-0.00441289
-0.004333429
-0.0041718
-0.003925757
-0.003746977
-0.003592985
-0.00334465
-0.003186356
-0.003077994
-0.002798642
-0.002360169
-0.002118172
-0.001973474
-0.001712538
-0.001452813
-0.001224481
-0.0009858371
-0.0008450586
-0.0008785104
-0.0008737227
-0.0007457694
-0.0006587316
-0.0006425406
-0.0007034019
-0.0008156733
-0.0009010634
-0.0008964461
-0.0008562775
-0.0008529169
-0.0008226578
-0.0007652491
-0.0007570325
-0.0007989919
-0.0008453182
-0.0009323925
-0.0009758145
-0.0009263941
-0.0008351951
-0.0006633766
-0.0005358012
-0.000525962
-0.0005889191
-0.0005924096
-0.0004798327
-0.0003881112
-0.0003499064
-0.0002305912
-0.0001211481
-0.0001154736
-0.0001387384
-0.0001079358
-6.533411e-05
-4.562736e-05
-0.0003021723
-0.0008391217
-0.001097266
-0.0007348644
2.870867e-05
0.000774149
0.00113521
0.001035395
0.0007555013
0.0006151175
0.0007218898
0.0008645412
0.0008723229
0.0007824831
0.0007644344
0.0007925476
0.0006814171
0.0004667799
0.0003637628
0.0003377081
0.0002992116
0.0002489163
0.0002149728
0.0002936511
0.0006404266
0.001211985
0.001658755
0.001530723
0.0008817407
5.510359e-05
-0.0003718029
-0.0002768244
-3.962817e-05
0.0001179697
0.0001096336
-5.465717e-05
-0.0001331178
-3.458812e-05
2.520334e-05
-9.58951e-05
-0.0001911776
-0.0001244169
-8.184213e-06
1.925788e-05
3.521668e-05
0.0001146935
8.968855e-05
1.020967e-05
-0.0001171328
-0.0001722887
2.545594e-05
0.0002841331
0.0002802226
7.779701e-05
-2.842786e-05
9.596976e-05
0.0002095094
9.576647e-05
-0.0001018911
-0.0001542229
-3.415512e-05
8.030802e-05
3.883195e-05
-0.0001066436
-7.238076e-05
0.0002103953
0.0004774747
0.0003695112
-3.282699e-06
-0.000210394
-0.0002182683
-0.0001226823
-4.187127e-05
-0.0001328327
-0.0002933965
-0.0003202714
-0.0002670405
-0.0003010606
-0.0003479624
-0.0003033208
-0.0002520186
-0.0003640555
-0.000501605
-0.0005291502
-0.0004584062
-0.0003413939
-0.0003082888
-0.00038485
-0.0004158828
-0.0003264197
-0.0002372619
-0.000211033
-0.0002187819
-0.0002331233
-0.000295838
-0.0002664496
-0.0001550088
-0.0001671714
-0.0002676915
-0.0003865032
-0.0005712303
-0.0009377029
-0.001425208
-0.001637484
-0.001314216
-0.0008151708
-0.0006247199
-0.000789184
-0.001028742
-0.001201851
-0.001275721
-0.00134418
-0.001449095
-0.00158077
-0.001727721
-0.001818912
-0.001816904
-0.001810947
-0.001866149
-0.001920476
-0.001930692
-0.00191233
-0.001942788
-0.00204393
-0.002102187
-0.001921927
-0.001416933
-0.0009236953
-0.001018262
-0.001716756
-0.002357237
-0.002531093
-0.002368686
-0.002225128
-0.002200035
-0.002158728
-0.002059923
-0.002009281
-0.002012655
-0.001967127
-0.001790132
-0.001630463
-0.001617135
-0.001666995
-0.001661957
-0.001562797
-0.001481073
-0.001490495
-0.001590982
-0.001687908
-0.001657839
-0.001614277
-0.001667215
-0.001698823
-0.001676225
-0.001651603
-0.001658972
-0.001671028
-0.001714554
-0.001774818
-0.001807942
-0.00183727
-0.001843633
-0.00179897
-0.001736319
-0.001696205
-0.001677517
-0.001633256
-0.001577531
-0.001558896
-0.001520731
-0.001456027
-0.001365841
-0.001289284
-0.00123294
-0.001205654
-0.001165716
-0.001068985
-0.001023965
-0.001056675
-0.00104313
-0.0009628613
-0.0008870103
-0.0008551068
-0.0008566063
-0.0008631746
-0.0008023293
-0.0007458758
-0.0007442379
-0.0007819912
-0.0007861649
-0.0007404709
-0.0007610304
-0.0008173001
-0.0008604167
-0.0008840112
-0.0009026625
-0.000882466
-0.0008803179
-0.0008820465
-0.0009198367
-0.001080344
-0.001246124
-0.001233379
-0.00098525
-0.0006188243
-0.0003326226
-0.0002391289
-0.0002579533
-0.0002845451
-0.0002731486
-0.000203775
-0.0001058466
-7.962793e-05
-0.0001423479
-0.0002161276
-0.0001968055
-0.0001319998
-0.0001331129
-0.0002094405
-0.0002394303
-0.0001972408
-0.0001880746
-0.0002264808
-0.0002194886
-5.440086e-05
0.0001956135
0.0002873281
9.513731e-05
-0.0002152713
-0.0003876459
-0.0003527197
-0.0002005076
-6.24157e-05
-1.907162e-05
-4.230709e-05
-4.034459e-05
-1.049802e-05
5.760943e-05
0.0001360783
0.0002066081
0.000249455
0.0002581863
0.0002962081
0.0003689439
0.0004314126
0.0004619738
0.0004701272
0.0004957167
0.0005275935
0.000531876
0.0005129015
0.0005080965
0.0005246961
0.0005297272
0.0005185672
0.0005044545
0.0005057291
0.0005226537
0.0005009948
0.0004588778
0.0004394792
0.0004505639
0.0004769868
0.0004904991
0.0004769398
0.0004347966
0.0003857442
0.0003709229
0.0003752126
0.000369755
0.0003629317
0.0003626355
0.0003710343
0.0003772267
0.0003951326
0.000431582
0.0004659424
0.0004781777
0.0004857274
0.000505766
0.0005230196
0.0005374044
0.0005573189
0.0005846716
0.0006017732
0.0005996465
0.0005868185
0.0005837689
0.000595709
0.0005992262
0.0005975454
0.0005856922
0.0005709629
0.0005600664
0.0005589769
0.0005595256
0.0005452767
0.0005093453
0.0004517407
0.0003805438
0.0003507617
0.0003883336
0.0004582725
0.0005077643
0.0005095663
0.0004830005
0.0004534542
0.0004379487
0.0004440081
0.00045726
0.0004593534
0.0004474008
0.0004387598
0.0004356656
0.0004339684
0.0004285761
0.000418231
0.000413335
0.0004138835
0.0004124413
0.0004117165
0.000423268
0.0004554792
0.0004915467
0.0004919762
0.0004441487
0.0003871484
0.0003634743
0.0003736237
0.0003873608
0.0003846776
0.0003711151
0.0003633141
0.0003611416
0.000356523
0.000350411
0.0003443318
0.0003392963
0.000337281
0.0003363673
0.0003351766
0.0003328855
0.0003292191
0.0003245553
0.0003248446
0.000330751
0.0003312824
0.0003250078
0.0003181468
0.0003161132
0.000316696
0.0003144743
0.0003085522
0.0003039578
0.0003015788
0.0003000504
0.0002980654
0.0002969233
0.0002968156
0.0002953256
0.0002930258
0.0002896554
0.0002858961
0.000284437
0.0002833497
0.0002803929
0.0002750154
0.0002705222
0.0002680815
0.0002654709
0.0002618202
0.0002575302
0.000253799
0.000249333
0.0002446799
0.0002421259
0.0002406938
0.000238473
0.0002354681
0.0002322909
0.000229532
0.0002282918
0.0002261281
0.0002221189
0.0002190055
0.0002176719
0.0002164772
0.0002147079
0.0002132042
0.0002120084
0.0002103925
0.0002086546
0.000206774
0.0002047562
0.0002028803
0.0002011641
0.0001982665
0.0001939677
0.0001907514
0.000190014
0.0001905748
0.0001908223
0.0001899246
0.0001872461
0.0001839417
0.0001812534
0.0001788673
0.0001761293
0.0001730768
0.000169894
0.0001665717
0.0001632753
0.0001599709
0.0001569847
0.0001538621
0.0001502202
0.000146439
0.0001429468
0.000139511
0.0001359552
0.0001325924
0.0001299018
0.0001271676
0.0001232207
0.000118097
0.0001128785
0.0001084275
0.0001047447
0.0001010637
9.70138e-05
9.281225e-05
8.861922e-05
8.447961e-05
8.032909e-05
7.615452e-05
7.195099e-05
6.77275e-05
6.351487e-05
5.931851e-05
5.513272e-05
5.094581e-05
4.673105e-05
4.255116e-05
3.845261e-05
3.434397e-05
3.014235e-05
2.591716e-05
2.170461e-05
1.750539e-05
1.328718e-05
9.044781e-06
4.837691e-06
6.478125e-07
-3.588947e-06
-7.871553e-06
-1.214364e-05
-1.638977e-05
-2.063244e-05
-2.488545e-05
-2.913842e-05
-3.339544e-05
-3.765079e-05
-4.189483e-05
-4.612994e-05
-5.036185e-05
-5.459127e-05
-5.882226e-05
-6.305628e-05
-6.72855e-05
-7.150388e-05
-7.572026e-05
-7.993783e-05
-8.415283e-05
-8.836363e-05
-9.257243e-05
-9.677937e-05
-0.0001009841
-0.0001051859
-0.0001093845
-0.0001135785
-0.0001177685
-0.0001219566
-0.0001261409
-0.0001303209
-0.0001344976
-0.0001386702
-0.0001428378
-0.0001470007
-0.0001511589
-0.0001553122
-0.0001594608
-0.0001636042
-0.0001677417
-0.0001718736
-0.0001760003
-0.0001801215
-0.0001842369
-0.000188346
-0.0001924488
-0.0001965453
-0.0002006357
-0.0002047198
-0.0002087974
-0.0002128682
-0.0002169323
-0.0002209892
-0.0002250391
-0.0002290816
-0.0002331167
-0.0002371441
-0.0002411638
-0.0002451756
-0.0002491793
-0.0002531749
-0.000257162
-0.0002611407
-0.0002651106
-0.0002690718
-0.000273024
-0.000276967
-0.0002809008
-0.0002848251
-0.0002887399
-0.0002926449
