  -3.1993800e-02
  -3.5830400e-02
  -3.9372200e-02
  -4.2401800e-02
  -4.4679800e-02
  -4.5816000e-02
  -4.6639000e-02
  -4.7216400e-02
  -4.8210400e-02
  -4.9399800e-02
  -5.0768100e-02
  -5.1607700e-02
  -5.2058200e-02
  -5.1613400e-02
  -5.1005100e-02
  -5.0220500e-02
  -4.9753700e-02
  -4.9567400e-02
  -4.9830100e-02
  -4.9958400e-02
  -4.9790200e-02
  -4.8790300e-02
  -4.7306700e-02
  -4.5670600e-02
  -4.4582000e-02
  -4.4149700e-02
  -4.4232000e-02
  -4.4836100e-02
  -4.5203600e-02
  -4.5269900e-02
  -4.3411200e-02
  -4.0477400e-02
  -3.5818000e-02
  -3.0773700e-02
  -2.5912400e-02
  -2.2255300e-02
  -2.0082400e-02
  -1.8887300e-02
  -1.9348600e-02
  -1.9981500e-02
  -2.0772100e-02
  -2.0960800e-02
  -2.1030300e-02
  -2.0958400e-02
  -2.1482300e-02
  -2.2440400e-02
  -2.4223300e-02
  -2.6443900e-02
  -2.8734600e-02
  -3.0501200e-02
  -3.1383400e-02
  -3.1645400e-02
  -3.1153900e-02
  -3.0837000e-02
  -3.0709000e-02
  -3.1530000e-02
  -3.2672500e-02
  -3.4240100e-02
  -3.5063100e-02
  -3.5185300e-02
  -3.3681300e-02
  -3.0399700e-02
  -2.6060600e-02
  -2.0116000e-02
  -1.4002800e-02
  -7.7617200e-03
  -2.3031000e-03
   2.4978300e-03
   6.4592700e-03
   8.4958000e-03
   9.5556700e-03
   9.1017200e-03
   8.0205400e-03
   6.8121100e-03
   5.8846000e-03
   5.7229900e-03
   6.1328300e-03
   8.1543400e-03
   1.0655100e-02
   1.3596200e-02
   1.6304000e-02
   1.8593100e-02
   2.0271900e-02
   2.1496300e-02
   2.2612500e-02
   2.3674900e-02
   2.4506800e-02
   2.5256600e-02
   2.6042600e-02
   2.7243100e-02
   2.8748900e-02
   3.0966700e-02
   3.3436600e-02
   3.6177400e-02
   3.8601800e-02
   4.0249900e-02
   4.0569800e-02
   3.8823100e-02
   3.6073400e-02
   3.1779700e-02
   2.7374800e-02
   2.3114200e-02
   2.0307100e-02
   1.8582100e-02
   1.7708200e-02
   1.8116300e-02
   1.8544000e-02
   1.8997100e-02
   1.9060700e-02
   1.8808400e-02
   1.7997200e-02
   1.6624000e-02
   1.5021800e-02
   1.3216200e-02
   1.1481100e-02
   9.8692200e-03
   9.2011300e-03
   9.1405500e-03
   9.6403300e-03
   1.0419600e-02
   1.0813200e-02
   1.0611700e-02
   9.0366500e-03
   6.9118600e-03
   4.0427800e-03
   7.3941000e-04
  -2.7295400e-03
  -6.1721800e-03
  -9.4693900e-03
  -1.2693300e-02
  -1.6525400e-02
  -2.0555600e-02
  -2.4801600e-02
  -2.8873300e-02
  -3.2848100e-02
  -3.6682300e-02
  -4.0160900e-02
  -4.3479800e-02
  -4.6567700e-02
  -5.0084400e-02
  -5.4018900e-02
  -5.9546700e-02
  -6.5566800e-02
  -7.1968600e-02
  -7.6839300e-02
  -8.0614600e-02
  -8.3000800e-02
  -8.3223300e-02
  -8.2632400e-02
  -8.0936400e-02
  -7.8801000e-02
  -7.6347100e-02
  -7.3179700e-02
  -6.9394300e-02
  -6.5260900e-02
  -6.1088400e-02
  -5.6962200e-02
  -5.2877300e-02
  -4.8574600e-02
  -4.3883300e-02
  -3.8618500e-02
  -3.2131200e-02
  -2.5305900e-02
  -1.8218600e-02
  -1.1386000e-02
  -4.7357900e-03
   1.4951600e-03
   7.4270900e-03
   1.3165100e-02
   1.9118600e-02
   2.4967700e-02
   3.0708500e-02
   3.5512500e-02
   3.9787400e-02
   4.3266800e-02
   4.5580200e-02
   4.7285300e-02
   4.7982600e-02
   4.7915500e-02
   4.7362400e-02
   4.5878000e-02
   4.3701600e-02
   4.0982000e-02
   3.7537000e-02
   3.4198100e-02
   3.0991200e-02
   2.7872000e-02
   2.4647800e-02
   2.1179900e-02
   1.7945600e-02
   1.4974400e-02
   1.2754000e-02
   1.1350600e-02
   1.0498400e-02
   1.0695000e-02
   1.1353000e-02
   1.2436700e-02
   1.3337900e-02
   1.3675700e-02
   1.3180200e-02
   1.1983300e-02
   1.0487000e-02
   8.5662400e-03
   6.9016500e-03
   5.5314800e-03
   5.1783800e-03
   5.6022900e-03
   6.5979500e-03
   8.9121700e-03
   1.1297200e-02
   1.3760700e-02
   1.5507200e-02
   1.6877500e-02
   1.7688800e-02
   1.7920900e-02
   1.7957900e-02
   1.7834800e-02
   1.8192300e-02
   1.8928400e-02
   2.0785600e-02
   2.3155100e-02
   2.5928300e-02
   2.9070100e-02
   3.1977500e-02
   3.4587800e-02
   3.6243800e-02
   3.7461700e-02
   3.8024000e-02
   3.8047700e-02
   3.7988000e-02
   3.8272000e-02
   3.9599000e-02
   4.1675800e-02
   4.5642700e-02
   5.0244400e-02
   5.5434300e-02
   5.9939400e-02
   6.3671100e-02
   6.6283500e-02
   6.7025400e-02
   6.6750100e-02
   6.4778300e-02
   6.1640500e-02
   5.7864200e-02
   5.3102600e-02
   4.7299900e-02
   4.0709800e-02
   3.1955100e-02
   2.2373800e-02
   1.1894300e-02
   2.2330600e-03
  -6.4036500e-03
  -1.3338300e-02
  -1.8653500e-02
  -2.3268100e-02
  -2.6956600e-02
  -3.0588200e-02
  -3.4273900e-02
  -3.8546800e-02
  -4.2910600e-02
  -4.7348300e-02
  -5.1034300e-02
  -5.3855400e-02
  -5.5575600e-02
  -5.5132000e-02
  -5.3798600e-02
  -5.1202800e-02
  -4.7530100e-02
  -4.3380900e-02
  -3.8676800e-02
  -3.3962400e-02
  -2.9238900e-02
  -2.4510500e-02
  -1.9785200e-02
  -1.5061200e-02
  -1.0256300e-02
  -5.2464900e-03
   6.0252000e-05
   6.1544700e-03
   1.2454600e-02
   1.8908300e-02
   2.5389400e-02
   3.1886300e-02
   3.8407800e-02
   4.4396600e-02
   4.9974000e-02
   5.4109000e-02
   5.7238000e-02
   5.9277200e-02
   5.9918100e-02
   5.9896300e-02
   5.8914600e-02
   5.6781600e-02
   5.4322000e-02
   5.1734300e-02
   4.9458000e-02
   4.7502400e-02
   4.6830400e-02
   4.7524500e-02
   4.9291200e-02
   5.2430000e-02
   5.5298700e-02
   5.7821900e-02
   5.9396600e-02
   6.0362600e-02
   6.0313300e-02
   5.8644300e-02
   5.6113300e-02
   5.2176800e-02
   4.7465800e-02
   4.2262300e-02
   3.6439200e-02
   3.1123400e-02
   2.6279300e-02
   2.2863200e-02
   1.9444800e-02
   1.5932800e-02
   1.2244800e-02
   8.4330400e-03
   4.3838100e-03
  -1.7638900e-04
  -4.8873300e-03
  -9.3349200e-03
  -1.3239500e-02
  -1.6734700e-02
  -1.9063400e-02
  -2.0644800e-02
  -2.1416100e-02
  -2.1493400e-02
  -2.1448700e-02
  -2.1294400e-02
  -2.0725500e-02
  -1.9935200e-02
  -1.8771800e-02
  -1.7198400e-02
  -1.5339700e-02
  -1.2812500e-02
  -1.0037900e-02
  -7.0711100e-03
  -4.5838300e-03
  -2.6049600e-03
  -1.2712000e-03
  -7.6496200e-04
  -6.0160100e-04
  -9.2616300e-04
  -2.3127400e-03
  -4.4626700e-03
  -8.3166300e-03
  -1.3474400e-02
  -1.9489300e-02
  -2.6897900e-02
  -3.4431400e-02
  -4.2074600e-02
  -4.8916600e-02
  -5.5229100e-02
  -6.0804000e-02
  -6.5090300e-02
  -6.8682000e-02
  -7.1118600e-02
  -7.2195900e-02
  -7.2596400e-02
  -7.2214100e-02
  -7.2246300e-02
  -7.2602500e-02
  -7.4103300e-02
  -7.5728300e-02
  -7.7488100e-02
  -7.8292600e-02
  -7.8498000e-02
  -7.7786800e-02
  -7.5905000e-02
  -7.3545100e-02
  -7.0601500e-02
  -6.7539100e-02
  -6.4338700e-02
  -6.0549200e-02
  -5.6095900e-02
  -5.1124400e-02
  -4.5464800e-02
  -3.9916600e-02
  -3.4505100e-02
  -2.9561500e-02
  -2.4832300e-02
  -2.0422300e-02
  -1.6316500e-02
  -1.2331600e-02
  -8.4557300e-03
  -4.6851600e-03
  -1.0714700e-03
   1.4524100e-03
   3.1383700e-03
   4.0530200e-03
   4.2741400e-03
   4.3024100e-03
   4.0846500e-03
   3.8297300e-03
   3.5454000e-03
   3.2041100e-03
   2.0259500e-03
   3.1810200e-04
  -2.4563100e-03
  -5.5258900e-03
  -8.7593900e-03
  -1.1266800e-02
  -1.2807900e-02
  -1.3304900e-02
  -1.2759700e-02
  -1.2272100e-02
  -1.2046300e-02
  -1.3038500e-02
  -1.4847100e-02
  -1.8274100e-02
  -2.2685600e-02
  -2.7699200e-02
  -3.3754600e-02
  -4.0235100e-02
  -4.7050500e-02
  -5.3709500e-02
  -5.9918700e-02
  -6.5561300e-02
  -6.9142300e-02
  -7.1250600e-02
  -7.0825000e-02
  -6.7105600e-02
  -6.1632200e-02
  -5.3308700e-02
  -4.3696900e-02
  -3.3409600e-02
  -2.3604600e-02
  -1.4842000e-02
  -7.0336600e-03
   4.6121600e-04
   8.1088300e-03
   1.6007400e-02
   2.4086600e-02
   3.2277700e-02
   4.0655700e-02
   4.8099000e-02
   5.4775600e-02
   5.9357100e-02
   6.2523600e-02
   6.4701500e-02
   6.5718300e-02
   6.6754900e-02
   6.7813900e-02
   6.8855600e-02
   6.9589200e-02
   6.9778100e-02
   6.9199000e-02
   6.8352200e-02
   6.7266000e-02
   6.6542700e-02
   6.6180100e-02
   6.7207600e-02
   6.8830900e-02
   7.0922300e-02
   7.2622000e-02
   7.3853000e-02
   7.4488200e-02
   7.3510200e-02
   7.1591100e-02
   6.8142200e-02
   6.2832000e-02
   5.6529800e-02
   4.8593500e-02
   4.0442100e-02
   3.2253100e-02
   2.5035300e-02
   1.8656100e-02
   1.3045200e-02
   8.6653800e-03
   4.5234700e-03
   6.6570400e-04
  -2.8495200e-03
  -5.9479400e-03
  -8.1389300e-03
  -9.2717600e-03
  -9.8301000e-03
  -9.5325700e-03
  -9.2399900e-03
  -9.0084300e-03
  -1.0151400e-02
  -1.2169800e-02
  -1.5136100e-02
  -1.9672600e-02
  -2.4738500e-02
  -3.0497000e-02
  -3.6005600e-02
  -4.1079800e-02
  -4.4987800e-02
  -4.7881800e-02
  -5.0208600e-02
  -5.1860000e-02
  -5.3887400e-02
  -5.6211700e-02
  -5.9891400e-02
  -6.3525400e-02
  -6.7098300e-02
  -7.0253100e-02
  -7.3235200e-02
  -7.5968200e-02
  -7.8260200e-02
  -8.0411600e-02
  -8.2562000e-02
  -8.4473400e-02
  -8.6122300e-02
  -8.6293300e-02
  -8.5482600e-02
  -8.3766500e-02
  -8.0543700e-02
  -7.6616700e-02
  -7.1732700e-02
  -6.6500900e-02
  -6.1507100e-02
  -5.7286000e-02
  -5.4151400e-02
  -5.1729300e-02
  -5.0837200e-02
  -5.0680100e-02
  -5.1031700e-02
  -5.1856800e-02
  -5.2537900e-02
  -5.3062800e-02
  -5.2800700e-02
  -5.2218200e-02
  -5.1188800e-02
  -4.9562000e-02
  -4.7722500e-02
  -4.5678800e-02
  -4.3533800e-02
  -4.1198700e-02
  -3.7833600e-02
  -3.3102400e-02
  -2.7296700e-02
  -1.8481300e-02
  -8.6621100e-03
   2.4236200e-03
   1.3936500e-02
   2.4883800e-02
   3.4523100e-02
   4.0938700e-02
   4.5601700e-02
   4.7319000e-02
   4.8249300e-02
   4.8727800e-02
   4.9090400e-02
   4.9921500e-02
   5.1183400e-02
   5.3301200e-02
   5.5288000e-02
   5.7023800e-02
   5.8599400e-02
   6.0032100e-02
   6.1178500e-02
   6.1007500e-02
   5.9960800e-02
   5.7011100e-02
   5.2821200e-02
   4.7727800e-02
   4.0843600e-02
   3.3660100e-02
   2.6158600e-02
   1.9096900e-02
   1.2124100e-02
   5.2338700e-03
  -7.8480200e-04
  -6.1028400e-03
  -9.8927000e-03
  -1.2546000e-02
  -1.4517500e-02
  -1.5401400e-02
  -1.6229400e-02
  -1.7013400e-02
  -1.8944600e-02
  -2.1391000e-02
  -2.4489500e-02
  -2.7629000e-02
  -3.0398700e-02
  -3.2376300e-02
  -3.3075800e-02
  -3.3328600e-02
  -3.3404700e-02
  -3.4150900e-02
  -3.5335900e-02
  -3.7225900e-02
  -3.9199000e-02
  -4.1247300e-02
  -4.2224600e-02
  -4.2454200e-02
  -4.1631800e-02
  -3.9922600e-02
  -3.8016200e-02
  -3.6034500e-02
  -3.4480800e-02
  -3.3307700e-02
  -3.3260800e-02
  -3.4268500e-02
  -3.6041000e-02
  -3.9312300e-02
  -4.2901000e-02
  -4.6830400e-02
  -5.0605200e-02
  -5.4239400e-02
  -5.7651900e-02
  -6.0775200e-02
  -6.4108900e-02
  -6.8328100e-02
  -7.3535400e-02
  -7.9182800e-02
  -8.4634900e-02
  -8.9344500e-02
  -9.3467100e-02
  -9.5336700e-02
  -9.6659600e-02
  -9.7288600e-02
  -9.8279400e-02
  -9.9417200e-02
  -1.0076300e-01
  -1.0227200e-01
  -1.0384000e-01
  -1.0543800e-01
  -1.0698400e-01
  -1.0846600e-01
  -1.0955400e-01
  -1.1011100e-01
  -1.1017700e-01
  -1.0940300e-01
  -1.0832200e-01
  -1.0683200e-01
  -1.0483500e-01
  -1.0267200e-01
  -1.0033300e-01
  -9.8381300e-02
  -9.6747700e-02
  -9.5997400e-02
  -9.6089700e-02
  -9.6778700e-02
  -9.8313100e-02
  -9.9978100e-02
  -1.0178600e-01
  -1.0315600e-01
  -1.0415000e-01
  -1.0454100e-01
  -1.0427100e-01
  -1.0346400e-01
  -1.0148200e-01
  -9.8553500e-02
  -9.5088300e-02
  -9.0935500e-02
  -8.6016000e-02
  -8.0497900e-02
  -7.4020700e-02
  -6.7526500e-02
  -6.1004900e-02
  -5.3776700e-02
  -4.6223500e-02
  -3.8193700e-02
  -2.9882700e-02
  -2.1268100e-02
  -1.1810700e-02
  -1.8462900e-03
   8.4016800e-03
   1.8706500e-02
   2.8679600e-02
   3.8354300e-02
   4.6304300e-02
   5.3181400e-02
   5.8558200e-02
   6.2352200e-02
   6.5707200e-02
   6.8700200e-02
   7.1828900e-02
   7.4949300e-02
   7.7759100e-02
   8.0095900e-02
   8.2068900e-02
   8.2918100e-02
   8.3290700e-02
   8.3148200e-02
   8.3418700e-02
   8.4121300e-02
   8.5526600e-02
   8.7263600e-02
   8.9107200e-02
   9.1023100e-02
   9.3008000e-02
   9.4975700e-02
   9.6590700e-02
   9.8322800e-02
   1.0014800e-01
   1.0262000e-01
   1.0516700e-01
   1.0781100e-01
   1.1063200e-01
   1.1344700e-01
   1.1619400e-01
   1.1865800e-01
   1.2097100e-01
   1.2303600e-01
   1.2478500e-01
   1.2630600e-01
   1.2724600e-01
   1.2798000e-01
   1.2852500e-01
   1.2844900e-01
   1.2789600e-01
   1.2666600e-01
   1.2443500e-01
   1.2151900e-01
   1.1733900e-01
   1.1212500e-01
   1.0640300e-01
   1.0010400e-01
   9.3132600e-02
   8.5671800e-02
   7.7288700e-02
   6.8605300e-02
   5.9593700e-02
   4.9768500e-02
   3.9956800e-02
   3.0304700e-02
   2.1512800e-02
   1.3066700e-02
   5.0225400e-03
  -2.6014200e-03
  -1.0073400e-02
  -1.7911900e-02
  -2.6378100e-02
  -3.5342900e-02
  -4.5550400e-02
  -5.6219500e-02
  -6.7465900e-02
  -7.7371800e-02
  -8.6373200e-02
  -9.3830500e-02
  -9.9806400e-02
  -1.0487900e-01
  -1.0822300e-01
  -1.1072200e-01
  -1.1263900e-01
  -1.1331500e-01
  -1.1330400e-01
  -1.1265900e-01
  -1.1167200e-01
  -1.1042400e-01
  -1.0880500e-01
  -1.0571400e-01
  -1.0166700e-01
  -9.5882200e-02
  -8.8272500e-02
  -7.9737200e-02
  -7.0037400e-02
  -6.0354700e-02
  -5.0764800e-02
  -4.3252300e-02
  -3.7211600e-02
  -3.2766600e-02
  -2.9274500e-02
  -2.6016500e-02
  -2.3030700e-02
  -2.0038800e-02
  -1.7028500e-02
  -1.3959100e-02
  -1.1711200e-02
  -1.0019400e-02
  -9.5832400e-03
  -9.7273600e-03
  -1.0326800e-02
  -1.0940400e-02
  -1.1387500e-02
  -1.1623000e-02
  -1.1223100e-02
  -1.0334600e-02
  -8.5932400e-03
  -5.8175000e-03
  -2.5992500e-03
   1.0893500e-03
   4.2990000e-03
   7.2652400e-03
   1.0497500e-02
   1.4233200e-02
   1.8429700e-02
   2.3514100e-02
   2.9025300e-02
   3.5115400e-02
   4.0651400e-02
   4.5826600e-02
   5.0354400e-02
   5.4527700e-02
   5.8532700e-02
   6.2364400e-02
   6.6651200e-02
   7.1248400e-02
   7.5984000e-02
   8.0504500e-02
   8.4788800e-02
   8.9070900e-02
   9.3495000e-02
   9.8174100e-02
   1.0314600e-01
   1.0826200e-01
   1.1361600e-01
   1.1907100e-01
   1.2445600e-01
   1.2895600e-01
   1.3295500e-01
   1.3656000e-01
   1.4038400e-01
   1.4429100e-01
   1.4830100e-01
   1.5228600e-01
   1.5619400e-01
   1.5995200e-01
   1.6335100e-01
   1.6645100e-01
   1.6879800e-01
   1.7064700e-01
   1.7219500e-01
   1.7350200e-01
   1.7464400e-01
   1.7563300e-01
   1.7663700e-01
   1.7738000e-01
   1.7773200e-01
   1.7705700e-01
   1.7584800e-01
   1.7377100e-01
   1.7035700e-01
   1.6618000e-01
   1.6074800e-01
   1.5481900e-01
   1.4855900e-01
   1.4217400e-01
   1.3614300e-01
   1.3049700e-01
   1.2599200e-01
   1.2208800e-01
   1.1906900e-01
   1.1667600e-01
   1.1454800e-01
   1.1276300e-01
   1.1113500e-01
   1.0948900e-01
   1.0716600e-01
   1.0423500e-01
   1.0082900e-01
   9.6900200e-02
   9.2871000e-02
   8.8712700e-02
   8.4347700e-02
   7.9899100e-02
   7.5327300e-02
   7.0796900e-02
   6.6321200e-02
   6.2022300e-02
   5.8092200e-02
   5.4445500e-02
   5.1643800e-02
   4.9182200e-02
   4.7036300e-02
   4.5018800e-02
   4.2821400e-02
   4.0344300e-02
   3.7627700e-02
   3.5245300e-02
   3.3839100e-02
   3.3694900e-02
   3.4251000e-02
   3.5905800e-02
   3.7797400e-02
   3.9782200e-02
   4.0266400e-02
   3.9532100e-02
   3.7479900e-02
   3.2697100e-02
   2.6671000e-02
   1.8849900e-02
   9.7911000e-03
   4.9503900e-04
  -8.5589000e-03
  -1.6792100e-02
  -2.4528300e-02
  -3.1485400e-02
  -3.7788900e-02
  -4.3574500e-02
  -4.7827600e-02
  -5.1731100e-02
  -5.5193500e-02
  -5.8596400e-02
  -6.2159200e-02
  -6.6073600e-02
  -7.0022200e-02
  -7.3758000e-02
  -7.6595800e-02
  -7.8157700e-02
  -7.8755900e-02
  -7.6542700e-02
  -7.2977700e-02
  -6.8166300e-02
  -6.2271400e-02
  -5.6131400e-02
  -4.9685300e-02
  -4.2946800e-02
  -3.6203600e-02
  -2.9600700e-02
  -2.3691700e-02
  -1.8285000e-02
  -1.4080700e-02
  -1.0766500e-02
  -8.1067200e-03
  -6.8599300e-03
  -6.0357400e-03
  -5.6680400e-03
  -5.5862400e-03
  -5.6943000e-03
  -6.0954900e-03
  -6.4081900e-03
  -6.6606300e-03
  -6.7919500e-03
  -7.3612200e-03
  -8.3060400e-03
  -1.0492700e-02
  -1.4215300e-02
  -1.9144400e-02
  -2.7333100e-02
  -3.6856600e-02
  -4.8085400e-02
  -6.0559500e-02
  -7.3068700e-02
  -8.5277600e-02
  -9.6827700e-02
  -1.0790700e-01
  -1.1796000e-01
  -1.2774400e-01
  -1.3739100e-01
  -1.4726000e-01
  -1.5689100e-01
  -1.6631000e-01
  -1.7453900e-01
  -1.8210600e-01
  -1.8874800e-01
  -1.9450500e-01
  -1.9993800e-01
  -2.0496100e-01
  -2.1017100e-01
  -2.1550100e-01
  -2.2109600e-01
  -2.2633500e-01
  -2.3129900e-01
  -2.3526800e-01
  -2.3871100e-01
  -2.4159000e-01
  -2.4382300e-01
  -2.4589300e-01
  -2.4776900e-01
  -2.4913600e-01
  -2.5026200e-01
  -2.5103100e-01
  -2.5187000e-01
  -2.5268900e-01
  -2.5313300e-01
  -2.5339500e-01
  -2.5351500e-01
  -2.5366000e-01
  -2.5379500e-01
  -2.5391700e-01
  -2.5469500e-01
  -2.5565600e-01
  -2.5681400e-01
  -2.5728800e-01
  -2.5744600e-01
  -2.5720300e-01
  -2.5651100e-01
  -2.5543000e-01
  -2.5277500e-01
  -2.4926900e-01
  -2.4497700e-01
  -2.3944800e-01
  -2.3349100e-01
  -2.2697600e-01
  -2.2034200e-01
  -2.1381500e-01
  -2.0761400e-01
  -2.0161700e-01
  -1.9570600e-01
  -1.8981300e-01
  -1.8381900e-01
  -1.7773100e-01
  -1.7108900e-01
  -1.6438200e-01
  -1.5761000e-01
  -1.5146100e-01
  -1.4549500e-01
  -1.3976200e-01
  -1.3370400e-01
  -1.2747500e-01
  -1.2095400e-01
  -1.1389700e-01
  -1.0650900e-01
  -9.8556900e-02
  -9.0895500e-02
  -8.3457200e-02
  -7.6041200e-02
  -6.8512200e-02
  -6.0846200e-02
  -5.3203600e-02
  -4.5513500e-02
  -3.7709400e-02
  -2.9657000e-02
  -2.1535800e-02
  -1.3432100e-02
  -5.8790100e-03
   1.2401300e-03
   6.8768600e-03
   1.0906100e-02
   1.3451900e-02
   1.2522300e-02
   1.0414400e-02
   6.7594500e-03
   2.0070000e-03
  -2.8326500e-03
  -7.3677100e-03
  -1.1010900e-02
  -1.4113900e-02
  -1.6194500e-02
  -1.7685500e-02
  -1.8740800e-02
  -1.8739400e-02
  -1.7870500e-02
  -1.6064400e-02
  -1.3058700e-02
  -9.6777700e-03
  -5.8133700e-03
  -1.5457200e-03
   2.9479900e-03
   7.8460800e-03
   1.3222400e-02
   1.8831900e-02
   2.4481500e-02
   3.0028000e-02
   3.5489700e-02
   4.0368200e-02
   4.4738000e-02
   4.8457900e-02
   5.1586200e-02
   5.4575800e-02
   5.7446100e-02
   6.0017100e-02
   6.2433500e-02
   6.4609300e-02
   6.6898400e-02
   6.9219600e-02
   7.1165600e-02
   7.2916700e-02
   7.4487100e-02
   7.6537000e-02
   7.8760300e-02
   8.1214600e-02
   8.4506500e-02
   8.8444500e-02
   9.3637300e-02
   9.9916500e-02
   1.0679200e-01
   1.1456000e-01
   1.2271200e-01
   1.3113400e-01
   1.3998400e-01
   1.4900500e-01
   1.5820500e-01
   1.6751600e-01
   1.7670200e-01
   1.8565800e-01
   1.9428100e-01
   2.0271400e-01
   2.1080400e-01
   2.1826400e-01
   2.2531300e-01
   2.3149300e-01
   2.3703000e-01
   2.4205700e-01
   2.4579300e-01
   2.4928600e-01
   2.5247200e-01
   2.5518800e-01
   2.5746400e-01
   2.5894900e-01
   2.5982300e-01
   2.6035500e-01
   2.6029500e-01
   2.5934200e-01
   2.5778800e-01
   2.5511600e-01
   2.5217200e-01
   2.4898000e-01
   2.4563400e-01
   2.4244400e-01
   2.3949200e-01
   2.3665400e-01
   2.3373900e-01
   2.3057200e-01
   2.2673100e-01
   2.2235300e-01
   2.1654400e-01
   2.1031800e-01
   2.0382300e-01
   1.9744400e-01
   1.9141200e-01
   1.8575400e-01
   1.8166600e-01
   1.7814100e-01
   1.7537200e-01
   1.7366400e-01
   1.7256800e-01
   1.7256900e-01
   1.7305900e-01
   1.7387200e-01
   1.7537400e-01
   1.7657000e-01
   1.7752400e-01
   1.7745300e-01
   1.7716500e-01
   1.7660200e-01
   1.7446300e-01
   1.7111800e-01
   1.6566500e-01
   1.5729600e-01
   1.4731700e-01
   1.3460500e-01
   1.2097500e-01
   1.0688200e-01
   9.3289500e-02
   8.0327800e-02
   6.7942400e-02
   5.5469700e-02
   4.2486800e-02
   2.8732400e-02
   1.4536600e-02
   6.0815700e-04
  -1.2398900e-02
  -2.3204300e-02
  -3.2536300e-02
  -3.8662600e-02
  -4.3021100e-02
  -4.6168100e-02
  -4.8569500e-02
  -5.1325800e-02
  -5.4468200e-02
  -5.8825100e-02
  -6.3447000e-02
  -6.8355300e-02
  -7.2894200e-02
  -7.7323400e-02
  -8.1688900e-02
  -8.5930500e-02
  -9.0061800e-02
  -9.3830700e-02
  -9.7429200e-02
  -1.0089500e-01
  -1.0453100e-01
  -1.0803400e-01
  -1.1137000e-01
  -1.1372000e-01
  -1.1582700e-01
  -1.1769900e-01
  -1.1963400e-01
  -1.2168500e-01
  -1.2411500e-01
  -1.2761000e-01
  -1.3185200e-01
  -1.3783400e-01
  -1.4477200e-01
  -1.5259700e-01
  -1.6159400e-01
  -1.7054400e-01
  -1.7935400e-01
  -1.8710200e-01
  -1.9411300e-01
  -1.9973900e-01
  -2.0432200e-01
  -2.0847000e-01
  -2.1246500e-01
  -2.1624200e-01
  -2.1984800e-01
  -2.2279600e-01
  -2.2546600e-01
  -2.2784000e-01
  -2.2903400e-01
  -2.2958900e-01
  -2.2918500e-01
  -2.2815700e-01
  -2.2680600e-01
  -2.2492300e-01
  -2.2269400e-01
  -2.2028200e-01
  -2.1771600e-01
  -2.1487000e-01
  -2.1180400e-01
  -2.0861900e-01
  -2.0557000e-01
  -2.0269400e-01
  -2.0007600e-01
  -1.9757400e-01
  -1.9524400e-01
  -1.9292900e-01
  -1.9058400e-01
  -1.8809400e-01
  -1.8521300e-01
  -1.8203900e-01
  -1.7802300e-01
  -1.7361400e-01
  -1.6883900e-01
  -1.6311300e-01
  -1.5714300e-01
  -1.5087100e-01
  -1.4535000e-01
  -1.4028200e-01
  -1.3600400e-01
  -1.3196800e-01
  -1.2797400e-01
  -1.2369900e-01
  -1.1875400e-01
  -1.1328500e-01
  -1.0603000e-01
  -9.8114700e-02
  -8.9482200e-02
  -8.0344900e-02
  -7.1229800e-02
  -6.2241300e-02
  -5.3878400e-02
  -4.5887600e-02
  -3.8565100e-02
  -3.2085500e-02
  -2.6055700e-02
  -2.0431400e-02
  -1.4290800e-02
  -7.7406800e-03
   4.2014700e-05
   8.0597000e-03
   1.6368900e-02
   2.3859500e-02
   3.0413800e-02
   3.5225200e-02
   3.7927800e-02
   3.9788400e-02
   4.0944000e-02
   4.2776000e-02
   4.5158300e-02
   4.9480000e-02
   5.5304300e-02
   6.2515900e-02
   7.1641700e-02
   8.0943300e-02
   9.0380600e-02
   9.9268700e-02
   1.0779300e-01
   1.1566700e-01
   1.2339800e-01
   1.3112600e-01
   1.3911600e-01
   1.4737700e-01
   1.5582700e-01
   1.6431100e-01
   1.7210800e-01
   1.7915700e-01
   1.8471900e-01
   1.8966800e-01
   1.9376000e-01
   1.9778200e-01
   2.0214900e-01
   2.0767000e-01
   2.1385700e-01
   2.2043400e-01
   2.2753800e-01
   2.3451400e-01
   2.4139200e-01
   2.4673900e-01
   2.5159100e-01
   2.5580800e-01
   2.5918500e-01
   2.6210900e-01
   2.6431900e-01
   2.6679900e-01
   2.6948300e-01
   2.7264300e-01
   2.7576400e-01
   2.7887100e-01
   2.8203300e-01
   2.8522100e-01
   2.8843200e-01
   2.9174800e-01
   2.9474900e-01
   2.9727500e-01
   2.9780300e-01
   2.9717700e-01
   2.9456700e-01
   2.8946100e-01
   2.8284200e-01
   2.7339900e-01
   2.6282800e-01
   2.5148500e-01
   2.3973000e-01
   2.2872300e-01
   2.1853600e-01
   2.1028800e-01
   2.0311400e-01
   1.9753900e-01
   1.9374400e-01
   1.9034200e-01
   1.8677900e-01
   1.8158500e-01
   1.7521600e-01
   1.6589700e-01
   1.5428700e-01
   1.4088800e-01
   1.2382900e-01
   1.0593300e-01
   8.6966100e-02
   6.6686000e-02
   4.5979300e-02
   2.4720100e-02
   4.0502200e-03
  -1.6094100e-02
  -3.4835300e-02
  -5.1238500e-02
  -6.5989900e-02
  -7.6810500e-02
  -8.6128300e-02
  -9.4055500e-02
  -9.8605100e-02
  -1.0201800e-01
  -1.0394300e-01
  -1.0491800e-01
  -1.0502400e-01
  -1.0336400e-01
  -1.0068500e-01
  -9.7606100e-02
  -9.4513400e-02
  -9.1465100e-02
  -8.8490200e-02
  -8.6510400e-02
  -8.4756500e-02
  -8.3245500e-02
  -8.1552200e-02
  -8.0126400e-02
  -7.9201600e-02
  -7.9169100e-02
  -7.9720100e-02
  -8.1410300e-02
  -8.3923200e-02
  -8.6797800e-02
  -8.9481200e-02
  -9.1683900e-02
  -9.3507300e-02
  -9.3986100e-02
  -9.4217600e-02
  -9.4135400e-02
  -9.4070600e-02
  -9.3857400e-02
  -9.3324200e-02
  -9.2612400e-02
  -9.1626600e-02
  -8.9775100e-02
  -8.6953000e-02
  -8.3496400e-02
  -7.8999200e-02
  -7.4106700e-02
  -6.8848500e-02
  -6.3828300e-02
  -5.9069400e-02
  -5.4682300e-02
  -5.1046400e-02
  -4.7866800e-02
  -4.5496300e-02
  -4.2920000e-02
  -4.0026000e-02
  -3.5895200e-02
  -3.1019600e-02
  -2.5598800e-02
  -1.8929600e-02
  -1.1643300e-02
  -3.6835400e-03
   4.8084900e-03
   1.3506600e-02
   2.2492100e-02
   3.1654100e-02
   4.0674100e-02
   4.9090200e-02
   5.6124500e-02
   6.2303600e-02
   6.7011100e-02
   7.0989900e-02
   7.4398000e-02
   7.6395400e-02
   7.8311200e-02
   8.0124600e-02
   8.1840100e-02
   8.3536500e-02
   8.5218200e-02
   8.6811400e-02
   8.8358900e-02
   8.9833300e-02
   9.1080100e-02
   9.2154500e-02
   9.2725900e-02
   9.3564300e-02
   9.4649500e-02
   9.6640100e-02
   9.9270000e-02
   1.0280400e-01
   1.0748500e-01
   1.1258200e-01
   1.1818000e-01
   1.2305200e-01
   1.2734000e-01
   1.3007200e-01
   1.3167400e-01
   1.3243600e-01
   1.3106600e-01
   1.2927300e-01
   1.2702000e-01
   1.2448100e-01
   1.2205200e-01
   1.1986300e-01
   1.1863900e-01
   1.1752300e-01
   1.1598800e-01
   1.1281600e-01
   1.0857600e-01
   1.0213400e-01
   9.4860300e-02
   8.6929200e-02
   7.9368800e-02
   7.2333900e-02
   6.5964400e-02
   6.0423400e-02
   5.5101600e-02
   5.0013600e-02
   4.3327400e-02
   3.5416900e-02
   2.4610400e-02
   1.1744100e-02
  -2.4497300e-03
  -1.8586500e-02
  -3.4611800e-02
  -5.0546200e-02
  -6.5234400e-02
  -7.9536200e-02
  -9.3321600e-02
  -1.0696900e-01
  -1.2038300e-01
  -1.3324800e-01
  -1.4496700e-01
  -1.5605400e-01
  -1.6620800e-01
  -1.7550500e-01
  -1.8420500e-01
  -1.9211800e-01
  -1.9969500e-01
  -2.0691200e-01
  -2.1267100e-01
  -2.1797200e-01
  -2.2267600e-01
  -2.2661400e-01
  -2.3017300e-01
  -2.3314600e-01
  -2.3597400e-01
  -2.3879900e-01
  -2.4209500e-01
  -2.4597400e-01
  -2.5031100e-01
  -2.5417900e-01
  -2.5787000e-01
  -2.6133200e-01
  -2.6439800e-01
  -2.6714900e-01
  -2.6934400e-01
  -2.7171800e-01
  -2.7410700e-01
  -2.7633800e-01
  -2.7820200e-01
  -2.7977900e-01
  -2.8042700e-01
  -2.7985300e-01
  -2.7815300e-01
  -2.7419300e-01
  -2.7005900e-01
  -2.6580500e-01
  -2.6327200e-01
  -2.6172600e-01
  -2.6187000e-01
  -2.6315700e-01
  -2.6492300e-01
  -2.6688100e-01
  -2.6840700e-01
  -2.6961500e-01
  -2.7010900e-01
  -2.7016100e-01
  -2.6973500e-01
  -2.6961400e-01
  -2.6948100e-01
  -2.6927700e-01
  -2.6781000e-01
  -2.6536200e-01
  -2.6080700e-01
  -2.5442500e-01
  -2.4694700e-01
  -2.3775700e-01
  -2.2697900e-01
  -2.1495000e-01
  -2.0161000e-01
  -1.8778200e-01
  -1.7334600e-01
  -1.5835700e-01
  -1.4349200e-01
  -1.2903000e-01
  -1.1510600e-01
  -1.0146600e-01
  -8.8289700e-02
  -7.4758500e-02
  -6.1079100e-02
  -4.8073500e-02
  -3.5573300e-02
  -2.3547800e-02
  -1.1692600e-02
  -2.0236100e-04
   1.0741300e-02
   2.1228000e-02
   3.1545000e-02
   4.1665400e-02
   5.1293500e-02
   6.0487300e-02
   6.8378500e-02
   7.5784100e-02
   8.2861400e-02
   8.9752300e-02
   9.6462300e-02
   1.0297200e-01
   1.1023700e-01
   1.1767200e-01
   1.2529900e-01
   1.3270800e-01
   1.3992200e-01
   1.4669500e-01
   1.5300900e-01
   1.5902200e-01
   1.6437300e-01
   1.6916600e-01
   1.7352000e-01
   1.7804000e-01
   1.8247600e-01
   1.8680200e-01
   1.9094400e-01
   1.9512100e-01
   1.9943000e-01
   2.0377200e-01
   2.0835100e-01
   2.1382000e-01
   2.2071500e-01
   2.2855100e-01
   2.3798100e-01
   2.4736500e-01
   2.5670100e-01
   2.6373900e-01
   2.6831600e-01
   2.6935700e-01
   2.6385500e-01
   2.5499500e-01
   2.4070000e-01
   2.2203100e-01
   2.0117600e-01
   1.7782200e-01
   1.5447400e-01
   1.3116200e-01
   1.0825500e-01
   8.5108100e-02
   6.1719300e-02
   3.9241400e-02
   1.7745600e-02
  -2.1727400e-03
  -1.9764700e-02
  -3.5931700e-02
  -4.9400500e-02
  -6.1110900e-02
  -7.1909200e-02
  -8.2047200e-02
  -9.2220400e-02
  -1.0241400e-01
  -1.1250800e-01
  -1.2222700e-01
  -1.3148000e-01
  -1.3944900e-01
  -1.4671700e-01
  -1.5286800e-01
  -1.5830100e-01
  -1.6345100e-01
  -1.6835500e-01
  -1.7236600e-01
  -1.7573300e-01
  -1.7749000e-01
  -1.7853500e-01
  -1.7892400e-01
  -1.7781800e-01
  -1.7640500e-01
  -1.7462500e-01
  -1.7261400e-01
  -1.7037900e-01
  -1.6768200e-01
  -1.6452100e-01
  -1.6085000e-01
  -1.5546200e-01
  -1.4819400e-01
  -1.3959000e-01
  -1.2886200e-01
  -1.1747200e-01
  -1.0535800e-01
  -9.2660100e-02
  -7.9901200e-02
  -6.7119600e-02
  -5.5355100e-02
  -4.4496300e-02
  -3.5716400e-02
  -2.8186400e-02
  -2.1250500e-02
  -1.4333900e-02
  -6.7412900e-03
   1.3776000e-03
   1.1763800e-02
   2.2979100e-02
   3.5258100e-02
   4.7453100e-02
   5.8890700e-02
   6.8733700e-02
   7.5961400e-02
   8.2008400e-02
   8.6622900e-02
   9.0677200e-02
   9.4308800e-02
   9.6735900e-02
   9.9010300e-02
   1.0114500e-01
   1.0312400e-01
   1.0473800e-01
   1.0581700e-01
   1.0553100e-01
   1.0480600e-01
   1.0362400e-01
   1.0304200e-01
   1.0284700e-01
   1.0345900e-01
   1.0567000e-01
   1.0903300e-01
   1.1448200e-01
   1.2039700e-01
   1.2682000e-01
   1.3302300e-01
   1.3854900e-01
   1.4290300e-01
   1.4708000e-01
   1.5132900e-01
   1.5593700e-01
   1.6094100e-01
   1.6619800e-01
   1.7196000e-01
   1.7720900e-01
   1.8205700e-01
   1.8573900e-01
   1.8839000e-01
   1.8973200e-01
   1.8808400e-01
   1.8525100e-01
   1.8076900e-01
   1.7350400e-01
   1.6454200e-01
   1.5229200e-01
   1.3832600e-01
   1.2333500e-01
   1.0753800e-01
   9.2511300e-02
   7.8184100e-02
   6.6373000e-02
   5.6254700e-02
   4.8526700e-02
   4.4083500e-02
   4.1064700e-02
   4.0106700e-02
   4.0165300e-02
   4.0570300e-02
   4.0725100e-02
   4.1365800e-02
   4.2357500e-02
   4.3992400e-02
   4.4865000e-02
   4.4912800e-02
   4.3525600e-02
   4.1655200e-02
   3.9148700e-02
   3.6464100e-02
   3.3990700e-02
   3.2321300e-02
   3.2215100e-02
   3.3095400e-02
   3.5815600e-02
   3.8704100e-02
   4.1727400e-02
   4.6053700e-02
   5.0945500e-02
   5.6551400e-02
   6.1539400e-02
   6.6376100e-02
   7.1063900e-02
   7.5800000e-02
   8.0549700e-02
   8.5304200e-02
   9.0601300e-02
   9.6275000e-02
   1.0273500e-01
   1.0882000e-01
   1.1456300e-01
   1.1798400e-01
   1.2013700e-01
   1.2053100e-01
   1.1676500e-01
   1.1043100e-01
   9.9523200e-02
   8.5212100e-02
   6.9364900e-02
   5.2343000e-02
   3.6417700e-02
   2.1373000e-02
   1.0161600e-02
   1.0805500e-03
  -5.6903700e-03
  -1.0128100e-02
  -1.4035700e-02
  -1.7355300e-02
  -2.0748400e-02
  -2.4206600e-02
  -2.7819200e-02
  -3.2301400e-02
  -3.7327500e-02
  -4.3324600e-02
  -4.8490700e-02
  -5.3006600e-02
  -5.6496600e-02
  -5.9650500e-02
  -6.2375000e-02
  -6.4671600e-02
  -6.7251800e-02
  -7.0558200e-02
  -7.4883700e-02
  -7.9799700e-02
  -8.5802800e-02
  -9.1234800e-02
  -9.6176600e-02
  -9.9138600e-02
  -1.0092600e-01
  -1.0163200e-01
  -9.8682600e-02
  -9.4163300e-02
  -8.7523800e-02
  -7.8548700e-02
  -6.8711800e-02
  -5.7785500e-02
  -4.7418300e-02
  -3.7631200e-02
  -2.9774800e-02
  -2.3101200e-02
  -1.7276500e-02
  -1.2986200e-02
  -9.6168800e-03
  -7.2458100e-03
  -5.4961700e-03
  -3.6240300e-03
  -1.4378900e-03
   5.6256000e-04
   2.4266700e-03
   4.0097100e-03
   6.4230100e-03
   9.1923000e-03
   1.1705900e-02
   1.3533500e-02
   1.4822400e-02
   1.6295300e-02
   1.7905400e-02
   1.9688600e-02
   2.2249700e-02
   2.5198700e-02
   2.8749600e-02
   3.2485800e-02
   3.6222500e-02
   3.9720200e-02
   4.3832200e-02
   4.8281100e-02
   5.2621500e-02
   5.5899900e-02
   5.8197800e-02
   6.1858600e-02
   6.6427500e-02
   7.2272900e-02
   7.8237100e-02
   8.4478200e-02
   9.1381800e-02
   9.8048500e-02
   1.0447400e-01
   1.1010100e-01
   1.1513700e-01
   1.1972400e-01
   1.2303600e-01
   1.2661100e-01
   1.3046800e-01
   1.3424900e-01
   1.3802200e-01
   1.4179800e-01
   1.4665700e-01
   1.5199800e-01
   1.5799500e-01
   1.6325900e-01
   1.6797200e-01
   1.7115100e-01
   1.7375600e-01
   1.7590900e-01
   1.7522100e-01
   1.7379600e-01
   1.7143400e-01
   1.6866100e-01
   1.6552800e-01
   1.6174700e-01
   1.5803900e-01
   1.5417500e-01
   1.4960400e-01
   1.4379600e-01
   1.3728900e-01
   1.3069700e-01
   1.2404700e-01
   1.1734700e-01
   1.0870100e-01
   9.9822600e-02
   9.0706900e-02
   8.1203800e-02
   7.1350000e-02
   6.0801000e-02
   4.9641000e-02
   3.8205700e-02
   2.6599300e-02
   1.5563900e-02
   4.9139100e-03
  -5.7770300e-03
  -1.6313000e-02
  -2.6686000e-02
  -3.5792700e-02
  -4.4558600e-02
  -5.2924400e-02
  -6.2125100e-02
  -7.1660100e-02
  -8.1575500e-02
  -9.0945700e-02
  -1.0007800e-01
  -1.0938400e-01
  -1.1836200e-01
  -1.2707700e-01
  -1.3462700e-01
  -1.4189100e-01
  -1.4879700e-01
  -1.5471300e-01
  -1.6012400e-01
  -1.6474600e-01
  -1.6852400e-01
  -1.7209800e-01
  -1.7591400e-01
  -1.7916900e-01
  -1.8199000e-01
  -1.8349400e-01
  -1.8481200e-01
  -1.8595700e-01
  -1.8586200e-01
  -1.8493900e-01
  -1.8285200e-01
  -1.7921400e-01
  -1.7471300e-01
  -1.6876200e-01
  -1.6080100e-01
  -1.5162700e-01
  -1.4017000e-01
  -1.2782100e-01
  -1.1486800e-01
  -1.0151600e-01
  -8.8175600e-02
  -7.4836700e-02
  -6.3067500e-02
  -5.1803900e-02
  -4.1209000e-02
  -3.1150300e-02
  -2.1502200e-02
  -1.2742700e-02
  -3.1943300e-03
   6.8360400e-03
   1.7722400e-02
   2.8884400e-02
   4.0265300e-02
   5.0599100e-02
   6.0098300e-02
   6.8544800e-02
   7.6781900e-02
   8.4997500e-02
   9.3217100e-02
   1.0099000e-01
   1.0855900e-01
   1.1588900e-01
   1.2378900e-01
   1.3204100e-01
   1.4073300e-01
   1.4987100e-01
   1.5942600e-01
   1.6953100e-01
   1.7921700e-01
   1.8823300e-01
   1.9550000e-01
   2.0193300e-01
   2.0707200e-01
   2.1153200e-01
   2.1559500e-01
   2.1897700e-01
   2.2182700e-01
   2.2430100e-01
   2.2626100e-01
   2.2793000e-01
   2.2928400e-01
   2.2958400e-01
   2.2986700e-01
   2.3027900e-01
   2.3155600e-01
   2.3320400e-01
   2.3534800e-01
   2.3745100e-01
   2.3944300e-01
   2.4077800e-01
   2.4151700e-01
   2.4178800e-01
   2.4041000e-01
   2.3861800e-01
   2.3630300e-01
   2.3408600e-01
   2.3178400e-01
   2.2927700e-01
   2.2706000e-01
   2.2503800e-01
   2.2342600e-01
   2.2179500e-01
   2.2017500e-01
   2.1880600e-01
   2.1713800e-01
   2.1519100e-01
   2.1257900e-01
   2.1006600e-01
   2.0774500e-01
   2.0426000e-01
   1.9995900e-01
   1.9412700e-01
   1.8923800e-01
   1.8489000e-01
   1.8144100e-01
   1.7816100e-01
   1.7504100e-01
   1.7309100e-01
   1.7141800e-01
   1.7004300e-01
   1.6892500e-01
   1.6786200e-01
   1.6686000e-01
   1.6592300e-01
   1.6463800e-01
   1.6219600e-01
   1.5824700e-01
   1.5354500e-01
   1.4851700e-01
   1.4337800e-01
   1.3814900e-01
   1.3287300e-01
   1.2779300e-01
   1.2296600e-01
   1.1846600e-01
   1.1426100e-01
   1.1058700e-01
   1.0765100e-01
   1.0529300e-01
   1.0431000e-01
   1.0391600e-01
   1.0369900e-01
   1.0172200e-01
   9.9035100e-02
   9.5696600e-02
   9.2537100e-02
   8.8915500e-02
   8.4594900e-02
   8.0808700e-02
   7.7304700e-02
   7.4259400e-02
   6.9414700e-02
   6.3538200e-02
   5.5907500e-02
   4.7474700e-02
   3.8473200e-02
   2.8768800e-02
   1.9409800e-02
   1.0431400e-02
   1.0146200e-03
  -9.3466400e-03
  -2.1322800e-02
  -3.3931400e-02
  -4.6730100e-02
  -5.9655600e-02
  -7.1323000e-02
  -8.2050100e-02
  -9.0171400e-02
  -9.8236000e-02
  -1.0625100e-01
  -1.1400900e-01
  -1.2199100e-01
  -1.3025300e-01
  -1.3887400e-01
  -1.4737000e-01
  -1.5550900e-01
  -1.6403700e-01
  -1.7265900e-01
  -1.8116500e-01
  -1.8948500e-01
  -1.9769400e-01
  -2.0578200e-01
  -2.1361400e-01
  -2.2120300e-01
  -2.2947200e-01
  -2.3796800e-01
  -2.4676500e-01
  -2.5455900e-01
  -2.6189800e-01
  -2.6857300e-01
  -2.7474200e-01
  -2.8068600e-01
  -2.8645700e-01
  -2.9259500e-01
  -2.9899800e-01
  -3.0600900e-01
  -3.1380000e-01
  -3.2242800e-01
  -3.3184800e-01
  -3.4117000e-01
  -3.5020300e-01
  -3.5836700e-01
  -3.6577600e-01
  -3.7148100e-01
  -3.7581900e-01
  -3.7941000e-01
  -3.8222900e-01
  -3.8504900e-01
  -3.8786900e-01
  -3.9052200e-01
  -3.9305700e-01
  -3.9544600e-01
  -3.9609200e-01
  -3.9535600e-01
  -3.9219500e-01
  -3.8885500e-01
  -3.8570100e-01
  -3.8351700e-01
  -3.8183300e-01
  -3.8052700e-01
  -3.8033000e-01
  -3.8006200e-01
  -3.7972800e-01
  -3.8037900e-01
  -3.8177300e-01
  -3.8421800e-01
  -3.8716900e-01
  -3.9050400e-01
  -3.9457900e-01
  -3.9959000e-01
  -4.0493600e-01
  -4.1011700e-01
  -4.1380900e-01
  -4.1641900e-01
  -4.1689000e-01
  -4.1642300e-01
  -4.1494400e-01
  -4.1233200e-01
  -4.1005500e-01
  -4.0854400e-01
  -4.0837800e-01
  -4.0852300e-01
  -4.0859500e-01
  -4.0836600e-01
  -4.0811100e-01
  -4.0870600e-01
  -4.0900700e-01
  -4.0907500e-01
  -4.0766500e-01
  -4.0577800e-01
  -4.0328500e-01
  -3.9725800e-01
  -3.8807300e-01
  -3.7320700e-01
  -3.4982500e-01
  -3.2196200e-01
  -2.8700200e-01
  -2.4981400e-01
  -2.1167800e-01
  -1.7675600e-01
  -1.4827300e-01
  -1.2570400e-01
  -1.1587400e-01
  -1.1010400e-01
  -1.0961800e-01
  -1.1129300e-01
  -1.1196000e-01
  -1.0899100e-01
  -1.0188800e-01
  -9.2479200e-02
  -7.9386500e-02
  -6.5243200e-02
  -5.0466100e-02
  -3.7025900e-02
  -2.4390800e-02
  -1.2615300e-02
  -1.7412300e-03
   9.0533000e-03
   1.9848000e-02
   3.1359000e-02
   4.3494100e-02
   5.7012200e-02
   7.0973700e-02
   8.5302600e-02
   1.0085500e-01
   1.1674200e-01
   1.3289400e-01
   1.4693500e-01
   1.6030800e-01
   1.7284300e-01
   1.8382500e-01
   1.9413300e-01
   2.0345000e-01
   2.1312800e-01
   2.2298400e-01
   2.3312000e-01
   2.4300900e-01
   2.5268100e-01
   2.6152100e-01
   2.6979500e-01
   2.7755200e-01
   2.8335800e-01
   2.8822400e-01
   2.9179900e-01
   2.9477300e-01
   2.9733700e-01
   2.9913600e-01
   3.0003400e-01
   3.0051200e-01
   3.0062500e-01
   3.0104600e-01
   3.0172800e-01
   3.0372300e-01
   3.0592800e-01
   3.0836200e-01
   3.0960400e-01
   3.1036900e-01
   3.1047000e-01
   3.1007800e-01
   3.0953600e-01
   3.0891000e-01
   3.0849100e-01
   3.0810800e-01
   3.0726800e-01
   3.0595300e-01
   3.0426400e-01
   3.0162900e-01
   2.9792900e-01
   2.9287600e-01
   2.8502100e-01
   2.7587300e-01
   2.6479300e-01
   2.5027900e-01
   2.3382500e-01
   2.1391300e-01
   1.9289400e-01
   1.7127100e-01
   1.4988300e-01
   1.3065800e-01
   1.1341300e-01
   1.0163000e-01
   9.1710400e-02
   8.4256700e-02
   8.0785200e-02
   7.8999200e-02
   7.9596300e-02
   8.0420700e-02
   8.1188500e-02
   8.1202200e-02
   8.0012700e-02
   7.7952700e-02
   7.4261300e-02
   7.0193600e-02
   6.5717100e-02
   6.0927600e-02
   5.6253100e-02
   5.1835400e-02
   4.7786900e-02
   4.3868600e-02
   4.0063500e-02
   3.6551700e-02
   3.3252800e-02
   3.0506900e-02
   2.8925400e-02
   2.8257000e-02
   2.9076500e-02
   3.0206700e-02
   3.1730500e-02
   3.5746600e-02
   4.0547300e-02
   4.6299000e-02
   5.2362800e-02
   5.8761700e-02
   6.6120800e-02
   7.3056000e-02
   7.9646500e-02
   8.4971700e-02
   9.0166000e-02
   9.5241700e-02
   1.0050000e-01
   1.0576200e-01
   1.1101300e-01
   1.1630400e-01
   1.2134700e-01
   1.2573900e-01
   1.2860900e-01
   1.3067900e-01
   1.3165200e-01
   1.3237500e-01
   1.3295400e-01
   1.3403000e-01
   1.3510300e-01
   1.3617100e-01
   1.3634700e-01
   1.3654300e-01
   1.3690800e-01
   1.3731400e-01
   1.3771200e-01
   1.3805600e-01
   1.3821600e-01
   1.3818500e-01
   1.3738700e-01
   1.3651900e-01
   1.3559600e-01
   1.3394100e-01
   1.3265000e-01
   1.3182200e-01
   1.3244600e-01
   1.3304200e-01
   1.3316400e-01
   1.3235800e-01
   1.3128000e-01
   1.3027600e-01
   1.2937100e-01
   1.2848800e-01
   1.2723800e-01
   1.2630200e-01
   1.2565500e-01
   1.2495200e-01
   1.2378100e-01
   1.2191500e-01
   1.1819200e-01
   1.1379600e-01
   1.0857300e-01
   1.0298600e-01
   9.7166000e-02
   9.0887900e-02
   8.6128100e-02
   8.2430400e-02
   8.0003900e-02
   7.7360800e-02
   7.4485500e-02
   7.1398600e-02
   6.7887500e-02
   6.3652600e-02
   5.9803800e-02
   5.6671500e-02
   5.5501100e-02
   5.5233300e-02
   5.5301500e-02
   5.4732800e-02
   5.3035900e-02
   5.0454900e-02
   4.5403000e-02
   3.9281100e-02
   3.1798500e-02
   2.3081400e-02
   1.4661200e-02
   7.2156600e-03
   1.4364900e-03
  -3.6670000e-03
  -8.1527000e-03
  -1.2404500e-02
  -1.6533200e-02
  -2.0735600e-02
  -2.5068400e-02
  -2.9518200e-02
  -3.2729800e-02
  -3.5567300e-02
  -3.7924800e-02
  -4.0954700e-02
  -4.4278600e-02
  -4.8030800e-02
  -5.1649900e-02
  -5.5035500e-02
  -5.7459200e-02
  -5.8872600e-02
  -5.9613100e-02
  -6.0341600e-02
  -6.1742900e-02
  -6.3871000e-02
  -6.6822400e-02
  -7.0132300e-02
  -7.3955200e-02
  -7.7302900e-02
  -8.0102100e-02
  -8.1538500e-02
  -8.2366600e-02
  -8.2821400e-02
  -8.2633900e-02
  -8.2896000e-02
  -8.3510800e-02
  -8.5490300e-02
  -8.7482300e-02
  -8.9492000e-02
  -9.1644900e-02
  -9.3512700e-02
  -9.4731500e-02
  -9.5936100e-02
  -9.7571800e-02
  -1.0094400e-01
  -1.0513600e-01
  -1.0971000e-01
  -1.1334200e-01
  -1.1602800e-01
  -1.1784800e-01
  -1.1862200e-01
  -1.1929900e-01
  -1.1989400e-01
  -1.2096300e-01
  -1.2216600e-01
  -1.2347800e-01
  -1.2468900e-01
  -1.2582700e-01
  -1.2677700e-01
  -1.2732600e-01
  -1.2753900e-01
  -1.2607400e-01
  -1.2392800e-01
  -1.2104800e-01
  -1.1897300e-01
  -1.1771100e-01
  -1.1776900e-01
  -1.1857400e-01
  -1.1936400e-01
  -1.1951500e-01
  -1.1860500e-01
  -1.1707500e-01
  -1.1464800e-01
  -1.1228900e-01
  -1.0998100e-01
  -1.0860500e-01
  -1.0753400e-01
  -1.0685100e-01
  -1.0515200e-01
  -1.0256900e-01
  -9.8405300e-02
  -9.2877500e-02
  -8.6664200e-02
  -7.9448200e-02
  -7.2240800e-02
  -6.5063600e-02
  -5.8278100e-02
  -5.1557000e-02
  -4.4900100e-02
  -3.8378600e-02
  -3.1954600e-02
  -2.5672500e-02
  -1.9721600e-02
  -1.3806300e-02
  -7.8184600e-03
  -1.9142600e-03
   4.0222100e-03
   1.0264900e-02
   1.7068100e-02
   2.4235200e-02
   3.0994500e-02
   3.7230900e-02
   4.2897500e-02
   4.7575600e-02
   5.2131800e-02
   5.6623500e-02
   6.2347600e-02
   6.8635500e-02
   7.5719100e-02
   8.3111800e-02
   9.0605900e-02
   9.7722300e-02
   1.0415200e-01
   1.1003900e-01
   1.1581600e-01
   1.2117000e-01
   1.2598400e-01
   1.2989300e-01
   1.3366100e-01
   1.3739000e-01
   1.4073900e-01
   1.4392900e-01
   1.4694200e-01
   1.4924200e-01
   1.5103300e-01
   1.5154300e-01
   1.5169500e-01
   1.5151900e-01
   1.5201900e-01
   1.5297600e-01
   1.5457300e-01
   1.5561700e-01
   1.5640000e-01
   1.5678100e-01
   1.5699500e-01
   1.5696700e-01
   1.5600200e-01
   1.5408500e-01
   1.5151900e-01
   1.4848600e-01
   1.4566500e-01
   1.4307400e-01
   1.4037700e-01
   1.3719200e-01
   1.3315900e-01
   1.2693200e-01
   1.1936700e-01
   1.0931500e-01
   9.7390600e-02
   8.4474100e-02
   7.0823600e-02
   5.7708900e-02
   4.5023700e-02
   3.3542600e-02
   2.2411600e-02
   1.1724700e-02
   2.2851800e-03
  -6.1771500e-03
  -1.2906700e-02
  -1.7849800e-02
  -2.1438500e-02
  -2.1854800e-02
  -1.9545800e-02
  -1.5560200e-02
  -9.8331900e-03
  -4.0749700e-03
   1.7075800e-03
   6.1362100e-03
   9.8205300e-03
   1.2474500e-02
   1.3588300e-02
   1.4135700e-02
   1.3978400e-02
   1.4030600e-02
   1.4175100e-02
   1.4378200e-02
   1.4356600e-02
   1.4168100e-02
   1.3553700e-02
   1.3006200e-02
   1.2531100e-02
   1.3149900e-02
   1.4265500e-02
   1.6093000e-02
   1.7690800e-02
   1.8711900e-02
   1.8085400e-02
   1.5217400e-02
   1.1032300e-02
   4.8947400e-03
  -1.1818800e-03
  -7.2061400e-03
  -1.2078600e-02
  -1.6542100e-02
  -2.0487100e-02
  -2.3515100e-02
  -2.6145400e-02
  -2.8189500e-02
  -3.0586100e-02
  -3.2909300e-02
  -3.4486900e-02
  -3.5052000e-02
  -3.5005500e-02
  -3.4454500e-02
  -3.4037500e-02
  -3.3743600e-02
  -3.5932400e-02
  -3.9052300e-02
  -4.3413000e-02
  -4.8336700e-02
  -5.2982200e-02
  -5.6629300e-02
  -5.8832500e-02
  -6.0295700e-02
  -6.0819200e-02
  -6.0246500e-02
  -5.8871300e-02
  -5.5752500e-02
  -5.1664000e-02
  -4.6527300e-02
  -3.9757900e-02
  -3.2075000e-02
  -2.3032700e-02
  -1.3039400e-02
  -2.9052900e-03
   6.8957400e-03
   1.6453500e-02
   2.5639000e-02
   3.3000800e-02
   3.9070600e-02
   4.4126500e-02
   4.7444800e-02
   4.9573200e-02
   5.0184800e-02
   4.8381200e-02
   4.5505800e-02
   4.1052700e-02
   3.6385200e-02
   3.1878300e-02
   2.8261900e-02
   2.4931800e-02
   2.1790700e-02
   1.8945000e-02
   1.6294300e-02
   1.3823500e-02
   1.1909700e-02
   1.0011000e-02
   8.1037300e-03
   6.0450600e-03
   3.9396700e-03
   1.7929800e-03
  -8.4820600e-04
  -3.5309600e-03
  -5.4410400e-03
  -6.0184200e-03
  -5.6267400e-03
  -3.3346900e-03
  -4.6798900e-04
   3.0180000e-03
   6.3625000e-03
   9.3845000e-03
   1.1850000e-02
   1.3336900e-02
   1.4506800e-02
   1.5447100e-02
   1.7290100e-02
   1.9675300e-02
   2.2937200e-02
   2.6125300e-02
   2.9255100e-02
   3.1829700e-02
   3.3869300e-02
   3.5226000e-02
   3.5329900e-02
   3.4949900e-02
   3.3902400e-02
   3.3165900e-02
   3.2824600e-02
   3.3665300e-02
   3.4270400e-02
   3.4671700e-02
   3.4259200e-02
   3.3582800e-02
   3.2663200e-02
   2.9243600e-02
   2.5223500e-02
   2.0460100e-02
   1.6175600e-02
   1.1904700e-02
   7.4236700e-03
   3.7231800e-03
   2.7718900e-04
  -3.4356100e-03
  -7.7977900e-03
  -1.2550800e-02
  -1.6333300e-02
  -2.0279500e-02
  -2.4399700e-02
  -2.8920700e-02
  -3.3363800e-02
  -3.7600500e-02
  -4.1979200e-02
  -4.6461400e-02
  -5.1173200e-02
  -5.5950200e-02
  -6.0520200e-02
  -6.3366700e-02
  -6.5230100e-02
  -6.6321200e-02
  -6.7504700e-02
  -6.8879400e-02
  -7.0496400e-02
  -7.3438300e-02
  -7.7014600e-02
  -8.1564500e-02
  -8.5667100e-02
  -8.9333100e-02
  -9.1830700e-02
  -9.4040100e-02
  -9.6075200e-02
  -9.7964000e-02
  -9.9739700e-02
  -1.0140900e-01
  -1.0326000e-01
  -1.0548200e-01
  -1.0824700e-01
  -1.1154900e-01
  -1.1500500e-01
  -1.1860700e-01
  -1.2216500e-01
  -1.2553700e-01
  -1.2801400e-01
  -1.3012700e-01
  -1.3200900e-01
  -1.3418100e-01
  -1.3601000e-01
  -1.3746600e-01
  -1.3778800e-01
  -1.3824600e-01
  -1.3912000e-01
  -1.3987200e-01
  -1.4031500e-01
  -1.3988400e-01
  -1.3954200e-01
  -1.3909000e-01
  -1.3751300e-01
  -1.3538400e-01
  -1.3282400e-01
  -1.2999800e-01
  -1.2657400e-01
  -1.2239200e-01
  -1.1789100e-01
  -1.1347500e-01
  -1.0932400e-01
  -1.0609400e-01
  -1.0331600e-01
  -1.0117900e-01
  -9.9197700e-02
  -9.7394200e-02
  -9.6602500e-02
  -9.6294800e-02
  -9.6434000e-02
  -9.6840500e-02
  -9.7262000e-02
  -9.7690200e-02
  -9.7530200e-02
  -9.7005700e-02
  -9.5829700e-02
  -9.4647500e-02
  -9.3592400e-02
  -9.3213100e-02
  -9.3898300e-02
  -9.5296300e-02
  -9.6782000e-02
  -9.7687400e-02
  -9.7964200e-02
  -9.6834500e-02
  -9.4880500e-02
  -9.1674100e-02
  -8.8416600e-02
  -8.5259800e-02
  -8.2462800e-02
  -7.9987800e-02
  -7.7661500e-02
  -7.5311200e-02
  -7.2726700e-02
  -6.9960000e-02
  -6.7149600e-02
  -6.3986200e-02
  -6.0369000e-02
  -5.8027800e-02
  -5.6994000e-02
  -5.8360400e-02
  -6.0576000e-02
  -6.3116700e-02
  -6.5884200e-02
  -6.8832400e-02
  -7.1743200e-02
  -7.3090900e-02
  -7.4104500e-02
  -7.4809000e-02
  -7.6194000e-02
  -7.7373400e-02
  -7.8205700e-02
  -7.8326100e-02
  -7.8262300e-02
  -7.8072200e-02
  -7.7069500e-02
  -7.5495700e-02
  -7.2587800e-02
  -7.0050400e-02
  -6.7815000e-02
  -6.6854700e-02
  -6.6921600e-02
  -6.8097300e-02
  -7.0778500e-02
  -7.3158200e-02
  -7.4777200e-02
  -7.5785500e-02
  -7.6233400e-02
  -7.5397700e-02
  -7.3090400e-02
  -7.0158900e-02
  -6.7716800e-02
  -6.4777900e-02
  -6.1449900e-02
  -5.6350000e-02
  -5.1169200e-02
  -4.5876600e-02
  -3.9746800e-02
  -3.3313300e-02
  -2.6483800e-02
  -2.0996000e-02
  -1.6221500e-02
  -1.2601700e-02
  -8.8719000e-03
  -5.0245400e-03
  -5.2301200e-04
   5.1882900e-03
   1.2022000e-02
   2.0632500e-02
   2.9195900e-02
   3.7595100e-02
   4.5098300e-02
   5.2119100e-02
   5.8334200e-02
   6.3636700e-02
   6.8498300e-02
   7.2918000e-02
   7.7403800e-02
   8.1904900e-02
   8.5774300e-02
   8.9466600e-02
   9.2973400e-02
   9.6127500e-02
   9.9321500e-02
   1.0263700e-01
   1.0638100e-01
   1.0986800e-01
   1.1220500e-01
   1.1286600e-01
   1.1256200e-01
   1.1096500e-01
   1.0882900e-01
   1.0626600e-01
   1.0256700e-01
   9.8940600e-02
   9.5399200e-02
   9.2175100e-02
   8.8660700e-02
   8.4445100e-02
   7.9972800e-02
   7.5519300e-02
   7.1461700e-02
   6.7553000e-02
   6.3825500e-02
   6.1187600e-02
   5.9571900e-02
   5.8895300e-02
   6.0141200e-02
   6.1678300e-02
   6.3530100e-02
   6.4933000e-02
   6.6414500e-02
   6.8314700e-02
   7.0125000e-02
   7.1917600e-02
   7.3803900e-02
   7.6591400e-02
   7.9981700e-02
   8.3384000e-02
   8.6633300e-02
   8.9722200e-02
   9.3397800e-02
   9.6569700e-02
   9.8757800e-02
   9.9561600e-02
   1.0027200e-01
   1.0177900e-01
   1.0361700e-01
   1.0561800e-01
   1.0768300e-01
   1.1018000e-01
   1.1301600e-01
   1.1445700e-01
   1.1470300e-01
   1.1343500e-01
   1.1116800e-01
   1.0848600e-01
   1.0521600e-01
   1.0102800e-01
   9.6445100e-02
   9.1438000e-02
   8.6261700e-02
   8.1043700e-02
   7.6501000e-02
   7.2440700e-02
   6.8818500e-02
   6.6022400e-02
   6.3653800e-02
   6.1875700e-02
   6.0906700e-02
   6.0353100e-02
   6.0470000e-02
   6.0918200e-02
   6.1635300e-02
   6.3083300e-02
   6.4977600e-02
   6.7135200e-02
   6.8446200e-02
   6.9070500e-02
   6.8952500e-02
   6.9399400e-02
   7.0044100e-02
   7.0952300e-02
   7.1393000e-02
   7.1718400e-02
   7.2049200e-02
   7.2424300e-02
   7.2821300e-02
   7.3222800e-02
   7.2772000e-02
   7.1650000e-02
   6.8033500e-02
   6.3638500e-02
   5.8260200e-02
   5.2185700e-02
   4.5988100e-02
   3.9733900e-02
   3.3602800e-02
   2.7485800e-02
   2.1264200e-02
   1.5525600e-02
   1.0125500e-02
   5.5712400e-03
   1.2313300e-03
  -2.9082900e-03
  -6.3863000e-03
  -1.0405000e-02
  -1.5270700e-02
  -2.0735000e-02
  -2.6095200e-02
  -3.0899700e-02
  -3.5751200e-02
  -4.0454900e-02
  -4.4259900e-02
  -4.7267400e-02
  -4.9729200e-02
  -5.1723900e-02
  -5.3544400e-02
  -5.5175200e-02
  -5.7884200e-02
  -6.1183200e-02
  -6.5359900e-02
  -6.9692100e-02
  -7.3852300e-02
  -7.7348500e-02
  -7.9525100e-02
  -8.0930200e-02
  -8.1200500e-02
  -8.0942900e-02
  -8.0272400e-02
  -7.9901500e-02
  -7.9615000e-02
  -7.9435600e-02
  -7.7954300e-02
  -7.6313300e-02
  -7.4709400e-02
  -7.3935700e-02
  -7.3543300e-02
  -7.3635800e-02
  -7.4044300e-02
  -7.4614600e-02
  -7.5000000e-02
  -7.4962600e-02
  -7.4536700e-02
  -7.2736400e-02
  -7.0646500e-02
  -6.8210000e-02
  -6.6632400e-02
  -6.5676500e-02
  -6.5895800e-02
  -6.7528500e-02
  -6.9754300e-02
  -7.2207400e-02
  -7.4270900e-02
  -7.6065400e-02
  -7.7642000e-02
  -7.8619900e-02
  -7.8950500e-02
  -7.8464000e-02
  -7.7970200e-02
  -7.7588300e-02
  -7.7696900e-02
  -7.7958800e-02
  -7.8319400e-02
  -7.8705900e-02
  -7.8995800e-02
  -7.8490400e-02
  -7.6738800e-02
  -7.4012600e-02
  -7.1049900e-02
  -6.8599400e-02
  -6.6799800e-02
  -6.6757400e-02
  -6.7582300e-02
  -6.9739300e-02
  -7.2413400e-02
  -7.5220500e-02
  -7.7900300e-02
  -7.9861600e-02
  -8.1323200e-02
  -8.1686900e-02
  -8.1867000e-02
  -8.1878000e-02
  -8.3924500e-02
  -8.7248800e-02
  -9.2359900e-02
  -9.7771000e-02
  -1.0279200e-01
  -1.0665500e-01
  -1.0866100e-01
  -1.0957600e-01
  -1.0853900e-01
  -1.0729900e-01
  -1.0597400e-01
  -1.0576800e-01
  -1.0609200e-01
  -1.0698600e-01
  -1.0772500e-01
  -1.0796700e-01
  -1.0735500e-01
  -1.0590400e-01
  -1.0416900e-01
  -1.0220100e-01
  -1.0078600e-01
  -9.9828100e-02
  -1.0031300e-01
  -1.0118400e-01
  -1.0235700e-01
  -1.0250700e-01
  -1.0218400e-01
  -1.0126200e-01
  -1.0019900e-01
  -9.9161700e-02
  -9.8223800e-02
  -9.8134900e-02
  -9.8325900e-02
  -9.8565500e-02
  -9.8812500e-02
  -9.9137600e-02
  -1.0031400e-01
  -1.0092400e-01
  -1.0101300e-01
  -9.9666600e-02
  -9.8132800e-02
  -9.6407100e-02
  -9.4876700e-02
  -9.3541100e-02
  -9.2613100e-02
  -9.2363500e-02
  -9.2474700e-02
  -9.3100100e-02
  -9.3790700e-02
  -9.4490700e-02
  -9.4397500e-02
  -9.4056800e-02
  -9.3448700e-02
  -9.3143200e-02
  -9.2827100e-02
  -9.2446700e-02
  -9.2506800e-02
  -9.2726000e-02
  -9.3101200e-02
  -9.3643500e-02
  -9.4256500e-02
  -9.4818100e-02
  -9.4177700e-02
  -9.2596600e-02
  -8.9944400e-02
  -8.7577900e-02
  -8.5573400e-02
  -8.5089000e-02
  -8.5681200e-02
  -8.8122500e-02
  -9.1228500e-02
  -9.4330700e-02
  -9.6595800e-02
  -9.7679100e-02
  -9.7958800e-02
  -9.6625000e-02
  -9.4735300e-02
  -9.2334500e-02
  -8.9976500e-02
  -8.7885600e-02
  -8.6194900e-02
  -8.4814900e-02
  -8.3708100e-02
  -8.3153700e-02
  -8.2900500e-02
  -8.2870200e-02
  -8.3396500e-02
  -8.4000100e-02
  -8.4610500e-02
  -8.4172300e-02
  -8.3178500e-02
  -8.1584000e-02
  -7.9217100e-02
  -7.6153700e-02
  -7.1977500e-02
  -6.5500300e-02
  -5.7993700e-02
  -4.9017700e-02
  -3.8563300e-02
  -2.7270200e-02
  -1.4854000e-02
  -3.2761300e-03
   7.6429700e-03
   1.6109800e-02
   2.3587600e-02
   2.9803000e-02
   3.4716700e-02
   3.9651200e-02
   4.4994200e-02
   5.1018300e-02
   5.7306900e-02
   6.3817900e-02
   7.0798300e-02
   7.8066900e-02
   8.5692000e-02
   9.3248500e-02
   1.0074200e-01
   1.0726400e-01
   1.1342100e-01
   1.1908500e-01
   1.2426700e-01
   1.2891600e-01
   1.3245200e-01
   1.3627700e-01
   1.4043800e-01
   1.4579600e-01
   1.5031000e-01
   1.5424900e-01
   1.5784200e-01
   1.6166100e-01
   1.6572200e-01
   1.6850300e-01
   1.7094300e-01
   1.7296800e-01
   1.7424200e-01
   1.7492500e-01
   1.7433300e-01
   1.7272000e-01
   1.7041900e-01
   1.6658400e-01
   1.6170900e-01
   1.5601600e-01
   1.4855200e-01
   1.4003900e-01
   1.3020100e-01
   1.1767400e-01
   1.0474100e-01
   9.1685000e-02
   7.9689100e-02
   6.8446400e-02
   5.8830700e-02
   5.1592100e-02
   4.5905800e-02
   4.2716000e-02
   4.0194300e-02
   3.8291000e-02
   3.7029100e-02
   3.5690500e-02
   3.4199500e-02
   3.2295900e-02
   3.0681400e-02
   3.0006200e-02
   3.0121200e-02
   3.0764700e-02
   3.2575600e-02
   3.5643100e-02
   3.9579200e-02
   4.4253200e-02
   4.8968900e-02
   5.3725700e-02
   5.8139500e-02
   6.2377400e-02
   6.6364400e-02
   6.9642500e-02
   7.2476700e-02
   7.4474200e-02
   7.7190900e-02
   8.0274100e-02
   8.3563800e-02
   8.6490800e-02
   8.9133200e-02
   9.3644400e-02
   9.7906500e-02
   1.0184700e-01
   1.0510200e-01
   1.0856400e-01
   1.1267200e-01
   1.1556100e-01
   1.1799400e-01
   1.2015200e-01
   1.2319500e-01
   1.2664400e-01
   1.2906700e-01
   1.3069000e-01
   1.3157400e-01
   1.3271300e-01
   1.3366900e-01
   1.3433800e-01
   1.3468700e-01
   1.3505200e-01
   1.3561400e-01
   1.3606700e-01
   1.3640100e-01
   1.3633400e-01
   1.3529000e-01
   1.3360700e-01
   1.3214300e-01
   1.3120900e-01
   1.3085000e-01
   1.3080400e-01
   1.3121500e-01
   1.3238800e-01
   1.3363100e-01
   1.3475500e-01
   1.3545300e-01
   1.3494400e-01
   1.3357400e-01
   1.3007300e-01
   1.2634000e-01
   1.2242700e-01
   1.1836300e-01
   1.1397400e-01
   1.0916200e-01
   1.0474700e-01
   1.0050900e-01
   9.6522200e-02
   9.2582200e-02
   8.8738400e-02
   8.5221800e-02
   8.1418600e-02
   7.7420200e-02
   7.3017100e-02
   6.8639400e-02
   6.4288100e-02
   6.1595500e-02
   5.9396300e-02
   5.7830200e-02
   5.6576000e-02
   5.5555400e-02
   5.4980000e-02
   5.3831600e-02
   5.2327200e-02
   5.0125100e-02
   4.7174900e-02
   4.3734400e-02
   4.0451900e-02
   3.7864500e-02
   3.6023500e-02
   3.4529600e-02
   3.2811200e-02
   3.0637600e-02
   2.8037300e-02
   2.5295400e-02
   2.2444000e-02
   1.8939500e-02
   1.5139200e-02
   1.1415100e-02
   8.7011400e-03
   6.7819100e-03
   5.8869800e-03
   4.8431300e-03
   3.6082700e-03
   2.1202600e-03
   5.8936100e-04
  -9.6311400e-04
  -3.4563800e-03
  -6.4147500e-03
  -1.0043000e-02
  -1.2875300e-02
  -1.5200400e-02
  -1.6850200e-02
  -1.8638700e-02
  -2.0557700e-02
  -2.3040100e-02
  -2.5933700e-02
  -2.9413100e-02
  -3.3502800e-02
  -3.7382100e-02
  -4.0423200e-02
  -4.2354200e-02
  -4.3743500e-02
  -4.4554400e-02
  -4.4867100e-02
  -4.4848500e-02
  -4.4847500e-02
  -4.5221400e-02
  -4.6000400e-02
  -4.6929400e-02
  -4.7824600e-02
  -4.8638800e-02
  -4.9909300e-02
  -5.1311800e-02
  -5.2770000e-02
  -5.4540900e-02
  -5.6522400e-02
  -5.8973800e-02
  -6.1078100e-02
  -6.2912700e-02
  -6.3391100e-02
  -6.3420800e-02
  -6.2880400e-02
  -6.2582700e-02
  -6.2452500e-02
  -6.2606500e-02
  -6.3154300e-02
  -6.3878800e-02
  -6.4812600e-02
  -6.5186300e-02
  -6.5187300e-02
  -6.4528500e-02
  -6.4174400e-02
  -6.4100100e-02
  -6.4413700e-02
  -6.5911200e-02
  -6.9157700e-02
  -7.4951800e-02
  -8.0920200e-02
  -8.6093300e-02
  -9.0831300e-02
  -9.5008800e-02
  -9.7153300e-02
  -9.7167600e-02
  -9.5774700e-02
  -9.4585200e-02
  -9.4424200e-02
  -9.5372800e-02
  -9.7862300e-02
  -1.0040600e-01
  -1.0280800e-01
  -1.0566500e-01
  -1.0843100e-01
  -1.1054900e-01
  -1.1092800e-01
  -1.1060000e-01
  -1.1108400e-01
  -1.1215000e-01
  -1.1367400e-01
  -1.1523100e-01
  -1.1698900e-01
  -1.1900500e-01
  -1.2109200e-01
  -1.2306900e-01
  -1.2479200e-01
  -1.2563600e-01
  -1.2608200e-01
  -1.2605400e-01
  -1.2509700e-01
  -1.2335200e-01
  -1.1860100e-01
  -1.1362400e-01
  -1.0843300e-01
  -1.0348400e-01
  -9.7801100e-02
  -9.1011900e-02
  -8.4355100e-02
  -7.7770600e-02
  -7.1309500e-02
  -6.4137100e-02
  -5.6739400e-02
  -4.9599300e-02
  -4.3259900e-02
  -3.7501000e-02
  -3.3078200e-02
  -2.8744600e-02
  -2.4500500e-02
  -1.9116700e-02
  -1.3576600e-02
  -7.9380800e-03
  -4.2937200e-03
  -1.5786300e-03
  -2.1790400e-04
   6.9148200e-04
   1.4355500e-03
   2.5091600e-03
   4.2191700e-03
   6.4309400e-03
   8.6834600e-03
   1.1238300e-02
   1.4174300e-02
   1.7261400e-02
   1.9771700e-02
   2.1019100e-02
   1.9940000e-02
   1.7635100e-02
   1.3367300e-02
   7.9773200e-03
   1.8487600e-03
  -5.4412100e-03
  -1.1475300e-02
  -1.6361700e-02
  -2.0458100e-02
  -2.5283700e-02
  -3.1245200e-02
  -3.6566600e-02
  -4.2199400e-02
  -4.8943600e-02
  -5.7057600e-02
  -6.5449800e-02
  -7.2478300e-02
  -7.8469200e-02
  -8.3721200e-02
  -8.7620500e-02
  -9.0653300e-02
  -9.2747700e-02
  -9.4386000e-02
  -9.6483100e-02
  -9.9460400e-02
  -1.0182400e-01
  -1.0386200e-01
  -1.0536200e-01
  -1.0672000e-01
  -1.0766100e-01
  -1.0603100e-01
  -1.0383200e-01
  -1.0118300e-01
  -9.8458300e-02
  -9.5563100e-02
  -9.2454200e-02
  -8.9660300e-02
  -8.6552600e-02
  -8.2687700e-02
  -7.8352000e-02
  -7.3721300e-02
  -6.8521900e-02
  -6.2656100e-02
  -5.6477500e-02
  -5.1074700e-02
  -4.6628700e-02
  -4.3065000e-02
  -3.9852700e-02
  -3.7035000e-02
  -3.4788100e-02
  -3.3342300e-02
  -3.1456900e-02
  -2.8054900e-02
  -2.4571800e-02
  -2.1157600e-02
  -1.8284700e-02
  -1.4177300e-02
  -9.2153200e-03
  -3.5708000e-03
   1.6122200e-03
   6.2928100e-03
   1.0631200e-02
   1.4905000e-02
   1.9117000e-02
   2.4432700e-02
   3.0352800e-02
   3.7299400e-02
   4.4190000e-02
   5.1109900e-02
   5.8377800e-02
   6.4782200e-02
   7.0503500e-02
   7.3293100e-02
   7.5542700e-02
   7.7106300e-02
   7.8059700e-02
   7.9018200e-02
   8.0164000e-02
   8.2089100e-02
   8.4138500e-02
   8.5700500e-02
   8.6256900e-02
   8.6154800e-02
   8.4963700e-02
   8.2962100e-02
   8.0217200e-02
   7.6401000e-02
   7.2828000e-02
   6.9685100e-02
   6.6060200e-02
   6.1710700e-02
   5.5746100e-02
   4.9242600e-02
   4.2566700e-02
   3.6118900e-02
   3.0463100e-02
   2.5432000e-02
   2.2659500e-02
   1.9797600e-02
   1.6841500e-02
   1.2788600e-02
   8.9355800e-03
   5.6035900e-03
   2.8317800e-03
   1.6698000e-04
  -2.5918400e-03
  -4.4117900e-03
  -5.5970600e-03
  -5.3465900e-03
  -5.5072300e-03
  -5.9896500e-03
  -6.8274400e-03
  -8.0034100e-03
  -9.6082300e-03
  -1.2572500e-02
  -1.5586500e-02
  -1.8310600e-02
  -2.0870600e-02
  -2.3329600e-02
  -2.5580900e-02
  -2.6581800e-02
  -2.6854100e-02
  -2.6814300e-02
  -2.7738000e-02
  -2.9546300e-02
  -3.0803900e-02
  -3.0948700e-02
  -2.9461400e-02
  -2.7215100e-02
  -2.4490500e-02
  -2.0912300e-02
  -1.7483900e-02
  -1.4755000e-02
  -1.5408000e-02
  -1.7039400e-02
  -1.9313600e-02
  -2.1479200e-02
  -2.3868800e-02
  -2.6500400e-02
  -2.7619200e-02
  -2.8270700e-02
  -2.8323900e-02
  -2.7758000e-02
  -2.6540400e-02
  -2.3751300e-02
  -2.0618300e-02
  -1.7123300e-02
  -1.2139800e-02
  -6.6360200e-03
  -7.2917000e-04
   3.4836200e-03
   7.3719900e-03
   1.0848900e-02
   1.3739300e-02
   1.6262700e-02
   1.8170400e-02
   2.0290200e-02
   2.2641800e-02
   2.5643800e-02
   2.8926500e-02
   3.2307200e-02
   3.5036800e-02
   3.6725700e-02
   3.7457700e-02
   3.7087800e-02
   3.6279900e-02
   3.4883400e-02
   3.3389500e-02
   3.2204500e-02
   3.1861700e-02
   3.0992200e-02
   2.9940700e-02
   2.9000100e-02
   2.8439700e-02
   2.8062800e-02
   2.6048900e-02
   2.3694500e-02
   2.0972200e-02
   1.7877600e-02
   1.3960700e-02
   8.6485500e-03
   2.5781200e-03
  -3.2095400e-03
  -7.4882900e-03
  -1.0848900e-02
  -1.3603500e-02
  -1.5100800e-02
  -1.5070100e-02
  -1.3842600e-02
  -1.3179800e-02
  -1.3103800e-02
  -1.3772600e-02
  -1.4089100e-02
  -1.4668600e-02
  -1.5906500e-02
  -1.6873700e-02
  -1.7594600e-02
  -1.7676900e-02
  -1.8662700e-02
  -2.0209700e-02
  -2.2395600e-02
  -2.5333700e-02
  -2.8963400e-02
  -3.3317300e-02
  -3.7019900e-02
  -3.9698400e-02
  -4.2256700e-02
  -4.4833900e-02
  -4.7511900e-02
  -4.9513600e-02
  -5.1243400e-02
  -5.2929300e-02
  -5.4983000e-02
  -5.7310000e-02
  -6.0295700e-02
  -6.3292800e-02
  -6.6299900e-02
  -6.9313000e-02
  -7.2216500e-02
  -7.4920300e-02
  -7.6815100e-02
  -7.8501700e-02
  -8.0171800e-02
  -8.2467300e-02
  -8.5273000e-02
  -8.9674100e-02
  -9.4775700e-02
  -1.0042500e-01
  -1.0503600e-01
  -1.0886400e-01
  -1.1169600e-01
  -1.1411200e-01
  -1.1653700e-01
  -1.1909500e-01
  -1.2150900e-01
  -1.2377300e-01
  -1.2562600e-01
  -1.2707000e-01
  -1.2820000e-01
  -1.2838300e-01
  -1.2801300e-01
  -1.2713400e-01
  -1.2568900e-01
  -1.2377900e-01
  -1.2120900e-01
  -1.1788500e-01
  -1.1402800e-01
  -1.0916200e-01
  -1.0384200e-01
  -9.8380900e-02
  -9.3072600e-02
  -8.7509500e-02
  -8.1804300e-02
  -7.6747200e-02
  -7.1355800e-02
  -6.5607200e-02
  -5.9833900e-02
  -5.4604100e-02
  -5.0349400e-02
  -4.6434200e-02
  -4.2747400e-02
  -3.9504100e-02
  -3.5662400e-02
  -3.1274700e-02
  -2.4972300e-02
  -1.7946500e-02
  -1.0357200e-02
  -1.9043000e-03
   7.1719700e-03
   1.7033000e-02
   2.6352600e-02
   3.4916300e-02
   4.2053400e-02
   4.8928000e-02
   5.5660300e-02
   6.2180900e-02
   6.8528900e-02
   7.4767300e-02
   8.0854900e-02
   8.6200300e-02
   9.0857000e-02
   9.4562000e-02
   9.7843800e-02
   1.0054500e-01
   1.0173800e-01
   1.0227600e-01
   1.0186900e-01
   1.0030100e-01
   9.8044200e-02
   9.4550700e-02
   9.0519900e-02
   8.6132100e-02
   8.1725400e-02
   7.7262700e-02
   7.2743200e-02
   6.8426600e-02
   6.4564400e-02
   6.1470100e-02
   5.8743200e-02
   5.6484600e-02
   5.5409700e-02
   5.5778000e-02
   5.6773800e-02
   5.7405200e-02
   5.6800200e-02
   5.5224000e-02
   5.1339300e-02
   4.6839600e-02
   4.1561200e-02
   3.6986100e-02
   3.3168000e-02
   3.0743700e-02
   2.8944200e-02
   2.7280800e-02
   2.5377300e-02
   2.3554300e-02
   2.1767000e-02
   1.9864100e-02
   1.8238900e-02
   1.6871200e-02
   1.6604100e-02
   1.6632700e-02
   1.7036700e-02
   1.8764800e-02
   2.0774800e-02
   2.2869000e-02
   2.4239200e-02
   2.5163800e-02
   2.5227300e-02
   2.4131000e-02
   2.2225900e-02
   1.9469700e-02
   1.6928900e-02
   1.4623500e-02
   1.4020200e-02
   1.3861200e-02
   1.4230300e-02
   1.4017200e-02
   1.3567900e-02
   1.2831300e-02
   1.1580100e-02
   9.8461900e-03
   6.3548900e-03
   2.1406400e-03
  -2.6365700e-03
  -5.4322200e-03
  -7.1311000e-03
  -7.4396200e-03
  -7.1188500e-03
  -6.5997900e-03
  -5.8394000e-03
  -6.7704300e-03
  -8.8947200e-03
  -1.3647600e-02
  -1.7465100e-02
  -2.0617200e-02
  -2.2187400e-02
  -2.3625800e-02
  -2.4941300e-02
  -2.4018400e-02
  -2.2951300e-02
  -2.1802000e-02
  -2.1402200e-02
  -2.0844400e-02
  -1.9518600e-02
  -1.6890100e-02
  -1.3536900e-02
  -9.0380400e-03
  -4.8520900e-03
  -8.9998900e-04
   2.5013500e-03
   4.9437200e-03
   6.3548900e-03
   4.8114600e-03
   2.3913400e-03
  -1.1384400e-03
  -4.6079900e-03
  -7.6740700e-03
  -9.5154400e-03
  -9.9801600e-03
  -9.6428800e-03
  -8.1778200e-03
  -6.6280800e-03
  -5.0134800e-03
  -4.2331600e-03
  -3.7485800e-03
  -3.6388400e-03
  -3.6464000e-03
  -3.8424000e-03
  -4.4028200e-03
  -4.9096900e-03
  -5.4222400e-03
  -6.0247700e-03
  -6.8014900e-03
  -7.5994200e-03
  -7.5309800e-03
  -7.3644700e-03
  -7.1074100e-03
  -7.1872000e-03
  -7.1881800e-03
  -7.0505300e-03
  -7.1799100e-03
  -7.5493000e-03
  -8.4032500e-03
  -9.0715300e-03
  -9.4087500e-03
  -8.3971600e-03
  -6.6156400e-03
  -4.2878700e-03
  -1.1497600e-03
   2.1046500e-03
   5.4897700e-03
   7.8404800e-03
   9.4508200e-03
   9.9070100e-03
   9.6462000e-03
   9.3873200e-03
   9.6984400e-03
   1.0664100e-02
   1.2035800e-02
   1.4128100e-02
   1.6841500e-02
   2.0044200e-02
   2.2748800e-02
   2.4791600e-02
   2.5997300e-02
   2.7966300e-02
   3.0166200e-02
   3.2632600e-02
   3.4424900e-02
   3.6019400e-02
   3.7673400e-02
   3.8576500e-02
   3.9017800e-02
   3.9003700e-02
   3.9069800e-02
   3.9209900e-02
   3.8234000e-02
   3.7375000e-02
   3.6759800e-02
   3.6529000e-02
   3.6278400e-02
   3.5790500e-02
   3.5689300e-02
   3.5838400e-02
   3.6506900e-02
   3.6860600e-02
   3.7037200e-02
   3.7968200e-02
   3.9112600e-02
   4.0489300e-02
   4.0082100e-02
   3.9589100e-02
   3.9216600e-02
   3.8857900e-02
   3.8484600e-02
   3.8054900e-02
   3.8384500e-02
   3.9075100e-02
   3.9796400e-02
   4.1172400e-02
   4.3062900e-02
   4.5442800e-02
   4.7051900e-02
   4.7683000e-02
   4.7675200e-02
   4.7490200e-02
   4.7114800e-02
   4.6328700e-02
   4.5587000e-02
   4.5537900e-02
   4.6083700e-02
   4.6990800e-02
   4.8201500e-02
   4.9255800e-02
   5.0167800e-02
   5.1600700e-02
   5.3385400e-02
   5.5661200e-02
   5.6946800e-02
   5.7593800e-02
   5.7086600e-02
   5.5364100e-02
   5.3074400e-02
   5.0290300e-02
   4.8333400e-02
   4.6978200e-02
   4.6914200e-02
   4.7244900e-02
   4.8000300e-02
   4.9184400e-02
   4.9975000e-02
   5.0003200e-02
   5.0463100e-02
   5.1229500e-02
   5.2621300e-02
   5.2870200e-02
   5.2507300e-02
   5.1585000e-02
   5.0390100e-02
   4.8979900e-02
   4.7851300e-02
   4.6965600e-02
   4.6388400e-02
   4.5579500e-02
   4.4863400e-02
   4.4410500e-02
   4.4410700e-02
   4.4418300e-02
   4.3886400e-02
   4.2679000e-02
   4.1180500e-02
   4.0699500e-02
   4.0251800e-02
   3.9835200e-02
   3.8447300e-02
   3.7012800e-02
   3.5569600e-02
   3.3928600e-02
   3.1935900e-02
   2.9137400e-02
   2.5221500e-02
   2.1080400e-02
   1.8045600e-02
   1.5817300e-02
   1.4122000e-02
   1.2424800e-02
   1.1440200e-02
   1.1226200e-02
   1.2145500e-02
   1.3158000e-02
   1.4161900e-02
   1.4946100e-02
   1.5738500e-02
   1.6729600e-02
   1.7451400e-02
   1.8061000e-02
   1.8766500e-02
   1.9326900e-02
   1.9772300e-02
   1.9027200e-02
   1.8334900e-02
   1.7710100e-02
   1.7326400e-02
   1.6829000e-02
   1.6020500e-02
   1.5050100e-02
   1.4034700e-02
   1.3047100e-02
   1.1984500e-02
   1.0963900e-02
   1.0912400e-02
   1.1217700e-02
   1.1850600e-02
   1.2472100e-02
   1.3243200e-02
   1.4238000e-02
   1.4649400e-02
   1.4668000e-02
   1.3964100e-02
   1.3092200e-02
   1.2307600e-02
   1.2322900e-02
   1.3262100e-02
   1.4854900e-02
   1.7438800e-02
   1.9779500e-02
   2.1855700e-02
   2.2173700e-02
   2.2696000e-02
   2.3848700e-02
   2.6112500e-02
   2.8656000e-02
   3.1203600e-02
   3.4402300e-02
   3.7831900e-02
   4.0692500e-02
   4.2800700e-02
   4.4317600e-02
   4.5396900e-02
   4.6316900e-02
   4.7034300e-02
   4.6268200e-02
   4.4789800e-02
   4.2228300e-02
   3.9693000e-02
   3.7412100e-02
   3.6122600e-02
   3.6101800e-02
   3.6873800e-02
   3.8578900e-02
   4.0366300e-02
   4.2228000e-02
   4.2955400e-02
   4.2770500e-02
   4.1289900e-02
   3.8937000e-02
   3.6166900e-02
   3.2754800e-02
   2.8473900e-02
   2.3787300e-02
   1.8763300e-02
   1.3372600e-02
   7.7113800e-03
   1.2981200e-03
  -5.1528400e-03
  -1.1639600e-02
  -1.8400400e-02
  -2.5241200e-02
  -3.2182500e-02
  -3.8801400e-02
  -4.5376800e-02
  -5.2048500e-02
  -5.8653700e-02
  -6.5111600e-02
  -7.0764300e-02
  -7.6308000e-02
  -8.1762200e-02
  -8.8170000e-02
  -9.4834900e-02
  -1.0182600e-01
  -1.0814100e-01
  -1.1412800e-01
  -1.1960300e-01
  -1.2459000e-01
  -1.2906300e-01
  -1.3207700e-01
  -1.3471600e-01
  -1.3718300e-01
  -1.4010300e-01
  -1.4294300e-01
  -1.4570800e-01
  -1.4817200e-01
  -1.5023100e-01
  -1.5170300e-01
  -1.5210400e-01
  -1.5195400e-01
  -1.5091400e-01
  -1.4855700e-01
  -1.4522800e-01
  -1.3945700e-01
  -1.3228100e-01
  -1.2409900e-01
  -1.1402200e-01
  -1.0330700e-01
  -9.1903600e-02
  -8.1122300e-02
  -7.1001900e-02
  -6.1973000e-02
  -5.4914400e-02
  -4.8593000e-02
  -4.3073600e-02
  -3.7383400e-02
  -3.1670100e-02
  -2.6335800e-02
  -2.1571400e-02
  -1.7257000e-02
  -1.4265800e-02
  -1.2092900e-02
  -1.0957900e-02
  -1.1618600e-02
  -1.2649700e-02
  -1.3950100e-02
  -1.5007400e-02
  -1.5826600e-02
  -1.6004600e-02
  -1.4849500e-02
  -1.2878200e-02
  -1.0101700e-02
  -7.2576800e-03
  -4.3515800e-03
  -3.2664100e-04
   4.0977500e-03
   9.0475700e-03
   1.3743400e-02
   1.8361500e-02
   2.2892900e-02
   2.7531400e-02
   3.2066700e-02
   3.5866000e-02
   3.9202200e-02
   4.2225100e-02
   4.5162000e-02
   4.8053000e-02
   5.0894300e-02
   5.3617500e-02
   5.6197500e-02
   5.8538100e-02
   5.9985100e-02
   6.0751100e-02
   6.0070100e-02
   5.8416700e-02
   5.6207900e-02
   5.3254600e-02
   4.9619700e-02
   4.5449600e-02
   3.9880900e-02
   3.4305800e-02
   2.8727900e-02
   2.4531800e-02
   2.0977000e-02
   1.8394000e-02
   1.6776400e-02
   1.5640000e-02
   1.5204200e-02
   1.4497700e-02
   1.3511900e-02
   1.1052500e-02
   7.9188600e-03
   4.1653400e-03
   3.5794400e-04
  -3.3850500e-03
  -7.0238400e-03
  -9.8442100e-03
  -1.2003500e-02
  -1.2873900e-02
  -1.2982300e-02
  -1.2778300e-02
  -1.2483200e-02
  -1.3112800e-02
  -1.4433100e-02
  -1.7495700e-02
  -2.0724200e-02
  -2.4129500e-02
  -2.7703100e-02
  -3.0872100e-02
  -3.3293600e-02
  -3.3119100e-02
  -3.1650700e-02
  -2.8128500e-02
  -2.2936800e-02
  -1.6714200e-02
  -8.6548000e-03
  -7.8899200e-04
   6.9243300e-03
   1.3668500e-02
   2.0147900e-02
   2.6285100e-02
   3.1048500e-02
   3.5206000e-02
   3.8482600e-02
   4.1138600e-02
   4.3429800e-02
   4.5055600e-02
   4.6387800e-02
   4.7539600e-02
   4.8511900e-02
   4.9387500e-02
   5.0173100e-02
   4.9971300e-02
   4.9240100e-02
   4.7776200e-02
   4.6104700e-02
   4.4387400e-02
   4.2649000e-02
   4.1142700e-02
   3.9819100e-02
   3.8974600e-02
   3.7618600e-02
   3.5854800e-02
   3.2526400e-02
   2.8609600e-02
   2.4059600e-02
   1.9202200e-02
   1.4789800e-02
   1.1202300e-02
   7.9124700e-03
   4.6475000e-03
   1.2169600e-03
  -1.9467600e-03
  -5.1638000e-03
  -9.6717900e-03
  -1.4684100e-02
  -2.0087700e-02
  -2.3896100e-02
  -2.7087000e-02
  -2.9488800e-02
  -3.0891400e-02
  -3.1812200e-02
  -3.2000100e-02
  -3.1895400e-02
  -3.1397800e-02
  -2.9701300e-02
  -2.6587600e-02
  -2.2548000e-02
  -1.7019100e-02
  -1.1073400e-02
  -4.7471900e-03
   1.0333400e-03
   6.6404700e-03
   1.2032000e-02
   1.7807100e-02
   2.3365800e-02
   2.8199400e-02
   3.1788900e-02
   3.4682700e-02
   3.6459100e-02
   3.7026700e-02
   3.6760600e-02
   3.5838700e-02
   3.5313100e-02
   3.5216500e-02
   3.5898100e-02
   3.6837600e-02
   3.8118200e-02
   3.8922500e-02
   3.9434000e-02
   3.9395300e-02
   3.9128400e-02
   3.8658500e-02
   3.7495900e-02
   3.5980600e-02
   3.4189400e-02
   3.2187400e-02
   2.9962900e-02
   2.7451900e-02
   2.4683900e-02
   2.2032000e-02
   1.9693700e-02
   1.7590400e-02
   1.5725200e-02
   1.4511900e-02
   1.3986700e-02
   1.3768000e-02
   1.2641500e-02
   1.0876100e-02
   8.5222300e-03
   6.9563900e-03
   5.9766000e-03
   5.8235500e-03
   6.1394400e-03
   6.4910800e-03
   6.7070300e-03
   5.7259200e-03
   4.0228500e-03
   9.7534300e-04
  -1.7111200e-03
  -4.0812000e-03
  -4.7179900e-03
  -4.3532200e-03
  -2.9068300e-03
  -1.0842700e-03
   3.2693600e-04
   9.5327100e-04
   4.0960000e-04
  -8.0443900e-04
  -3.2117000e-03
  -5.9127100e-03
  -8.6166000e-03
  -1.0339700e-02
  -1.1274100e-02
  -1.1588500e-02
  -1.0794900e-02
  -9.5858200e-03
  -7.8469300e-03
  -6.5725800e-03
  -5.9544100e-03
  -6.5923100e-03
  -8.2719300e-03
  -1.0336700e-02
  -1.2627300e-02
  -1.3827800e-02
  -1.4228800e-02
  -1.2500900e-02
  -1.0212700e-02
  -7.4052800e-03
  -5.2467600e-03
  -3.9901600e-03
  -4.0404800e-03
  -4.9360700e-03
  -5.8542800e-03
  -6.4192100e-03
  -5.5228900e-03
  -3.6357700e-03
   4.6228100e-04
   4.9881100e-03
   9.7624200e-03
   1.3723700e-02
   1.7017300e-02
   1.9595600e-02
   2.0668700e-02
   2.1298500e-02
   2.1372800e-02
   2.2467700e-02
   2.3925100e-02
   2.5724400e-02
   2.6868200e-02
   2.7689200e-02
   2.8405200e-02
   2.8902900e-02
   2.9229500e-02
   2.8388400e-02
   2.7274200e-02
   2.5810900e-02
   2.4717000e-02
   2.3659300e-02
   2.2574000e-02
   2.1871100e-02
   2.1437400e-02
   2.1594900e-02
   2.1540900e-02
   2.1378900e-02
   2.1337000e-02
   2.1525800e-02
   2.1927300e-02
   2.2495400e-02
   2.3109600e-02
   2.3783700e-02
   2.4333600e-02
   2.4589100e-02
   2.4151100e-02
   2.3075200e-02
   2.1705000e-02
   2.0088300e-02
   1.8316100e-02
   1.6444900e-02
   1.4730800e-02
   1.3406600e-02
   1.2500900e-02
   1.2543600e-02
   1.2435600e-02
   1.1916300e-02
   1.1147900e-02
   1.0497000e-02
   1.0410700e-02
   9.7212100e-03
   8.7364800e-03
   7.6648200e-03
   6.8640400e-03
   6.2734200e-03
   4.8265500e-03
   3.3957500e-03
   1.9828800e-03
   1.2488800e-03
   8.6492600e-04
   1.0256000e-03
   2.2433700e-03
   3.8221900e-03
   5.5132400e-03
   6.3519600e-03
   6.5397800e-03
   4.7380900e-03
   1.9654700e-03
  -1.7052500e-03
  -4.9591300e-03
  -7.5714900e-03
  -9.2508300e-03
  -9.5566300e-03
  -9.2715100e-03
  -8.1411400e-03
  -7.1871300e-03
  -6.5029900e-03
  -6.8666000e-03
  -7.9787800e-03
  -9.5878300e-03
  -1.1149300e-02
  -1.2130100e-02
  -1.2485700e-02
  -1.1723400e-02
  -1.0686100e-02
  -9.3330500e-03
  -8.1723300e-03
  -7.4389000e-03
  -7.8988300e-03
  -9.7784900e-03
  -1.2388400e-02
  -1.5457100e-02
  -1.7893900e-02
  -1.9838100e-02
  -1.9858200e-02
  -1.9305600e-02
  -1.8027500e-02
  -1.6679300e-02
  -1.5660500e-02
  -1.5358400e-02
  -1.6640500e-02
  -1.8763800e-02
  -2.2250000e-02
  -2.6611900e-02
  -3.1537800e-02
  -3.7225700e-02
  -4.2354400e-02
  -4.6975500e-02
  -5.0347200e-02
  -5.3516100e-02
  -5.6457300e-02
  -5.9800600e-02
  -6.3525000e-02
  -6.8031500e-02
  -7.2665800e-02
  -7.7382100e-02
  -8.2241500e-02
  -8.7343700e-02
  -9.2562700e-02
  -9.6571700e-02
  -1.0010000e-01
  -1.0310700e-01
  -1.0525000e-01
  -1.0678800e-01
  -1.0738500e-01
  -1.0820300e-01
  -1.0904100e-01
  -1.0976700e-01
  -1.0984200e-01
  -1.0950600e-01
  -1.0839600e-01
  -1.0579800e-01
  -1.0202500e-01
  -9.5389000e-02
  -8.7934900e-02
  -7.9450500e-02
  -7.0265300e-02
  -6.0950500e-02
  -5.1561100e-02
  -4.2375800e-02
  -3.3790400e-02
  -2.7376500e-02
  -2.2720100e-02
  -1.9198100e-02
  -1.7420900e-02
  -1.6589200e-02
  -1.6627000e-02
  -1.5389500e-02
  -1.3153700e-02
  -9.5093600e-03
  -5.1951400e-03
  -8.3732100e-04
   3.3080100e-03
   6.1544500e-03
   8.2551800e-03
   9.0779800e-03
   9.5831000e-03
   9.8708500e-03
   9.9949400e-03
   1.0248300e-02
   1.0641000e-02
   1.0234000e-02
   9.3509700e-03
   7.7467700e-03
   6.3080300e-03
   4.8432700e-03
   3.1712800e-03
   1.3790000e-03
  -4.2603300e-04
  -1.8982000e-03
  -3.6818600e-03
  -5.7083200e-03
  -8.0557500e-03
  -1.0481700e-02
  -1.3005300e-02
  -1.5742400e-02
  -1.8701500e-02
  -2.2070500e-02
  -2.5728900e-02
  -2.9277500e-02
  -3.2012400e-02
  -3.4027200e-02
  -3.5556100e-02
  -3.6129800e-02
  -3.6111600e-02
  -3.5549700e-02
  -3.3801900e-02
  -3.1737700e-02
  -2.9272900e-02
  -2.7146000e-02
  -2.5064300e-02
  -2.2939800e-02
  -2.0180300e-02
  -1.7026200e-02
  -1.3113400e-02
  -9.2134700e-03
  -5.3767200e-03
  -2.7624000e-03
  -7.8574800e-04
   5.0062200e-04
   1.1655300e-03
   1.7619600e-03
   2.3321100e-03
   3.5606400e-03
   5.3013800e-03
   8.1400000e-03
   1.1684400e-02
   1.5602800e-02
   1.9806600e-02
   2.4044200e-02
   2.8305600e-02
   3.3243700e-02
   3.8057000e-02
   4.2712000e-02
   4.6387000e-02
   4.9733500e-02
   5.2657300e-02
   5.4838600e-02
   5.6777000e-02
   5.8667700e-02
   6.1522100e-02
   6.5026000e-02
   6.9801600e-02
   7.4164100e-02
   7.8143700e-02
   8.0385400e-02
   8.2214200e-02
   8.3532400e-02
   8.4351500e-02
   8.5115500e-02
   8.5978000e-02
   8.7008800e-02
   8.7946200e-02
   8.8046000e-02
   8.7484400e-02
   8.6426200e-02
   8.3981700e-02
   8.1086300e-02
   7.7703500e-02
   7.4451000e-02
   7.0886000e-02
   6.6752800e-02
   6.1949100e-02
   5.6978900e-02
   5.2024000e-02
   4.6701000e-02
   4.1350600e-02
   3.7023900e-02
   3.4204400e-02
   3.2567400e-02
   3.1077600e-02
   2.9025400e-02
   2.6260300e-02
   2.3063800e-02
   1.9509100e-02
   1.5324000e-02
   1.0693300e-02
   6.0838800e-03
   2.1348800e-03
  -1.3912500e-03
  -4.6181000e-03
  -7.1622800e-03
  -9.3086800e-03
  -1.1089300e-02
  -1.3196100e-02
  -1.5494900e-02
  -1.8058900e-02
  -2.0277600e-02
  -2.2179800e-02
  -2.3433100e-02
  -2.3494000e-02
  -2.2728000e-02
  -2.0045600e-02
  -1.6660200e-02
  -1.2809900e-02
  -8.9285600e-03
  -5.1365000e-03
  -1.4409600e-03
   3.0406500e-03
   8.2594700e-03
   1.4657700e-02
   2.1795300e-02
   2.9229800e-02
   3.7000100e-02
   4.4129000e-02
   5.0720700e-02
   5.5626500e-02
   5.9929200e-02
   6.3758600e-02
   6.6833700e-02
   6.9991600e-02
   7.3251700e-02
   7.6396800e-02
   7.9511700e-02
   8.2589900e-02
   8.4957900e-02
   8.6799600e-02
   8.7439300e-02
   8.8371500e-02
   8.9393800e-02
   8.9577600e-02
   8.9220400e-02
   8.8365800e-02
   8.8666100e-02
   8.9314000e-02
   9.0411900e-02
   9.1175400e-02
   9.1762700e-02
   9.2059600e-02
   9.2287300e-02
   9.2543500e-02
   9.3090100e-02
   9.3911000e-02
   9.4922100e-02
   9.6122600e-02
   9.7258900e-02
   9.8324700e-02
   9.8567300e-02
   9.8520300e-02
   9.8085700e-02
   9.8415800e-02
   9.9058400e-02
   1.0009000e-01
   1.0124400e-01
