  -8.6277600e-02
  -6.8221400e-02
  -4.4831500e-02
  -2.1211900e-02
  -3.5864000e-03
   4.1992700e-03
   2.6586000e-03
  -3.1870200e-03
  -7.3228900e-03
  -7.2492300e-03
  -4.7717600e-03
  -4.4287400e-03
  -8.7210300e-03
  -1.3084000e-02
  -9.3961900e-03
   4.6570400e-03
   2.2713400e-02
   3.4971300e-02
   3.4816900e-02
   2.3047600e-02
   5.4402200e-03
  -1.3466800e-02
  -3.2280100e-02
  -5.0085900e-02
  -6.2547300e-02
  -6.2330900e-02
  -4.6376300e-02
  -2.0785700e-02
   3.5405900e-03
   1.8446500e-02
   2.1280900e-02
   1.3662900e-02
  -5.8984000e-04
  -1.6996500e-02
  -3.1554600e-02
  -4.2465000e-02
  -4.9842100e-02
  -5.4097300e-02
  -5.5701900e-02
  -5.4869900e-02
  -5.2429700e-02
  -5.1491300e-02
  -5.3977100e-02
  -5.6230800e-02
  -5.1758200e-02
  -3.6962300e-02
  -1.2952000e-02
   1.6880300e-02
   4.8326500e-02
   7.5253600e-02
   8.9939700e-02
   8.6190400e-02
   6.4059500e-02
   3.1126700e-02
  -2.7035200e-03
  -2.9222100e-02
  -4.2400400e-02
  -4.0648400e-02
  -2.8882600e-02
  -1.6065000e-02
  -8.9930900e-03
  -8.7535600e-03
  -1.1674100e-02
  -1.0598800e-02
   1.2441900e-03
   2.4258200e-02
   5.1464800e-02
   7.1309300e-02
   7.3201500e-02
   5.5915000e-02
   2.8785900e-02
   4.2831900e-03
  -7.3575400e-03
  -3.0484200e-04
   2.2937500e-02
   4.9653500e-02
   6.2962900e-02
   5.2854400e-02
   2.3011500e-02
  -1.3642400e-02
  -4.5422400e-02
  -6.6265900e-02
  -7.2017100e-02
  -5.9901700e-02
  -3.5620100e-02
  -1.3147000e-02
  -5.9286900e-03
  -2.0245000e-02
  -5.1129000e-02
  -8.4560000e-02
  -1.0703200e-01
  -1.1267000e-01
  -1.0243600e-01
  -8.1797100e-02
  -5.9017700e-02
  -4.1076100e-02
  -3.1000400e-02
  -2.9137400e-02
  -3.3064800e-02
  -3.6771100e-02
  -3.3764800e-02
  -2.2198900e-02
  -6.6505100e-03
   5.6821300e-03
   9.4329400e-03
   2.4837200e-03
  -1.3121500e-02
  -2.9380700e-02
  -3.5050500e-02
  -2.4292400e-02
  -8.4657600e-04
   2.7382700e-02
   5.4754000e-02
   7.8744700e-02
   9.6555700e-02
   1.0473800e-01
   1.0314900e-01
   9.6204500e-02
   8.9826800e-02
   8.7724400e-02
   9.0074300e-02
   9.4487900e-02
   9.8048900e-02
   9.9649700e-02
   1.0034500e-01
   1.0189500e-01
   1.0523100e-01
   1.1004400e-01
   1.1556200e-01
   1.2070800e-01
   1.2429700e-01
   1.2514500e-01
   1.2164700e-01
   1.1250300e-01
   9.8166800e-02
   8.0882300e-02
   6.4122800e-02
   5.0942700e-02
   4.1330600e-02
   3.1649900e-02
   1.8466900e-02
   2.5525700e-03
  -1.2548000e-02
  -2.3855600e-02
  -2.9071100e-02
  -2.5391200e-02
  -1.1423700e-02
   1.0725500e-02
   3.4997800e-02
   5.3086200e-02
   5.8293900e-02
   4.7634900e-02
   2.2741000e-02
  -8.0926600e-03
  -3.0831900e-02
  -3.3801800e-02
  -1.7539900e-02
   5.2698500e-03
   2.0356800e-02
   2.0829700e-02
   9.9128800e-03
  -2.4191600e-03
  -6.5052700e-03
   2.0506600e-03
   2.2044100e-02
   4.9977900e-02
   8.2113800e-02
   1.1242800e-01
   1.3333000e-01
   1.4046300e-01
   1.3418300e-01
   1.1792400e-01
   9.6968400e-02
   7.7912600e-02
   6.7505200e-02
   6.9980700e-02
   8.4249500e-02
   1.0492800e-01
   1.2681100e-01
   1.4695600e-01
   1.6295300e-01
   1.7307100e-01
   1.7802100e-01
   1.7996900e-01
   1.8013900e-01
   1.7850700e-01
   1.7537400e-01
   1.7090400e-01
   1.6449200e-01
   1.5472000e-01
   1.4117500e-01
   1.2647200e-01
   1.1390200e-01
   1.0497200e-01
   1.0033700e-01
   1.0168700e-01
   1.1008300e-01
   1.2336600e-01
   1.3822000e-01
   1.5309100e-01
   1.6769700e-01
   1.8175400e-01
   1.9473500e-01
   2.0637200e-01
   2.1700100e-01
   2.2658300e-01
   2.3397700e-01
   2.3808000e-01
   2.3875300e-01
   2.3587300e-01
   2.2870500e-01
   2.1667200e-01
   1.9984300e-01
   1.8012500e-01
   1.6022600e-01
   1.4015800e-01
   1.1779600e-01
   9.0737400e-02
   5.9894500e-02
   3.0701100e-02
   7.1275600e-03
  -1.0450600e-02
  -2.3679500e-02
  -3.5373800e-02
  -4.6767300e-02
  -5.7355700e-02
  -6.7622900e-02
  -7.9029400e-02
  -9.1378000e-02
  -1.0107100e-01
  -1.0331000e-01
  -9.6173600e-02
  -8.1206300e-02
  -6.1534000e-02
  -4.1837300e-02
  -2.6124800e-02
  -1.4536700e-02
  -5.6146000e-03
   7.7010100e-04
   2.8177400e-03
  -9.1818000e-04
  -8.3140300e-03
  -1.5343600e-02
  -1.8754700e-02
  -1.6473600e-02
  -8.6504900e-03
   2.1578600e-03
   1.2378700e-02
   2.0141700e-02
   2.5230100e-02
   2.5902700e-02
   2.0695800e-02
   1.0883000e-02
  -7.5337100e-04
  -1.1739300e-02
  -2.2124900e-02
  -3.3174000e-02
  -4.3934300e-02
  -5.2368400e-02
  -5.8008800e-02
  -6.2167300e-02
  -6.6683600e-02
  -7.1733500e-02
  -7.6441700e-02
  -8.0954400e-02
  -8.5850700e-02
  -9.2410400e-02
  -1.0254000e-01
  -1.1635100e-01
  -1.3298500e-01
  -1.5130400e-01
  -1.6858300e-01
  -1.8290800e-01
  -1.9262500e-01
  -1.9511500e-01
  -1.9101600e-01
  -1.8309200e-01
  -1.7268700e-01
  -1.6313900e-01
  -1.5991300e-01
  -1.6710100e-01
  -1.8529100e-01
  -2.1152400e-01
  -2.4061400e-01
  -2.6502400e-01
  -2.7923900e-01
  -2.8266300e-01
  -2.8039000e-01
  -2.7803500e-01
  -2.7458200e-01
  -2.6875200e-01
  -2.6065600e-01
  -2.5153900e-01
  -2.4337500e-01
  -2.3502500e-01
  -2.2411400e-01
  -2.1031300e-01
  -1.9444700e-01
  -1.7562900e-01
  -1.5499800e-01
  -1.3415300e-01
  -1.1374600e-01
  -9.7018400e-02
  -8.8206500e-02
  -8.7306300e-02
  -8.8159700e-02
  -8.3411900e-02
  -6.9961800e-02
  -5.1678500e-02
  -3.6042700e-02
  -2.8549200e-02
  -3.0176000e-02
  -3.8782200e-02
  -5.0677600e-02
  -6.3578600e-02
  -8.1083800e-02
  -1.0574300e-01
  -1.2927800e-01
  -1.3981600e-01
  -1.3200900e-01
  -1.0077500e-01
  -3.9884700e-02
   4.1978500e-02
   1.1435900e-01
   1.4517200e-01
   1.2843400e-01
   8.8325800e-02
   5.7489300e-02
   4.7903300e-02
   4.3942300e-02
   2.8569900e-02
  -2.5803000e-04
  -3.4762300e-02
  -6.4411600e-02
  -8.7897100e-02
  -1.1115400e-01
  -1.3494300e-01
  -1.5824100e-01
  -1.7930100e-01
  -1.9504300e-01
  -2.0513800e-01
  -2.1069000e-01
  -2.1240000e-01
  -2.1001400e-01
  -2.0476700e-01
  -1.9773300e-01
  -1.9104100e-01
  -1.8685100e-01
  -1.8496200e-01
  -1.8495000e-01
  -1.8507500e-01
  -1.8437800e-01
  -1.8114600e-01
  -1.7433400e-01
  -1.6492200e-01
  -1.5219300e-01
  -1.3628400e-01
  -1.1898100e-01
  -1.0110500e-01
  -8.5048200e-02
  -7.3647000e-02
  -6.7604400e-02
  -6.7128200e-02
  -6.8557700e-02
  -6.8082000e-02
  -6.4710900e-02
  -5.8115500e-02
  -4.9893500e-02
  -4.0487600e-02
  -2.8648100e-02
  -1.3207400e-02
   6.2995700e-03
   3.0809000e-02
   6.4474000e-02
   1.1352900e-01
   1.7753500e-01
   2.3786700e-01
   2.5905900e-01
   2.0788300e-01
   9.0514600e-02
  -2.3079400e-02
  -6.2067100e-02
  -3.6381100e-02
  -7.9217400e-03
  -1.1708400e-02
  -3.3485100e-02
  -4.8963100e-02
  -5.5939000e-02
  -6.3742600e-02
  -7.5647100e-02
  -8.6824700e-02
  -9.2685100e-02
  -9.4550400e-02
  -9.7335700e-02
  -1.0427800e-01
  -1.1403700e-01
  -1.2284500e-01
  -1.2983300e-01
  -1.3730500e-01
  -1.4767200e-01
  -1.6051500e-01
  -1.7156500e-01
  -1.7839800e-01
  -1.8057200e-01
  -1.7544800e-01
  -1.5992200e-01
  -1.3325900e-01
  -9.9552900e-02
  -6.4435900e-02
  -3.0402500e-02
   2.1429200e-04
   2.5228400e-02
   4.6647300e-02
   6.6771500e-02
   8.6033800e-02
   1.0535700e-01
   1.2793000e-01
   1.5571400e-01
   1.8555100e-01
   2.1285900e-01
   2.2685500e-01
   2.1267600e-01
   1.5781700e-01
   6.6586800e-02
  -2.9136300e-02
  -9.3126800e-02
  -1.1387600e-01
  -1.1060300e-01
  -1.0457100e-01
  -9.6177100e-02
  -7.8397600e-02
  -4.7766900e-02
  -5.7729700e-03
   3.9176300e-02
   8.4103600e-02
   1.3166000e-01
   1.7853400e-01
   2.1951000e-01
   2.5315100e-01
   2.7992800e-01
   2.9777500e-01
   3.0660900e-01
   3.1142000e-01
   3.1520700e-01
   3.1987600e-01
   3.2577600e-01
   3.2928200e-01
   3.2598600e-01
   3.1044500e-01
   2.7792900e-01
   2.2753800e-01
   1.6256000e-01
   8.9984300e-02
   1.8318600e-02
  -5.2355200e-02
  -1.2909500e-01
  -2.0355100e-01
  -2.5326000e-01
  -2.5993300e-01
  -2.2569300e-01
  -1.8331900e-01
  -1.6950200e-01
  -1.9063400e-01
  -2.2365400e-01
  -2.3953200e-01
  -2.2893800e-01
  -2.0759000e-01
  -1.9043500e-01
  -1.7993100e-01
  -1.7092900e-01
  -1.5842800e-01
  -1.4629700e-01
  -1.3784200e-01
  -1.3202700e-01
  -1.2636700e-01
  -1.1892600e-01
  -1.1494000e-01
  -1.2120800e-01
  -1.3665300e-01
  -1.5397800e-01
  -1.6412100e-01
  -1.6465400e-01
  -1.5931500e-01
  -1.4861500e-01
  -1.3165500e-01
  -1.0976700e-01
  -8.0812400e-02
  -4.3244800e-02
  -4.5039600e-04
   4.5390000e-02
   8.9890600e-02
   1.2986000e-01
   1.6471600e-01
   1.9392000e-01
   2.1953500e-01
   2.4242900e-01
   2.6302300e-01
   2.8040500e-01
   2.9280900e-01
   3.0031300e-01
   3.0060100e-01
   2.8988700e-01
   2.6841300e-01
   2.3717800e-01
   2.0018400e-01
   1.6381300e-01
   1.2785200e-01
   9.2111900e-02
   5.7481900e-02
   2.4523800e-02
  -3.3987600e-03
  -2.5864800e-02
  -4.5300500e-02
  -6.3217500e-02
  -8.1093100e-02
  -9.9331800e-02
  -1.1474300e-01
  -1.2333100e-01
  -1.2106600e-01
  -1.0578400e-01
  -8.2240300e-02
  -5.6655600e-02
  -3.2034700e-02
  -8.1438300e-03
   1.5490000e-02
   4.0836700e-02
   7.3157000e-02
   1.1081100e-01
   1.4884800e-01
   1.8390300e-01
   2.1096800e-01
   2.2841900e-01
   2.3810500e-01
   2.4214000e-01
   2.4167400e-01
   2.3921200e-01
   2.3575800e-01
   2.2998300e-01
   2.2172600e-01
   2.1196000e-01
   2.0262100e-01
   1.9388600e-01
   1.8655100e-01
   1.8083600e-01
   1.7483200e-01
   1.6596800e-01
   1.5037100e-01
   1.2690800e-01
   9.6944400e-02
   6.2338900e-02
   2.8071000e-02
  -3.6934600e-03
  -3.3417600e-02
  -5.8637800e-02
  -7.9975500e-02
  -1.0138400e-01
  -1.2274200e-01
  -1.3987500e-01
  -1.5005700e-01
  -1.5245700e-01
  -1.4971700e-01
  -1.4831400e-01
  -1.5050600e-01
  -1.5088100e-01
  -1.4147500e-01
  -1.1923600e-01
  -8.6702700e-02
  -5.0132500e-02
  -1.8738300e-02
   5.1429700e-03
   2.6071500e-02
   4.6728600e-02
   6.7279100e-02
   8.4972200e-02
   9.8407400e-02
   1.0876500e-01
   1.1590600e-01
   1.1906400e-01
   1.1743100e-01
   1.1047200e-01
   9.8826500e-02
   8.3894400e-02
   6.6162100e-02
   4.6391100e-02
   2.4626000e-02
   1.1574200e-03
  -2.1592000e-02
  -4.4222600e-02
  -7.0763700e-02
  -1.0389400e-01
  -1.3974200e-01
  -1.6712700e-01
  -1.7697900e-01
  -1.6878600e-01
  -1.4887000e-01
  -1.2924300e-01
  -1.1941200e-01
  -1.1806100e-01
  -1.1942500e-01
  -1.1978900e-01
  -1.1764600e-01
  -1.1620500e-01
  -1.1976400e-01
  -1.2666600e-01
  -1.3376900e-01
  -1.3814100e-01
  -1.3587100e-01
  -1.2663700e-01
  -1.1000500e-01
  -8.6284200e-02
  -5.8187400e-02
  -2.6146100e-02
   1.0032000e-02
   5.0314200e-02
   9.2804300e-02
   1.3612800e-01
   1.7895800e-01
   2.1870800e-01
   2.5525400e-01
   2.8781100e-01
   3.1336700e-01
   3.3133200e-01
   3.4632200e-01
   3.5963400e-01
   3.6736200e-01
   3.6696600e-01
   3.5494800e-01
   3.2904700e-01
   2.8999100e-01
   2.3866100e-01
   1.8174600e-01
   1.2768600e-01
   7.8366700e-02
   3.4476800e-02
  -1.0960600e-03
  -2.2693500e-02
  -2.4297800e-02
  -5.2012600e-03
   2.7195900e-02
   5.8386300e-02
   7.9846500e-02
   9.5826200e-02
   1.1122400e-01
   1.2615600e-01
   1.3885400e-01
   1.4769000e-01
   1.5318000e-01
   1.5677600e-01
   1.5820200e-01
   1.5644200e-01
   1.5218800e-01
   1.4636400e-01
   1.3946400e-01
   1.3225500e-01
   1.2503700e-01
   1.1632200e-01
   1.0482500e-01
   9.0445500e-02
   7.1403600e-02
   4.7837500e-02
   2.1716600e-02
  -5.6647700e-03
  -3.1103300e-02
  -4.9652800e-02
  -5.8304500e-02
  -5.8598400e-02
  -4.8657600e-02
  -2.4074600e-02
   6.1866300e-03
   2.5727600e-02
   2.9549800e-02
   2.2351300e-02
   1.2458600e-02
   7.9953700e-03
   9.0305700e-03
   1.1554900e-02
   1.4071800e-02
   1.6789500e-02
   2.0461700e-02
   2.5023300e-02
   2.9559400e-02
   3.1705400e-02
   2.9510600e-02
   2.3412500e-02
   1.4469300e-02
   3.8994200e-03
  -8.7668800e-03
  -2.2381500e-02
  -3.3437200e-02
  -4.1332200e-02
  -4.6416700e-02
  -4.7685800e-02
  -4.5485000e-02
  -4.2389300e-02
  -4.3452000e-02
  -5.2233200e-02
  -6.6069500e-02
  -8.0478500e-02
  -9.1868300e-02
  -1.0057500e-01
  -1.1017600e-01
  -1.2136600e-01
  -1.3329500e-01
  -1.4477200e-01
  -1.5443600e-01
  -1.6218400e-01
  -1.6811300e-01
  -1.7258000e-01
  -1.7486600e-01
  -1.7502100e-01
  -1.7265100e-01
  -1.6641100e-01
  -1.5701300e-01
  -1.4411400e-01
  -1.2549100e-01
  -1.0128200e-01
  -7.4723200e-02
  -4.8980600e-02
  -2.7330900e-02
  -9.5153400e-03
   5.8601300e-03
   1.8732400e-02
   2.8566100e-02
   3.4055700e-02
   3.5809200e-02
   3.5774000e-02
   3.5142200e-02
   3.1859300e-02
   2.4528800e-02
   1.3725600e-02
  -5.3847100e-04
  -1.8030100e-02
  -3.8036600e-02
  -6.0139000e-02
  -8.4355800e-02
  -1.0872800e-01
  -1.3139700e-01
  -1.5084800e-01
  -1.6556900e-01
  -1.7670600e-01
  -1.8314800e-01
  -1.8145000e-01
  -1.7232500e-01
  -1.5928000e-01
  -1.4498600e-01
  -1.3021600e-01
  -1.1550300e-01
  -1.0461300e-01
  -9.9574400e-02
  -1.0054500e-01
  -1.0734600e-01
  -1.1514800e-01
  -1.2060900e-01
  -1.2053200e-01
  -1.1138600e-01
  -9.6211900e-02
  -7.9566300e-02
  -6.3066600e-02
  -4.7852200e-02
  -3.4781100e-02
  -2.4858200e-02
  -1.9443700e-02
  -1.6846500e-02
  -1.5043900e-02
  -1.4790200e-02
  -1.7189100e-02
  -2.2719000e-02
  -3.1099100e-02
  -4.1683900e-02
  -5.4994500e-02
  -6.9647600e-02
  -8.1681800e-02
  -8.7991600e-02
  -8.7362800e-02
  -8.1479400e-02
  -7.1627200e-02
  -5.8828600e-02
  -4.4639900e-02
  -3.0505300e-02
  -1.8329300e-02
  -7.0862500e-03
   5.4611800e-03
   1.9834200e-02
   3.4914400e-02
   4.9120000e-02
   6.1255600e-02
   7.0244200e-02
   7.7278800e-02
   8.2954300e-02
   8.5920400e-02
   8.6419700e-02
   8.5025900e-02
   8.2338000e-02
   8.0477900e-02
   8.0583800e-02
   8.1034600e-02
   8.1045800e-02
   8.0459600e-02
   7.8224800e-02
   7.4317700e-02
   6.9840300e-02
   6.5976700e-02
   6.2595000e-02
   5.8491500e-02
   5.4154500e-02
   4.9853200e-02
   4.5221900e-02
   3.9882700e-02
   3.1883200e-02
   1.9930300e-02
   3.6958900e-03
  -1.5917300e-02
  -3.7005800e-02
  -5.5915700e-02
  -6.8826200e-02
  -7.5167900e-02
  -7.3659400e-02
  -6.3084900e-02
  -4.7256100e-02
  -3.0760000e-02
  -1.5552600e-02
  -2.5636100e-03
   8.7681700e-03
   2.0044300e-02
   3.2310800e-02
   4.7191000e-02
   6.3806700e-02
   7.8439900e-02
   9.0741400e-02
   1.0070700e-01
   1.0803900e-01
   1.1329600e-01
   1.1460100e-01
   1.1162700e-01
   1.0628600e-01
   9.9435000e-02
   9.1590100e-02
   8.3431000e-02
   7.5373600e-02
   6.7376700e-02
   5.9656000e-02
   5.1617400e-02
   4.2634300e-02
   3.2889900e-02
   2.2442300e-02
   1.1842000e-02
   2.3162500e-03
  -5.4941200e-03
  -1.2906600e-02
  -2.1756400e-02
  -3.2365600e-02
  -4.3806000e-02
  -5.4478500e-02
  -6.2671500e-02
  -6.8879900e-02
  -7.3819300e-02
  -7.6222600e-02
  -7.4789800e-02
  -7.0111600e-02
  -6.3641800e-02
  -5.5973100e-02
  -4.8225400e-02
  -4.0207400e-02
  -3.1180700e-02
  -2.1496700e-02
  -1.0321000e-02
   2.1350000e-03
   1.4257900e-02
   2.5803400e-02
   3.7375700e-02
   4.9111700e-02
   6.0297200e-02
   7.0652100e-02
   7.9408100e-02
   8.4602100e-02
   8.5419100e-02
   8.2212400e-02
   7.4006600e-02
   6.0409900e-02
   4.2831400e-02
   2.3127500e-02
   5.2052200e-03
  -7.7465000e-03
  -1.6534400e-02
  -2.3851400e-02
  -3.1002700e-02
  -3.8355600e-02
  -4.6671000e-02
  -5.7375600e-02
  -6.9889600e-02
  -8.1828700e-02
  -9.2175200e-02
  -1.0013000e-01
  -1.0375500e-01
  -1.0109200e-01
  -9.2139800e-02
  -7.8828900e-02
  -6.3562500e-02
  -4.8572500e-02
  -3.4701700e-02
  -2.0799500e-02
  -5.9747100e-03
   9.3741700e-03
   2.4460400e-02
   3.9090000e-02
   5.2625900e-02
   6.5843400e-02
   7.9841100e-02
   9.2803600e-02
   1.0269800e-01
   1.0831300e-01
   1.0854900e-01
   1.0119700e-01
   8.6960100e-02
   7.0182100e-02
   5.4685800e-02
   4.3994700e-02
   4.0793300e-02
   4.6167300e-02
   5.6359300e-02
   6.6321900e-02
   7.3687400e-02
   7.8575800e-02
   8.2172600e-02
   8.3186300e-02
   8.1719500e-02
   8.0050600e-02
   7.9730700e-02
   8.1419900e-02
   8.4863800e-02
   8.8775800e-02
   9.1599800e-02
   9.1613800e-02
   8.7935400e-02
   8.0944200e-02
   7.2172900e-02
   6.2081600e-02
   4.9263400e-02
   3.3471800e-02
   1.5070800e-02
  -4.3345000e-03
  -2.4832100e-02
  -4.5938400e-02
  -6.4513800e-02
  -8.0035400e-02
  -9.1164200e-02
  -9.5815100e-02
  -9.4001300e-02
  -8.7356100e-02
  -7.9158600e-02
  -7.0823300e-02
  -6.2803800e-02
  -5.6508200e-02
  -5.1068500e-02
  -4.5331200e-02
  -3.9194100e-02
  -3.2162600e-02
  -2.4839700e-02
  -1.7607700e-02
  -1.0825700e-02
  -4.8404200e-03
  -1.0380900e-04
   9.9596800e-04
  -2.0283900e-03
  -7.2387800e-03
  -1.3668100e-02
  -2.1003000e-02
  -2.8586000e-02
  -3.6317900e-02
  -4.3281700e-02
  -4.7264000e-02
  -4.8240800e-02
  -4.7611100e-02
  -4.6875900e-02
  -4.6832000e-02
  -4.6583800e-02
  -4.6098600e-02
  -4.6457200e-02
  -4.7725200e-02
  -4.9283200e-02
  -5.1042200e-02
  -5.3531800e-02
  -5.6995300e-02
  -5.9824000e-02
  -5.9693000e-02
  -5.5094200e-02
  -4.6515300e-02
  -3.5948400e-02
  -2.4232600e-02
  -1.1623200e-02
   8.5282100e-04
   1.1441400e-02
   1.9799700e-02
   2.6304300e-02
   3.0659600e-02
   3.3032100e-02
   3.3195800e-02
   3.1954200e-02
   3.1614900e-02
   3.3003300e-02
   3.4853000e-02
   3.4495200e-02
   3.0589600e-02
   2.4714500e-02
   1.8689600e-02
   1.2353300e-02
   5.0944600e-03
  -2.7310700e-03
  -1.0735700e-02
  -1.9501200e-02
  -3.1248900e-02
  -4.6936800e-02
  -6.4379400e-02
  -8.1614900e-02
  -9.6717300e-02
  -1.0823400e-01
  -1.1541100e-01
  -1.1608400e-01
  -1.1111700e-01
  -1.0438200e-01
  -9.9587300e-02
  -9.8066100e-02
  -9.8254000e-02
  -9.8277900e-02
  -9.7504000e-02
  -9.6433100e-02
  -9.4851900e-02
  -9.2465300e-02
  -8.9709600e-02
  -8.7226700e-02
  -8.6214300e-02
  -8.7342300e-02
  -8.8987400e-02
  -8.9504200e-02
  -8.8382100e-02
  -8.5853100e-02
  -8.1529300e-02
  -7.5068900e-02
  -6.7849900e-02
  -6.1487000e-02
  -5.7099800e-02
  -5.4166600e-02
  -5.1398600e-02
  -4.8472300e-02
  -4.6802700e-02
  -4.7499800e-02
  -4.9788400e-02
  -5.2369500e-02
  -5.4473100e-02
  -5.7001300e-02
  -6.1158600e-02
  -6.6396100e-02
  -7.0953900e-02
  -7.4227300e-02
  -7.7513000e-02
  -8.1473800e-02
  -8.5371500e-02
  -8.8127500e-02
  -8.8866100e-02
  -8.7085700e-02
  -8.2571900e-02
  -7.6462400e-02
  -6.8949800e-02
  -5.8763400e-02
  -4.6552700e-02
  -3.3909900e-02
  -2.1564900e-02
  -8.4253500e-03
   6.4215300e-03
   2.1267300e-02
   3.5300400e-02
   4.9104700e-02
   6.1351100e-02
   7.1010000e-02
   7.7583500e-02
   7.9627400e-02
   7.7054100e-02
   7.2149500e-02
   6.7815800e-02
   6.6830400e-02
   7.1480300e-02
   8.0233800e-02
   8.9780200e-02
   9.8667400e-02
   1.0649400e-01
   1.1287600e-01
   1.1686700e-01
   1.1880400e-01
   1.1980200e-01
   1.2046200e-01
   1.2192600e-01
   1.2363200e-01
   1.2513100e-01
   1.2762200e-01
   1.3064300e-01
   1.3347800e-01
   1.3517400e-01
   1.3380200e-01
   1.2945300e-01
   1.2458700e-01
   1.2059000e-01
   1.1704100e-01
   1.1333900e-01
   1.1067400e-01
   1.1118100e-01
   1.1368400e-01
   1.1557300e-01
   1.1568000e-01
   1.1438900e-01
   1.1296200e-01
   1.1136200e-01
   1.0856100e-01
   1.0460100e-01
   9.9866600e-02
   9.4001400e-02
   8.7280700e-02
   8.0101100e-02
   7.2262600e-02
   6.3404900e-02
   5.3371800e-02
   4.3003900e-02
   3.2816800e-02
   2.2847200e-02
   1.4427400e-02
   8.1263800e-03
   3.7853100e-03
   2.9823800e-03
   7.6654000e-03
   1.6538000e-02
   2.5198700e-02
   2.9350700e-02
   2.7453800e-02
   2.2177400e-02
   1.6718900e-02
   1.3363900e-02
   1.3106700e-02
   1.4106300e-02
   1.4765700e-02
   1.5155400e-02
   1.5315500e-02
   1.5002200e-02
   1.4830400e-02
   1.5670700e-02
   1.7897500e-02
   2.2092400e-02
   2.7154900e-02
   3.0465900e-02
   3.0876400e-02
   2.9133200e-02
   2.6276600e-02
   2.2138700e-02
   1.6688400e-02
   1.0506600e-02
   5.2146800e-03
   2.1544400e-03
   4.7640000e-04
  -2.6980200e-04
  -1.2959400e-03
  -3.9286400e-03
  -7.3746800e-03
  -9.2366700e-03
  -6.9207900e-03
  -2.0475900e-03
   3.0950500e-03
   8.0170900e-03
   1.0768500e-02
   9.8513200e-03
   5.2992100e-03
  -1.4958900e-03
  -8.5254500e-03
  -1.5192900e-02
  -2.1593700e-02
  -2.7201400e-02
  -3.0464400e-02
  -3.0362000e-02
  -2.9610500e-02
  -3.2767000e-02
  -4.2692300e-02
  -5.8967500e-02
  -7.6980100e-02
  -9.0464300e-02
  -9.3813300e-02
  -8.4363600e-02
  -6.6048700e-02
  -4.6817800e-02
  -3.1199700e-02
  -1.8397400e-02
  -5.8176200e-03
   8.2244800e-03
   2.3434400e-02
   3.7747400e-02
   4.9305600e-02
   5.7947200e-02
   6.3815000e-02
   6.5982600e-02
   6.4583900e-02
   6.0630900e-02
   5.4058400e-02
   4.4516500e-02
   3.2202800e-02
   1.8464600e-02
   4.8402500e-03
  -8.1129700e-03
  -2.0313600e-02
  -3.1841400e-02
  -4.3178800e-02
  -5.4339600e-02
  -6.4656200e-02
  -7.2988700e-02
  -7.9568900e-02
  -8.4807300e-02
  -8.7016600e-02
  -8.5334700e-02
  -8.0663600e-02
  -7.5201000e-02
  -7.0173700e-02
  -6.4980100e-02
  -5.8935400e-02
  -5.2838100e-02
  -4.8303600e-02
  -4.5041100e-02
  -4.1978200e-02
  -3.8446600e-02
  -3.4583500e-02
  -3.1020300e-02
  -2.6937300e-02
  -2.2283500e-02
  -1.8306500e-02
  -1.4515300e-02
  -1.0885300e-02
  -7.6361000e-03
  -4.4282300e-03
  -2.2106600e-03
  -1.1801800e-03
  -7.5420700e-04
  -2.0076100e-04
   5.7504700e-06
  -4.8938200e-04
   1.9726400e-04
   2.6054100e-03
   6.0572000e-03
   9.3760500e-03
   1.1552000e-02
   1.2036800e-02
   1.0300400e-02
   6.4218600e-03
   9.8224400e-04
  -5.5836600e-03
  -1.3598800e-02
  -2.2512300e-02
  -3.3137500e-02
  -4.5708100e-02
  -5.7863500e-02
  -6.8140000e-02
  -7.5161500e-02
  -7.7855700e-02
  -7.6845900e-02
  -7.4135800e-02
  -7.1845200e-02
  -7.0711600e-02
  -7.0659500e-02
  -7.1245800e-02
  -7.1999400e-02
  -7.2753500e-02
  -7.2622900e-02
  -7.0774700e-02
  -6.7339800e-02
  -6.1939400e-02
  -5.4916000e-02
  -4.7714200e-02
  -4.0307300e-02
  -3.2416300e-02
  -2.4167900e-02
  -1.6206800e-02
  -9.4723500e-03
  -4.2535900e-03
   3.1923900e-04
   4.7442700e-03
   7.8081700e-03
   8.2921500e-03
   5.2795400e-03
  -1.0815900e-03
  -9.4494900e-03
  -1.8959900e-02
  -2.8720100e-02
  -3.6233200e-02
  -4.0047400e-02
  -4.1297700e-02
  -4.0741300e-02
  -3.8301600e-02
  -3.3897300e-02
  -2.8092900e-02
  -2.1826500e-02
  -1.4806100e-02
  -6.8118700e-03
   8.8176700e-04
   6.9591800e-03
   1.1660200e-02
   1.6083500e-02
   2.0951400e-02
   2.5743300e-02
   3.0003900e-02
   3.4200100e-02
   3.7732900e-02
   4.0648200e-02
   4.2483600e-02
   4.0406900e-02
   3.3077900e-02
   2.1075400e-02
   6.9844900e-03
  -5.3792400e-03
  -1.5753200e-02
  -2.5326200e-02
  -3.3659200e-02
  -4.1470800e-02
  -4.9085300e-02
  -5.5678000e-02
  -6.1080500e-02
  -6.5146400e-02
  -6.6998300e-02
  -6.5729300e-02
  -6.1200600e-02
  -5.4147400e-02
  -4.6088600e-02
  -3.8217200e-02
  -3.2049500e-02
  -2.7436000e-02
  -2.3344800e-02
  -1.9768500e-02
  -1.5680900e-02
  -1.0160600e-02
  -3.1646100e-03
   3.8239700e-03
   9.2256600e-03
   1.2704100e-02
   1.3586500e-02
   1.2453700e-02
   1.1769600e-02
   1.3655900e-02
   1.8431100e-02
   2.4100900e-02
   2.7813400e-02
   2.9502600e-02
   3.1151700e-02
   3.2601100e-02
   3.3194100e-02
   3.3337000e-02
   3.3367300e-02
   3.2959100e-02
   3.0648700e-02
   2.5359000e-02
   1.7820400e-02
   1.0129500e-02
   4.6460700e-03
   2.6210200e-03
   3.8768700e-03
   8.0165800e-03
   1.4311000e-02
   2.2109400e-02
   3.1793800e-02
   4.2077700e-02
   5.1197900e-02
   5.8803200e-02
   6.3606600e-02
   6.6686800e-02
   6.9245600e-02
   6.9710200e-02
   6.8679900e-02
   6.7416700e-02
   6.6194700e-02
   6.5620500e-02
   6.6341300e-02
   6.8460900e-02
   7.3568300e-02
   8.2269900e-02
   9.2368100e-02
   1.0364600e-01
   1.1457300e-01
   1.2251700e-01
   1.2674300e-01
   1.2605600e-01
   1.2054300e-01
   1.1120200e-01
   9.8293900e-02
   8.2468800e-02
   6.5577600e-02
   4.9492100e-02
   3.4788800e-02
   2.1238500e-02
   7.9488200e-03
  -5.4283700e-03
  -1.8993200e-02
  -3.1988800e-02
  -4.2679700e-02
  -5.0457300e-02
  -5.4582600e-02
  -5.5072200e-02
  -5.2597400e-02
  -4.7256500e-02
  -3.9922400e-02
  -3.1230800e-02
  -2.2154100e-02
  -1.4309400e-02
  -6.8972600e-03
   6.0884900e-04
   7.4946800e-03
   1.3533700e-02
   1.8929100e-02
   2.5000500e-02
   3.1379500e-02
   3.7216800e-02
   4.2640900e-02
   4.7911600e-02
   5.3362100e-02
   5.8400600e-02
   6.2115900e-02
   6.4328400e-02
   6.4533800e-02
   6.2073800e-02
   5.7915700e-02
   5.3086400e-02
   4.8283000e-02
   4.5361500e-02
   4.5874300e-02
   4.8954100e-02
   5.2836400e-02
   5.5482500e-02
   5.6336700e-02
   5.5885700e-02
   5.4206900e-02
   5.2254400e-02
   5.0413400e-02
   5.0053500e-02
   5.2705700e-02
   5.7444100e-02
   6.2370200e-02
   6.7384700e-02
   7.2285900e-02
   7.5354800e-02
   7.6238800e-02
   7.5678900e-02
   7.4652600e-02
   7.3122100e-02
   7.0536200e-02
   6.7051100e-02
   6.3008900e-02
   5.9256100e-02
   5.5834900e-02
   5.1134400e-02
   4.5225400e-02
   3.8794000e-02
   2.9973800e-02
   1.8900300e-02
   7.8656700e-03
  -2.1630700e-03
  -1.0783000e-02
  -1.8035700e-02
  -2.4756600e-02
  -3.1569500e-02
  -3.7797400e-02
  -4.3464600e-02
  -4.9328800e-02
  -5.4617000e-02
  -5.8691400e-02
  -6.2136100e-02
  -6.3903500e-02
  -6.2078900e-02
  -5.7090100e-02
  -5.0583300e-02
  -4.3749300e-02
  -3.6222700e-02
  -2.8156700e-02
  -2.0491300e-02
  -1.3102400e-02
  -7.0375200e-03
  -2.0150000e-03
   2.6754000e-03
   5.9687600e-03
   9.2469900e-03
   1.3134600e-02
   1.6365900e-02
   1.8975000e-02
   2.0995800e-02
   2.3047800e-02
   2.6250700e-02
   3.0782700e-02
   3.5070600e-02
   3.7370800e-02
   3.8137400e-02
   3.7846400e-02
   3.5366100e-02
   3.0134900e-02
   2.2400800e-02
   1.2783700e-02
   2.1155200e-03
  -8.9792900e-03
  -1.9337000e-02
  -2.8426100e-02
  -3.6633500e-02
  -4.3716900e-02
  -4.8332000e-02
  -5.0660400e-02
  -5.1315100e-02
  -5.0900400e-02
  -5.2069400e-02
  -5.5160600e-02
  -5.8377100e-02
  -6.1762800e-02
  -6.4686600e-02
  -6.5221300e-02
  -6.2870500e-02
  -5.7814300e-02
  -5.1847700e-02
  -4.6135700e-02
  -4.0630700e-02
  -3.5184000e-02
  -2.8524200e-02
  -2.1704700e-02
  -1.6844100e-02
  -1.4824000e-02
  -1.4922200e-02
  -1.6079500e-02
  -1.8318100e-02
  -2.1128600e-02
  -2.4359400e-02
  -2.7998500e-02
  -3.0220200e-02
  -3.0342600e-02
  -2.9528200e-02
  -2.8907400e-02
  -2.9564800e-02
  -3.1043700e-02
  -3.3340900e-02
  -3.6740300e-02
  -4.0977100e-02
  -4.5878100e-02
  -5.0689200e-02
  -5.3381300e-02
  -5.1526200e-02
  -4.5746300e-02
  -3.7048100e-02
  -2.5877600e-02
  -1.2786200e-02
   9.9668100e-04
   1.2895300e-02
   2.2763200e-02
   3.1678100e-02
   3.9342500e-02
   4.5718000e-02
   4.9948100e-02
   5.0631200e-02
   4.8445500e-02
   4.3594700e-02
   3.6544900e-02
   2.7515200e-02
   1.5818100e-02
   2.7124100e-03
  -9.2921200e-03
  -1.8406300e-02
  -2.4637300e-02
  -2.8989600e-02
  -3.2560200e-02
  -3.6137000e-02
  -3.9730000e-02
  -4.3503800e-02
  -4.7701600e-02
  -5.1137200e-02
  -5.3811700e-02
  -5.6464500e-02
  -5.7528400e-02
  -5.6157600e-02
  -5.3839700e-02
  -5.1387900e-02
  -4.8945800e-02
  -4.6693100e-02
  -4.5003000e-02
  -4.3858800e-02
  -4.2704500e-02
  -4.1648400e-02
  -4.1061900e-02
  -4.1310500e-02
  -4.1637100e-02
  -4.0941900e-02
  -3.9460800e-02
  -3.7367300e-02
  -3.4859200e-02
  -3.1921100e-02
  -2.7918500e-02
  -2.3591900e-02
  -1.9665700e-02
  -1.6613400e-02
  -1.4875400e-02
  -1.3301100e-02
  -1.0544400e-02
  -6.4001600e-03
  -2.1525800e-03
   5.4590000e-04
   1.2393000e-03
  -6.1998400e-04
  -5.5419000e-03
  -1.2772400e-02
  -2.0453900e-02
  -2.6430200e-02
  -2.9870400e-02
  -3.0007000e-02
  -2.7076600e-02
  -2.3475300e-02
  -1.9967200e-02
  -1.6849900e-02
  -1.4678900e-02
  -1.1586100e-02
  -6.3200100e-03
   1.0946100e-03
   9.8386100e-03
   1.7647000e-02
   2.3419400e-02
   2.7383600e-02
   2.9451300e-02
   2.8065900e-02
   2.2903700e-02
   1.7200600e-02
   1.3219000e-02
   1.0174500e-02
   7.6234600e-03
   4.9280500e-03
   1.0156100e-03
  -4.0503400e-03
  -1.0686200e-02
  -1.8551300e-02
  -2.6217400e-02
  -3.2516000e-02
  -3.6670200e-02
  -3.9711300e-02
  -4.2793200e-02
  -4.5628100e-02
  -4.8933400e-02
  -5.3319200e-02
  -5.8224500e-02
  -6.2315000e-02
  -6.3487300e-02
  -6.0723400e-02
  -5.4296400e-02
  -4.6919300e-02
  -4.0841000e-02
  -3.5805500e-02
  -3.1836100e-02
  -2.7775600e-02
  -2.2395100e-02
  -1.5800400e-02
  -7.8753800e-03
   4.2075300e-05
   6.7370200e-03
   1.2184800e-02
   1.6213700e-02
   1.9360300e-02
   2.1580300e-02
   2.3253100e-02
   2.5145200e-02
   2.7427300e-02
   2.9736700e-02
   3.1737500e-02
   3.3507100e-02
   3.4946800e-02
   3.6689400e-02
   3.8789800e-02
   4.1175200e-02
   4.3945000e-02
   4.7136000e-02
   5.1329600e-02
   5.5696600e-02
   5.9243800e-02
   6.1662600e-02
   6.2338900e-02
   6.1322600e-02
   5.8285400e-02
   5.3341700e-02
   4.7313600e-02
   4.0851000e-02
   3.5011300e-02
   3.0242700e-02
   2.6897300e-02
   2.4169800e-02
   2.0999400e-02
   1.8037000e-02
   1.5549200e-02
   1.4180900e-02
   1.4774300e-02
   1.7158000e-02
   2.1120100e-02
   2.6513700e-02
   3.2793300e-02
   3.9743200e-02
   4.6783900e-02
   5.2895000e-02
   5.7855600e-02
   6.0864400e-02
   6.1308400e-02
   5.8736400e-02
   5.4045900e-02
   4.9207400e-02
   4.5061500e-02
   4.1425900e-02
   3.7211900e-02
   3.2912200e-02
   2.9073000e-02
   2.5008300e-02
   2.1041500e-02
   1.8367100e-02
   1.6711400e-02
   1.5474600e-02
   1.5956700e-02
   1.8218600e-02
   2.0322100e-02
   2.1741900e-02
   2.2916200e-02
   2.3995400e-02
   2.4367300e-02
   2.3249800e-02
   2.0684500e-02
   1.7547800e-02
   1.5181400e-02
   1.3669100e-02
   1.2906100e-02
   1.3418700e-02
   1.6003600e-02
   1.9095500e-02
   2.0867200e-02
   2.2297400e-02
   2.2676700e-02
   2.2191700e-02
   2.3293900e-02
   2.6033500e-02
   2.9970000e-02
   3.5412500e-02
   4.1683700e-02
   4.8037500e-02
   5.2604800e-02
   5.3973500e-02
   5.3229900e-02
   5.1515100e-02
   5.0020400e-02
   4.9000900e-02
   4.7595900e-02
   4.4949200e-02
   4.0317000e-02
   3.4421400e-02
   2.8240600e-02
   2.1520600e-02
   1.5041300e-02
   9.9910600e-03
   6.0676700e-03
   3.3165300e-03
   2.3342400e-03
   2.3082900e-03
   2.0504500e-03
   1.5011100e-03
   1.2694600e-03
   1.3752300e-03
   1.4042500e-03
   2.3572900e-03
   4.4072200e-03
   6.0016500e-03
   6.6305900e-03
   5.4331800e-03
   1.2803500e-03
  -3.9042300e-03
  -8.1808700e-03
  -1.2068900e-02
  -1.5478700e-02
  -1.8586000e-02
  -2.2273000e-02
  -2.5535900e-02
  -2.7716500e-02
  -3.0017600e-02
  -3.2585400e-02
  -3.5025700e-02
  -3.7900900e-02
  -4.0858500e-02
  -4.3324900e-02
  -4.5186400e-02
  -4.4601100e-02
  -4.0801400e-02
  -3.5753300e-02
  -3.0610600e-02
  -2.6071600e-02
  -2.2342800e-02
  -1.9148100e-02
  -1.7051200e-02
  -1.5644900e-02
  -1.4353100e-02
  -1.3502400e-02
  -1.2411700e-02
  -9.8954100e-03
  -6.7850900e-03
  -3.9864300e-03
  -1.8925300e-03
  -1.4628500e-03
  -2.3283400e-03
  -4.0631100e-03
  -6.1587500e-03
  -7.8756600e-03
  -9.2299400e-03
  -9.3334700e-03
  -7.5790700e-03
  -5.2788100e-03
  -3.6334900e-03
  -2.5579500e-03
  -1.7013900e-03
  -2.0016000e-03
  -4.0852400e-03
  -6.8754400e-03
  -9.7208700e-03
  -1.2146100e-02
  -1.3750800e-02
  -1.4872700e-02
  -1.4976600e-02
  -1.3120400e-02
  -9.3904100e-03
  -4.1812300e-03
   2.1492100e-03
   9.0471300e-03
   1.5214800e-02
   2.0265400e-02
   2.4775100e-02
   2.8049000e-02
   3.1094800e-02
   3.5690400e-02
   4.0988600e-02
   4.5540800e-02
   4.9195200e-02
   5.2447700e-02
   5.5260200e-02
   5.7115100e-02
   5.7358700e-02
   5.5604900e-02
   5.1063500e-02
   4.3883600e-02
   3.5780100e-02
   2.7853600e-02
   2.0203100e-02
   1.3366600e-02
   8.4570600e-03
   5.4334300e-03
   3.4588800e-03
   2.3857200e-03
   2.2946300e-03
   2.5942400e-03
   3.3927000e-03
   4.3285500e-03
   4.4354600e-03
   3.9036800e-03
   2.9399800e-03
   1.8648000e-03
   1.5190900e-03
   1.9069100e-03
   2.7829200e-03
   4.1655700e-03
   5.4111100e-03
   6.6089400e-03
   8.1164700e-03
   9.3170000e-03
   9.6004100e-03
   9.4473000e-03
   9.4771100e-03
   9.6796700e-03
   9.4409100e-03
   8.2659400e-03
   6.0812500e-03
   3.2553000e-03
  -4.4158200e-05
  -3.7526000e-03
  -6.9349000e-03
  -1.0205500e-02
  -1.3704200e-02
  -1.6898300e-02
  -2.0501700e-02
  -2.4481900e-02
  -2.8497800e-02
  -3.2459300e-02
  -3.5995100e-02
  -3.8488900e-02
  -3.9186200e-02
  -3.7243700e-02
  -3.2708700e-02
  -2.6989800e-02
  -2.1599100e-02
  -1.7446500e-02
  -1.4491200e-02
  -1.2007700e-02
  -9.3448200e-03
  -6.2305700e-03
  -2.1434700e-03
   3.2678900e-03
   9.4934800e-03
   1.6112600e-02
   2.1910800e-02
   2.5826400e-02
   2.7572300e-02
   2.7529800e-02
   2.6813700e-02
   2.4615400e-02
   2.1296300e-02
   1.8576000e-02
   1.5537900e-02
   1.1474900e-02
   6.9063800e-03
   2.0956800e-03
  -2.8802700e-03
  -7.4855100e-03
  -1.2134100e-02
  -1.7505200e-02
  -2.2294400e-02
  -2.6597800e-02
  -3.1846300e-02
  -3.7529200e-02
  -4.2401700e-02
  -4.5710600e-02
  -4.7271500e-02
  -4.7220500e-02
  -4.6174100e-02
  -4.5762500e-02
  -4.6642400e-02
  -4.8750300e-02
  -5.1143300e-02
  -5.2027200e-02
  -5.1712500e-02
  -5.0365200e-02
  -4.7127500e-02
  -4.2868300e-02
  -3.8931800e-02
  -3.6160000e-02
  -3.6215500e-02
  -3.8971400e-02
  -4.2701300e-02
  -4.7185200e-02
  -5.1334300e-02
  -5.4013900e-02
  -5.5445400e-02
  -5.4231900e-02
  -5.0421000e-02
  -4.7002000e-02
  -4.5167900e-02
  -4.5204800e-02
  -4.6772800e-02
  -4.9315000e-02
  -5.3044200e-02
  -5.7172000e-02
  -6.1769400e-02
  -6.5832200e-02
  -6.8320500e-02
  -7.0509300e-02
  -7.1923300e-02
  -7.1395300e-02
  -6.9452500e-02
  -6.6912900e-02
  -6.3556400e-02
  -5.9114100e-02
  -5.3921400e-02
  -4.6973100e-02
  -3.7316000e-02
  -2.5461000e-02
  -1.2717800e-02
  -1.5649200e-03
   8.5638600e-03
   2.0160200e-02
   3.2263200e-02
   4.2443300e-02
   4.9849200e-02
   5.6304900e-02
   6.3112600e-02
   6.8646300e-02
   7.0522700e-02
   6.9035700e-02
   6.5761700e-02
   5.9910000e-02
   5.1548500e-02
   4.1651900e-02
   3.1490300e-02
   2.3230200e-02
   1.6814900e-02
   1.0773200e-02
   4.7370900e-03
  -1.1779800e-03
  -6.8016200e-03
  -1.2518600e-02
  -1.9025400e-02
  -2.5507300e-02
  -3.0997500e-02
  -3.5165300e-02
  -3.7332700e-02
  -3.7362700e-02
  -3.6473900e-02
  -3.5136200e-02
  -3.2103300e-02
  -2.7315900e-02
  -2.2147300e-02
  -1.6811600e-02
  -1.1046900e-02
  -4.4827500e-03
   2.8303900e-03
   9.4031500e-03
   1.5130200e-02
   2.0395000e-02
   2.4778300e-02
   2.8421500e-02
   3.1050600e-02
   3.2660900e-02
   3.3477700e-02
   3.2902600e-02
   3.0926700e-02
   2.7855700e-02
   2.3870600e-02
   1.9962000e-02
   1.6407200e-02
   1.2728900e-02
   9.1040000e-03
   5.8011100e-03
   3.3509500e-03
   1.7131500e-03
   5.3477900e-04
  -8.9039700e-05
  -4.5139500e-04
  -6.5857200e-04
  -1.2907300e-03
  -3.2759900e-03
  -6.7381000e-03
  -1.0964600e-02
  -1.4986300e-02
  -1.7988000e-02
  -1.9163200e-02
  -1.8624800e-02
  -1.7541400e-02
  -1.6815200e-02
  -1.6637700e-02
  -1.6872100e-02
  -1.6232400e-02
  -1.3558300e-02
  -9.3003900e-03
  -4.8997700e-03
  -9.5041700e-04
   3.1541600e-03
   6.1046500e-03
   6.7492900e-03
   6.3652600e-03
   6.0724400e-03
   6.0890800e-03
   6.7112500e-03
   8.0060100e-03
   9.5172600e-03
   1.1281200e-02
   1.3626800e-02
   1.5804100e-02
   1.7304900e-02
   1.7932600e-02
   1.7288300e-02
   1.6207500e-02
   1.5141600e-02
   1.3777300e-02
   1.1215400e-02
   6.8754000e-03
   2.3180400e-03
  -8.6454700e-04
  -2.1195400e-03
  -1.1281800e-03
   1.0339200e-03
   3.1024900e-03
   4.8981100e-03
   6.4024400e-03
   7.8079100e-03
   9.5201900e-03
   1.1430800e-02
   1.2635600e-02
   1.3747400e-02
   1.5372900e-02
   1.7089200e-02
   1.9359500e-02
   2.2319700e-02
   2.5681200e-02
   2.8627700e-02
   3.1285100e-02
   3.4610300e-02
   3.8060600e-02
   4.1163700e-02
   4.3185000e-02
   4.3941400e-02
   4.4041700e-02
   4.2870100e-02
   4.0518200e-02
   3.7566800e-02
   3.4427300e-02
   3.1522800e-02
   2.8437300e-02
   2.4638700e-02
   2.0677100e-02
   1.7341000e-02
   1.3403700e-02
   8.4902200e-03
   4.1180300e-03
   6.8393200e-04
  -2.2543200e-03
  -5.4862500e-03
  -8.6496200e-03
  -1.0783700e-02
  -1.1084100e-02
  -9.5445500e-03
  -7.4092700e-03
  -4.9867200e-03
  -2.9617900e-03
  -1.4091400e-03
   2.5869500e-04
   1.4823100e-03
   1.6535300e-03
   4.7340600e-04
  -1.1239700e-03
  -1.3481100e-03
   4.1229000e-04
   3.3478400e-03
   6.8786600e-03
   1.0842800e-02
   1.5131100e-02
   2.0156600e-02
   2.5892200e-02
   3.1356700e-02
   3.6574500e-02
   4.1736600e-02
   4.6387500e-02
   5.0038600e-02
   5.1743800e-02
   5.1152400e-02
   4.8132800e-02
   4.2444700e-02
   3.3852700e-02
   2.2822500e-02
   1.1274400e-02
   5.7700000e-04
  -8.5440100e-03
  -1.5526100e-02
  -2.0443600e-02
  -2.2972600e-02
  -2.2786100e-02
  -2.0096000e-02
  -1.5701400e-02
  -1.0461400e-02
  -4.8382100e-03
   9.2207000e-04
   7.0986400e-03
   1.2609500e-02
   1.6149200e-02
   1.8168100e-02
   1.9860500e-02
   2.1900600e-02
   2.3300000e-02
   2.3307100e-02
   2.2073200e-02
   2.0654600e-02
   1.9471300e-02
   1.7545500e-02
   1.5135200e-02
   1.2733200e-02
   1.2599600e-02
   1.7614100e-02
   2.4335700e-02
   2.8435000e-02
   3.2357700e-02
   3.7220800e-02
   3.8989300e-02
   3.5669900e-02
   2.9631800e-02
   2.4043000e-02
   1.8692900e-02
   1.2156200e-02
   5.4751700e-03
   4.6370600e-04
  -2.6241800e-03
  -4.7480300e-03
  -6.4792900e-03
  -7.4894400e-03
  -6.9730500e-03
  -5.5354000e-03
  -5.0949500e-03
  -5.7999000e-03
  -6.3383600e-03
  -6.8957400e-03
  -8.8355000e-03
  -1.2083600e-02
  -1.5894000e-02
  -2.0515700e-02
  -2.5123300e-02
  -2.8087500e-02
  -2.9115800e-02
  -2.8396800e-02
  -2.6707700e-02
  -2.4871100e-02
  -2.2933000e-02
  -2.1722800e-02
  -2.2123300e-02
  -2.3635400e-02
  -2.5752400e-02
  -2.7920400e-02
  -2.8946400e-02
  -2.8928500e-02
  -2.8178100e-02
  -2.5870700e-02
  -2.1877700e-02
  -1.6725700e-02
  -1.0671800e-02
  -4.1931900e-03
   2.3319800e-03
   8.0865200e-03
   1.1978000e-02
   1.4117100e-02
   1.4644800e-02
   1.3282900e-02
   1.0152700e-02
   6.2952300e-03
   2.1312800e-03
  -2.4340600e-03
  -7.3731900e-03
  -1.2305000e-02
  -1.6115700e-02
  -1.8703600e-02
  -2.0631200e-02
  -2.2048300e-02
  -2.2809000e-02
  -2.3567000e-02
  -2.4894700e-02
  -2.6310500e-02
  -2.7327800e-02
  -2.8126400e-02
  -2.8341500e-02
  -2.8515600e-02
  -3.0005900e-02
  -3.1536300e-02
  -3.2464500e-02
  -3.3259300e-02
  -3.3147400e-02
  -3.1671000e-02
  -2.9069500e-02
  -2.6010500e-02
  -2.2898600e-02
  -1.9319400e-02
  -1.5482100e-02
  -1.2557300e-02
  -1.0659300e-02
  -9.1825000e-03
  -8.0584000e-03
  -8.1583900e-03
  -9.8957400e-03
  -1.2150700e-02
  -1.4855900e-02
  -1.8669300e-02
  -2.3402500e-02
  -2.8208300e-02
  -3.2820700e-02
  -3.6589500e-02
  -3.8223900e-02
  -3.7609900e-02
  -3.5044700e-02
  -3.1015300e-02
  -2.5947200e-02
  -2.0802200e-02
  -1.6707300e-02
  -1.4089700e-02
  -1.2143000e-02
  -1.0510600e-02
  -1.0306900e-02
  -1.1542300e-02
  -1.3989700e-02
  -1.7267800e-02
  -2.0989800e-02
  -2.5102100e-02
  -2.9023300e-02
  -3.2673300e-02
  -3.5878500e-02
  -3.7974900e-02
  -3.8005200e-02
  -3.6014500e-02
  -3.3354400e-02
  -3.0861200e-02
  -2.8418500e-02
  -2.5753700e-02
  -2.3314300e-02
  -2.1205000e-02
  -1.9557700e-02
  -1.8463500e-02
  -1.8084100e-02
  -1.9185100e-02
  -2.0504200e-02
  -1.9771400e-02
  -1.7172400e-02
  -1.4273300e-02
  -1.1561700e-02
  -8.6610900e-03
  -5.4825400e-03
  -2.7755800e-03
  -9.7069800e-04
  -3.7589400e-04
  -1.3908700e-03
  -2.9789300e-03
  -4.3289400e-03
  -5.3602800e-03
  -5.4606500e-03
  -4.4296100e-03
  -2.6826500e-03
  -1.4480800e-03
  -1.6756600e-03
  -2.9076700e-03
  -4.8382600e-03
  -6.7325200e-03
  -7.1626300e-03
  -5.5852300e-03
  -2.6352700e-03
   7.4001500e-04
   3.8798600e-03
   7.1660500e-03
   1.0647000e-02
   1.3361000e-02
   1.5192000e-02
   1.6138200e-02
   1.6425200e-02
   1.6652500e-02
   1.6728600e-02
   1.6257400e-02
   1.4262800e-02
   1.0290800e-02
   5.5639300e-03
   8.8025200e-04
  -2.2718500e-03
  -3.1946400e-03
  -3.4131100e-03
  -2.8783700e-03
  -1.5153700e-03
  -1.9949600e-05
   1.0107500e-03
   8.3238800e-04
   2.0835400e-04
   2.2909200e-04
   9.6216800e-04
   2.9584900e-03
   6.2517300e-03
   9.9966500e-03
   1.4240600e-02
   1.8400800e-02
   2.1186800e-02
   2.1961300e-02
   2.1245100e-02
   2.0151300e-02
   1.9767100e-02
   2.0639500e-02
   2.1273200e-02
   2.0517300e-02
   1.8039600e-02
   1.3345700e-02
   7.0897100e-03
   1.7028000e-04
  -6.2448100e-03
  -1.2035600e-02
  -1.7733600e-02
  -2.1950400e-02
  -2.4004200e-02
  -2.4689900e-02
  -2.4911500e-02
  -2.5557900e-02
  -2.7364600e-02
  -2.9563100e-02
  -3.1191500e-02
  -3.3300000e-02
  -3.6000400e-02
  -3.8327600e-02
  -4.0000800e-02
  -4.1129700e-02
  -4.2242200e-02
  -4.3193600e-02
  -4.3724300e-02
  -4.3070800e-02
  -3.9865100e-02
  -3.4963500e-02
  -2.9758000e-02
  -2.3902600e-02
  -1.7184500e-02
  -1.1079000e-02
  -6.5963400e-03
  -3.3457500e-03
  -9.1848200e-04
   1.4841100e-03
   4.9429300e-03
   9.9453300e-03
   1.6718000e-02
   2.5111100e-02
   3.4195000e-02
   4.2786900e-02
   4.9408100e-02
   5.3773300e-02
   5.6690500e-02
   5.8327800e-02
   5.8558100e-02
   5.6987600e-02
   5.4603200e-02
   5.2706900e-02
   5.0125600e-02
   4.6052400e-02
   4.1130100e-02
   3.6028700e-02
   3.1604400e-02
   2.8247800e-02
   2.5729300e-02
   2.3974800e-02
   2.3582100e-02
   2.4901300e-02
   2.6824000e-02
   2.8401800e-02
   2.9548800e-02
   3.0613100e-02
   3.2010400e-02
   3.2275800e-02
   3.0004900e-02
   2.6114400e-02
   2.2380100e-02
   1.9341200e-02
   1.6399500e-02
   1.3745700e-02
   1.1618600e-02
   9.6875000e-03
   7.9189900e-03
   6.3707700e-03
   4.7119700e-03
   2.4027100e-03
  -8.5168600e-04
  -4.8836100e-03
  -8.8661700e-03
  -1.1907400e-02
  -1.4029700e-02
  -1.5838800e-02
  -1.7646100e-02
  -1.9451300e-02
  -2.1094300e-02
  -2.2972500e-02
  -2.5016500e-02
  -2.6516800e-02
  -2.7072100e-02
  -2.6113300e-02
  -2.4650700e-02
  -2.3625400e-02
  -2.2415500e-02
  -2.0298100e-02
  -1.7136000e-02
  -1.3559600e-02
  -9.9659500e-03
  -6.5850000e-03
  -3.2524300e-03
   4.4678400e-04
   4.3262300e-03
   8.2064900e-03
   1.1920900e-02
   1.5097900e-02
   1.7529000e-02
   1.9000700e-02
   1.9240200e-02
   1.8735000e-02
   1.8235800e-02
   1.6600300e-02
   1.2767200e-02
   7.5761100e-03
   1.7217600e-03
  -4.1274600e-03
  -9.2609300e-03
  -1.4051900e-02
  -1.9128800e-02
  -2.4086900e-02
  -2.8762400e-02
  -3.3282300e-02
  -3.6726800e-02
  -3.9229000e-02
  -4.1534600e-02
  -4.3877400e-02
  -4.6483600e-02
  -4.8903800e-02
  -4.9846600e-02
  -4.8462500e-02
  -4.5719800e-02
  -4.2952600e-02
  -4.0711500e-02
  -3.8564600e-02
  -3.6088200e-02
  -3.3584700e-02
  -3.1326800e-02
  -2.9534100e-02
  -2.8057000e-02
  -2.6372900e-02
  -2.3913600e-02
  -2.0403200e-02
  -1.6216700e-02
  -1.2052400e-02
  -8.3343800e-03
  -4.7048400e-03
  -1.0517300e-03
   1.7448400e-03
   3.6802100e-03
   5.9594700e-03
   8.6103600e-03
   1.0771100e-02
   1.2477400e-02
   1.3577300e-02
   1.3181000e-02
   1.1379600e-02
   9.0691000e-03
   6.7745900e-03
   4.9198900e-03
   4.0947400e-03
   4.4346100e-03
   5.5204200e-03
   7.1833600e-03
   8.6662100e-03
   9.0062800e-03
   7.9158600e-03
   5.9136400e-03
   3.5028400e-03
   9.0131500e-04
  -1.0773200e-03
  -2.5259300e-03
  -4.0321700e-03
  -5.5929500e-03
  -6.7382300e-03
  -7.3735600e-03
  -8.2212800e-03
  -9.6327500e-03
  -1.1937400e-02
  -1.4985600e-02
  -1.8287300e-02
  -2.1185700e-02
  -2.2380100e-02
  -2.1149400e-02
  -1.7755300e-02
  -1.3073500e-02
  -7.3446600e-03
  -5.2875800e-04
   6.6612800e-03
   1.3350400e-02
   1.8716100e-02
   2.3025200e-02
   2.6884400e-02
   2.9825500e-02
   3.1154900e-02
   3.0218900e-02
   2.7762900e-02
   2.5403100e-02
   2.3325900e-02
   2.1044700e-02
   1.8420700e-02
   1.5720000e-02
   1.3319800e-02
   1.1876600e-02
   1.2348300e-02
   1.4833400e-02
   1.8836500e-02
   2.3142000e-02
   2.6424400e-02
   2.8636500e-02
   3.0185700e-02
   3.0750000e-02
   2.9236800e-02
   2.5544800e-02
   2.0919100e-02
   1.6485300e-02
   1.2732100e-02
   9.5077300e-03
   6.2952400e-03
   3.5228200e-03
   1.9186600e-03
   1.4438500e-03
   2.5252300e-03
   5.6609100e-03
   9.9919100e-03
   1.4658700e-02
   1.9130200e-02
   2.2236500e-02
   2.3868200e-02
   2.5367300e-02
   2.7055000e-02
   2.8682200e-02
   3.0361800e-02
   3.1755800e-02
   3.2641700e-02
   3.2653700e-02
   3.1082800e-02
   2.7746100e-02
   2.3413700e-02
   1.8590800e-02
   1.3375200e-02
   7.4566800e-03
   1.1839100e-03
  -4.0068400e-03
  -7.8869100e-03
  -1.1171700e-02
  -1.4542500e-02
  -1.7130600e-02
  -1.7082400e-02
  -1.4821300e-02
  -1.2214500e-02
  -1.0230800e-02
  -8.7955200e-03
  -7.8808100e-03
  -7.6898900e-03
  -7.7573000e-03
  -7.5064800e-03
  -5.9678600e-03
  -2.6809500e-03
   1.7355700e-03
   7.0591400e-03
   1.3080100e-02
   1.9090200e-02
   2.4413400e-02
   2.9034400e-02
   3.2864700e-02
   3.4869300e-02
   3.4974200e-02
   3.4896000e-02
   3.5731800e-02
   3.7845800e-02
   4.0664800e-02
   4.3061200e-02
   4.4815900e-02
   4.5394800e-02
   4.4415000e-02
   4.1878300e-02
   3.8256300e-02
   3.4203300e-02
   2.9284300e-02
   2.3205000e-02
   1.6191800e-02
   9.3254700e-03
   3.4349300e-03
  -2.2449200e-03
  -7.8564800e-03
  -1.3034800e-02
  -1.7840100e-02
  -2.1942100e-02
  -2.4929900e-02
  -2.7448000e-02
  -3.0658300e-02
  -3.5010300e-02
  -3.9807800e-02
  -4.3779600e-02
  -4.5955400e-02
  -4.5408500e-02
  -4.2105400e-02
  -3.7004700e-02
  -3.0934800e-02
  -2.4796200e-02
  -1.9083200e-02
  -1.3618000e-02
  -7.8508500e-03
  -2.1004700e-03
   2.1464700e-03
   4.5166500e-03
   5.2477300e-03
   5.0018300e-03
   4.2986600e-03
   2.8469000e-03
   1.2093900e-03
   5.1157600e-04
   1.3312500e-03
   2.8626300e-03
   4.5034800e-03
   6.5526200e-03
   7.8617500e-03
   7.0016100e-03
   4.3864800e-03
   1.2374400e-03
  -9.2472300e-04
  -1.3543400e-03
  -7.8816100e-04
   3.6089500e-04
   1.9311000e-03
   3.0182200e-03
   2.1793000e-03
  -1.1240500e-03
  -5.3150000e-03
  -9.4167400e-03
  -1.4056700e-02
  -1.8995200e-02
  -2.2955400e-02
  -2.5268100e-02
  -2.6787800e-02
  -2.7819000e-02
  -2.8153600e-02
  -2.8484100e-02
  -2.9467800e-02
  -3.1871000e-02
  -3.5607400e-02
  -3.9603900e-02
  -4.3208500e-02
  -4.6277600e-02
  -4.8603000e-02
  -5.0127500e-02
  -5.1355400e-02
  -5.2226100e-02
  -5.2629300e-02
  -5.2654800e-02
  -5.2624400e-02
  -5.3371300e-02
  -5.5744000e-02
  -6.0056000e-02
  -6.5169900e-02
  -6.9894300e-02
  -7.3423800e-02
  -7.5628700e-02
  -7.7218600e-02
  -7.7431400e-02
  -7.4769600e-02
  -6.9849300e-02
  -6.4105400e-02
  -5.7685600e-02
  -5.1136000e-02
  -4.5730100e-02
  -4.1442000e-02
  -3.7044000e-02
  -3.1506600e-02
  -2.4657100e-02
  -1.6710700e-02
  -8.3409700e-03
   3.3533700e-05
   8.3744500e-03
   1.6156800e-02
   2.3153500e-02
   2.8300400e-02
   3.0468200e-02
   2.9641000e-02
   2.6076000e-02
   2.1171100e-02
   1.6321200e-02
   1.1926200e-02
   8.1213800e-03
   5.0047400e-03
   2.5993900e-03
   1.2081600e-03
   1.1852100e-03
   2.2095600e-03
   3.4905900e-03
   4.0204300e-03
   3.6355200e-03
   2.9981800e-03
   2.8065300e-03
   3.4144600e-03
   4.5531800e-03
   6.4024500e-03
   9.4596100e-03
   1.3412100e-02
   1.8044500e-02
   2.2543900e-02
   2.5690800e-02
   2.8156900e-02
   3.0777100e-02
   3.3201700e-02
   3.5064400e-02
   3.6487700e-02
   3.8055700e-02
   3.9969000e-02
   4.1918200e-02
   4.3873500e-02
   4.5483400e-02
   4.6033400e-02
   4.5547600e-02
   4.4635100e-02
   4.2448800e-02
   3.8057700e-02
   3.3112500e-02
   2.9015700e-02
   2.5602400e-02
   2.2572900e-02
   2.0358200e-02
   1.9737800e-02
   1.9925900e-02
   1.9749300e-02
   1.9270700e-02
   1.9469600e-02
   2.0844800e-02
   2.2342600e-02
   2.3258400e-02
   2.3955400e-02
   2.4864800e-02
   2.6016000e-02
   2.7091100e-02
   2.8140400e-02
   2.9700500e-02
   3.1804300e-02
   3.3704900e-02
   3.5344300e-02
   3.7429600e-02
   3.9363600e-02
   4.0290200e-02
   3.9776200e-02
   3.7457900e-02
   3.4510900e-02
   3.1849400e-02
   2.9336100e-02
   2.6943400e-02
   2.4748400e-02
   2.2719000e-02
   2.0386200e-02
   1.7552500e-02
   1.4662200e-02
   1.1578800e-02
   7.4326300e-03
   2.4297300e-03
  -2.5457600e-03
  -7.4574900e-03
  -1.3093900e-02
  -1.9553700e-02
  -2.5476100e-02
  -2.9791800e-02
  -3.2240900e-02
  -3.2994900e-02
  -3.1924800e-02
  -2.8629300e-02
  -2.3891800e-02
  -1.9026100e-02
  -1.4595700e-02
  -1.0429100e-02
  -6.4070200e-03
  -2.7990500e-03
   9.6271200e-04
   5.1354700e-03
   8.7067600e-03
   1.1335400e-02
   1.4027200e-02
   1.7934900e-02
   2.2221100e-02
   2.5375100e-02
   2.7419800e-02
   2.8810800e-02
   2.9455900e-02
   2.9340500e-02
   2.8509600e-02
   2.6589800e-02
   2.3728000e-02
   2.1092800e-02
   1.9765100e-02
   1.9562200e-02
   1.9556400e-02
   1.9207000e-02
   1.8071300e-02
   1.5871300e-02
   1.2934100e-02
   9.3154300e-03
   5.3136200e-03
   2.0337400e-03
  -1.5248200e-05
  -8.0148200e-04
  -1.8727900e-04
   1.6110600e-03
   3.9031100e-03
   5.7468800e-03
   6.7924100e-03
   7.5767700e-03
   8.3270600e-03
   8.5473700e-03
   8.3426200e-03
   7.9435300e-03
   6.2939100e-03
   2.4161300e-03
  -3.2228800e-03
  -9.2369400e-03
  -1.3888600e-02
  -1.6469500e-02
  -1.7560500e-02
  -1.8420600e-02
  -1.9830400e-02
  -2.1358300e-02
  -2.3428600e-02
  -2.6596800e-02
  -2.9714300e-02
  -3.0803500e-02
  -2.8807400e-02
  -2.4329900e-02
  -1.8681700e-02
  -1.2993000e-02
  -7.4483700e-03
  -1.6796100e-03
   4.4563400e-03
   1.1542000e-02
   1.9332600e-02
   2.6785800e-02
   3.3926100e-02
   4.0464900e-02
   4.5489300e-02
   4.8215100e-02
   4.8277900e-02
   4.6529400e-02
   4.3651200e-02
   3.9426700e-02
   3.3778500e-02
   2.7478200e-02
   2.1742200e-02
   1.7070500e-02
   1.3104700e-02
   9.2468400e-03
   5.4413400e-03
   1.7137100e-03
  -1.8863400e-03
  -4.9563900e-03
  -7.2377500e-03
  -8.1048900e-03
  -7.0436300e-03
  -4.9566200e-03
  -3.0323500e-03
  -2.4430700e-03
  -3.8348600e-03
  -6.1966800e-03
  -8.3013100e-03
  -9.3761800e-03
  -9.1021600e-03
  -7.3878000e-03
  -4.2146900e-03
   1.0023400e-04
   4.6222000e-03
   8.0102100e-03
   9.7021800e-03
   9.6276400e-03
   8.0621900e-03
   6.0845500e-03
   4.1575000e-03
   2.6834900e-03
   2.9415600e-03
   4.8032900e-03
   7.4872400e-03
   1.0345500e-02
   1.2080200e-02
   1.2104400e-02
   1.0648300e-02
   8.7764600e-03
   7.2513600e-03
   5.8387800e-03
   4.2786500e-03
   2.1247400e-03
  -4.5942400e-04
  -2.8861400e-03
  -4.8897400e-03
  -6.4824500e-03
  -8.4867800e-03
  -1.1653200e-02
  -1.5268000e-02
  -1.7928400e-02
  -1.9152400e-02
  -1.8903700e-02
  -1.7429600e-02
  -1.5053500e-02
  -1.1224400e-02
  -5.9200900e-03
  -3.8850700e-04
   4.4666100e-03
   9.1393500e-03
   1.3620300e-02
   1.6781300e-02
   1.8227600e-02
   1.8091200e-02
   1.6344600e-02
   1.2950400e-02
   8.1861200e-03
   2.9701200e-03
  -1.8267900e-03
  -6.3094100e-03
  -1.1082300e-02
  -1.6007900e-02
  -2.0091500e-02
  -2.2669500e-02
  -2.4254700e-02
  -2.5300300e-02
  -2.5058100e-02
  -2.3047500e-02
  -1.9795200e-02
  -1.6193000e-02
  -1.2677800e-02
  -8.6676800e-03
  -4.1164700e-03
   3.5121300e-04
   4.9118500e-03
   9.9948800e-03
   1.4707000e-02
   1.8536300e-02
   2.2340400e-02
   2.6345300e-02
   3.0179000e-02
   3.2506400e-02
   3.2568700e-02
   3.1084500e-02
   2.8815400e-02
   2.6230900e-02
   2.3140700e-02
   1.9810500e-02
   1.7337400e-02
   1.6119000e-02
   1.5115800e-02
   1.3077300e-02
   9.7744100e-03
   5.7484000e-03
   2.0433900e-03
  -3.1597000e-04
  -1.3717300e-03
  -1.6950900e-03
  -1.4195400e-03
  -4.7582100e-04
   9.0706800e-04
   2.4726200e-03
   4.0751500e-03
   5.5711800e-03
   7.3957200e-03
   9.8464000e-03
   1.2652100e-02
   1.5754400e-02
   1.8826700e-02
   2.0703800e-02
   2.0604300e-02
   1.9460800e-02
   1.8629600e-02
   1.8171000e-02
   1.7325400e-02
   1.5528400e-02
   1.3509600e-02
   1.2136500e-02
   1.1115000e-02
   1.0177900e-02
   9.4442600e-03
   9.5400500e-03
   1.0801800e-02
   1.2632600e-02
   1.4302900e-02
   1.5396500e-02
   1.5600700e-02
   1.4739100e-02
   1.3095600e-02
   1.1254400e-02
   9.3382700e-03
   6.4331100e-03
   2.1174700e-03
  -2.9483400e-03
  -7.9885600e-03
  -1.3035200e-02
  -1.8670100e-02
  -2.4256900e-02
  -2.9019100e-02
  -3.3124500e-02
  -3.6611000e-02
  -3.9345800e-02
  -4.0906000e-02
  -4.0606300e-02
  -3.8715600e-02
  -3.6253900e-02
  -3.3650900e-02
  -3.0496700e-02
  -2.6863200e-02
  -2.3919500e-02
  -2.2087100e-02
  -2.1016700e-02
  -2.0899200e-02
  -2.1969500e-02
  -2.3605200e-02
  -2.5111700e-02
  -2.6760900e-02
  -2.8343300e-02
  -2.9436000e-02
  -3.0443600e-02
  -3.1744400e-02
  -3.3304100e-02
  -3.4369100e-02
  -3.4341200e-02
  -3.3710200e-02
  -3.3748300e-02
  -3.5305800e-02
  -3.7765500e-02
  -4.0129300e-02
  -4.2089700e-02
  -4.4252900e-02
  -4.7018000e-02
  -4.9883400e-02
  -5.2472600e-02
  -5.4556300e-02
  -5.6037000e-02
  -5.7080800e-02
  -5.7888400e-02
  -5.7970800e-02
  -5.6809000e-02
  -5.5056000e-02
  -5.3162500e-02
  -5.1005800e-02
  -4.8556900e-02
  -4.5279200e-02
  -4.0878600e-02
