   9.0616540e-04
   9.0832680e-04
   9.1038990e-04
   9.1182940e-04
   9.1597340e-04
   9.2629040e-04
   9.3603410e-04
   9.3316780e-04
   9.0396380e-04
   8.6258920e-04
   7.8575830e-04
   7.4958240e-04
   6.5772540e-04
   5.5769500e-04
   6.3389340e-04
   7.5396660e-04
   8.8221970e-04
   6.4157560e-04
   4.2417920e-04
   5.7226310e-04
   5.5688700e-04
   1.1670090e-03
   2.4048160e-03
   3.5755650e-03
   4.5936650e-03
   4.2584850e-03
   3.6902220e-03
   4.0801340e-03
   2.0402330e-03
  -1.0093180e-03
  -1.7733800e-03
  -4.7348430e-03
  -9.3217700e-03
  -1.0414420e-02
  -9.8574090e-03
  -7.6114640e-03
  -5.1930600e-03
  -7.2274290e-03
  -7.4574810e-03
  -2.6315780e-03
  -8.7892500e-04
   7.5765570e-03
   8.2491280e-03
  -4.1830660e-03
  -8.2421110e-03
  -3.1485600e-03
  -6.6664710e-03
  -1.3066230e-02
  -6.0184930e-03
   5.3269360e-03
   7.9019290e-03
   1.6884580e-02
   2.3191970e-02
   1.1814690e-02
  -4.0455440e-03
  -8.2756160e-03
  -8.0287170e-03
  -7.4420480e-03
  -8.1330880e-03
  -8.2850900e-03
  -4.1046550e-03
  -2.7722470e-03
  -7.4019110e-03
  -5.4562910e-03
   5.3098920e-04
   3.5441760e-03
   3.2198540e-03
  -6.5456790e-03
  -1.7569660e-02
  -2.0879340e-02
  -1.9085470e-02
  -9.5624920e-03
   2.3151440e-03
   1.2190090e-02
   1.9654890e-02
   2.4715770e-02
   2.5214880e-02
   1.5222060e-02
   3.7918230e-03
   1.2290020e-03
  -3.8104720e-03
  -8.0701430e-03
  -1.0034640e-02
  -1.2207210e-02
  -1.2001460e-02
  -1.5209480e-02
  -3.7164830e-03
   4.2003780e-03
  -8.1024220e-04
  -3.8979480e-03
   7.1442360e-05
   4.4437650e-03
  -1.7895620e-03
  -7.5432810e-03
  -7.0233500e-03
  -6.0154270e-03
  -4.3447240e-03
  -5.5603650e-03
  -1.1193150e-02
  -1.2085860e-02
  -6.3764290e-03
   2.5089830e-03
   1.5593140e-02
   2.0604050e-02
   1.5202860e-02
   1.1774770e-02
   6.0189920e-03
   2.5230360e-03
   4.1054060e-03
   4.0697740e-04
  -4.5302380e-03
  -4.9127390e-03
  -1.6990370e-03
   3.5277340e-03
   1.0374980e-02
   9.2190230e-03
  -2.0636310e-02
  -5.8726610e-02
  -8.9647620e-02
  -9.4830730e-02
  -9.3306820e-02
  -4.8359190e-02
   3.7415750e-03
   3.6529770e-02
   6.6126100e-02
   7.0455870e-02
   4.3621820e-02
   7.2887160e-03
   1.2785890e-03
   4.0538340e-03
   3.0516230e-02
   7.7241880e-02
   9.9840150e-02
   1.0227910e-01
   8.5214540e-02
   3.5019590e-02
  -1.3982000e-02
  -4.7848780e-02
  -7.9505260e-02
  -7.9255240e-02
  -6.1699190e-02
  -3.4634230e-02
  -9.4627960e-03
  -1.5886330e-03
  -5.5070750e-03
  -2.6852800e-02
  -4.7472790e-02
  -5.7165930e-02
  -6.4176180e-02
  -6.2443850e-02
  -4.9922100e-02
  -2.9774890e-02
  -1.4192060e-02
  -5.9153710e-03
  -9.7887420e-03
  -1.9173280e-02
  -1.7760750e-02
   1.9403270e-03
   2.0213010e-02
   3.4317360e-02
   4.1313010e-02
   3.9879990e-02
   3.8728020e-02
   4.2033420e-02
   3.7197850e-02
   2.5869730e-02
   9.2020680e-03
  -6.5471160e-03
  -1.7572850e-02
  -1.5877000e-02
  -5.8778640e-03
  -4.1927320e-03
  -2.4293770e-05
   9.8635250e-03
   2.3099490e-02
   3.1893720e-02
   3.9823470e-02
   3.6628190e-02
   2.2460540e-02
  -2.8873810e-03
  -3.0501800e-02
  -4.3156410e-02
  -4.3015530e-02
  -3.3910220e-02
  -9.8442270e-04
   3.8851260e-02
   6.7879490e-02
   7.4175750e-02
   5.9501470e-02
   3.2964400e-02
   3.7004350e-03
  -1.8049310e-02
  -2.5490410e-02
  -2.3448850e-02
  -7.5124350e-03
   1.6902120e-02
   3.8478860e-02
   5.3924690e-02
   6.3153530e-02
   6.0699830e-02
   5.7890740e-02
   5.4245410e-02
   4.7793110e-02
   3.9228640e-02
   3.4468860e-02
   2.8691980e-02
   1.5021690e-02
  -9.9077410e-03
  -3.8084070e-02
  -5.9174790e-02
  -7.7424540e-02
  -8.5048070e-02
  -7.5878650e-02
  -6.1569500e-02
  -4.4134260e-02
  -2.3094960e-02
  -3.2808400e-03
   1.4120900e-02
   2.5129560e-02
   3.4336270e-02
   3.8522940e-02
   2.9688280e-02
   2.3168130e-02
   2.0356550e-02
   1.9953080e-02
   1.9208330e-02
   1.8415720e-02
   1.9301850e-02
   2.0715000e-02
   1.7335630e-02
   8.7906680e-03
   7.8605190e-04
  -5.1292490e-03
  -5.1498600e-03
   5.1896930e-03
   1.9542100e-02
   2.4728460e-02
   9.6185640e-03
  -1.0786330e-02
  -1.9360650e-02
  -3.5905240e-02
  -5.6171700e-02
  -7.0267310e-02
  -8.8720430e-02
  -9.1010020e-02
  -6.3043380e-02
  -2.8320120e-02
   1.3850060e-02
   2.3930910e-02
   5.2513670e-03
  -2.3921340e-02
  -6.6732690e-02
  -9.5275570e-02
  -1.0019980e-01
  -9.7403640e-02
  -7.5784560e-02
  -4.1103490e-02
  -2.4821190e-02
  -2.0172790e-03
   7.0362260e-03
  -6.5730690e-03
  -2.4986940e-02
  -5.0276650e-02
  -7.5447620e-02
  -8.6056830e-02
  -8.2680990e-02
  -6.3426250e-02
  -4.0112550e-02
  -1.5395490e-02
   1.8004790e-02
   4.0942570e-02
   5.7938950e-02
   6.7668520e-02
   5.7619200e-02
   2.6042620e-02
   1.7641510e-02
   2.7561190e-02
   4.9417100e-02
   7.9350020e-02
   9.3393750e-02
   1.0316590e-01
   1.0216620e-01
   7.3892150e-02
   3.8971000e-02
   1.9625970e-02
  -1.1236330e-03
  -1.9359500e-02
  -1.5544510e-02
   1.2425790e-02
   5.7767450e-02
   8.5443630e-02
   9.0708760e-02
   8.9492590e-02
   7.8233100e-02
   6.5403910e-02
   6.6485090e-02
   7.7730500e-02
   8.9663460e-02
   9.6238750e-02
   9.4352900e-02
   8.6967270e-02
   7.5142960e-02
   6.1978530e-02
   4.8922940e-02
   4.2087100e-02
   3.7012790e-02
   3.0945380e-02
   2.6828330e-02
   1.7277380e-02
  -5.6623850e-03
  -2.9047070e-02
  -5.4256210e-02
  -8.6885230e-02
  -1.0282820e-01
  -1.0263030e-01
  -9.6087320e-02
  -8.2260950e-02
  -6.3797780e-02
  -5.0684390e-02
  -4.4183200e-02
  -3.6163060e-02
  -2.6915490e-02
  -1.4944240e-02
  -1.0506460e-02
  -1.6769720e-02
  -2.4736990e-02
  -2.3381560e-02
  -4.9011770e-03
   1.6254230e-02
   4.0731160e-02
   6.8829620e-02
   8.7202090e-02
   9.3090570e-02
   8.7284640e-02
   6.8217570e-02
   3.5186300e-02
   5.1821900e-03
   7.3658000e-04
   6.8476120e-06
   1.4996380e-02
   2.2912720e-02
   2.2799110e-02
   1.7659950e-02
   7.9953730e-03
  -6.9253180e-03
  -2.7581700e-02
  -3.5171430e-02
  -2.2424690e-02
   6.7926030e-03
   3.0244450e-02
   4.8172150e-02
   6.2668130e-02
   6.9881090e-02
   6.4461650e-02
   3.5640900e-02
   1.5405760e-03
  -2.2006270e-02
  -4.2167480e-02
  -5.7078430e-02
  -6.6990240e-02
  -7.2471380e-02
  -7.0539690e-02
  -6.8359190e-02
  -6.7464040e-02
  -6.7997110e-02
  -7.1485780e-02
  -6.8984030e-02
  -6.8123390e-02
  -7.3921400e-02
  -7.6227020e-02
  -7.1168210e-02
  -5.0074490e-02
  -2.7919640e-02
  -1.9247650e-02
  -8.4976040e-03
  -6.6277390e-03
  -1.1093930e-02
  -2.5277570e-02
  -4.4033720e-02
  -5.7373830e-02
  -7.0189610e-02
  -7.1981050e-02
  -6.6751410e-02
  -6.1258780e-02
  -5.8018520e-02
  -5.5351100e-02
  -4.9952060e-02
  -4.2064010e-02
  -3.4294420e-02
  -3.0851200e-02
  -3.4461550e-02
  -4.7373520e-02
  -5.4907160e-02
  -4.9386690e-02
  -3.6096970e-02
  -2.0575480e-02
  -1.1194140e-02
   1.5005510e-03
   1.3757740e-02
   1.9814660e-02
   2.0752090e-02
   7.6414320e-03
  -1.5190840e-02
  -3.5381700e-02
  -5.3108240e-02
  -6.2427990e-02
  -6.2833150e-02
  -5.7555870e-02
  -4.0732840e-02
  -2.0014170e-02
  -1.4720980e-02
  -1.1308680e-02
  -1.0088830e-02
  -7.5611630e-03
   2.4607360e-03
   1.8983210e-02
   2.9898220e-02
   3.8919340e-02
   3.9261000e-02
   3.7047970e-02
   3.5259610e-02
   3.2843920e-02
   3.3056140e-02
   3.3165000e-02
   3.3937460e-02
   3.6172530e-02
   3.9256100e-02
   3.9622850e-02
   3.7565470e-02
   3.4167340e-02
   3.6502090e-02
   4.3863280e-02
   4.7019680e-02
   4.8205620e-02
   4.8136210e-02
   4.7128120e-02
   4.2152030e-02
   3.4625830e-02
   2.6723330e-02
   1.7039040e-02
   7.2666250e-03
   7.7476700e-04
   2.8531590e-03
   1.9448300e-02
   4.1116320e-02
   5.5582980e-02
   6.2731420e-02
   6.9419910e-02
   7.3767670e-02
   6.7741240e-02
   5.1210400e-02
   3.6634030e-02
   3.4682440e-02
   3.9424800e-02
   4.8280710e-02
   5.1630470e-02
   5.1566600e-02
   4.6717300e-02
   3.7412980e-02
   2.9497400e-02
   2.3993110e-02
   1.7684680e-02
   1.5715780e-02
   1.7752700e-02
   1.3882250e-02
   8.0063480e-03
   5.0229950e-03
  -1.0761540e-03
  -1.3267090e-02
  -2.1440100e-02
  -2.0905960e-02
  -9.8359390e-03
   4.5286290e-03
   1.7973570e-02
   3.3871720e-02
   4.3364930e-02
   4.1688360e-02
   3.4718780e-02
   2.7590570e-02
   2.6723140e-02
   3.8099450e-02
   5.0297570e-02
   5.5914990e-02
   5.1159020e-02
   3.3143280e-02
   1.4805210e-03
  -2.5615820e-02
  -4.7110190e-02
  -5.8262840e-02
  -5.7062020e-02
  -4.2134760e-02
  -2.3234960e-02
  -4.3840860e-03
   1.5210580e-02
   2.4578500e-02
   3.4458230e-02
   4.9517160e-02
   6.0845930e-02
   6.4353930e-02
   6.1311830e-02
   5.0842110e-02
   3.9872430e-02
   2.0071480e-02
   8.7825990e-03
   8.7579540e-03
   1.1424690e-02
   1.2608100e-02
   1.4894360e-02
   1.2064650e-02
   3.1985170e-03
  -7.4415890e-03
  -1.5901940e-02
  -2.3121290e-02
  -2.9288130e-02
  -3.5342030e-02
  -4.1227710e-02
  -4.7183550e-02
  -5.8106480e-02
  -7.0378800e-02
  -6.6336050e-02
  -5.2691280e-02
  -3.5012180e-02
  -1.8200320e-02
  -9.4480480e-03
  -9.4917400e-03
  -1.5009460e-02
  -2.2060630e-02
  -3.1076280e-02
  -4.0587900e-02
  -4.5929980e-02
  -4.6876540e-02
  -4.2696040e-02
  -4.0850710e-02
  -3.4883210e-02
  -2.2815080e-02
  -1.4858390e-02
  -1.1375780e-02
  -1.4564400e-02
  -2.2293960e-02
  -2.1740300e-02
  -1.4611320e-02
  -1.1405980e-02
  -1.9398160e-02
  -3.4444160e-02
  -5.0366660e-02
  -6.2010850e-02
  -7.5139460e-02
  -9.0508250e-02
  -1.0437220e-01
  -1.1205410e-01
  -1.1199760e-01
  -1.0576340e-01
  -9.9963340e-02
  -9.3053870e-02
  -8.3219760e-02
  -7.2385010e-02
  -6.2200160e-02
  -4.9704630e-02
  -3.4645490e-02
  -1.8142760e-02
   2.0870950e-03
   1.7306020e-02
   2.1088560e-02
   1.5921780e-02
   1.7417210e-04
  -1.6319210e-02
  -3.1035660e-02
  -4.3872770e-02
  -5.1501360e-02
  -5.1076790e-02
  -4.6023260e-02
  -4.3486210e-02
  -4.0769690e-02
  -3.2672520e-02
  -1.7767670e-02
  -2.3350470e-03
   1.3395220e-02
   3.0318910e-02
   4.7863960e-02
   6.3343310e-02
   7.8319830e-02
   8.5652850e-02
   8.1400240e-02
   7.3764760e-02
   6.2972060e-02
   4.7777470e-02
   3.3957300e-02
   2.3327610e-02
   1.0599340e-02
   1.0676270e-03
  -2.3559800e-03
   4.9474100e-03
   2.3325240e-02
   2.4075760e-02
   2.3526500e-02
   2.3140590e-02
   1.1225600e-02
  -1.9255500e-02
  -5.1686040e-02
  -7.5613300e-02
  -9.5380980e-02
  -9.4736620e-02
  -7.6062910e-02
  -4.0482900e-02
   6.2328410e-03
   4.0143320e-02
   6.1856040e-02
   6.7628240e-02
   5.8664800e-02
   4.7162660e-02
   4.0541940e-02
   3.5087300e-02
   2.8338480e-02
   2.5578930e-02
   3.1673810e-02
   3.9098860e-02
   4.4240950e-02
   5.0150230e-02
   5.6510590e-02
   5.6131340e-02
   5.0402620e-02
   4.3767350e-02
   2.8558210e-02
   1.4850630e-02
   1.2154400e-02
   6.0295430e-03
   3.2838830e-03
   1.2856770e-02
   3.4163210e-02
   5.1350070e-02
   6.0724530e-02
   7.1375690e-02
   8.0860190e-02
   8.5931230e-02
   8.1752910e-02
   6.6617100e-02
   4.7083500e-02
   3.2144840e-02
   2.1251310e-02
   2.0330830e-02
   3.0927540e-02
   4.5365540e-02
   6.2736700e-02
   7.5109330e-02
   8.4592560e-02
   9.0279490e-02
   8.8625070e-02
   7.7319030e-02
   4.7156820e-02
   9.8825710e-03
  -2.1825430e-02
  -4.3972730e-02
  -7.0171510e-02
  -8.7039750e-02
  -8.3121570e-02
  -6.4072450e-02
  -2.4369560e-02
  -3.2402640e-03
  -3.6946260e-03
  -9.1743880e-03
  -2.9364450e-02
  -5.1741170e-02
  -6.0619770e-02
  -6.6297260e-02
  -6.0174460e-02
  -4.3690680e-02
  -3.0876610e-02
  -1.3739360e-02
  -2.6725400e-03
  -8.6140550e-05
   2.0323050e-03
   2.0762370e-03
   8.5220650e-03
   2.0790130e-02
   3.5654540e-02
   4.0025690e-02
   4.2362980e-02
   3.8770520e-02
   2.3870380e-02
   1.9744540e-03
  -6.7919440e-03
  -1.1403590e-02
  -1.5542810e-02
  -1.2473710e-02
   2.4104650e-03
   2.1610980e-02
   3.1099120e-02
   2.4074880e-02
   7.2077580e-03
  -8.2906020e-04
  -2.9200880e-03
  -7.5018510e-03
  -7.8001600e-03
  -9.0171110e-04
   3.5970730e-03
  -1.3160060e-03
  -1.5890600e-02
  -2.7217590e-02
  -3.0056680e-02
  -3.0555660e-02
  -3.0157070e-02
  -2.8458340e-02
  -2.9300730e-02
  -3.2382710e-02
  -3.2404880e-02
  -2.7858780e-02
  -2.0757360e-02
  -1.1094570e-02
  -5.2118230e-03
  -3.6673600e-03
  -9.5864140e-03
  -1.4588990e-02
  -1.9239190e-02
  -2.2531110e-02
  -1.5640940e-02
  -2.3610570e-03
   1.0626820e-02
   2.1549830e-02
   2.8262520e-02
   2.8784060e-02
   2.7056270e-02
   2.2164780e-02
   1.5531120e-02
   9.1709810e-03
   1.6322840e-03
  -3.0691900e-03
  -4.6026700e-03
  -1.3634570e-02
  -2.3691280e-02
  -2.9360610e-02
  -3.1837190e-02
  -3.5187780e-02
  -4.0230950e-02
  -4.1875840e-02
  -3.9285970e-02
  -3.4306680e-02
  -2.9980440e-02
  -2.6596680e-02
  -2.4245720e-02
  -2.0162590e-02
  -1.6428400e-02
  -9.4450530e-03
  -8.2592500e-04
   5.5378370e-03
   1.2264160e-02
   1.3202300e-02
   1.2610740e-02
   1.2819800e-02
   1.1762870e-02
   1.0719780e-02
   1.0962500e-02
   1.3674610e-02
   1.5661710e-02
   1.7409900e-02
   1.7561880e-02
   1.1940800e-02
  -7.7553910e-04
  -7.9726180e-03
  -1.3466110e-02
  -2.3538590e-02
  -2.3863410e-02
  -1.3610950e-02
  -6.4888050e-03
  -3.2015990e-03
  -4.1993640e-03
  -1.2185260e-02
  -3.0555470e-02
  -4.8578890e-02
  -5.8963060e-02
  -6.6509430e-02
  -6.4434300e-02
  -5.4538460e-02
  -3.8843240e-02
  -2.1046360e-02
   8.0757700e-04
   1.7138750e-02
   3.1956830e-02
   4.0878720e-02
   4.4257200e-02
   4.3164040e-02
   3.9722270e-02
   3.5755480e-02
   3.0122850e-02
   2.1257380e-02
   1.3944810e-02
   1.1891510e-02
   1.3286260e-02
   9.8747660e-03
   6.9517210e-03
  -1.3964130e-03
  -1.9019280e-02
  -4.3065310e-02
  -6.1571430e-02
  -7.4117370e-02
  -7.2315880e-02
  -5.9198400e-02
  -3.6535420e-02
  -7.3661320e-03
   1.7461860e-02
   3.0734190e-02
   4.0100270e-02
   4.0688600e-02
   3.2277300e-02
   2.2356710e-02
   1.6692800e-02
   1.3709630e-02
   1.3780360e-02
   1.8700820e-02
   3.0933780e-02
   4.0986680e-02
   5.1151760e-02
   5.7146730e-02
   5.5241410e-02
   5.1879560e-02
   4.7727620e-02
   4.4047580e-02
   4.1830910e-02
   2.5872000e-02
   1.1293860e-02
   3.5211050e-03
  -1.7845710e-03
  -5.4679470e-03
  -8.7229830e-03
  -1.9446310e-02
  -2.7331380e-02
  -2.5720650e-02
  -2.7285360e-02
  -2.8774170e-02
  -2.2163070e-02
  -8.9155920e-03
   7.2796430e-03
   2.2454180e-02
   3.5032340e-02
   3.9999360e-02
   3.6778190e-02
   3.2980000e-02
   2.9249660e-02
   2.3398490e-02
   1.4797240e-02
   9.7034690e-03
   9.3363450e-03
   8.0552010e-03
   7.4843210e-03
   2.6745700e-03
  -5.4825700e-03
  -9.0767580e-03
  -6.1925090e-03
  -4.1756390e-03
  -3.0498530e-03
  -1.0241090e-03
  -1.4109790e-03
  -3.0117380e-03
  -7.3119450e-03
  -1.0019430e-02
   6.7303280e-04
   5.4206020e-03
   3.6437730e-03
   3.0614630e-04
  -3.6590440e-03
  -8.0302700e-03
  -1.2037350e-02
  -1.4440280e-02
  -1.7843450e-02
  -2.4222650e-02
  -2.9809760e-02
  -3.5483520e-02
  -4.0895640e-02
  -4.0101540e-02
  -3.6119110e-02
  -2.7269060e-02
  -1.1817830e-02
   3.1747490e-04
   8.1400160e-03
   1.3175180e-02
   1.3261230e-02
   4.1215070e-03
   2.6798510e-04
  -5.8696550e-03
   2.7700980e-03
   2.2573750e-02
   3.7234100e-02
   4.6262520e-02
   4.8258510e-02
   4.2686700e-02
   2.6110890e-02
   1.0211560e-02
   6.5926480e-03
   7.5023990e-03
   1.2722260e-02
   2.4754600e-02
   3.4760150e-02
   3.5054850e-02
   1.9118520e-02
  -1.0279150e-02
  -3.4378890e-02
  -4.9396840e-02
  -5.7451260e-02
  -4.7992100e-02
  -1.5650120e-02
   1.4575560e-03
   1.1398950e-03
  -2.2720190e-03
  -2.4094630e-02
  -4.0591410e-02
  -5.1657560e-02
  -5.6981900e-02
  -4.7465100e-02
  -3.7884590e-02
  -2.3922110e-02
  -1.0355540e-02
  -2.0282740e-03
   4.3148980e-03
   5.2412490e-03
   5.0451830e-03
   7.4712480e-03
   1.0994230e-02
   1.2631750e-02
   1.4469830e-02
   1.4604320e-02
   1.3321750e-02
   1.2404860e-02
   1.3272980e-02
   1.2856360e-02
   8.9820300e-03
   6.7949160e-04
  -7.8331420e-03
  -2.2418360e-02
  -3.8433350e-02
  -4.5757850e-02
  -4.9058390e-02
  -4.8515070e-02
  -3.8347940e-02
  -2.1828840e-02
  -9.7457050e-03
   4.9453400e-03
   2.1500250e-02
   2.9570720e-02
   3.5154990e-02
   3.4878580e-02
   2.9504410e-02
   2.6480460e-02
   2.2134510e-02
   2.1246110e-02
   3.2342180e-02
   4.2307210e-02
   5.0950920e-02
   6.0655600e-02
   6.8074170e-02
   7.0736050e-02
   6.0839710e-02
   3.7574820e-02
   1.4085460e-02
  -5.8670490e-03
  -2.1955610e-02
  -2.1591490e-02
  -4.3942350e-03
   9.5587260e-03
   3.0133250e-02
   4.0920340e-02
   3.9876360e-02
   3.6785310e-02
   3.1704860e-02
   3.0157460e-02
   2.4526420e-02
   1.9322070e-02
   9.8207030e-03
  -3.5386020e-03
  -1.1452370e-02
  -1.8693010e-02
  -3.0133560e-02
  -3.7265620e-02
  -4.1989230e-02
  -4.4325110e-02
  -3.9043740e-02
  -3.4822310e-02
  -3.4126430e-02
  -3.6278700e-02
  -3.8706380e-02
  -4.1045280e-02
  -4.3583110e-02
  -4.6142040e-02
  -4.7928120e-02
  -4.9306130e-02
  -4.9440540e-02
  -4.5296480e-02
  -4.2754990e-02
  -4.4898130e-02
  -4.8381760e-02
  -4.9850840e-02
  -5.1339090e-02
  -4.7068220e-02
  -3.6350790e-02
  -2.7181500e-02
  -1.7246830e-02
  -7.1123810e-03
   2.5561950e-03
   1.2420060e-02
   1.5347580e-02
   1.1111490e-02
  -5.3690710e-03
  -1.3868890e-02
  -2.3364350e-02
  -3.4883960e-02
  -4.1148920e-02
  -4.0852230e-02
  -3.1933560e-02
  -2.6098180e-02
  -1.9599470e-02
  -9.1024070e-03
   2.4297000e-03
   1.3787660e-02
   2.1995340e-02
   2.4203050e-02
   2.2827820e-02
   1.7011080e-02
   1.0644450e-02
   1.1392680e-02
   1.6906540e-02
   1.6226970e-02
   1.5943410e-02
   1.4236160e-02
   1.9533000e-02
   2.6329490e-02
   2.8718290e-02
   2.8598340e-02
   2.6069280e-02
   2.4817720e-02
   3.2588550e-02
   3.8100800e-02
   4.4520700e-02
   4.8498220e-02
   5.1138570e-02
   5.5784980e-02
   5.2689200e-02
   4.4472510e-02
   4.2064550e-02
   3.8741660e-02
   3.7263120e-02
   3.9940890e-02
   4.1496100e-02
   4.2534050e-02
   3.9600340e-02
   2.8830350e-02
   1.8976810e-02
   1.2477890e-02
   1.2383120e-02
   2.3172210e-02
   3.8648770e-02
   5.0776510e-02
   5.6115860e-02
   5.7591760e-02
   4.7510010e-02
   3.0471760e-02
   1.6636430e-02
   6.8164060e-03
  -1.6641560e-03
  -8.5293200e-03
  -9.3252240e-03
  -6.2322900e-03
  -1.7355990e-03
  -1.3224030e-03
  -5.6807140e-03
  -1.1882090e-02
  -1.8232990e-02
  -2.6004030e-02
  -2.7312290e-02
  -2.5790960e-02
  -1.7652670e-02
  -5.3060870e-03
   5.3996900e-03
   7.0861980e-03
   7.7505180e-03
   5.6461470e-03
   2.7213810e-03
   2.3527640e-03
   1.4293210e-03
   1.2358510e-03
  -5.9611930e-03
  -1.7887910e-02
  -2.7697350e-02
  -3.5585530e-02
  -3.6264990e-02
  -3.2805650e-02
  -2.9316130e-02
  -2.3673940e-02
  -1.6289810e-02
  -1.1713510e-02
  -1.0996090e-02
  -1.2932450e-02
  -1.6201610e-02
  -2.0294280e-02
  -2.8424460e-02
  -3.9878430e-02
  -4.6606530e-02
  -5.4856800e-02
  -6.4300620e-02
  -6.9917160e-02
  -6.9478740e-02
  -6.3356760e-02
  -5.6145450e-02
  -4.9857060e-02
  -4.4239430e-02
  -4.1827120e-02
  -4.2615620e-02
  -4.5193600e-02
  -4.6932620e-02
  -4.5247390e-02
  -4.0427640e-02
  -3.3479890e-02
  -2.4913430e-02
  -1.3167560e-02
  -1.7054990e-03
   9.2793190e-03
   1.6831430e-02
   1.8844180e-02
   1.3369850e-02
   5.4879060e-03
   6.8595930e-03
   1.4935330e-02
   2.7150400e-02
   3.3855600e-02
   3.6031710e-02
   3.5694990e-02
   3.2541450e-02
   2.7317270e-02
   2.2981820e-02
   2.0208800e-02
   2.0372140e-02
   2.2456340e-02
   2.5401580e-02
   2.7408710e-02
   2.7084650e-02
   2.3188650e-02
   1.7706230e-02
   1.1247310e-02
   5.2783880e-03
   4.2091850e-04
  -4.6949120e-03
  -9.6514810e-03
  -1.4190580e-02
  -1.4615500e-02
  -5.7489130e-03
   2.8573830e-03
   7.4954680e-03
   7.2388380e-03
   7.0352080e-03
   8.1979040e-03
   1.1770220e-02
   1.6331240e-02
   1.6775750e-02
   1.0508510e-02
   1.7440900e-03
  -6.1356510e-03
  -9.9037450e-03
  -6.9602700e-03
   1.7354080e-03
   1.3698490e-02
   2.2296990e-02
   3.3501740e-02
   3.9476590e-02
   3.8366130e-02
   3.0572520e-02
   1.8113320e-02
   5.4746500e-03
  -5.8941800e-03
  -7.2525900e-03
  -6.5533120e-03
  -1.8305210e-03
   4.6451440e-03
   9.7615990e-03
   1.3931920e-02
   1.6524920e-02
   1.7444110e-02
   1.3850860e-02
   9.6719360e-03
   8.0166910e-03
   6.5125530e-03
   1.2001220e-02
   2.3373830e-02
   3.0535670e-02
   4.1418600e-02
   5.2056200e-02
   5.4074880e-02
   5.2852620e-02
   4.9794780e-02
   4.0356490e-02
   3.3885900e-02
   2.7212500e-02
   1.8026440e-02
   7.4628050e-03
  -1.9650730e-03
  -9.4053670e-03
  -1.2446950e-02
  -1.1442430e-02
  -1.0167680e-02
  -1.0020030e-02
  -1.0662520e-02
  -1.3280350e-02
  -1.6080320e-02
  -2.3308420e-02
  -2.7795720e-02
  -3.3048340e-02
  -4.2213480e-02
  -5.1427790e-02
  -5.7871860e-02
  -5.4373790e-02
  -4.6999460e-02
  -4.0804230e-02
  -3.4658430e-02
  -2.8074140e-02
  -2.5880380e-02
  -2.4132650e-02
  -2.1673050e-02
  -2.0451660e-02
  -1.8770450e-02
  -1.5875380e-02
  -1.3219870e-02
  -7.5931670e-03
  -5.4718860e-04
   2.1021810e-03
   5.0745830e-03
   6.1710530e-03
   5.7891970e-03
   6.6134460e-03
   8.2392970e-03
   3.0859220e-03
  -6.1512700e-03
  -1.1977440e-02
  -1.2466190e-02
  -5.5913490e-03
   1.1385500e-02
   2.7455920e-02
   3.6210660e-02
   3.8858380e-02
   2.4798770e-02
   9.1636490e-03
  -4.9833770e-03
  -2.5142000e-02
  -4.0547190e-02
  -4.0557060e-02
  -3.4432200e-02
  -2.7976270e-02
  -1.4142710e-02
  -1.7117420e-03
   5.0969600e-03
   7.0183930e-03
   4.5074420e-03
  -2.2246310e-03
  -8.6263670e-03
  -1.2650880e-02
  -1.7211030e-02
  -1.5376610e-02
  -1.0926770e-02
  -5.9669760e-03
   3.2350940e-03
   1.2611860e-02
   1.6948000e-02
   1.5584500e-02
   8.4553900e-03
   1.2731290e-03
  -5.1092950e-03
  -7.8319350e-03
  -9.3489900e-03
  -1.3209130e-02
  -1.5587800e-02
  -1.6894330e-02
  -1.4443880e-02
  -1.1906040e-02
  -9.9537600e-03
  -7.4402190e-03
  -9.3929470e-03
  -1.2061060e-02
  -1.3646210e-02
  -1.2774090e-02
  -9.2775250e-03
  -6.6605550e-03
  -3.1842750e-03
  -3.2363830e-03
   2.4916020e-05
   7.8763210e-03
   1.4901960e-02
   2.0945300e-02
   2.3273760e-02
   2.0835130e-02
   1.5851260e-02
   1.0785260e-02
   6.6676380e-03
   5.1003380e-03
   1.0376720e-02
   1.7925140e-02
   2.8425890e-02
   3.9374790e-02
   4.5608730e-02
   4.9779390e-02
   5.1517340e-02
   4.9093300e-02
   4.2328140e-02
   3.4689720e-02
   2.9468170e-02
   2.3081300e-02
   1.7162880e-02
   1.2708320e-02
   1.0485670e-02
   1.3314200e-02
   1.7257670e-02
   1.8311750e-02
   2.0067450e-02
   1.6196430e-02
   1.1589740e-02
   5.8630520e-03
  -6.4089220e-04
  -5.3592100e-03
  -9.8046400e-03
  -8.7724150e-03
  -4.9285040e-03
  -2.9834610e-03
  -2.4866220e-04
   1.9454460e-03
   6.9175090e-04
  -2.6725410e-03
  -8.4865000e-03
  -1.5957170e-02
  -2.0758370e-02
  -2.4040340e-02
  -2.4939610e-02
  -2.1409760e-02
  -1.6463580e-02
  -1.0191770e-02
  -4.3300100e-03
  -7.6347030e-04
  -6.5287300e-03
  -1.1985590e-02
  -2.0277360e-02
  -2.9997400e-02
  -3.7652890e-02
  -4.4192280e-02
  -4.7905240e-02
  -5.1494720e-02
  -4.7952790e-02
  -4.4145270e-02
  -3.9390440e-02
  -3.2212880e-02
  -2.7287580e-02
  -2.2423890e-02
  -2.3505710e-02
  -3.0017810e-02
  -3.3717000e-02
  -3.8952840e-02
  -4.3132540e-02
  -4.5876140e-02
  -4.3801350e-02
  -3.8092080e-02
  -3.3529860e-02
  -2.6614920e-02
  -2.1512450e-02
  -1.7366280e-02
  -1.6205890e-02
  -1.8094130e-02
  -1.9016370e-02
  -1.8588180e-02
  -1.5990980e-02
  -1.4239600e-02
  -1.4400530e-02
  -1.4398490e-02
  -1.7978050e-02
  -2.2322500e-02
  -3.0403500e-02
  -3.7384080e-02
  -3.8354340e-02
  -3.5506930e-02
  -2.8830410e-02
  -2.2519810e-02
  -1.5054410e-02
  -1.1880830e-02
  -1.7478630e-02
  -1.9436130e-02
  -2.0858410e-02
  -1.8314250e-02
  -1.2591640e-02
  -5.8722550e-03
   1.5813380e-03
   8.0666150e-03
   1.2636720e-02
   1.4673100e-02
   1.7000900e-02
   1.7323740e-02
   2.1325330e-02
   2.6350330e-02
   3.3499230e-02
   4.1222410e-02
   4.7608510e-02
   5.3208800e-02
   5.7113500e-02
   5.8882710e-02
   5.6505170e-02
   5.5285270e-02
   5.3520530e-02
   5.5913730e-02
   5.9960750e-02
   6.1059890e-02
   6.1302830e-02
   5.6620930e-02
   5.0873890e-02
   4.1163370e-02
   3.1791900e-02
   2.5945830e-02
   1.9841810e-02
   1.7401410e-02
   1.8946620e-02
   2.2059680e-02
   2.3199320e-02
   2.4579090e-02
   2.4734350e-02
   2.1631790e-02
   1.5759950e-02
   9.9576020e-03
   4.5705750e-03
  -1.4149060e-03
  -5.0312940e-03
  -7.9288360e-03
  -6.1847360e-03
  -1.3542050e-03
   1.3903440e-03
   6.1438170e-03
   1.1609180e-02
   1.7758990e-02
   2.5003410e-02
   2.9968970e-02
   3.3374400e-02
   3.3205960e-02
   2.5658040e-02
   2.0891020e-02
   1.4656110e-02
   6.6842150e-03
   1.6391170e-03
  -4.4698110e-04
  -3.7667700e-03
  -5.9809910e-03
  -7.5852420e-03
  -9.6999550e-03
  -1.2841320e-02
  -1.8190900e-02
  -2.2495230e-02
  -2.5535940e-02
  -2.1280320e-02
  -1.6125460e-02
  -1.1708030e-02
  -2.4681970e-03
   5.5252370e-03
   9.9719690e-03
   1.5719430e-02
   2.0168820e-02
   2.0932330e-02
   2.3016500e-02
   2.4466240e-02
   2.1197380e-02
   1.8665910e-02
   1.6592940e-02
   1.2981030e-02
   9.8797290e-03
   7.2566170e-03
   4.7091520e-03
   5.3217670e-03
   6.2649310e-03
   6.6147890e-03
   8.0071270e-03
   1.0772730e-02
   1.6202860e-02
   2.1488260e-02
   2.7560980e-02
   3.3494320e-02
   3.8415570e-02
   3.6938990e-02
   3.4962470e-02
   3.4925190e-02
   3.3406430e-02
   3.4368850e-02
   3.5720920e-02
   3.6620630e-02
   3.8272880e-02
   3.6284710e-02
   3.1722070e-02
   2.8703040e-02
   2.1968700e-02
   1.5105070e-02
   1.0118950e-02
   4.4343850e-03
   9.1655680e-04
   3.3016770e-04
  -2.1311010e-03
  -4.4429480e-03
  -6.0273670e-03
  -7.6627520e-03
  -9.7714920e-03
  -1.3373010e-02
  -1.2732360e-02
  -1.0133890e-02
  -1.0981360e-02
  -1.1963240e-02
  -1.1734450e-02
  -1.3200790e-02
  -1.6053190e-02
  -1.8132070e-02
  -2.0124760e-02
  -2.1161530e-02
  -2.2186280e-02
  -2.2738470e-02
  -2.1382700e-02
  -2.0329250e-02
  -1.8239300e-02
  -1.5780880e-02
  -1.3820220e-02
  -1.3470690e-02
  -1.9472840e-02
  -2.4594920e-02
  -2.9459960e-02
  -3.6127410e-02
  -4.2544540e-02
  -4.6913390e-02
  -4.8926890e-02
  -5.0115850e-02
  -4.5641170e-02
  -4.1925060e-02
  -3.8734870e-02
  -3.4163190e-02
  -3.2147060e-02
  -3.5784720e-02
  -3.7538070e-02
  -3.7977380e-02
  -3.7025940e-02
  -3.3437460e-02
  -3.0452090e-02
  -2.6356130e-02
  -2.2265870e-02
  -1.9467870e-02
  -1.7314100e-02
  -1.9464150e-02
  -2.2271170e-02
  -2.3286310e-02
  -2.4569500e-02
  -2.6233860e-02
  -2.6220490e-02
  -2.4967760e-02
  -2.4596220e-02
  -2.3583270e-02
  -2.2242880e-02
  -2.1232230e-02
  -2.0960430e-02
  -2.2096570e-02
  -2.1407710e-02
  -2.0464710e-02
  -1.9921870e-02
  -1.5735880e-02
  -1.1772320e-02
  -8.4544990e-03
  -2.1495200e-03
   2.3191880e-03
   3.8452850e-03
   4.2830310e-03
   4.7722780e-03
   5.1857160e-03
   6.1031810e-03
   9.5269380e-03
   1.2634280e-02
   1.8411210e-02
   2.6130270e-02
   3.3096430e-02
   4.1254320e-02
   4.8348370e-02
   5.1168180e-02
   5.4835770e-02
   5.6017360e-02
   4.8704660e-02
   4.2765420e-02
   3.0585220e-02
   1.6360920e-02
   6.3393710e-03
  -8.1320640e-04
  -3.2341820e-03
  -7.2594020e-03
  -6.6252750e-03
  -4.8629760e-03
  -4.4761780e-03
  -1.5637510e-03
   1.2779270e-03
   3.8232150e-03
   7.2833450e-03
   9.8241160e-03
   1.1171830e-02
   1.2664760e-02
   1.0547410e-02
   8.2629070e-03
   1.0334400e-02
   1.2599310e-02
   1.6902280e-02
   2.2567140e-02
   2.5124280e-02
   2.6373090e-02
   2.5573170e-02
   2.2315560e-02
   1.9112410e-02
   1.3273270e-02
   7.8835630e-03
   3.5849280e-03
  -1.2395420e-03
  -7.3938670e-03
  -1.4606390e-02
  -2.0398190e-02
  -2.3929390e-02
  -2.7704820e-02
  -2.6188890e-02
  -2.1559800e-02
  -1.9869500e-02
  -1.9832610e-02
  -2.1672390e-02
  -2.2412860e-02
  -2.3313480e-02
  -2.2004800e-02
  -2.0513850e-02
  -1.9878590e-02
  -1.8815150e-02
  -1.6501640e-02
  -9.8695670e-03
  -3.7235150e-03
   2.6535470e-03
   1.0024110e-02
   1.6228110e-02
   1.7595200e-02
   1.7699250e-02
   1.5195540e-02
   1.2413680e-02
   9.2479220e-03
   6.4125280e-03
   1.0380780e-02
   1.3399570e-02
   1.4285130e-02
   1.3912180e-02
   1.0688530e-02
   8.5757800e-03
   5.6999570e-03
   3.3752340e-03
   8.5057770e-03
   1.2905320e-02
   1.5450520e-02
   1.7636320e-02
   1.8037410e-02
   1.5205640e-02
   1.2900260e-02
   9.4747300e-03
   6.3845580e-03
   9.9062860e-03
   1.2551680e-02
   1.3463000e-02
   1.5500780e-02
   1.4099950e-02
   1.2686690e-02
   1.1980240e-02
   1.0411960e-02
   7.7864270e-03
   4.3465290e-03
   4.1221430e-03
   4.1864680e-03
   2.9782590e-03
   8.4619780e-04
  -1.0165260e-03
  -1.9632860e-03
  -3.3559220e-03
  -2.9687900e-03
  -3.9120820e-04
   1.0188550e-03
   3.4731890e-03
   6.1251910e-03
   5.2026100e-03
   2.3206090e-03
   1.2676360e-03
  -2.8722920e-03
  -8.1616060e-03
  -1.0874090e-02
  -1.4110470e-02
  -1.6364080e-02
  -1.7835520e-02
  -1.9054800e-02
  -1.7009860e-02
  -1.3900650e-02
  -5.5206400e-03
   1.6965230e-03
   5.2644650e-03
   1.0094170e-02
   1.1318950e-02
   1.0201790e-02
   7.3742400e-03
   4.1899210e-03
  -4.6758710e-03
  -1.2883890e-02
  -1.6078720e-02
  -1.9511240e-02
  -2.0989710e-02
  -1.9645610e-02
  -1.8488350e-02
  -1.8120200e-02
  -2.1762440e-02
  -2.5845150e-02
  -2.7758150e-02
  -3.0045670e-02
  -3.1577650e-02
  -3.0123470e-02
  -2.9529960e-02
  -2.8806310e-02
  -2.7516110e-02
  -2.8316540e-02
  -2.9909070e-02
  -3.0379810e-02
  -3.0867760e-02
  -3.1022160e-02
  -2.8427460e-02
  -2.6193450e-02
  -2.4220190e-02
  -2.1005060e-02
  -1.8031790e-02
  -1.4747510e-02
  -9.8856220e-03
  -5.4640270e-03
  -1.5498950e-03
   2.6435570e-03
   6.7487340e-03
   1.0171350e-02
   1.3698430e-02
   1.6819110e-02
   1.9077070e-02
   2.1704700e-02
   2.3560350e-02
   2.4521480e-02
   2.5852890e-02
   2.5651880e-02
   2.5642720e-02
   2.7733140e-02
   2.9202540e-02
   2.9599790e-02
   3.0198740e-02
   3.0782490e-02
   2.8807980e-02
   2.5855930e-02
   2.2724660e-02
   1.6805260e-02
   1.2762050e-02
   1.0197780e-02
   7.4200360e-03
   8.4357380e-03
   8.9633210e-03
   8.7072930e-03
   9.1174090e-03
   8.6220880e-03
   6.7750360e-03
   5.6730950e-03
   5.7150160e-03
   6.0873400e-03
   6.2694800e-03
   8.8574840e-03
   1.2413590e-02
   1.4886400e-02
   1.6812730e-02
   1.8788670e-02
   1.9514760e-02
   1.5062150e-02
   1.1457310e-02
   8.4963500e-03
   4.8882130e-03
   1.6292360e-03
  -1.2984180e-03
  -2.1421160e-03
  -2.8136020e-03
  -3.9721310e-03
  -4.4617000e-03
  -5.0120190e-03
  -5.7659990e-03
  -7.4291630e-03
  -9.8511620e-03
  -1.1948770e-02
  -1.4514460e-02
  -1.6514130e-02
  -1.7339160e-02
  -1.6936460e-02
  -1.4155620e-02
  -1.2235080e-02
  -1.0399420e-02
  -8.0391350e-03
  -7.0813800e-03
  -9.1811240e-03
  -1.0413200e-02
  -1.1050690e-02
  -1.2068180e-02
  -1.3051910e-02
  -1.4155440e-02
  -1.6209760e-02
  -1.7883490e-02
  -1.8214400e-02
  -1.9003480e-02
  -2.0978920e-02
  -2.2820290e-02
  -2.4337910e-02
  -2.6085200e-02
  -2.8061290e-02
  -3.0447280e-02
  -3.1764740e-02
  -2.6247170e-02
  -2.1230390e-02
  -1.6929840e-02
  -1.1101740e-02
  -6.3333680e-03
  -3.6447580e-03
  -1.8002570e-03
  -3.5675660e-03
  -5.5097830e-03
  -6.1670090e-03
  -7.3226280e-03
  -5.4235660e-03
  -1.7019100e-03
   1.7593000e-03
   7.3203480e-03
   1.3307200e-02
   1.9881520e-02
   2.3296680e-02
   2.3599620e-02
   2.3456300e-02
   1.9657020e-02
   1.6898230e-02
   1.3873720e-02
   1.0124680e-02
   7.0944850e-03
   7.9131460e-03
   1.0385520e-02
   1.1393530e-02
   1.4597130e-02
   1.9122180e-02
   2.1572510e-02
   2.2100490e-02
   2.3472630e-02
   2.4358370e-02
   2.4329450e-02
   2.4717340e-02
   2.4056210e-02
   2.2510750e-02
   2.1365500e-02
   1.9621500e-02
   1.8194160e-02
   1.9553990e-02
   2.0974810e-02
   2.1263090e-02
   2.1610770e-02
   2.2035040e-02
   2.0760550e-02
   1.9370460e-02
   1.8701740e-02
   1.8392280e-02
   1.7935470e-02
   1.7875510e-02
   1.8165390e-02
   1.8174550e-02
   1.8177940e-02
   1.8269420e-02
   1.5414770e-02
   9.5517440e-03
   6.2539260e-03
   3.2958830e-03
   8.5355540e-05
  -1.7135270e-03
  -4.5402500e-03
  -1.0096490e-02
  -1.4899890e-02
  -1.7861390e-02
  -2.0355950e-02
  -2.2516420e-02
  -2.2814700e-02
  -2.3348130e-02
  -2.3479030e-02
  -2.3510760e-02
  -2.3809240e-02
  -2.4046630e-02
  -2.4377150e-02
  -2.4350010e-02
  -2.2828870e-02
  -2.1453620e-02
  -1.9140040e-02
  -1.6156320e-02
  -1.4357680e-02
  -1.3295560e-02
  -1.2763860e-02
  -1.5315600e-02
  -1.7346850e-02
  -1.9126350e-02
  -2.1606770e-02
  -2.3842720e-02
  -2.5425080e-02
  -2.6346760e-02
  -2.7409410e-02
  -2.5891570e-02
  -2.3105970e-02
  -2.1228670e-02
  -1.7935750e-02
  -1.4574020e-02
  -1.1730800e-02
  -8.7760420e-03
  -5.7366790e-03
  -2.5120560e-03
   8.6056770e-04
   3.6704330e-03
   4.7356470e-03
   6.1139060e-03
   7.3273740e-03
   7.2410860e-03
   7.2903420e-03
   5.2809290e-03
   2.5681660e-03
   1.7595020e-03
   3.1706370e-03
   7.6316390e-03
   1.1591330e-02
   1.6544530e-02
   1.8945000e-02
   1.8243850e-02
   1.5847010e-02
   1.3131210e-02
   1.1260580e-02
   1.0027530e-02
   1.1516120e-02
   1.5537100e-02
   1.6793360e-02
   1.8284480e-02
   1.9608000e-02
   1.7245570e-02
   1.5637260e-02
   1.4373790e-02
   1.2712810e-02
   1.1470620e-02
   1.0182150e-02
   9.2064820e-03
   1.0581180e-02
   1.1730110e-02
   1.2642990e-02
   1.3892640e-02
   1.1002330e-02
   8.0343250e-03
   7.0872480e-03
   4.8348010e-03
   3.0260790e-03
   1.9834740e-03
   8.8463180e-04
   6.4397800e-04
   3.4416090e-04
   1.0078590e-03
   2.2134710e-03
  -3.1652560e-05
  -3.9334580e-03
  -4.6198850e-03
  -6.1240610e-03
  -6.9186280e-03
  -6.1533340e-03
  -7.6865400e-03
  -1.1054620e-02
  -1.3236440e-02
  -1.6390690e-02
  -1.9956310e-02
  -2.2958530e-02
  -2.5923210e-02
  -2.7974030e-02
  -2.9667670e-02
  -2.8759920e-02
  -2.7833520e-02
  -2.7600520e-02
  -2.6818380e-02
  -2.6021650e-02
  -2.5223070e-02
  -2.4517570e-02
  -2.6087860e-02
  -2.8639380e-02
  -3.0080770e-02
  -3.2139320e-02
  -3.1341420e-02
  -2.7027300e-02
  -2.3331060e-02
  -1.7198330e-02
  -1.2068710e-02
  -8.3918210e-03
  -3.9307910e-03
   9.8179450e-06
   3.1989900e-03
   5.4353620e-03
   7.8714490e-03
   1.0287850e-02
   1.2277740e-02
   1.4356240e-02
   1.5904260e-02
   1.5837530e-02
   1.6172940e-02
   1.6997260e-02
   1.8530180e-02
   2.0253190e-02
   2.2403720e-02
   2.4412650e-02
   2.6192940e-02
   2.7840970e-02
   2.8230980e-02
   2.8761510e-02
   3.1226620e-02
   3.5129010e-02
   3.6329930e-02
   3.6946560e-02
   3.8294420e-02
   3.7795570e-02
   3.7431470e-02
   3.7275550e-02
   3.6666910e-02
   3.5875540e-02
   3.4305680e-02
   3.2766380e-02
   3.0915970e-02
   2.8960260e-02
   2.7438580e-02
   2.5853820e-02
   2.3966320e-02
   2.2042750e-02
   2.0743740e-02
   2.0333340e-02
   1.8443290e-02
   1.4569650e-02
   1.1715270e-02
   8.7982370e-03
   5.4608140e-03
   5.2503540e-03
   7.1142690e-03
   7.4319960e-03
   8.6580800e-03
   8.7420680e-03
   5.6447310e-03
   3.5707650e-03
   5.6274520e-04
  -3.3792760e-03
  -6.6968920e-03
  -1.0219170e-02
  -1.3722540e-02
  -1.7042620e-02
  -2.0401840e-02
  -2.3544520e-02
  -2.6687940e-02
  -2.8975630e-02
  -2.9061100e-02
  -2.5682960e-02
  -2.2543320e-02
  -2.2248760e-02
  -2.0809200e-02
  -2.1151630e-02
  -2.2800830e-02
  -2.3681550e-02
  -2.5686150e-02
  -2.7754520e-02
  -2.8542710e-02
  -2.5781360e-02
  -2.3613440e-02
  -2.1956870e-02
  -1.9447280e-02
  -1.7146530e-02
  -1.7165290e-02
  -1.9947180e-02
  -2.1374750e-02
  -2.3229360e-02
  -2.5652520e-02
  -2.7276850e-02
  -2.4949260e-02
  -2.1743110e-02
  -1.9467340e-02
  -1.5458470e-02
  -1.1565590e-02
  -1.1316640e-02
  -1.4140120e-02
  -1.4894110e-02
  -1.6589560e-02
  -1.8347140e-02
  -1.9308840e-02
  -1.6843010e-02
  -1.2658080e-02
  -9.9378130e-03
  -6.3333160e-03
  -2.8555880e-03
  -3.9030590e-03
  -5.8199220e-03
  -6.3090690e-03
  -7.1218370e-03
  -7.6619890e-03
  -5.7124410e-03
  -3.1416930e-03
  -1.3841660e-03
   1.0151840e-03
   3.4034750e-03
   5.1630760e-03
   4.5251820e-03
   2.7852540e-03
   2.4005600e-03
   1.3731230e-03
   4.4594450e-04
   3.4757790e-04
   2.8241360e-03
   5.0828590e-03
   6.2613480e-03
   7.6968020e-03
   9.6498270e-03
   1.1891190e-02
   1.3527730e-02
   1.2252380e-02
   1.1297170e-02
   1.0298150e-02
   8.2782220e-03
   7.8463420e-03
   8.2679980e-03
   7.8847430e-03
   7.6825200e-03
   7.5008310e-03
   7.2452430e-03
   7.1895110e-03
   7.1503600e-03
   6.3564980e-03
   4.8914040e-03
   3.8789190e-03
   3.2398520e-03
   3.5796700e-03
   3.6503920e-03
   3.4614110e-03
   3.3072340e-03
   3.2551330e-03
   3.3579230e-03
   3.4248040e-03
   3.2346560e-03
   2.1414090e-03
   1.9428500e-03
   2.3815020e-03
   2.2506180e-03
   2.7185500e-03
   2.2038980e-03
   4.5477240e-05
  -1.2659170e-03
  -2.2072250e-03
  -2.1429130e-03
   2.2089420e-04
   1.9206340e-03
   2.6633700e-03
   4.0801960e-03
   4.9145580e-03
   5.2402620e-03
   5.8593640e-03
   4.9165940e-03
   2.8782140e-03
   2.6478810e-03
   3.0082310e-03
   3.6278430e-03
   6.7927700e-03
   9.2773710e-03
   1.0657220e-02
   1.2358880e-02
   1.4282410e-02
   1.6227110e-02
   1.7950040e-02
   1.9150040e-02
   2.0030730e-02
   1.8966880e-02
   1.7959660e-02
   1.6127510e-02
   1.3569180e-02
   1.2054680e-02
   1.0450550e-02
   8.7027480e-03
   7.6059360e-03
   6.5504780e-03
   5.8365660e-03
   6.1785250e-03
   7.8552920e-03
   8.9102340e-03
   1.0046780e-02
   1.1358660e-02
   1.1927160e-02
   1.2718640e-02
   1.4001440e-02
   1.3995430e-02
   1.2638220e-02
   1.0663480e-02
   6.8148040e-03
   4.9059370e-03
   2.6932670e-03
   2.5999020e-04
   3.3786000e-03
   8.4915400e-03
   1.0092270e-02
   1.3168800e-02
   1.5289420e-02
   1.3518720e-02
   1.2517760e-02
   1.0044900e-02
   6.6823940e-03
   4.4485930e-03
   6.9030200e-03
   8.1930270e-03
   7.7692480e-03
   6.9544340e-03
   4.6679390e-03
   2.9267310e-03
   1.2851380e-03
  -6.3674640e-04
  -2.6799120e-03
  -5.1584240e-03
  -7.4670310e-03
  -9.7186260e-03
  -1.1251470e-02
  -1.1527140e-02
  -1.2261400e-02
  -1.2133130e-02
  -1.1720360e-02
  -1.2406060e-02
  -1.3424580e-02
  -1.4038800e-02
  -1.4963660e-02
  -1.4110750e-02
  -1.1237130e-02
  -9.5975550e-03
  -7.4808300e-03
  -5.8536310e-03
  -5.1758110e-03
  -7.2203460e-03
  -9.6374890e-03
  -1.0889280e-02
  -1.2501270e-02
  -1.3214660e-02
  -1.2697750e-02
  -1.1205600e-02
  -8.3966570e-03
  -7.7000130e-03
  -7.5134940e-03
  -7.8012780e-03
  -9.0834030e-03
  -1.0076810e-02
  -9.6713900e-03
  -8.6178600e-03
  -7.8407850e-03
  -6.5527430e-03
  -4.0741970e-03
  -9.8238620e-04
   2.4024260e-04
   1.2152350e-03
   8.6817130e-04
   6.9892390e-04
   1.9569300e-03
   2.9248870e-03
   4.1318450e-03
   5.0498660e-03
   6.0294830e-03
   7.9236170e-03
   9.7855450e-03
   1.0392660e-02
   1.0824660e-02
   1.0012970e-02
   8.7793940e-03
   8.3289530e-03
   8.3498040e-03
   9.3161010e-03
   9.5762320e-03
   9.7336660e-03
   9.1461920e-03
   8.4168900e-03
   8.9679850e-03
   8.1743540e-03
   5.7075160e-03
   4.2338300e-03
   2.6261650e-03
   6.8050260e-04
  -8.8576290e-04
  -1.1192530e-03
   5.1573510e-04
   1.1470690e-03
   1.7736550e-03
   2.7301970e-03
   2.1018270e-03
   1.4540790e-03
   2.5674500e-04
  -1.5711360e-03
  -3.3187880e-03
  -5.5999140e-03
  -7.5890700e-03
  -6.8123440e-03
  -4.8839360e-03
  -3.9362770e-03
  -2.1806130e-03
  -2.1868560e-03
  -4.4711450e-03
  -5.6451320e-03
  -7.8528460e-03
  -1.0328300e-02
  -1.2446510e-02
  -1.4759300e-02
  -1.5383950e-02
  -1.3611720e-02
  -1.3156190e-02
  -1.2501330e-02
  -1.1939320e-02
  -1.2543570e-02
  -1.2173310e-02
  -9.9728320e-03
  -8.5887310e-03
  -7.7881660e-03
  -7.3929550e-03
  -8.7326550e-03
  -9.8634340e-03
  -1.1948670e-02
  -1.4248170e-02
  -1.6768820e-02
  -1.9434480e-02
  -2.1705450e-02
  -2.3514810e-02
  -2.1804900e-02
  -2.0307860e-02
  -1.9863050e-02
  -1.8754320e-02
  -1.7868750e-02
  -1.7315880e-02
  -1.5931610e-02
  -1.3745490e-02
  -1.0405700e-02
  -6.3750060e-03
  -2.5636470e-03
   1.8645050e-03
   5.2718820e-03
   7.1532930e-03
   8.9616000e-03
   9.1685710e-03
   5.9141010e-03
   2.4112120e-03
  -1.9031150e-04
  -3.3833280e-03
  -5.3629680e-03
  -6.9318120e-03
  -6.6324370e-03
  -5.7948290e-03
  -4.3366400e-03
  -2.9752360e-03
  -2.7028950e-03
  -2.1331520e-03
  -2.4218790e-03
  -3.2425350e-03
  -3.8709340e-03
  -4.6913250e-03
  -4.1696290e-03
  -2.6653110e-03
  -2.3951680e-03
  -1.9446800e-03
  -1.5119130e-03
  -1.8512430e-03
  -1.5768090e-03
   1.2719310e-03
   3.9706110e-03
   5.8188320e-03
   8.0414480e-03
   8.8826410e-03
   9.4910940e-03
   7.8791380e-03
   5.7634430e-03
   4.6091850e-03
   3.1470990e-03
   1.6239900e-03
   1.3350820e-03
   1.2822400e-03
   3.5745180e-03
   5.7526300e-03
   5.9467760e-03
   6.9404090e-03
   7.6056140e-03
   7.0652800e-03
   6.9445120e-03
   6.6394000e-03
   6.2563080e-03
   6.1192080e-03
   5.9828060e-03
   6.1205540e-03
   7.6484620e-03
   9.5104130e-03
   9.6200120e-03
   6.6563490e-03
   4.5441900e-03
   2.3102980e-03
  -6.6449760e-04
  -2.7085630e-03
  -4.6188890e-03
  -6.1513000e-03
  -7.2917790e-03
  -8.4883880e-03
  -9.2788280e-03
  -8.9476020e-03
  -7.3704790e-03
  -5.0218150e-03
  -3.0686090e-03
  -6.6597610e-04
   2.0147150e-03
   4.0935830e-03
   5.2986910e-03
   6.1544400e-03
   6.1271850e-03
   6.6842930e-03
   7.4683030e-03
   7.5982400e-03
   7.3609330e-03
   5.4817580e-03
   3.4794570e-03
   1.6186230e-03
  -4.2222090e-04
  -1.9222050e-03
  -3.2711320e-03
  -3.7726420e-03
  -3.3065470e-03
  -2.7581710e-03
  -1.1112070e-03
   2.7172810e-04
  -2.2594700e-04
  -1.1241110e-03
  -2.4600900e-03
  -3.3866130e-03
  -3.3521350e-03
  -2.7275830e-03
  -2.2318690e-03
  -1.7053420e-03
  -9.4684260e-04
   2.6392680e-05
   8.8841500e-04
   2.3207110e-04
  -7.2250400e-05
  -3.4358080e-04
  -7.8521730e-04
   6.2435180e-04
   6.3672590e-03
   1.1129550e-02
   1.0570900e-02
   1.3191810e-02
   1.4022610e-02
   1.3590400e-02
   1.4019890e-02
   1.3902770e-02
   1.3155810e-02
   1.2640090e-02
   1.2021900e-02
   1.1198580e-02
   9.7890230e-03
   8.0710050e-03
   5.7624750e-03
   4.6727510e-03
   5.8646640e-03
   6.4039110e-03
   6.8503660e-03
   7.1087480e-03
   5.9971550e-03
   4.4251360e-03
   1.0199410e-03
   4.8463320e-04
  -4.6859850e-04
  -1.8984260e-03
  -2.0658620e-03
  -1.9143580e-03
  -1.4594590e-03
  -1.4855680e-04
   9.4278970e-04
   9.2615820e-04
   1.0705350e-03
   9.0665170e-04
   3.3953830e-04
  -9.4890970e-05
  -1.5195950e-04
   1.7973560e-06
  -4.8137660e-04
  -7.5668720e-04
  -5.5168590e-04
  -9.8204250e-05
   4.8868200e-04
   1.5125880e-03
   9.2658150e-04
  -6.4810330e-04
  -1.3131000e-03
  -2.4428200e-03
  -4.1138460e-03
  -5.7676290e-03
  -7.3794060e-03
  -9.2850480e-03
  -1.1281630e-02
  -1.3195670e-02
  -1.4430050e-02
  -1.4372100e-02
  -1.3358200e-02
  -1.3825570e-02
  -1.4113670e-02
  -1.4353340e-02
  -1.4061610e-02
  -1.2148950e-02
  -1.1095510e-02
  -1.0352020e-02
  -9.8077480e-03
  -8.2088120e-03
  -7.0810690e-03
  -6.0728220e-03
  -4.1380590e-03
  -9.1468570e-04
   1.4010870e-03
   3.4196890e-03
   4.3236830e-03
   4.8825440e-03
   4.8452580e-03
   4.8291270e-03
   5.5588490e-03
   6.3174820e-03
   7.7176720e-03
   9.1279250e-03
   1.0158090e-02
   1.1241760e-02
   1.1583200e-02
   1.1239540e-02
   1.1325960e-02
   1.0678920e-02
   9.4598730e-03
   9.7579560e-03
   1.0338360e-02
   9.9581280e-03
   7.8419930e-03
   5.0572130e-03
   2.7387060e-03
  -1.0216690e-04
  -2.5208860e-03
  -1.2693170e-03
  -6.5640590e-04
  -2.4981740e-05
   1.1197660e-03
   1.5084920e-03
   2.1247570e-03
   2.8102780e-03
   4.3646500e-03
   5.5196240e-03
   6.4438900e-03
   7.1656370e-03
   6.2581270e-03
   4.7453150e-03
   3.5391380e-03
   2.7992360e-03
   2.9789880e-03
   3.0212010e-03
   3.2375780e-03
   3.7467400e-03
   4.4986590e-03
   5.1063090e-03
   4.3193300e-03
   3.3633760e-03
   3.2158850e-03
   3.0519740e-03
   2.9166880e-03
   2.6028150e-03
   1.7581120e-03
   9.9867050e-04
  -4.0147050e-05
  -1.1486070e-03
  -2.1833570e-03
  -2.7856430e-03
  -2.9113030e-03
  -4.2588910e-03
  -5.8508290e-03
  -7.7639840e-03
  -1.1204580e-02
  -1.2870510e-02
  -1.2808310e-02
  -1.0470480e-02
  -7.9809820e-03
  -5.2939200e-03
  -2.4149330e-03
  -1.8570260e-03
  -2.4504830e-03
  -4.6317090e-03
  -4.8663970e-03
  -4.7784980e-03
  -3.5671600e-03
  -2.1730250e-03
  -8.2680680e-04
   1.7042190e-03
   2.7942430e-03
   3.3179780e-03
   3.6019020e-03
   1.3121790e-03
  -1.5338430e-03
  -1.7904460e-03
  -3.0816620e-03
  -3.4189440e-03
  -2.4274690e-03
  -1.5188590e-03
   4.0034880e-04
   2.0875290e-03
   3.7911550e-03
   5.5950400e-03
   6.6214900e-03
   7.6001240e-03
   8.7678510e-03
   9.6857680e-03
   1.0377410e-02
   1.1143360e-02
   1.1912470e-02
   1.2330260e-02
   1.2186850e-02
   1.0801770e-02
   8.2911820e-03
   6.0101970e-03
   3.4574860e-03
   2.2187670e-03
   2.1299220e-03
   1.7834300e-03
   2.0849790e-03
   1.2758870e-03
  -1.6288590e-03
  -3.6489840e-03
  -5.0604880e-03
  -6.7854690e-03
  -8.3015820e-03
  -9.1397730e-03
  -1.0061870e-02
  -9.6338250e-03
  -8.4793790e-03
  -8.1646430e-03
  -7.4196290e-03
  -7.7774820e-03
  -9.6613250e-03
  -9.7445580e-03
  -8.5092970e-03
  -8.1018460e-03
  -7.0017760e-03
  -5.5849890e-03
  -4.8143300e-03
  -4.2595700e-03
  -3.4524760e-03
  -3.3340910e-03
  -3.8416110e-03
  -3.8072570e-03
  -4.0022640e-03
  -4.2378540e-03
  -3.5274900e-03
  -2.6642650e-03
  -2.0690330e-03
  -1.4138920e-03
  -1.4109250e-03
  -2.1315970e-03
  -9.1905000e-05
   3.8867080e-04
  -2.1641390e-03
  -3.2371320e-03
  -4.6707890e-03
  -6.9107970e-03
  -7.4095860e-03
  -6.5181720e-03
  -5.4715920e-03
  -4.7046640e-03
  -4.2564560e-03
  -4.6826790e-03
  -4.7555880e-03
  -5.1326260e-03
  -3.0802080e-03
  -6.8399910e-04
  -7.4198850e-04
   2.8890850e-04
   1.0196860e-03
   8.9713990e-04
   1.3335270e-03
   1.7993450e-03
   2.0526390e-03
   1.8317050e-03
   4.9298540e-04
  -5.1502810e-04
  -7.2699940e-04
   2.7644200e-04
   8.6899380e-04
   2.1402030e-03
   3.5266880e-03
   3.7058010e-03
   4.1202610e-03
   4.6950920e-03
   5.1833360e-03
   4.6089900e-03
   2.5534460e-03
   1.4640310e-03
   1.5630860e-04
  -1.3397580e-03
  -9.9066340e-04
  -2.7453600e-04
  -1.1073630e-04
   5.6118270e-04
   1.7950440e-03
   3.2157140e-03
   3.6760780e-03
   4.5998980e-03
   4.8536680e-03
   4.3784540e-03
   4.3718490e-03
   4.0095910e-03
   3.3599240e-03
   3.9612100e-03
   4.5811580e-03
   5.3833980e-03
   8.3560650e-03
   9.8017520e-03
   1.1026770e-02
   1.2244020e-02
   1.1795860e-02
   1.1089370e-02
   1.0059960e-02
   8.6607590e-03
   9.8489820e-03
   1.1107300e-02
   1.1867450e-02
   1.3735760e-02
   1.4117480e-02
   1.2287590e-02
   9.9409340e-03
   8.2804440e-03
   5.9123750e-03
   4.2245470e-03
   3.7702410e-03
   3.4143480e-03
   4.2981380e-03
   5.0604690e-03
   3.8256650e-03
   3.4392150e-03
   3.0774650e-03
   2.2130960e-03
   1.7022200e-03
   1.5315590e-03
   1.1964300e-03
   8.9610670e-04
   6.7843180e-04
   3.9471130e-04
  -1.5280430e-04
  -5.4490670e-04
   8.4086550e-04
   1.5053430e-03
   1.8263210e-03
   1.7993810e-03
   1.5928690e-03
   1.4895790e-03
   1.1302930e-03
   1.4104310e-04
   1.4199250e-04
   6.3953060e-04
   4.6637790e-04
  -2.1259640e-04
  -7.3401620e-04
  -1.0730100e-03
  -1.3946370e-03
  -1.7296680e-03
  -1.9539360e-03
  -2.1299050e-03
  -3.6658010e-03
  -5.1657620e-03
  -6.8500530e-03
  -8.8916940e-03
  -1.0314500e-02
  -1.1445270e-02
  -1.2045760e-02
  -1.1585960e-02
  -8.8913120e-03
  -6.8504890e-03
  -5.1142820e-03
  -3.3707040e-03
  -3.3468630e-03
  -5.2143410e-03
  -5.9927040e-03
  -7.2728010e-03
  -8.5783210e-03
  -8.7245170e-03
  -9.0494490e-03
  -8.4207090e-03
  -7.2118170e-03
  -5.8813660e-03
  -4.1456700e-03
  -2.7202940e-03
  -1.4667600e-03
  -4.6341560e-04
  -1.6304860e-04
  -2.6505410e-04
  -8.7993640e-04
  -9.2322140e-04
  -1.2213660e-03
  -1.1794230e-03
  -5.3351590e-04
  -2.2180900e-04
   5.3413080e-05
  -5.8448180e-04
  -1.5012510e-03
  -1.8157600e-03
  -2.3864390e-03
  -3.0484700e-03
  -3.4398940e-03
  -3.6458570e-03
  -3.5739000e-03
  -3.1007390e-03
  -1.9045850e-03
  -3.7996140e-05
   1.4908010e-04
  -5.2361410e-04
  -7.1968630e-04
  -1.3041410e-03
  -2.9779910e-03
  -4.5432860e-03
  -5.9776710e-03
  -8.0321840e-03
  -8.9394210e-03
  -7.6681500e-03
  -6.7928060e-03
  -5.6488360e-03
  -5.2349850e-03
  -4.6358360e-03
  -3.7775070e-03
  -3.1400010e-03
  -1.8523830e-03
   9.7086240e-04
   8.9655850e-04
   1.1912210e-03
   2.5886090e-03
   3.8201100e-03
   4.9415100e-03
   6.0547520e-03
   7.1994760e-03
   8.6368630e-03
   1.0816410e-02
   1.1633760e-02
   1.0263630e-02
   9.8186560e-03
   9.0437630e-03
   7.9112320e-03
   7.4995390e-03
   6.9473670e-03
   6.2342190e-03
   5.1976020e-03
   4.1529820e-03
   3.4275520e-03
   4.2860940e-03
   4.8661690e-03
   5.2532940e-03
   5.7706580e-03
   5.5379860e-03
   5.4570750e-03
   5.4766650e-03
   5.1890320e-03
   3.5243400e-03
   1.8008700e-03
   4.7108330e-04
  -5.2104360e-04
  -7.4336730e-04
  -3.3945080e-04
  -6.9220530e-04
  -1.4823000e-03
  -2.4842300e-03
  -4.3299510e-03
  -5.2032950e-03
  -3.4823590e-03
  -2.3425390e-03
  -1.3744270e-03
   3.1555360e-04
   1.7168580e-03
   2.1482560e-03
   2.2940660e-03
   2.7515950e-03
   2.6886880e-03
   2.1397550e-03
   1.8203350e-03
   1.3929260e-03
   3.6298610e-05
  -1.8961430e-03
  -3.2625910e-03
  -4.7380140e-03
  -5.8751280e-03
  -6.3925900e-03
  -6.1058350e-03
  -6.1286880e-03
  -6.0367830e-03
  -5.5862060e-03
  -5.2018900e-03
  -6.4483750e-03
  -7.3633650e-03
  -6.7082480e-03
  -6.2093510e-03
  -5.9969810e-03
  -5.4428100e-03
  -5.8865800e-03
  -6.4868630e-03
  -6.7964930e-03
  -7.2384600e-03
  -7.2797890e-03
  -7.2079250e-03
  -6.2788940e-03
  -5.3663120e-03
  -5.6178420e-03
  -6.3341360e-03
  -6.6297760e-03
  -7.6174360e-03
  -8.5522450e-03
  -8.0162590e-03
  -7.5515450e-03
  -7.1402540e-03
  -3.9841740e-03
  -6.3210270e-04
  -2.6618930e-04
   9.0730820e-04
   2.1199960e-03
   2.4333020e-03
   2.0966720e-03
   1.8607810e-03
   1.6568410e-03
   1.2432310e-03
   1.0173470e-03
   1.6799780e-03
   2.0621370e-03
   1.1140140e-03
   5.1891230e-04
   3.0057620e-05
  -8.8815110e-04
  -9.1760500e-04
  -3.5875430e-04
  -2.7130350e-04
  -1.3523090e-03
  -4.3581180e-03
  -5.0516400e-03
  -5.8234330e-03
  -6.6775970e-03
  -7.0734090e-03
  -6.6019330e-03
  -5.4935620e-03
  -4.8015120e-03
  -3.8221710e-03
  -2.7373290e-03
  -1.7385050e-03
  -5.9631750e-04
  -1.3856660e-03
  -2.3712510e-03
  -2.6212680e-03
  -1.9528320e-03
  -2.7206520e-04
   9.8409050e-04
   3.4954570e-03
   7.1840290e-03
   8.1916870e-03
   5.7354740e-03
   4.4156590e-03
   2.4981670e-03
   1.3191270e-03
   2.9972170e-03
   3.9345160e-03
   4.4261610e-03
   4.0285100e-03
   2.8640620e-03
   2.5093730e-03
   1.6760840e-03
   1.0807930e-03
   1.5750960e-03
   1.7528070e-03
   1.8683230e-03
   2.1412260e-03
   1.9243360e-03
   1.7864920e-03
   1.8433050e-03
   1.8124920e-03
   1.8775380e-03
   2.4106550e-03
   3.6839120e-03
   3.1615710e-03
   2.6841050e-03
   2.7919420e-03
   3.0748020e-03
   3.9527830e-03
   4.5934320e-03
   5.4453010e-03
   6.4599770e-03
   7.2699260e-03
   8.1184800e-03
   8.9336600e-03
   8.8074780e-03
   7.6602430e-03
   6.8971310e-03
   5.6955480e-03
   4.2370490e-03
   2.9223050e-03
   1.4984560e-03
   1.3186730e-04
  -3.1110330e-04
  -3.6142470e-04
  -7.3009210e-04
  -5.6291820e-04
  -3.6556050e-04
  -3.0436380e-04
  -8.9485730e-05
   1.0701690e-04
   2.7060900e-04
   4.1811870e-04
   1.8223620e-04
  -8.4498620e-05
  -2.5874050e-04
  -5.4258790e-04
  -6.3544370e-04
  -3.7045750e-04
  -7.9642500e-04
  -2.2187670e-03
  -2.9271870e-03
  -1.8314650e-03
  -1.1441850e-03
  -6.7966460e-04
  -1.2648450e-04
   1.5139970e-04
   4.9658820e-04
   8.0257240e-04
   1.0706390e-03
   1.4402750e-03
   1.9382110e-03
   2.4919440e-03
   3.1355080e-03
   3.3730010e-03
   2.1395240e-03
   1.1583980e-03
   3.1821660e-04
  -2.9483530e-04
  -1.2878410e-04
  -3.1843590e-04
  -4.8357300e-04
  -1.1942190e-03
  -1.8775510e-03
  -1.7861780e-03
  -1.8251850e-03
  -1.7767590e-03
  -1.2153420e-03
  -9.0227400e-04
  -1.0869290e-03
  -1.2044240e-03
  -1.4911570e-03
  -2.2427840e-03
  -2.8112750e-03
  -3.2968810e-03
  -3.6732840e-03
  -3.8830220e-03
  -3.3662490e-03
  -2.9290550e-03
  -2.5075350e-03
  -1.8414290e-03
  -1.3426830e-03
  -1.4841130e-03
  -1.6244950e-03
  -1.5673530e-03
  -7.1498610e-04
   6.1165940e-04
   1.6364610e-03
   3.1092890e-03
   4.5714060e-03
   5.5215970e-03
   6.5394890e-03
   7.5704150e-03
   7.7733940e-03
   7.8360380e-03
   8.1358270e-03
   8.1872660e-03
   8.1442020e-03
   8.1562350e-03
   7.5034170e-03
   6.3697040e-03
   5.5362890e-03
   4.3958200e-03
   3.2013580e-03
   2.4258530e-03
   2.0239980e-03
   1.3928710e-03
   5.5626700e-04
  -3.3334850e-04
  -1.1985750e-03
  -2.8389680e-03
  -4.9819430e-03
  -5.1385840e-03
  -3.3212410e-03
  -2.5856770e-03
  -1.3149250e-03
   2.8299340e-04
   3.8952020e-04
   3.6690460e-05
   3.8576920e-04
   7.8208880e-04
   1.0096000e-03
   1.3706830e-03
   1.2425180e-03
  -3.2237920e-04
  -1.3935010e-03
  -1.3273060e-03
  -1.5545590e-03
  -1.8918320e-03
  -1.8821800e-03
  -1.9966670e-03
  -2.5535200e-03
  -3.2324640e-03
  -3.6432140e-03
  -3.6688920e-03
  -3.3765630e-03
  -2.4254610e-03
  -1.9810990e-03
  -1.4772300e-03
  -1.5641760e-03
  -2.6528730e-03
  -3.2056160e-03
  -3.9586010e-03
  -4.2000000e-03
  -3.3272230e-03
  -2.9376690e-03
  -2.0559690e-03
  -4.3931450e-04
   7.4800530e-04
   1.0056720e-03
   6.7520190e-04
   3.3253820e-04
  -1.1009790e-03
  -2.3575130e-03
  -3.5135280e-03
  -4.8686740e-03
  -6.1495530e-03
  -6.7389050e-03
  -6.1388900e-03
  -5.9370730e-03
  -5.6335560e-03
  -5.1178540e-03
  -5.1862250e-03
  -5.2158350e-03
  -5.1272220e-03
  -5.0576340e-03
  -3.8754290e-03
  -2.5920500e-03
  -1.6644170e-03
  -1.1993250e-03
  -9.5188450e-04
  -5.4480860e-04
  -3.1040570e-04
   1.1159130e-04
   8.7123170e-04
   1.4701770e-03
   1.9631860e-03
   1.4711390e-03
   1.0217440e-03
   3.7899200e-04
  -9.4209620e-04
  -1.9562460e-03
  -2.9198050e-03
  -3.9295570e-03
  -4.7797980e-03
  -3.8340480e-03
  -2.0844440e-03
  -1.0438510e-03
   6.4191050e-05
   6.5454810e-04
   1.3321500e-03
   1.7681760e-03
   1.4788910e-03
   3.1750040e-03
   4.5325560e-03
   5.6869890e-03
   7.1931110e-03
   7.1021530e-03
   6.8728680e-03
   6.9256560e-03
   5.6401650e-03
   4.8175810e-03
   4.2355360e-03
   3.2507900e-03
   2.4507610e-03
   1.7541680e-03
   5.4398020e-04
  -1.0843870e-03
  -2.8901900e-03
  -6.4428490e-03
  -7.1707250e-03
  -5.2922500e-03
  -2.5683840e-03
  -1.7741940e-03
  -9.1329890e-05
   1.2551910e-03
   1.4948690e-03
   2.2851950e-03
   3.0065680e-03
   3.1302430e-03
   1.7506850e-03
  -2.8822110e-04
  -1.9712710e-03
  -1.1667560e-03
  -9.2687650e-04
  -1.2973460e-03
  -8.0806810e-04
   6.2689980e-04
   1.5977600e-03
   2.0305280e-03
   8.3589450e-04
  -2.5655370e-04
  -5.6920910e-04
  -6.8295560e-04
   2.6053400e-04
   1.3199290e-03
   3.3649430e-03
   5.5549690e-03
   7.6769780e-03
   8.7112330e-03
   9.0996480e-03
   8.9244810e-03
   7.9233440e-03
   7.1447040e-03
   5.9959670e-03
   4.8745230e-03
   4.6119630e-03
   4.4606020e-03
   3.9671850e-03
   2.9206420e-03
   1.9381170e-03
   1.0193530e-03
   1.8146520e-05
  -2.0348110e-04
  -5.1540650e-04
  -1.3769040e-03
  -2.0422790e-03
  -2.9000580e-03
  -2.4145560e-03
   1.1811510e-04
   7.4625690e-04
   1.0424930e-03
   1.1496890e-03
  -3.6295900e-04
  -9.6599610e-04
  -1.4513640e-03
  -1.0540050e-03
  -1.9519890e-03
  -3.0719430e-03
  -2.0962920e-03
   1.3460870e-05
  -2.6668570e-04
  -1.3968190e-03
  -1.4755340e-03
  -2.5778450e-03
  -3.8126570e-03
  -3.4636960e-03
  -1.7077030e-03
  -1.1745360e-03
  -5.1004520e-04
   1.1921300e-05
   3.4992190e-04
   7.0550250e-04
   8.2744540e-04
   9.7536810e-04
   1.2916640e-03
   1.5769870e-03
   2.2365750e-03
   3.4892270e-03
   4.4161810e-03
   5.0174130e-03
   5.7809130e-03
   6.6907480e-03
   7.9083260e-03
   8.4495950e-03
   7.8465470e-03
   7.7316810e-03
   7.2897100e-03
   4.3492460e-03
   1.7163610e-03
   2.4691650e-03
   1.9880400e-03
   3.8316040e-04
  -3.2475910e-04
  -1.0698080e-03
  -1.7964280e-03
  -1.6759400e-03
  -1.7700840e-03
  -1.8848950e-03
  -2.0688270e-03
  -3.2548410e-03
  -3.9077200e-03
  -4.0601730e-03
  -4.1009320e-03
  -4.0786860e-03
  -3.6303830e-03
  -3.2602420e-03
  -2.2911260e-03
  -5.0193770e-04
   1.4767830e-03
   3.5302550e-03
   3.1512620e-03
   1.0765060e-03
   5.6403820e-05
  -1.5087700e-03
  -2.6622210e-03
  -3.6036340e-03
  -4.6215890e-03
  -5.4474630e-03
  -5.9349900e-03
  -6.0482050e-03
  -6.0535280e-03
  -5.6225180e-03
  -5.1459000e-03
  -4.3043870e-03
  -3.5409850e-03
  -3.0891580e-03
  -2.5307580e-03
  -2.0412920e-03
  -2.2719920e-03
  -1.3412230e-03
   2.4423000e-04
   9.8781080e-04
   1.7337800e-03
   1.0098670e-03
   3.2766530e-04
  -2.6446000e-04
  -1.4747540e-03
  -2.7232860e-03
  -3.5404610e-03
  -3.4706070e-03
  -3.7531890e-03
  -2.9451070e-03
  -1.7236290e-03
  -1.9911060e-03
  -1.8030190e-03
  -1.4198660e-03
  -1.6537880e-03
  -1.8541590e-03
  -9.6449940e-04
  -2.8780900e-04
   1.5402120e-04
   2.2477790e-04
   4.9301070e-05
  -8.5745310e-05
  -6.7191990e-04
  -1.2240440e-03
  -1.8338290e-03
  -2.5355890e-03
  -3.2142490e-03
  -4.1065360e-03
  -4.9281050e-03
  -4.4338690e-03
  -3.4230240e-03
  -2.9108050e-03
  -2.0080100e-03
  -1.0045390e-03
  -1.3576820e-04
   4.5491300e-05
  -1.6514190e-03
  -2.6941560e-03
  -1.6262360e-03
  -5.4278380e-04
   9.5504040e-05
   8.9777840e-04
   9.8875420e-04
   1.1190840e-03
   1.0848520e-03
   9.7027700e-04
   9.0156510e-04
   8.0606000e-04
   8.9910900e-04
   1.4369230e-03
   1.0483330e-03
   6.6935460e-04
   1.7391560e-03
   2.2741550e-03
   2.7833920e-03
   4.2840380e-03
   5.6102410e-03
   5.2893900e-03
   5.0892990e-03
   4.4950010e-03
   2.9247200e-03
   1.6807350e-03
  -5.6221510e-04
  -6.4661940e-04
   3.8013310e-04
   2.5410090e-04
   8.4473570e-04
   1.4680070e-03
   8.9563620e-04
   5.2141990e-04
   8.3480350e-05
  -2.4831240e-03
  -4.0650100e-03
  -3.7668540e-03
  -2.7779770e-03
  -2.0105170e-03
  -9.7270630e-04
  -5.1499480e-05
   7.0616940e-04
   7.9786130e-04
   4.0717630e-05
  -2.3876080e-04
  -6.3458040e-04
   1.4809830e-04
   1.7038870e-03
   2.7277000e-03
   4.1400380e-03
   5.0391290e-03
   5.1472800e-03
   5.5337530e-03
   5.0378500e-03
   4.5064990e-03
   4.1778310e-03
   3.6667770e-03
   3.2055360e-03
   2.7792340e-03
   2.3086140e-03
   1.7190760e-03
   1.1246820e-03
   5.5459280e-04
   4.2784800e-06
  -4.6682540e-04
  -9.6542380e-04
  -1.4496240e-03
  -1.8516380e-03
  -2.1726890e-03
  -1.3470310e-03
   3.1896950e-05
   9.4345840e-04
   2.0740670e-03
   2.3116720e-03
   2.3481420e-03
   2.6629960e-03
   2.7028180e-03
   2.7403600e-03
   2.8604030e-03
   2.9247380e-03
   2.8203280e-03
   2.6083800e-03
   2.5620730e-03
   2.5568180e-03
   2.5012280e-03
   2.8351440e-03
   3.3261880e-03
   3.5991410e-03
   4.0293580e-03
   3.5296050e-03
   1.5196680e-03
   1.7191770e-03
   3.0503060e-03
   3.1818430e-03
   3.7732760e-03
   4.0757790e-03
   4.1767020e-03
   3.9572010e-03
   3.3213470e-03
   2.9080680e-03
   2.3129250e-03
   1.2136110e-03
   5.7282770e-04
  -2.6340320e-05
  -5.8733720e-04
  -1.0472800e-03
  -1.5392050e-03
  -1.9035770e-03
  -2.3896030e-03
  -3.8882530e-03
  -5.2000820e-03
  -6.3776940e-03
  -7.0751740e-03
  -4.8120160e-03
  -3.0460910e-03
  -2.1602200e-03
  -5.0457510e-04
   2.4846180e-04
   5.4352820e-04
   1.2373920e-03
   1.4579540e-03
   1.4571130e-03
   1.6774100e-03
   1.7628650e-03
   1.5032550e-03
   5.4413540e-04
  -8.6743450e-04
  -1.1793210e-03
  -1.4701900e-03
  -1.7824370e-03
  -1.6175490e-03
  -1.5974880e-03
  -1.5732770e-03
  -1.8051340e-03
  -3.9407080e-03
  -4.6380860e-03
  -5.2063370e-03
  -5.6506930e-03
  -5.0261320e-03
  -4.8292080e-03
  -4.2809660e-03
  -3.2869720e-03
  -2.6474100e-03
  -2.7788600e-03
  -3.2238030e-03
  -3.4140030e-03
  -4.0907720e-03
  -4.9218060e-03
  -5.5636830e-03
  -5.4706170e-03
  -4.5176190e-03
  -4.0676340e-03
  -2.3407950e-03
  -2.6626750e-04
  -1.2180780e-03
  -1.1902650e-04
   1.3214510e-03
   5.6584630e-04
  -2.8176410e-04
  -4.3498980e-04
  -9.6046580e-04
  -1.4024770e-03
  -1.7858690e-03
  -2.1754270e-03
  -1.6625970e-03
  -1.0986470e-03
  -7.7283110e-04
  -1.9511520e-04
   3.0606450e-04
   6.5822470e-04
   9.0008150e-04
   9.3270690e-04
   2.0006190e-03
   3.1408680e-03
   2.9853660e-03
   3.4575710e-03
   3.5926010e-03
   2.3354350e-03
   1.4534890e-03
  -4.4556430e-05
  -2.4258160e-03
  -3.8334630e-03
  -3.9788520e-03
  -3.3509250e-03
  -2.4061920e-03
  -1.4216380e-03
  -6.5259170e-04
  -1.4355240e-05
   4.7610300e-04
  -2.4144240e-04
  -1.1791040e-03
  -2.0710820e-03
  -3.6553090e-03
  -4.8219820e-03
  -3.7784950e-03
  -2.4803640e-03
  -1.4404960e-03
   8.4057230e-04
   2.8622360e-03
   3.1624150e-03
   1.6978660e-03
   1.0126140e-03
  -5.4348030e-04
  -1.7478950e-03
  -2.6569310e-03
  -2.8619460e-03
  -1.3987020e-03
   5.8043300e-04
   2.1122720e-03
   2.6308570e-03
   2.8580220e-03
   1.7142610e-03
  -2.1025920e-04
  -2.4741150e-03
  -3.5872110e-03
  -4.6186110e-03
  -4.8962480e-03
  -3.2562900e-03
  -9.3831890e-04
   2.2914080e-03
   3.4756020e-03
   4.1715290e-03
   4.8261150e-03
   1.9017220e-03
   7.2303310e-04
   4.1803370e-04
  -5.2806600e-04
   2.0927200e-03
   5.1728860e-03
   7.3179420e-03
   9.9501890e-03
   1.0526960e-02
   8.9339880e-03
   6.1011960e-03
   4.1239220e-03
   4.3723380e-03
   5.0220630e-03
   5.5383560e-03
   4.3821560e-03
   1.0827290e-03
  -3.6132290e-03
  -9.1090550e-03
  -1.2332960e-02
  -9.9767640e-03
  -5.5262390e-03
   7.3994200e-04
   6.5245340e-03
   8.5388350e-03
   8.5336580e-03
   4.4705770e-03
  -1.3900330e-03
  -5.5289920e-03
  -4.7514060e-03
  -2.3995400e-03
   1.2427670e-03
   4.5176070e-03
   6.1041660e-03
   6.9291350e-03
   3.2607290e-03
  -5.5562920e-04
  -2.6043790e-03
  -2.7514020e-03
   5.9820350e-04
   1.4388930e-03
   3.0917010e-03
   4.1242950e-03
   3.3836680e-03
   2.2793090e-03
   5.8611740e-04
  -1.8041590e-03
  -4.1665620e-03
  -5.8984510e-03
  -6.9274330e-03
  -6.2731800e-03
  -4.4918130e-03
  -2.3868310e-03
  -1.4636020e-03
  -8.2753200e-04
  -1.2529860e-03
  -3.0585630e-03
  -3.6985550e-03
  -4.1478990e-03
  -3.9448100e-03
  -2.1767470e-03
  -1.2364170e-03
   3.4505950e-04
   2.0478690e-03
   2.6361360e-03
   2.7131310e-03
  -5.6117720e-04
  -3.9888800e-03
  -6.4984270e-03
  -8.8954230e-03
  -1.0129110e-02
  -7.0634960e-03
  -3.4766770e-03
   1.0081300e-03
   5.1016210e-03
   6.1257910e-03
   4.1909520e-03
   2.7119630e-03
   3.2785800e-04
  -2.0138540e-03
  -3.3280860e-03
  -3.6152890e-03
  -1.3807230e-03
   2.5714410e-03
   4.4633020e-03
   3.3478950e-03
   5.0454100e-04
  -3.4103410e-03
  -7.1327940e-03
  -8.0492920e-03
  -7.5114240e-03
  -6.8779670e-03
  -5.3557720e-03
  -3.7842120e-03
  -2.1026910e-03
   1.3345010e-04
   1.2730490e-03
   2.0652900e-03
   2.8888480e-03
   3.3674550e-03
   4.1298070e-03
   5.0521320e-03
   5.3086090e-03
   5.1941150e-03
   5.1105720e-03
   4.9565920e-03
   4.3461960e-03
   3.9492300e-03
   3.3783490e-03
   2.8068890e-03
   2.3953480e-03
   1.7330030e-03
  -7.1941340e-04
  -1.8650980e-03
  -2.1296620e-03
  -1.8802900e-03
   1.7496720e-04
   1.7729810e-03
   2.5246750e-03
   3.5089800e-03
   3.5738570e-03
   1.3967650e-03
  -1.2063470e-03
  -4.2453180e-03
  -4.4697100e-03
  -2.3257660e-03
   1.6755700e-04
   2.1051660e-03
   2.5536740e-03
   2.1646910e-03
   2.7144180e-03
   2.9883730e-03
   2.7030500e-03
   1.9240940e-03
   3.3780630e-05
  -9.4707300e-04
   3.5981860e-04
   3.4091760e-03
   4.7586270e-03
   5.5831270e-03
   6.5249830e-03
   5.8836090e-03
   4.8354520e-03
   3.6320650e-03
   1.8159860e-03
   1.6780830e-03
   3.5292950e-03
   3.7829500e-03
   3.5508860e-03
   2.0640130e-03
  -4.0210370e-04
  -3.0158670e-03
  -5.4276180e-03
  -6.5975900e-03
  -5.6531550e-03
  -3.1363590e-03
  -1.3570530e-03
   1.3727430e-03
   3.6666590e-03
   4.5860650e-03
   5.4946780e-03
   4.4363470e-03
   2.5105630e-03
   1.5624600e-03
  -5.3145110e-04
  -3.0198770e-03
  -5.0843600e-03
  -6.6496770e-03
  -7.9866880e-03
  -8.8364650e-03
  -7.7753500e-03
  -6.0331870e-03
  -4.3432580e-03
  -2.9989280e-03
  -2.6303650e-03
  -2.4129210e-03
  -2.5878980e-03
  -2.8106300e-03
  -3.2503050e-03
  -4.0516210e-03
  -3.6885300e-03
  -2.4730390e-03
  -2.0541830e-03
  -1.1544240e-03
   3.2307990e-04
   1.3858330e-03
   2.3357700e-03
   3.7599740e-03
   4.0564210e-03
   1.1735480e-03
  -1.4579980e-03
  -3.5025840e-03
  -4.7082840e-03
  -3.5808340e-03
  -2.2655430e-03
  -1.3448070e-03
   1.1723980e-04
   1.2664660e-03
   1.7862280e-03
   1.3907910e-03
  -2.3975220e-04
  -1.9985300e-03
  -2.3734610e-03
  -2.4235920e-03
  -2.0455230e-03
  -1.4847110e-03
  -9.9784780e-04
  -7.9795850e-04
  -2.7098690e-03
  -4.0904580e-03
  -4.9758820e-03
  -6.6641390e-03
  -7.7905310e-03
  -8.3604650e-03
  -8.9259880e-03
  -9.1089460e-03
  -8.4575950e-03
  -7.4094910e-03
  -6.1452830e-03
  -4.9534320e-03
  -3.7542040e-03
  -2.6488740e-03
  -1.4716850e-03
  -7.7260630e-06
   1.3359970e-03
   2.3644650e-03
   2.9592860e-03
   2.7885370e-03
   1.2832340e-03
   8.9173440e-04
   1.6521790e-03
   2.2188650e-03
   2.4933280e-03
   3.0006320e-03
   3.4322420e-03
   3.6387700e-03
   2.4687120e-03
   5.5810370e-04
  -5.2295650e-04
  -1.2906140e-03
  -7.8509740e-04
   1.3518010e-03
   2.3769850e-03
   2.9149960e-03
   3.7142780e-03
   4.7768700e-03
   5.5103030e-03
   5.9255000e-03
   5.4944080e-03
   4.7540380e-03
   4.5030860e-03
   4.5145230e-03
   4.6109690e-03
   5.0394240e-03
   5.4445700e-03
   5.0761270e-03
   4.3676690e-03
   4.2714630e-03
   4.5054630e-03
   5.1922970e-03
   6.0836610e-03
   6.6908450e-03
   6.8817500e-03
   5.4025290e-03
   3.8119730e-03
   2.4587150e-03
   1.0628680e-03
   4.7229320e-04
  -7.5386780e-05
  -3.2748330e-04
   2.1225880e-04
   2.0390190e-03
   3.9918430e-03
   5.2405850e-03
   5.5448830e-03
   4.5036530e-03
   2.1177810e-03
   7.6768140e-04
  -7.0292990e-04
  -2.0985490e-03
  -2.4857450e-03
  -2.8364650e-03
  -2.9095020e-03
  -2.2566750e-03
  -1.5315010e-03
  -9.6328530e-04
  -7.3554010e-04
   4.0406090e-04
   2.2873330e-03
   3.4966380e-03
   4.6868850e-03
   3.7837930e-03
   1.7291120e-03
   2.0707050e-03
   1.9662620e-03
   2.2591290e-03
   2.8830660e-03
   2.9049140e-03
   2.6314520e-03
   1.7794770e-03
  -1.4808350e-04
  -2.7048340e-03
  -4.5341980e-03
  -5.3208340e-03
  -5.5343970e-03
  -5.4457330e-03
  -5.0500820e-03
  -4.4827140e-03
  -4.0427780e-03
  -4.1625890e-03
  -3.9503120e-03
  -3.1069580e-03
  -2.1616210e-03
  -1.7249090e-03
  -1.2603360e-03
  -9.1213130e-04
  -6.8038530e-04
  -8.9502410e-04
  -1.2316920e-03
  -1.2988560e-03
  -4.8763460e-04
  -4.0114810e-04
  -1.8493030e-03
  -3.8680950e-03
  -4.2295730e-03
  -4.1098240e-03
  -3.7256110e-03
  -3.3902360e-03
  -2.7448890e-03
  -2.2301230e-03
  -2.1916750e-03
  -2.1768910e-03
  -2.4164960e-03
  -1.7058890e-03
  -1.1331170e-03
  -7.9656470e-04
   6.1646790e-05
   3.1632500e-04
   2.5883900e-04
   7.6551500e-04
   1.2261380e-03
   1.8568480e-03
   2.6342280e-03
   2.4666540e-03
   2.5246070e-03
   2.2602250e-03
   1.3488680e-03
   8.0221650e-04
  -5.0653240e-04
  -1.6754280e-03
  -2.0163430e-03
  -2.2982290e-03
  -1.1259060e-03
   2.3419670e-04
   8.2662520e-04
   1.8752960e-03
   2.7075580e-03
   2.5723180e-03
   1.9706190e-03
   8.2538930e-04
  -1.5560890e-04
  -4.8292490e-05
   3.6352940e-04
   2.0043100e-04
   1.6342680e-04
   6.1548610e-04
   6.3270590e-04
   5.2527150e-04
   5.0269610e-04
   1.8082590e-04
   4.8323560e-04
   1.2913290e-03
   2.4462740e-03
   3.7928670e-03
   4.7058060e-03
   5.2109920e-03
   4.1990600e-03
   2.5564070e-03
   2.0423100e-03
   8.0724670e-04
   1.0505180e-05
  -4.3955170e-06
   1.4642940e-03
   2.6129180e-03
   3.2688610e-03
   3.7892150e-03
   4.0500790e-03
   4.1627540e-03
   4.0737190e-03
   4.1210050e-03
   4.1308680e-03
   4.0529810e-03
   4.1583370e-03
   4.3812320e-03
   3.9022700e-03
   2.9581750e-03
   2.1595590e-03
   3.1298410e-03
   3.7298710e-03
   3.6371720e-03
   4.1144550e-03
   3.6057520e-03
   2.2711490e-03
   1.2762240e-03
   3.0436500e-04
  -5.8897040e-04
  -8.0790690e-04
  -2.7404730e-05
   8.0701590e-04
   1.5482010e-03
   2.8568740e-03
   3.0652490e-03
   3.2390210e-03
   2.9228920e-03
   1.2644610e-03
   4.4154160e-05
  -9.8328780e-04
  -1.7630780e-03
  -7.5306530e-04
  -4.9021790e-04
  -8.9381930e-04
  -8.5829200e-04
  -1.2579510e-03
  -7.2270750e-04
   1.1618480e-03
   2.4435670e-03
   2.9162540e-03
   2.4079160e-03
   1.0237160e-03
  -1.1110170e-03
  -3.3659270e-03
  -5.3759520e-03
  -4.6813840e-03
  -2.4419580e-03
  -4.5893540e-04
   1.6676350e-03
   2.8667680e-03
   3.4974330e-03
   3.3350770e-03
   1.6730750e-03
   1.0840460e-04
  -1.5930160e-03
  -3.3560750e-03
  -4.2913160e-03
  -3.7843630e-03
  -2.5253770e-03
  -1.2753440e-03
   4.4693650e-04
   2.3167330e-03
   3.2754080e-03
   3.3743440e-03
   3.1569870e-03
   3.1073360e-03
   2.8316790e-03
   2.7623370e-03
   3.6268620e-03
   4.0756200e-03
   4.0939370e-03
   2.6077890e-03
   8.5582460e-04
  -5.0773300e-04
  -2.3568220e-03
  -4.1707370e-03
  -5.0567660e-03
  -5.5161280e-03
  -6.6097370e-03
  -7.5304660e-03
  -7.8920110e-03
  -7.6228170e-03
  -7.5383580e-03
  -6.8885730e-03
  -5.7681420e-03
  -5.3736860e-03
  -4.7837540e-03
  -3.4730770e-03
  -2.3506990e-03
  -9.3168910e-04
   3.4417440e-04
   2.3725240e-04
  -4.7921900e-05
  -4.8782060e-04
  -3.6860360e-04
   1.1958700e-03
   2.3941600e-03
   1.9653950e-03
   2.1343260e-03
   4.9522140e-04
  -1.6541640e-03
  -1.8818180e-03
  -2.5769080e-03
  -1.4742140e-03
   1.4916830e-04
   7.7390220e-04
   1.5477670e-03
   1.3031200e-03
   3.7790340e-04
  -1.1917080e-03
  -1.8542320e-03
  -2.3907530e-03
  -2.7255030e-03
  -6.9248790e-04
   1.1902530e-03
   1.9151210e-03
   3.1799380e-03
   3.4821890e-03
   3.3198510e-03
   3.0775230e-03
   2.2754180e-03
   1.5860310e-03
   9.4683640e-04
  -2.6542430e-04
  -1.2459610e-03
  -1.6308490e-03
  -2.1533470e-03
  -2.4593610e-03
  -2.3646620e-03
  -2.4346650e-03
  -2.3590140e-03
  -2.0961900e-03
  -1.0903750e-03
   3.1370120e-04
   1.3712230e-03
   2.9347500e-03
   4.4962910e-03
   4.5399850e-03
   4.4431350e-03
   3.5972680e-03
   1.8049430e-03
  -1.9680140e-04
  -1.8757050e-03
  -2.7678080e-03
  -2.1646400e-03
  -1.3854380e-03
   3.8043900e-04
   1.6996530e-03
   2.5782320e-03
   3.2747250e-03
   2.5063550e-03
   7.5782630e-05
  -3.4739710e-03
  -5.0778110e-03
  -7.5195360e-03
  -9.7731680e-03
  -1.0248760e-02
  -8.4826770e-03
  -4.7004120e-03
  -1.6684810e-03
   7.6883000e-04
   3.5305150e-03
   5.4446310e-03
   6.6765980e-03
   7.6545920e-03
   3.8133710e-03
   9.7471940e-05
  -2.8744460e-03
  -3.4985390e-03
  -2.5558000e-03
  -6.0865630e-04
   6.6126990e-04
   2.2639820e-03
   2.4795840e-03
   1.3942220e-03
  -8.9593720e-04
  -4.0381760e-03
  -5.7936610e-03
  -6.5841920e-03
  -4.7122340e-03
  -3.9602860e-03
  -4.4004830e-03
  -4.8293030e-03
  -4.5787690e-03
  -3.1139210e-03
  -2.5402910e-03
  -1.8909570e-03
  -1.2641220e-03
  -1.1916530e-03
  -1.1440820e-03
  -1.3787850e-03
  -1.4543920e-03
  -1.2405260e-03
  -5.9864530e-04
   1.2568390e-04
   2.0595380e-04
  -4.4518990e-04
  -1.1512430e-03
  -2.1994360e-03
  -3.1875340e-03
  -3.5245420e-03
  -2.9862890e-03
  -1.6823470e-03
  -8.6351510e-04
  -1.4664420e-04
   1.1050320e-04
  -1.2497540e-03
  -2.3649790e-03
  -2.5276210e-03
  -2.4802960e-03
  -2.0888660e-03
  -2.3613380e-03
  -2.9961850e-03
  -3.3330400e-03
  -3.5750120e-03
  -3.3127970e-03
  -1.9854080e-03
  -9.6560250e-04
   1.0430440e-04
   9.9653700e-04
   1.0931040e-03
   1.1945610e-03
   1.2714710e-03
   1.5088790e-03
   2.7304220e-03
   3.3924000e-03
   3.5235540e-03
   4.1222220e-03
   4.3013810e-03
   3.9210700e-03
   3.4406000e-03
   2.8270510e-03
   1.3510110e-03
   3.4482990e-04
  -5.1818960e-05
  -9.4197250e-04
  -1.7398720e-03
  -2.0053480e-03
  -1.4528180e-03
  -1.2714320e-03
  -5.6411560e-04
   8.0614580e-05
   2.2642870e-04
  -9.6062270e-05
  -8.3064110e-04
  -2.9591960e-03
  -4.2708100e-03
  -4.7870190e-03
  -5.6654870e-03
  -5.5865290e-03
  -4.3809580e-03
  -4.1097610e-03
  -3.6921960e-03
  -2.9297250e-03
  -2.7353290e-03
  -3.3714830e-03
  -3.6050440e-03
  -3.6119880e-03
  -3.1064270e-03
  -2.3702630e-03
  -1.8331520e-03
  -4.6476310e-04
   1.2767300e-03
   1.8006560e-03
   1.5956050e-03
   1.6019500e-03
   1.1486190e-03
   4.9372150e-04
   1.8439920e-04
   1.8700060e-05
   3.5573580e-05
   3.0980190e-04
   4.3542790e-04
   6.6103830e-04
   8.4111500e-04
   2.5146530e-05
  -8.2588940e-04
  -1.3423640e-03
  -1.3745840e-03
  -1.0399260e-03
  -8.5696460e-05
   1.6088680e-03
   3.0480410e-03
   4.5565520e-03
   5.2577270e-03
   5.1832580e-03
   4.2882640e-03
   2.4920590e-03
   1.5046860e-03
  -2.2150880e-04
  -1.2743870e-03
  -1.3843980e-03
  -1.0491570e-03
  -4.4913530e-04
   5.3893360e-04
   3.5918200e-04
   4.7641990e-04
   9.5683630e-04
   1.3762500e-03
   1.7586060e-03
   1.8384720e-03
   1.4249330e-03
   9.3538930e-04
   8.7940630e-04
   7.7888550e-04
   1.3766190e-03
   2.4335560e-03
   2.0551010e-03
   1.8261340e-03
   1.5384080e-03
   9.6151450e-04
   6.5219120e-04
   7.3889170e-04
   8.3938860e-04
   1.4801310e-03
   2.5935820e-03
   2.8169390e-03
   3.2733310e-03
   3.6576570e-03
   3.8416580e-03
   4.0809390e-03
   4.1042000e-03
   4.0890790e-03
   4.1382210e-03
   3.7941630e-03
   2.5967270e-03
   1.7013400e-03
   1.3277520e-03
   6.9162750e-04
   2.0356580e-04
   8.7675840e-04
   1.1568470e-03
   1.0473850e-03
   1.1659660e-03
   6.4475270e-04
  -2.7864920e-04
  -1.0359790e-03
  -1.9914880e-03
  -2.9589620e-03
  -3.0688220e-03
  -2.7693300e-03
  -2.7767550e-03
  -2.8861210e-03
  -2.7648440e-03
  -2.7634220e-03
  -2.5985020e-03
  -2.1738030e-03
  -2.0963310e-03
  -2.1076350e-03
  -1.7002930e-03
  -1.4597860e-03
  -1.3407930e-03
  -1.3116430e-03
  -1.1182570e-03
  -2.2968530e-04
   5.2035370e-04
   8.7453720e-04
   1.2677660e-03
   1.1696890e-03
   1.1450960e-03
   2.1579450e-03
   2.6751390e-03
   2.5797890e-03
   1.7229470e-03
   1.0148680e-03
   4.2982420e-04
  -2.8801510e-04
  -8.6464150e-04
  -1.2179640e-03
  -1.4110140e-03
  -1.5597640e-03
  -9.2495570e-04
  -8.8185680e-04
  -1.0443680e-03
  -8.3557150e-05
   6.2689230e-04
   9.4040710e-04
   1.3853730e-03
   1.7668470e-03
   2.0018970e-03
   1.9400830e-03
   1.6368800e-03
   2.0245980e-03
   1.4722580e-03
   6.3101150e-04
   6.5162170e-05
  -2.5757780e-04
  -5.7101970e-04
  -9.2819810e-04
  -1.3009580e-03
  -2.0223200e-03
  -2.5976670e-03
  -2.4594030e-03
  -2.5072990e-03
  -2.3269600e-03
  -2.0567200e-03
  -1.9777340e-03
  -2.0432720e-03
  -2.4790470e-03
  -2.8262360e-03
  -2.6114800e-03
  -1.7917970e-03
  -6.0667620e-04
   3.9077790e-04
   1.3480220e-03
   2.8637740e-03
   3.5819890e-03
   2.7428150e-03
   1.6924310e-03
   5.5115310e-04
  -5.2921120e-04
   1.4344460e-04
   4.8517820e-04
   7.8681080e-04
   1.4099040e-03
   1.8198450e-03
   2.5746290e-03
   2.6641600e-03
   1.4182710e-03
   1.3633070e-03
   1.3976850e-03
   9.3205620e-04
   1.1773970e-03
   2.8034220e-03
   3.6626510e-03
   3.2893180e-03
   3.2635350e-03
   2.3414920e-03
   1.4345860e-03
   9.8887850e-04
   5.0151990e-04
   3.7152460e-04
   3.5553290e-04
   2.9071300e-04
   3.0146150e-04
   4.3878700e-04
   1.1123520e-03
   1.7799160e-03
   1.3737350e-03
   1.1744090e-03
   8.6658060e-04
   1.7746620e-04
  -2.9884640e-04
  -5.9873040e-04
  -3.5703200e-04
   1.4560750e-03
   2.2045330e-03
   2.6054690e-03
   3.1981390e-03
   3.0100470e-03
   2.2432090e-03
   8.6538120e-04
   2.0444590e-05
   2.2305420e-04
   3.0305190e-04
   1.0941050e-03
   1.6184510e-03
   1.9659670e-03
   2.5687630e-03
   3.0391020e-03
   3.5055120e-03
   3.4409410e-03
   2.2806050e-03
   1.6854830e-03
   1.1173770e-03
   2.4975780e-04
  -1.6026130e-04
  -6.1263570e-04
  -1.9596530e-04
   1.4665060e-03
   2.2175120e-03
   3.0168820e-03
   2.9571000e-03
   1.7990120e-03
   3.5128970e-04
  -1.2502300e-03
  -2.9173710e-03
  -3.4773490e-03
  -3.8681760e-03
  -3.2987710e-03
  -1.6280590e-03
  -2.6874850e-04
   6.4558520e-04
   1.8995330e-03
   2.7267990e-03
   2.3566810e-03
   1.2304910e-03
  -3.1861080e-04
  -1.4339660e-03
  -2.0811910e-03
  -1.5597540e-03
  -3.8652640e-04
   7.0922640e-04
   2.0339800e-03
   2.2289020e-03
   1.3916770e-03
   5.1767990e-04
  -1.9598730e-04
  -1.0190960e-03
  -1.0808290e-03
  -2.1987850e-04
   1.0257770e-04
   6.1774370e-04
   1.3132040e-03
   1.9519540e-03
   2.6099500e-03
   3.2007900e-03
   3.5419010e-03
   3.2026790e-03
   2.6665670e-03
   1.7087540e-03
   1.0670790e-03
   6.7299370e-04
   5.5634840e-04
   1.2288770e-03
   1.2094330e-03
   1.3924440e-04
  -4.9835360e-05
  -9.7745200e-06
  -3.5360210e-04
  -5.9958230e-04
  -7.6968180e-04
  -1.1163720e-03
  -1.3499050e-03
  -1.2843320e-03
  -1.9484850e-04
   2.7816540e-04
   7.8092960e-04
   2.0362540e-03
   2.0882790e-03
   1.4263080e-03
   1.3641240e-03
   8.1000760e-04
   2.8178940e-04
   3.7598510e-04
   6.2285600e-04
   9.3325540e-04
   1.4723830e-03
   2.1090000e-03
   2.5550170e-03
   2.0042400e-03
   1.3663420e-03
   7.5699460e-04
   1.0215650e-04
  -7.8931820e-04
  -7.5502300e-04
  -3.9296740e-04
  -2.2687120e-04
   2.6067910e-04
   7.6514010e-04
   2.7342460e-04
  -2.5821680e-04
  -7.1540290e-04
  -1.7669210e-03
  -2.1886240e-03
  -1.9091500e-03
  -1.9727110e-03
  -1.5471360e-03
  -1.2186300e-03
  -1.1830880e-03
  -1.4036490e-03
  -1.4423900e-03
  -1.2968300e-03
  -1.1135960e-03
  -3.7550850e-04
   5.3439020e-04
   5.7094320e-04
   7.0187630e-04
   5.3266600e-04
  -1.9918130e-04
  -1.1238620e-03
  -1.8306820e-03
  -2.6455380e-03
  -2.9958260e-03
  -3.2130050e-03
  -3.4996980e-03
  -3.2081000e-03
  -2.7322130e-03
  -2.6264330e-03
  -2.5128950e-03
  -2.5642150e-03
  -3.0187160e-03
  -3.6285450e-03
  -4.1440140e-03
  -4.6069790e-03
  -4.8039010e-03
  -4.6097300e-03
  -3.5842090e-03
  -2.2966460e-03
  -9.4846730e-04
  -2.0892820e-04
   4.3395630e-04
  -9.7376670e-05
  -7.5462160e-04
  -8.8591200e-04
  -1.0394020e-03
  -1.0068240e-03
   3.7207060e-04
   7.5611150e-04
   1.1747830e-03
   2.1194380e-03
   1.1720220e-03
  -1.6473940e-04
  -8.9399470e-04
  -1.0556550e-03
  -1.4802890e-03
  -1.7940520e-03
  -1.3387460e-03
  -7.2211090e-04
  -4.9033660e-04
  -9.2358090e-04
  -1.1878220e-03
  -1.1169420e-03
  -1.7458490e-03
  -2.6941870e-03
  -3.4587420e-03
  -3.3369000e-03
  -2.7490630e-03
  -2.1932570e-03
  -1.3220180e-03
  -9.7961460e-04
  -9.3662820e-04
  -7.7337340e-04
  -9.2615890e-04
  -1.2554030e-03
  -9.2256360e-04
  -1.4219190e-04
   5.8943160e-04
   1.1377150e-03
   1.3765890e-03
   1.1390070e-03
   6.4957670e-04
   5.8752030e-04
  -2.0085030e-04
  -9.9549600e-04
  -1.0605390e-03
  -1.1091190e-03
  -1.2624570e-03
  -3.4183850e-04
  -7.8733770e-05
  -5.2975720e-04
  -2.5968940e-04
  -4.1004020e-04
  -8.9892460e-04
  -8.3792570e-04
  -1.0730270e-03
  -1.4137790e-03
  -1.5707750e-03
  -1.7183830e-03
  -9.7302230e-04
   4.2236110e-04
   1.0576640e-03
   4.1462360e-04
   7.4546570e-04
   1.0304440e-03
   1.0955280e-03
   1.3220680e-03
   1.5249830e-03
   1.7265440e-03
   2.0993460e-03
   2.8814110e-03
   3.5529100e-03
   4.0677830e-03
   4.5858840e-03
   5.0086030e-03
   5.1904000e-03
   5.2582700e-03
   5.2205830e-03
   5.0536710e-03
   4.6342580e-03
   4.4819220e-03
   4.5589580e-03
   3.7663490e-03
   2.8981100e-03
   2.6327080e-03
   1.6314220e-03
   4.1061680e-04
  -1.9988380e-04
  -6.8526590e-04
  -1.5092860e-03
  -2.0506150e-03
  -2.4784870e-03
  -2.9449140e-03
  -2.7270350e-03
  -2.1940220e-03
  -1.3206720e-03
  -5.1898450e-04
   2.3026280e-04
   1.0530410e-03
   1.8170710e-03
   2.6327890e-03
   3.4446340e-03
   3.7029430e-03
   3.7435210e-03
   3.5086980e-03
   3.1089490e-03
   2.7652020e-03
   2.5092300e-03
   1.8132170e-03
   1.1455310e-03
   1.5838610e-03
   8.8768860e-04
  -2.9188790e-05
   4.2042910e-05
  -6.7109040e-05
  -4.6909000e-04
   9.8426840e-05
  -8.3026310e-04
  -2.2310270e-03
  -2.5150850e-03
  -2.4473750e-03
  -2.2559350e-03
  -2.0490460e-03
  -1.3308230e-03
  -1.2027140e-03
  -1.4312350e-03
  -1.9337980e-03
  -2.1843000e-03
  -1.8760580e-03
  -2.6279870e-03
  -2.8698450e-03
  -2.4256410e-03
  -1.7820470e-03
  -6.9301370e-04
   5.5522710e-05
   1.1375500e-03
   1.6635970e-03
   1.3010760e-03
   2.0998550e-04
  -6.8143990e-04
  -1.4975500e-03
  -3.0181940e-03
  -2.5176400e-03
  -1.7739530e-03
  -1.2747960e-03
  -3.6628320e-04
   5.3610970e-04
   1.0576180e-03
   8.9804890e-04
  -1.8858330e-05
  -7.9758120e-04
  -1.0881120e-03
  -1.4911860e-03
  -1.3346650e-03
  -1.1703210e-03
  -1.1632810e-03
  -1.2307820e-03
  -1.8383380e-03
  -1.3649070e-03
  -6.0688280e-04
  -1.2699350e-03
  -2.0281580e-03
  -1.6375770e-03
  -2.4386550e-03
  -3.0157710e-03
  -2.1445100e-03
  -2.8022720e-03
  -3.4372870e-03
  -2.1198000e-03
  -2.0544460e-03
  -2.1963490e-03
  -2.1843780e-03
  -2.0802290e-03
  -1.5174630e-03
  -1.0964090e-03
  -5.2814490e-04
  -1.8957810e-04
  -6.0065330e-05
   8.0393590e-05
   4.1805450e-04
   4.2424790e-04
   5.3892930e-04
   8.3693300e-04
   8.1354800e-04
   1.0990320e-03
   1.8024620e-03
   2.2058780e-03
   2.2591300e-03
   2.0445510e-03
   1.4630280e-03
   9.6040160e-04
   4.1620130e-04
  -2.0871090e-04
  -3.9576280e-04
  -3.4172540e-04
  -7.0317850e-04
  -9.3480670e-04
  -1.1296160e-03
  -1.5428780e-03
  -1.9433420e-03
  -2.0111770e-03
  -2.0470180e-03
  -2.1187830e-03
  -2.2305390e-03
  -2.4743920e-03
  -2.2235580e-03
  -1.9726710e-03
  -1.8816330e-03
  -1.5430520e-03
  -1.0389840e-03
  -5.4537010e-04
  -3.5715620e-04
  -4.9109530e-04
  -9.9659460e-04
  -8.6506480e-04
  -4.6319960e-04
  -1.0934700e-04
  -1.4654020e-04
  -8.4074690e-04
  -1.7749380e-03
  -2.5219630e-03
  -1.9730040e-03
  -1.6200100e-03
  -1.5961150e-03
   3.6866530e-05
   7.3111090e-04
  -2.7679670e-04
  -5.4052480e-04
  -9.4303950e-04
  -1.6240930e-03
  -2.0352760e-03
  -2.0507900e-03
  -1.5859290e-03
  -6.6865000e-04
   6.5013870e-05
   7.9552400e-04
   1.4157320e-03
   1.9314070e-03
   2.2998280e-03
   2.0669260e-03
   1.5216720e-03
   1.6403630e-03
   2.4212820e-03
   1.0781850e-03
   7.2767540e-04
   1.7566720e-03
   1.4768650e-03
   1.3319430e-03
   1.6795340e-03
   1.8035820e-03
   2.0505110e-03
   2.5040940e-03
   2.4485760e-03
   2.1207080e-03
   1.6063140e-03
   7.7906940e-04
   7.6324420e-04
   1.1206690e-03
   8.5120400e-04
   7.8502650e-04
   6.6582830e-04
   2.8797220e-04
  -2.1686850e-04
  -3.3055060e-04
  -4.6240350e-04
  -1.3196430e-03
  -2.0012270e-03
  -1.8346150e-03
  -7.5811730e-04
  -1.8640930e-04
   4.0403410e-04
   1.6573720e-04
  -8.5400300e-04
  -1.9311580e-03
  -2.1376500e-03
  -2.4304450e-03
  -2.9061490e-03
  -2.4479900e-03
  -1.6589780e-03
  -6.4702140e-04
  -2.1049400e-04
   4.0497020e-04
   1.2477230e-03
   1.6835090e-03
   1.6062430e-03
   1.1865630e-03
   6.8446650e-04
   1.8808810e-04
  -3.2630610e-04
  -5.9546360e-04
  -5.1482130e-04
  -2.0178170e-04
   4.3809310e-04
   1.0168130e-03
   1.9059710e-03
   2.3888490e-03
   2.0306880e-03
   2.0208970e-03
   1.9610560e-03
   1.6977410e-03
   1.4259890e-03
   8.5962360e-04
   3.3174040e-04
  -3.0104160e-04
  -1.2519810e-03
  -1.3927800e-03
  -8.0773190e-04
  -7.5882450e-04
  -4.8374290e-04
  -3.6587680e-05
   4.3171220e-04
   9.2232210e-04
   1.4943240e-03
   2.1241620e-03
   2.3862400e-03
   2.3948790e-03
   1.6541450e-03
   9.8592320e-04
   1.1785020e-03
   1.0681050e-03
   6.6560200e-04
   4.0292490e-04
  -3.0776360e-05
   1.0848710e-04
   5.5558510e-04
   6.4848580e-04
   1.0135340e-03
   1.8976120e-03
   2.0523510e-03
   1.6738790e-03
   1.4281230e-03
   9.0791660e-04
   1.8973940e-04
   2.0763830e-04
   4.9908530e-04
   6.6980730e-04
   1.0316510e-03
   1.3001870e-03
   1.5653750e-03
   2.0918330e-03
   2.4792590e-03
   2.1243350e-03
   1.7158640e-03
   1.8621760e-03
   1.8179240e-03
   1.9403200e-03
   1.9734360e-03
   1.3791710e-03
   1.2457370e-03
   1.2875070e-03
   6.7556810e-04
   4.8930210e-04
   1.0459650e-03
   1.1062330e-03
   8.7734670e-04
   8.1376290e-04
   6.0716970e-04
   7.7562670e-04
   1.1575910e-03
   9.4786420e-04
   4.3572160e-04
   2.8883090e-04
   2.8178990e-05
  -4.6028820e-04
  -8.8015780e-04
  -9.8343470e-04
  -9.7372320e-04
  -5.0226610e-04
   2.7916940e-04
   2.6732120e-04
   1.9136170e-04
   5.6066430e-04
   7.4138470e-04
   1.2480900e-03
   1.4907380e-03
   3.6776850e-04
  -3.4520420e-04
  -1.2807890e-04
  -3.4338370e-04
  -5.3922790e-04
   1.3544450e-04
   1.0193170e-03
   5.2571320e-04
   4.2049120e-05
   2.7691900e-04
  -7.2762210e-04
  -2.7799620e-03
  -2.5512310e-03
  -2.1706500e-03
  -1.9562120e-03
  -9.8596650e-04
   2.2159150e-04
   1.3625240e-03
   2.6809680e-03
   3.2409280e-03
   2.8993330e-03
   2.2302420e-03
   1.4013110e-03
   6.3286690e-04
  -1.7323470e-04
  -4.7585340e-04
  -4.1250060e-04
  -9.7816520e-04
  -1.3123070e-03
  -7.5542890e-04
  -7.6517120e-04
  -1.6046170e-03
  -1.4354240e-03
  -1.8848970e-03
  -2.6370260e-03
  -2.8538790e-03
  -3.3122230e-03
  -3.2514120e-03
  -3.0167610e-03
  -2.7200440e-03
  -2.4327310e-03
  -2.8992420e-03
  -3.2149650e-03
  -3.3322760e-03
  -3.5790090e-03
  -3.4382520e-03
  -3.2924370e-03
  -3.2808580e-03
  -3.2716330e-03
  -3.2275180e-03
  -3.0914020e-03
  -2.9659260e-03
  -2.7664340e-03
  -2.2953150e-03
  -1.0826260e-03
  -1.1793370e-03
  -2.8086090e-03
  -2.0115910e-03
  -1.6022380e-03
  -1.8002240e-03
  -7.6757040e-04
   1.3639740e-04
   3.7411840e-04
  -9.9856430e-05
  -3.3505980e-04
  -7.9312400e-04
  -1.5624310e-03
  -1.8511230e-03
  -3.8390800e-04
   5.4973300e-04
  -1.9336750e-05
   5.5668190e-05
   6.6864050e-04
   9.0685390e-04
   8.1602530e-04
   8.0892000e-04
   6.4049000e-04
   6.9173850e-04
   1.1809440e-03
   1.4569850e-03
   1.8113010e-03
   2.1797550e-03
   2.3391930e-03
   2.3160550e-03
   1.8515790e-03
   1.4737510e-03
   1.0368660e-03
   2.4921180e-04
  -5.5093630e-04
  -5.9564580e-04
  -5.8245570e-04
  -9.2636690e-04
  -1.0667770e-03
  -6.5037730e-04
  -2.1564680e-04
   1.1621910e-05
   2.6050730e-04
   7.1844160e-04
   1.2404900e-03
   1.6172300e-03
   1.9894560e-03
   2.1930020e-03
   2.4394220e-03
   2.7974600e-03
   3.0465140e-03
   3.0137260e-03
   2.6116250e-03
   1.7791220e-03
   9.9069840e-04
  -4.7223340e-06
  -8.7325660e-04
  -7.6553820e-04
  -8.4313300e-04
  -1.0510070e-03
  -1.0052190e-03
  -9.7347650e-04
  -5.3317970e-04
   8.8713950e-06
   4.0517090e-04
   2.5608880e-04
   7.7135350e-05
   1.4901770e-04
   2.8574600e-04
   1.3072530e-03
   2.1797510e-03
   2.5939640e-03
   2.3225230e-03
   1.7162340e-03
   5.3045030e-04
  -1.0595560e-03
  -1.9928820e-03
  -1.7400750e-03
  -1.5628280e-03
  -9.9436280e-04
  -5.2982780e-04
  -4.3676360e-04
  -9.9707210e-04
  -1.4439130e-03
  -1.8853530e-03
  -2.3342990e-03
  -2.3919500e-03
  -1.3788190e-03
   3.7439580e-04
   2.7460360e-03
   3.7141380e-03
   3.2850420e-03
   1.3796270e-03
  -1.7419170e-03
  -5.2691490e-03
  -7.7665930e-03
  -8.2627190e-03
  -6.3659770e-03
  -1.9685250e-03
   1.4033910e-03
   4.8637260e-04
  -1.8266630e-03
  -3.9521480e-03
  -6.7519340e-03
  -7.8177500e-03
  -5.8431050e-03
  -2.3121570e-03
   3.4912260e-03
   6.2858670e-03
   5.6250710e-03
   4.4483000e-03
   1.0116950e-03
  -2.8037460e-03
  -4.6600150e-03
  -6.0856970e-03
  -5.8613150e-03
  -5.2652580e-03
  -4.3218450e-03
  -3.1226160e-03
  -2.0941940e-03
  -2.1545680e-03
  -2.2002390e-03
  -2.1944020e-03
  -2.5211090e-03
  -3.5303770e-03
  -4.1428520e-03
  -3.6276950e-03
  -2.1450620e-03
  -4.4277190e-04
   1.0899090e-03
   2.4964100e-03
   2.7500990e-03
   1.1929150e-03
   2.6521190e-04
  -6.7459870e-04
  -1.5435510e-03
  -2.0637340e-03
  -2.1123120e-03
  -2.1391680e-03
  -1.8680640e-03
  -5.2807190e-04
   3.9076900e-04
   8.4091000e-04
   1.5490760e-03
   1.9844890e-03
   2.0191480e-03
   1.8065180e-03
   1.4201770e-03
   1.5159880e-03
   2.0021900e-03
   1.9635240e-03
   1.6790780e-03
   1.7540980e-03
   1.9732690e-03
   2.0447520e-03
   2.3823220e-03
   2.7456090e-03
   1.9271460e-03
   9.6475030e-04
   1.0206140e-03
   1.0959760e-03
   1.2659740e-03
   1.6518480e-03
   1.5969640e-03
   1.6003920e-03
   1.6690980e-03
   1.4639040e-03
   1.3003910e-03
   1.2747400e-03
   1.2795550e-03
   1.2409780e-03
   1.2791780e-03
   1.6310790e-03
