  -1.1745200e-01
  -1.0911900e-01
  -7.6833900e-02
  -5.9513500e-02
  -1.9084800e-02
   4.8946100e-02
   8.2303200e-02
   6.5179100e-02
   4.5552300e-02
   3.7687200e-02
   2.5964300e-02
   2.2802000e-02
   3.8183400e-02
   3.6889300e-02
   7.3837000e-03
  -1.4622300e-02
  -2.1271200e-02
  -1.5919600e-02
   9.3678200e-03
   4.9711900e-02
   8.8197200e-02
   7.9658600e-02
   2.5667200e-02
  -6.2532300e-02
  -1.7417900e-01
  -1.7112400e-01
  -7.6179300e-02
  -3.8184100e-02
   3.3194700e-03
   5.7451900e-02
   4.1112000e-02
  -3.3616400e-04
  -6.4565400e-03
   1.0349400e-02
   3.5612600e-02
   5.5266800e-02
   5.8887900e-02
   4.0367700e-02
   4.7215500e-03
  -1.8371300e-02
  -3.2079200e-02
  -2.7113600e-02
  -4.0280500e-03
  -1.1530600e-04
  -5.5448400e-04
   8.0878900e-03
   1.0656600e-02
   8.2157100e-04
  -2.6320700e-02
  -5.7258000e-02
  -7.6139800e-02
  -8.5905400e-02
  -7.5570400e-02
  -4.5672100e-02
  -1.2410000e-02
   4.3841200e-02
   1.0554200e-01
   9.7655300e-02
   2.0495900e-02
  -6.3746700e-02
  -1.1083400e-01
  -1.0503300e-01
  -8.3814200e-02
  -7.2219600e-02
  -6.3213200e-02
  -3.1413400e-02
   7.6098400e-03
  -5.8510500e-03
  -3.2697700e-02
  -3.0730200e-02
  -3.5237700e-02
  -2.6422200e-02
   1.1856400e-02
   3.4232900e-02
   5.2259100e-02
   7.8556000e-02
   8.5740600e-02
   8.6778500e-02
   9.4306800e-02
   9.6748000e-02
   9.3640300e-02
   9.2123100e-02
   8.0492500e-02
   3.8027000e-02
  -2.4778700e-02
  -8.6636200e-02
  -1.0358800e-01
  -6.5843100e-02
  -5.1132300e-02
  -5.1642400e-02
  -2.9259900e-02
  -4.5922600e-02
  -8.5000600e-02
  -8.8106100e-02
  -7.3916300e-02
  -5.5582200e-02
  -2.9595000e-02
   1.5639200e-02
   4.3545700e-02
   3.2038700e-02
   2.9561400e-02
   2.8367800e-02
   2.1341000e-02
   3.3166500e-02
   4.8718900e-02
   5.4292500e-02
   5.4038700e-02
   4.0856300e-02
   1.8750300e-02
   9.9299900e-03
   2.7413300e-02
   4.8380800e-02
   5.2835100e-02
   5.1442000e-02
  -3.5925000e-02
  -1.6249100e-01
  -1.6312400e-01
  -1.4772500e-01
  -1.6967200e-01
  -1.4368200e-01
  -9.8872900e-02
  -3.1652300e-02
   6.4451200e-02
   1.4263900e-01
   1.6809100e-01
   1.4083800e-01
   9.6941600e-02
   6.3552400e-02
  -3.5222000e-03
  -5.7970900e-02
  -1.4630900e-02
   2.6820100e-02
   2.9733700e-02
   2.9739700e-02
   2.1585900e-03
  -3.1427500e-02
  -5.6825600e-02
  -6.2206700e-02
  -4.2303700e-02
  -3.1248000e-02
  -2.5332800e-02
  -1.4217800e-02
  -1.6347900e-02
  -2.2298900e-02
  -1.4781300e-02
   1.7259900e-03
   2.4796200e-02
   4.9971500e-02
   6.8973300e-02
   7.2211100e-02
   4.5601100e-02
  -2.5357100e-02
  -9.6232400e-02
  -8.8141200e-02
  -2.2144200e-02
   4.3847100e-02
   9.4622000e-02
   1.2126500e-01
   1.2350100e-01
   1.0476400e-01
   5.8358600e-02
  -3.5268200e-02
  -1.0691100e-01
  -1.0048900e-01
  -8.9615500e-02
  -7.0233900e-02
  -1.7895900e-02
   6.7259800e-03
  -6.3363800e-03
  -1.8518600e-02
  -3.2590500e-02
  -5.4382300e-02
  -6.0665100e-02
  -4.5885000e-02
  -3.0689300e-02
  -9.4040100e-03
   3.0182400e-02
   4.3912100e-02
   3.1197500e-02
   4.3671100e-02
   6.7563700e-02
   5.5200400e-02
   1.8159200e-02
  -1.5321400e-02
  -6.5044600e-02
  -1.0671000e-01
  -9.1462400e-02
  -5.6525100e-02
  -4.2346300e-02
  -2.1185900e-02
   1.8979700e-02
   6.2576400e-02
   9.7208000e-02
   1.0371800e-01
   9.0570700e-02
   7.7509800e-02
   7.1412300e-02
   5.1167100e-02
  -4.1494200e-03
  -3.8870200e-02
  -3.2658500e-02
  -3.3740900e-02
  -2.4171300e-02
   2.9501000e-03
   1.6048600e-02
   3.3960900e-02
   6.5974100e-02
   8.8350100e-02
   7.2058600e-02
   2.9368700e-02
   2.8408500e-03
  -3.5888000e-02
  -7.7512600e-02
  -6.8768200e-02
  -4.8609800e-02
  -4.4235400e-02
  -3.7596300e-02
  -1.9934800e-02
   1.7020300e-02
   4.5434100e-02
   4.3296900e-02
   3.4852600e-02
   2.6617900e-02
   1.7469300e-02
   1.2694700e-02
   1.2577200e-02
   3.4467600e-03
  -3.3810400e-02
  -6.9747500e-02
  -8.1676700e-02
  -7.2990400e-02
  -5.4918200e-02
  -1.6091900e-02
   5.7237100e-02
   7.5909000e-02
   2.1231000e-02
  -1.2466800e-02
  -4.5309300e-02
  -1.1527700e-01
  -1.3476100e-01
  -9.0600000e-02
  -6.6356700e-02
  -5.4966700e-02
  -6.3660300e-03
   3.6094600e-02
   7.5934500e-03
  -4.2366600e-02
  -7.3790100e-02
  -1.0196900e-01
  -9.1178400e-02
  -3.9344400e-02
   4.1268700e-03
   6.6920100e-02
   1.4183300e-01
   1.4716800e-01
   1.1351700e-01
   1.0198700e-01
   7.0381100e-02
  -1.6092000e-02
  -1.0165700e-01
  -1.3683900e-01
  -1.4347100e-01
  -1.4931800e-01
  -1.3949200e-01
  -1.1922700e-01
  -1.0879700e-01
  -8.1575100e-02
  -4.1765500e-02
  -2.3000700e-02
  -1.4024800e-02
  -6.5593600e-03
  -5.7790500e-03
   3.1532200e-03
   2.1436100e-02
   3.8385000e-02
   6.2115700e-02
   9.0949200e-02
   1.0289700e-01
   9.0124300e-02
   7.7519600e-02
   7.9877600e-02
   7.6996500e-02
   6.7620600e-02
   6.4485800e-02
   6.4273900e-02
   6.1586000e-02
   4.3672700e-02
   1.6206400e-03
  -2.3978200e-02
   2.0443200e-03
   3.2589300e-02
   5.4423300e-02
   1.0518400e-01
   1.4378100e-01
   1.3977100e-01
   1.2236100e-01
   1.0645500e-01
   8.4071800e-02
   4.1062500e-02
   1.6881100e-02
   2.7249300e-02
   2.0676300e-02
  -9.5564300e-03
  -3.1587500e-02
  -3.8199600e-02
  -4.6695800e-02
  -5.1157200e-02
  -3.8621300e-02
  -3.6137500e-02
  -7.0020600e-02
  -1.1508000e-01
  -1.3501400e-01
  -1.4666100e-01
  -1.3990800e-01
  -9.9356100e-02
  -6.5218700e-02
   1.3581100e-02
   8.8676100e-02
   2.8430300e-02
  -2.8308600e-02
  -1.4582600e-02
  -2.2251200e-02
  -1.0184700e-02
   1.8707800e-02
   2.3609800e-02
   3.0820700e-02
   4.0837200e-02
   4.7796400e-02
   4.8969400e-02
   3.3974700e-02
   1.9771200e-02
   2.5919600e-02
   5.0929600e-02
   6.8158500e-02
   4.7508400e-02
   1.0415400e-03
  -6.7192300e-02
  -1.1462300e-01
  -7.6537000e-02
  -1.7751400e-02
   1.7241700e-02
   3.4316900e-02
   2.0874200e-02
   1.2406700e-02
   1.7018800e-02
   2.2300600e-02
   3.1753600e-02
   2.7218700e-02
   9.1896100e-03
  -3.4994700e-04
  -4.5584300e-03
  -8.4469600e-03
  -2.0779000e-03
   1.0980600e-02
   2.2577400e-02
   3.0116600e-02
   1.9863300e-02
  -4.8227400e-03
  -3.0616900e-02
  -5.9080900e-02
  -6.7818500e-02
  -4.0250900e-02
  -4.5788100e-03
   2.2952000e-02
   4.4975100e-02
   3.3479300e-02
  -1.8152700e-02
  -6.2832500e-02
  -7.9948500e-02
  -7.3314100e-02
  -3.5194200e-02
   1.8467400e-02
   5.1651300e-02
   5.6227900e-02
   1.7259600e-02
  -5.4626500e-02
  -8.3065100e-02
  -6.1961300e-02
  -3.5649300e-02
   3.0781700e-02
   1.2569100e-01
   1.5512700e-01
   1.2587600e-01
   9.7050000e-02
   3.5391300e-02
  -5.3153500e-02
  -3.4376400e-02
   4.2187200e-02
   5.7756600e-02
   8.8472800e-02
   1.3941000e-01
   1.4587800e-01
   1.2197900e-01
   1.0288300e-01
   8.4739300e-02
   5.0705400e-02
   1.0227700e-02
  -2.6159700e-02
  -4.8125400e-02
  -6.0238800e-02
  -5.9487100e-02
  -3.3695100e-02
  -8.5434100e-03
   1.1373500e-02
   4.0719900e-02
   6.9114100e-02
   7.5850500e-02
   4.2450700e-02
   6.2181000e-03
  -7.7300800e-03
  -4.4966600e-02
  -8.4467200e-02
  -7.9995300e-02
  -8.1853100e-02
  -9.4964900e-02
  -7.3034300e-02
  -5.1175600e-02
  -3.1295100e-02
   5.2087300e-02
   1.2221800e-01
   8.3923800e-02
   4.4802400e-02
   3.7897400e-02
  -1.1952000e-02
  -5.2287300e-02
  -5.1682600e-02
  -3.9599300e-02
  -7.6160600e-03
   1.7940400e-02
   3.3176400e-02
   6.0226500e-02
   7.2939600e-02
   6.0600300e-02
   4.2847600e-02
   3.2693600e-02
   2.3773300e-02
   3.0996800e-03
  -3.0017800e-02
  -5.5700200e-02
  -6.3182200e-02
  -5.9312000e-02
  -4.0758400e-02
  -1.9861300e-02
  -1.0944900e-02
   1.6056500e-03
   1.0434000e-02
  -7.3196800e-03
  -2.7951900e-02
  -2.9854000e-02
  -3.0136300e-02
  -2.5032600e-02
  -6.6106900e-03
   8.0944000e-03
   1.9861900e-02
   3.0190200e-02
   2.2178300e-02
   1.0400200e-03
  -1.1481300e-02
  -2.0275700e-02
  -3.1267600e-02
  -2.1065500e-02
   7.2458700e-03
   3.9308300e-02
   8.4320300e-02
   1.1196300e-01
   1.0531600e-01
   9.4584500e-02
   8.6874900e-02
   7.3197800e-02
   4.9007000e-02
   1.2566700e-02
  -5.9617200e-02
  -1.2911800e-01
  -1.3248300e-01
  -1.2500500e-01
  -1.2061100e-01
  -8.9397000e-02
  -5.4580400e-02
  -1.1803200e-02
   2.3654500e-02
   3.1099700e-02
   3.5976600e-02
   3.8369900e-02
   2.9040100e-02
   3.4648400e-02
   5.5290300e-02
   6.4533100e-02
   6.3077400e-02
   5.4288700e-02
   4.2154700e-02
   4.0361800e-02
   4.7499300e-02
   5.6060300e-02
   4.7660400e-02
   1.7561200e-02
  -3.6427400e-03
  -1.9828400e-02
  -4.2287400e-02
  -2.9648600e-02
   1.5837600e-02
   6.2398200e-02
   9.7029500e-02
   8.7134900e-02
   6.2949500e-02
   6.2379800e-02
   5.6165600e-02
   4.7300900e-02
   5.3276900e-02
   4.7669800e-02
   2.2422500e-02
   5.5693900e-03
  -1.2250300e-02
  -4.2204900e-02
  -5.4297800e-02
  -4.1104100e-02
  -2.4322600e-02
  -1.7919800e-02
  -1.2364700e-02
  -6.7344500e-03
  -1.6879700e-02
  -2.9181000e-02
  -3.2721600e-02
  -4.4059200e-02
  -6.1521400e-02
  -7.5051600e-02
  -8.9323900e-02
  -1.0558200e-01
  -1.0890900e-01
  -8.6441000e-02
  -6.2544000e-02
  -5.4983500e-02
  -4.9655200e-02
  -5.2514100e-02
  -6.3926800e-02
  -6.5334000e-02
  -5.4830000e-02
  -3.9875000e-02
  -2.5816100e-02
  -1.5421500e-02
  -2.8005300e-02
  -5.4395700e-02
  -6.1149000e-02
  -5.7146500e-02
  -4.4640800e-02
  -1.4246700e-02
   1.7299100e-02
   3.8102000e-02
   5.8419500e-02
   7.5294100e-02
   8.2008300e-02
   9.1500700e-02
   1.0359400e-01
   1.0975900e-01
   1.1432900e-01
   1.1386200e-01
   1.0202500e-01
   7.7816900e-02
   4.0705000e-02
   2.0483900e-02
   2.2359500e-02
   1.7838600e-02
   1.6812800e-02
   2.1049500e-02
   9.3028800e-03
  -1.2580300e-02
  -3.2332300e-02
  -5.4836700e-02
  -6.9850300e-02
  -7.6546500e-02
  -8.5131100e-02
  -8.0088000e-02
  -7.1224800e-02
  -7.4796700e-02
  -7.4321600e-02
  -7.0745400e-02
  -7.3663400e-02
  -7.0336300e-02
  -5.5469300e-02
  -3.5857500e-02
  -1.0227000e-02
   2.0136400e-02
   4.1075200e-02
   4.8030300e-02
   4.1542600e-02
   2.0097800e-02
  -2.7453800e-03
  -2.4009700e-02
  -3.6422900e-02
  -3.6848100e-02
  -3.8730700e-02
  -3.7773800e-02
  -4.2507300e-02
  -5.6895800e-02
  -6.3916000e-02
  -6.7082100e-02
  -7.5925400e-02
  -7.5527700e-02
  -6.1374200e-02
  -4.7850800e-02
  -1.9296300e-02
   2.3205500e-02
   4.0442500e-02
   3.3097800e-02
   1.8649100e-02
  -3.3647400e-04
  -1.3311400e-02
  -2.3014900e-02
  -2.7833100e-02
  -2.4300400e-02
  -2.9434600e-02
  -4.1523100e-02
  -5.0395100e-02
  -4.7919700e-02
  -2.7673100e-02
  -1.1794600e-02
  -5.9262400e-03
   5.1084100e-03
   9.5756900e-03
   5.1366000e-03
   8.1207700e-03
   1.3987300e-02
   1.4024100e-02
   9.2934100e-03
   2.5520900e-03
  -1.2262200e-03
  -4.8287000e-03
  -5.2106500e-03
   2.9342800e-03
   8.0789500e-03
   9.8755100e-03
   2.0810100e-02
   2.9999200e-02
   2.8064100e-02
   2.8008900e-02
   2.6195200e-02
   1.6861600e-02
   4.8122900e-03
  -8.9059100e-03
  -1.5126300e-02
  -1.4368400e-02
  -1.8497700e-02
  -1.9800000e-02
  -9.0332900e-03
   2.9452300e-04
   4.0599400e-03
   7.4019800e-03
  -6.3184600e-04
  -1.5215800e-02
  -2.4298300e-02
  -3.2237200e-02
  -3.6834100e-02
  -3.5992800e-02
  -3.0596000e-02
  -2.3545600e-02
  -2.2878800e-02
  -2.5765700e-02
  -1.8259500e-02
  -3.3308700e-03
   8.5954500e-03
   2.6651500e-02
   4.2895900e-02
   4.4191700e-02
   4.0964800e-02
   3.5601000e-02
   2.9986400e-02
   2.6172700e-02
   2.5869300e-02
   3.3000200e-02
   4.1124900e-02
   3.8660800e-02
   2.1954300e-02
   8.3339800e-03
  -1.3209300e-02
  -4.0891800e-02
  -3.9657100e-02
  -3.2999600e-02
  -3.8967000e-02
  -3.8527100e-02
  -2.9187800e-02
  -1.0077900e-02
   1.3063100e-02
   2.3425600e-02
   2.2492200e-02
   1.7214500e-02
   9.9571100e-03
   5.7516900e-03
   2.2032400e-03
   5.0015900e-03
   1.4203800e-02
   1.9565500e-02
   2.7964200e-02
   3.8299400e-02
   4.1033900e-02
   3.7687800e-02
   2.8244300e-02
   1.4637900e-02
   2.1575300e-03
  -5.6242900e-03
  -3.2322800e-03
   6.4159300e-03
   9.4697100e-03
   9.0074400e-03
   1.1004100e-02
   6.4475400e-03
  -3.4585400e-04
  -3.2958400e-03
  -8.4464800e-03
  -1.3198800e-02
  -1.5397600e-02
  -1.5038300e-02
  -7.9654500e-03
   6.3172700e-04
   6.2673900e-03
   9.5575100e-03
   9.8111400e-03
   8.4876400e-03
   8.0326700e-03
   8.7033600e-03
   8.2058500e-03
   6.0386700e-03
  -1.2638300e-04
  -7.5570500e-03
  -7.0302700e-03
  -5.8104400e-03
  -1.0611700e-02
  -1.3371300e-02
  -1.1839700e-02
  -9.8354000e-03
  -9.7448700e-03
  -1.2187900e-02
  -1.6082900e-02
  -2.0090800e-02
  -2.5082100e-02
  -2.6216800e-02
  -2.0219900e-02
  -1.6544300e-02
  -1.6198100e-02
  -1.2125200e-02
  -4.7627900e-03
   5.6025700e-03
   1.5165700e-02
   1.6814000e-02
   1.9951400e-02
   3.2058300e-02
   4.2414800e-02
   4.9846700e-02
   5.4720900e-02
   5.0722600e-02
   3.5271900e-02
   8.5330200e-03
  -6.6734100e-03
   5.3991600e-03
   1.6952300e-02
   1.4088500e-02
   1.0924500e-02
   4.7881300e-03
  -6.9901500e-03
  -1.6610100e-02
  -1.9188000e-02
  -1.4719900e-02
  -1.2186400e-02
  -1.3248200e-02
  -1.2623900e-02
  -1.2649500e-02
  -1.0898900e-02
  -4.9138000e-03
  -1.7905200e-03
  -1.2551100e-03
  -5.3683900e-04
  -3.6286700e-03
  -7.9873500e-03
  -1.0650300e-02
  -1.4533200e-02
  -1.6444600e-02
  -1.1422400e-02
  -4.8563400e-03
  -1.2523400e-03
   2.9394500e-03
   5.8307000e-03
   3.4101500e-03
  -5.0628400e-04
  -1.8126300e-03
  -3.2477000e-03
  -6.0920300e-03
  -7.9159100e-03
  -8.9256000e-03
  -1.0655800e-02
  -1.3799000e-02
  -1.7002800e-02
  -1.8615300e-02
  -1.9881000e-02
  -2.1461600e-02
  -2.2998000e-02
  -2.3915300e-02
  -2.1012100e-02
  -1.5961700e-02
  -1.1063500e-02
  -5.4345000e-03
  -4.7996300e-03
  -8.4982100e-03
  -1.0461800e-02
  -1.2072000e-02
  -1.4583700e-02
  -1.9713400e-02
  -2.5206700e-02
  -2.1616400e-02
  -1.3357600e-02
  -4.1420400e-03
   1.7698500e-02
   3.4771500e-02
   3.2235500e-02
   3.1469200e-02
   3.2334400e-02
   2.3905200e-02
   1.4468800e-02
   1.0380800e-02
   1.1539900e-02
   1.3925000e-02
   1.2038200e-02
   3.0263300e-03
  -9.9861900e-03
  -1.5740200e-02
  -1.6299400e-02
  -1.8980300e-02
  -1.7721800e-02
  -1.5381900e-02
  -1.8380600e-02
  -2.2127700e-02
  -2.3800000e-02
  -1.9599700e-02
  -1.0286500e-02
   4.0984100e-03
   2.3869100e-02
   3.0137900e-02
   3.0178200e-02
   3.8342800e-02
   3.9134700e-02
   3.5585700e-02
   4.0522600e-02
   4.9920800e-02
   5.7166600e-02
   6.0939800e-02
   5.7599100e-02
   4.7874200e-02
   3.4304300e-02
   1.6646700e-02
   9.6384400e-03
   1.5983100e-02
   2.1952700e-02
   2.4958300e-02
   2.3581400e-02
   1.9174600e-02
   1.2041900e-02
  -1.1625500e-03
  -1.2320100e-02
  -1.4115300e-02
  -1.3856200e-02
  -1.7606800e-02
  -2.0237300e-02
  -1.7682500e-02
  -1.4640600e-02
  -1.2804400e-02
  -7.9517600e-03
  -2.1940000e-03
   2.5478700e-03
   1.1722700e-02
   2.2019300e-02
   2.2946900e-02
   1.8600900e-02
   1.6906300e-02
   1.5755400e-02
   1.3889700e-02
   1.5171300e-02
   1.9557600e-02
   2.2340100e-02
   2.2342200e-02
   1.9937000e-02
   1.1186500e-02
  -3.1008200e-03
  -8.8302100e-03
  -3.1585500e-03
   2.8390400e-03
   8.3742900e-03
   1.6111300e-02
   1.8774100e-02
   1.5109800e-02
   1.6760700e-02
   2.2835800e-02
   2.5157800e-02
   2.4722200e-02
   2.2878400e-02
   1.2527100e-02
  -1.5278000e-03
  -6.0159000e-03
  -8.2115000e-03
  -9.6590800e-03
  -1.1912700e-02
  -2.5685100e-02
  -4.0510500e-02
  -4.2083800e-02
  -2.8962700e-02
  -1.3898900e-02
  -4.1441500e-03
   6.7377300e-03
   1.3943900e-02
   1.5282400e-02
   1.4429700e-02
   1.4552500e-02
   1.6825600e-02
   1.0114500e-02
  -1.2959400e-02
  -3.5577200e-02
  -4.0379900e-02
  -2.9887300e-02
  -1.2971100e-02
   2.5638200e-04
   5.2188700e-03
   6.2460800e-03
   8.5814900e-03
   8.1790700e-03
   5.3304700e-03
   6.5974900e-03
   7.4969700e-03
   5.5438400e-03
   2.8842600e-03
  -2.3760600e-04
   7.7746800e-04
   8.8643000e-03
   1.3829600e-02
   1.0833400e-02
   9.9534800e-03
   1.0737000e-02
   8.0135900e-03
   8.3004800e-03
   1.4918200e-02
   2.0619600e-02
   2.5198100e-02
   3.0751900e-02
   3.2628600e-02
   3.3605200e-02
   3.6336500e-02
   3.7625400e-02
   3.8114200e-02
   3.8741300e-02
   3.6278200e-02
   3.1523100e-02
   2.4036000e-02
   9.2541200e-03
  -4.3256600e-04
   2.0190900e-03
   4.4728900e-05
  -4.2971100e-03
   7.9811300e-04
   8.9934400e-03
   1.6845300e-02
   2.1795200e-02
   1.8023300e-02
   1.2422800e-02
   1.0801400e-02
   7.6106000e-03
   5.9423100e-03
   1.2302600e-02
   1.8817300e-02
   2.0867700e-02
   2.0181200e-02
   1.1528300e-02
  -1.4119000e-03
  -8.2597200e-03
  -9.7118300e-03
  -1.0530700e-02
  -1.0646200e-02
  -1.7890700e-02
  -3.2022800e-02
  -3.5149100e-02
  -3.4528000e-02
  -4.0864700e-02
  -4.1349000e-02
  -3.5451100e-02
  -3.1141800e-02
  -2.7400000e-02
  -2.4231100e-02
  -2.3089700e-02
  -2.3057500e-02
  -2.4965200e-02
  -2.9782700e-02
  -3.7548900e-02
  -4.4966200e-02
  -4.7669200e-02
  -4.9255800e-02
  -4.9877800e-02
  -4.6856800e-02
  -4.4489300e-02
  -4.2977300e-02
  -4.0612800e-02
  -3.8722300e-02
  -3.6735700e-02
  -3.2251600e-02
  -2.5714900e-02
  -2.2821500e-02
  -2.2518500e-02
  -2.2180900e-02
  -2.5655700e-02
  -3.0614500e-02
  -3.5286000e-02
  -3.3770100e-02
  -2.3337300e-02
  -1.8895300e-02
  -1.9319500e-02
  -1.8608200e-02
  -2.4188400e-02
  -3.1269700e-02
  -3.4300900e-02
  -3.4355900e-02
  -2.9223500e-02
  -2.1544600e-02
  -1.5166500e-02
  -1.1084700e-02
  -9.9341800e-03
  -1.2347900e-02
  -1.6550100e-02
  -1.9156200e-02
  -2.2900600e-02
  -2.6014200e-02
  -2.3617800e-02
  -2.0632500e-02
  -2.0354600e-02
  -1.8974300e-02
  -1.5364600e-02
  -1.1872000e-02
  -9.7333200e-03
  -8.0399200e-03
  -5.3838900e-03
  -2.1976100e-03
  -1.1801100e-04
   6.4772700e-04
   1.8454100e-03
   3.3099600e-03
   4.1073300e-03
   3.4618500e-03
   3.0480100e-04
  -3.1603400e-03
  -5.0129200e-03
  -6.2415900e-03
  -4.6418700e-03
   1.2577700e-03
   6.6760100e-03
   1.2028000e-02
   1.9815100e-02
   2.4079600e-02
   2.4251300e-02
   2.6586000e-02
   3.0059800e-02
   3.0817400e-02
   2.8647500e-02
   2.6596900e-02
   2.5595400e-02
   2.4217000e-02
   2.4724200e-02
   2.6015200e-02
   2.6338900e-02
   2.8087100e-02
   3.0083500e-02
   2.9962000e-02
   2.6030700e-02
   1.6370800e-02
   7.1283100e-03
   5.6111700e-03
   7.7904800e-03
   8.5631600e-03
   8.2624300e-03
   8.9349800e-03
   1.0083000e-02
   9.3250800e-03
   8.0153400e-03
   8.1402000e-03
   1.0379700e-02
   1.3706400e-02
   1.5510100e-02
   1.7296500e-02
   1.9762100e-02
   1.7941100e-02
   1.3763400e-02
   9.3435400e-03
  -6.7013200e-04
  -8.8512600e-03
  -1.1475500e-02
  -1.7275300e-02
  -2.2352300e-02
  -2.5068200e-02
  -2.5022300e-02
  -1.7836700e-02
  -1.2058600e-02
  -6.2460800e-03
   1.5839500e-03
   2.0644200e-03
   3.3707700e-03
   1.2170300e-02
   2.0774100e-02
   2.6804400e-02
   3.1229800e-02
   3.3838700e-02
   3.6916500e-02
   4.0090100e-02
   4.0291400e-02
   3.9206300e-02
   3.9593700e-02
   4.0331300e-02
   4.0423200e-02
   4.0681900e-02
   4.0506400e-02
   3.7674400e-02
   3.2909700e-02
   2.7985300e-02
   2.6569700e-02
   3.2978400e-02
   3.9393900e-02
   4.1590300e-02
   4.2950000e-02
   3.9302700e-02
   3.0468400e-02
   1.9042300e-02
   1.0563800e-02
   7.8531800e-03
   1.8442900e-03
  -5.9618400e-03
  -8.3711400e-03
  -7.6551100e-03
  -7.4354900e-03
  -8.8857700e-03
  -1.2314700e-02
  -1.6954500e-02
  -1.9743900e-02
  -1.9311700e-02
  -1.5897700e-02
  -1.2234000e-02
  -1.1188400e-02
  -9.8359600e-03
  -8.6106900e-03
  -1.0538800e-02
  -1.2250400e-02
  -1.2176400e-02
  -1.1805000e-02
  -1.0768900e-02
  -1.0130900e-02
  -9.4335500e-03
  -6.3566400e-03
   3.5646500e-04
   8.9821500e-03
   1.7136400e-02
   2.6637700e-02
   2.8692800e-02
   2.0250900e-02
   1.7256300e-02
   1.4828000e-02
   5.5487200e-03
   1.6262000e-03
   2.1311700e-03
   5.8497100e-04
  -1.6620300e-04
   1.2869500e-03
   3.6227900e-03
   5.5879500e-03
   7.4521000e-03
   1.0055400e-02
   1.2594200e-02
   1.4364700e-02
   1.6076400e-02
   1.7477600e-02
   1.6921900e-02
   1.5778200e-02
   1.5900600e-02
   1.6644100e-02
   1.8017700e-02
   1.9072500e-02
   1.6284600e-02
   9.9498800e-03
   6.5117500e-04
  -1.4883900e-02
  -2.6300500e-02
  -2.5022300e-02
  -1.9569000e-02
  -1.2970600e-02
  -5.4288000e-03
  -8.9389600e-04
   1.0158200e-04
  -7.4349100e-04
  -2.1756600e-03
  -3.5854400e-03
  -5.6490900e-03
  -8.2075400e-03
  -1.0507600e-02
  -1.0482800e-02
  -6.0859600e-03
  -2.2075000e-03
  -2.7230700e-03
  -7.1102900e-03
  -1.4408900e-02
  -1.9599500e-02
  -2.1346500e-02
  -2.1469600e-02
  -1.8697000e-02
  -1.5591900e-02
  -1.4681500e-02
  -1.5749500e-02
  -1.8935500e-02
  -2.2648900e-02
  -2.5809200e-02
  -2.9666400e-02
  -3.0400900e-02
  -2.5212400e-02
  -2.1393600e-02
  -1.8358600e-02
  -1.3306300e-02
  -1.0903000e-02
  -1.1221400e-02
  -1.3943500e-02
  -1.8104800e-02
  -2.3523600e-02
  -2.7128900e-02
  -2.4984100e-02
  -2.4354000e-02
  -2.6830800e-02
  -2.8716500e-02
  -3.1634600e-02
  -3.4005600e-02
  -3.5874800e-02
  -3.6481800e-02
  -3.4136700e-02
  -3.1554400e-02
  -2.7023300e-02
  -2.1567000e-02
  -1.9253200e-02
  -1.8008700e-02
  -1.6028900e-02
  -1.4109300e-02
  -1.1248500e-02
  -6.4857500e-03
  -3.1697000e-03
  -2.2927400e-03
  -2.3388700e-03
  -4.9641400e-03
  -8.5987100e-03
  -1.3273800e-02
  -2.1239600e-02
  -2.6694100e-02
  -2.7304100e-02
  -2.5596000e-02
  -2.2456500e-02
  -1.9822500e-02
  -1.8115300e-02
  -2.0180500e-02
  -2.4592000e-02
  -2.6324700e-02
  -2.8792600e-02
  -3.3489700e-02
  -3.6997700e-02
  -3.9116700e-02
  -3.7352900e-02
  -3.2084700e-02
  -2.5336600e-02
  -1.4258700e-02
  -7.1026300e-03
  -6.6866400e-03
  -4.9641400e-03
  -3.4868800e-03
  -2.2554500e-03
   4.3754200e-05
   1.8019400e-03
   3.2792700e-03
   2.3024700e-03
  -8.5943200e-04
  -3.2413000e-03
  -5.3752900e-03
  -4.5480400e-03
  -7.5351100e-04
   7.1735000e-04
   1.7715700e-03
   4.9416500e-03
   7.9524100e-03
   9.6230600e-03
   1.0090400e-02
   8.8194300e-03
   6.9494100e-03
   6.0408900e-03
   6.2009900e-03
   8.7989600e-03
   1.3463700e-02
   1.7297900e-02
   1.7798800e-02
   1.6966000e-02
   1.7788100e-02
   1.8460900e-02
   1.8946700e-02
   2.0406700e-02
   2.1467000e-02
   2.2205500e-02
   2.2071100e-02
   1.9687000e-02
   1.7208500e-02
   1.5325500e-02
   1.3970700e-02
   1.4707100e-02
   1.5151600e-02
   1.2742300e-02
   9.9339000e-03
   9.2008500e-03
   9.0692300e-03
   1.0878800e-02
   1.5117500e-02
   1.9431000e-02
   2.4203500e-02
   2.6530500e-02
   2.6086700e-02
   2.5308200e-02
   2.4618600e-02
   2.5359700e-02
   2.6088000e-02
   2.5150900e-02
   2.2058600e-02
   1.8552000e-02
   1.6638800e-02
   1.6023500e-02
   1.9130500e-02
   2.4687700e-02
   2.9203200e-02
   3.2228200e-02
   3.1829600e-02
   2.8141800e-02
   2.4793000e-02
   2.2576800e-02
   1.8538900e-02
   1.3664800e-02
   1.0647300e-02
   9.4470100e-03
   9.0910100e-03
   8.6940400e-03
   9.1509900e-03
   1.1450600e-02
   1.5874700e-02
   1.9367900e-02
   2.0925900e-02
   2.2262400e-02
   2.0105100e-02
   1.4058200e-02
   8.3536600e-03
   6.5255200e-03
   6.7100900e-03
   3.6922600e-03
  -1.4135900e-03
  -6.7197800e-03
  -9.4093800e-03
  -7.5267300e-03
  -6.5732000e-03
  -5.1547800e-03
  -7.8536300e-04
   5.2842600e-04
  -5.9465800e-04
  -7.5594000e-04
  -6.9098300e-04
   1.8203900e-03
   6.0274200e-03
   8.9867200e-03
   1.1610300e-02
   1.0291600e-02
   6.8962300e-04
  -1.2494200e-02
  -2.0270600e-02
  -2.1698300e-02
  -1.9610500e-02
  -1.4687700e-02
  -8.6014400e-03
  -2.5498200e-03
  -3.0646900e-03
  -8.7713500e-03
  -1.2916500e-02
  -1.7702200e-02
  -2.1212500e-02
  -2.1443700e-02
  -2.0366900e-02
