   2.7442500e-02
   2.4427000e-02
   2.2213400e-02
   1.9982300e-02
   1.7984700e-02
   1.6614300e-02
   1.4805000e-02
   1.2778800e-02
   1.0840100e-02
   8.7095000e-03
   6.5334000e-03
   4.3575700e-03
   2.7248000e-03
   2.2595500e-03
   2.7387600e-03
   4.3124400e-03
   6.9392800e-03
   1.0324000e-02
   1.4215200e-02
   1.8727400e-02
   2.3501500e-02
   2.7600700e-02
   3.1369700e-02
   3.4558900e-02
   3.7174500e-02
   3.9174200e-02
   4.0345700e-02
   4.1407500e-02
   4.2296600e-02
   4.3067600e-02
   4.3812600e-02
   4.4714000e-02
   4.5748400e-02
   4.6374400e-02
   4.7069500e-02
   4.7780600e-02
   4.8142600e-02
   4.8329800e-02
   4.8713100e-02
   4.9491900e-02
   4.9942000e-02
   5.0372800e-02
   5.1130700e-02
   5.1939500e-02
   5.2446400e-02
   5.2633500e-02
   5.2851600e-02
   5.2978700e-02
   5.3423200e-02
   5.3806300e-02
   5.4213100e-02
   5.5097500e-02
   5.5732400e-02
   5.5853900e-02
   5.5615000e-02
   5.4602300e-02
   5.2350000e-02
   4.9664000e-02
   4.6622100e-02
   4.2946600e-02
   3.9346900e-02
   3.5942100e-02
   3.2956600e-02
   3.0521400e-02
   2.8315400e-02
   2.6699300e-02
   2.5472800e-02
   2.4525400e-02
   2.4152300e-02
   2.3959900e-02
   2.3627400e-02
   2.2456600e-02
   2.0420400e-02
   1.7826000e-02
   1.4013300e-02
   9.0964500e-03
   3.5821500e-03
  -1.9947900e-03
  -7.2184400e-03
  -1.2223500e-02
  -1.6877900e-02
  -2.0849600e-02
  -2.4215800e-02
  -2.6816200e-02
  -2.8301700e-02
  -2.9328200e-02
  -3.0152300e-02
  -3.0764800e-02
  -3.1455900e-02
  -3.2432600e-02
  -3.3724700e-02
  -3.4621300e-02
  -3.5479500e-02
  -3.6741900e-02
  -3.7495700e-02
  -3.7777800e-02
  -3.7925400e-02
  -3.7596800e-02
  -3.6552400e-02
  -3.4910600e-02
  -3.3028300e-02
  -3.1003600e-02
  -2.8597400e-02
  -2.6092200e-02
  -2.3611900e-02
  -2.0966000e-02
  -1.8478300e-02
  -1.6264100e-02
  -1.4112900e-02
  -1.2341600e-02
  -1.1231500e-02
  -1.0742800e-02
  -1.1485400e-02
  -1.3258000e-02
  -1.5701200e-02
  -1.9047800e-02
  -2.2591100e-02
  -2.5707200e-02
  -2.8639100e-02
  -3.0892500e-02
  -3.1733600e-02
  -3.1413500e-02
  -2.9529800e-02
  -2.5973600e-02
  -2.1485100e-02
  -1.5767400e-02
  -8.9888100e-03
  -1.4945100e-03
   6.9126600e-03
   1.5892800e-02
   2.5077400e-02
   3.4270100e-02
   4.3213300e-02
   5.1705700e-02
   5.9872800e-02
   6.7523300e-02
   7.4779900e-02
   8.1769400e-02
   8.8252600e-02
   9.4102800e-02
   9.9193000e-02
   1.0372100e-01
   1.0748700e-01
   1.1037400e-01
   1.1271800e-01
   1.1448000e-01
   1.1563700e-01
   1.1665000e-01
   1.1728800e-01
   1.1689700e-01
   1.1599900e-01
   1.1487700e-01
   1.1310100e-01
   1.1087500e-01
   1.0866800e-01
   1.0619200e-01
   1.0318500e-01
   1.0017800e-01
   9.7364900e-02
   9.4979000e-02
   9.3199300e-02
   9.1789700e-02
   9.0615300e-02
   8.9311900e-02
   8.7475100e-02
   8.5199000e-02
   8.2446800e-02
   7.9218000e-02
   7.5643000e-02
   7.2003100e-02
   6.8525000e-02
   6.4654000e-02
   6.0590100e-02
   5.6422000e-02
   5.2153600e-02
   4.7941800e-02
   4.3304200e-02
   3.8292500e-02
   3.2992600e-02
   2.7300300e-02
   2.1083400e-02
   1.4648400e-02
   8.3986000e-03
   2.5296600e-03
  -2.4699200e-03
  -6.5286000e-03
  -9.9450700e-03
  -1.2578400e-02
  -1.4813200e-02
  -1.6938300e-02
  -1.7831600e-02
  -1.7606100e-02
  -1.6598000e-02
  -1.4485800e-02
  -1.1672800e-02
  -8.4201300e-03
  -4.9883600e-03
  -1.2368500e-03
   2.7841300e-03
   6.7130500e-03
   1.0236400e-02
   1.2999700e-02
   1.5314700e-02
   1.7332000e-02
   1.8644600e-02
   1.9197000e-02
   1.9188900e-02
   1.8379100e-02
   1.6657300e-02
   1.4432700e-02
   1.1751000e-02
   8.8532800e-03
   6.5254700e-03
   4.3645100e-03
   2.1405300e-03
   6.3204800e-04
  -7.4843600e-04
  -2.1708200e-03
  -3.1676300e-03
  -4.3828200e-03
  -5.8042000e-03
  -7.3942800e-03
  -9.1337100e-03
  -1.0896300e-02
  -1.2857200e-02
  -1.4275900e-02
  -1.4779100e-02
  -1.4941600e-02
  -1.4868900e-02
  -1.4768000e-02
  -1.4891300e-02
  -1.5382600e-02
  -1.6504100e-02
  -1.8203600e-02
  -2.0663800e-02
  -2.3605400e-02
  -2.7015400e-02
  -3.1470800e-02
  -3.6866200e-02
  -4.2032100e-02
  -4.6625600e-02
  -5.1364600e-02
  -5.5893900e-02
  -6.0432500e-02
  -6.5554300e-02
  -7.0509900e-02
  -7.5122300e-02
  -7.9814500e-02
  -8.3787700e-02
  -8.7199400e-02
  -9.0294500e-02
  -9.2470800e-02
  -9.4660000e-02
  -9.6709700e-02
  -9.8461300e-02
  -1.0062500e-01
  -1.0309700e-01
  -1.0592800e-01
  -1.0873900e-01
  -1.1166800e-01
  -1.1490100e-01
  -1.1752500e-01
  -1.1935900e-01
  -1.2063500e-01
  -1.2155900e-01
  -1.2270300e-01
  -1.2344100e-01
  -1.2359200e-01
  -1.2383100e-01
  -1.2385200e-01
  -1.2332100e-01
  -1.2277400e-01
  -1.2282900e-01
  -1.2309100e-01
  -1.2372400e-01
  -1.2494100e-01
  -1.2584600e-01
  -1.2668400e-01
  -1.2771200e-01
  -1.2849300e-01
  -1.2930500e-01
  -1.2915600e-01
  -1.2807300e-01
  -1.2646200e-01
  -1.2284800e-01
  -1.1815000e-01
  -1.1291800e-01
  -1.0639300e-01
  -9.9013200e-02
  -9.1534700e-02
  -8.4354400e-02
  -7.7152400e-02
  -7.0772400e-02
  -6.5794800e-02
  -6.1085300e-02
  -5.6354200e-02
  -5.2091900e-02
  -4.7831300e-02
  -4.3491400e-02
  -3.9318000e-02
  -3.5198100e-02
  -3.0712000e-02
  -2.5691500e-02
  -1.9978900e-02
  -1.3572400e-02
  -6.9464600e-03
   6.6517100e-04
   9.1587100e-03
   1.7991700e-02
   2.6983800e-02
   3.6170800e-02
   4.5556800e-02
   5.4202100e-02
   6.2073800e-02
   6.9289300e-02
   7.5993300e-02
   8.1697600e-02
   8.6384200e-02
   9.0809800e-02
   9.4002200e-02
   9.6570800e-02
   9.8817500e-02
   9.9798300e-02
   1.0039100e-01
   1.0056000e-01
   1.0038700e-01
   1.0045900e-01
   1.0037400e-01
   1.0026600e-01
   1.0020700e-01
   9.9511900e-02
   9.8250800e-02
   9.6185800e-02
   9.2877500e-02
   8.9009100e-02
   8.4612000e-02
   7.9492600e-02
   7.4041500e-02
   6.9178700e-02
   6.4930100e-02
   6.1230800e-02
   5.8974200e-02
   5.8005600e-02
   5.8358600e-02
   5.9855400e-02
   6.2054400e-02
   6.4567100e-02
   6.7485800e-02
   7.0516500e-02
   7.3092100e-02
   7.5508300e-02
   7.7446800e-02
   7.9096900e-02
   7.9641300e-02
   7.8881400e-02
   7.7047500e-02
   7.3068700e-02
   6.6511500e-02
   5.7783600e-02
   4.7328900e-02
   3.5546200e-02
   2.4032000e-02
   1.2576100e-02
   6.4882900e-04
  -1.1012600e-02
  -2.3090600e-02
  -3.4961400e-02
  -4.6076000e-02
  -5.7128500e-02
  -6.7064200e-02
  -7.6452900e-02
  -8.6005600e-02
  -9.3304400e-02
  -9.9487700e-02
  -1.0595100e-01
  -1.1098600e-01
  -1.1549200e-01
  -1.2030200e-01
  -1.2444300e-01
  -1.2774900e-01
  -1.3033500e-01
  -1.3239000e-01
  -1.3354100e-01
  -1.3332700e-01
  -1.3279600e-01
  -1.3134200e-01
  -1.2858300e-01
  -1.2547900e-01
  -1.2131600e-01
  -1.1589200e-01
  -1.0969100e-01
  -1.0320600e-01
  -9.7098900e-02
  -9.1858200e-02
  -8.7083700e-02
  -8.2560800e-02
  -7.9671900e-02
  -7.7860500e-02
  -7.6730200e-02
  -7.6896800e-02
  -7.7729600e-02
  -7.9614800e-02
  -8.2496200e-02
  -8.5991600e-02
  -8.9868300e-02
  -9.3899300e-02
  -9.7667400e-02
  -1.0060300e-01
  -1.0419800e-01
  -1.0796100e-01
  -1.1073300e-01
  -1.1400200e-01
  -1.1685400e-01
  -1.1845800e-01
  -1.1974000e-01
  -1.1992500e-01
  -1.1948800e-01
  -1.1893900e-01
  -1.1706100e-01
  -1.1447600e-01
  -1.1172300e-01
  -1.0852700e-01
  -1.0541500e-01
  -1.0209300e-01
  -9.8704600e-02
  -9.5827300e-02
  -9.3109700e-02
  -9.0125900e-02
  -8.7799900e-02
  -8.6026000e-02
  -8.3565700e-02
  -8.2744900e-02
  -8.2122600e-02
  -8.0012800e-02
  -7.9272200e-02
  -7.9449500e-02
  -8.0289300e-02
  -8.1865600e-02
  -8.3798900e-02
  -8.5596200e-02
  -8.7166500e-02
  -8.8503400e-02
  -8.9097100e-02
  -8.9791700e-02
  -9.0892200e-02
  -9.1888700e-02
  -9.2913000e-02
  -9.4910200e-02
  -9.6709100e-02
  -9.7891500e-02
  -1.0035500e-01
  -1.0300900e-01
  -1.0470800e-01
  -1.0654200e-01
  -1.0881700e-01
  -1.1074300e-01
  -1.1166500e-01
  -1.1268900e-01
  -1.1377300e-01
  -1.1374800e-01
  -1.1311600e-01
  -1.1316000e-01
  -1.1260900e-01
  -1.1049200e-01
  -1.0859100e-01
  -1.0672500e-01
  -1.0346300e-01
  -9.8958300e-02
  -9.3404700e-02
  -8.7022800e-02
  -8.0045100e-02
  -7.2035100e-02
  -6.3395500e-02
  -5.3636800e-02
  -4.3601800e-02
  -3.3816600e-02
  -2.3099800e-02
  -1.2836900e-02
  -3.0816100e-03
   7.3792800e-03
   1.8003000e-02
   2.7998000e-02
   3.7657600e-02
   4.7515600e-02
   5.7118700e-02
   6.7087900e-02
   7.7020000e-02
   8.6295100e-02
   9.5822300e-02
   1.0534000e-01
   1.1477000e-01
   1.2470400e-01
   1.3459100e-01
   1.4419400e-01
   1.5405000e-01
   1.6349600e-01
   1.7259700e-01
   1.8192300e-01
   1.9096200e-01
   1.9903300e-01
   2.0689200e-01
   2.1473800e-01
   2.2128700e-01
   2.2721700e-01
   2.3326700e-01
   2.3779400e-01
   2.4132900e-01
   2.4437600e-01
   2.4568000e-01
   2.4646300e-01
   2.4652600e-01
   2.4553200e-01
   2.4418100e-01
   2.4216900e-01
   2.3967900e-01
   2.3725100e-01
   2.3497100e-01
   2.3241000e-01
   2.2963200e-01
   2.2661200e-01
   2.2358900e-01
   2.2063900e-01
   2.1703300e-01
   2.1277500e-01
   2.0888300e-01
   2.0537400e-01
   2.0215000e-01
   1.9956100e-01
   1.9700000e-01
   1.9411100e-01
   1.9181200e-01
   1.9005700e-01
   1.8846400e-01
   1.8784200e-01
   1.8768500e-01
   1.8745700e-01
   1.8710200e-01
   1.8615300e-01
   1.8459900e-01
   1.8224100e-01
   1.7857700e-01
   1.7306100e-01
   1.6362700e-01
   1.4885800e-01
   1.2976900e-01
   1.0790600e-01
   8.4286600e-02
   5.9415000e-02
   3.5075100e-02
   1.2643700e-02
  -7.2907600e-03
  -2.4706400e-02
  -3.8463700e-02
  -4.8372200e-02
  -5.7213800e-02
  -6.4543500e-02
  -6.9919700e-02
  -7.3695900e-02
  -7.6862200e-02
  -8.0015700e-02
  -8.2814800e-02
  -8.6041700e-02
  -8.9456100e-02
  -9.2878200e-02
  -9.6139400e-02
  -9.9094400e-02
  -1.0095000e-01
  -1.0257500e-01
  -1.0377000e-01
  -1.0334800e-01
  -1.0279000e-01
  -1.0193200e-01
  -1.0067100e-01
  -9.8998600e-02
  -9.6795500e-02
  -9.5012600e-02
  -9.3151700e-02
  -9.0972600e-02
  -8.8600200e-02
  -8.5865600e-02
  -8.2632000e-02
  -7.9423500e-02
  -7.5905700e-02
  -7.1538300e-02
  -6.7804000e-02
  -6.3975800e-02
  -5.9593200e-02
  -5.5387500e-02
  -5.1066700e-02
  -4.6689400e-02
  -4.1586900e-02
  -3.6041700e-02
  -3.0690200e-02
  -2.5145600e-02
  -1.9428900e-02
  -1.4549000e-02
  -1.0816900e-02
  -7.8385600e-03
  -5.5309500e-03
  -3.1896300e-03
  -1.8811900e-03
  -2.0802300e-03
  -2.2015300e-03
  -2.9754000e-03
  -4.4980700e-03
  -6.2253000e-03
  -8.1933900e-03
  -8.7688600e-03
  -9.0748500e-03
  -9.1957900e-03
  -7.8629100e-03
  -6.4410300e-03
  -3.4788600e-03
   1.0998900e-03
   5.3448500e-03
   1.0689300e-02
   1.6967900e-02
   2.2080800e-02
   2.6634300e-02
   3.0888100e-02
   3.4134600e-02
   3.6902000e-02
   3.8793500e-02
   3.9652200e-02
   4.0413400e-02
   4.1117700e-02
   4.1816500e-02
   4.2617500e-02
   4.3539700e-02
   4.4709500e-02
   4.6167600e-02
   4.8326800e-02
   5.1009300e-02
   5.3862800e-02
   5.6004300e-02
   5.7099500e-02
   5.7520800e-02
   5.6100700e-02
   5.3196000e-02
   4.7840000e-02
   3.9095400e-02
   2.9396500e-02
   1.8536800e-02
   6.1267300e-03
  -5.8090100e-03
  -1.6689800e-02
  -2.7023600e-02
  -3.6021200e-02
  -4.3582800e-02
  -5.0133900e-02
  -5.5127900e-02
  -5.9081100e-02
  -6.1685600e-02
  -6.2634600e-02
  -6.2786400e-02
  -6.2310900e-02
  -6.2115800e-02
  -6.2210000e-02
  -6.1510700e-02
  -6.1317600e-02
  -6.1538400e-02
  -6.1133900e-02
  -6.1153200e-02
  -6.1029000e-02
  -6.1412800e-02
  -6.2384600e-02
  -6.2689200e-02
  -6.3100000e-02
  -6.3527800e-02
  -6.3736800e-02
  -6.4246500e-02
  -6.5602700e-02
  -6.7517800e-02
  -6.9370900e-02
  -7.2380200e-02
  -7.6534700e-02
  -8.0446400e-02
  -8.5444600e-02
  -9.1503300e-02
  -9.7021300e-02
  -1.0219800e-01
  -1.0704900e-01
  -1.1146400e-01
  -1.1518600e-01
  -1.1861800e-01
  -1.2139600e-01
  -1.2313800e-01
  -1.2432700e-01
  -1.2433400e-01
  -1.2378600e-01
  -1.2241700e-01
  -1.1928200e-01
  -1.1518000e-01
  -1.0975400e-01
  -1.0235800e-01
  -9.4293200e-02
  -8.6278500e-02
  -7.8351200e-02
  -7.0672300e-02
  -6.2892400e-02
  -5.6081300e-02
  -5.0843700e-02
  -4.5650600e-02
  -4.0945900e-02
  -3.7661600e-02
  -3.4604600e-02
  -3.1557700e-02
  -2.9325400e-02
  -2.8294000e-02
  -2.7404200e-02
  -2.6176300e-02
  -2.5912000e-02
  -2.5408400e-02
  -2.4106400e-02
  -2.3200100e-02
  -2.1149100e-02
  -1.7458000e-02
  -1.2891200e-02
  -7.1826800e-03
  -1.2869100e-03
   4.5480100e-03
   1.0477600e-02
   1.5459400e-02
   1.9805600e-02
   2.4616600e-02
   2.9226500e-02
   3.3488800e-02
   3.7526600e-02
   4.0672200e-02
   4.3571500e-02
   4.6475700e-02
   4.9358300e-02
   5.2343700e-02
   5.4835800e-02
   5.7136600e-02
   5.9400900e-02
   6.0772800e-02
   6.2201300e-02
   6.3843500e-02
   6.5472200e-02
   6.7166200e-02
   6.8397900e-02
   6.9498100e-02
   6.9717300e-02
   6.8847000e-02
   6.7283000e-02
   6.5365100e-02
   6.3536400e-02
   6.1276000e-02
   5.8129400e-02
   5.4435800e-02
   5.0927100e-02
   4.7845400e-02
   4.5164900e-02
   4.3433300e-02
   4.2517100e-02
   4.2096500e-02
   4.2603900e-02
   4.4004000e-02
   4.5912100e-02
   4.8511300e-02
   5.2297500e-02
   5.6441400e-02
   6.0331800e-02
   6.4391400e-02
   6.8280500e-02
   7.1810300e-02
   7.5015300e-02
   7.7898600e-02
   8.1036400e-02
   8.3786900e-02
   8.5718400e-02
   8.7670700e-02
   8.9364800e-02
   9.0220700e-02
   9.0280600e-02
   9.0052600e-02
   8.9294400e-02
   8.7205300e-02
   8.4232700e-02
   8.1371100e-02
   7.7964600e-02
   7.3446400e-02
   6.8150300e-02
   6.1632000e-02
   5.4336100e-02
   4.5816000e-02
   3.6348200e-02
   2.7139800e-02
   1.7724800e-02
   8.5623600e-03
   2.5401700e-04
  -6.7906100e-03
  -1.2833400e-02
  -1.8109500e-02
  -2.2607600e-02
  -2.7241800e-02
  -3.1252600e-02
  -3.4293000e-02
  -3.7506900e-02
  -4.0048900e-02
  -4.1860200e-02
  -4.3652000e-02
  -4.5006700e-02
  -4.6370300e-02
  -4.7100200e-02
  -4.6918700e-02
  -4.6342200e-02
  -4.4989800e-02
  -4.3843800e-02
  -4.2190500e-02
  -3.9188800e-02
  -3.6381000e-02
  -3.3222900e-02
  -3.0115000e-02
  -2.7617900e-02
  -2.4855200e-02
  -2.2745500e-02
  -2.0817600e-02
  -1.8863900e-02
  -1.7513500e-02
  -1.5097000e-02
  -1.1180900e-02
  -6.9454000e-03
  -2.9780900e-03
   9.3169700e-04
   4.9642200e-03
   8.6345500e-03
   1.1902300e-02
   1.4947600e-02
   1.7546000e-02
   1.9727300e-02
   2.1596600e-02
   2.2673000e-02
   2.2826900e-02
   2.2509900e-02
   2.1623900e-02
   2.0074100e-02
   1.7894100e-02
   1.5146000e-02
   1.2609800e-02
   1.0072700e-02
   7.0216100e-03
   3.7916200e-03
   5.4701200e-04
  -2.5318500e-03
  -5.2046900e-03
  -7.1506600e-03
  -8.2049000e-03
  -8.2135900e-03
  -7.1199100e-03
  -5.5653500e-03
  -3.6143700e-03
  -9.0444100e-04
   2.3044600e-03
   5.6257700e-03
   9.3019000e-03
   1.3402900e-02
   1.7370300e-02
   2.1021400e-02
   2.4146600e-02
   2.6780800e-02
   2.8888300e-02
   3.0384200e-02
   3.1322200e-02
   3.1501500e-02
   3.1358600e-02
   3.1276900e-02
   3.0906200e-02
   3.0618800e-02
   3.0722600e-02
   3.0962000e-02
   3.1514900e-02
   3.2532900e-02
   3.3749700e-02
   3.5239200e-02
   3.6737200e-02
   3.8182600e-02
   3.9975200e-02
   4.1436300e-02
   4.2377800e-02
   4.3062800e-02
   4.3766800e-02
   4.4737200e-02
   4.5985800e-02
   4.6723100e-02
   4.7614900e-02
   4.9161600e-02
   5.0555300e-02
   5.2077400e-02
   5.3942700e-02
   5.6333300e-02
   5.8614900e-02
   6.0797600e-02
   6.2559100e-02
   6.3589200e-02
   6.4183700e-02
   6.3863700e-02
   6.2512800e-02
   5.9712600e-02
   5.6007800e-02
   5.1738400e-02
   4.6102800e-02
   3.9551800e-02
   3.2849500e-02
   2.6063800e-02
   1.9032500e-02
   1.1608500e-02
   4.3592700e-03
  -2.8683600e-03
  -1.0156400e-02
  -1.6968800e-02
  -2.3500000e-02
  -2.9514200e-02
  -3.5571600e-02
  -4.1566400e-02
  -4.7255400e-02
  -5.3159300e-02
  -5.7863500e-02
  -6.1435300e-02
  -6.4131900e-02
  -6.5316300e-02
  -6.6243300e-02
  -6.6709800e-02
  -6.6870400e-02
  -6.7319700e-02
  -6.7182300e-02
  -6.5628100e-02
  -6.2686600e-02
  -5.9258000e-02
  -5.5761900e-02
  -5.3278700e-02
  -5.2136300e-02
  -5.1565500e-02
  -5.1408100e-02
  -5.1424400e-02
  -5.1649500e-02
  -5.2044500e-02
  -5.2361200e-02
  -5.3217700e-02
  -5.4452500e-02
  -5.5285100e-02
  -5.5854400e-02
  -5.6613700e-02
  -5.7568900e-02
  -5.8838500e-02
  -6.0210100e-02
  -6.0876600e-02
  -6.1375100e-02
  -6.1960600e-02
  -6.2668400e-02
  -6.4595700e-02
  -6.7531000e-02
  -7.0843400e-02
  -7.4317000e-02
  -7.6856500e-02
  -7.8390500e-02
  -7.9137200e-02
  -7.8335400e-02
  -7.6487700e-02
  -7.4277600e-02
  -7.1190500e-02
  -6.7528400e-02
  -6.4249000e-02
  -6.0538700e-02
  -5.6071200e-02
  -5.1439200e-02
  -4.6168200e-02
  -4.0684400e-02
  -3.5311100e-02
  -2.9705600e-02
  -2.4210000e-02
  -1.9251600e-02
  -1.4556500e-02
  -1.0078100e-02
  -6.0840400e-03
  -3.0134000e-03
  -5.2719500e-04
   1.8607000e-03
   3.4344800e-03
   4.2884200e-03
   4.7951600e-03
   4.9473100e-03
   4.4940200e-03
   3.4236400e-03
   1.9297900e-03
   1.6163400e-04
  -1.8211300e-03
  -4.0451200e-03
  -6.0926700e-03
  -8.1015400e-03
  -1.0221200e-02
  -1.2077400e-02
  -1.3757600e-02
  -1.5685000e-02
  -1.8167600e-02
  -2.0569000e-02
  -2.3225200e-02
  -2.6571800e-02
  -3.0007800e-02
  -3.3519100e-02
  -3.6542600e-02
  -3.9218100e-02
  -4.1725300e-02
  -4.3840900e-02
  -4.6025400e-02
  -4.7752700e-02
  -4.8912100e-02
  -5.0264600e-02
  -5.1337300e-02
  -5.1942300e-02
  -5.2655100e-02
  -5.2649900e-02
  -5.2095900e-02
  -5.1613300e-02
  -5.0448500e-02
  -4.8944700e-02
  -4.7076600e-02
  -4.4527000e-02
  -4.1436200e-02
  -3.8345500e-02
  -3.4877600e-02
  -3.0557000e-02
  -2.6242700e-02
  -2.1675700e-02
  -1.7274100e-02
  -1.3212500e-02
  -8.9429400e-03
  -4.4736200e-03
   1.1349300e-04
   4.6404200e-03
   9.3514900e-03
   1.4080900e-02
   1.8920100e-02
   2.3587600e-02
   2.7771400e-02
   3.2200800e-02
   3.6648700e-02
   4.1024400e-02
   4.5744800e-02
   5.0536300e-02
   5.5561500e-02
   6.0690700e-02
   6.4836300e-02
   6.7660200e-02
   7.0000000e-02
   7.1501900e-02
   7.2518900e-02
   7.3568200e-02
   7.3291600e-02
   7.1965300e-02
   6.9430500e-02
   6.5187300e-02
   6.0360800e-02
   5.5391500e-02
   5.0044900e-02
   4.5279700e-02
   4.1252200e-02
   3.7518700e-02
   3.4324600e-02
   3.1607600e-02
   2.9681500e-02
   2.7932600e-02
   2.6009500e-02
   2.4290500e-02
   2.2374600e-02
   2.0224300e-02
   1.8672300e-02
   1.7965000e-02
   1.7678800e-02
   1.7240700e-02
   1.6255900e-02
   1.4573100e-02
   1.2367200e-02
   9.8771700e-03
   7.3017600e-03
   4.7276500e-03
   1.4653900e-03
  -2.6327500e-03
  -7.4034800e-03
  -1.2997400e-02
  -1.9232100e-02
  -2.5769900e-02
  -3.2474500e-02
  -3.8851700e-02
  -4.5000200e-02
  -5.1430800e-02
  -5.6677300e-02
  -6.0288300e-02
  -6.3053200e-02
  -6.5283100e-02
  -6.7185900e-02
  -6.8890400e-02
  -7.0795500e-02
  -7.2060000e-02
  -7.2543800e-02
  -7.2471100e-02
  -7.1117500e-02
  -6.8821200e-02
  -6.6258400e-02
  -6.3373000e-02
  -6.0379000e-02
  -5.7493200e-02
  -5.4508100e-02
  -5.1284900e-02
  -4.7730300e-02
  -4.3839800e-02
  -3.9855500e-02
  -3.5967500e-02
  -3.2259500e-02
  -2.9148000e-02
  -2.6890900e-02
  -2.5368400e-02
  -2.4365800e-02
  -2.3858800e-02
  -2.3917000e-02
  -2.3911600e-02
  -2.4141900e-02
  -2.4940100e-02
  -2.5481300e-02
  -2.5934300e-02
  -2.6659100e-02
  -2.7703300e-02
  -2.8989400e-02
  -3.0941000e-02
  -3.2978600e-02
  -3.4882500e-02
  -3.7498900e-02
  -4.0002500e-02
  -4.2727000e-02
  -4.6042200e-02
  -4.9270000e-02
  -5.2607700e-02
  -5.6234600e-02
  -5.9676800e-02
  -6.2727700e-02
  -6.5858100e-02
  -6.8732400e-02
  -7.1141200e-02
  -7.3044300e-02
  -7.4260900e-02
  -7.5241800e-02
  -7.6062800e-02
  -7.7011100e-02
  -7.8127000e-02
  -7.8857200e-02
  -7.9646800e-02
  -8.0354500e-02
  -8.0568100e-02
  -8.0521100e-02
  -8.0006300e-02
  -7.9289400e-02
  -7.8739600e-02
  -7.7714200e-02
  -7.6026800e-02
  -7.4390100e-02
  -7.2227600e-02
  -6.9584100e-02
  -6.6586500e-02
  -6.2933800e-02
  -5.9173200e-02
  -5.4824400e-02
  -4.9809400e-02
  -4.4424300e-02
  -3.8791100e-02
  -3.3507300e-02
  -2.8333500e-02
  -2.2528400e-02
  -1.6397400e-02
  -1.0213000e-02
  -3.9725400e-03
   2.4486800e-03
   9.1613700e-03
   1.5896900e-02
   2.2622300e-02
   2.9348600e-02
   3.5985500e-02
   4.2691100e-02
   4.9609100e-02
   5.6430100e-02
   6.3224800e-02
   6.9708800e-02
   7.5279700e-02
   8.0418000e-02
   8.5275000e-02
   8.9251600e-02
   9.2712100e-02
   9.6010200e-02
   9.8602800e-02
   1.0074500e-01
   1.0302100e-01
   1.0502700e-01
   1.0696500e-01
   1.0896700e-01
   1.1034700e-01
   1.1147000e-01
   1.1264900e-01
   1.1351600e-01
   1.1478900e-01
   1.1636100e-01
   1.1739700e-01
   1.1843800e-01
   1.1929100e-01
   1.1985700e-01
   1.2047800e-01
   1.2071100e-01
   1.2055800e-01
   1.2050600e-01
   1.2007000e-01
   1.1846700e-01
   1.1594800e-01
   1.1292900e-01
   1.0913000e-01
   1.0432900e-01
   9.8906100e-02
   9.3297600e-02
   8.7436800e-02
   8.1523700e-02
   7.6372900e-02
   7.1196900e-02
   6.6297800e-02
   6.2592000e-02
   6.0114800e-02
   5.9029100e-02
   5.8695600e-02
   5.8989400e-02
   5.9377600e-02
   6.0072300e-02
   6.1875600e-02
   6.4833900e-02
   6.8478800e-02
   7.2616000e-02
   7.7277100e-02
   8.1704100e-02
   8.6021500e-02
   9.0544800e-02
   9.4708200e-02
   9.8125800e-02
   1.0151000e-01
   1.0513900e-01
   1.0796000e-01
   1.0998500e-01
   1.1143700e-01
   1.1213400e-01
   1.1189600e-01
   1.1035100e-01
   1.0874900e-01
   1.0682300e-01
   1.0445900e-01
   1.0255100e-01
   9.9984500e-02
   9.6994200e-02
   9.3781700e-02
   8.9983900e-02
   8.5636700e-02
   8.0786600e-02
   7.5494400e-02
   6.9501800e-02
   6.3301200e-02
   5.7115700e-02
   5.0592400e-02
   4.3768600e-02
   3.6976800e-02
   3.0218200e-02
   2.3518900e-02
   1.6956300e-02
   1.0531800e-02
   4.3439900e-03
  -1.3602400e-03
  -5.9605700e-03
  -1.0214800e-02
  -1.4008800e-02
  -1.7356900e-02
  -2.0728500e-02
  -2.3143300e-02
  -2.5447600e-02
  -2.7565100e-02
  -2.8860800e-02
  -3.0126500e-02
  -3.1061200e-02
  -3.1406100e-02
  -3.1326100e-02
  -3.0984400e-02
  -3.0664900e-02
  -2.9671700e-02
  -2.8853700e-02
  -2.8286400e-02
  -2.6934300e-02
  -2.5718700e-02
  -2.4316600e-02
  -2.2445000e-02
  -2.0442000e-02
  -1.8117200e-02
  -1.5642700e-02
  -1.3272000e-02
  -1.0274700e-02
  -7.2855000e-03
  -5.0209700e-03
  -1.9602700e-03
   9.7752200e-04
   3.2426100e-03
   5.6008500e-03
   7.5266200e-03
   8.8229800e-03
   9.3504000e-03
   9.9232200e-03
   9.9767200e-03
   9.3287400e-03
   9.4323200e-03
   9.5489100e-03
   9.2041300e-03
   9.0182900e-03
   8.7879200e-03
   8.4541300e-03
   7.9681800e-03
   7.0001000e-03
   5.9158800e-03
   4.7737300e-03
   3.6656900e-03
   2.4964000e-03
   8.2288100e-04
  -1.0861800e-03
  -3.1583100e-03
  -5.5720300e-03
  -8.2211900e-03
  -1.1107700e-02
  -1.4299500e-02
  -1.7858600e-02
  -2.1465800e-02
  -2.4898800e-02
  -2.7714900e-02
  -2.9856000e-02
  -3.1876200e-02
  -3.3671500e-02
  -3.5397200e-02
  -3.6526300e-02
  -3.7751000e-02
  -3.9111000e-02
  -3.9497200e-02
  -4.0063200e-02
  -4.0135900e-02
  -3.9306700e-02
  -3.9008900e-02
  -3.8267100e-02
  -3.6814700e-02
  -3.5842300e-02
  -3.4329700e-02
  -3.2244200e-02
  -3.0623900e-02
  -2.8775500e-02
  -2.6592000e-02
  -2.4507700e-02
  -2.2660000e-02
  -2.1088600e-02
  -1.9369000e-02
  -1.7564600e-02
  -1.6085500e-02
  -1.4082200e-02
  -1.1383700e-02
  -9.3532400e-03
  -7.6161300e-03
  -5.1977600e-03
  -3.2153900e-03
  -2.2372600e-03
  -1.4643100e-03
  -1.0968700e-03
  -1.4358600e-03
  -2.3067800e-03
  -3.7742500e-03
  -5.4101900e-03
  -6.7734600e-03
  -8.5857200e-03
  -1.0906100e-02
  -1.2955500e-02
  -1.5138400e-02
  -1.7464900e-02
  -1.9534200e-02
  -2.1697900e-02
  -2.3944600e-02
  -2.6297000e-02
  -2.8641500e-02
  -3.0469700e-02
  -3.2255100e-02
  -3.3907900e-02
  -3.5121600e-02
  -3.6149600e-02
  -3.6674700e-02
  -3.7190600e-02
  -3.7488300e-02
  -3.7224600e-02
  -3.7131000e-02
  -3.6829600e-02
  -3.6482800e-02
  -3.6238900e-02
  -3.5481200e-02
  -3.4965400e-02
  -3.4877200e-02
  -3.4682600e-02
  -3.4391400e-02
  -3.4751000e-02
  -3.5694500e-02
  -3.6662100e-02
  -3.8551300e-02
  -4.1043600e-02
  -4.3458200e-02
  -4.6161600e-02
  -4.8997900e-02
  -5.1818900e-02
  -5.4463500e-02
  -5.7661800e-02
  -6.1206400e-02
  -6.3866600e-02
  -6.6754000e-02
  -6.9824800e-02
  -7.2160600e-02
  -7.4253000e-02
  -7.6039400e-02
  -7.7709700e-02
  -7.9616500e-02
  -8.1287100e-02
  -8.3074700e-02
  -8.5017600e-02
  -8.6446600e-02
  -8.7940900e-02
  -8.9199100e-02
  -8.9837500e-02
  -9.0840100e-02
  -9.1492100e-02
  -9.1354800e-02
  -9.1027200e-02
  -9.0171600e-02
  -8.8885500e-02
  -8.7449600e-02
  -8.5266900e-02
  -8.2078100e-02
  -7.9081900e-02
  -7.6295900e-02
  -7.2721100e-02
  -6.8606000e-02
  -6.3936000e-02
  -5.8819100e-02
  -5.2978600e-02
  -4.6259100e-02
  -3.9685800e-02
  -3.2819700e-02
  -2.5500100e-02
  -1.8472300e-02
  -1.1877500e-02
  -5.5015800e-03
   1.2626300e-04
   4.7661200e-03
   9.2606600e-03
   1.3418100e-02
   1.6916900e-02
   2.0069900e-02
   2.2781300e-02
   2.4914100e-02
   2.7071300e-02
   2.9194200e-02
   3.1278000e-02
   3.4130200e-02
   3.7243600e-02
   3.9909000e-02
   4.2654400e-02
   4.4777900e-02
   4.6249400e-02
   4.8220400e-02
   4.9939700e-02
   5.1948600e-02
   5.5119100e-02
   5.7906300e-02
   5.9972100e-02
   6.1512000e-02
   6.2560700e-02
   6.3342900e-02
   6.3661900e-02
   6.3298400e-02
   6.2353100e-02
   6.1873200e-02
   6.1142800e-02
   6.0081300e-02
   5.9806500e-02
   5.9719200e-02
   5.9503500e-02
   5.9506200e-02
   5.9471900e-02
   5.9668100e-02
   6.0045200e-02
   6.0205700e-02
   6.0521000e-02
   6.0453900e-02
   6.0199900e-02
   6.0144800e-02
   5.9828100e-02
   5.9115400e-02
   5.7906000e-02
   5.6886500e-02
   5.5577600e-02
   5.3238300e-02
   5.1519100e-02
   5.0282000e-02
   4.8377700e-02
   4.6523200e-02
   4.4961200e-02
   4.3099300e-02
   4.1156800e-02
   3.9799200e-02
   3.8724100e-02
   3.7424900e-02
   3.5951000e-02
   3.4761100e-02
   3.3612600e-02
   3.2266600e-02
   3.1105700e-02
   3.0045400e-02
   2.8893100e-02
   2.7344600e-02
   2.5494300e-02
   2.3686800e-02
   2.1984700e-02
   1.9854000e-02
   1.7531100e-02
   1.5575600e-02
   1.2995900e-02
   1.0055700e-02
   7.0829800e-03
   3.3326000e-03
  -8.5092700e-04
  -4.6223700e-03
  -8.1289100e-03
  -1.1809400e-02
  -1.4905100e-02
  -1.7545600e-02
  -1.9891800e-02
  -2.1443000e-02
  -2.3130500e-02
  -2.4817000e-02
  -2.6250700e-02
  -2.7672800e-02
  -2.8293400e-02
  -2.8564900e-02
  -2.8120400e-02
  -2.7199100e-02
  -2.6372300e-02
  -2.5361100e-02
  -2.5002800e-02
  -2.4561900e-02
  -2.3887600e-02
  -2.3901500e-02
  -2.4044100e-02
  -2.4150300e-02
  -2.3941900e-02
  -2.3726500e-02
  -2.4303100e-02
  -2.4160000e-02
  -2.3916700e-02
  -2.4459800e-02
  -2.4321900e-02
  -2.4226900e-02
  -2.4126300e-02
  -2.3673200e-02
  -2.3265500e-02
  -2.2471600e-02
  -2.1924000e-02
  -2.1710200e-02
  -2.1548800e-02
  -2.1390600e-02
  -2.1507600e-02
  -2.1525800e-02
  -2.1071900e-02
  -2.0807300e-02
  -2.0192700e-02
  -1.9284400e-02
  -1.8646600e-02
  -1.7359400e-02
  -1.5409200e-02
  -1.3124500e-02
  -1.0412500e-02
  -6.9903500e-03
  -2.9630100e-03
   9.1498000e-04
   5.3932500e-03
   1.0137000e-02
   1.5020600e-02
   2.0423300e-02
   2.5428900e-02
   3.0442400e-02
   3.5304200e-02
   3.9696300e-02
   4.4198700e-02
   4.7992600e-02
   5.1534700e-02
   5.5168900e-02
   5.8129300e-02
   6.0830700e-02
   6.3170500e-02
   6.5178800e-02
   6.7109500e-02
   6.8606800e-02
   6.9372900e-02
   6.9408400e-02
   6.9437800e-02
   6.8885300e-02
   6.7267600e-02
   6.5683300e-02
   6.3580100e-02
   6.0855900e-02
   5.7870800e-02
   5.4357000e-02
   5.1093300e-02
   4.7626100e-02
   4.3456400e-02
   3.9382300e-02
   3.4705400e-02
   2.9720900e-02
   2.5094200e-02
   2.0306900e-02
   1.5580500e-02
   1.1318200e-02
   7.8014700e-03
   4.5141900e-03
   1.5476800e-03
  -8.1653200e-04
  -2.9785300e-03
  -4.8548600e-03
  -6.1373100e-03
  -7.4608400e-03
  -8.4905600e-03
  -8.7104300e-03
  -9.0072200e-03
  -8.7537100e-03
  -8.3398400e-03
  -8.3339700e-03
  -7.8536000e-03
  -7.4847900e-03
  -8.0616500e-03
  -8.4070800e-03
  -8.5934900e-03
  -9.5135500e-03
  -1.0236000e-02
  -1.0656500e-02
  -1.1166700e-02
  -1.1534500e-02
  -1.2352000e-02
  -1.3688200e-02
  -1.4646000e-02
  -1.6370300e-02
  -1.7970400e-02
  -1.8957700e-02
  -2.0409100e-02
  -2.1685900e-02
  -2.3085700e-02
  -2.3760700e-02
  -2.4120900e-02
  -2.4399500e-02
  -2.3440800e-02
  -2.2216300e-02
  -2.0855500e-02
  -1.8818100e-02
  -1.6495400e-02
  -1.4007100e-02
  -1.1198400e-02
  -7.8923600e-03
  -4.2262200e-03
  -1.0407400e-03
   1.6722900e-03
   3.7435900e-03
   5.1786500e-03
   6.7864300e-03
   8.0066900e-03
   8.9309700e-03
   9.7873500e-03
   1.0054900e-02
   9.9753100e-03
   9.2191500e-03
   8.0409100e-03
   6.7788200e-03
   5.4816400e-03
   4.2789700e-03
   2.2841100e-03
   4.7963300e-04
  -1.0257500e-03
  -2.9586300e-03
  -5.2960000e-03
  -8.1771300e-03
  -1.0277000e-02
  -1.2383600e-02
  -1.4971200e-02
  -1.6909500e-02
  -1.8709100e-02
  -2.0637900e-02
  -2.2423200e-02
  -2.3570800e-02
  -2.4536600e-02
  -2.5613100e-02
  -2.6182100e-02
  -2.6563300e-02
  -2.6886900e-02
  -2.7461600e-02
  -2.8162800e-02
  -2.8423700e-02
  -2.8776600e-02
  -2.9184500e-02
  -2.9082800e-02
  -2.8657100e-02
  -2.8076100e-02
  -2.6973400e-02
  -2.5122700e-02
  -2.3531400e-02
  -2.2244900e-02
  -2.0181100e-02
  -1.8300100e-02
  -1.6082600e-02
  -1.3606200e-02
  -1.1996900e-02
  -9.8679200e-03
  -7.4895800e-03
  -5.8571100e-03
  -4.1880400e-03
  -2.3195500e-03
  -1.0259600e-03
   5.0659200e-04
   2.5370900e-03
   4.3313200e-03
   6.3282400e-03
   8.7561100e-03
   1.1478400e-02
   1.4199700e-02
   1.6947800e-02
   2.0225600e-02
   2.3444000e-02
   2.6492700e-02
   2.9774200e-02
   3.2529200e-02
   3.5331400e-02
   3.8290300e-02
   4.0508100e-02
   4.2697000e-02
   4.5201500e-02
   4.7482800e-02
   4.9384600e-02
   5.1667000e-02
   5.4181800e-02
   5.5928200e-02
   5.7544100e-02
   5.9298600e-02
   6.0172400e-02
   6.0358700e-02
   6.0689200e-02
   6.0681000e-02
   5.9450300e-02
   5.7267500e-02
   5.4503400e-02
   5.1324100e-02
   4.7679900e-02
   4.3324000e-02
   3.8578200e-02
   3.4036200e-02
   2.9557500e-02
   2.4865300e-02
   2.0601100e-02
   1.7109100e-02
   1.3785200e-02
   1.0429700e-02
   7.9903900e-03
   5.5706400e-03
   3.1692300e-03
   2.1718300e-03
   2.1014300e-03
   2.9825200e-03
   4.7999600e-03
   7.3984600e-03
   1.0139900e-02
   1.2311000e-02
   1.4990900e-02
   1.7919300e-02
   2.0381400e-02
   2.3257800e-02
   2.5797300e-02
   2.8061600e-02
   3.0850300e-02
   3.3563500e-02
   3.5857900e-02
   3.7737800e-02
   3.9385600e-02
   4.0583000e-02
   4.2049600e-02
   4.3597300e-02
   4.4860000e-02
   4.6242400e-02
   4.7144500e-02
   4.7755500e-02
   4.8545900e-02
   4.9588100e-02
   5.0385300e-02
   5.0919300e-02
   5.1355300e-02
   5.1340400e-02
   5.0944200e-02
   5.0403300e-02
   4.9295600e-02
   4.8081700e-02
   4.7160500e-02
   4.5579600e-02
   4.3635100e-02
   4.1642500e-02
   3.9544200e-02
   3.7486400e-02
   3.5032000e-02
   3.2475900e-02
   3.0202800e-02
   2.7561900e-02
   2.4576300e-02
   2.1825300e-02
   1.9546900e-02
   1.7055900e-02
   1.4732200e-02
   1.2846800e-02
   1.0955600e-02
   9.4258700e-03
   8.3508400e-03
   7.9101300e-03
   7.4094600e-03
   7.0340100e-03
   7.1790400e-03
   7.4853800e-03
   7.8818000e-03
   7.8920300e-03
   7.9129800e-03
   7.8049600e-03
   7.4025700e-03
   7.4830100e-03
   7.8452000e-03
   8.0903300e-03
   8.1353300e-03
   8.6898900e-03
   9.4703400e-03
   9.7235200e-03
   1.0207500e-02
   1.0852600e-02
   1.1357600e-02
   1.1724000e-02
   1.1499400e-02
   1.0629400e-02
   9.5047100e-03
   8.4590700e-03
   7.1634800e-03
   5.5289200e-03
   4.4912500e-03
   3.3212900e-03
   1.8932400e-03
   1.1652500e-03
   4.7404200e-04
   3.0746600e-04
   5.6931500e-04
   5.8297500e-04
   9.0642500e-04
   1.3621000e-03
   1.3277900e-03
   1.2556200e-03
   1.5125000e-03
   1.8527500e-03
   1.9083400e-03
   1.4172000e-03
   4.9791000e-04
  -1.1377200e-03
  -2.7446300e-03
  -4.1322300e-03
  -5.5339500e-03
  -6.5963400e-03
  -7.6320500e-03
  -9.0798100e-03
  -1.0823200e-02
  -1.2377600e-02
  -1.4278600e-02
  -1.6253100e-02
  -1.7669100e-02
  -1.9047000e-02
  -2.0868600e-02
  -2.2680700e-02
  -2.4130100e-02
  -2.5983600e-02
  -2.7976500e-02
  -2.9309100e-02
  -3.0553500e-02
  -3.1524900e-02
  -3.1976500e-02
  -3.2238200e-02
  -3.1856100e-02
  -3.1315100e-02
  -3.0099700e-02
  -2.8277600e-02
  -2.6378100e-02
  -2.3654500e-02
  -2.0925000e-02
  -1.7914200e-02
  -1.4238600e-02
  -1.0486600e-02
  -6.8676000e-03
  -3.2772700e-03
   4.9536700e-04
   4.0945800e-03
   7.3639800e-03
   1.0634200e-02
   1.4279900e-02
   1.7668200e-02
   2.0894000e-02
   2.4385200e-02
   2.7445400e-02
   3.0307300e-02
   3.3491800e-02
   3.6056000e-02
   3.8191400e-02
   4.0367800e-02
   4.1922000e-02
   4.3306900e-02
   4.4056200e-02
   4.4224100e-02
   4.4420600e-02
   4.4223700e-02
   4.4072000e-02
   4.3753600e-02
   4.2970400e-02
   4.2231500e-02
   4.0847900e-02
   3.9165900e-02
   3.7554700e-02
   3.5699400e-02
   3.4366600e-02
   3.3141500e-02
   3.1490500e-02
   2.9517600e-02
   2.8210000e-02
   2.6716500e-02
   2.4428700e-02
   2.3163400e-02
   2.1953700e-02
   2.0330800e-02
   1.8888800e-02
   1.7606600e-02
   1.7106300e-02
   1.6586900e-02
   1.6363100e-02
   1.6602900e-02
   1.6091800e-02
   1.5398900e-02
   1.4539300e-02
   1.3564100e-02
   1.2519900e-02
   1.1589100e-02
   1.1138300e-02
   9.9127300e-03
   8.6209000e-03
   8.2524800e-03
   7.3585800e-03
   6.2287100e-03
   5.7367900e-03
   5.5132900e-03
   5.7534600e-03
   6.0498300e-03
   6.3938900e-03
   7.4090600e-03
   8.6781900e-03
   9.9488100e-03
   1.1251600e-02
   1.2209700e-02
   1.2773600e-02
   1.3258500e-02
   1.4268400e-02
   1.5606500e-02
   1.6857200e-02
   1.8419600e-02
   2.0361900e-02
   2.1831000e-02
   2.2577400e-02
   2.3642200e-02
   2.4249900e-02
   2.4137300e-02
   2.3991200e-02
   2.2974700e-02
   2.1589200e-02
   2.0130600e-02
   1.7791700e-02
   1.4968400e-02
   1.1670100e-02
   8.3644400e-03
   5.1377200e-03
   1.1581700e-03
  -2.8158700e-03
  -7.1429600e-03
  -1.1502900e-02
  -1.5392500e-02
  -1.9844300e-02
  -2.3764200e-02
  -2.7592900e-02
  -3.1783900e-02
  -3.5324000e-02
  -3.8988700e-02
  -4.2238000e-02
  -4.4526600e-02
  -4.6697300e-02
  -4.8892400e-02
  -5.0407700e-02
  -5.1403500e-02
  -5.2210100e-02
  -5.2434400e-02
  -5.2218300e-02
  -5.2061900e-02
  -5.1801100e-02
  -5.0780800e-02
  -4.9952800e-02
  -4.8944800e-02
  -4.7213900e-02
  -4.5910000e-02
  -4.4581500e-02
  -4.3307200e-02
  -4.2102500e-02
  -4.0808400e-02
  -3.9836600e-02
  -3.8938500e-02
  -3.8222700e-02
  -3.7357400e-02
  -3.6338400e-02
  -3.5565100e-02
  -3.4728400e-02
  -3.3526600e-02
  -3.2831000e-02
  -3.2072000e-02
  -3.0715100e-02
  -3.0254300e-02
  -2.9632700e-02
  -2.8886800e-02
  -2.8830600e-02
  -2.8103100e-02
  -2.7586100e-02
  -2.7429700e-02
  -2.6716300e-02
  -2.6395000e-02
  -2.6195100e-02
  -2.5676000e-02
  -2.4707300e-02
  -2.3607800e-02
  -2.2694800e-02
  -2.1229100e-02
  -1.9820600e-02
  -1.8992100e-02
  -1.8644100e-02
  -1.8335500e-02
  -1.7797700e-02
  -1.7826200e-02
  -1.7927500e-02
  -1.7955200e-02
  -1.8410400e-02
  -1.8562000e-02
  -1.8627200e-02
  -1.9752200e-02
  -2.0724000e-02
  -2.0998700e-02
  -2.1472900e-02
  -2.1514300e-02
  -2.1485200e-02
  -2.0409100e-02
  -1.8781600e-02
  -1.8179400e-02
  -1.7052100e-02
  -1.6732600e-02
  -1.7672100e-02
  -1.7912500e-02
  -1.8395900e-02
  -1.9724200e-02
  -2.0745900e-02
  -2.1675900e-02
  -2.2276800e-02
  -2.2897800e-02
  -2.4129200e-02
  -2.4805000e-02
  -2.6037000e-02
  -2.7292400e-02
  -2.8188200e-02
  -2.9704300e-02
  -3.0980400e-02
  -3.2140100e-02
  -3.3396300e-02
  -3.4641300e-02
  -3.6000700e-02
  -3.7399000e-02
  -3.8139500e-02
  -3.8904300e-02
  -4.0011500e-02
  -4.0242100e-02
  -4.0270200e-02
  -4.1010700e-02
  -4.1247300e-02
  -4.1543300e-02
  -4.2255200e-02
  -4.2075300e-02
  -4.2529600e-02
  -4.3109100e-02
  -4.3164800e-02
  -4.3461400e-02
  -4.3771400e-02
  -4.4116500e-02
  -4.4557800e-02
  -4.5037400e-02
  -4.4416300e-02
  -4.3495600e-02
  -4.3309800e-02
  -4.2838900e-02
  -4.1758700e-02
  -3.9964600e-02
  -3.7654700e-02
  -3.6074000e-02
  -3.4142100e-02
  -3.1359700e-02
  -2.9401400e-02
  -2.7036400e-02
  -2.4628700e-02
  -2.3080300e-02
  -2.0649500e-02
  -1.8317500e-02
  -1.7070500e-02
  -1.5860100e-02
  -1.4197300e-02
  -1.2972400e-02
  -1.2427000e-02
  -1.1809700e-02
  -1.1224800e-02
  -1.0598900e-02
  -1.0428200e-02
  -1.0532500e-02
  -1.0401900e-02
  -9.8915100e-03
  -9.7489600e-03
  -1.0108100e-02
  -9.2904900e-03
  -9.7123300e-03
  -1.1131700e-02
  -1.1228400e-02
  -1.1719900e-02
  -1.1879300e-02
  -1.1845800e-02
  -1.2346500e-02
  -1.2317400e-02
  -1.2356300e-02
  -1.2791100e-02
  -1.2684700e-02
  -1.2425000e-02
  -1.2506000e-02
  -1.1905500e-02
  -1.1021900e-02
  -9.8694200e-03
  -8.7514800e-03
  -7.9910800e-03
  -7.0940300e-03
  -6.1986100e-03
  -4.9813000e-03
  -3.8104400e-03
  -2.4818700e-03
  -2.0762900e-03
  -1.6016000e-03
  -4.7447700e-04
  -9.3789600e-04
  -9.9085800e-04
  -5.9338200e-04
  -1.4769800e-03
  -2.4356600e-03
  -3.6389900e-03
  -5.0918400e-03
  -5.7675000e-03
  -6.3211200e-03
  -7.1242600e-03
  -7.7010700e-03
  -8.2185000e-03
  -8.7580900e-03
  -9.4450900e-03
  -1.0158600e-02
  -1.0273600e-02
  -1.0194800e-02
  -1.0311500e-02
  -1.0143000e-02
  -8.9451500e-03
  -7.9152400e-03
  -6.8140500e-03
  -4.1385300e-03
  -2.2131600e-03
  -2.9049200e-04
   2.5616500e-03
   4.8920500e-03
   7.5513700e-03
   9.4027600e-03
   1.0938200e-02
   1.3503000e-02
   1.4770500e-02
   1.5430500e-02
   1.6731000e-02
   1.6936200e-02
   1.6389000e-02
   1.5940200e-02
   1.5089600e-02
   1.3423400e-02
   1.1039400e-02
   8.6328000e-03
   6.4843400e-03
   3.4766000e-03
   5.0990600e-04
  -2.1262500e-03
  -5.7135000e-03
  -9.3920100e-03
  -1.2795100e-02
  -1.5652700e-02
  -1.8547000e-02
  -2.1429400e-02
  -2.4113100e-02
  -2.6631500e-02
  -2.8380900e-02
  -3.0050300e-02
  -3.2309500e-02
  -3.4241400e-02
  -3.5148200e-02
  -3.6871600e-02
  -3.8712800e-02
  -3.9633700e-02
  -4.0233700e-02
  -4.1458600e-02
  -4.3125900e-02
  -4.3014100e-02
  -4.3333300e-02
  -4.4474600e-02
  -4.4303900e-02
  -4.4280100e-02
  -4.4948300e-02
  -4.4992100e-02
  -4.4704800e-02
  -4.4543300e-02
  -4.3947600e-02
  -4.3961100e-02
  -4.3721400e-02
  -4.3473500e-02
  -4.3322800e-02
  -4.2166000e-02
  -4.1949500e-02
  -4.1041100e-02
  -3.9658500e-02
  -3.8759300e-02
  -3.8244600e-02
  -3.7910900e-02
  -3.6885300e-02
  -3.7371600e-02
  -3.7298400e-02
  -3.5917600e-02
  -3.5989200e-02
  -3.6178600e-02
  -3.5244100e-02
  -3.5710500e-02
  -3.6645000e-02
  -3.6155900e-02
  -3.6573300e-02
  -3.6997100e-02
  -3.7592700e-02
  -3.8852000e-02
  -3.8824800e-02
  -3.9100500e-02
  -3.9876900e-02
  -3.9688700e-02
  -3.9387400e-02
  -3.9969600e-02
  -4.1224200e-02
  -4.2310800e-02
  -4.3263600e-02
  -4.4128600e-02
  -4.4555000e-02
  -4.5932000e-02
  -4.7358500e-02
  -4.7679700e-02
  -4.8465900e-02
  -4.9916000e-02
  -5.0577300e-02
  -5.1485200e-02
  -5.3232200e-02
  -5.3773800e-02
  -5.4230700e-02
  -5.4877300e-02
  -5.5278100e-02
  -5.5162700e-02
  -5.4858700e-02
  -5.5178200e-02
  -5.4596200e-02
  -5.3255000e-02
  -5.3218100e-02
  -5.2321200e-02
  -5.0821500e-02
  -5.1346400e-02
  -5.0423700e-02
  -4.8784100e-02
  -4.8803200e-02
  -4.8119700e-02
  -4.6773400e-02
  -4.5957200e-02
  -4.5339600e-02
  -4.4564600e-02
  -4.2564000e-02
  -4.1048700e-02
  -4.1176100e-02
  -3.9658200e-02
  -3.7349300e-02
  -3.6938900e-02
  -3.6107500e-02
  -3.4306900e-02
  -3.3079100e-02
  -3.2567700e-02
  -3.2186500e-02
  -3.0762600e-02
  -2.9815300e-02
  -2.9354300e-02
  -2.8770100e-02
  -2.8251300e-02
  -2.7996700e-02
  -2.8458500e-02
  -2.8437100e-02
  -2.8983800e-02
  -2.9415800e-02
  -2.9293200e-02
  -3.0741200e-02
  -3.1244400e-02
  -3.0482600e-02
  -3.1079800e-02
  -3.1624400e-02
  -3.1709300e-02
  -3.1530500e-02
  -3.1360400e-02
  -3.0961700e-02
  -3.1019600e-02
  -3.1763000e-02
  -3.0664300e-02
  -3.0105900e-02
  -3.0503800e-02
  -3.0335600e-02
  -3.0487700e-02
  -2.9940400e-02
  -2.9666300e-02
  -2.9353400e-02
  -2.7909500e-02
  -2.6478700e-02
  -2.5202500e-02
  -2.3977300e-02
  -2.2984100e-02
  -2.1653200e-02
  -2.0642100e-02
  -1.9626000e-02
  -1.7619600e-02
  -1.6241600e-02
  -1.4781200e-02
  -1.3640900e-02
  -1.2583900e-02
  -1.0148200e-02
  -8.2819500e-03
  -7.1357400e-03
  -5.7305900e-03
  -4.5264400e-03
  -2.5973000e-03
  -4.9913600e-04
   5.4036200e-04
   1.7341400e-03
   3.2409200e-03
   4.5140500e-03
   4.5564800e-03
   4.6191700e-03
   5.8901700e-03
   5.6813400e-03
   5.4994000e-03
   6.3705200e-03
   6.3858000e-03
   6.3603200e-03
   4.9960600e-03
   3.6494200e-03
   2.9193900e-03
   3.3616000e-04
  -1.0012000e-03
  -1.5133800e-03
  -3.3732000e-03
  -4.8468000e-03
  -5.6574200e-03
  -5.4471900e-03
  -5.6853800e-03
  -6.6314900e-03
  -6.5999400e-03
  -5.5134200e-03
  -4.1195400e-03
  -3.9718000e-03
  -2.3832300e-03
   5.2525400e-04
   1.5052300e-03
   3.1238000e-03
   5.7689900e-03
   7.6900000e-03
   9.6534300e-03
   1.1709100e-02
   1.3513400e-02
   1.4824400e-02
   1.5697000e-02
   1.6850200e-02
   1.7505200e-02
   1.7032100e-02
   1.6555200e-02
   1.6151600e-02
   1.5397200e-02
   1.4422200e-02
   1.3835300e-02
   1.3246800e-02
   1.1792400e-02
   1.0826400e-02
   1.0005800e-02
   8.5824700e-03
   7.6204500e-03
   6.7328100e-03
   5.3388400e-03
   4.1063000e-03
   2.3804700e-03
  -1.0155600e-04
  -1.8284900e-03
  -3.3566500e-03
  -5.2805000e-03
  -7.0402300e-03
  -8.0776200e-03
  -8.7699900e-03
  -9.8089000e-03
  -1.0566800e-02
  -1.0657800e-02
  -1.0553600e-02
  -1.0552000e-02
  -1.0110700e-02
  -9.1833100e-03
  -8.0436400e-03
  -7.3905900e-03
  -6.3672900e-03
  -4.5663800e-03
  -3.9023500e-03
  -2.9179000e-03
  -9.1007600e-04
   1.1196900e-03
   2.8211600e-03
   4.0542400e-03
   6.2674200e-03
   8.4024300e-03
   9.5661500e-03
   1.1850100e-02
   1.4312900e-02
   1.5807500e-02
   1.8145500e-02
   2.0514900e-02
   2.2733100e-02
   2.5280700e-02
   2.7235600e-02
   2.9270900e-02
   3.1701600e-02
   3.4078100e-02
   3.5986900e-02
   3.7824300e-02
   3.9323000e-02
   4.1013500e-02
   4.3395300e-02
   4.4696800e-02
   4.6710300e-02
   4.9019900e-02
   4.9716500e-02
   5.1030900e-02
   5.2545800e-02
   5.3000900e-02
   5.3575600e-02
   5.5461700e-02
   5.6394200e-02
   5.6161200e-02
   5.6481500e-02
   5.6744100e-02
   5.6913200e-02
   5.6510200e-02
   5.6065400e-02
   5.5907000e-02
   5.5199900e-02
   5.4818500e-02
   5.4395100e-02
   5.3499100e-02
   5.3104900e-02
   5.2727800e-02
   5.2430300e-02
   5.2216100e-02
   5.1612000e-02
   5.1358900e-02
   5.1769000e-02
   5.1590400e-02
   5.0788900e-02
   5.0944600e-02
   5.1523700e-02
   5.0965500e-02
   5.0286400e-02
   5.0423900e-02
   4.9949800e-02
   4.9354800e-02
   4.9081200e-02
   4.8387300e-02
   4.8287600e-02
   4.7729300e-02
   4.7433900e-02
   4.8165300e-02
   4.8004000e-02
   4.8426100e-02
   4.8842800e-02
   4.8477600e-02
   4.8797600e-02
   4.8242700e-02
   4.8055800e-02
   4.8844000e-02
   4.8363400e-02
   4.8199400e-02
   4.7404700e-02
   4.5486700e-02
   4.4485000e-02
   4.2900900e-02
   4.0097500e-02
   3.7763700e-02
   3.6113700e-02
   3.3106900e-02
   3.0062900e-02
   2.8332600e-02
   2.5460700e-02
   2.3075100e-02
   2.1453500e-02
   1.8751500e-02
   1.6814100e-02
   1.5397500e-02
   1.3833600e-02
   1.2575100e-02
   1.1066300e-02
   9.8217400e-03
   8.9344300e-03
   7.9371200e-03
   6.7818800e-03
   5.2651200e-03
   4.0100900e-03
   3.9237700e-03
   3.9307900e-03
   3.1713700e-03
   3.1063800e-03
   3.0313000e-03
   2.2983400e-03
   2.0318400e-03
   1.3548200e-03
   8.7740200e-04
   1.4531700e-03
   6.6941900e-04
  -1.4931700e-04
   1.4180400e-04
  -3.0811600e-04
  -3.9097900e-04
  -3.4154100e-04
  -2.9462200e-04
  -2.1639500e-05
  -3.6963000e-04
   1.9983300e-04
   1.2378200e-03
   1.8973100e-03
   3.2982600e-03
   4.8561700e-03
   6.2098300e-03
   7.6658900e-03
   9.0433600e-03
   1.0449500e-02
   1.1955800e-02
   1.3576700e-02
   1.5708200e-02
   1.7889100e-02
   1.9566500e-02
   2.1397700e-02
   2.3071400e-02
   2.4213300e-02
   2.5317600e-02
   2.5693700e-02
   2.5967800e-02
   2.6890600e-02
   2.6683400e-02
   2.5489000e-02
   2.5463400e-02
   2.4763700e-02
   2.2932300e-02
   2.2187800e-02
   2.0741200e-02
   1.8695600e-02
   1.7219300e-02
   1.5693600e-02
   1.3756600e-02
   1.1686500e-02
   9.8888500e-03
   7.9434600e-03
   6.1646600e-03
   4.0081400e-03
   2.0311900e-03
   1.0685000e-03
  -2.3097500e-04
  -1.7534800e-03
  -2.1279900e-03
  -2.4395900e-03
  -2.8806200e-03
  -2.7558600e-03
  -3.0501600e-03
  -3.0801300e-03
  -2.9502900e-03
  -2.3124500e-03
  -1.4428500e-03
  -1.0589000e-03
  -1.7832700e-04
   3.1375700e-04
   6.4534000e-04
   6.0050000e-04
   2.2671900e-04
   2.7591000e-04
  -7.1779100e-04
  -1.7602100e-03
  -2.0221700e-03
  -3.5408100e-03
  -5.1751200e-03
  -5.9398700e-03
  -7.6686500e-03
  -9.1387700e-03
  -9.6755800e-03
  -1.0988000e-02
  -1.2667100e-02
  -1.3684100e-02
  -1.4535800e-02
  -1.5941600e-02
  -1.6405000e-02
  -1.6162600e-02
  -1.6518400e-02
  -1.5928600e-02
  -1.4979200e-02
  -1.3892000e-02
  -1.1783000e-02
  -9.4800300e-03
  -7.3673000e-03
  -4.1397500e-03
  -1.7773500e-04
   3.3500400e-03
   7.6200200e-03
   1.2919800e-02
   1.7882000e-02
   2.1684800e-02
   2.5992500e-02
   3.0290900e-02
   3.4166600e-02
   3.8502900e-02
   4.1849200e-02
   4.4742400e-02
   4.8521900e-02
   5.1719800e-02
   5.3037000e-02
   5.5141700e-02
   5.8290900e-02
   5.9687500e-02
   6.0394000e-02
   6.2731500e-02
   6.4855600e-02
   6.5335700e-02
   6.5988200e-02
   6.7047300e-02
   6.7873000e-02
   6.7474500e-02
   6.6486700e-02
   6.5622600e-02
   6.4006600e-02
   6.2040200e-02
   6.0699200e-02
   5.9504000e-02
   5.8211600e-02
   5.7027200e-02
   5.4491000e-02
   5.2972800e-02
   5.2414400e-02
   5.0798500e-02
   4.9738800e-02
   4.8239000e-02
   4.7074100e-02
   4.6167300e-02
   4.4628100e-02
   4.3577700e-02
   4.2295400e-02
   4.1682500e-02
   4.0431200e-02
   3.8995600e-02
   3.8861700e-02
   3.7735600e-02
   3.7026500e-02
   3.6646800e-02
   3.5528300e-02
   3.5278200e-02
   3.4892100e-02
   3.3465800e-02
   3.3172500e-02
   3.3119600e-02
   3.1917900e-02
   3.0691900e-02
   2.9799800e-02
   2.8695300e-02
   2.7459500e-02
   2.6569500e-02
   2.5424600e-02
   2.4476200e-02
   2.3513800e-02
   2.2699900e-02
   2.2703600e-02
   2.1776900e-02
   2.0818200e-02
   2.0662700e-02
   2.0207000e-02
   2.0697300e-02
   2.0517900e-02
   1.9692200e-02
   2.0440700e-02
   2.0584700e-02
   2.0318200e-02
   2.0914000e-02
   2.0795900e-02
   2.0205600e-02
   2.0588900e-02
   2.0728600e-02
   1.9434600e-02
   1.8940600e-02
   1.9002700e-02
   1.7488500e-02
   1.5879600e-02
   1.5387100e-02
   1.5197600e-02
   1.4005500e-02
   1.2598900e-02
   1.2335900e-02
   1.1892300e-02
   1.0389000e-02
   9.6147200e-03
   9.2613000e-03
   7.2383900e-03
   6.6518800e-03
   6.3270700e-03
   4.4348500e-03
   4.8092400e-03
   4.0457900e-03
   2.1185200e-03
   1.7966800e-03
   7.2247400e-04
  -6.9581100e-04
  -7.4899400e-04
  -1.2923000e-03
  -3.1410300e-03
  -3.3932000e-03
  -3.9996600e-03
  -5.1751400e-03
  -5.8713300e-03
  -7.0662800e-03
  -6.8643200e-03
  -7.4186600e-03
  -8.1674400e-03
  -8.1176600e-03
  -8.2943000e-03
  -7.5792600e-03
  -7.4904000e-03
  -7.0321800e-03
  -5.6835000e-03
  -5.2886800e-03
  -6.1648200e-03
  -5.4129600e-03
  -4.2870600e-03
  -4.9868300e-03
  -2.9090400e-03
  -1.1297900e-04
   1.0477700e-04
   1.2627300e-03
   3.2006800e-03
   5.2243600e-03
   7.4754400e-03
   8.6678600e-03
   9.8668100e-03
   1.1802600e-02
   1.3521400e-02
   1.4413000e-02
   1.5066800e-02
   1.6773300e-02
   1.8021700e-02
   1.7754000e-02
   1.7663500e-02
   1.8030000e-02
   1.7941300e-02
   1.7487600e-02
   1.7391200e-02
   1.6662700e-02
   1.6688000e-02
   1.6817300e-02
   1.5938500e-02
   1.6211700e-02
   1.5901900e-02
   1.5470500e-02
   1.6430200e-02
   1.6456500e-02
   1.5717600e-02
   1.6412100e-02
   1.6781900e-02
   1.6302000e-02
   1.7202300e-02
   1.8061600e-02
   1.7980700e-02
   1.8586300e-02
   1.9598900e-02
   1.9879400e-02
   2.0916100e-02
   2.2541900e-02
   2.3722000e-02
   2.4749000e-02
   2.5463300e-02
   2.7107600e-02
   2.8739700e-02
   2.9522900e-02
   3.0551300e-02
   3.1182000e-02
   3.1778800e-02
   3.2303500e-02
   3.2210900e-02
   3.2519300e-02
   3.2794200e-02
   3.2064300e-02
   3.1440600e-02
   3.1676700e-02
   3.0751700e-02
   2.9653700e-02
   2.9709700e-02
   2.9405500e-02
   2.8408500e-02
   2.7525600e-02
   2.7267100e-02
   2.6787800e-02
   2.6465300e-02
   2.5362400e-02
   2.4216900e-02
   2.3459500e-02
   2.2733700e-02
   2.2947900e-02
   2.2905000e-02
   2.3071500e-02
   2.3236000e-02
   2.3019600e-02
   2.2864000e-02
   2.2518600e-02
   2.2873300e-02
   2.3293300e-02
   2.3449600e-02
   2.4093200e-02
   2.3729600e-02
   2.3247400e-02
   2.3859500e-02
   2.4027700e-02
   2.3528600e-02
   2.3207300e-02
   2.2452100e-02
   2.1572400e-02
   2.0490200e-02
   1.9513200e-02
   1.8916500e-02
   1.6975800e-02
   1.5221600e-02
   1.4026900e-02
   1.1356800e-02
   8.3349900e-03
   5.9350400e-03
   3.4633100e-03
   1.0494000e-03
  -1.2592700e-03
  -3.1489700e-03
  -5.0640800e-03
  -7.7100100e-03
  -9.3131200e-03
  -1.0569700e-02
  -1.2956500e-02
  -1.4571400e-02
  -1.5812300e-02
  -1.7477500e-02
  -1.8976500e-02
  -2.0000300e-02
  -2.0575800e-02
  -2.1551600e-02
  -2.2283700e-02
  -2.2632600e-02
  -2.3415500e-02
  -2.3369200e-02
  -2.3128200e-02
  -2.3510900e-02
  -2.3781500e-02
  -2.3979200e-02
  -2.3463700e-02
  -2.3471400e-02
  -2.3650000e-02
  -2.2413800e-02
  -2.1679000e-02
  -2.1561400e-02
  -2.0377600e-02
  -1.8715000e-02
  -1.7015500e-02
  -1.5423400e-02
  -1.4063400e-02
  -1.1517500e-02
  -9.3956800e-03
  -8.5399800e-03
  -6.3296500e-03
  -4.1009900e-03
  -2.5816000e-03
  -1.2566800e-03
  -2.6668800e-04
   1.0521400e-03
   1.7023100e-03
   1.9252100e-03
   2.2207000e-03
   2.3056800e-03
   2.0997400e-03
   1.5080800e-03
   9.4837400e-04
   7.1135400e-04
   5.4983800e-05
  -8.1662000e-04
  -9.1125200e-04
  -1.6088400e-03
  -2.7015400e-03
  -2.8628300e-03
  -3.2437600e-03
  -3.9348000e-03
  -3.8474200e-03
  -4.0695300e-03
  -4.6939800e-03
  -4.5680600e-03
  -4.2893000e-03
  -4.9586300e-03
  -5.3615900e-03
  -5.2268600e-03
  -5.9048400e-03
  -6.0974100e-03
  -7.0330400e-03
  -8.0073000e-03
  -7.3470900e-03
  -7.8792200e-03
  -8.8436300e-03
  -8.8434100e-03
  -9.9982000e-03
  -1.1812100e-02
  -1.2627900e-02
  -1.3574700e-02
  -1.4945200e-02
  -1.5617700e-02
  -1.6299600e-02
  -1.7610500e-02
  -1.8838600e-02
  -1.9913200e-02
  -2.0804900e-02
  -2.1809700e-02
  -2.2810700e-02
  -2.3897100e-02
  -2.5213800e-02
  -2.6235200e-02
  -2.7653000e-02
  -2.9257700e-02
  -3.0605800e-02
  -3.2165200e-02
  -3.3657200e-02
  -3.5552300e-02
  -3.8202400e-02
  -4.0458400e-02
  -4.2219900e-02
  -4.4123000e-02
  -4.6236800e-02
  -4.8307200e-02
  -4.9752000e-02
  -5.0692300e-02
  -5.2089800e-02
  -5.3782800e-02
  -5.4357100e-02
  -5.5249400e-02
  -5.6979800e-02
  -5.7588200e-02
  -5.8072300e-02
  -5.9557200e-02
  -6.0511100e-02
  -6.1160000e-02
  -6.1925400e-02
  -6.2243300e-02
  -6.2555300e-02
  -6.3297700e-02
  -6.3773200e-02
  -6.3794000e-02
  -6.4119800e-02
  -6.3883100e-02
  -6.3836500e-02
  -6.3448900e-02
  -6.2424700e-02
  -6.2030700e-02
  -6.1321900e-02
  -5.9784700e-02
  -5.8620900e-02
  -5.7960200e-02
  -5.6432100e-02
  -5.4742300e-02
  -5.3391500e-02
  -5.1798300e-02
  -5.0375200e-02
  -4.8812600e-02
  -4.6984600e-02
  -4.5494400e-02
  -4.4020200e-02
  -4.2231700e-02
  -3.9815800e-02
  -3.8107100e-02
  -3.6606700e-02
  -3.3870500e-02
  -3.1596900e-02
  -2.9561800e-02
  -2.6639100e-02
  -2.3878800e-02
  -2.2021300e-02
  -1.9558100e-02
  -1.6699000e-02
  -1.4807800e-02
  -1.3103500e-02
  -1.0684300e-02
  -8.4695700e-03
  -6.9759500e-03
  -5.4071200e-03
  -3.9446900e-03
  -2.8462700e-03
  -1.2469300e-03
   6.9320500e-04
   1.5849100e-03
   3.3160300e-03
   5.4283200e-03
   6.5910000e-03
   8.2469200e-03
   9.7577000e-03
   1.1291500e-02
   1.2620800e-02
   1.4343500e-02
   1.6906300e-02
   1.8714100e-02
   2.0631700e-02
   2.2622300e-02
   2.3902500e-02
   2.5781900e-02
   2.7654900e-02
   2.8625600e-02
   2.9988500e-02
   3.1738600e-02
   3.3089900e-02
   3.3834000e-02
   3.4530300e-02
   3.4977400e-02
   3.4923700e-02
   3.5287100e-02
   3.5498100e-02
   3.5116500e-02
   3.4599000e-02
   3.4298800e-02
   3.3525500e-02
   3.2373500e-02
   3.1948500e-02
   3.1214700e-02
   2.9443700e-02
   2.7854300e-02
   2.6287000e-02
   2.3903900e-02
   2.1747000e-02
   2.0151800e-02
   1.8230700e-02
   1.6477800e-02
   1.4276300e-02
   1.1453500e-02
   9.1648700e-03
   6.6454500e-03
   4.1607300e-03
   2.0224100e-03
   2.2742000e-04
  -1.2604700e-03
  -2.8866600e-03
  -4.3209900e-03
  -5.7340600e-03
  -7.0553900e-03
  -7.9789700e-03
  -8.6232600e-03
  -9.1060100e-03
  -9.3945600e-03
  -9.9221600e-03
  -1.0333700e-02
  -9.7896600e-03
  -9.6585000e-03
  -1.0128900e-02
  -1.0100200e-02
  -1.0197400e-02
  -1.0443100e-02
  -1.0677400e-02
  -1.1215800e-02
  -1.1628200e-02
  -1.2382800e-02
  -1.3758700e-02
  -1.4706300e-02
  -1.5905300e-02
  -1.7620900e-02
  -1.8927100e-02
  -2.0684100e-02
  -2.2849300e-02
  -2.4776100e-02
  -2.6380600e-02
  -2.7925200e-02
  -3.0272400e-02
  -3.1503000e-02
  -3.2520200e-02
  -3.5296200e-02
  -3.6847000e-02
  -3.7696400e-02
  -3.9356700e-02
  -4.0939900e-02
  -4.2377700e-02
  -4.3813900e-02
  -4.5143500e-02
  -4.6149700e-02
  -4.7148600e-02
  -4.7964800e-02
  -4.8942400e-02
  -4.9724200e-02
  -5.0094900e-02
  -5.0861800e-02
  -5.1350000e-02
  -5.1737000e-02
  -5.2324500e-02
  -5.2611800e-02
  -5.2183300e-02
  -5.1621100e-02
  -5.1409800e-02
  -5.1148700e-02
  -5.0531800e-02
  -4.9802600e-02
  -4.8932600e-02
  -4.7606600e-02
  -4.6195000e-02
  -4.4550500e-02
  -4.2657300e-02
  -4.1092900e-02
  -3.9874600e-02
  -3.8219500e-02
  -3.6660400e-02
  -3.5629600e-02
  -3.4357000e-02
  -3.2918800e-02
  -3.1926000e-02
  -3.1361700e-02
  -3.0630300e-02
  -2.9625400e-02
  -2.8851700e-02
  -2.8547700e-02
  -2.8293000e-02
  -2.7550500e-02
  -2.6730900e-02
  -2.5585800e-02
  -2.4422900e-02
  -2.3372100e-02
  -2.2001800e-02
  -2.0635700e-02
  -1.8760100e-02
  -1.7357700e-02
  -1.6453600e-02
  -1.5174900e-02
  -1.3487100e-02
  -1.1740400e-02
  -1.0037700e-02
  -7.6411500e-03
  -5.2605900e-03
  -2.9240000e-03
  -6.2986600e-04
   1.3595800e-03
   3.3552600e-03
   6.2202400e-03
   9.1357800e-03
   1.1200300e-02
   1.3702500e-02
   1.5792800e-02
   1.8125100e-02
   2.0319700e-02
   2.2073200e-02
   2.4487500e-02
   2.6084400e-02
   2.7029500e-02
   2.8429900e-02
   2.9870900e-02
   3.0656400e-02
   3.1649800e-02
   3.2845800e-02
   3.3500200e-02
   3.4269600e-02
   3.5096500e-02
   3.5335900e-02
   3.5997000e-02
   3.6905800e-02
   3.7728400e-02
   3.8835500e-02
   3.9410900e-02
   4.0251000e-02
   4.1076100e-02
   4.1916500e-02
   4.3225900e-02
   4.4156400e-02
   4.4833600e-02
   4.5689300e-02
   4.6885200e-02
   4.7374800e-02
   4.7822000e-02
   4.8816100e-02
   4.9891400e-02
   5.0280800e-02
   5.0592200e-02
   5.2027700e-02
   5.2451000e-02
   5.2324800e-02
   5.2992000e-02
   5.3262300e-02
   5.3331300e-02
   5.3659100e-02
   5.3801200e-02
   5.4134200e-02
   5.3856300e-02
   5.3510600e-02
   5.3870900e-02
   5.3881700e-02
   5.3626500e-02
   5.3208000e-02
   5.3292900e-02
   5.3524300e-02
   5.3559100e-02
   5.3498100e-02
   5.3336700e-02
   5.3419000e-02
   5.3371900e-02
   5.3113600e-02
   5.3068000e-02
   5.3422000e-02
   5.3784400e-02
   5.4069600e-02
   5.4255200e-02
   5.4148500e-02
   5.3964200e-02
   5.3759900e-02
   5.3477700e-02
   5.3192200e-02
   5.2812400e-02
   5.2509800e-02
   5.1933600e-02
   5.1216600e-02
   5.0414300e-02
   4.9103900e-02
   4.7946400e-02
   4.6560900e-02
   4.4885500e-02
   4.2728200e-02
   4.0155400e-02
   3.7376100e-02
   3.4006700e-02
   3.1043500e-02
   2.8282100e-02
   2.5257500e-02
   2.2220300e-02
   1.8970000e-02
   1.4732900e-02
   1.0497100e-02
   7.5566400e-03
   4.6479900e-03
   1.7383100e-03
  -2.5409300e-04
  -2.0646200e-03
  -3.7919300e-03
  -5.2576200e-03
  -6.6724200e-03
  -7.7086900e-03
  -8.7174700e-03
  -9.6291400e-03
  -1.0538000e-02
  -1.1752100e-02
  -1.2914100e-02
  -1.3653700e-02
  -1.4479400e-02
  -1.5349200e-02
  -1.5835700e-02
  -1.6763400e-02
  -1.7513900e-02
  -1.7632400e-02
  -1.7900100e-02
  -1.8244800e-02
  -1.8315900e-02
  -1.8434100e-02
  -1.8309700e-02
  -1.8314300e-02
  -1.8573400e-02
  -1.8154600e-02
  -1.8025300e-02
  -1.7723800e-02
  -1.6905900e-02
  -1.6767600e-02
  -1.6531700e-02
  -1.6411600e-02
  -1.6403700e-02
  -1.6012100e-02
  -1.6219700e-02
  -1.6009500e-02
  -1.5752000e-02
  -1.6229200e-02
  -1.6073900e-02
  -1.6341300e-02
  -1.7156900e-02
  -1.7071800e-02
  -1.6832200e-02
  -1.6964100e-02
  -1.7140000e-02
  -1.6975100e-02
  -1.6793100e-02
  -1.6931800e-02
  -1.6763900e-02
  -1.6621700e-02
  -1.6765500e-02
  -1.6644600e-02
  -1.6617500e-02
  -1.6758800e-02
  -1.6549100e-02
  -1.6843500e-02
  -1.7157200e-02
  -1.7206500e-02
  -1.8095200e-02
  -1.8754800e-02
  -1.9377400e-02
  -2.0359300e-02
  -2.1253200e-02
  -2.2447800e-02
  -2.3579000e-02
  -2.4625000e-02
  -2.5709900e-02
  -2.5952900e-02
  -2.6067200e-02
  -2.6703500e-02
  -2.6908100e-02
  -2.7163000e-02
  -2.7431200e-02
  -2.8017100e-02
  -2.8866100e-02
  -2.8831500e-02
  -2.8838100e-02
  -2.9103800e-02
  -2.8836200e-02
  -2.8514200e-02
  -2.8180400e-02
  -2.8005900e-02
  -2.7831200e-02
  -2.6803600e-02
  -2.5835700e-02
  -2.4858600e-02
  -2.3840000e-02
  -2.2887800e-02
  -2.1227000e-02
  -1.9778500e-02
  -1.8608900e-02
  -1.7389600e-02
  -1.6605300e-02
  -1.6676500e-02
  -1.6608200e-02
  -1.6336200e-02
  -1.6896500e-02
  -1.6862700e-02
  -1.6561900e-02
  -1.7067800e-02
  -1.7635400e-02
  -1.8242700e-02
  -1.9096500e-02
  -1.9827700e-02
  -1.9892800e-02
  -1.9987200e-02
  -2.0571500e-02
  -2.0562000e-02
  -2.0363200e-02
  -2.1003700e-02
  -2.1306400e-02
  -2.1007700e-02
  -2.1233400e-02
  -2.1477200e-02
  -2.1474200e-02
  -2.1873200e-02
  -2.2564700e-02
  -2.3065600e-02
  -2.3441500e-02
  -2.4008500e-02
  -2.4193200e-02
  -2.4354900e-02
  -2.5341300e-02
  -2.5707100e-02
  -2.5528800e-02
  -2.6232200e-02
  -2.6263800e-02
  -2.6326100e-02
  -2.7640900e-02
  -2.7739700e-02
  -2.7975700e-02
  -2.8894300e-02
  -2.8743500e-02
  -2.8975700e-02
  -2.9744200e-02
  -2.9898100e-02
  -2.9745700e-02
  -3.0273100e-02
  -3.0528200e-02
  -2.9869500e-02
  -2.9614300e-02
  -2.9592900e-02
  -2.8765400e-02
  -2.8025400e-02
  -2.7634900e-02
  -2.6121900e-02
  -2.5033300e-02
  -2.4559800e-02
  -2.3030800e-02
  -2.1774300e-02
  -2.0952700e-02
  -2.0332900e-02
  -1.9497700e-02
  -1.8957000e-02
  -1.9290700e-02
  -1.9255300e-02
  -1.9218700e-02
  -1.9040300e-02
  -1.9255700e-02
  -2.0117500e-02
  -1.9997100e-02
  -1.9628500e-02
  -2.0001100e-02
  -2.0303200e-02
  -2.0023100e-02
  -2.0055400e-02
  -2.0577900e-02
  -2.0641800e-02
  -2.0337200e-02
  -1.9867700e-02
  -1.9640600e-02
  -1.9566600e-02
  -1.9767400e-02
  -2.0374200e-02
  -2.1016300e-02
  -2.1360900e-02
  -2.1716900e-02
  -2.2235400e-02
  -2.2415300e-02
  -2.2846400e-02
  -2.3133900e-02
  -2.3466800e-02
  -2.3996100e-02
  -2.4021600e-02
  -2.4403800e-02
  -2.4866300e-02
  -2.5232900e-02
  -2.5988500e-02
  -2.6729600e-02
  -2.7244900e-02
  -2.7219700e-02
  -2.7505000e-02
  -2.8142100e-02
  -2.8506400e-02
  -2.9163200e-02
  -3.0425600e-02
  -3.2087700e-02
  -3.3228900e-02
  -3.3486300e-02
  -3.3811300e-02
  -3.4595000e-02
  -3.5648000e-02
  -3.6695500e-02
  -3.7321700e-02
  -3.8269900e-02
  -3.9280600e-02
  -3.9381900e-02
  -3.9974600e-02
  -4.0996100e-02
  -4.1134100e-02
  -4.1571200e-02
  -4.2512400e-02
  -4.2800500e-02
  -4.3061200e-02
  -4.3404300e-02
  -4.3303500e-02
  -4.3396300e-02
  -4.3292500e-02
  -4.2853700e-02
  -4.2843200e-02
  -4.2518000e-02
  -4.1567500e-02
  -4.1504800e-02
  -4.1734500e-02
  -4.1350600e-02
  -4.1603600e-02
  -4.2043800e-02
  -4.2213900e-02
  -4.2854300e-02
  -4.3333600e-02
  -4.3988600e-02
  -4.4788600e-02
  -4.4995800e-02
  -4.5241900e-02
  -4.5629300e-02
  -4.6037900e-02
  -4.5685500e-02
  -4.5312100e-02
  -4.5568000e-02
  -4.5264000e-02
  -4.4900200e-02
  -4.4717300e-02
  -4.4641700e-02
  -4.4059900e-02
  -4.3165200e-02
  -4.2680700e-02
  -4.1882800e-02
  -4.1124400e-02
  -4.0259600e-02
  -3.9156300e-02
  -3.7694900e-02
  -3.6327500e-02
  -3.5189900e-02
  -3.3580000e-02
  -3.1996500e-02
  -3.0415900e-02
  -2.8681600e-02
  -2.7122900e-02
  -2.5367200e-02
  -2.3387600e-02
  -2.1648600e-02
  -1.9608300e-02
  -1.7480600e-02
  -1.5948300e-02
  -1.4437100e-02
  -1.2867900e-02
  -1.1378500e-02
  -8.9239800e-03
  -6.3760000e-03
  -4.4598700e-03
  -1.9438700e-03
   4.5647700e-04
   1.9722700e-03
   4.1730100e-03
   6.2829400e-03
   7.7075500e-03
   9.9059200e-03
   1.1863500e-02
   1.3206400e-02
   1.5008700e-02
   1.6827300e-02
   1.7986500e-02
   1.9580100e-02
   2.1313200e-02
   2.2316300e-02
   2.3438600e-02
   2.5240800e-02
   2.7138400e-02
   2.8587800e-02
   3.0277800e-02
   3.1983700e-02
   3.3627300e-02
   3.5478600e-02
   3.6511200e-02
   3.7352400e-02
   3.8404400e-02
   3.8964400e-02
   3.9764200e-02
   4.0810000e-02
   4.1753100e-02
   4.2228600e-02
   4.2000400e-02
   4.2688300e-02
   4.3617300e-02
   4.3563500e-02
   4.3723800e-02
   4.4450700e-02
   4.5106600e-02
   4.5342800e-02
   4.5967300e-02
   4.6305500e-02
   4.6158300e-02
   4.6809000e-02
   4.7368200e-02
   4.7184300e-02
   4.7026600e-02
   4.6773600e-02
   4.6726000e-02
   4.6226700e-02
   4.5124600e-02
   4.4568500e-02
   4.3599900e-02
   4.2835900e-02
   4.2178400e-02
   4.1050100e-02
   4.0376600e-02
   3.9401600e-02
   3.8380700e-02
   3.7957100e-02
   3.7549400e-02
   3.7118700e-02
   3.7004800e-02
   3.7160800e-02
   3.7455900e-02
   3.7946300e-02
   3.8349500e-02
   3.8775200e-02
   3.9545400e-02
   4.0237400e-02
   4.0934300e-02
   4.1801200e-02
   4.2431400e-02
   4.2876500e-02
   4.3247200e-02
   4.3692500e-02
   4.4256300e-02
   4.4409300e-02
   4.4437600e-02
   4.4515000e-02
   4.4498100e-02
   4.4713700e-02
   4.4691600e-02
   4.4318300e-02
   4.3896100e-02
   4.3490100e-02
   4.2590300e-02
   4.1733500e-02
   4.1182100e-02
   4.0509900e-02
   4.0125600e-02
   3.9561000e-02
   3.8792300e-02
   3.8325800e-02
   3.7892500e-02
   3.6733600e-02
   3.5572000e-02
   3.5009200e-02
   3.4754100e-02
   3.4521400e-02
   3.4389400e-02
   3.4437400e-02
   3.4088100e-02
   3.3407400e-02
   3.2713200e-02
   3.1885700e-02
   3.0952000e-02
   3.0443800e-02
   2.9533900e-02
   2.8717300e-02
   2.8233500e-02
   2.7166300e-02
   2.6495600e-02
   2.5707200e-02
   2.4440700e-02
   2.3836300e-02
   2.3052500e-02
   2.2019600e-02
   2.1460600e-02
   2.0708500e-02
   1.9937100e-02
   1.9432300e-02
   1.9137000e-02
   1.8159200e-02
   1.6948100e-02
   1.6021500e-02
   1.4480200e-02
   1.3469100e-02
   1.2977300e-02
   1.1805500e-02
   1.0798200e-02
   9.9309100e-03
   8.5003000e-03
   7.1231500e-03
   5.8246000e-03
   4.2342500e-03
   3.0966300e-03
   2.1564300e-03
   5.3313900e-04
  -1.1345800e-03
  -2.6305400e-03
  -4.4225900e-03
  -6.0547800e-03
  -7.8036400e-03
  -9.8113300e-03
  -1.1367800e-02
  -1.3029300e-02
  -1.4397200e-02
  -1.5891200e-02
  -1.7389000e-02
  -1.8297100e-02
  -1.9779000e-02
  -2.0878000e-02
  -2.1591800e-02
  -2.2461100e-02
  -2.2800000e-02
  -2.2857000e-02
  -2.2785300e-02
  -2.2725300e-02
  -2.3135800e-02
  -2.2931800e-02
  -2.2198100e-02
  -2.2103400e-02
  -2.1547600e-02
  -2.0745700e-02
  -1.9768700e-02
  -1.8793000e-02
  -1.8273900e-02
  -1.7350400e-02
  -1.6607300e-02
  -1.5789000e-02
  -1.4868000e-02
  -1.4141800e-02
  -1.3287700e-02
  -1.2717800e-02
  -1.2259800e-02
  -1.1824100e-02
  -1.1450700e-02
  -1.1216900e-02
  -1.1150800e-02
  -1.1026500e-02
  -1.0771100e-02
  -1.0879500e-02
  -1.1205900e-02
  -1.0991000e-02
  -1.1014600e-02
  -1.1324800e-02
  -1.1272200e-02
  -1.1513400e-02
  -1.1475700e-02
  -1.0863000e-02
  -1.0849500e-02
  -1.0722600e-02
  -9.8848000e-03
  -9.2962700e-03
  -8.8949300e-03
  -8.6964100e-03
  -8.5013500e-03
  -7.3825300e-03
  -6.1119300e-03
  -5.0377300e-03
  -3.7983500e-03
  -2.7653800e-03
  -2.0534600e-03
  -1.4931100e-03
  -8.5966500e-04
  -1.6323600e-04
   5.1179700e-04
   9.9420000e-04
   1.2269300e-03
   1.5802500e-03
   2.0418100e-03
   2.0016400e-03
   2.2320100e-03
   2.9088000e-03
   3.3255300e-03
   3.7859000e-03
   4.5903000e-03
   5.7185800e-03
   6.7037200e-03
   8.0316300e-03
   9.5614400e-03
   1.0849900e-02
   1.1839000e-02
   1.2158900e-02
   1.2411300e-02
   1.2723100e-02
   1.2891600e-02
   1.2982200e-02
   1.3006500e-02
   1.3432500e-02
   1.3950100e-02
   1.3890100e-02
   1.3881400e-02
   1.3998100e-02
   1.4072900e-02
   1.4290200e-02
   1.4724800e-02
   1.4993100e-02
   1.4704200e-02
   1.4956700e-02
   1.5274100e-02
   1.4807500e-02
   1.4464900e-02
   1.4382400e-02
   1.4024900e-02
   1.3381500e-02
   1.2682400e-02
   1.2186100e-02
   1.1907000e-02
   1.1459600e-02
   1.0988700e-02
   1.0547500e-02
   1.0037500e-02
   9.8457900e-03
   9.7322000e-03
   9.0703800e-03
   8.6451500e-03
   8.5636600e-03
   8.3898000e-03
   8.3699000e-03
   8.1220600e-03
   8.2852600e-03
   8.3234000e-03
   8.2767300e-03
   8.7112700e-03
   9.0008200e-03
   9.3743800e-03
   9.5642900e-03
   9.8908200e-03
   1.0370200e-02
   1.0750000e-02
   1.0923600e-02
   1.0652000e-02
   1.0796600e-02
   1.1081800e-02
   1.0927400e-02
   1.1413900e-02
   1.1815700e-02
   1.1763100e-02
   1.2306500e-02
   1.2556600e-02
   1.2684400e-02
   1.3360400e-02
   1.3758000e-02
   1.4091000e-02
   1.4929300e-02
   1.5849600e-02
   1.6091900e-02
   1.6531100e-02
   1.7455500e-02
   1.8038100e-02
   1.8740200e-02
   1.9465600e-02
   1.9853700e-02
   2.0085800e-02
   2.0836000e-02
   2.1272700e-02
   2.1395900e-02
   2.2270900e-02
   2.3360600e-02
   2.4327700e-02
   2.4764700e-02
   2.5082900e-02
   2.5675700e-02
   2.5838000e-02
   2.6265800e-02
   2.6983400e-02
   2.6823900e-02
   2.7124500e-02
   2.7657600e-02
   2.7470000e-02
   2.7567000e-02
   2.7636500e-02
   2.7350900e-02
   2.7012300e-02
   2.6848200e-02
   2.6553400e-02
   2.5519200e-02
   2.4612700e-02
   2.4290100e-02
   2.3905900e-02
   2.3296500e-02
   2.2085400e-02
   2.0921100e-02
   1.9875000e-02
   1.8227600e-02
   1.6908500e-02
   1.6086800e-02
   1.5065600e-02
   1.3991400e-02
   1.3251600e-02
   1.2408000e-02
   1.1381100e-02
   1.0419100e-02
   9.9476500e-03
   9.2496400e-03
   7.9611200e-03
   7.9838700e-03
   7.9761900e-03
   7.7338100e-03
   8.4361000e-03
   8.6869000e-03
   9.0496600e-03
   1.0144000e-02
   1.1002400e-02
   1.1489000e-02
   1.2680200e-02
   1.3933100e-02
   1.4783000e-02
   1.5810700e-02
   1.6645000e-02
   1.7623100e-02
   1.8126900e-02
   1.8091500e-02
   1.8621000e-02
   1.8955700e-02
   1.8618700e-02
   1.8471700e-02
   1.8126100e-02
   1.7945900e-02
   1.8056300e-02
   1.7580300e-02
   1.7164200e-02
   1.6860400e-02
   1.6659300e-02
   1.6442100e-02
   1.5989400e-02
   1.5978000e-02
   1.6032900e-02
   1.5342600e-02
   1.5203700e-02
   1.5469000e-02
   1.5098000e-02
   1.5334000e-02
   1.5529100e-02
   1.5179600e-02
   1.5470800e-02
   1.5540000e-02
   1.5067000e-02
   1.5419200e-02
   1.5239100e-02
   1.4799700e-02
   1.4774700e-02
   1.4410300e-02
   1.4573800e-02
   1.4272000e-02
   1.3944700e-02
   1.4004000e-02
   1.3693800e-02
   1.3460300e-02
   1.3367900e-02
   1.3302000e-02
   1.3339800e-02
   1.3390900e-02
   1.2999800e-02
   1.2903800e-02
   1.2822700e-02
   1.2388800e-02
   1.2931600e-02
   1.3210700e-02
   1.3087500e-02
   1.3265000e-02
   1.3028200e-02
   1.2832600e-02
   1.2721500e-02
   1.2612300e-02
   1.2412200e-02
   1.1880100e-02
   1.1425300e-02
   1.1160100e-02
   1.0439200e-02
   9.6763100e-03
   9.1428600e-03
   8.5580300e-03
   7.6766000e-03
   6.8138000e-03
   6.2689800e-03
   5.3734600e-03
   4.5775300e-03
   3.9912500e-03
   3.7479100e-03
   3.4192700e-03
   2.5104600e-03
   2.1387800e-03
   1.6164200e-03
   1.1302200e-03
   1.4027400e-03
   1.5436200e-03
   1.7516200e-03
   2.3894500e-03
   2.7814700e-03
   3.0133300e-03
   3.1047200e-03
   3.2911400e-03
   4.0842900e-03
   4.2574000e-03
   4.2711100e-03
   4.7174300e-03
   5.0234000e-03
   4.7645400e-03
   4.3719700e-03
   4.4104100e-03
   4.2438900e-03
   4.0417200e-03
   3.9292100e-03
   3.6751600e-03
   3.6036000e-03
   3.4603500e-03
   3.4574000e-03
   3.6583200e-03
   3.6945300e-03
   4.2082300e-03
   4.3711200e-03
   4.5913500e-03
   5.1731000e-03
   5.4904000e-03
   6.0030500e-03
   6.4303900e-03
   7.2871900e-03
   8.1714500e-03
   8.4875500e-03
   9.4085100e-03
   1.0029800e-02
   1.0053500e-02
   1.1138000e-02
   1.2211100e-02
   1.2656300e-02
   1.3281400e-02
   1.4350100e-02
   1.5230000e-02
   1.5727600e-02
   1.6437100e-02
   1.7020100e-02
   1.7629600e-02
   1.8002900e-02
   1.8236700e-02
   1.8633300e-02
   1.8893800e-02
   1.9107900e-02
   1.9017900e-02
   1.8991200e-02
   1.9037600e-02
   1.8817200e-02
   1.8400300e-02
   1.8018200e-02
   1.7604800e-02
   1.6816900e-02
   1.6411500e-02
   1.5997000e-02
   1.5216200e-02
   1.4548600e-02
   1.3876000e-02
   1.3252400e-02
   1.2481000e-02
   1.1534600e-02
   1.0175100e-02
   9.0297200e-03
   8.5201100e-03
   7.7680200e-03
   7.2509200e-03
   6.8578700e-03
   5.8421100e-03
   4.6443900e-03
   3.4867000e-03
   2.4255200e-03
   1.3662200e-03
   1.2028700e-04
  -7.5016700e-04
  -1.2280000e-03
  -2.3137600e-03
  -3.4850100e-03
  -3.9159200e-03
  -4.5061900e-03
  -5.5491800e-03
  -6.2083400e-03
  -6.4883100e-03
  -6.7077200e-03
  -7.0552900e-03
  -7.4171000e-03
  -7.3409600e-03
  -7.0927800e-03
  -7.2069600e-03
  -7.7351300e-03
  -8.3953800e-03
  -9.2047800e-03
  -9.7485600e-03
  -9.8777400e-03
  -1.0400500e-02
  -1.0929400e-02
  -1.0911800e-02
  -1.1291400e-02
  -1.1828800e-02
  -1.1930700e-02
  -1.2090200e-02
  -1.1976400e-02
  -1.1982500e-02
  -1.2488700e-02
  -1.2843100e-02
  -1.3201900e-02
  -1.3442900e-02
  -1.3730800e-02
  -1.3952100e-02
  -1.3840400e-02
  -1.3954900e-02
  -1.4007300e-02
  -1.4085600e-02
  -1.4447000e-02
  -1.4596200e-02
  -1.4372500e-02
  -1.4444400e-02
  -1.4544900e-02
  -1.4574200e-02
  -1.4857600e-02
  -1.4718700e-02
  -1.4786800e-02
  -1.5083400e-02
  -1.4986900e-02
  -1.5026900e-02
  -1.5337700e-02
  -1.5666100e-02
  -1.5836700e-02
  -1.6093900e-02
  -1.6568000e-02
  -1.6837800e-02
  -1.7023100e-02
  -1.7250000e-02
  -1.7185800e-02
  -1.6933700e-02
  -1.7015800e-02
  -1.7101000e-02
  -1.6590600e-02
  -1.6187200e-02
  -1.6004700e-02
  -1.5669800e-02
  -1.5255300e-02
  -1.4628300e-02
  -1.4189400e-02
  -1.3552700e-02
  -1.2905700e-02
  -1.2584900e-02
  -1.1717100e-02
  -1.0890700e-02
  -1.0516300e-02
  -1.0184400e-02
  -9.9019500e-03
  -9.5210500e-03
  -8.9989300e-03
  -9.1143600e-03
  -9.1744500e-03
  -8.8979500e-03
  -9.1466500e-03
  -9.6194200e-03
  -9.9634200e-03
  -1.0339100e-02
  -1.1273800e-02
  -1.2286900e-02
  -1.3287600e-02
  -1.4115500e-02
  -1.4441900e-02
  -1.4960000e-02
  -1.5691200e-02
  -1.6326200e-02
  -1.7217900e-02
  -1.8605300e-02
  -1.9732600e-02
  -2.0557400e-02
  -2.1505800e-02
  -2.2244500e-02
  -2.2913200e-02
  -2.3569300e-02
  -2.4368000e-02
  -2.4957100e-02
  -2.5271100e-02
  -2.5791900e-02
  -2.6171600e-02
  -2.6752000e-02
  -2.7132100e-02
  -2.7581700e-02
  -2.8104600e-02
  -2.7740600e-02
  -2.7806500e-02
  -2.8047600e-02
  -2.7855900e-02
  -2.8632500e-02
  -2.9674300e-02
  -3.0130500e-02
  -3.0733800e-02
  -3.0907000e-02
  -3.0669300e-02
  -3.0992300e-02
  -3.1328900e-02
  -3.1414900e-02
  -3.1754700e-02
  -3.1923400e-02
  -3.1598700e-02
  -3.1756000e-02
  -3.1947600e-02
  -3.1593800e-02
  -3.1579300e-02
  -3.1335700e-02
  -3.0698400e-02
  -3.0249700e-02
  -2.9836300e-02
  -2.9196500e-02
  -2.8461900e-02
  -2.7584600e-02
  -2.6595400e-02
  -2.5824700e-02
  -2.4876700e-02
  -2.3621900e-02
  -2.2563600e-02
  -2.1596100e-02
  -2.0423400e-02
  -1.9198800e-02
  -1.7963300e-02
  -1.6877900e-02
  -1.5703600e-02
  -1.4427400e-02
  -1.3333700e-02
  -1.2087100e-02
  -1.0871300e-02
  -9.7218600e-03
  -8.5149800e-03
  -7.4812000e-03
  -6.5423300e-03
  -5.6732700e-03
  -4.7007900e-03
  -3.7270900e-03
  -3.1240200e-03
  -2.5860300e-03
  -1.7002300e-03
  -1.1318600e-03
  -7.3510500e-04
  -1.6781400e-04
  -1.2878500e-05
   2.0403200e-04
   5.0465600e-04
   7.7584300e-04
   9.9208100e-04
   1.1335200e-03
   1.6385600e-03
   1.7705400e-03
   1.9262900e-03
   2.2290700e-03
   2.2874700e-03
   2.9080900e-03
   3.3329300e-03
   3.6570500e-03
   4.1206400e-03
   4.2854400e-03
   4.7263500e-03
   5.1285000e-03
   5.3428500e-03
   5.5736700e-03
   5.5222900e-03
   5.3899000e-03
   5.6208700e-03
   5.8615400e-03
   5.8806400e-03
   5.9568700e-03
   5.7966600e-03
   5.1459300e-03
   4.3533000e-03
   3.7249800e-03
   2.5397000e-03
   1.5656100e-03
   9.5902900e-04
  -4.5875300e-04
  -1.6441600e-03
  -2.7011700e-03
  -3.9886500e-03
  -5.0938600e-03
  -6.2387600e-03
  -7.2861700e-03
  -8.4779400e-03
  -9.4724300e-03
  -1.0066700e-02
  -1.1060100e-02
  -1.1595900e-02
  -1.1636900e-02
  -1.2189400e-02
  -1.2603500e-02
  -1.3153300e-02
  -1.4352300e-02
  -1.5135500e-02
  -1.5410700e-02
  -1.5375600e-02
  -1.5006900e-02
  -1.4534700e-02
  -1.3894900e-02
  -1.3399100e-02
  -1.2661900e-02
  -1.1882900e-02
  -1.1097400e-02
  -1.0036600e-02
  -9.1705100e-03
  -8.3966500e-03
  -7.6465400e-03
  -6.8046200e-03
  -6.4485000e-03
  -6.2843900e-03
  -5.6874000e-03
  -5.2857800e-03
  -5.0430900e-03
  -4.8606000e-03
  -4.4822000e-03
  -4.1802300e-03
  -4.1593800e-03
  -3.9392300e-03
  -3.9116100e-03
  -3.9293600e-03
  -3.6430600e-03
  -3.7512800e-03
  -4.2048800e-03
  -4.3137800e-03
  -4.4215900e-03
  -4.6783200e-03
  -4.9063100e-03
  -5.2799800e-03
  -5.4120900e-03
  -5.5257100e-03
  -5.9731000e-03
  -6.1753000e-03
  -6.3800500e-03
  -6.7523700e-03
  -6.9850800e-03
  -7.2838100e-03
  -7.4016300e-03
  -7.1172000e-03
  -7.0455700e-03
  -7.2492500e-03
  -6.7824200e-03
  -6.2294400e-03
  -6.3935600e-03
  -5.8915000e-03
  -5.0551100e-03
  -4.5934000e-03
  -3.7677000e-03
  -2.9002600e-03
  -2.0738700e-03
  -1.4115300e-03
  -5.6542700e-04
   4.7362600e-04
   1.1121900e-03
   1.9834100e-03
   2.7489200e-03
   3.6463200e-03
   4.9732200e-03
   5.7199600e-03
   6.7722400e-03
   8.0925400e-03
   8.6209200e-03
   9.1851000e-03
   9.9492500e-03
   1.0462700e-02
   1.0944800e-02
   1.1418100e-02
   1.1967300e-02
   1.3220600e-02
   1.4386100e-02
   1.4648600e-02
   1.5126900e-02
   1.5463300e-02
   1.5299100e-02
   1.5722900e-02
   1.6269500e-02
   1.6231200e-02
   1.6584800e-02
   1.7050100e-02
   1.6967600e-02
   1.7065400e-02
   1.7158300e-02
   1.6976700e-02
   1.7017500e-02
   1.7463300e-02
   1.8037100e-02
   1.8252500e-02
   1.8416300e-02
   1.9021200e-02
   1.9621200e-02
   2.0005400e-02
   2.0227200e-02
   2.0588500e-02
   2.0452100e-02
   2.0031000e-02
   1.9850100e-02
   1.9408500e-02
   1.9437500e-02
   1.9374500e-02
   1.8590600e-02
   1.8323700e-02
   1.8146900e-02
   1.7152400e-02
   1.6352400e-02
   1.5888800e-02
   1.5168500e-02
   1.4578800e-02
   1.4085400e-02
   1.3457000e-02
   1.3009900e-02
   1.2596200e-02
   1.1737900e-02
   1.0964900e-02
   1.0548500e-02
   9.9031500e-03
   9.1637500e-03
   8.7473900e-03
   8.1390700e-03
   7.4603900e-03
   7.1880800e-03
   6.5796400e-03
   6.3041200e-03
   6.1112400e-03
   5.2642100e-03
   4.6415300e-03
   3.9848600e-03
   3.3641200e-03
   3.0501100e-03
   2.8043200e-03
   2.2474200e-03
   1.1968900e-03
   3.4267100e-04
  -3.5236100e-04
  -1.1340400e-03
  -2.0034900e-03
  -2.8941900e-03
  -3.4348700e-03
  -4.5482900e-03
  -5.6035800e-03
  -6.0357100e-03
  -7.0267000e-03
  -7.7515500e-03
  -8.3902600e-03
  -9.4568700e-03
  -1.0566500e-02
  -1.1493000e-02
  -1.2420100e-02
  -1.3790500e-02
  -1.4984300e-02
  -1.6176000e-02
  -1.7477000e-02
  -1.8721300e-02
  -2.0086600e-02
  -2.1302600e-02
  -2.2425400e-02
  -2.3612000e-02
  -2.4777600e-02
  -2.6028800e-02
  -2.7111800e-02
  -2.7800000e-02
  -2.8715700e-02
  -2.9682000e-02
  -3.0301000e-02
  -3.0866700e-02
  -3.1679300e-02
  -3.2475000e-02
  -3.2974600e-02
  -3.3113200e-02
  -3.2844700e-02
  -3.2488600e-02
  -3.1931400e-02
  -3.1579600e-02
  -3.1063100e-02
  -3.0334500e-02
  -2.9453500e-02
  -2.8067000e-02
  -2.6898200e-02
  -2.5570100e-02
  -2.3992300e-02
  -2.2484200e-02
  -2.1104200e-02
  -1.9919400e-02
  -1.8356800e-02
  -1.6876800e-02
  -1.5849800e-02
  -1.4556600e-02
  -1.3626300e-02
  -1.2756700e-02
  -1.1280200e-02
  -9.9387000e-03
  -8.9258500e-03
  -7.9855100e-03
  -7.5409800e-03
  -7.1354200e-03
  -6.6754900e-03
  -6.7873700e-03
  -6.6782100e-03
  -6.2416100e-03
  -5.8454000e-03
  -5.7809500e-03
  -5.7841200e-03
  -5.8658800e-03
  -5.8665000e-03
  -5.7319700e-03
  -5.8792300e-03
  -5.7127900e-03
  -5.7154300e-03
  -5.5271700e-03
  -4.9371900e-03
  -4.7496000e-03
  -4.5192000e-03
  -4.3300800e-03
  -3.7726600e-03
  -3.3258400e-03
  -3.0718100e-03
  -2.6605900e-03
  -2.4670300e-03
  -2.0113200e-03
  -1.8307400e-03
  -1.3578100e-03
  -9.8818900e-04
  -1.5046100e-03
  -1.2542400e-03
  -1.0202800e-03
  -1.4431200e-03
  -1.5200500e-03
  -1.6515800e-03
  -1.9264500e-03
  -2.2451800e-03
  -2.8867000e-03
  -3.5885100e-03
  -4.3372600e-03
  -5.4680000e-03
  -6.4422600e-03
  -7.2186900e-03
  -8.2850200e-03
  -9.2753100e-03
  -1.0296400e-02
  -1.1460400e-02
  -1.2492700e-02
  -1.3782700e-02
  -1.4799000e-02
  -1.5281800e-02
  -1.6161900e-02
  -1.7050700e-02
  -1.7520200e-02
  -1.7989200e-02
  -1.8484900e-02
  -1.9261700e-02
  -1.9592300e-02
  -1.9675500e-02
  -2.0267000e-02
  -2.0528700e-02
  -2.0626000e-02
  -2.0764500e-02
  -2.0667500e-02
  -2.0370600e-02
  -2.0310300e-02
  -2.0206500e-02
  -1.9810100e-02
  -1.9202900e-02
  -1.8599600e-02
  -1.8199300e-02
  -1.7704600e-02
  -1.7351800e-02
  -1.6757400e-02
  -1.5940600e-02
  -1.4924600e-02
  -1.3870900e-02
  -1.2672500e-02
  -1.1222900e-02
  -1.0581700e-02
  -1.0219200e-02
  -9.5541600e-03
  -8.6988200e-03
  -7.9275300e-03
  -7.7778000e-03
  -7.7146600e-03
  -7.0697400e-03
  -6.6171200e-03
  -6.3934700e-03
  -6.2562100e-03
  -6.2274000e-03
  -5.7006500e-03
  -5.7483200e-03
  -6.2216900e-03
  -6.0927400e-03
  -5.9223500e-03
  -5.5225500e-03
  -5.0003400e-03
  -4.9100500e-03
  -4.7756000e-03
  -4.7899900e-03
  -5.1775800e-03
  -5.4610400e-03
  -5.5699600e-03
  -5.0953400e-03
  -4.5762600e-03
  -4.5776200e-03
  -4.5456300e-03
  -4.5174500e-03
  -4.2607600e-03
  -4.3435400e-03
  -4.2831600e-03
  -3.9169000e-03
  -3.9184700e-03
  -3.7206300e-03
  -3.7429200e-03
  -3.7432700e-03
  -3.4888600e-03
  -3.3833300e-03
  -3.1713500e-03
  -2.8306500e-03
  -2.7295300e-03
  -2.6477500e-03
  -2.4556300e-03
  -2.4019600e-03
  -2.3322900e-03
  -2.1234000e-03
  -1.8214500e-03
  -1.2280100e-03
  -8.3047700e-04
  -8.5526900e-04
  -5.3558000e-04
  -3.4057800e-04
  -2.3082500e-04
   2.9837600e-04
   6.8261500e-04
   8.0008800e-04
   8.0864900e-04
   1.1896100e-03
   1.5279800e-03
   1.5753700e-03
   1.9065900e-03
   2.3331000e-03
   2.5793100e-03
   2.3112600e-03
   2.3967400e-03
   2.8364200e-03
   2.8214700e-03
   3.0204800e-03
   3.2996400e-03
   3.3251400e-03
   3.6782500e-03
   3.6969600e-03
   3.5584500e-03
   4.3203900e-03
   4.3134300e-03
   4.0654300e-03
   4.8239900e-03
   4.7714500e-03
   4.6683600e-03
   5.4055100e-03
   5.6490200e-03
   5.6082100e-03
   5.9209200e-03
   6.3249400e-03
   6.4437600e-03
   6.7219800e-03
   7.3610800e-03
   7.6461900e-03
   7.9228400e-03
   8.5798300e-03
   8.9192500e-03
   9.0820000e-03
   9.4537300e-03
   9.8149400e-03
   1.0665500e-02
   1.1928300e-02
   1.3124600e-02
   1.4303600e-02
   1.5127400e-02
   1.5633700e-02
   1.6157500e-02
   1.7024900e-02
   1.8090300e-02
   1.8728400e-02
   1.9160900e-02
   1.9748300e-02
   2.0497900e-02
   2.1036800e-02
   2.1379300e-02
   2.2041600e-02
   2.2631000e-02
   2.2776600e-02
   2.2819300e-02
   2.3223500e-02
   2.3568700e-02
   2.3808100e-02
   2.4292500e-02
   2.4757100e-02
   2.4878300e-02
   2.4398400e-02
   2.4130200e-02
   2.3650300e-02
   2.2834100e-02
   2.2623300e-02
   2.2070700e-02
   2.1494100e-02
   2.1522000e-02
   2.1072300e-02
   2.0061300e-02
   1.9451700e-02
   1.9156800e-02
   1.8353900e-02
   1.7793600e-02
   1.7565600e-02
   1.6930600e-02
   1.6437900e-02
   1.5913200e-02
   1.5218600e-02
   1.4797800e-02
   1.4348800e-02
   1.3629200e-02
   1.3381500e-02
   1.3132300e-02
   1.2324000e-02
   1.1771900e-02
   1.1440500e-02
   1.0789200e-02
   1.0016700e-02
   9.6439300e-03
   9.0454300e-03
   8.3173600e-03
   7.9087900e-03
   7.2664200e-03
   6.5107500e-03
   5.7488600e-03
   5.0182700e-03
   4.4417200e-03
   3.7099200e-03
   2.9239000e-03
   2.3589900e-03
   2.0149700e-03
   1.6059500e-03
   1.1119900e-03
   7.8949300e-04
   6.8486000e-04
   8.4283400e-04
   5.1752400e-04
   3.3796100e-04
   8.8339700e-04
   9.1031600e-04
   8.5081200e-04
   1.0248500e-03
   1.1881900e-03
   1.6353300e-03
   1.9731400e-03
   2.1415000e-03
   2.3963000e-03
   2.7462700e-03
   2.8552800e-03
   3.0595300e-03
   3.3473000e-03
   3.4232100e-03
   3.7095600e-03
   3.5571800e-03
   3.5579500e-03
   3.8612300e-03
   3.6548000e-03
   3.6321700e-03
   3.7573300e-03
   3.5058400e-03
   3.4617900e-03
   3.1054700e-03
   2.2714900e-03
   2.1557400e-03
   1.8253300e-03
   1.6387100e-03
   2.1170400e-03
   1.7938000e-03
   1.4104800e-03
   1.3852200e-03
   7.3199400e-04
   1.1385400e-04
  -2.5766200e-04
  -9.1271500e-04
  -1.4494000e-03
  -1.7374800e-03
  -2.2418600e-03
  -2.8474300e-03
  -3.4497200e-03
  -4.0412000e-03
  -4.6152200e-03
  -5.0273800e-03
  -5.4745800e-03
  -6.4296900e-03
  -6.7573500e-03
  -6.6724900e-03
  -7.0853700e-03
  -7.4324800e-03
  -7.5264700e-03
  -7.9196200e-03
  -8.5474400e-03
  -8.9243000e-03
  -9.6345000e-03
  -1.0208600e-02
  -1.0398800e-02
  -1.0981400e-02
  -1.1263200e-02
  -1.1543800e-02
  -1.2169100e-02
  -1.2496000e-02
  -1.2948500e-02
  -1.3261400e-02
  -1.3309200e-02
  -1.3638300e-02
  -1.3894900e-02
  -1.3862500e-02
  -1.3817600e-02
  -1.3953300e-02
  -1.4059500e-02
  -1.3954000e-02
  -1.3857200e-02
  -1.3737200e-02
  -1.3536800e-02
  -1.3069000e-02
  -1.2681200e-02
  -1.2654600e-02
  -1.2376800e-02
  -1.1929900e-02
  -1.1488800e-02
  -1.1097600e-02
  -1.0731100e-02
  -1.0051200e-02
  -9.3373600e-03
  -9.0252900e-03
  -8.5140000e-03
  -8.0083100e-03
  -7.6442000e-03
  -6.6210600e-03
  -5.5678800e-03
  -4.7788700e-03
  -3.9533100e-03
  -3.1632000e-03
  -2.4219900e-03
  -1.8183800e-03
  -1.2590900e-03
  -6.3690600e-04
  -1.4167300e-04
   2.4367600e-04
   6.5872300e-04
   7.7286600e-04
   7.8845100e-04
   6.8932200e-04
   3.6532000e-04
   1.8905900e-04
  -1.6166100e-04
  -4.3392100e-04
  -6.3693200e-04
  -1.2129400e-03
  -1.8617900e-03
  -2.2822600e-03
  -2.9421100e-03
  -3.7942200e-03
  -4.2176300e-03
  -4.7628700e-03
  -5.5726000e-03
  -6.4909500e-03
  -7.1133000e-03
  -7.5690000e-03
  -8.1040300e-03
  -8.5161200e-03
  -9.3899400e-03
  -1.0263900e-02
  -1.0850900e-02
  -1.1546300e-02
  -1.1755200e-02
  -1.1582200e-02
  -1.1600900e-02
  -1.1576900e-02
  -1.1724800e-02
  -1.2064600e-02
  -1.2382600e-02
  -1.2748100e-02
  -1.2977000e-02
  -1.3143400e-02
  -1.3381500e-02
  -1.3454700e-02
  -1.3750000e-02
  -1.4150300e-02
  -1.4106400e-02
  -1.3977700e-02
  -1.3995800e-02
  -1.3954500e-02
  -1.3749200e-02
  -1.3460600e-02
  -1.3249800e-02
  -1.2905400e-02
  -1.1970800e-02
  -1.1064400e-02
  -1.0484400e-02
  -1.0173300e-02
  -9.8300500e-03
  -9.2884800e-03
  -8.8184600e-03
  -7.8891800e-03
  -6.7907600e-03
  -5.9318400e-03
  -4.9556600e-03
  -3.9998900e-03
  -3.2640900e-03
  -2.3581400e-03
  -1.3870600e-03
  -5.3302300e-04
   3.2908300e-04
   9.8443800e-04
   1.7037200e-03
   2.3435000e-03
   2.5927400e-03
   3.2173500e-03
   3.9843200e-03
   4.0906600e-03
   4.1957000e-03
   4.2400500e-03
   3.9904100e-03
   4.0005900e-03
   3.8911400e-03
   3.7359400e-03
   3.8896400e-03
   3.9723500e-03
   4.0536900e-03
   4.0293300e-03
   3.7371500e-03
   3.5706100e-03
   3.3198400e-03
   3.0909000e-03
   3.1149700e-03
   2.8632100e-03
   2.6147100e-03
   2.6615600e-03
   2.3581800e-03
   2.0238800e-03
   2.2082200e-03
   2.2297300e-03
   2.0256800e-03
   2.0659200e-03
   2.0437300e-03
   1.9835900e-03
   2.1233700e-03
   2.3734300e-03
   2.7081100e-03
   2.8728800e-03
   3.1874400e-03
   3.5690400e-03
   3.8318200e-03
   4.3426400e-03
   4.7444000e-03
   5.1516000e-03
   5.6414600e-03
   6.0800800e-03
   6.5467400e-03
   7.1832100e-03
   7.8757800e-03
   8.3386300e-03
   9.1122100e-03
   9.6809700e-03
   9.9739400e-03
   1.0675900e-02
   1.1222400e-02
   1.1708300e-02
   1.2153900e-02
   1.2412100e-02
   1.2652900e-02
   1.2608700e-02
   1.2458300e-02
   1.2500000e-02
   1.2791700e-02
   1.3357700e-02
   1.3969100e-02
   1.4544300e-02
   1.4995200e-02
   1.5162200e-02
   1.5203500e-02
