  -7.8749900e-02
  -7.9391100e-02
  -8.0023700e-02
  -7.9878000e-02
  -7.9872600e-02
  -8.0558500e-02
  -8.1424900e-02
  -8.2662500e-02
  -8.4118000e-02
  -8.5353500e-02
  -8.6823100e-02
  -8.7634900e-02
  -8.7540400e-02
  -8.7413100e-02
  -8.6825700e-02
  -8.6238300e-02
  -8.6094100e-02
  -8.6012000e-02
  -8.6305700e-02
  -8.6832900e-02
  -8.7343100e-02
  -8.8064700e-02
  -8.8591500e-02
  -8.8866200e-02
  -8.9143200e-02
  -8.9357600e-02
  -8.9474300e-02
  -8.9362200e-02
  -8.9308500e-02
  -8.9490200e-02
  -8.9145100e-02
  -8.8473300e-02
  -8.8250800e-02
  -8.7391800e-02
  -8.5962400e-02
  -8.5280100e-02
  -8.4632900e-02
  -8.3684400e-02
  -8.2811200e-02
  -8.1891500e-02
  -8.0638600e-02
  -7.8927300e-02
  -7.6617200e-02
  -7.4059400e-02
  -7.1426000e-02
  -6.8582100e-02
  -6.6215700e-02
  -6.3715500e-02
  -6.1132000e-02
  -5.8619000e-02
  -5.5386600e-02
  -5.1830200e-02
  -4.7858400e-02
  -4.3627700e-02
  -4.0232400e-02
  -3.7701200e-02
  -3.5903700e-02
  -3.5007300e-02
  -3.4381600e-02
  -3.3569900e-02
  -3.2657600e-02
  -3.1990300e-02
  -3.1558600e-02
  -3.1311400e-02
  -3.1620800e-02
  -3.1968600e-02
  -3.1720000e-02
  -3.1401200e-02
  -3.0723500e-02
  -2.9038300e-02
  -2.6981500e-02
  -2.4726900e-02
  -2.2424600e-02
  -2.0087400e-02
  -1.7590700e-02
  -1.4922500e-02
  -1.2034100e-02
  -9.1024200e-03
  -5.4977400e-03
  -9.5571800e-04
   4.0894900e-03
   9.8315200e-03
   1.6436200e-02
   2.2973800e-02
   2.9155600e-02
   3.5435800e-02
   4.1560100e-02
   4.7795300e-02
   5.4506500e-02
   6.1577600e-02
   6.8831600e-02
   7.6215000e-02
   8.3546000e-02
   9.0363000e-02
   9.6993400e-02
   1.0326900e-01
   1.0896400e-01
   1.1394700e-01
   1.1808600e-01
   1.2210900e-01
   1.2558500e-01
   1.2818700e-01
   1.3115600e-01
   1.3413700e-01
   1.3696300e-01
   1.3995700e-01
   1.4263200e-01
   1.4521800e-01
   1.4678400e-01
   1.4761500e-01
   1.4829700e-01
   1.4804600e-01
   1.4727400e-01
   1.4632600e-01
   1.4446100e-01
   1.4170500e-01
   1.3857000e-01
   1.3488900e-01
   1.3114500e-01
   1.2764600e-01
   1.2450400e-01
   1.2209500e-01
   1.2035600e-01
   1.1896900e-01
   1.1788500e-01
   1.1678200e-01
   1.1510800e-01
   1.1295000e-01
   1.1004600e-01
   1.0629300e-01
   1.0133700e-01
   9.4937400e-02
   8.7415500e-02
   7.8378400e-02
   6.8601400e-02
   5.8968000e-02
   4.9164200e-02
   3.8941600e-02
   2.8583400e-02
   1.7829100e-02
   6.6805700e-03
  -3.9244100e-03
  -1.3817100e-02
  -2.3179800e-02
  -3.2585300e-02
  -4.1994300e-02
  -5.1066500e-02
  -6.0207600e-02
  -6.9849100e-02
  -7.9529700e-02
  -8.9160600e-02
  -9.8217000e-02
  -1.0547700e-01
  -1.1193800e-01
  -1.1862600e-01
  -1.2502000e-01
  -1.3064800e-01
  -1.3624300e-01
  -1.4149200e-01
  -1.4636400e-01
  -1.5273700e-01
  -1.6023400e-01
  -1.6743400e-01
  -1.7372400e-01
  -1.7861600e-01
  -1.8244400e-01
  -1.8641800e-01
  -1.9099300e-01
  -1.9523200e-01
  -1.9910300e-01
  -2.0280100e-01
  -2.0559200e-01
  -2.0760300e-01
  -2.0861500e-01
  -2.0831800e-01
  -2.0771300e-01
  -2.0667600e-01
  -2.0469300e-01
  -2.0215300e-01
  -1.9921400e-01
  -1.9616100e-01
  -1.9301200e-01
  -1.8909100e-01
  -1.8452400e-01
  -1.7970400e-01
  -1.7401500e-01
  -1.6746900e-01
  -1.5976100e-01
  -1.5021700e-01
  -1.4004400e-01
  -1.2953400e-01
  -1.1825200e-01
  -1.0705100e-01
  -9.5607500e-02
  -8.3915200e-02
  -7.2821100e-02
  -6.1563000e-02
  -5.0054800e-02
  -3.8477200e-02
  -2.6678400e-02
  -1.6069000e-02
  -6.4972800e-03
   3.2955100e-03
   1.2686700e-02
   2.2124400e-02
   3.2038700e-02
   4.1292200e-02
   5.0151000e-02
   5.8605400e-02
   6.7165000e-02
   7.6487700e-02
   8.5452200e-02
   9.4747900e-02
   1.0389400e-01
   1.1251100e-01
   1.2167200e-01
   1.3045600e-01
   1.3880500e-01
   1.4614600e-01
   1.5182600e-01
   1.5666600e-01
   1.6019100e-01
   1.6143600e-01
   1.6129800e-01
   1.6002200e-01
   1.5730000e-01
   1.5377500e-01
   1.4970400e-01
   1.4584900e-01
   1.4270800e-01
   1.4135100e-01
   1.4268100e-01
   1.4524100e-01
   1.4782500e-01
   1.5129700e-01
   1.5475100e-01
   1.5752800e-01
   1.6058300e-01
   1.6369600e-01
   1.6696000e-01
   1.6913700e-01
   1.6916100e-01
   1.6709800e-01
   1.6388000e-01
   1.5875000e-01
   1.5124500e-01
   1.4308400e-01
   1.3414900e-01
   1.2412500e-01
   1.1366000e-01
   1.0436700e-01
   9.6125700e-02
   8.8606200e-02
   8.3038100e-02
   7.8926000e-02
   7.5674100e-02
   7.3268200e-02
   7.2585100e-02
   7.3536200e-02
   7.5246200e-02
   7.8327900e-02
   8.2959700e-02
   8.9925200e-02
   9.8437400e-02
   1.0717000e-01
   1.1686100e-01
   1.2700700e-01
   1.3836100e-01
   1.5089000e-01
   1.6203600e-01
   1.7330800e-01
   1.8432500e-01
   1.9216600e-01
   1.9882100e-01
   2.0580600e-01
   2.1050000e-01
   2.1271000e-01
   2.1436500e-01
   2.1479800e-01
   2.1373300e-01
   2.1251700e-01
   2.1085900e-01
   2.0865900e-01
   2.0732900e-01
   2.0570700e-01
   2.0394000e-01
   2.0214700e-01
   1.9849900e-01
   1.9432800e-01
   1.8928800e-01
   1.8414000e-01
   1.8143400e-01
   1.7839000e-01
   1.7400400e-01
   1.7047900e-01
   1.6745600e-01
   1.6517300e-01
   1.6296900e-01
   1.6109200e-01
   1.6069400e-01
   1.5973900e-01
   1.5766900e-01
   1.5581100e-01
   1.5411700e-01
   1.5131500e-01
   1.4846900e-01
   1.4477400e-01
   1.3957700e-01
   1.3461400e-01
   1.2854500e-01
   1.2146400e-01
   1.1511600e-01
   1.0809700e-01
   1.0184500e-01
   9.7793900e-02
   9.3570800e-02
   8.8520500e-02
   8.4251500e-02
   8.1445200e-02
   7.7730500e-02
   7.4190800e-02
   7.1816200e-02
   7.0042000e-02
   6.8579300e-02
   6.7666000e-02
   6.7623300e-02
   6.6654800e-02
   6.6505300e-02
   6.7971200e-02
   6.8029100e-02
   6.8158000e-02
   6.9343900e-02
   6.9727000e-02
   7.0685100e-02
   7.1619700e-02
   7.1677300e-02
   7.1944500e-02
   7.1578100e-02
   7.0179700e-02
   6.8333300e-02
   6.5544900e-02
   6.2106300e-02
   5.8518200e-02
   5.3931400e-02
   4.8955700e-02
   4.4256000e-02
   3.9288400e-02
   3.4311300e-02
   2.9610300e-02
   2.4212400e-02
   1.8860700e-02
   1.3995200e-02
   8.8390500e-03
   4.7551400e-03
   2.5921600e-05
  -5.1613000e-03
  -9.2311500e-03
  -1.4281600e-02
  -1.8643900e-02
  -2.0943700e-02
  -2.3006200e-02
  -2.5084800e-02
  -2.6690200e-02
  -2.7897200e-02
  -2.9225900e-02
  -2.9937600e-02
  -3.0793100e-02
  -3.2455700e-02
  -3.4102700e-02
  -3.7110800e-02
  -4.0586600e-02
  -4.3689800e-02
  -4.7870000e-02
  -5.3735700e-02
  -5.9434500e-02
  -6.4388100e-02
  -7.1436800e-02
  -7.8985400e-02
  -8.5812500e-02
  -9.2976700e-02
  -9.9056400e-02
  -1.0515600e-01
  -1.1082300e-01
  -1.1538600e-01
  -1.2101900e-01
  -1.2647900e-01
  -1.3035700e-01
  -1.3480800e-01
  -1.3944300e-01
  -1.4264100e-01
  -1.4607300e-01
  -1.4990300e-01
  -1.5336100e-01
  -1.5683800e-01
  -1.6035900e-01
  -1.6382500e-01
  -1.6725200e-01
  -1.7026700e-01
  -1.7299100e-01
  -1.7522100e-01
  -1.7689300e-01
  -1.7820600e-01
  -1.7930300e-01
  -1.8042000e-01
  -1.8039300e-01
  -1.7948000e-01
  -1.7868600e-01
  -1.7746100e-01
  -1.7566100e-01
  -1.7415600e-01
  -1.7197200e-01
  -1.6891200e-01
  -1.6625800e-01
  -1.6314200e-01
  -1.5988000e-01
  -1.5733000e-01
  -1.5495600e-01
  -1.5276800e-01
  -1.5014300e-01
  -1.4822500e-01
  -1.4758600e-01
  -1.4666400e-01
  -1.4591300e-01
  -1.4575000e-01
  -1.4702900e-01
  -1.4794300e-01
  -1.4782800e-01
  -1.4822200e-01
  -1.4832100e-01
  -1.4752800e-01
  -1.4605500e-01
  -1.4497500e-01
  -1.4331600e-01
  -1.4123600e-01
  -1.3934600e-01
  -1.3707700e-01
  -1.3473300e-01
  -1.3217400e-01
  -1.3058600e-01
  -1.2923100e-01
  -1.2653200e-01
  -1.2440800e-01
  -1.2180200e-01
  -1.1714100e-01
  -1.1235400e-01
  -1.0780100e-01
  -1.0309200e-01
  -9.7747800e-02
  -9.3337800e-02
  -8.9042700e-02
  -8.3181600e-02
  -7.8168900e-02
  -7.2614100e-02
  -6.6290200e-02
  -6.0213800e-02
  -5.3377200e-02
  -4.6744000e-02
  -4.1517700e-02
  -3.7322400e-02
  -3.3394100e-02
  -3.1264500e-02
  -3.0884700e-02
  -3.0892700e-02
  -3.2170400e-02
  -3.4066400e-02
  -3.6224900e-02
  -3.8411500e-02
  -4.0179700e-02
  -4.3223500e-02
  -4.4891300e-02
  -4.6001800e-02
  -4.8806600e-02
  -4.9501100e-02
  -4.9473600e-02
  -5.0117200e-02
  -4.9466300e-02
  -4.7917000e-02
  -4.7567100e-02
  -4.7753500e-02
  -4.6227900e-02
  -4.5075200e-02
  -4.3757300e-02
  -3.9775500e-02
  -3.4857400e-02
  -3.0300100e-02
  -2.5670700e-02
  -2.1079500e-02
  -1.6588200e-02
  -1.2244800e-02
  -8.3526600e-03
  -5.1818500e-03
  -2.9520500e-03
  -1.1133400e-03
   5.1645500e-04
   1.7814400e-03
   2.7788500e-03
   2.7157500e-03
   2.1493700e-03
   2.0458700e-03
   1.4061600e-03
   1.0282800e-03
   1.8034900e-03
   2.9782600e-03
   4.4989500e-03
   6.6960900e-03
   8.8423500e-03
   1.1518200e-02
   1.5666300e-02
   2.0008000e-02
   2.5685900e-02
   3.2102200e-02
   3.8147900e-02
   4.6667400e-02
   5.6448700e-02
   6.6785200e-02
   7.8220300e-02
   8.8639500e-02
   1.0033200e-01
   1.1308200e-01
   1.2439700e-01
   1.3547900e-01
   1.4539800e-01
   1.5456900e-01
   1.6169000e-01
   1.6630500e-01
   1.7067900e-01
   1.7319900e-01
   1.7546300e-01
   1.7669700e-01
   1.7559700e-01
   1.7555800e-01
   1.7486900e-01
   1.7394500e-01
   1.7520900e-01
   1.7536000e-01
   1.7360100e-01
   1.7100000e-01
   1.6659300e-01
   1.6191700e-01
   1.5744900e-01
   1.5167200e-01
   1.4611100e-01
   1.4125300e-01
   1.3523100e-01
   1.2893800e-01
   1.2458600e-01
   1.2100600e-01
   1.1807300e-01
   1.1582900e-01
   1.1483100e-01
   1.1603500e-01
   1.1704000e-01
   1.1904600e-01
   1.2190800e-01
   1.2444700e-01
   1.2785900e-01
   1.3015900e-01
   1.3113300e-01
   1.3244200e-01
   1.3299700e-01
   1.3301000e-01
   1.3182900e-01
   1.2956100e-01
   1.2848100e-01
   1.2685500e-01
   1.2516800e-01
   1.2432800e-01
   1.2385600e-01
   1.2352800e-01
   1.2280100e-01
   1.2272700e-01
   1.2239700e-01
   1.2210200e-01
   1.2182600e-01
   1.2059700e-01
   1.1875700e-01
   1.1646600e-01
   1.1337700e-01
   1.0968000e-01
   1.0581100e-01
   1.0123800e-01
   9.6819000e-02
   9.2682900e-02
   8.7959000e-02
   8.2376100e-02
   7.6417700e-02
   7.0064500e-02
   6.2461000e-02
   5.5355400e-02
   4.9336700e-02
   4.2012000e-02
   3.5175000e-02
   2.8679900e-02
   2.1582700e-02
   1.5814400e-02
   9.7858400e-03
   3.9686800e-03
  -1.5295100e-03
  -6.8112400e-03
  -1.0510300e-02
  -1.5643900e-02
  -2.1806700e-02
  -2.5827200e-02
  -2.9962600e-02
  -3.5699600e-02
  -4.0575100e-02
  -4.4673800e-02
  -4.9830400e-02
  -5.4672100e-02
  -5.7841500e-02
  -6.0817600e-02
  -6.3026400e-02
  -6.4576400e-02
  -6.7487000e-02
  -7.0421600e-02
  -7.2873200e-02
  -7.7055800e-02
  -8.1738500e-02
  -8.5563800e-02
  -8.9977000e-02
  -9.4141700e-02
  -9.7053400e-02
  -9.9625000e-02
  -1.0226000e-01
  -1.0346400e-01
  -1.0379100e-01
  -1.0333000e-01
  -1.0110900e-01
  -9.7583700e-02
  -9.2717000e-02
  -8.6956700e-02
  -8.0639000e-02
  -7.3892800e-02
  -6.7032800e-02
  -5.9767400e-02
  -5.2714800e-02
  -4.7414100e-02
  -4.2505400e-02
  -3.6722200e-02
  -3.2139500e-02
  -2.7895300e-02
  -2.2921000e-02
  -1.9198900e-02
  -1.6717900e-02
  -1.4928500e-02
  -1.3035700e-02
  -1.1614300e-02
  -1.0539200e-02
  -9.5054600e-03
  -9.0315000e-03
  -8.2364700e-03
  -6.8339200e-03
  -5.6081700e-03
  -4.2862700e-03
  -1.6231100e-03
   3.4260800e-04
   2.1012300e-03
   4.1344700e-03
   5.1386100e-03
   6.2779400e-03
   6.7671300e-03
   6.1855300e-03
   5.3082700e-03
   4.4781300e-03
   3.1950400e-03
   7.4378200e-04
  -2.2909900e-03
  -6.1959600e-03
  -1.0290200e-02
  -1.3919900e-02
  -1.7814900e-02
  -2.1880800e-02
  -2.4740500e-02
  -2.7335500e-02
  -3.0304000e-02
  -3.1625700e-02
  -3.2925400e-02
  -3.3710800e-02
  -3.3302100e-02
  -3.2217800e-02
  -2.9757600e-02
  -2.7711600e-02
  -2.6019400e-02
  -2.3842800e-02
  -2.2385800e-02
  -2.1575300e-02
  -2.1099000e-02
  -2.1077400e-02
  -2.1253300e-02
  -2.2050700e-02
  -2.3178500e-02
  -2.3909500e-02
  -2.4056000e-02
  -2.4019100e-02
  -2.3850900e-02
  -2.3114400e-02
  -2.2128000e-02
  -2.0470200e-02
  -1.7471800e-02
  -1.3319800e-02
  -7.5823800e-03
  -1.5481000e-03
   3.9902500e-03
   9.5054200e-03
   1.4348000e-02
   1.8077100e-02
   2.0132300e-02
   2.2154200e-02
   2.4403900e-02
   2.5445600e-02
   2.6121200e-02
   2.6476000e-02
   2.6446000e-02
   2.5733600e-02
   2.4192500e-02
   2.2288100e-02
   1.9376300e-02
   1.5907700e-02
   1.1966700e-02
   6.5253500e-03
   4.2632900e-04
  -5.2481500e-03
  -1.1315700e-02
  -1.7064200e-02
  -2.1232800e-02
  -2.5486900e-02
  -2.9412400e-02
  -3.2866800e-02
  -3.7786800e-02
  -4.1928300e-02
  -4.5570500e-02
  -5.0534700e-02
  -5.4260000e-02
  -5.7428600e-02
  -6.1204700e-02
  -6.4462500e-02
  -6.7530300e-02
  -7.0884300e-02
  -7.3803500e-02
  -7.6106900e-02
  -7.8269100e-02
  -7.9846100e-02
  -8.1314400e-02
  -8.3084700e-02
  -8.4591400e-02
  -8.6890400e-02
  -9.0609800e-02
  -9.3943500e-02
  -9.6196200e-02
  -9.8216000e-02
  -1.0049800e-01
  -1.0249000e-01
  -1.0363700e-01
  -1.0577300e-01
  -1.0832500e-01
  -1.0875400e-01
  -1.0917100e-01
  -1.0947900e-01
  -1.0740900e-01
  -1.0491300e-01
  -1.0246000e-01
  -9.9182900e-02
  -9.5601400e-02
  -9.2573000e-02
  -8.9716200e-02
  -8.6716700e-02
  -8.4331400e-02
  -8.1895800e-02
  -7.9795000e-02
  -7.8891100e-02
  -7.8581100e-02
  -7.7825000e-02
  -7.7131700e-02
  -7.7318000e-02
  -7.7542900e-02
  -7.7794700e-02
  -7.8436100e-02
  -7.8904100e-02
  -7.9124200e-02
  -7.8832600e-02
  -7.7948700e-02
  -7.6736400e-02
  -7.5125400e-02
  -7.3607900e-02
  -7.3305900e-02
  -7.3104900e-02
  -7.2876100e-02
  -7.3570400e-02
  -7.3781600e-02
  -7.4327400e-02
  -7.5608400e-02
  -7.6812000e-02
  -7.8111800e-02
  -7.9797300e-02
  -8.1857500e-02
  -8.3870000e-02
  -8.5697500e-02
  -8.7525000e-02
  -8.9109600e-02
  -8.9733400e-02
  -8.9842200e-02
  -8.9090600e-02
  -8.6488700e-02
  -8.3516800e-02
  -7.9265500e-02
  -7.3135900e-02
  -6.6476000e-02
  -5.8272700e-02
  -4.8527400e-02
  -3.7422500e-02
  -2.5174500e-02
  -1.2801000e-02
  -4.0723500e-04
   1.2914400e-02
   2.5705100e-02
   3.6978600e-02
   4.8407900e-02
   5.9127900e-02
   6.8414800e-02
   7.7398900e-02
   8.5696100e-02
   9.2419000e-02
   9.8285500e-02
   1.0390900e-01
   1.0810800e-01
   1.1078900e-01
   1.1322700e-01
   1.1492600e-01
   1.1587600e-01
   1.1686500e-01
   1.1763100e-01
   1.1831700e-01
   1.1893100e-01
   1.1980300e-01
   1.2058600e-01
   1.2149400e-01
   1.2427600e-01
   1.2791100e-01
   1.3275900e-01
   1.3766300e-01
   1.4077200e-01
   1.4337400e-01
   1.4373100e-01
   1.4313700e-01
   1.4290600e-01
   1.4220300e-01
   1.4178000e-01
   1.4233400e-01
   1.4455900e-01
   1.4537200e-01
   1.4434600e-01
   1.4272400e-01
   1.3956400e-01
   1.3630700e-01
   1.3321900e-01
   1.2978300e-01
   1.2619600e-01
   1.2179600e-01
   1.1685900e-01
   1.1216600e-01
   1.0709600e-01
   1.0137100e-01
   9.4741600e-02
   8.6654400e-02
   7.7729600e-02
   6.8238500e-02
   5.8081900e-02
   4.6852000e-02
   3.4718900e-02
   2.3121900e-02
   1.1434300e-02
  -6.4372100e-04
  -1.1448100e-02
  -2.1438000e-02
  -3.1069600e-02
  -3.9729000e-02
  -4.7913300e-02
  -5.5123500e-02
  -6.1080300e-02
  -6.6071000e-02
  -7.0231600e-02
  -7.3658600e-02
  -7.6230500e-02
  -7.8350800e-02
  -7.9396000e-02
  -7.9489400e-02
  -7.9426500e-02
  -7.9278800e-02
  -7.8623000e-02
  -7.7158400e-02
  -7.5582400e-02
  -7.3679600e-02
  -7.0989900e-02
  -6.8172200e-02
  -6.5296900e-02
  -6.2617000e-02
  -6.0231900e-02
  -5.7864200e-02
  -5.5671000e-02
  -5.2718100e-02
  -4.9612400e-02
  -4.6587000e-02
  -4.2319500e-02
  -3.7996500e-02
  -3.4116300e-02
  -3.0090600e-02
  -2.6940700e-02
  -2.5767400e-02
  -2.5158100e-02
  -2.4881800e-02
  -2.6549200e-02
  -2.8731200e-02
  -3.0957700e-02
  -3.4080400e-02
  -3.6903900e-02
  -3.9658300e-02
  -4.2597000e-02
  -4.5096600e-02
  -4.7772100e-02
  -4.9620600e-02
  -5.0587000e-02
  -5.1422500e-02
  -5.1534100e-02
  -5.1404900e-02
  -5.0983300e-02
  -5.0513000e-02
  -5.0667900e-02
  -5.1182400e-02
  -5.1773600e-02
  -5.2798500e-02
  -5.4649700e-02
  -5.6363000e-02
  -5.7613800e-02
  -5.8469700e-02
  -5.9404800e-02
  -6.0512800e-02
  -6.0555000e-02
  -6.0605500e-02
  -6.1957600e-02
  -6.2700400e-02
  -6.2560600e-02
  -6.2361300e-02
  -6.1421100e-02
  -6.0047700e-02
  -5.8962200e-02
  -5.8139100e-02
  -5.6798200e-02
  -5.5065000e-02
  -5.3032100e-02
  -5.0882700e-02
  -4.8357100e-02
  -4.4933100e-02
  -4.1239800e-02
  -3.7373000e-02
  -3.2955600e-02
  -2.7456400e-02
  -2.1258200e-02
  -1.4420400e-02
  -5.8189800e-03
   3.6144500e-03
   1.2722400e-02
   2.2486800e-02
   3.3119000e-02
   4.3549300e-02
   5.4495300e-02
   6.5836200e-02
   7.5311300e-02
   8.3937600e-02
   9.1894800e-02
   9.8277900e-02
   1.0439900e-01
   1.0986000e-01
   1.1397500e-01
   1.1791700e-01
   1.2121500e-01
   1.2358900e-01
   1.2700400e-01
   1.2978200e-01
   1.3104800e-01
   1.3252800e-01
   1.3374700e-01
   1.3494800e-01
   1.3689100e-01
   1.3988300e-01
   1.4429900e-01
   1.4839900e-01
   1.5091300e-01
   1.5265200e-01
   1.5229800e-01
   1.4907200e-01
   1.4444900e-01
   1.3846500e-01
   1.3156100e-01
   1.2494100e-01
   1.1899400e-01
   1.1394100e-01
   1.0842100e-01
   1.0233900e-01
   9.6832200e-02
   9.1423400e-02
   8.6578700e-02
   8.2496300e-02
   7.9097800e-02
   7.6268800e-02
   7.3847500e-02
   7.2097500e-02
   7.1071000e-02
   7.0593600e-02
   7.0399000e-02
   7.0254600e-02
   6.9710500e-02
   6.8851900e-02
   6.7581200e-02
   6.6355100e-02
   6.4678600e-02
   6.2534600e-02
   6.1251700e-02
   6.0060100e-02
   5.8741400e-02
   5.9025100e-02
   5.9923500e-02
   6.0582700e-02
   6.1658400e-02
   6.2025700e-02
   6.2293500e-02
   6.2074300e-02
   6.1041400e-02
   6.0233800e-02
   5.9693300e-02
   5.8919100e-02
   5.7906100e-02
   5.7010200e-02
   5.5846000e-02
   5.4737700e-02
   5.3614300e-02
   5.2734100e-02
   5.2830100e-02
   5.3067600e-02
   5.2669700e-02
   5.2567600e-02
   5.2378000e-02
   5.1682300e-02
   5.0576000e-02
   4.9276200e-02
   4.8443600e-02
   4.6789000e-02
   4.4939100e-02
   4.4088400e-02
   4.2971200e-02
   4.2083600e-02
   4.1665000e-02
   4.1200900e-02
   4.0608800e-02
   3.9833400e-02
   3.9057000e-02
   3.7107900e-02
   3.3729600e-02
   2.9252200e-02
   2.3893600e-02
   1.7801200e-02
   1.1037600e-02
   4.0345300e-03
  -3.1187800e-03
  -1.0973900e-02
  -1.9305800e-02
  -2.7586100e-02
  -3.6388200e-02
  -4.5260000e-02
  -5.4022700e-02
  -6.2715800e-02
  -7.1520100e-02
  -8.0492000e-02
  -8.8470400e-02
  -9.5748800e-02
  -1.0263800e-01
  -1.0892600e-01
  -1.1512200e-01
  -1.2098200e-01
  -1.2612900e-01
  -1.3060700e-01
  -1.3402700e-01
  -1.3628400e-01
  -1.3768700e-01
  -1.3817600e-01
  -1.3836100e-01
  -1.3860800e-01
  -1.3835400e-01
  -1.3751900e-01
  -1.3670900e-01
  -1.3527300e-01
  -1.3290100e-01
  -1.3071400e-01
  -1.2826200e-01
  -1.2525000e-01
  -1.2228900e-01
  -1.1907000e-01
  -1.1567100e-01
  -1.1235600e-01
  -1.0924500e-01
  -1.0592800e-01
  -1.0175300e-01
  -9.8131800e-02
  -9.4186900e-02
  -8.9200800e-02
  -8.4725000e-02
  -7.9455300e-02
  -7.3311200e-02
  -6.7489300e-02
  -6.1209200e-02
  -5.4226600e-02
  -4.7287800e-02
  -4.0690600e-02
  -3.3961100e-02
  -2.6607000e-02
  -1.8946600e-02
  -1.1350800e-02
  -4.8262700e-03
   8.5928300e-04
   6.5837200e-03
   1.1114900e-02
   1.4884400e-02
   1.7760500e-02
   1.9441900e-02
   2.0885000e-02
   2.1512800e-02
   2.1448600e-02
   2.0546800e-02
   1.8747100e-02
   1.6224200e-02
   1.3044800e-02
   9.1245300e-03
   5.1285900e-03
   2.3524200e-03
  -5.8658700e-04
  -3.2939000e-03
  -5.8640200e-03
  -9.3855600e-03
  -1.2944500e-02
  -1.6928100e-02
  -2.1694100e-02
  -2.6358700e-02
  -2.9965000e-02
  -3.2860200e-02
  -3.5233800e-02
  -3.6443500e-02
  -3.7503300e-02
  -3.8281400e-02
  -3.7889500e-02
  -3.7888500e-02
  -3.7408300e-02
  -3.5693400e-02
  -3.4175900e-02
  -3.2842900e-02
  -3.1486400e-02
  -3.1011800e-02
  -3.1829700e-02
  -3.3783300e-02
  -3.6772500e-02
  -4.0435000e-02
  -4.3840900e-02
  -4.6462000e-02
  -4.8811300e-02
  -5.1358700e-02
  -5.4343400e-02
  -5.6760400e-02
  -5.9021300e-02
  -6.0959300e-02
  -6.1512800e-02
  -6.1868300e-02
  -6.2631800e-02
  -6.3452100e-02
  -6.4454700e-02
  -6.5644900e-02
  -6.6403800e-02
  -6.6744000e-02
  -6.6839800e-02
  -6.7540700e-02
  -6.8257200e-02
  -6.8441800e-02
  -6.9052300e-02
  -6.8880100e-02
  -6.7880400e-02
  -6.6810100e-02
  -6.5784900e-02
  -6.5112600e-02
  -6.4669400e-02
  -6.3867000e-02
  -6.2917200e-02
  -6.1921600e-02
  -6.0305600e-02
  -5.8524700e-02
  -5.6049500e-02
  -5.2863700e-02
  -4.9425900e-02
  -4.5800200e-02
  -4.1852000e-02
  -3.7043000e-02
  -3.2628100e-02
  -2.8808500e-02
  -2.4416900e-02
  -1.9898000e-02
  -1.5547300e-02
  -1.0786600e-02
  -5.7457100e-03
  -8.1403400e-04
   3.7290100e-03
   8.1304300e-03
   1.2528600e-02
   1.6399000e-02
   2.0319700e-02
   2.4187700e-02
   2.7512600e-02
   3.0500400e-02
   3.3226300e-02
   3.5599900e-02
   3.7139700e-02
   3.8470900e-02
   3.9675100e-02
   3.9933800e-02
   3.9672000e-02
   3.9051700e-02
   3.8010900e-02
   3.6621400e-02
   3.4962500e-02
   3.3167900e-02
   3.1457300e-02
   3.0001300e-02
   2.8839200e-02
   2.7661100e-02
   2.5263800e-02
   2.2781100e-02
   2.0817500e-02
   1.8365900e-02
   1.5721800e-02
   1.3533000e-02
   1.2232900e-02
   1.0391200e-02
   8.0663900e-03
   5.9061500e-03
   2.4656500e-03
  -1.4997300e-03
  -4.8152000e-03
  -8.1438800e-03
  -1.0973000e-02
  -1.3000900e-02
  -1.4446900e-02
  -1.5344900e-02
  -1.6679300e-02
  -1.7764700e-02
  -1.8195900e-02
  -1.8865800e-02
  -1.8873500e-02
  -1.8682700e-02
  -1.8517100e-02
  -1.7470500e-02
  -1.6660600e-02
  -1.5583100e-02
  -1.3968400e-02
  -1.2316700e-02
  -9.8883300e-03
  -7.6682400e-03
  -6.2067000e-03
  -5.1028900e-03
  -4.6137400e-03
  -4.4626700e-03
  -4.4148100e-03
  -4.4911400e-03
  -4.8828200e-03
  -5.2167500e-03
  -5.7966900e-03
  -7.4878400e-03
  -9.0790600e-03
  -1.0265800e-02
  -1.1591900e-02
  -1.2815900e-02
  -1.4029800e-02
  -1.5113900e-02
  -1.6177300e-02
  -1.7580800e-02
  -1.9101900e-02
  -2.0101500e-02
  -2.0557700e-02
  -2.1335000e-02
  -2.2174400e-02
  -2.3147300e-02
  -2.4708300e-02
  -2.6187300e-02
  -2.7181900e-02
  -2.7907600e-02
  -2.8572400e-02
  -2.8765100e-02
  -2.9316500e-02
  -3.0065700e-02
  -3.0379400e-02
  -3.1038700e-02
  -3.1910300e-02
  -3.2128900e-02
  -3.1866800e-02
  -3.1645500e-02
  -3.1318100e-02
  -3.0840500e-02
  -3.0449500e-02
  -3.0135000e-02
  -2.9467100e-02
  -2.8892100e-02
  -2.8495500e-02
  -2.8319500e-02
  -2.8139300e-02
  -2.7306900e-02
  -2.6540200e-02
  -2.5760500e-02
  -2.3864300e-02
  -2.1316900e-02
  -1.8766200e-02
  -1.5999700e-02
  -1.3271900e-02
  -1.1020600e-02
  -9.2355300e-03
  -8.1999500e-03
  -7.2666400e-03
  -6.0351000e-03
  -5.9654500e-03
  -6.1266600e-03
  -6.3195200e-03
  -7.8347100e-03
  -9.4086200e-03
  -1.1284800e-02
  -1.3445600e-02
  -1.4966000e-02
  -1.6785500e-02
  -1.8673200e-02
  -2.0085700e-02
  -2.1386400e-02
  -2.2841400e-02
  -2.4203000e-02
  -2.5053800e-02
  -2.5695100e-02
  -2.6027600e-02
  -2.6219000e-02
  -2.6592600e-02
  -2.6607700e-02
  -2.6584300e-02
  -2.6729400e-02
  -2.6333000e-02
  -2.5211700e-02
  -2.4390500e-02
  -2.4288400e-02
  -2.3183300e-02
  -2.1073000e-02
  -1.9781200e-02
  -1.7835500e-02
  -1.4434600e-02
  -1.0847800e-02
  -6.0712800e-03
  -9.8186800e-04
   3.8497300e-03
   9.3072700e-03
   1.4735600e-02
   1.9780200e-02
   2.4335300e-02
   2.8884200e-02
   3.3305100e-02
   3.8019500e-02
   4.2326700e-02
   4.5525300e-02
   4.9219200e-02
   5.2814600e-02
   5.5449100e-02
   5.7964500e-02
   6.0288300e-02
   6.1935200e-02
   6.3429700e-02
   6.4649300e-02
   6.5090400e-02
   6.4987300e-02
   6.4715400e-02
   6.4591700e-02
   6.3762000e-02
   6.1856400e-02
   6.0087100e-02
   5.8352400e-02
   5.6129100e-02
   5.3793000e-02
   5.1643800e-02
   4.9542500e-02
   4.7624200e-02
   4.4944700e-02
   4.1225600e-02
   3.7454200e-02
   3.2443000e-02
   2.6994600e-02
   2.2709300e-02
   1.9488900e-02
   1.6558800e-02
   1.4584000e-02
   1.4085800e-02
   1.2635300e-02
   1.1270900e-02
   1.0201000e-02
   8.1440700e-03
   6.5160400e-03
   5.0035100e-03
   3.7194100e-03
   2.7007300e-03
   1.3925700e-03
  -2.3327100e-04
  -2.3536700e-03
  -4.2661500e-03
  -5.8465800e-03
  -7.2742000e-03
  -8.3294200e-03
  -9.1695300e-03
  -9.7649000e-03
  -9.9492500e-03
  -1.0134900e-02
  -9.5978300e-03
  -8.0976700e-03
  -6.4154400e-03
  -4.6980200e-03
  -2.6805900e-03
  -5.7439600e-04
   1.6097400e-03
   3.7614800e-03
   5.3361700e-03
   7.4562100e-03
   9.8601600e-03
   1.1446500e-02
   1.2309800e-02
   1.2889100e-02
   1.3607800e-02
   1.3586600e-02
   1.2825800e-02
   1.2663100e-02
   1.2783300e-02
   1.2891800e-02
   1.3393100e-02
   1.3943500e-02
   1.4386000e-02
   1.4663700e-02
   1.4098200e-02
   1.2973300e-02
   1.1921200e-02
   1.0454900e-02
   8.4935900e-03
   6.5663700e-03
   4.4352600e-03
   2.3887100e-03
   8.8295600e-04
  -8.6687000e-04
  -1.7664700e-03
  -2.4607700e-03
  -3.7282300e-03
  -3.9732700e-03
  -4.6871600e-03
  -6.6788100e-03
  -8.2471100e-03
  -9.1290400e-03
  -1.0204400e-02
  -1.0859500e-02
  -1.1530400e-02
  -1.2268200e-02
  -1.2246600e-02
  -1.3095800e-02
  -1.4489200e-02
  -1.5092300e-02
  -1.5789000e-02
  -1.6982500e-02
  -1.8338400e-02
  -1.9193400e-02
  -1.9401300e-02
  -1.9921700e-02
  -1.9883800e-02
  -1.9041100e-02
  -1.8724900e-02
  -1.8081000e-02
  -1.7402300e-02
  -1.7310400e-02
  -1.7468300e-02
  -1.7361200e-02
  -1.6493900e-02
  -1.6187600e-02
  -1.5350500e-02
  -1.4206100e-02
  -1.4014200e-02
  -1.3920000e-02
  -1.3913600e-02
  -1.3881500e-02
  -1.3940400e-02
  -1.4179800e-02
  -1.3918100e-02
  -1.3448900e-02
  -1.4046700e-02
  -1.4686400e-02
  -1.5076700e-02
  -1.5738500e-02
  -1.5207800e-02
  -1.4086900e-02
  -1.2985900e-02
  -1.0869000e-02
  -8.2000500e-03
  -5.0344900e-03
  -1.5008200e-03
   1.5617600e-03
   4.5206600e-03
   7.9386000e-03
   1.1454800e-02
   1.5141700e-02
   1.8962000e-02
   2.1869800e-02
   2.4940700e-02
   2.8773300e-02
   3.1717100e-02
   3.4452400e-02
   3.7821200e-02
   4.0994000e-02
   4.3962900e-02
   4.6849300e-02
   4.9993000e-02
   5.3457200e-02
   5.6794300e-02
   6.0870600e-02
   6.4819800e-02
   6.8048000e-02
   7.1425500e-02
   7.4007500e-02
   7.6227600e-02
   7.8445800e-02
   8.0824000e-02
   8.2775000e-02
   8.3748600e-02
   8.4914800e-02
   8.5989800e-02
   8.6798300e-02
   8.7608300e-02
   8.8650700e-02
   9.0050800e-02
   9.1205000e-02
   9.2452200e-02
   9.3880200e-02
   9.4375100e-02
   9.4856700e-02
   9.5382300e-02
   9.4980000e-02
   9.4267700e-02
   9.2469800e-02
   8.9554700e-02
   8.6524400e-02
   8.3230500e-02
   7.9599800e-02
   7.5703600e-02
   7.1778000e-02
   6.8335900e-02
   6.4920500e-02
   6.1368600e-02
   5.8541000e-02
   5.5919200e-02
   5.3057900e-02
   5.0854800e-02
   4.9167200e-02
   4.7501400e-02
   4.6492700e-02
   4.5723900e-02
   4.4983600e-02
   4.4734500e-02
   4.4277600e-02
   4.4011300e-02
   4.4128400e-02
   4.3579900e-02
   4.3568300e-02
   4.3862100e-02
   4.3713800e-02
   4.4317600e-02
   4.4566200e-02
   4.4425200e-02
   4.4894200e-02
   4.5209300e-02
   4.5439600e-02
   4.5221000e-02
   4.4621100e-02
   4.4633600e-02
   4.4427600e-02
   4.4011700e-02
   4.3762300e-02
   4.3420600e-02
   4.2468800e-02
   4.0666000e-02
   3.8810000e-02
   3.6887300e-02
   3.4758800e-02
   3.2236900e-02
   2.9410600e-02
   2.6447500e-02
   2.2917500e-02
   1.9087200e-02
   1.5401000e-02
   1.1550700e-02
   7.8994200e-03
   4.3579700e-03
   5.1470100e-04
  -2.9643400e-03
  -6.5672400e-03
  -1.0452200e-02
  -1.3653000e-02
  -1.6463000e-02
  -1.9765000e-02
  -2.2674200e-02
  -2.4844300e-02
  -2.6867000e-02
  -2.8617800e-02
  -3.0566200e-02
  -3.2460200e-02
  -3.3936300e-02
  -3.5878400e-02
  -3.8241900e-02
  -4.0883500e-02
  -4.4140000e-02
  -4.6817000e-02
  -4.9004600e-02
  -5.1415400e-02
  -5.3105300e-02
  -5.4378000e-02
  -5.6042300e-02
  -5.7678700e-02
  -5.9049300e-02
  -6.0259300e-02
  -6.1470900e-02
  -6.2741600e-02
  -6.3334800e-02
  -6.3514300e-02
  -6.4408000e-02
  -6.5509600e-02
  -6.6230600e-02
  -6.7726900e-02
  -6.9607600e-02
  -7.1252500e-02
  -7.3343200e-02
  -7.5276000e-02
  -7.7143400e-02
  -7.9359800e-02
  -8.1211800e-02
  -8.2666100e-02
  -8.4517700e-02
  -8.6350500e-02
  -8.7414500e-02
  -8.8585000e-02
  -8.9932000e-02
  -9.0601600e-02
  -9.0810000e-02
  -9.0447000e-02
  -8.9641100e-02
  -8.8687900e-02
  -8.7102300e-02
  -8.4749100e-02
  -8.1849500e-02
  -7.9111400e-02
  -7.6572700e-02
  -7.3591500e-02
  -7.0849900e-02
  -6.8023500e-02
  -6.4367900e-02
  -6.0643800e-02
  -5.7413500e-02
  -5.4086000e-02
  -5.0287600e-02
  -4.6928100e-02
  -4.3864200e-02
  -4.0591500e-02
  -3.7543000e-02
  -3.4769300e-02
  -3.1701700e-02
  -2.8748400e-02
  -2.6207100e-02
  -2.3505900e-02
  -2.1039300e-02
  -1.8823800e-02
  -1.6419800e-02
  -1.3983100e-02
  -1.1736800e-02
  -9.8814200e-03
  -7.8428500e-03
  -5.4386900e-03
  -3.0727800e-03
  -4.2882900e-04
   2.2528100e-03
   4.7669200e-03
   7.3031100e-03
   9.7536200e-03
   1.2034100e-02
   1.3931300e-02
   1.6049100e-02
   1.8484200e-02
   2.0128400e-02
   2.1277400e-02
   2.2432000e-02
   2.3270100e-02
   2.4203200e-02
   2.5381500e-02
   2.6147500e-02
   2.6968800e-02
   2.7991200e-02
   2.8012100e-02
   2.7526600e-02
   2.7242400e-02
   2.6541000e-02
   2.5681800e-02
   2.4781300e-02
   2.3395900e-02
   2.2128800e-02
   2.1051700e-02
   1.9694500e-02
   1.8570900e-02
   1.7594600e-02
   1.6533300e-02
   1.5528900e-02
   1.4388000e-02
   1.2923700e-02
   1.1367500e-02
   1.0130300e-02
   8.6769300e-03
   7.0134200e-03
   5.6792200e-03
   3.7995200e-03
   1.3833000e-03
  -9.3960900e-04
  -3.6355100e-03
  -6.7006600e-03
  -9.7536300e-03
  -1.2744400e-02
  -1.5507500e-02
  -1.7735600e-02
  -1.9493200e-02
  -2.0994900e-02
  -2.2227500e-02
  -2.3256800e-02
  -2.4364500e-02
  -2.5406300e-02
  -2.6104600e-02
  -2.6693100e-02
  -2.7469600e-02
  -2.8150600e-02
  -2.8501600e-02
  -2.8773000e-02
  -2.9003800e-02
  -2.9060900e-02
  -2.9058500e-02
  -2.9261500e-02
  -2.9297100e-02
  -2.9412600e-02
  -2.9967900e-02
  -3.0364800e-02
  -3.0866100e-02
  -3.1118400e-02
  -3.0586300e-02
  -3.0090000e-02
  -2.9397300e-02
  -2.8778700e-02
  -2.8855800e-02
  -2.8623600e-02
  -2.8382900e-02
  -2.8301100e-02
  -2.8027100e-02
  -2.7895300e-02
  -2.7922200e-02
  -2.8088000e-02
  -2.7966500e-02
  -2.7651300e-02
  -2.7372300e-02
  -2.6830600e-02
  -2.6168700e-02
  -2.5491700e-02
  -2.4731600e-02
  -2.4184300e-02
  -2.3646500e-02
  -2.2845300e-02
  -2.1859600e-02
  -2.0877200e-02
  -2.0350900e-02
  -1.9706300e-02
  -1.8534100e-02
  -1.7258000e-02
  -1.5701500e-02
  -1.3916400e-02
  -1.2419400e-02
  -1.1471400e-02
  -1.0517500e-02
  -9.7270900e-03
  -9.3841400e-03
  -8.8470200e-03
  -8.9082500e-03
  -9.4899700e-03
  -9.7955700e-03
  -1.0134800e-02
  -1.0834500e-02
  -1.1472800e-02
  -1.1756000e-02
  -1.2128000e-02
  -1.2553700e-02
  -1.3368900e-02
  -1.4167300e-02
  -1.4647300e-02
  -1.5113300e-02
  -1.5292100e-02
  -1.4876700e-02
  -1.4301100e-02
  -1.4127800e-02
  -1.3494400e-02
  -1.2477800e-02
  -1.1708100e-02
  -1.0642600e-02
  -9.3122100e-03
  -8.1998100e-03
  -6.9052900e-03
  -4.9404300e-03
  -3.0358300e-03
  -1.3448900e-03
   7.3388600e-04
   3.1433900e-03
   5.7128600e-03
   7.7926800e-03
   9.9330800e-03
   1.2315100e-02
   1.4240700e-02
   1.6230500e-02
   1.8381400e-02
   2.0599800e-02
   2.2689900e-02
   2.4766600e-02
   2.7259800e-02
   2.9911900e-02
   3.2554200e-02
   3.5228000e-02
   3.7726300e-02
   4.0010800e-02
   4.2142700e-02
   4.4209200e-02
   4.6175700e-02
   4.8165500e-02
   4.9899900e-02
   5.1405100e-02
   5.3264800e-02
   5.4831500e-02
   5.6216800e-02
   5.7662900e-02
   5.9219200e-02
   6.0875000e-02
   6.1955000e-02
   6.2711200e-02
   6.3497200e-02
   6.4053500e-02
   6.3997000e-02
   6.3843600e-02
   6.3776700e-02
   6.3103600e-02
   6.1776600e-02
   5.9846200e-02
   5.7257400e-02
   5.4326700e-02
   5.0889400e-02
   4.7109600e-02
   4.3556500e-02
   3.9811500e-02
   3.5634600e-02
   3.1605500e-02
   2.8340700e-02
   2.5021700e-02
   2.1475200e-02
   1.8656600e-02
   1.5856300e-02
   1.2747100e-02
   9.8699300e-03
   7.2052200e-03
   4.5090700e-03
   1.6672400e-03
  -1.0478200e-03
  -3.7778500e-03
  -6.3587100e-03
  -8.9097200e-03
  -1.1714400e-02
  -1.4155700e-02
  -1.6361800e-02
  -1.8202000e-02
  -1.9444600e-02
  -2.0070200e-02
  -2.0524600e-02
  -2.1319600e-02
  -2.1784400e-02
  -2.1977700e-02
  -2.1849300e-02
  -2.1348100e-02
  -2.0779400e-02
  -1.9860600e-02
  -1.8942100e-02
  -1.7919600e-02
  -1.6921900e-02
  -1.6094200e-02
  -1.4920600e-02
  -1.3941800e-02
  -1.3058200e-02
  -1.1990300e-02
  -1.1178200e-02
  -1.0183300e-02
  -9.6361000e-03
  -9.7625700e-03
  -9.5828200e-03
  -1.0054400e-02
  -1.1063000e-02
  -1.2006800e-02
  -1.3445600e-02
  -1.4835000e-02
  -1.6129600e-02
  -1.7673900e-02
  -1.9029600e-02
  -2.0208300e-02
  -2.1474000e-02
  -2.2508200e-02
  -2.3320300e-02
  -2.4299500e-02
  -2.5331500e-02
  -2.6184400e-02
  -2.6546000e-02
  -2.7012700e-02
  -2.7934700e-02
  -2.8578400e-02
  -2.9633100e-02
  -3.0890900e-02
  -3.1718300e-02
  -3.2442300e-02
  -3.2766200e-02
  -3.2986900e-02
  -3.2906000e-02
  -3.2552500e-02
  -3.2362700e-02
  -3.2276900e-02
  -3.1841400e-02
  -3.1013400e-02
  -3.0248400e-02
  -2.9292200e-02
  -2.7958600e-02
  -2.6454500e-02
  -2.5042100e-02
  -2.3794700e-02
  -2.2615100e-02
  -2.1028500e-02
  -1.9197200e-02
  -1.7626100e-02
  -1.5990500e-02
  -1.4019000e-02
  -1.2156700e-02
  -1.0263500e-02
  -7.7058700e-03
  -5.0871400e-03
  -2.6873600e-03
   6.9140600e-04
   4.1515700e-03
   6.8149000e-03
   9.8317100e-03
   1.2694100e-02
   1.5483900e-02
   1.8499200e-02
   2.1421100e-02
   2.4592800e-02
   2.7550400e-02
   3.0129200e-02
   3.2698900e-02
   3.5164300e-02
   3.7277000e-02
   3.9168900e-02
   4.0756300e-02
   4.2036300e-02
   4.3060100e-02
   4.3633500e-02
   4.3716700e-02
   4.3755100e-02
   4.3524300e-02
   4.2937300e-02
   4.3397500e-02
   4.4132300e-02
   4.4644400e-02
   4.5450200e-02
   4.5618200e-02
   4.6003700e-02
   4.6549100e-02
   4.5974600e-02
   4.5981600e-02
   4.6535500e-02
   4.6122500e-02
   4.6476800e-02
   4.7471100e-02
   4.7549200e-02
   4.7965700e-02
   4.8785900e-02
   4.9058700e-02
   4.9363600e-02
   4.9516800e-02
   4.9207600e-02
   4.9223900e-02
   4.9243100e-02
   4.8913700e-02
   4.8816600e-02
   4.8640000e-02
   4.8410200e-02
   4.8325500e-02
   4.7859200e-02
   4.7296800e-02
   4.6997900e-02
   4.6612300e-02
   4.5943500e-02
   4.5341600e-02
   4.4986800e-02
   4.4462500e-02
   4.3834900e-02
   4.3319200e-02
   4.3036300e-02
   4.2938300e-02
   4.2230800e-02
   4.0823400e-02
   3.9499000e-02
   3.8340500e-02
   3.6816200e-02
   3.5352400e-02
   3.4206600e-02
   3.2962900e-02
   3.1215800e-02
   2.9217200e-02
   2.7213600e-02
   2.4605000e-02
   2.2193100e-02
   1.9740100e-02
   1.6520700e-02
   1.3785800e-02
   1.1349000e-02
   8.1566600e-03
   4.7369400e-03
   1.9207200e-03
  -5.5389800e-04
  -3.3857600e-03
  -6.5041000e-03
  -9.2473800e-03
  -1.1764000e-02
  -1.4354000e-02
  -1.6752200e-02
  -1.8826800e-02
  -2.0808400e-02
  -2.2513600e-02
  -2.4033500e-02
  -2.5813800e-02
  -2.7340100e-02
  -2.8473900e-02
  -2.9655600e-02
  -3.0589000e-02
  -3.1312200e-02
  -3.1969900e-02
  -3.2401600e-02
  -3.3100900e-02
  -3.3964400e-02
  -3.4816000e-02
  -3.5310600e-02
  -3.5373300e-02
  -3.5485100e-02
  -3.4906700e-02
  -3.3258700e-02
  -3.1704100e-02
  -3.0177900e-02
  -2.8019800e-02
  -2.6108500e-02
  -2.4402400e-02
  -2.2827000e-02
  -2.1424700e-02
  -2.0498400e-02
  -2.0167500e-02
  -1.9384800e-02
  -1.9066900e-02
  -1.9079900e-02
  -1.8818100e-02
  -1.8730700e-02
  -1.8367400e-02
  -1.8109400e-02
  -1.8197400e-02
  -1.7842600e-02
  -1.6797000e-02
  -1.5142700e-02
  -1.3182400e-02
  -1.1471900e-02
  -9.9299400e-03
  -8.3165400e-03
  -7.1354700e-03
  -5.8069700e-03
  -4.1587300e-03
  -3.1461700e-03
  -1.7164000e-03
  -3.8019700e-04
   5.1043900e-04
   2.1222200e-03
   3.6864700e-03
   5.3002700e-03
   7.6213100e-03
   9.8690400e-03
   1.2302700e-02
   1.4939900e-02
   1.6908000e-02
   1.8705900e-02
   2.0707200e-02
   2.2588000e-02
   2.4280600e-02
   2.6284000e-02
   2.8067300e-02
   2.9219500e-02
   3.0206500e-02
   3.0771600e-02
   3.1086000e-02
   3.0755300e-02
   2.9464500e-02
   2.7694700e-02
   2.5586400e-02
   2.2829800e-02
   1.9627300e-02
   1.6784000e-02
   1.3460900e-02
   9.7472300e-03
   6.5035200e-03
   3.0154800e-03
  -5.6009600e-04
  -3.6659500e-03
  -6.8457200e-03
  -1.0066300e-02
  -1.2834100e-02
  -1.4944700e-02
  -1.6681400e-02
  -1.8191200e-02
  -1.8997000e-02
  -1.9636000e-02
  -2.0094700e-02
  -1.9878600e-02
  -2.0050100e-02
  -2.0385900e-02
  -1.9899600e-02
  -1.9691500e-02
  -1.9079600e-02
  -1.7892800e-02
  -1.7569400e-02
  -1.6840900e-02
  -1.5344600e-02
  -1.3960400e-02
  -1.2370400e-02
  -1.0736100e-02
  -8.8198400e-03
  -6.5363300e-03
  -4.8628600e-03
  -2.8141600e-03
  -7.8153100e-04
   6.1434400e-04
   2.4366200e-03
   4.3916100e-03
   6.0685900e-03
   6.9890700e-03
   7.7237500e-03
   8.0775200e-03
   7.7957700e-03
   7.8039300e-03
   7.6405800e-03
   7.3169700e-03
   7.5041600e-03
   6.7267400e-03
   5.1647200e-03
   4.9838300e-03
   4.3245600e-03
   3.3000800e-03
   2.9936100e-03
   2.5504900e-03
   2.4557500e-03
   2.2434100e-03
   2.6202900e-03
   3.2570700e-03
   3.4738000e-03
   4.4305900e-03
   5.6714700e-03
   7.2678400e-03
   9.4939500e-03
   1.1886300e-02
   1.4698900e-02
   1.7711900e-02
   2.0425100e-02
   2.2549800e-02
   2.4165600e-02
   2.5669000e-02
   2.6972700e-02
   2.8170100e-02
   2.9756600e-02
   3.1278700e-02
   3.2070500e-02
   3.2586100e-02
   3.2897600e-02
   3.2261200e-02
   3.1366100e-02
   3.0546800e-02
   2.9215500e-02
   2.8326500e-02
   2.7721200e-02
   2.6706300e-02
   2.5955400e-02
   2.5534200e-02
   2.4701100e-02
   2.4094800e-02
   2.4005700e-02
   2.3290200e-02
   2.2820200e-02
   2.2772200e-02
   2.2702100e-02
   2.2750400e-02
   2.2360600e-02
   2.2262600e-02
   2.2349600e-02
   2.1763500e-02
   2.1357000e-02
   2.0958700e-02
   2.0233500e-02
   2.0400000e-02
   2.0762200e-02
   2.0574500e-02
   2.0107800e-02
   1.9476800e-02
   1.8585500e-02
   1.7503900e-02
   1.6676300e-02
   1.5957100e-02
   1.5384800e-02
   1.4943500e-02
   1.4587100e-02
   1.4043100e-02
   1.3605100e-02
   1.3491400e-02
   1.3265400e-02
   1.3193500e-02
   1.3062000e-02
   1.2857200e-02
   1.2862000e-02
   1.2926500e-02
   1.3284200e-02
   1.3787000e-02
   1.4249000e-02
   1.4844500e-02
   1.5594900e-02
   1.5880100e-02
   1.6085500e-02
   1.6696200e-02
   1.6976300e-02
   1.7267800e-02
   1.7563400e-02
   1.7652700e-02
   1.7653600e-02
   1.7480500e-02
   1.7549000e-02
   1.7576100e-02
   1.7403900e-02
   1.7281600e-02
   1.6959600e-02
   1.6702000e-02
   1.6504300e-02
   1.5896100e-02
   1.5795300e-02
   1.6264100e-02
   1.6386200e-02
   1.6440700e-02
   1.6562600e-02
   1.6779400e-02
   1.6994600e-02
   1.7599900e-02
   1.8704300e-02
   2.0219600e-02
   2.2084100e-02
   2.3585600e-02
   2.5006200e-02
   2.6466500e-02
   2.7865500e-02
   2.9176100e-02
   3.0310700e-02
   3.1278800e-02
   3.1586300e-02
   3.1336700e-02
   3.0976000e-02
   3.0337000e-02
   2.9275500e-02
   2.7756400e-02
   2.6178100e-02
   2.4237700e-02
   2.1521800e-02
   1.9076800e-02
   1.6531400e-02
   1.3748200e-02
   1.1139500e-02
   8.2620700e-03
   5.6920000e-03
   3.0976900e-03
   4.8014300e-04
  -1.6530900e-03
  -3.7391400e-03
  -5.5127100e-03
  -6.8530100e-03
  -8.1350700e-03
  -9.1001000e-03
  -9.8190400e-03
  -1.0720300e-02
  -1.1190100e-02
  -1.1064900e-02
  -1.0710100e-02
  -1.0243000e-02
  -9.8440100e-03
  -9.2737000e-03
  -8.9159400e-03
  -8.9380100e-03
  -8.7993100e-03
  -8.8800500e-03
  -9.0101700e-03
  -9.3314800e-03
  -9.7639200e-03
  -1.0527800e-02
  -1.2368200e-02
  -1.4474500e-02
  -1.6679000e-02
  -1.8642000e-02
  -2.0506000e-02
  -2.2680500e-02
  -2.5015400e-02
  -2.7436700e-02
  -2.9425900e-02
  -3.1642400e-02
  -3.4206800e-02
  -3.5979500e-02
  -3.7522900e-02
  -3.9123700e-02
  -4.0067900e-02
  -4.0807600e-02
  -4.1595500e-02
  -4.1867800e-02
  -4.2329300e-02
  -4.2930700e-02
  -4.2417700e-02
  -4.1960300e-02
  -4.1655500e-02
  -4.0813200e-02
  -4.0037900e-02
  -3.9093400e-02
  -3.8218000e-02
  -3.7620500e-02
  -3.7200100e-02
  -3.6722500e-02
  -3.6356700e-02
  -3.6060800e-02
  -3.5456900e-02
  -3.5330600e-02
  -3.4723000e-02
  -3.3622700e-02
  -3.3130900e-02
  -3.2438600e-02
  -3.1677300e-02
  -3.1400700e-02
  -3.1357700e-02
  -3.1255000e-02
  -3.0520700e-02
  -2.9891000e-02
  -2.9675000e-02
  -2.8791700e-02
  -2.7914800e-02
  -2.7443700e-02
  -2.6648800e-02
  -2.5563000e-02
  -2.4615600e-02
  -2.3516300e-02
  -2.2449200e-02
  -2.1513900e-02
  -2.0287600e-02
  -1.8847500e-02
  -1.7444200e-02
  -1.6172100e-02
  -1.5122800e-02
  -1.4342900e-02
  -1.3279900e-02
  -1.2068900e-02
  -1.0855500e-02
  -9.1644600e-03
  -7.4074500e-03
  -5.9245000e-03
  -4.4399300e-03
  -3.2843800e-03
  -2.2816300e-03
  -1.1677500e-03
  -5.1122500e-04
   5.5325100e-04
   1.8235200e-03
   2.3004700e-03
   3.2994400e-03
   4.6393100e-03
   5.8027200e-03
   7.3267400e-03
   8.7021500e-03
   1.0165400e-02
   1.1991000e-02
   1.3943700e-02
   1.5825300e-02
   1.7568600e-02
   1.9759800e-02
   2.1747800e-02
   2.3184900e-02
   2.4797200e-02
   2.5987000e-02
   2.6803000e-02
   2.7622400e-02
   2.8399100e-02
   2.8860000e-02
   2.8551100e-02
   2.8238800e-02
   2.7798300e-02
   2.7264000e-02
   2.6834400e-02
   2.6132100e-02
   2.5840800e-02
   2.5772700e-02
   2.5832900e-02
   2.6263700e-02
   2.6772500e-02
   2.7810500e-02
   2.8905800e-02
   2.9608500e-02
   3.0992900e-02
   3.2327600e-02
   3.3039800e-02
   3.4282800e-02
   3.5528100e-02
   3.6533500e-02
   3.7760200e-02
   3.8827500e-02
   3.9722100e-02
   4.0716100e-02
   4.1766800e-02
   4.2819900e-02
   4.3702700e-02
   4.4285400e-02
   4.5048000e-02
   4.6041500e-02
   4.7012200e-02
   4.7937900e-02
   4.8657700e-02
   4.9344700e-02
   5.0284000e-02
   5.0829300e-02
   5.1177300e-02
   5.1987200e-02
   5.2390100e-02
   5.2761300e-02
   5.3452500e-02
   5.3444700e-02
   5.3364100e-02
   5.3803600e-02
   5.3911300e-02
   5.3698900e-02
   5.3456800e-02
   5.2906200e-02
   5.2571000e-02
   5.2309300e-02
   5.1690200e-02
   5.1320900e-02
   5.0682800e-02
   4.9481900e-02
   4.8236500e-02
   4.6609100e-02
   4.4860900e-02
   4.3163900e-02
   4.0791300e-02
   3.8268500e-02
   3.6013900e-02
   3.3575700e-02
   3.1247300e-02
   2.8773200e-02
   2.6086400e-02
   2.3831100e-02
   2.1650600e-02
   1.9496100e-02
   1.7345700e-02
   1.5365900e-02
   1.4125100e-02
   1.2790200e-02
   1.1296100e-02
   1.0028600e-02
   8.8800500e-03
   7.4707300e-03
   5.7934200e-03
   4.5594700e-03
   3.4076100e-03
   2.1739500e-03
   1.2851500e-03
   2.1027900e-04
  -1.3263000e-03
  -2.4158800e-03
  -3.3447700e-03
  -4.7245400e-03
  -6.0402700e-03
  -7.1792100e-03
  -8.2330500e-03
  -9.5565700e-03
  -1.1057200e-02
  -1.2335300e-02
  -1.3717600e-02
  -1.5065300e-02
  -1.6471400e-02
  -1.8090800e-02
  -1.9798100e-02
  -2.1492900e-02
  -2.2527400e-02
  -2.3590100e-02
  -2.5103100e-02
  -2.5858000e-02
  -2.6242200e-02
  -2.6781200e-02
  -2.7068300e-02
  -2.6796200e-02
  -2.6175600e-02
  -2.5600600e-02
  -2.4746400e-02
  -2.3906600e-02
  -2.2837900e-02
  -2.1441000e-02
  -2.0552500e-02
  -1.9610900e-02
  -1.8131200e-02
  -1.6672400e-02
  -1.5061900e-02
  -1.3232700e-02
  -1.1889200e-02
  -1.0543900e-02
  -8.7907700e-03
  -7.5020500e-03
  -6.6777100e-03
  -5.5957500e-03
  -4.5157700e-03
  -4.0696800e-03
  -3.4027500e-03
  -2.4990600e-03
  -2.1860900e-03
  -1.9923800e-03
  -1.6464700e-03
  -1.3095700e-03
  -1.3268600e-03
  -1.2125000e-03
  -9.3061800e-04
  -1.1290700e-03
  -1.3584900e-03
  -1.4441000e-03
  -1.9406200e-03
  -2.3821400e-03
  -2.6460700e-03
  -3.3439200e-03
  -3.7930900e-03
  -3.8754100e-03
  -4.3123500e-03
  -5.2183500e-03
  -6.2204400e-03
  -7.3095600e-03
  -8.1740600e-03
  -8.6934900e-03
  -9.2430400e-03
  -9.4294800e-03
  -9.2076800e-03
  -9.4562200e-03
  -9.6355900e-03
  -8.9573500e-03
  -8.9174100e-03
  -9.0879000e-03
  -8.7176700e-03
  -8.8775800e-03
  -9.0861200e-03
  -9.2993300e-03
  -9.7857300e-03
  -1.0345100e-02
  -1.0887700e-02
  -1.1458700e-02
  -1.2268900e-02
  -1.2848900e-02
  -1.3416500e-02
  -1.4017900e-02
  -1.4384600e-02
  -1.4566800e-02
  -1.4537200e-02
  -1.4794100e-02
  -1.4921400e-02
  -1.4884500e-02
  -1.5530300e-02
  -1.6281500e-02
  -1.6204600e-02
  -1.6415900e-02
  -1.7141300e-02
  -1.7759800e-02
  -1.8984900e-02
  -2.0009500e-02
  -2.1193400e-02
  -2.2636300e-02
  -2.3747400e-02
  -2.5165600e-02
  -2.5806500e-02
  -2.6407100e-02
  -2.7847800e-02
  -2.8562300e-02
  -2.9202900e-02
  -3.0145900e-02
  -3.0343500e-02
  -3.1034000e-02
  -3.1990300e-02
  -3.2073700e-02
  -3.2197700e-02
  -3.2497500e-02
  -3.3061500e-02
  -3.3079900e-02
  -3.3053600e-02
  -3.4016000e-02
  -3.4668900e-02
  -3.4998200e-02
  -3.5535100e-02
  -3.5925200e-02
  -3.5904200e-02
  -3.5781600e-02
  -3.5631700e-02
  -3.5161400e-02
  -3.4342100e-02
  -3.3151500e-02
  -3.2127500e-02
  -3.1068700e-02
  -2.9331200e-02
  -2.7931100e-02
  -2.5878100e-02
  -2.3957000e-02
  -2.2930900e-02
  -2.0807800e-02
  -1.9376000e-02
  -1.8265700e-02
  -1.6275500e-02
  -1.4676900e-02
  -1.3493100e-02
  -1.2075900e-02
  -1.0386000e-02
  -9.3145100e-03
  -8.1436500e-03
  -7.1898800e-03
  -6.9468900e-03
  -6.2312800e-03
  -5.7360300e-03
  -5.5222000e-03
  -4.7833800e-03
  -4.6192700e-03
  -5.0302700e-03
  -4.6176000e-03
  -4.4502700e-03
  -4.3498600e-03
  -3.6293200e-03
  -3.3842000e-03
  -3.9259200e-03
  -4.7430700e-03
  -5.2951100e-03
  -6.7824200e-03
  -8.6841200e-03
  -1.0186100e-02
  -1.1580600e-02
  -1.2818500e-02
  -1.4688300e-02
  -1.6842700e-02
  -1.8387900e-02
  -1.9836400e-02
  -2.1935100e-02
  -2.4183000e-02
  -2.6186200e-02
  -2.8314100e-02
  -3.0893100e-02
  -3.3510900e-02
  -3.5888800e-02
  -3.8287900e-02
  -4.0424500e-02
  -4.2001000e-02
  -4.3573200e-02
  -4.5152400e-02
  -4.6665700e-02
  -4.8441600e-02
  -4.9777700e-02
  -5.0242800e-02
  -5.0586800e-02
  -5.1599000e-02
  -5.2025100e-02
  -5.2225500e-02
  -5.2907100e-02
  -5.2992500e-02
  -5.3073000e-02
  -5.2957400e-02
  -5.2676100e-02
  -5.2774900e-02
  -5.2184100e-02
  -5.1416100e-02
  -5.1927600e-02
  -5.1510200e-02
  -5.0222100e-02
  -5.0201600e-02
  -4.9737700e-02
  -4.8741300e-02
  -4.7579100e-02
  -4.6459000e-02
  -4.5925400e-02
  -4.4202600e-02
  -4.2305300e-02
  -4.0951300e-02
  -3.8875900e-02
  -3.6433600e-02
  -3.4082700e-02
  -3.1629600e-02
  -2.9604400e-02
  -2.8393600e-02
  -2.5600800e-02
  -2.2783800e-02
  -2.1790600e-02
  -1.9746400e-02
  -1.7894000e-02
  -1.7415500e-02
  -1.5981600e-02
  -1.4655700e-02
  -1.4454900e-02
  -1.3634000e-02
  -1.2846000e-02
  -1.3124800e-02
  -1.3203600e-02
  -1.3242500e-02
  -1.3520700e-02
  -1.3273900e-02
  -1.3516400e-02
  -1.4423200e-02
  -1.5337600e-02
  -1.6041400e-02
  -1.6409800e-02
  -1.6900800e-02
  -1.7492200e-02
  -1.8185200e-02
  -1.9372800e-02
  -1.9961000e-02
  -1.9813000e-02
  -2.0239700e-02
  -2.0648100e-02
  -2.0663200e-02
  -2.0934300e-02
  -2.1201200e-02
  -2.1325400e-02
  -2.1997900e-02
  -2.2593100e-02
  -2.3289800e-02
  -2.4338700e-02
  -2.5136900e-02
  -2.6529200e-02
  -2.8162600e-02
  -2.9450200e-02
  -3.1221600e-02
  -3.2586400e-02
  -3.3770300e-02
  -3.6389300e-02
  -3.8372600e-02
  -3.9845500e-02
  -4.1586700e-02
  -4.2740000e-02
  -4.3772600e-02
  -4.4696100e-02
  -4.6109000e-02
  -4.7249200e-02
  -4.7586800e-02
  -4.7815800e-02
  -4.8355600e-02
  -4.8724500e-02
  -4.8757300e-02
  -4.9251400e-02
  -4.9114600e-02
  -4.8628600e-02
  -4.9060600e-02
  -4.9076800e-02
  -4.8637900e-02
  -4.7636300e-02
  -4.6801900e-02
  -4.7276600e-02
  -4.6354400e-02
  -4.5670000e-02
  -4.6021700e-02
  -4.4526600e-02
  -4.3372300e-02
  -4.2384700e-02
  -4.1577000e-02
  -4.1746800e-02
  -4.0276500e-02
  -3.8863800e-02
  -3.7968300e-02
  -3.6828500e-02
  -3.5525800e-02
  -3.3937500e-02
  -3.3164300e-02
  -3.2185200e-02
  -3.1140200e-02
  -2.9423800e-02
  -2.7785900e-02
  -2.7578100e-02
  -2.6539800e-02
  -2.4600400e-02
  -2.3744600e-02
  -2.3669500e-02
  -2.3016300e-02
  -2.3036100e-02
  -2.3515200e-02
  -2.2994300e-02
  -2.2747600e-02
  -2.3262400e-02
  -2.3776400e-02
  -2.3571100e-02
  -2.3186200e-02
  -2.4030500e-02
  -2.4426300e-02
  -2.3249400e-02
  -2.2927400e-02
  -2.3512700e-02
  -2.3111300e-02
  -2.2338600e-02
  -2.2130000e-02
  -2.1756400e-02
  -2.1030200e-02
  -2.0610000e-02
  -1.9832000e-02
  -1.8760600e-02
  -1.7508000e-02
  -1.6782400e-02
  -1.6259700e-02
  -1.4002900e-02
  -1.2348900e-02
  -1.1143500e-02
  -9.5973400e-03
  -8.7019100e-03
  -6.4644900e-03
  -4.6108800e-03
  -4.0913800e-03
  -3.2729400e-03
  -1.9386100e-03
  -3.3850600e-04
   7.4416200e-04
   1.3936400e-03
   2.2931900e-03
   3.8174400e-03
   5.2057500e-03
   6.2681900e-03
   7.0302400e-03
   8.2888700e-03
   1.0215600e-02
   1.1168100e-02
   1.1836700e-02
   1.3451100e-02
   1.4678400e-02
   1.5872400e-02
   1.7223200e-02
   1.8408900e-02
   2.0118200e-02
   2.0487500e-02
   2.0642000e-02
   2.1454300e-02
   2.2109100e-02
   2.2957400e-02
   2.3166300e-02
   2.3714300e-02
   2.4570100e-02
   2.4404800e-02
   2.4527700e-02
   2.5299000e-02
   2.4932400e-02
   2.4339600e-02
   2.4442300e-02
   2.4187200e-02
   2.3921400e-02
   2.4007900e-02
   2.3255800e-02
   2.2238700e-02
   2.1508600e-02
   2.0643700e-02
   1.9074900e-02
   1.6408800e-02
   1.5128000e-02
   1.4307400e-02
   1.2326700e-02
   1.1438200e-02
   1.0539400e-02
   8.8656100e-03
   7.9984700e-03
   6.8060600e-03
   5.3604300e-03
   4.8510100e-03
   4.0642700e-03
   3.0488800e-03
   2.6899500e-03
   2.3698000e-03
   2.5547500e-03
   2.3871100e-03
   1.7520500e-03
   2.2981500e-03
   2.6838200e-03
   2.4536600e-03
   2.9293500e-03
   3.7161500e-03
   4.0456600e-03
   4.6371300e-03
   5.8339200e-03
   6.6745500e-03
   7.9963900e-03
   9.6860500e-03
   1.0705400e-02
   1.2093500e-02
   1.3928600e-02
   1.5472800e-02
   1.6723400e-02
   1.7890600e-02
   1.8922100e-02
   2.0000800e-02
   2.0634800e-02
   2.1169500e-02
   2.1697900e-02
   2.1527300e-02
   2.1736500e-02
   2.2195400e-02
   2.1648900e-02
   2.1196500e-02
   2.1378200e-02
   2.1127200e-02
   2.0596700e-02
   2.0488800e-02
   2.0450800e-02
   2.0447400e-02
   2.0983100e-02
   2.1633800e-02
   2.1841600e-02
   2.2506100e-02
   2.3928300e-02
   2.4376900e-02
   2.4958600e-02
   2.6069200e-02
   2.7036700e-02
   2.7693000e-02
   2.8460200e-02
   2.9679200e-02
   3.0324800e-02
   3.1167800e-02
   3.1274700e-02
   3.0802700e-02
   3.0789400e-02
   3.0151900e-02
   2.9522300e-02
   2.8805100e-02
   2.7416600e-02
   2.6500700e-02
   2.5685600e-02
   2.4563500e-02
   2.3706200e-02
   2.2868900e-02
   2.1702200e-02
   2.0081400e-02
   1.8173300e-02
   1.6812900e-02
   1.6054500e-02
   1.4758900e-02
   1.3311800e-02
   1.2453500e-02
   1.1549700e-02
   1.0429600e-02
   9.3009900e-03
   8.5328000e-03
   7.7763900e-03
   7.0516500e-03
   6.8999100e-03
   6.3555900e-03
   5.4946900e-03
   5.3889900e-03
   6.1604100e-03
   6.5408800e-03
   6.3255700e-03
   6.7341300e-03
   7.1134800e-03
   7.0968300e-03
   7.6539700e-03
   8.5093500e-03
   9.5102200e-03
   1.0843000e-02
   1.1642400e-02
   1.1917500e-02
   1.2629300e-02
   1.3116000e-02
   1.3113800e-02
   1.3592100e-02
   1.4225500e-02
   1.4578500e-02
   1.4925600e-02
   1.5825000e-02
   1.6506300e-02
   1.7131800e-02
   1.8400600e-02
   1.9010800e-02
   1.9901300e-02
   2.0671900e-02
   2.0975100e-02
   2.2479600e-02
   2.3452200e-02
   2.3492100e-02
   2.4424000e-02
   2.5225800e-02
   2.5382400e-02
   2.6168500e-02
   2.6926800e-02
   2.7254100e-02
   2.7910200e-02
   2.8764000e-02
   2.9060200e-02
   2.9811400e-02
   3.1055900e-02
   3.1544700e-02
   3.2159400e-02
   3.2807400e-02
   3.3650800e-02
   3.4547600e-02
   3.4695800e-02
   3.4643000e-02
   3.4489200e-02
   3.3955900e-02
   3.2811400e-02
   3.2174500e-02
   3.1653700e-02
   3.0219000e-02
   2.8793300e-02
   2.7583500e-02
   2.6245800e-02
   2.4746100e-02
   2.2823900e-02
   2.0794000e-02
   1.9427100e-02
   1.8107300e-02
   1.6544000e-02
   1.5577200e-02
   1.4737400e-02
   1.3713800e-02
   1.3568100e-02
   1.3120400e-02
   1.2385700e-02
   1.2657500e-02
   1.2509300e-02
   1.1798400e-02
   1.1654000e-02
   1.1437200e-02
   1.0892300e-02
   1.0915900e-02
   1.0783000e-02
   1.0825600e-02
   1.0848200e-02
   1.0056800e-02
   1.0275600e-02
   1.0796600e-02
   1.0786200e-02
   1.0534000e-02
   9.8656800e-03
   9.2777300e-03
   8.4236500e-03
   8.0949200e-03
   8.0617800e-03
   7.6152300e-03
   7.7987800e-03
   7.5976500e-03
   6.8817200e-03
   7.1893800e-03
   6.9131900e-03
   5.7654200e-03
   6.1807100e-03
   6.3297100e-03
   5.2235100e-03
   5.2612700e-03
   5.3258800e-03
   4.7243000e-03
   4.6702500e-03
   4.3230100e-03
   3.7707200e-03
   3.2353000e-03
   1.7971200e-03
   9.7804600e-04
   1.0365700e-03
   6.0355100e-08
  -4.2152600e-04
  -6.9164500e-04
  -1.7528600e-03
  -2.0273800e-03
  -3.0536200e-03
  -4.3852700e-03
  -5.4220100e-03
  -6.2193900e-03
  -6.8637500e-03
  -8.0097400e-03
  -9.4912700e-03
  -1.0545000e-02
  -1.1001600e-02
  -1.2142600e-02
  -1.3229600e-02
  -1.4067700e-02
  -1.5114300e-02
  -1.5918900e-02
  -1.6525100e-02
  -1.7139000e-02
  -1.7697200e-02
  -1.8298700e-02
  -1.9133400e-02
  -1.9446400e-02
  -1.9857300e-02
  -2.0686000e-02
  -2.0781500e-02
  -2.0726800e-02
  -2.0480000e-02
  -2.0279600e-02
  -1.9843200e-02
  -1.9608000e-02
  -1.9600300e-02
  -1.8753900e-02
  -1.8531600e-02
  -1.8360100e-02
  -1.7640500e-02
  -1.7179300e-02
  -1.7089500e-02
  -1.6930000e-02
  -1.6065500e-02
  -1.5255600e-02
  -1.4702000e-02
  -1.3523300e-02
  -1.2511500e-02
  -1.1367900e-02
  -9.5610900e-03
  -8.1183300e-03
  -6.6567900e-03
  -5.0522800e-03
  -3.3427700e-03
  -1.6791200e-03
  -4.0674800e-04
   9.2071600e-04
   2.0903200e-03
   3.0304000e-03
   3.9814700e-03
   4.9768200e-03
   5.7972600e-03
   6.1067500e-03
   6.5485300e-03
   7.7120400e-03
   7.8954400e-03
   7.3437800e-03
   7.5221000e-03
   7.5087700e-03
   6.9129500e-03
   6.3984100e-03
   6.5323600e-03
   6.0495400e-03
   5.2950400e-03
   5.2357200e-03
   4.8174100e-03
   3.8175200e-03
   2.8241200e-03
   2.0786000e-03
   1.3238900e-03
   9.5250700e-04
   5.5633000e-04
  -5.3541100e-05
  -4.8018700e-04
  -1.3998600e-03
  -2.5005900e-03
  -3.5083000e-03
  -4.9932200e-03
  -6.6604000e-03
  -8.2470100e-03
  -1.0038100e-02
  -1.2012800e-02
  -1.3992200e-02
  -1.6097400e-02
  -1.7679500e-02
  -1.8698000e-02
  -2.0286200e-02
  -2.1940400e-02
  -2.2702800e-02
  -2.4075500e-02
  -2.5799500e-02
  -2.5759300e-02
  -2.5805700e-02
  -2.6623500e-02
  -2.6970900e-02
  -2.7100400e-02
  -2.7648100e-02
  -2.8243200e-02
  -2.8567700e-02
  -2.8872600e-02
  -2.8216800e-02
  -2.7712100e-02
  -2.7478300e-02
  -2.6361500e-02
  -2.5653300e-02
  -2.5312200e-02
  -2.3867400e-02
  -2.1709900e-02
  -2.0297000e-02
  -1.8620200e-02
  -1.6314400e-02
  -1.4251900e-02
  -1.2054200e-02
  -9.9603500e-03
  -7.5570100e-03
  -5.1271400e-03
  -2.9752600e-03
  -8.7948000e-04
   1.7007100e-03
   4.0964300e-03
   5.6481800e-03
   7.8521700e-03
   9.7770600e-03
   1.1178800e-02
   1.2930500e-02
   1.5373100e-02
   1.7118300e-02
   1.8156700e-02
   1.9944300e-02
   2.1183200e-02
   2.1715300e-02
   2.2445400e-02
   2.3506300e-02
   2.4180800e-02
   2.4635300e-02
   2.5021600e-02
   2.5208600e-02
   2.5159100e-02
   2.4536600e-02
   2.4106700e-02
   2.3965100e-02
   2.3869900e-02
   2.3726100e-02
   2.3234600e-02
   2.2863200e-02
   2.1785700e-02
   2.0346000e-02
   1.9582000e-02
   1.8597600e-02
   1.7690800e-02
   1.6861900e-02
   1.6490800e-02
   1.6459600e-02
   1.6050600e-02
   1.5878600e-02
   1.5743800e-02
   1.6337800e-02
   1.6774000e-02
   1.6370600e-02
   1.6817900e-02
   1.7394400e-02
   1.7663600e-02
   1.8218700e-02
   1.8368400e-02
   1.8569500e-02
   1.9290700e-02
   1.9528600e-02
   1.9051600e-02
   1.8564900e-02
   1.8047600e-02
   1.7378400e-02
   1.7047500e-02
   1.6372900e-02
   1.6119200e-02
   1.6373800e-02
   1.6100200e-02
   1.6136000e-02
   1.6695100e-02
   1.7147400e-02
   1.7381400e-02
   1.8314600e-02
   1.9554000e-02
   2.0519600e-02
   2.1333900e-02
   2.1761600e-02
   2.2519500e-02
   2.3204800e-02
   2.3138500e-02
   2.3230000e-02
   2.3584700e-02
   2.3888700e-02
   2.4120900e-02
   2.4338400e-02
   2.4906200e-02
   2.4990400e-02
   2.4906300e-02
   2.5598600e-02
   2.5666800e-02
   2.5444000e-02
   2.5848700e-02
   2.6034100e-02
   2.6083400e-02
   2.6244300e-02
   2.6257700e-02
   2.6540900e-02
   2.6786500e-02
   2.6777800e-02
   2.7327000e-02
   2.7707100e-02
   2.7325200e-02
   2.7878200e-02
   2.8499900e-02
   2.8249800e-02
   2.8770100e-02
   2.8627100e-02
   2.7944900e-02
   2.8051000e-02
   2.7638300e-02
   2.7383000e-02
   2.6826300e-02
   2.5748300e-02
   2.5857300e-02
   2.5356500e-02
   2.4232500e-02
   2.3328600e-02
   2.2253800e-02
   2.1638500e-02
   2.0067300e-02
   1.8481300e-02
   1.7818800e-02
   1.6196300e-02
   1.4562700e-02
   1.3668300e-02
   1.2584200e-02
   1.1682500e-02
   1.0728600e-02
   9.6788800e-03
   9.3026100e-03
   9.1645300e-03
   8.9576100e-03
   8.8894600e-03
   8.9115000e-03
   9.1439200e-03
   9.6461000e-03
   9.9357900e-03
   1.0425300e-02
   1.0700900e-02
   1.0877700e-02
   1.1911000e-02
   1.2808000e-02
   1.3612100e-02
   1.4386500e-02
   1.5115800e-02
   1.6222000e-02
   1.7303700e-02
   1.7744800e-02
   1.8370200e-02
   1.9767900e-02
   2.0961300e-02
   2.1505600e-02
   2.1871500e-02
   2.3019000e-02
   2.3655700e-02
   2.4232600e-02
   2.5708000e-02
   2.5642900e-02
   2.5610400e-02
   2.6360700e-02
   2.5856800e-02
   2.5600100e-02
   2.5332100e-02
   2.5319100e-02
   2.6236900e-02
   2.5773400e-02
   2.5404100e-02
   2.5770200e-02
   2.5563300e-02
   2.5571500e-02
   2.5164500e-02
   2.4635500e-02
   2.4632600e-02
   2.4172600e-02
   2.3642200e-02
   2.3300700e-02
   2.2683700e-02
   2.2342800e-02
   2.1598400e-02
   2.0496800e-02
   1.8958900e-02
   1.7445900e-02
   1.6682000e-02
   1.5786700e-02
   1.5041300e-02
   1.4301000e-02
   1.4028700e-02
   1.3511500e-02
   1.2183200e-02
   1.0741500e-02
   9.8319700e-03
   9.7083800e-03
   9.2132700e-03
   8.6833500e-03
   8.5571900e-03
   8.4253500e-03
   8.4814300e-03
   8.5384900e-03
   8.9153800e-03
   9.2839200e-03
   8.9560800e-03
   9.1077000e-03
   9.2771000e-03
   9.1318300e-03
   9.0914100e-03
   9.0584500e-03
   9.0332400e-03
   8.8253300e-03
   9.0335800e-03
   9.0889000e-03
   8.7169100e-03
   8.4814700e-03
   8.3013800e-03
   8.5157900e-03
   8.3947200e-03
   7.9773600e-03
   7.6747300e-03
   6.8299400e-03
   6.6168300e-03
   6.4062000e-03
   5.5487700e-03
   4.9517100e-03
   4.1150100e-03
   3.4939600e-03
   3.0809600e-03
   2.5816500e-03
   2.2100600e-03
   1.6942900e-03
   1.1790500e-03
   1.2518600e-03
   1.4853900e-03
   7.9550300e-04
   3.0533000e-04
   1.7687300e-05
  -8.3739700e-04
  -1.3136700e-03
  -1.8924200e-03
  -2.3617600e-03
  -2.6575800e-03
  -3.3004300e-03
  -3.8195400e-03
  -4.3904200e-03
  -4.4431500e-03
  -4.7031000e-03
  -5.7952100e-03
  -6.0693000e-03
  -6.5416100e-03
  -7.4106100e-03
  -7.5222800e-03
  -8.2240400e-03
  -8.7560400e-03
  -8.7907400e-03
  -9.7583400e-03
  -1.0042300e-02
  -9.6219000e-03
  -9.7421800e-03
  -9.5383100e-03
  -9.4826400e-03
  -9.7128900e-03
  -9.4816700e-03
  -8.8245800e-03
  -8.7959700e-03
  -8.7581300e-03
  -7.8472500e-03
  -7.5110200e-03
  -6.6971600e-03
  -5.6075200e-03
  -5.5663800e-03
  -4.8022300e-03
  -3.7107100e-03
  -3.2835000e-03
  -2.0992100e-03
  -9.8152100e-04
  -7.3116500e-04
  -6.1928100e-05
   7.1730700e-04
   1.2502600e-03
   1.7011400e-03
   2.3398000e-03
   2.8628300e-03
   2.3438500e-03
   2.6550400e-03
   3.7741400e-03
   3.9557600e-03
   4.8288400e-03
   6.4925500e-03
   7.2574100e-03
   7.4093900e-03
   7.7404000e-03
   8.5610500e-03
   9.2693100e-03
   9.3288300e-03
   9.1713400e-03
   9.3784400e-03
   9.7037900e-03
   9.2247800e-03
   8.6616800e-03
   8.5829700e-03
   8.1801600e-03
   7.5480300e-03
   7.3162200e-03
   6.6947700e-03
   5.9480700e-03
   5.6462700e-03
   5.2726600e-03
   4.4199700e-03
   3.4684000e-03
   3.0036300e-03
   2.1566100e-03
   8.7437500e-04
   4.3461900e-04
  -3.0254900e-04
  -1.8333100e-03
  -2.2821200e-03
  -2.9000700e-03
  -3.9976800e-03
  -4.3975200e-03
  -5.1607200e-03
  -6.1891600e-03
  -6.6557300e-03
  -7.0742100e-03
  -7.5314000e-03
  -7.9836100e-03
  -7.9467800e-03
  -7.6447400e-03
  -7.7290100e-03
  -7.8013300e-03
  -8.0819900e-03
  -8.1987200e-03
  -7.9328400e-03
  -7.9848500e-03
  -8.3937200e-03
  -8.2234000e-03
  -7.9792100e-03
  -8.4788900e-03
  -8.9079000e-03
  -8.7395000e-03
  -8.6845700e-03
  -9.3247500e-03
  -9.4805100e-03
  -9.6341700e-03
  -1.0111200e-02
  -1.0139500e-02
  -1.0808400e-02
  -1.1547700e-02
  -1.1692000e-02
  -1.2124400e-02
  -1.2894000e-02
  -1.3168300e-02
  -1.2773400e-02
  -1.3241100e-02
  -1.3693300e-02
  -1.3369500e-02
  -1.3061500e-02
  -1.2132100e-02
  -1.1143100e-02
  -1.0336600e-02
  -9.6398800e-03
  -8.8288200e-03
  -7.8973000e-03
  -7.3617400e-03
  -6.3038200e-03
  -5.1281100e-03
  -4.4294100e-03
  -3.9632900e-03
  -3.7620500e-03
  -3.6797800e-03
  -4.0978800e-03
  -4.6494300e-03
  -5.5097100e-03
  -6.8648700e-03
  -8.3129800e-03
  -9.5088200e-03
  -1.0565400e-02
  -1.2392800e-02
  -1.3607400e-02
  -1.4457000e-02
  -1.6114200e-02
  -1.6907100e-02
  -1.7748500e-02
  -1.9114500e-02
  -1.9665100e-02
  -1.9631200e-02
  -1.9444300e-02
  -1.9631800e-02
  -1.9599800e-02
  -1.9352500e-02
  -1.9610600e-02
  -1.9931000e-02
  -1.9866600e-02
  -1.9635800e-02
  -1.9350600e-02
  -1.9099600e-02
  -1.8954400e-02
  -1.8273800e-02
  -1.7925600e-02
  -1.7822400e-02
  -1.7466100e-02
  -1.7136200e-02
  -1.6764000e-02
  -1.6985200e-02
  -1.6985600e-02
  -1.6836600e-02
  -1.7430400e-02
  -1.7953300e-02
  -1.8292800e-02
  -1.8924000e-02
  -1.9528200e-02
  -1.9846700e-02
  -2.0100700e-02
  -2.0695300e-02
  -2.1250500e-02
  -2.1419000e-02
  -2.1505100e-02
  -2.1820500e-02
  -2.1833600e-02
  -2.1202300e-02
  -2.0840200e-02
  -2.0346800e-02
  -1.9333200e-02
  -1.8624300e-02
  -1.7808500e-02
  -1.6593300e-02
  -1.4826000e-02
  -1.3051500e-02
  -1.2023400e-02
  -1.0405800e-02
  -8.5794700e-03
  -7.5053500e-03
  -6.3227300e-03
  -5.1212800e-03
  -4.3582100e-03
  -3.2678600e-03
  -2.1311000e-03
  -1.9758300e-03
  -1.8001000e-03
  -1.1094100e-03
  -8.3183900e-04
  -1.2148700e-03
  -1.5800700e-03
  -1.5705400e-03
  -1.8979700e-03
  -2.7283400e-03
  -3.6212700e-03
  -3.9672000e-03
  -4.3282200e-03
  -5.3829900e-03
  -6.2888000e-03
  -6.6283200e-03
  -6.6008900e-03
  -6.6420500e-03
  -6.8332700e-03
  -6.7619800e-03
  -6.4257500e-03
  -6.0590200e-03
  -5.5288800e-03
  -5.1480000e-03
  -5.0354700e-03
  -5.1753600e-03
  -5.4394100e-03
  -5.5002800e-03
  -5.6849600e-03
  -5.5211600e-03
  -5.1041800e-03
  -4.9922300e-03
  -4.6146700e-03
  -4.4450500e-03
  -4.2550100e-03
  -3.5728100e-03
  -2.9852400e-03
  -2.1279800e-03
  -1.0151500e-03
   9.7346500e-05
   1.3973700e-03
   3.2920900e-03
   4.7062500e-03
   5.7472800e-03
   7.5453600e-03
   9.0992300e-03
   1.0343900e-02
   1.1637300e-02
   1.2864900e-02
   1.4198500e-02
   1.5951900e-02
   1.7478600e-02
   1.8364000e-02
   1.9410700e-02
   2.0176000e-02
   2.0609600e-02
   2.1076000e-02
   2.1401500e-02
   2.2000700e-02
   2.2465500e-02
   2.2931400e-02
   2.3666300e-02
   2.4552500e-02
   2.5365000e-02
   2.5938800e-02
   2.7125500e-02
   2.7717900e-02
   2.8046100e-02
   2.9515200e-02
   3.0000000e-02
   3.0378800e-02
   3.1629000e-02
   3.2027800e-02
   3.2112900e-02
   3.2375700e-02
   3.2593100e-02
   3.2507800e-02
   3.2540700e-02
   3.2887500e-02
   3.2436400e-02
   3.2217000e-02
   3.2484900e-02
   3.1910400e-02
   3.1810400e-02
   3.1797100e-02
   3.1025800e-02
   3.0847600e-02
   3.0706600e-02
   3.0213200e-02
   2.9897500e-02
   2.9038300e-02
   2.8170500e-02
   2.7602700e-02
   2.6584900e-02
   2.5865500e-02
   2.5413700e-02
   2.4650900e-02
   2.4311800e-02
   2.4165600e-02
   2.3590400e-02
   2.2980800e-02
   2.2638900e-02
   2.2554300e-02
   2.2385700e-02
   2.2276800e-02
   2.2262000e-02
   2.2260500e-02
   2.2454600e-02
   2.2428500e-02
   2.1923600e-02
   2.1823100e-02
   2.1827900e-02
   2.1123700e-02
   2.0695700e-02
   2.0046100e-02
   1.8962400e-02
   1.8457600e-02
   1.7906400e-02
   1.7078600e-02
   1.6567800e-02
   1.6287200e-02
   1.5711500e-02
   1.5239500e-02
   1.4805800e-02
   1.3978900e-02
   1.3374900e-02
   1.2330600e-02
   1.0854900e-02
   9.8294400e-03
   8.7112300e-03
   7.4199600e-03
   5.9790300e-03
   4.4766400e-03
   2.9027700e-03
   1.4787300e-03
   1.7275200e-04
  -1.5626900e-03
  -2.8090300e-03
  -3.6056700e-03
  -4.5443100e-03
  -5.4552300e-03
  -6.5341700e-03
  -7.3142500e-03
  -7.6546200e-03
  -8.3613400e-03
  -8.7420600e-03
  -8.9305800e-03
  -9.6831200e-03
  -1.0058500e-02
  -9.9523100e-03
  -9.6482700e-03
  -9.3715100e-03
  -9.4561500e-03
  -9.8251800e-03
  -9.9780400e-03
  -1.0156600e-02
  -1.0464500e-02
  -1.0499600e-02
  -1.0599900e-02
  -1.0674800e-02
  -1.0492000e-02
  -1.0287200e-02
  -1.0123500e-02
  -9.9325100e-03
  -9.7192100e-03
  -9.5564400e-03
  -9.4053400e-03
  -9.0538200e-03
  -8.9040900e-03
  -9.0216000e-03
  -9.0124800e-03
  -8.7585400e-03
  -8.6968300e-03
  -8.9170200e-03
  -8.7263900e-03
  -8.7625000e-03
  -9.1033700e-03
  -8.9156700e-03
  -8.4594300e-03
  -8.5105800e-03
  -8.7604700e-03
  -8.7076800e-03
  -8.8488800e-03
  -9.0001300e-03
  -9.4791800e-03
  -9.9100000e-03
  -1.0273100e-02
  -1.0570300e-02
  -1.0868800e-02
  -1.1517600e-02
  -1.1534200e-02
  -1.1542800e-02
  -1.1458900e-02
  -1.1702400e-02
  -1.2095800e-02
  -1.1641000e-02
  -1.1270200e-02
  -1.1528300e-02
  -1.1892100e-02
  -1.1634100e-02
  -1.1740000e-02
  -1.2323200e-02
  -1.2575700e-02
  -1.2731400e-02
  -1.3087200e-02
  -1.3673800e-02
  -1.4263800e-02
  -1.4521200e-02
  -1.4698800e-02
  -1.5112900e-02
  -1.5403500e-02
  -1.5400100e-02
  -1.5424900e-02
  -1.5702400e-02
  -1.5711900e-02
  -1.5603400e-02
  -1.5481200e-02
  -1.5398400e-02
  -1.5635900e-02
  -1.5590900e-02
  -1.5387100e-02
  -1.5356800e-02
  -1.4916500e-02
  -1.4562000e-02
  -1.5092700e-02
  -1.5539700e-02
  -1.5560700e-02
  -1.5552200e-02
  -1.5636600e-02
  -1.5776200e-02
  -1.5578200e-02
  -1.5209200e-02
  -1.5193300e-02
  -1.5400600e-02
  -1.5159500e-02
  -1.4819200e-02
  -1.5052300e-02
  -1.5195000e-02
  -1.4846400e-02
  -1.4797400e-02
  -1.4869700e-02
  -1.4854700e-02
  -1.4962500e-02
  -1.5076600e-02
  -1.5223900e-02
  -1.5064200e-02
  -1.5387800e-02
  -1.5547800e-02
  -1.5150600e-02
  -1.5346000e-02
  -1.5021000e-02
  -1.4508500e-02
  -1.4417400e-02
  -1.4648700e-02
  -1.5048500e-02
  -1.5013500e-02
  -1.5241500e-02
  -1.5728500e-02
  -1.5987900e-02
  -1.6217300e-02
  -1.6890000e-02
  -1.7474000e-02
  -1.7695000e-02
  -1.8438000e-02
  -1.9179100e-02
  -1.9739800e-02
  -2.0548200e-02
  -2.1499100e-02
  -2.2024200e-02
  -2.2235200e-02
  -2.2925300e-02
