   1.3449200e-01
   1.2834900e-01
   1.2511500e-01
   1.2802000e-01
   1.3310000e-01
   1.3556800e-01
   1.3278900e-01
   1.2421700e-01
   1.0910600e-01
   8.7080500e-02
   6.0078700e-02
   3.2293900e-02
   7.0822600e-03
  -1.6326800e-02
  -3.9224500e-02
  -6.0677500e-02
  -7.9948900e-02
  -9.8241200e-02
  -1.1672100e-01
  -1.3140600e-01
  -1.3711500e-01
  -1.3510400e-01
  -1.3060700e-01
  -1.2673900e-01
  -1.2238800e-01
  -1.1392700e-01
  -9.7013200e-02
  -6.5309100e-02
  -1.5452100e-02
   4.0432300e-02
   8.3307300e-02
   1.0990600e-01
   1.3204100e-01
   1.5907000e-01
   1.8872700e-01
   2.1416800e-01
   2.3181300e-01
   2.3922100e-01
   2.3688900e-01
   2.3234800e-01
   2.3153700e-01
   2.3081800e-01
   2.2633100e-01
   2.2196300e-01
   2.1892900e-01
   1.9932400e-01
   1.3867800e-01
   5.1841700e-02
  -1.2073100e-02
  -3.2067000e-02
  -3.2760800e-02
  -4.5392500e-02
  -7.3902300e-02
  -1.0432600e-01
  -1.2917700e-01
  -1.5023700e-01
  -1.7030700e-01
  -1.8724300e-01
  -1.9626300e-01
  -1.9569900e-01
  -1.8674400e-01
  -1.7069600e-01
  -1.4836700e-01
  -1.2161000e-01
  -9.6476500e-02
  -7.8774100e-02
  -6.3469000e-02
  -3.8671900e-02
   3.6183700e-04
   4.5875900e-02
   8.2336500e-02
   9.7470500e-02
   8.8147700e-02
   5.8505900e-02
   1.9894900e-02
  -1.3479300e-02
  -3.5882100e-02
  -5.1437200e-02
  -6.3715900e-02
  -7.0243500e-02
  -6.6992600e-02
  -5.3740600e-02
  -3.5109900e-02
  -1.8225800e-02
  -7.7695100e-03
  -8.7506400e-04
   1.0124600e-02
   2.6143200e-02
   4.1205600e-02
   5.3755800e-02
   6.5042200e-02
   7.2610500e-02
   7.5819300e-02
   8.2270600e-02
   1.0231900e-01
   1.3886100e-01
   1.8270500e-01
   2.1582800e-01
   2.2887500e-01
   2.3121100e-01
   2.3360900e-01
   2.3584600e-01
   2.3269400e-01
   2.2067500e-01
   1.9826900e-01
   1.6277200e-01
   1.1569300e-01
   6.6752100e-02
   2.5429900e-02
  -4.7691000e-03
  -2.7252500e-02
  -4.5953300e-02
  -5.9212800e-02
  -6.9858900e-02
  -8.5160500e-02
  -1.0564900e-01
  -1.2923900e-01
  -1.5384400e-01
  -1.7228700e-01
  -1.7397400e-01
  -1.5310600e-01
  -1.1564800e-01
  -7.0851400e-02
  -2.2276100e-02
   2.3247900e-02
   5.4934700e-02
   7.1690700e-02
   8.1383700e-02
   8.5757400e-02
   7.8088500e-02
   5.5404300e-02
   2.2504300e-02
  -1.3441200e-02
  -4.8802400e-02
  -8.8447500e-02
  -1.3723800e-01
  -1.8513100e-01
  -2.1845200e-01
  -2.3806600e-01
  -2.5070900e-01
  -2.5769400e-01
  -2.5346800e-01
  -2.2552800e-01
  -1.6316500e-01
  -6.9711000e-02
   3.1566200e-02
   1.0445400e-01
   1.3262700e-01
   1.3971700e-01
   1.5370600e-01
   1.7459800e-01
   1.9189400e-01
   2.0702300e-01
   2.2763300e-01
   2.5357500e-01
   2.7488300e-01
   2.7933000e-01
   2.6292400e-01
   2.3622100e-01
   2.1565600e-01
   2.0573000e-01
   1.9882200e-01
   1.8829300e-01
   1.7183400e-01
   1.4341100e-01
   9.9932300e-02
   5.2181600e-02
   4.8486700e-03
  -4.4900700e-02
  -8.5662700e-02
  -1.0160300e-01
  -8.9220200e-02
  -5.8905200e-02
  -3.0153600e-02
  -1.8986100e-02
  -3.0121900e-02
  -5.8702300e-02
  -9.1256000e-02
  -1.1359100e-01
  -1.2390700e-01
  -1.2930400e-01
  -1.3602100e-01
  -1.4959400e-01
  -1.7499500e-01
  -2.0970700e-01
  -2.4075200e-01
  -2.5776100e-01
  -2.6382300e-01
  -2.6396800e-01
  -2.5349700e-01
  -2.2710500e-01
  -1.8774300e-01
  -1.4051100e-01
  -8.5693000e-02
  -2.6699500e-02
   2.3169400e-02
   5.4517400e-02
   7.1611100e-02
   8.4719800e-02
   1.0093500e-01
   1.2148200e-01
   1.4143900e-01
   1.5027600e-01
   1.3954600e-01
   1.1157100e-01
   7.8287200e-02
   5.3987500e-02
   4.8796600e-02
   6.2946800e-02
   8.9282800e-02
   1.2589600e-01
   1.7934000e-01
   2.3695100e-01
   2.6287600e-01
   2.5609200e-01
   2.5304300e-01
   2.6399800e-01
   2.7071200e-01
   2.6655400e-01
   2.6041900e-01
   2.5788300e-01
   2.5654900e-01
   2.4944300e-01
   2.1985300e-01
   1.4687500e-01
   3.6536200e-02
  -7.1345600e-02
  -1.4994000e-01
  -2.1016100e-01
  -2.6883200e-01
  -3.2320500e-01
  -3.6169900e-01
  -3.8605500e-01
  -4.0870200e-01
  -4.2974300e-01
  -4.3748800e-01
  -4.3097500e-01
  -4.2565400e-01
  -4.3169100e-01
  -4.3507900e-01
  -4.0869700e-01
  -3.3686700e-01
  -2.2892800e-01
  -1.1797100e-01
  -3.7922300e-02
   3.3863900e-03
   1.4794800e-02
  -1.8172800e-03
  -3.8496500e-02
  -6.8728000e-02
  -7.8923700e-02
  -8.9040500e-02
  -1.2171400e-01
  -1.6509000e-01
  -1.8863000e-01
  -1.8503700e-01
  -1.6371300e-01
  -1.2600000e-01
  -7.7572300e-02
  -3.4426300e-02
  -3.8092500e-03
   1.9963300e-02
   4.5301900e-02
   7.6097500e-02
   1.1072200e-01
   1.4182500e-01
   1.6040900e-01
   1.6811600e-01
   1.7354000e-01
   1.7947300e-01
   1.8521700e-01
   1.9505300e-01
   2.1643800e-01
   2.4953000e-01
   2.8276400e-01
   2.9916300e-01
   2.9166300e-01
   2.6147400e-01
   2.0211000e-01
   1.2196700e-01
   5.2194700e-02
   1.7126800e-03
  -4.3445600e-02
  -8.4877100e-02
  -1.1476000e-01
  -1.3096100e-01
  -1.3873600e-01
  -1.4657500e-01
  -1.5757500e-01
  -1.6885500e-01
  -1.7992400e-01
  -1.9177200e-01
  -1.9936100e-01
  -1.9722700e-01
  -1.8836800e-01
  -1.7899500e-01
  -1.7089700e-01
  -1.6290000e-01
  -1.5627600e-01
  -1.5490500e-01
  -1.5909600e-01
  -1.6477900e-01
  -1.7125500e-01
  -1.8240800e-01
  -1.9632400e-01
  -2.0455100e-01
  -2.0269900e-01
  -1.9330900e-01
  -1.8211100e-01
  -1.7201900e-01
  -1.6268600e-01
  -1.5629600e-01
  -1.5434400e-01
  -1.4924600e-01
  -1.3055400e-01
  -9.9216500e-02
  -6.4900700e-02
  -3.0737400e-02
   6.7431500e-03
   4.3294400e-02
   6.7384600e-02
   7.7856300e-02
   8.5425900e-02
   9.5188600e-02
   1.0571400e-01
   1.2189300e-01
   1.4979300e-01
   1.8316400e-01
   2.0883600e-01
   2.2149100e-01
   2.2599000e-01
   2.2455500e-01
   2.1321800e-01
   1.9207600e-01
   1.6455400e-01
   1.3541000e-01
   1.1172400e-01
   9.6752600e-02
   8.6660800e-02
   7.2632800e-02
   4.6093100e-02
   8.0442200e-03
  -2.9120500e-02
  -5.8189800e-02
  -8.1954500e-02
  -1.0091000e-01
  -1.1781500e-01
  -1.4063000e-01
  -1.6750800e-01
  -1.8536500e-01
  -1.8778300e-01
  -1.8059600e-01
  -1.7076000e-01
  -1.6038300e-01
  -1.5308500e-01
  -1.5963100e-01
  -1.8926100e-01
  -2.4082900e-01
  -2.9966400e-01
  -3.4003500e-01
  -3.4574300e-01
  -3.1949000e-01
  -2.6460500e-01
  -1.8421700e-01
  -9.7077900e-02
  -2.3471700e-02
   2.7710800e-02
   5.6203900e-02
   7.9117400e-02
   1.1464100e-01
   1.5798500e-01
   1.9233800e-01
   2.0879000e-01
   2.0860200e-01
   1.9376200e-01
   1.6681600e-01
   1.3530100e-01
   1.1282900e-01
   1.1167800e-01
   1.2877900e-01
   1.5029700e-01
   1.7074500e-01
   1.9321100e-01
   2.1559200e-01
   2.3248300e-01
   2.4284300e-01
   2.5043800e-01
   2.5995600e-01
   2.7126800e-01
   2.7934800e-01
   2.8101300e-01
   2.7996800e-01
   2.8030900e-01
   2.8187100e-01
   2.8420200e-01
   2.8398800e-01
   2.7165000e-01
   2.3790400e-01
   1.8109400e-01
   1.1007600e-01
   4.6086300e-02
   1.1441700e-02
   5.0402800e-03
   5.3866900e-03
   4.1155100e-04
  -6.7067800e-03
  -1.2240500e-02
  -1.3739300e-02
  -7.9333400e-03
   3.6904900e-03
   1.3460800e-02
   1.1570700e-02
  -4.7458000e-03
  -2.7202600e-02
  -4.6356000e-02
  -5.5412800e-02
  -5.1869700e-02
  -4.4076500e-02
  -4.4308800e-02
  -5.5240900e-02
  -7.0087900e-02
  -8.1392600e-02
  -8.4167100e-02
  -7.6001200e-02
  -6.1181200e-02
  -4.9364800e-02
  -4.6234700e-02
  -5.0813700e-02
  -5.8924000e-02
  -6.4503300e-02
  -6.0439200e-02
  -4.3012000e-02
  -1.5083400e-02
   1.7238900e-02
   4.8066800e-02
   7.3875200e-02
   9.5069600e-02
   1.1522700e-01
   1.3885400e-01
   1.6708100e-01
   1.9692100e-01
   2.2795100e-01
   2.6036000e-01
   2.8458300e-01
   2.9183700e-01
   2.9006800e-01
   2.9063600e-01
   2.9370700e-01
   2.9456300e-01
   2.8937900e-01
   2.6826900e-01
   2.1163200e-01
   1.1589600e-01
   1.6637400e-02
  -4.8340600e-02
  -8.1936100e-02
  -1.0674100e-01
  -1.3174000e-01
  -1.5413300e-01
  -1.7112800e-01
  -1.8239500e-01
  -1.9062300e-01
  -1.9908700e-01
  -2.0591100e-01
  -2.0481600e-01
  -1.9256600e-01
  -1.7108000e-01
  -1.4152000e-01
  -1.0166800e-01
  -4.8893400e-02
   9.4284200e-03
   5.7775200e-02
   9.0589800e-02
   1.1425500e-01
   1.3650000e-01
   1.6009300e-01
   1.8400900e-01
   2.0709500e-01
   2.2826700e-01
   2.4767100e-01
   2.6298900e-01
   2.6813900e-01
   2.6459800e-01
   2.6206000e-01
   2.6387000e-01
   2.6630400e-01
   2.6926100e-01
   2.7811800e-01
   2.9343100e-01
   2.9883200e-01
   2.7461000e-01
   2.1970300e-01
   1.4756800e-01
   7.1866600e-02
   9.3694500e-03
  -2.5740200e-02
  -4.1179500e-02
  -5.1281000e-02
  -5.6482100e-02
  -5.5795800e-02
  -5.9504000e-02
  -7.7924700e-02
  -1.1067800e-01
  -1.5037100e-01
  -1.9228900e-01
  -2.4049100e-01
  -2.9433000e-01
  -3.4261200e-01
  -3.7834500e-01
  -4.0305400e-01
  -4.1997200e-01
  -4.3359300e-01
  -4.5231900e-01
  -4.8018300e-01
  -5.0990600e-01
  -5.2851900e-01
  -5.2262000e-01
  -4.8759900e-01
  -4.3627100e-01
  -3.8719600e-01
  -3.5019800e-01
  -3.2472000e-01
  -3.0225000e-01
  -2.7391200e-01
  -2.3621400e-01
  -1.9418600e-01
  -1.4068300e-01
  -8.2259100e-02
  -1.0812600e-01
  -2.2924800e-01
  -2.7867900e-01
  -1.9319200e-01
  -9.4733100e-02
  -6.0626900e-02
  -5.5575100e-02
  -3.0918700e-02
   9.6832200e-03
   4.1447900e-02
   6.3876900e-02
   8.8748400e-02
   1.2018700e-01
   1.5249600e-01
   1.8140500e-01
   2.1197400e-01
   2.4594000e-01
   2.8153000e-01
   3.3148500e-01
   3.9495000e-01
   4.2818600e-01
   4.2468100e-01
   4.3363600e-01
   4.5081900e-01
   4.2845300e-01
   3.7221300e-01
   3.3469500e-01
   3.3783300e-01
   3.4644000e-01
   3.1916800e-01
   2.5400500e-01
   1.7739000e-01
   1.1330100e-01
   7.1437200e-02
   4.8365200e-02
   3.5404000e-02
   2.9199600e-02
   2.8345400e-02
   2.6416200e-02
   2.0077400e-02
   1.3510400e-02
   6.7918600e-03
  -7.7495100e-03
  -3.1435800e-02
  -5.2617800e-02
  -6.3856200e-02
  -7.1617600e-02
  -8.1067300e-02
  -8.7327800e-02
  -8.7317200e-02
  -8.5099900e-02
  -8.6362700e-02
  -9.4343000e-02
  -1.0549100e-01
  -1.1503500e-01
  -1.2453100e-01
  -1.3788200e-01
  -1.5328800e-01
  -1.6409900e-01
  -1.7109300e-01
  -1.8246400e-01
  -1.9921800e-01
  -2.1507400e-01
  -2.2801300e-01
  -2.4063300e-01
  -2.5419200e-01
  -2.6729800e-01
  -2.8090300e-01
  -3.0144700e-01
  -3.3303300e-01
  -3.6865400e-01
  -3.9507200e-01
  -4.0516200e-01
  -3.9972700e-01
  -3.7885100e-01
  -3.4243800e-01
  -2.9456800e-01
  -2.3282400e-01
  -1.5332900e-01
  -7.4301800e-02
  -1.9463400e-02
   1.2642200e-02
   3.5512300e-02
   5.4599300e-02
   7.0273000e-02
   8.4597200e-02
   1.0081400e-01
   1.2026800e-01
   1.4059500e-01
   1.5693300e-01
   1.6724400e-01
   1.7333800e-01
   1.7788200e-01
   1.8528400e-01
   1.9969900e-01
   2.2147900e-01
   2.4776200e-01
   2.7035000e-01
   2.8090000e-01
   2.8044600e-01
   2.7541100e-01
   2.7189800e-01
   2.7480700e-01
   2.8844000e-01
   3.1610800e-01
   3.5575100e-01
   3.9250000e-01
   3.9075000e-01
   3.2970200e-01
   2.4732300e-01
   1.9194900e-01
   1.6548400e-01
   1.4711100e-01
   1.2782700e-01
   1.1126400e-01
   9.7139100e-02
   7.8585700e-02
   5.4264100e-02
   3.0048900e-02
   1.2703700e-02
   2.4990000e-03
  -8.8577700e-03
  -2.8708900e-02
  -5.5322300e-02
  -7.9392600e-02
  -9.6988400e-02
  -1.1720800e-01
  -1.4797800e-01
  -1.8265900e-01
  -2.1200500e-01
  -2.4060600e-01
  -2.7340400e-01
  -3.0370000e-01
  -3.2899100e-01
  -3.5514300e-01
  -3.8204800e-01
  -3.9990000e-01
  -4.0227200e-01
  -3.9896900e-01
  -4.0780600e-01
  -4.3230700e-01
  -4.5575800e-01
  -4.6089600e-01
  -4.4671000e-01
  -4.2121800e-01
  -3.8741300e-01
  -3.4133600e-01
  -2.8260000e-01
  -2.2841000e-01
  -2.0626400e-01
  -2.1510000e-01
  -2.1771700e-01
  -1.8813600e-01
  -1.3490700e-01
  -8.3231600e-02
  -4.6945800e-02
  -1.4710400e-02
   2.4047800e-02
   6.1121100e-02
   9.1295600e-02
   1.2269700e-01
   1.5582500e-01
   1.7764500e-01
   1.8478900e-01
   1.9034300e-01
   2.0605400e-01
   2.3008200e-01
   2.5268100e-01
   2.6791900e-01
   2.7571800e-01
   2.7719900e-01
   2.7248500e-01
   2.6197600e-01
   2.4595600e-01
   2.2599000e-01
   2.0703300e-01
   1.9276900e-01
   1.8222000e-01
   1.7076400e-01
   1.5197800e-01
   1.2615400e-01
   1.0267600e-01
   8.4665800e-02
   6.3404400e-02
   3.6044100e-02
   1.7134000e-02
   1.5023000e-02
   6.9139500e-03
  -3.5003500e-02
  -1.0527400e-01
  -1.7418800e-01
  -2.2017600e-01
  -2.4301300e-01
  -2.5626900e-01
  -2.7219100e-01
  -2.8859300e-01
  -2.8905400e-01
  -2.6220900e-01
  -2.1404400e-01
  -1.5749100e-01
  -1.0121800e-01
  -5.0668400e-02
  -1.3619200e-02
   9.9351600e-03
   3.3158700e-02
   6.3799700e-02
   9.5494200e-02
   1.1974400e-01
   1.3976100e-01
   1.6215000e-01
   1.8247400e-01
   1.9290900e-01
   1.8913600e-01
   1.7518600e-01
   1.6912900e-01
   1.8373000e-01
   2.0592800e-01
   2.2081600e-01
   2.4335700e-01
   2.8570600e-01
   3.1849500e-01
   3.1991600e-01
   3.1843100e-01
   3.4040300e-01
   3.6978800e-01
   3.8613000e-01
   3.9288100e-01
   3.9725200e-01
   3.9820700e-01
   3.9567200e-01
   3.9179100e-01
   3.8672900e-01
   3.8095900e-01
   3.7595900e-01
   3.7015500e-01
   3.6032100e-01
   3.4354600e-01
   3.1365300e-01
   2.6998300e-01
   2.2145200e-01
   1.7140200e-01
   1.2167800e-01
   8.2467200e-02
   5.8707800e-02
   4.2018900e-02
   2.6075000e-02
   1.6173400e-02
   1.1651500e-02
   4.1804200e-04
  -1.9138900e-02
  -3.5685200e-02
  -4.4161300e-02
  -4.8767300e-02
  -5.2128100e-02
  -5.3180300e-02
  -5.3729200e-02
  -5.9283900e-02
  -7.0702100e-02
  -8.2422200e-02
  -9.0947100e-02
  -9.7400200e-02
  -1.0385000e-01
  -1.1229900e-01
  -1.2441300e-01
  -1.3928000e-01
  -1.5475100e-01
  -1.6992200e-01
  -1.8207500e-01
  -1.8835700e-01
  -1.9257900e-01
  -2.0024900e-01
  -2.0496600e-01
  -1.9036000e-01
  -1.5907000e-01
  -1.5411700e-01
  -2.0980000e-01
  -2.7992200e-01
  -2.8377800e-01
  -2.1314200e-01
  -1.2685600e-01
  -7.2014600e-02
  -5.5715000e-02
  -6.5173100e-02
  -8.7018200e-02
  -1.1036700e-01
  -1.2536600e-01
  -1.2859400e-01
  -1.2689500e-01
  -1.2996500e-01
  -1.3911000e-01
  -1.4827800e-01
  -1.5482700e-01
  -1.6128800e-01
  -1.6857300e-01
  -1.7503400e-01
  -1.8035900e-01
  -1.8543300e-01
  -1.9038500e-01
  -1.9421200e-01
  -1.9440800e-01
  -1.9235300e-01
  -1.9638100e-01
  -2.1003400e-01
  -2.2418000e-01
  -2.2449500e-01
  -2.0527800e-01
  -1.7410900e-01
  -1.4260100e-01
  -1.1787800e-01
  -1.0097200e-01
  -8.9793200e-02
  -8.3480100e-02
  -8.0522100e-02
  -7.6165100e-02
  -6.8063400e-02
  -5.8868600e-02
  -5.0955200e-02
  -4.1400300e-02
  -2.4779400e-02
  -1.5914100e-04
   2.8390800e-02
   5.3689100e-02
   7.0364900e-02
   8.1934700e-02
   9.6862700e-02
   1.1709800e-01
   1.3702800e-01
   1.5106900e-01
   1.5591400e-01
   1.5414700e-01
   1.5385000e-01
   1.5359400e-01
   1.4113800e-01
   1.1536200e-01
   8.7113200e-02
   5.7425700e-02
   1.4190400e-02
  -4.8361100e-02
  -1.0809000e-01
  -1.3440400e-01
  -1.2993400e-01
  -1.1862100e-01
  -1.1168100e-01
  -1.0827100e-01
  -1.0575900e-01
  -1.0386300e-01
  -1.0496000e-01
  -1.0705000e-01
  -1.0421000e-01
  -9.5360900e-02
  -8.3978600e-02
  -7.1548100e-02
  -5.7700400e-02
  -4.4846700e-02
  -3.6485500e-02
  -3.1164400e-02
  -2.2677600e-02
  -9.2282300e-03
   2.1006600e-03
   7.3168000e-03
   1.4468500e-02
   3.4260300e-02
   6.7183100e-02
   1.0002900e-01
   1.2031000e-01
   1.3226800e-01
   1.4423600e-01
   1.5318800e-01
   1.5402700e-01
   1.4997400e-01
   1.4691600e-01
   1.4739800e-01
   1.5180700e-01
   1.5746400e-01
   1.5692300e-01
   1.4329700e-01
   1.1379100e-01
   6.8083700e-02
   1.8210100e-02
  -1.5169700e-02
  -2.6963900e-02
  -2.7493600e-02
  -2.4800800e-02
  -1.9541500e-02
  -1.0491700e-02
  -2.8549600e-04
   7.4019100e-03
   1.3478700e-02
   1.9780400e-02
   2.4388600e-02
   2.2106700e-02
   7.0850100e-03
  -2.0733700e-02
  -5.2735400e-02
  -8.2547900e-02
  -1.1371300e-01
  -1.4450100e-01
  -1.6440300e-01
  -1.6759500e-01
  -1.4225900e-01
  -8.1964200e-02
  -3.7846800e-02
  -8.0660800e-02
  -1.9047100e-01
  -2.7176700e-01
  -2.6782500e-01
  -2.0874200e-01
  -1.6512400e-01
  -1.7145300e-01
  -2.0780100e-01
  -2.4530100e-01
  -2.7629300e-01
  -3.0184100e-01
  -3.1731500e-01
  -3.1809000e-01
  -3.0701200e-01
  -2.9450700e-01
  -2.8831600e-01
  -2.8670400e-01
  -2.8508100e-01
  -2.7738300e-01
  -2.5408600e-01
  -2.1094900e-01
  -1.5515600e-01
  -9.9782700e-02
  -5.6053600e-02
  -2.4430700e-02
   4.0637800e-03
   3.2628200e-02
   5.4066700e-02
   6.3625800e-02
   6.7154000e-02
   6.9124100e-02
   6.3922000e-02
   4.8083200e-02
   2.8696600e-02
   1.3204100e-02
   2.3000100e-03
  -4.8370900e-03
  -5.7577800e-03
   2.1051300e-03
   1.6225600e-02
   3.0984600e-02
   4.2131000e-02
   4.9938000e-02
   5.7230300e-02
   6.5347800e-02
   7.7147100e-02
   9.9244400e-02
   1.3277600e-01
   1.6411800e-01
   1.7998700e-01
   1.8241100e-01
   1.7638800e-01
   1.6099300e-01
   1.3613600e-01
   1.1192300e-01
   1.0392800e-01
   1.1462500e-01
   1.3078700e-01
   1.4220100e-01
   1.5768400e-01
   1.9711500e-01
   2.5820400e-01
   3.0289000e-01
   3.0550500e-01
   2.8545100e-01
   2.6905300e-01
   2.6197900e-01
   2.5944000e-01
   2.5847000e-01
   2.5817800e-01
   2.4956100e-01
   2.2526000e-01
   1.9635000e-01
   1.7885100e-01
   1.8005900e-01
   2.0072400e-01
   2.3152600e-01
   2.5473300e-01
   2.6279200e-01
   2.6736200e-01
   2.7987000e-01
   2.9548800e-01
   3.0218300e-01
   2.9942100e-01
   2.9671700e-01
   2.9662700e-01
   2.9577100e-01
   2.9172400e-01
   2.8185600e-01
   2.6358600e-01
   2.3868500e-01
   2.1582400e-01
   1.9959300e-01
   1.8530200e-01
   1.7115300e-01
   1.6042400e-01
   1.5391700e-01
   1.4970900e-01
   1.4551500e-01
   1.3809800e-01
   1.2538100e-01
   1.1386900e-01
   1.1015800e-01
   1.0590200e-01
   9.3294900e-02
   7.8084700e-02
   6.6885400e-02
   5.8479500e-02
   4.7484400e-02
   3.1543500e-02
   1.2924800e-02
  -5.6204200e-03
  -2.4761200e-02
  -4.3244900e-02
  -5.5476500e-02
  -5.9753800e-02
  -5.8102900e-02
  -5.2222400e-02
  -4.4825500e-02
  -4.0117900e-02
  -3.8194200e-02
  -3.2000300e-02
  -1.3079300e-02
   1.8677700e-02
   4.9697300e-02
   5.7519200e-02
   2.4078300e-02
  -3.8709400e-02
  -8.9886700e-02
  -1.0956700e-01
  -1.1719000e-01
  -1.2682800e-01
  -1.3116100e-01
  -1.2985900e-01
  -1.3080500e-01
  -1.3064800e-01
  -1.1749800e-01
  -8.9275500e-02
  -5.5794500e-02
  -2.6470200e-02
  -5.4306900e-03
   7.3099500e-03
   1.2568800e-02
   1.1148800e-02
   5.7117900e-03
   8.8530300e-04
   8.1629900e-04
   5.5868400e-03
   1.2520800e-02
   1.8971000e-02
   2.4257900e-02
   3.0101000e-02
   3.6265800e-02
   3.9807400e-02
   3.9639500e-02
   3.6588100e-02
   3.1315500e-02
   2.5751600e-02
   2.0820700e-02
   1.6188100e-02
   1.6715000e-02
   2.5764000e-02
   3.7603600e-02
   4.5533600e-02
   4.4936200e-02
   3.3724700e-02
   2.0078100e-02
   1.5160100e-02
   1.7034300e-02
   1.3729600e-02
  -3.4528600e-03
  -3.0568800e-02
  -5.6352500e-02
  -7.6257600e-02
  -9.1846400e-02
  -1.0407900e-01
  -1.1151200e-01
  -1.1281300e-01
  -1.1110700e-01
  -1.0837300e-01
  -1.0127700e-01
  -9.0320900e-02
  -8.1652800e-02
  -7.9637000e-02
  -8.3282200e-02
  -8.8383200e-02
  -9.4286100e-02
  -1.0347900e-01
  -1.1721900e-01
  -1.3738100e-01
  -1.6272200e-01
  -1.8326400e-01
  -1.9278300e-01
  -2.0124000e-01
  -2.2181200e-01
  -2.5223400e-01
  -2.7875300e-01
  -2.9299100e-01
  -2.9786900e-01
  -3.0163400e-01
  -3.0887400e-01
  -3.2137000e-01
  -3.4234800e-01
  -3.6793200e-01
  -3.8332300e-01
  -3.7709100e-01
  -3.5061700e-01
  -3.1129300e-01
  -2.6428300e-01
  -2.1295800e-01
  -1.6356700e-01
  -1.1895200e-01
  -7.6070300e-02
  -4.3653500e-02
  -3.5557600e-02
  -3.4561900e-02
  -7.9925500e-03
   3.0996300e-02
   3.4287300e-02
  -5.9523700e-03
  -5.2175400e-02
  -8.4041100e-02
  -1.1201800e-01
  -1.4162600e-01
  -1.6362300e-01
  -1.6608300e-01
  -1.4622900e-01
  -1.2049500e-01
  -1.0833600e-01
  -1.0643500e-01
  -9.9357300e-02
  -8.2168400e-02
  -5.6332400e-02
  -2.1159000e-02
   2.3071100e-02
   6.5807900e-02
   9.0198300e-02
   9.7169100e-02
   1.0441000e-01
   1.1838900e-01
   1.3051000e-01
   1.3390200e-01
   1.2917000e-01
   1.1979000e-01
   1.0746600e-01
   9.1831500e-02
   7.3713900e-02
   5.5248300e-02
   3.8687800e-02
   2.6716000e-02
   1.8955300e-02
   1.2364400e-02
   7.5558800e-03
   5.7182500e-03
   4.3127800e-03
   3.8006100e-03
   7.2556500e-03
   1.2947900e-02
   1.5303500e-02
   1.2939700e-02
   1.2027900e-02
   1.7777700e-02
   2.7187000e-02
   3.6141600e-02
   4.9174600e-02
   7.0079800e-02
   9.0560800e-02
   9.5394300e-02
   7.6593400e-02
   4.4636200e-02
   1.7881700e-02
   4.5881600e-03
  -2.2778000e-03
  -1.4365100e-02
  -3.4104000e-02
  -6.0829500e-02
  -9.4135500e-02
  -1.2462100e-01
  -1.4381000e-01
  -1.5729700e-01
  -1.7228000e-01
  -1.8280300e-01
  -1.7406900e-01
  -1.4601300e-01
  -1.3280500e-01
  -1.6874100e-01
  -2.3153300e-01
  -2.6475000e-01
  -2.5181200e-01
  -2.2308700e-01
  -2.0244800e-01
  -1.8237300e-01
  -1.5151700e-01
  -1.1719400e-01
  -8.9973800e-02
  -7.0368500e-02
  -5.3459800e-02
  -3.4965400e-02
  -1.6419900e-02
  -3.0204100e-03
   4.4738900e-03
   1.0927700e-02
   2.1001700e-02
   3.5580700e-02
   5.2881600e-02
   6.8690200e-02
   7.8884800e-02
   8.2457600e-02
   8.2892200e-02
   8.7438700e-02
   1.0161400e-01
   1.2626500e-01
   1.5470700e-01
   1.7931900e-01
   1.9979300e-01
   2.1622200e-01
   2.2810500e-01
   2.3652700e-01
   2.4251300e-01
   2.4894800e-01
   2.5910400e-01
   2.7179500e-01
   2.7946800e-01
   2.7485700e-01
   2.5757300e-01
   2.3348300e-01
   2.0983100e-01
   1.8971600e-01
   1.7351500e-01
   1.6337800e-01
   1.6072500e-01
   1.5981900e-01
   1.5276800e-01
   1.4006200e-01
   1.2672600e-01
   1.1203500e-01
   9.1817200e-02
   6.5941000e-02
   4.0553500e-02
   2.5746900e-02
   2.4213900e-02
   2.7509400e-02
   2.7978200e-02
   2.6343500e-02
   2.6676800e-02
   2.9464900e-02
   3.3300800e-02
   3.7608600e-02
   4.2881300e-02
   4.8770400e-02
   5.2026400e-02
   5.1981000e-02
   5.1646500e-02
   5.0657600e-02
   4.7725000e-02
   4.5904900e-02
   4.7032600e-02
   4.9471800e-02
   5.1863500e-02
   5.3125000e-02
   5.2735100e-02
   5.1422400e-02
   5.0489900e-02
   5.0316600e-02
   5.0388700e-02
   5.0394500e-02
   4.9720800e-02
   4.8352400e-02
   4.6975900e-02
   4.5890000e-02
   4.5310800e-02
   4.5766000e-02
   4.7548000e-02
   5.0625300e-02
   5.5197300e-02
   5.9774100e-02
   6.1684400e-02
   6.0456700e-02
   5.8540400e-02
   6.0204400e-02
   6.6973900e-02
   7.4256500e-02
   7.7642300e-02
   7.9606700e-02
   8.4216500e-02
   9.0523100e-02
   9.5255300e-02
   9.7772600e-02
   9.9830300e-02
   1.0257800e-01
   1.0362000e-01
   9.8852400e-02
   8.7941700e-02
   7.4898000e-02
   6.5542400e-02
   6.2756300e-02
   6.4442100e-02
   6.7108100e-02
   6.6645400e-02
   6.1038200e-02
   5.5026600e-02
   5.5992100e-02
   6.7903800e-02
   8.9487000e-02
   1.1409900e-01
   1.3210800e-01
   1.3730300e-01
   1.3359000e-01
   1.2853200e-01
   1.2293000e-01
   1.1677000e-01
   1.1140300e-01
   1.0482600e-01
   9.5220200e-02
   8.2544500e-02
   6.8887700e-02
   5.7875800e-02
   4.9274100e-02
   4.0203300e-02
   3.1224000e-02
   2.3534300e-02
   1.6364300e-02
   9.4103200e-03
   3.7294200e-03
  -1.3870600e-03
  -8.6452200e-03
  -1.7060800e-02
  -2.4636700e-02
  -3.2318100e-02
  -4.0189900e-02
  -4.5631200e-02
  -4.7291000e-02
  -4.7980800e-02
  -5.0902600e-02
  -5.4853500e-02
  -5.6019800e-02
  -5.5060600e-02
  -5.7909300e-02
  -6.6958800e-02
  -7.8372500e-02
  -8.7779500e-02
  -9.3622000e-02
  -9.5441400e-02
  -9.1853000e-02
  -8.5799900e-02
  -8.3209000e-02
  -8.4038000e-02
  -8.4101500e-02
  -8.1299000e-02
  -7.7072000e-02
  -7.3743200e-02
  -7.1779800e-02
  -7.0038500e-02
  -6.8250700e-02
  -6.7275200e-02
  -6.7241100e-02
  -6.8094200e-02
  -6.9366900e-02
  -7.0099700e-02
  -7.1348300e-02
  -7.3120100e-02
  -7.1046100e-02
  -6.3261100e-02
  -5.5168900e-02
  -5.4246000e-02
  -6.2501100e-02
  -7.6647800e-02
  -9.2968800e-02
  -1.0785400e-01
  -1.1871100e-01
  -1.2581200e-01
  -1.3100400e-01
  -1.3463600e-01
  -1.3327700e-01
  -1.2383600e-01
  -1.0884100e-01
  -9.5137000e-02
  -8.8478400e-02
  -8.9340600e-02
  -9.4273600e-02
  -1.0207500e-01
  -1.1554100e-01
  -1.3339100e-01
  -1.4831000e-01
  -1.5525600e-01
  -1.5612600e-01
  -1.5399700e-01
  -1.5012000e-01
  -1.4637400e-01
  -1.4053200e-01
  -1.2464400e-01
  -9.6313000e-02
  -7.3088500e-02
  -8.0464000e-02
  -1.1457000e-01
  -1.4359700e-01
  -1.5153400e-01
  -1.4889100e-01
  -1.4548200e-01
  -1.4093500e-01
  -1.3418700e-01
  -1.2508600e-01
  -1.1380400e-01
  -1.0287500e-01
  -9.6790900e-02
  -9.8282000e-02
  -1.0540500e-01
  -1.1221900e-01
  -1.1325200e-01
  -1.0965500e-01
  -1.0773800e-01
  -1.1299900e-01
  -1.2375000e-01
  -1.3293300e-01
  -1.3828600e-01
  -1.4375100e-01
  -1.5121000e-01
  -1.5750500e-01
  -1.6087600e-01
  -1.6107300e-01
  -1.5555300e-01
  -1.4006400e-01
  -1.1386700e-01
  -8.4420700e-02
  -5.7671800e-02
  -3.2757900e-02
  -1.2998300e-02
  -4.5283600e-03
  -4.9507500e-03
  -5.5389000e-03
  -2.2026900e-03
   2.9497500e-03
   8.9623000e-03
   1.5794600e-02
   2.1127900e-02
   2.2693900e-02
   2.0030700e-02
   1.4603300e-02
   8.6020300e-03
   3.6011800e-03
   1.8157900e-03
   4.9567600e-03
   1.1184300e-02
   1.7772800e-02
   2.4897800e-02
   3.3536500e-02
   4.2339100e-02
   4.9925300e-02
   5.6954200e-02
   6.3888300e-02
   7.0399900e-02
   7.4920600e-02
   7.5974200e-02
   7.5441600e-02
   7.6282600e-02
   7.8500300e-02
   8.0308800e-02
   8.1709200e-02
   8.2420000e-02
   8.1900500e-02
   8.1378100e-02
   8.0581100e-02
   7.9319500e-02
   7.8992800e-02
   7.9748000e-02
   8.1235800e-02
   8.3800500e-02
   8.8470100e-02
   9.5428300e-02
   1.0243700e-01
   1.0877600e-01
   1.1637600e-01
   1.2518500e-01
   1.3432400e-01
   1.4356000e-01
   1.4954600e-01
   1.5010200e-01
   1.4951000e-01
   1.5308700e-01
   1.6398600e-01
   1.8041600e-01
   1.9307000e-01
   1.9679900e-01
   1.9457700e-01
   1.8375900e-01
   1.5712800e-01
   1.1593500e-01
   7.3981200e-02
   4.7187800e-02
   3.5629100e-02
   2.6891100e-02
   1.6065900e-02
   7.1689600e-03
   2.6104400e-03
   1.2358400e-03
   1.0484400e-03
   6.4004600e-04
  -3.5842700e-05
   4.6189300e-04
   2.5403800e-03
   4.0212800e-03
   3.0761600e-03
   5.9745900e-04
  -2.1666000e-03
  -6.1553600e-03
  -1.1628800e-02
  -1.5594600e-02
  -1.5649400e-02
  -1.3517000e-02
  -1.2298700e-02
  -1.1303100e-02
  -8.9079800e-03
  -6.4849600e-03
  -5.5276200e-03
  -5.3683000e-03
  -4.9211700e-03
  -5.9353500e-03
  -1.0007200e-02
  -1.5756700e-02
  -2.0725300e-02
  -2.2973000e-02
  -2.3310500e-02
  -2.3232000e-02
  -2.2682300e-02
  -2.1611500e-02
  -2.0604100e-02
  -2.0571300e-02
  -2.1516200e-02
  -2.2706200e-02
  -2.3210800e-02
  -2.1851000e-02
  -1.7688600e-02
  -1.1384200e-02
  -5.4786100e-03
   6.2183500e-05
   1.2207300e-02
   3.4059900e-02
   5.2816100e-02
   5.4953300e-02
   4.5674000e-02
   4.1835300e-02
   4.8971000e-02
   5.4852300e-02
   4.9834600e-02
   4.1000500e-02
   3.8191400e-02
   4.1666800e-02
   4.5610800e-02
   4.3242200e-02
   3.4466200e-02
   2.5848200e-02
   2.2418000e-02
   2.4729900e-02
   3.0192300e-02
   3.5852300e-02
   4.1126600e-02
   4.7017900e-02
   5.3740300e-02
   6.0023900e-02
   6.4526100e-02
   6.8107600e-02
   7.2039000e-02
   7.5842100e-02
   7.9790500e-02
   8.4217700e-02
   8.8158600e-02
   9.1762800e-02
   9.5368300e-02
   9.8596600e-02
   1.0079200e-01
   1.0083400e-01
   9.8018300e-02
   9.2017300e-02
   8.1893300e-02
   6.4441700e-02
   3.6648800e-02
   2.5074200e-03
  -2.8176900e-02
  -5.0434500e-02
  -6.6451600e-02
  -7.6134700e-02
  -7.8108700e-02
  -7.6015700e-02
  -7.3131600e-02
  -6.8073100e-02
  -5.9547000e-02
  -5.1365700e-02
  -4.9174000e-02
  -5.2321600e-02
  -5.3710100e-02
  -5.1107900e-02
  -4.9947700e-02
  -5.3340200e-02
  -6.0313600e-02
  -6.9856600e-02
  -8.1818000e-02
  -9.3659400e-02
  -1.0198300e-01
  -1.0866600e-01
  -1.1568400e-01
  -1.2073700e-01
  -1.2265400e-01
  -1.2340300e-01
  -1.2390800e-01
  -1.2054100e-01
  -1.0945000e-01
  -9.2099700e-02
  -7.2551100e-02
  -5.0690100e-02
  -2.3700500e-02
   4.9283000e-03
   2.6582000e-02
   3.7459000e-02
   4.2049200e-02
   4.5235400e-02
   4.7629500e-02
   5.0151400e-02
   5.3843400e-02
   5.7219200e-02
   6.0353900e-02
   6.6444000e-02
   7.5646200e-02
   8.4970500e-02
   9.2754700e-02
   9.8798000e-02
   1.0407200e-01
   1.0899500e-01
   1.1007600e-01
   1.0295700e-01
   8.6154000e-02
   5.9826400e-02
   3.0668700e-02
   1.2001500e-02
   8.3591600e-03
   1.1047700e-02
   1.0822500e-02
   4.3968100e-03
  -7.2333000e-03
  -2.1162000e-02
  -3.4910900e-02
  -4.7484900e-02
  -6.0578900e-02
  -7.5828500e-02
  -8.8952000e-02
  -9.4674300e-02
  -9.4482300e-02
  -9.0837900e-02
  -8.3275800e-02
  -7.4948800e-02
  -7.1860400e-02
  -7.4479100e-02
  -7.7580900e-02
  -7.9533100e-02
  -8.4964900e-02
  -9.3258300e-02
  -9.5378300e-02
  -8.7640200e-02
  -7.5862900e-02
  -6.4155400e-02
  -5.1984300e-02
  -4.1102100e-02
  -3.5083900e-02
  -3.3962200e-02
  -3.4010200e-02
  -3.2960600e-02
  -3.1915200e-02
  -3.1856200e-02
  -3.2210800e-02
  -3.2205000e-02
  -3.2426000e-02
  -3.3394600e-02
  -3.4218900e-02
  -3.5434500e-02
  -3.9289300e-02
  -4.6275400e-02
  -5.3997400e-02
  -5.9775700e-02
  -6.3873900e-02
  -6.7812400e-02
  -7.1302000e-02
  -7.4322800e-02
  -7.8342700e-02
  -8.3188100e-02
  -8.6774700e-02
  -8.7843700e-02
  -8.7415200e-02
  -8.7022500e-02
  -8.5943300e-02
  -8.2823200e-02
  -7.8221100e-02
  -7.3948300e-02
  -6.8943000e-02
  -5.7746400e-02
  -3.9270500e-02
  -2.2471000e-02
  -1.5208000e-02
  -1.5160800e-02
  -1.7408500e-02
  -2.1153100e-02
  -2.6772200e-02
  -3.2070600e-02
  -3.4363800e-02
  -3.3270000e-02
  -2.8691000e-02
  -2.0698300e-02
  -1.1188600e-02
  -2.2371000e-03
   5.8482200e-03
   1.2846600e-02
   1.8529900e-02
   2.4182500e-02
   3.0400900e-02
   3.7111400e-02
   4.5324900e-02
   5.5686100e-02
   6.7818100e-02
   8.0890900e-02
   9.5307700e-02
   1.1191600e-01
   1.2900000e-01
   1.4319200e-01
   1.5301200e-01
   1.6034500e-01
   1.6729800e-01
   1.7538100e-01
   1.8813400e-01
   2.0811400e-01
   2.3279200e-01
   2.5751600e-01
   2.7806100e-01
   2.8307000e-01
   2.6455500e-01
   2.3826700e-01
   2.2194500e-01
   2.1083000e-01
   1.9358500e-01
   1.7369900e-01
   1.6265800e-01
   1.6187700e-01
   1.6390600e-01
   1.6079100e-01
   1.4780100e-01
   1.2600200e-01
   1.0085100e-01
   7.7908600e-02
   5.9151800e-02
   4.4369700e-02
   3.4135900e-02
   2.6928500e-02
   1.7904800e-02
   6.0611200e-03
  -5.2659700e-03
  -1.5417900e-02
  -2.5229400e-02
  -3.4497300e-02
  -4.2222900e-02
  -4.6991600e-02
  -4.9221200e-02
  -5.1591700e-02
  -5.4883300e-02
  -5.7088700e-02
  -5.7451400e-02
  -5.6599600e-02
  -5.3529300e-02
  -4.5319600e-02
  -2.9813100e-02
  -7.0324900e-03
   1.9538300e-02
   4.5853800e-02
   7.1000300e-02
   9.3691400e-02
   1.1093800e-01
   1.2167600e-01
   1.2614500e-01
   1.2475500e-01
   1.1924800e-01
   1.1069200e-01
   9.9092200e-02
   8.5159800e-02
   7.2124100e-02
   6.3790600e-02
   5.9900700e-02
   5.7679300e-02
   5.3969500e-02
   4.6392400e-02
   3.5695600e-02
   2.3585300e-02
   1.1529600e-02
   2.0989600e-03
  -4.4759400e-03
  -1.0352500e-02
  -1.4420100e-02
  -1.5187500e-02
  -1.5125300e-02
  -1.5128700e-02
  -1.3887400e-02
  -1.2668800e-02
  -1.2756800e-02
  -1.3597500e-02
  -1.4838200e-02
  -1.7476500e-02
  -2.3193300e-02
  -3.1051500e-02
  -3.7159800e-02
  -3.9935200e-02
  -4.0504100e-02
  -3.9161900e-02
  -3.5693400e-02
  -2.9944900e-02
  -2.3674700e-02
  -1.9728300e-02
  -1.9140400e-02
  -2.0968100e-02
  -2.3043800e-02
  -2.4805100e-02
  -2.7159800e-02
  -2.9810100e-02
  -3.2105100e-02
  -3.3626300e-02
  -3.4496600e-02
  -3.5279100e-02
  -3.6119200e-02
  -3.7691000e-02
  -4.0925800e-02
  -4.5691500e-02
  -5.1131100e-02
  -5.7297000e-02
  -6.3777300e-02
  -6.8542100e-02
  -7.0055500e-02
  -6.9057800e-02
  -6.9001800e-02
  -7.5012700e-02
  -9.0564900e-02
  -1.1485500e-01
  -1.4326300e-01
  -1.6552900e-01
  -1.7402300e-01
  -1.7520800e-01
  -1.7830200e-01
  -1.8100400e-01
  -1.7728900e-01
  -1.7048800e-01
  -1.7207200e-01
  -1.9214600e-01
  -2.3331000e-01
  -2.8616700e-01
  -3.2268400e-01
  -3.1741100e-01
  -2.8480500e-01
  -2.6245900e-01
  -2.6116400e-01
  -2.5990700e-01
  -2.4426900e-01
  -2.2017100e-01
  -1.9273600e-01
  -1.6262100e-01
  -1.3231700e-01
  -1.0235800e-01
  -7.4960700e-02
  -5.3802000e-02
  -3.7121100e-02
  -2.2031700e-02
  -9.8536600e-03
  -1.9887000e-03
   4.9256600e-03
   1.5361000e-02
   2.8718300e-02
   3.9400300e-02
   4.2278200e-02
   3.8296400e-02
   3.3199900e-02
   3.1767700e-02
   3.4301100e-02
   3.9262000e-02
   4.6284300e-02
   5.4468500e-02
   6.2924500e-02
   7.1238400e-02
   7.8498100e-02
   8.3227000e-02
   8.4436600e-02
   8.3877600e-02
   8.5681100e-02
   9.2513200e-02
   1.0216400e-01
   1.1038100e-01
   1.1557500e-01
   1.1689800e-01
   1.1274000e-01
   1.0455600e-01
   9.5646100e-02
   8.5960300e-02
   7.3006800e-02
   5.5973400e-02
   3.6380800e-02
   1.8015900e-02
   5.3353500e-03
  -5.0019900e-04
  -6.7049000e-04
   4.2315600e-03
   1.2542500e-02
   2.0137000e-02
   2.4475400e-02
   2.6369300e-02
   2.7439800e-02
   2.7849700e-02
   2.5556900e-02
   2.0064100e-02
   1.1991900e-02
   1.7387800e-03
  -7.4230900e-03
  -1.2868900e-02
  -1.6452600e-02
  -2.1172500e-02
  -2.8254000e-02
  -3.7134500e-02
  -4.5964700e-02
  -5.2402400e-02
  -5.4787100e-02
  -5.4017300e-02
  -5.3212800e-02
  -5.4499100e-02
  -5.7379700e-02
  -6.0014300e-02
  -6.1324900e-02
  -6.3161100e-02
  -6.7859600e-02
  -7.4402100e-02
  -8.0213500e-02
  -8.4094300e-02
  -8.7402800e-02
  -9.1015200e-02
  -9.3363800e-02
  -9.4232800e-02
  -9.6538300e-02
  -1.0127200e-01
  -1.0559200e-01
  -1.0749700e-01
  -1.0729900e-01
  -1.0632100e-01
  -1.0433500e-01
  -9.9921600e-02
  -9.3386900e-02
  -8.6022700e-02
  -7.8468200e-02
  -7.0432800e-02
  -6.0984100e-02
  -4.9645000e-02
  -3.7667700e-02
  -2.6949900e-02
  -1.8178400e-02
  -1.1499200e-02
  -6.3616100e-03
  -1.8399700e-03
   8.9406000e-04
   1.2341600e-03
   2.0794200e-03
   5.5108600e-03
   9.9808100e-03
   1.3880600e-02
   1.7681200e-02
   2.1593300e-02
   2.4841000e-02
   2.6024500e-02
   2.3777200e-02
   1.8884600e-02
   1.2551700e-02
   5.4105200e-03
  -1.8603000e-03
  -8.7734800e-03
  -1.4410900e-02
  -1.9120500e-02
  -2.3702100e-02
  -2.7803100e-02
  -3.0456700e-02
  -3.0869900e-02
  -2.9430200e-02
  -2.6544100e-02
  -2.2206700e-02
  -1.6325900e-02
  -9.4482500e-03
  -3.3919000e-03
   8.2021800e-04
   3.9069900e-03
   7.3796800e-03
   1.2318200e-02
   1.7302500e-02
   2.0482000e-02
   2.3498300e-02
   2.9104300e-02
   3.7958700e-02
   4.8014300e-02
   5.6982700e-02
   6.6005000e-02
   7.6943600e-02
   8.8730600e-02
   1.0021900e-01
   1.1247100e-01
   1.2572300e-01
   1.3840700e-01
   1.4937000e-01
   1.5773000e-01
   1.6376100e-01
   1.6976800e-01
   1.7661000e-01
   1.8304800e-01
   1.8761300e-01
   1.9057900e-01
   1.9353300e-01
   1.9677900e-01
   1.9893100e-01
   1.9868600e-01
   1.9926400e-01
   2.0529000e-01
   2.1572100e-01
   2.2852700e-01
   2.4797500e-01
   2.7647400e-01
   3.0692100e-01
   3.3241200e-01
   3.4923200e-01
   3.4901200e-01
   3.2586100e-01
   2.8825000e-01
   2.4984000e-01
   2.1413200e-01
   1.8420300e-01
   1.6819700e-01
   1.6423800e-01
   1.6349200e-01
   1.6180200e-01
   1.5984600e-01
   1.5659900e-01
   1.4774100e-01
   1.3258800e-01
   1.1561600e-01
   1.0083300e-01
   8.8015600e-02
   7.4836000e-02
   6.0884200e-02
   4.7865100e-02
   3.5702500e-02
   2.3216500e-02
   1.0788900e-02
  -3.8350400e-04
  -9.6628800e-03
  -1.8991300e-02
  -2.9397400e-02
  -3.9198400e-02
  -4.6524700e-02
  -5.2030700e-02
  -5.9267800e-02
  -6.7964600e-02
  -7.4170600e-02
  -7.8222700e-02
  -8.3450000e-02
  -8.9595200e-02
  -9.4895400e-02
  -9.9330900e-02
  -1.0347100e-01
  -1.0717700e-01
  -1.0962300e-01
  -1.1059800e-01
  -1.1046400e-01
  -1.0754300e-01
  -1.0110500e-01
  -9.4594400e-02
  -9.0689700e-02
  -8.8345600e-02
  -8.5047400e-02
  -8.1525400e-02
  -7.9395000e-02
  -7.8095100e-02
  -7.7348500e-02
  -7.7194400e-02
  -7.8100300e-02
  -8.1355000e-02
  -8.7257300e-02
  -9.4181400e-02
  -1.0006600e-01
  -1.0434600e-01
  -1.0742500e-01
  -1.0944500e-01
  -1.1159800e-01
  -1.1538200e-01
  -1.2036600e-01
  -1.2542300e-01
  -1.3089300e-01
  -1.3691900e-01
  -1.4041500e-01
  -1.3788100e-01
  -1.3109600e-01
  -1.2551600e-01
  -1.2364300e-01
  -1.2572800e-01
  -1.3214000e-01
  -1.4012200e-01
  -1.4526400e-01
  -1.4631400e-01
  -1.4595300e-01
  -1.4782200e-01
  -1.5290700e-01
  -1.6008700e-01
  -1.6939200e-01
  -1.8214300e-01
  -1.9706100e-01
  -2.1063300e-01
  -2.2223100e-01
  -2.3493200e-01
  -2.5021100e-01
  -2.6325800e-01
  -2.6761800e-01
  -2.6164700e-01
  -2.4954400e-01
  -2.3770500e-01
  -2.2881800e-01
  -2.2107600e-01
  -2.1070600e-01
  -1.9564400e-01
  -1.7748000e-01
  -1.5987200e-01
  -1.4452100e-01
  -1.2789800e-01
  -1.0366700e-01
  -6.7901600e-02
  -2.4811800e-02
   1.2517300e-02
   3.3615000e-02
   4.3889200e-02
   5.5907000e-02
   7.0198500e-02
   8.0862200e-02
   8.9073300e-02
   9.8640700e-02
   1.0900900e-01
   1.1773600e-01
   1.2486800e-01
   1.3128900e-01
   1.3536100e-01
   1.3620500e-01
   1.3619000e-01
   1.3658300e-01
   1.3755900e-01
   1.3956900e-01
   1.4093000e-01
   1.4060400e-01
   1.4045300e-01
   1.3922100e-01
   1.3365800e-01
   1.2579900e-01
   1.1924500e-01
   1.1369000e-01
   1.0914400e-01
   1.0725300e-01
   1.0659100e-01
   1.0451900e-01
   1.0263900e-01
   1.0411000e-01
   1.0789300e-01
   1.1140800e-01
   1.1341500e-01
   1.1068000e-01
   1.0055000e-01
   8.8901600e-02
   8.4628600e-02
   8.7414400e-02
   8.8792600e-02
   8.4452000e-02
   8.1344400e-02
   8.6294600e-02
   9.5010400e-02
   9.8789300e-02
   9.4975200e-02
   8.7828100e-02
   8.0770700e-02
   7.3047400e-02
   6.5012600e-02
   5.8837500e-02
   5.2824500e-02
   4.0732300e-02
   2.0185000e-02
  -3.7039000e-03
  -2.7098000e-02
  -4.9079000e-02
  -6.9254300e-02
  -9.0902100e-02
  -1.1632200e-01
  -1.3970900e-01
  -1.5418200e-01
  -1.6363100e-01
  -1.7416100e-01
  -1.7898100e-01
  -1.6878600e-01
  -1.4865300e-01
  -1.3215900e-01
  -1.2526300e-01
  -1.2240500e-01
  -1.1701600e-01
  -1.1125400e-01
  -1.1116900e-01
  -1.1589400e-01
  -1.1784800e-01
  -1.1204200e-01
  -1.0012900e-01
  -8.4486900e-02
  -6.5657000e-02
  -4.4875700e-02
  -2.2792100e-02
   1.3275600e-03
   2.5826100e-02
   4.4398100e-02
   5.4526200e-02
   6.1075100e-02
   6.5189700e-02
   6.3284200e-02
   5.6160100e-02
   4.8044400e-02
   4.0448700e-02
   3.2325600e-02
   2.3640600e-02
   1.5735000e-02
   9.2233700e-03
   3.3904700e-03
  -9.6118100e-04
  -1.8156600e-03
  -6.0861500e-04
  -4.2373500e-04
  -1.5790000e-03
  -3.0444600e-03
  -4.4908700e-03
  -5.2433600e-03
  -4.8902200e-03
  -5.0623500e-03
  -6.4365500e-03
  -7.2839600e-03
  -7.3914100e-03
  -8.3320000e-03
  -1.0403300e-02
  -1.2586700e-02
  -1.2831000e-02
  -1.0090100e-02
  -7.5890700e-03
  -7.7435000e-03
  -8.1392300e-03
  -7.2413600e-03
  -6.7920500e-03
  -7.6940400e-03
  -8.4214500e-03
  -7.7905200e-03
  -6.1846300e-03
  -3.5132000e-03
   4.8644000e-04
   5.3109000e-03
   9.7641000e-03
   1.2713000e-02
   1.4698100e-02
   1.6436800e-02
   1.7177400e-02
   1.6265400e-02
   1.5118900e-02
   1.5572300e-02
   1.7750900e-02
   2.1171300e-02
   2.5170300e-02
   2.7798000e-02
   2.7652600e-02
   2.5684600e-02
   2.2984300e-02
   1.9309500e-02
   1.4216100e-02
   9.4387100e-03
   7.9326700e-03
   9.2129700e-03
   1.0286100e-02
   9.7644900e-03
   8.7905500e-03
   8.6739300e-03
   7.7171600e-03
   4.3362700e-03
   1.0199200e-04
  -2.9380900e-03
  -4.2445900e-03
  -4.7406900e-03
  -5.3936200e-03
  -5.7857900e-03
  -5.5561200e-03
  -5.4856900e-03
  -5.7471500e-03
  -5.9875700e-03
  -5.0655000e-03
  -1.2008600e-03
   2.8486000e-03
   2.6588100e-03
   1.7523000e-03
   6.1155700e-03
   1.4004300e-02
   2.0764400e-02
   2.6099800e-02
   3.1952700e-02
   3.7702500e-02
   4.1931100e-02
   4.4688300e-02
   4.5299800e-02
   4.3803200e-02
   4.2003000e-02
   4.0667900e-02
   3.8569300e-02
   3.5372600e-02
   3.2648200e-02
   2.9878000e-02
   2.5401700e-02
   2.0475500e-02
   1.6391200e-02
   1.1692900e-02
   5.2926500e-03
  -2.2338100e-03
  -9.6264400e-03
  -1.5635900e-02
  -2.0420800e-02
  -2.3634800e-02
  -2.4502200e-02
  -2.4198900e-02
  -2.3927600e-02
  -2.2230700e-02
  -1.7087100e-02
  -1.0678200e-02
  -6.6475900e-03
  -4.8192400e-03
  -2.8617200e-03
   1.9253200e-05
   2.8029400e-03
   5.1638400e-03
   8.0687300e-03
   1.1587300e-02
   1.5776600e-02
   2.1399700e-02
   2.7454100e-02
   3.2497900e-02
   3.6238500e-02
   3.9930800e-02
   4.5273400e-02
   5.0991500e-02
   5.4783700e-02
   5.7119900e-02
   6.0611600e-02
   6.6295400e-02
   7.2177300e-02
   7.5551500e-02
   7.6008500e-02
   7.5848900e-02
   7.5903100e-02
   7.5489900e-02
   7.4161600e-02
   7.0867000e-02
   6.6771300e-02
   6.4807100e-02
   6.5475600e-02
   6.7647000e-02
   7.1749800e-02
   7.8255200e-02
   8.5243900e-02
   9.0394900e-02
   9.3147800e-02
   9.4245200e-02
   9.4191200e-02
   9.2929300e-02
   8.9771200e-02
   8.4091800e-02
   7.7302200e-02
   7.0678900e-02
   6.3073800e-02
   5.3192300e-02
   4.1069000e-02
   2.8941800e-02
   1.9817000e-02
   1.3626900e-02
   9.6150000e-03
   8.2207600e-03
   7.0524500e-03
   3.1501600e-03
  -2.8223100e-03
  -8.6965900e-03
  -1.2913400e-02
  -1.4230900e-02
  -1.3170600e-02
  -1.3556700e-02
  -1.8206700e-02
  -2.5213800e-02
  -3.1224600e-02
  -3.6502800e-02
  -4.2078500e-02
  -4.6388300e-02
  -5.0071900e-02
  -5.5502300e-02
  -6.2928300e-02
  -7.0806300e-02
  -7.7357400e-02
  -8.2991900e-02
  -8.8463500e-02
  -9.1757200e-02
  -9.1794200e-02
  -9.0301800e-02
  -8.7830300e-02
  -8.2970700e-02
  -7.5004300e-02
  -6.5337600e-02
  -5.5955100e-02
  -4.9001900e-02
  -4.5862900e-02
  -4.4560300e-02
  -4.3239900e-02
  -4.2362700e-02
  -4.0399300e-02
  -3.4015300e-02
  -2.4219000e-02
  -1.5627800e-02
  -1.1508400e-02
  -1.2748900e-02
  -1.6166900e-02
  -1.6756600e-02
  -1.3429900e-02
  -7.7354500e-03
  -9.2090000e-04
   5.3920400e-03
   1.0629400e-02
   1.4372500e-02
   1.4378100e-02
   1.0200500e-02
   3.8647000e-03
  -3.2786900e-03
  -1.0863600e-02
  -1.7922100e-02
  -2.2678200e-02
  -2.4443700e-02
  -2.3673000e-02
  -2.0295900e-02
  -1.4839600e-02
  -8.5510400e-03
  -1.3511200e-03
   6.2558700e-03
   1.1966200e-02
   1.5272100e-02
   1.8708800e-02
   2.3204700e-02
   2.6297700e-02
   2.6559800e-02
   2.5606100e-02
   2.5158100e-02
   2.4755000e-02
   2.3141800e-02
   2.0221600e-02
   1.6612100e-02
   1.2917100e-02
   9.9838700e-03
   8.1713300e-03
   6.8480900e-03
   5.1146300e-03
   3.1527900e-03
   1.5227200e-03
   5.2982600e-04
   2.2015800e-04
  -9.3499500e-04
  -3.8656200e-03
  -7.1990100e-03
  -8.6270400e-03
  -7.7159300e-03
  -6.4208400e-03
  -4.7677800e-03
  -8.0250000e-04
   4.9007200e-03
   8.7175100e-03
   8.9237800e-03
   8.0187900e-03
   7.7364400e-03
   6.3838500e-03
   2.9157600e-03
  -8.5952900e-04
  -3.4049000e-03
  -5.6888400e-03
  -9.3235500e-03
  -1.4563000e-02
  -1.9987300e-02
  -2.3524900e-02
  -2.5033200e-02
  -2.6771300e-02
  -2.9455800e-02
  -3.1052200e-02
  -3.1476900e-02
  -3.2085200e-02
  -3.2314500e-02
  -3.2131700e-02
  -3.2090100e-02
  -3.1634700e-02
  -3.0743100e-02
  -3.1534700e-02
  -3.6152300e-02
  -4.3237900e-02
  -4.9052000e-02
  -5.1696500e-02
  -5.2946500e-02
  -5.4144400e-02
  -5.4527100e-02
  -5.4438700e-02
  -5.4457200e-02
  -5.3867600e-02
  -5.2436500e-02
  -5.0735900e-02
  -4.8354600e-02
  -4.5064300e-02
  -4.1862600e-02
  -3.9239900e-02
  -3.7533900e-02
  -3.6766100e-02
  -3.5081300e-02
  -2.9994600e-02
  -2.0017600e-02
  -6.0621600e-03
   8.2885200e-03
   1.9765900e-02
   2.8206100e-02
   3.5252200e-02
   4.0881200e-02
   4.4065000e-02
   4.5928500e-02
   4.9249400e-02
   5.4777100e-02
   6.0045400e-02
   6.2755500e-02
   6.3400100e-02
   6.3196900e-02
   6.2716900e-02
   6.1378300e-02
   5.7862300e-02
   5.4197900e-02
   5.2792700e-02
   5.2452300e-02
   5.1400400e-02
   4.8662600e-02
   4.5029900e-02
   4.1896200e-02
   3.8956800e-02
   3.4987000e-02
   2.9209000e-02
   2.2629200e-02
   1.6289400e-02
   9.9913800e-03
   4.7555200e-03
   1.4730600e-03
  -1.1717600e-03
  -3.3335300e-03
  -4.1753600e-03
  -4.3299400e-03
  -4.3751200e-03
  -3.7881000e-03
  -1.6848300e-03
   1.0817500e-03
   2.8641800e-03
   3.3947200e-03
   2.9187100e-03
   1.7936000e-03
   7.5944500e-04
   3.7789000e-04
  -8.4712400e-05
  -1.2302000e-03
  -2.4229400e-03
  -4.2449400e-03
  -8.1873800e-03
  -1.3958800e-02
  -1.9168200e-02
  -2.1857300e-02
  -2.3375600e-02
  -2.5753800e-02
  -2.8738000e-02
  -3.2102100e-02
  -3.6088700e-02
  -4.0769600e-02
  -4.5832100e-02
  -4.9938000e-02
  -5.2637600e-02
  -5.4164300e-02
  -5.4762200e-02
  -5.5539200e-02
  -5.6119800e-02
  -5.5052600e-02
  -5.2732000e-02
  -4.9398700e-02
  -4.4680100e-02
  -3.9932300e-02
  -3.5705900e-02
  -3.0370900e-02
  -2.3372900e-02
  -1.5789800e-02
  -8.8142700e-03
  -3.7250100e-03
  -1.3146500e-03
  -5.7977800e-04
   4.0587000e-04
   2.3319700e-03
   3.2820900e-03
   1.7569300e-03
   3.5174200e-04
   1.2093200e-03
   3.3953500e-03
   7.1669000e-03
   1.3966700e-02
   2.3339800e-02
   3.3201300e-02
   4.2240900e-02
   5.0416300e-02
   5.6736400e-02
   6.0442900e-02
   6.3004900e-02
   6.4347900e-02
   6.3492300e-02
   6.2205300e-02
   6.1887700e-02
   6.0398000e-02
   5.5921000e-02
   5.0864100e-02
   4.6625900e-02
   4.1586700e-02
   3.5498200e-02
   2.9373500e-02
   2.3156700e-02
   1.6586300e-02
   1.0897100e-02
   6.2106200e-03
   9.4265500e-04
  -4.4257800e-03
  -7.8767000e-03
  -9.9034000e-03
  -1.2698000e-02
  -1.5827100e-02
  -1.7524200e-02
  -1.8603300e-02
  -2.0147300e-02
  -2.1704900e-02
  -2.3725500e-02
  -2.5719500e-02
  -2.5526200e-02
  -2.2306600e-02
  -1.6927700e-02
  -1.1468600e-02
  -6.6593200e-03
  -1.0618100e-03
   5.0503100e-03
   8.7631700e-03
   8.8939000e-03
   8.1544900e-03
   9.2692700e-03
   1.1850400e-02
   1.4266600e-02
   1.6477100e-02
   1.8908500e-02
   2.1564700e-02
   2.6023900e-02
   3.2312300e-02
   3.7293900e-02
   4.1494600e-02
   4.8013200e-02
   5.5282600e-02
   5.9938000e-02
   6.2185600e-02
   6.3667400e-02
   6.4610700e-02
   6.5582300e-02
   6.7393200e-02
   6.9023500e-02
   6.9547100e-02
   6.9290400e-02
   6.8064600e-02
   6.4688400e-02
   5.8216100e-02
   5.0470000e-02
   4.4699800e-02
   3.9894400e-02
   3.3682000e-02
   2.6954400e-02
   2.1112200e-02
   1.6869300e-02
   1.4448700e-02
   1.3695000e-02
   1.3020300e-02
   9.8725100e-03
   4.9710000e-03
   1.6824800e-03
  -5.8667200e-05
  -4.1968000e-03
  -1.2030200e-02
  -2.0201700e-02
  -2.6381600e-02
  -3.2103300e-02
  -3.9942900e-02
  -5.1445200e-02
  -6.5125800e-02
  -7.6092400e-02
  -8.1266400e-02
  -8.2223600e-02
  -8.2139200e-02
  -8.3167100e-02
  -8.4937200e-02
  -8.5705700e-02
  -8.4840200e-02
  -8.3271500e-02
  -8.2183000e-02
  -8.0900600e-02
  -7.8614700e-02
  -7.6123100e-02
  -7.4405400e-02
  -7.3977600e-02
  -7.4444600e-02
  -7.4807800e-02
  -7.4886800e-02
  -7.5022100e-02
  -7.4739500e-02
  -7.3704700e-02
  -7.2487700e-02
  -7.1093300e-02
  -6.8931000e-02
  -6.5842500e-02
  -6.2342800e-02
  -5.8693100e-02
  -5.3504300e-02
  -4.6315200e-02
  -3.8830900e-02
  -3.1899300e-02
  -2.5504200e-02
  -2.0119500e-02
  -1.6493700e-02
  -1.4450600e-02
  -1.2296500e-02
  -9.5300100e-03
  -7.1648600e-03
  -4.2517600e-03
   5.8749300e-04
   6.4712500e-03
   1.2155900e-02
   1.7297100e-02
   2.1947500e-02
   2.6739900e-02
   3.2282300e-02
   3.8803700e-02
   4.6321100e-02
   5.3491800e-02
   5.9327000e-02
   6.5266200e-02
   7.1813400e-02
   7.6705800e-02
   7.8724900e-02
   7.8685600e-02
   7.7302300e-02
   7.5262600e-02
   7.3419200e-02
   7.2541000e-02
   7.3777800e-02
   7.6613800e-02
   7.8987600e-02
   8.0945900e-02
   8.2446200e-02
   8.0693500e-02
   7.3998300e-02
   6.3342600e-02
   5.0566900e-02
   3.9558600e-02
   3.4237600e-02
   3.3775300e-02
   3.3736800e-02
   3.2291500e-02
   3.0976500e-02
   2.9538700e-02
   2.6575100e-02
   2.2651900e-02
   1.9114700e-02
   1.6020600e-02
   1.3190800e-02
   1.1574600e-02
   1.1583800e-02
   1.1992700e-02
   1.1789300e-02
   1.0685600e-02
   8.0052700e-03
   4.4126100e-03
   2.1513200e-03
   1.3787300e-03
   2.4947900e-04
  -1.0203100e-03
  -1.6875900e-03
  -2.4523000e-03
  -2.5873700e-03
  -2.0872800e-03
  -3.1146000e-03
  -4.9575300e-03
  -5.2320600e-03
  -5.4217700e-03
  -7.9808000e-03
  -1.1039900e-02
  -1.3037700e-02
  -1.5236400e-02
  -1.6422100e-02
  -1.6008300e-02
  -1.5852400e-02
  -1.5758000e-02
  -1.4555100e-02
  -1.1815900e-02
  -7.6574600e-03
  -2.6983000e-03
   2.4935000e-03
   7.2882600e-03
   1.0767100e-02
   1.3527400e-02
   1.7447700e-02
   2.1951900e-02
   2.5763800e-02
   2.9305100e-02
   3.1929400e-02
   3.2735900e-02
   3.2921800e-02
   3.4070900e-02
   3.5442600e-02
   3.5383800e-02
   3.4575400e-02
   3.4031900e-02
   3.1840300e-02
   2.6275600e-02
   1.9244700e-02
   1.3140900e-02
   8.7095200e-03
   6.0346100e-03
   4.1368200e-03
   2.3038100e-03
   6.5937700e-04
  -9.1725300e-04
  -2.6780700e-03
  -4.6370200e-03
  -6.4439400e-03
  -8.1070200e-03
  -9.3562100e-03
  -1.0090400e-02
  -1.1038200e-02
  -1.2298900e-02
  -1.3757600e-02
  -1.4808900e-02
  -1.4961400e-02
  -1.5693300e-02
  -1.7402500e-02
  -1.8584000e-02
  -1.9153600e-02
  -1.9460600e-02
  -1.8967900e-02
  -1.7592500e-02
  -1.6133200e-02
  -1.5736700e-02
  -1.6309200e-02
  -1.6414600e-02
  -1.5569500e-02
  -1.4050800e-02
  -1.2495900e-02
  -1.1882400e-02
  -1.1424400e-02
  -9.5428000e-03
  -6.8981100e-03
  -5.3343300e-03
  -3.9802100e-03
  -1.5167000e-03
   4.8360900e-04
   1.9652300e-03
   4.8265600e-03
   8.8476100e-03
   1.2493800e-02
   1.5444000e-02
   1.8520700e-02
   2.2371400e-02
   2.6696400e-02
   3.0087200e-02
   3.2043800e-02
   3.3356500e-02
   3.4447200e-02
   3.5569200e-02
   3.6197100e-02
   3.5303600e-02
   3.2910000e-02
   2.9428000e-02
   2.5070100e-02
   2.0602100e-02
   1.6552300e-02
   1.2176500e-02
   6.8124600e-03
   1.5587000e-03
  -2.5365600e-03
  -6.7133100e-03
  -1.1603100e-02
  -1.6540300e-02
  -2.1805400e-02
  -2.6548600e-02
  -2.9258400e-02
  -3.1141900e-02
  -3.4063100e-02
  -3.7475600e-02
  -3.9722400e-02
  -4.0475900e-02
  -4.0531600e-02
  -4.0405000e-02
  -4.0111000e-02
  -3.9269700e-02
  -3.7590100e-02
  -3.5259400e-02
  -3.2046700e-02
  -2.8073400e-02
  -2.4429800e-02
  -2.0722500e-02
  -1.5974500e-02
  -1.0507400e-02
  -4.8749100e-03
   5.1072000e-04
   5.5509700e-03
   9.9762700e-03
   1.4132000e-02
   1.9371100e-02
   2.5067600e-02
   2.9862600e-02
   3.4664800e-02
   4.0182800e-02
   4.5010600e-02
   4.7928000e-02
   4.9597400e-02
   5.0655800e-02
   5.0322900e-02
   4.8689500e-02
   4.6610800e-02
   4.4569200e-02
   4.4046600e-02
   4.5792900e-02
   4.8033600e-02
   4.8221900e-02
   4.5690100e-02
   4.1572900e-02
   3.5824200e-02
   2.8274000e-02
   2.0882700e-02
   1.5081800e-02
   1.0297500e-02
   6.4228300e-03
   4.0033800e-03
   1.6947300e-03
  -2.7068000e-03
  -8.8630200e-03
  -1.4466400e-02
  -1.8686700e-02
  -2.2552200e-02
  -2.6129000e-02
  -2.8741300e-02
  -3.1091400e-02
  -3.4001300e-02
  -3.6972100e-02
  -3.9486900e-02
  -4.2121900e-02
  -4.5124500e-02
  -4.7385900e-02
  -4.8884300e-02
  -5.0477700e-02
  -5.1607700e-02
  -5.2253100e-02
  -5.2586100e-02
  -5.2615400e-02
  -5.3664500e-02
  -5.6159500e-02
  -5.8972900e-02
  -6.0637900e-02
  -6.1197900e-02
  -6.2740800e-02
  -6.5690900e-02
  -6.7587400e-02
  -6.8302000e-02
  -7.0765900e-02
  -7.3431600e-02
  -7.2195400e-02
  -6.8874700e-02
  -6.6387800e-02
  -6.3380100e-02
  -5.9101700e-02
  -5.4762200e-02
  -5.0911700e-02
  -4.6823600e-02
  -4.2135800e-02
  -3.7829300e-02
  -3.3719400e-02
  -2.9087200e-02
  -2.5057200e-02
  -2.1707800e-02
  -1.7435800e-02
  -1.2760600e-02
  -9.6489500e-03
  -8.4387200e-03
  -7.9035500e-03
  -6.5823900e-03
  -4.8059500e-03
  -4.3213300e-03
  -4.8500300e-03
  -4.8257400e-03
  -4.3006400e-03
  -4.4504300e-03
  -5.5146600e-03
  -6.8610200e-03
  -8.7856900e-03
  -1.1656500e-02
  -1.4623700e-02
  -1.7738500e-02
  -2.2017900e-02
  -2.6537900e-02
  -2.9598200e-02
  -3.1252300e-02
  -3.2135900e-02
  -3.2153700e-02
  -3.1728900e-02
  -3.1689300e-02
  -3.1335300e-02
  -2.9429300e-02
  -2.6669000e-02
  -2.4758200e-02
  -2.3622200e-02
  -2.2574400e-02
  -2.1706400e-02
  -2.0216100e-02
  -1.7964100e-02
  -1.5755200e-02
  -1.3268900e-02
  -1.0890300e-02
  -9.4890200e-03
  -8.3550700e-03
  -6.8065200e-03
  -5.6845500e-03
  -5.1842100e-03
  -3.7784300e-03
  -1.6182400e-03
   6.8104000e-04
   3.9099500e-03
   6.8456200e-03
   8.6262800e-03
   1.0931000e-02
   1.4218500e-02
   1.6999500e-02
   1.8723500e-02
   2.1021400e-02
   2.4911300e-02
   2.9440900e-02
   3.4273000e-02
   4.0085000e-02
   4.7460000e-02
   5.6654100e-02
   6.7278500e-02
   7.8911900e-02
   9.1348300e-02
   1.0362200e-01
   1.1321500e-01
   1.1907600e-01
   1.2443100e-01
   1.3157100e-01
   1.3788500e-01
   1.4065500e-01
   1.4118500e-01
   1.4147200e-01
   1.4184600e-01
   1.4219500e-01
   1.4144600e-01
   1.3899300e-01
   1.3581600e-01
   1.3246500e-01
   1.2867400e-01
   1.2552300e-01
   1.2411600e-01
   1.2202000e-01
   1.1611900e-01
   1.0811300e-01
   1.0196200e-01
   9.7657800e-02
   9.1551000e-02
   8.0713100e-02
   6.5416100e-02
   4.8543100e-02
   3.4020800e-02
   2.2795400e-02
   1.2098900e-02
   1.6866500e-03
  -6.3884300e-03
  -1.2279500e-02
  -1.6947700e-02
  -2.0800700e-02
  -2.4407300e-02
  -2.8139000e-02
  -3.2133700e-02
  -3.7016800e-02
  -4.2815800e-02
  -4.8240200e-02
  -5.2088200e-02
  -5.4457500e-02
  -5.6196700e-02
  -5.7352700e-02
  -5.7827500e-02
  -5.7583900e-02
  -5.5855400e-02
  -5.3060100e-02
  -5.1622100e-02
  -5.1936700e-02
  -5.1072700e-02
  -4.8521800e-02
  -4.6619100e-02
  -4.4834900e-02
  -4.2011500e-02
  -4.0054200e-02
  -3.9965900e-02
  -4.0451600e-02
  -4.0300000e-02
  -3.9431300e-02
  -3.8694500e-02
  -3.8110500e-02
  -3.6786700e-02
  -3.5112500e-02
  -3.4151400e-02
  -3.3244200e-02
  -3.1740600e-02
  -3.1211900e-02
  -3.2588300e-02
  -3.3902000e-02
  -3.3452600e-02
  -3.2204100e-02
  -3.0973400e-02
  -2.9529100e-02
  -2.8937400e-02
  -2.9469800e-02
  -2.9523000e-02
  -2.8371700e-02
  -2.7239800e-02
  -2.7650700e-02
  -2.8493000e-02
  -2.8476600e-02
  -2.8478800e-02
  -2.8996900e-02
  -2.9565900e-02
  -2.9252900e-02
  -2.7471200e-02
  -2.5510000e-02
  -2.5147100e-02
  -2.5148400e-02
  -2.3410000e-02
  -2.0849300e-02
  -1.8640500e-02
  -1.6681500e-02
  -1.5162300e-02
  -1.4009300e-02
  -1.2882500e-02
  -1.1365600e-02
  -9.5981400e-03
  -8.4064800e-03
  -7.6119700e-03
  -6.5703800e-03
  -5.0310600e-03
  -3.7737800e-03
  -3.4399600e-03
  -2.5563400e-03
  -9.3253300e-04
  -5.8418800e-04
  -1.3498400e-03
  -1.6356200e-03
  -2.0282000e-03
  -3.2814900e-03
  -4.5861600e-03
  -5.5521300e-03
  -6.6066100e-03
  -7.8628100e-03
  -8.7692200e-03
  -9.4126100e-03
  -1.0258300e-02
  -1.0814000e-02
  -1.0550700e-02
  -1.0407100e-02
  -1.1346200e-02
  -1.2518800e-02
  -1.3058500e-02
  -1.3034500e-02
  -1.3484600e-02
  -1.5040300e-02
  -1.6371400e-02
  -1.6683400e-02
  -1.6801300e-02
  -1.7400500e-02
  -1.8180000e-02
  -1.9073100e-02
  -1.9917900e-02
  -1.9849000e-02
  -1.9179400e-02
  -1.8897500e-02
  -1.8928900e-02
  -1.8329000e-02
  -1.6643500e-02
  -1.5133000e-02
  -1.5080500e-02
  -1.5632800e-02
  -1.5447200e-02
  -1.4337900e-02
  -1.2768700e-02
  -1.1655100e-02
  -1.0873200e-02
  -9.2155900e-03
  -6.9911400e-03
  -5.3502200e-03
  -4.0944600e-03
  -2.1692800e-03
  -3.4037500e-04
  -1.6523500e-04
  -1.9897900e-04
   1.3488600e-03
   3.2524900e-03
   4.8567700e-03
   7.3354600e-03
   1.0589000e-02
   1.3827600e-02
   1.7096800e-02
   2.0563200e-02
   2.3828600e-02
   2.6715600e-02
   2.9190700e-02
   3.1499700e-02
   3.4608500e-02
   3.7737000e-02
   3.9648400e-02
   4.1531000e-02
   4.4348700e-02
   4.6740900e-02
   4.7508100e-02
   4.8325800e-02
   5.1297500e-02
   5.5031400e-02
   5.6797400e-02
   5.6180800e-02
   5.4769400e-02
   5.3155900e-02
   4.9218300e-02
   4.1540400e-02
   3.1907000e-02
   2.2147500e-02
   1.2189300e-02
   1.8104500e-03
  -6.9812500e-03
  -1.2533500e-02
  -1.7565900e-02
  -2.3581300e-02
  -2.8026600e-02
  -2.9950200e-02
  -3.2003900e-02
  -3.6404500e-02
  -4.0878600e-02
  -4.2995800e-02
  -4.4486400e-02
  -4.7151900e-02
  -5.0188500e-02
  -5.1921100e-02
  -5.1479400e-02
  -4.9389400e-02
  -4.7206500e-02
  -4.6101700e-02
  -4.4736700e-02
  -4.1416600e-02
  -3.7279100e-02
  -3.4080200e-02
  -3.1992500e-02
  -2.9842200e-02
  -2.6737800e-02
  -2.4009700e-02
  -2.2971800e-02
  -2.2180400e-02
  -2.0600900e-02
  -1.9693900e-02
  -1.9937200e-02
  -1.9875300e-02
  -1.8634800e-02
  -1.6598500e-02
  -1.4810600e-02
  -1.3513300e-02
