   1.6592200e-01
   1.7333400e-01
   1.7913200e-01
   1.8442300e-01
   1.8779300e-01
   1.8827100e-01
   1.8629900e-01
   1.8257100e-01
   1.7815300e-01
   1.7376800e-01
   1.6966100e-01
   1.6578100e-01
   1.6191500e-01
   1.5859600e-01
   1.5623900e-01
   1.5485600e-01
   1.5477600e-01
   1.5676900e-01
   1.6124700e-01
   1.6710400e-01
   1.7292300e-01
   1.7738000e-01
   1.8012600e-01
   1.8383900e-01
   1.8951600e-01
   1.9639300e-01
   2.0395900e-01
   2.1002200e-01
   2.1340700e-01
   2.1392600e-01
   2.1149100e-01
   2.0636900e-01
   1.9676400e-01
   1.7866200e-01
   1.4946400e-01
   1.0933300e-01
   6.0755800e-02
   6.8466600e-03
  -5.1682000e-02
  -1.1515300e-01
  -1.8175500e-01
  -2.4447600e-01
  -2.9465700e-01
  -3.2867000e-01
  -3.4838000e-01
  -3.5949100e-01
  -3.6820400e-01
  -3.7865500e-01
  -3.9178700e-01
  -4.0727200e-01
  -4.2373500e-01
  -4.3808700e-01
  -4.4898700e-01
  -4.5612600e-01
  -4.5926600e-01
  -4.5906600e-01
  -4.5562000e-01
  -4.4834600e-01
  -4.3674200e-01
  -4.2205500e-01
  -4.0784400e-01
  -3.9683700e-01
  -3.9013100e-01
  -3.8536100e-01
  -3.7507500e-01
  -3.4970900e-01
  -3.0166600e-01
  -2.3200100e-01
  -1.4953300e-01
  -6.2725800e-02
   2.4907500e-02
   1.1466100e-01
   2.0640100e-01
   2.9810300e-01
   3.8814500e-01
   4.6812500e-01
   5.2170000e-01
   5.3653900e-01
   5.1222900e-01
   4.5536100e-01
   3.7530300e-01
   2.8345800e-01
   1.8613900e-01
   7.9379200e-02
  -4.1933400e-02
  -1.6690000e-01
  -2.6926700e-01
  -3.3241800e-01
  -3.6487300e-01
  -3.8820100e-01
  -4.1544200e-01
  -4.4023600e-01
  -4.4591400e-01
  -4.2008300e-01
  -3.5881300e-01
  -2.6782300e-01
  -1.6531800e-01
  -7.3497700e-02
  -2.4438200e-03
   5.2260300e-02
   1.0126400e-01
   1.5502300e-01
   2.1729100e-01
   2.8149300e-01
   3.3629900e-01
   3.7370600e-01
   3.9363700e-01
   4.0177700e-01
   4.0380500e-01
   4.0208800e-01
   3.9631300e-01
   3.8701600e-01
   3.7573900e-01
   3.6423000e-01
   3.5442400e-01
   3.4646700e-01
   3.3936700e-01
   3.3249000e-01
   3.2485000e-01
   3.1596200e-01
   3.0652500e-01
   2.9673100e-01
   2.8421000e-01
   2.6536700e-01
   2.3967700e-01
   2.0962800e-01
   1.7909000e-01
   1.5076200e-01
   1.2306500e-01
   9.3206600e-02
   5.9014300e-02
   1.7842200e-02
  -3.2661100e-02
  -9.4046300e-02
  -1.6934200e-01
  -2.6096700e-01
  -3.6381200e-01
  -4.6221100e-01
  -5.3187500e-01
  -5.5502400e-01
  -5.3537600e-01
  -4.9081000e-01
  -4.3663500e-01
  -3.7958800e-01
  -3.2266000e-01
  -2.7004700e-01
  -2.2698800e-01
  -1.9530000e-01
  -1.7167400e-01
  -1.5110400e-01
  -1.2971300e-01
  -1.0600700e-01
  -8.1463100e-02
  -5.7990000e-02
  -3.5800700e-02
  -1.3880300e-02
   8.7363700e-03
   3.1800200e-02
   5.5151400e-02
   7.9037500e-02
   1.0411400e-01
   1.3005700e-01
   1.5546400e-01
   1.7986800e-01
   2.0139600e-01
   2.1687900e-01
   2.2416000e-01
   2.2187500e-01
   2.1013900e-01
   1.9031600e-01
   1.6483100e-01
   1.3815500e-01
   1.1369700e-01
   9.1545000e-02
   6.9394800e-02
   4.3983500e-02
   1.4112000e-02
  -1.9081200e-02
  -5.3579100e-02
  -8.7932800e-02
  -1.2044400e-01
  -1.4682400e-01
  -1.6137200e-01
  -1.5901800e-01
  -1.3799700e-01
  -1.0118200e-01
  -5.5192600e-02
  -8.3869600e-03
   3.4182700e-02
   7.1910900e-02
   1.0549800e-01
   1.3565300e-01
   1.6406900e-01
   1.9212000e-01
   2.1732000e-01
   2.3513100e-01
   2.4202700e-01
   2.3812500e-01
   2.2618000e-01
   2.0895100e-01
   1.8840400e-01
   1.6428000e-01
   1.3701400e-01
   1.0860800e-01
   8.2069500e-02
   5.9852300e-02
   4.1526700e-02
   2.6136600e-02
   1.1814500e-02
  -2.7906900e-03
  -1.7540800e-02
  -3.4402600e-02
  -5.4504600e-02
  -7.5984900e-02
  -9.7149100e-02
  -1.1754200e-01
  -1.3742500e-01
  -1.5890500e-01
  -1.8426000e-01
  -2.1135000e-01
  -2.3443400e-01
  -2.4467500e-01
  -2.3396100e-01
  -2.0281700e-01
  -1.6005600e-01
  -1.1799500e-01
  -8.5301300e-02
  -6.0366700e-02
  -3.4193800e-02
  -8.3556300e-04
   3.7427000e-02
   7.3613800e-02
   1.0090100e-01
   1.1704300e-01
   1.2439900e-01
   1.2652900e-01
   1.2591600e-01
   1.2178900e-01
   1.1174900e-01
   9.4557600e-02
   6.9976600e-02
   3.8406000e-02
   1.5275900e-03
  -3.8401600e-02
  -7.9520500e-02
  -1.1948100e-01
  -1.5608500e-01
  -1.8877500e-01
  -2.1951000e-01
  -2.5111000e-01
  -2.8433600e-01
  -3.1586200e-01
  -3.3971200e-01
  -3.5123900e-01
  -3.4929100e-01
  -3.3715000e-01
  -3.1975300e-01
  -2.9991000e-01
  -2.7816800e-01
  -2.5434600e-01
  -2.2869200e-01
  -2.0214800e-01
  -1.7518000e-01
  -1.4860700e-01
  -1.2454400e-01
  -1.0265500e-01
  -8.1283300e-02
  -6.0431400e-02
  -4.1100600e-02
  -2.5967500e-02
  -1.7303400e-02
  -1.4763500e-02
  -1.6416300e-02
  -1.8200500e-02
  -1.5069300e-02
  -4.5850900e-03
   1.3134400e-02
   3.5326300e-02
   5.8602100e-02
   8.1379500e-02
   1.0378200e-01
   1.2759000e-01
   1.5411300e-01
   1.8327000e-01
   2.1471600e-01
   2.4652500e-01
   2.7346500e-01
   2.9152200e-01
   3.0063300e-01
   3.0353800e-01
   3.0430200e-01
   3.0461900e-01
   3.0245100e-01
   2.9402200e-01
   2.7650500e-01
   2.5087300e-01
   2.2245000e-01
   1.9699000e-01
   1.7746000e-01
   1.6415300e-01
   1.5460800e-01
   1.4583500e-01
   1.3699200e-01
   1.2866900e-01
   1.2347600e-01
   1.2411900e-01
   1.3125000e-01
   1.4464700e-01
   1.6271100e-01
   1.8144200e-01
   1.9514500e-01
   1.9780100e-01
   1.8515500e-01
   1.5731900e-01
   1.1764000e-01
   7.0554900e-02
   1.9615400e-02
  -3.2188300e-02
  -8.1699600e-02
  -1.2746100e-01
  -1.6792700e-01
  -2.0056200e-01
  -2.2288800e-01
  -2.3428400e-01
  -2.3800000e-01
  -2.3797600e-01
  -2.3543300e-01
  -2.2910500e-01
  -2.1750700e-01
  -2.0078400e-01
  -1.8062100e-01
  -1.5880100e-01
  -1.3629700e-01
  -1.1323400e-01
  -8.8833600e-02
  -6.1886200e-02
  -3.1922200e-02
   3.0314900e-04
   3.4862500e-02
   7.0417000e-02
   1.0257600e-01
   1.2826300e-01
   1.4701800e-01
   1.6003900e-01
   1.6893900e-01
   1.7374100e-01
   1.7312600e-01
   1.6621000e-01
   1.5340400e-01
   1.3656300e-01
   1.1793300e-01
   9.9124500e-02
   8.0320200e-02
   6.0257100e-02
   3.7487900e-02
   1.2292000e-02
  -1.2517400e-02
  -3.4314700e-02
  -5.2736400e-02
  -6.8953700e-02
  -8.4288300e-02
  -1.0208500e-01
  -1.2443500e-01
  -1.4906500e-01
  -1.7357900e-01
  -1.9656600e-01
  -2.1845200e-01
  -2.3952600e-01
  -2.5815300e-01
  -2.7248400e-01
  -2.7998000e-01
  -2.7834700e-01
  -2.6857000e-01
  -2.5451800e-01
  -2.3842100e-01
  -2.2061300e-01
  -2.0116300e-01
  -1.7932700e-01
  -1.5550000e-01
  -1.3075700e-01
  -1.0646200e-01
  -8.4218500e-02
  -6.3685900e-02
  -4.4942500e-02
  -2.7992500e-02
  -1.1168300e-02
   5.1335100e-03
   1.9991200e-02
   3.3885300e-02
   4.5426700e-02
   5.1249300e-02
   4.8904700e-02
   3.7595300e-02
   1.9103600e-02
  -3.6278900e-03
  -2.9833200e-02
  -5.9506800e-02
  -9.1671800e-02
  -1.2430600e-01
  -1.5253900e-01
  -1.6923500e-01
  -1.7213300e-01
  -1.6553100e-01
  -1.5567100e-01
  -1.4860600e-01
  -1.4675100e-01
  -1.4830000e-01
  -1.4989800e-01
  -1.4820500e-01
  -1.4189500e-01
  -1.3157100e-01
  -1.1937700e-01
  -1.0722900e-01
  -9.5480900e-02
  -8.3850000e-02
  -6.9938100e-02
  -5.0882500e-02
  -2.6936000e-02
   2.9215800e-04
   2.8792800e-02
   5.5529800e-02
   7.9207400e-02
   1.0092700e-01
   1.2093800e-01
   1.3920200e-01
   1.5649400e-01
   1.7273000e-01
   1.8811000e-01
   2.0279400e-01
   2.1096700e-01
   1.8795700e-01
   1.0825800e-01
  -5.9036800e-03
  -9.3117100e-02
  -1.1586700e-01
  -8.9962700e-02
  -5.6948000e-02
  -4.3658600e-02
  -4.6163400e-02
  -4.6736100e-02
  -3.5482900e-02
  -1.3259100e-02
   1.2733600e-02
   3.5846300e-02
   5.4362200e-02
   7.0841200e-02
   8.7914400e-02
   1.0534700e-01
   1.2246600e-01
   1.3928000e-01
   1.5455500e-01
   1.6708000e-01
   1.7598800e-01
   1.7897600e-01
   1.7430700e-01
   1.6152500e-01
   1.4145000e-01
   1.1638100e-01
   9.0088700e-02
   6.7172000e-02
   4.9105600e-02
   3.4706200e-02
   2.1757100e-02
   8.7282800e-03
  -2.3734200e-03
  -1.0368800e-02
  -1.5276900e-02
  -1.7191500e-02
  -1.7419400e-02
  -1.6803200e-02
  -1.5782000e-02
  -1.5083100e-02
  -1.4946500e-02
  -1.4837900e-02
  -1.5350100e-02
  -1.8241400e-02
  -2.4422900e-02
  -3.4170200e-02
  -4.6897600e-02
  -6.0703900e-02
  -7.5087600e-02
  -8.9445900e-02
  -1.0218600e-01
  -1.1281300e-01
  -1.2077800e-01
  -1.2664500e-01
  -1.3217900e-01
  -1.3853400e-01
  -1.4536900e-01
  -1.5125500e-01
  -1.5362800e-01
  -1.4926600e-01
  -1.3951300e-01
  -1.2757800e-01
  -1.1522300e-01
  -1.0360000e-01
  -9.1682900e-02
  -7.8035600e-02
  -6.2580100e-02
  -4.7271300e-02
  -3.4319800e-02
  -2.5256600e-02
  -2.1245900e-02
  -2.1668800e-02
  -2.5068300e-02
  -3.1491100e-02
  -4.0912800e-02
  -5.1790000e-02
  -6.2406100e-02
  -7.0612000e-02
  -7.4065300e-02
  -7.1754300e-02
  -6.3956300e-02
  -5.2044200e-02
  -3.8648600e-02
  -2.5526400e-02
  -1.3598600e-02
  -3.3097300e-03
   5.7626600e-03
   1.3594700e-02
   1.9699600e-02
   2.3424100e-02
   2.5819500e-02
   2.9010000e-02
   3.3767700e-02
   3.9867100e-02
   4.7013700e-02
   5.4915000e-02
   6.2473200e-02
   6.8788400e-02
   7.3353800e-02
   7.5278100e-02
   7.4518100e-02
   7.1792700e-02
   6.8527000e-02
   6.7337400e-02
   6.9211900e-02
   7.3742500e-02
   8.1203200e-02
   9.0974400e-02
   1.0199200e-01
   1.1378400e-01
   1.2607500e-01
   1.3965900e-01
   1.5480300e-01
   1.7035600e-01
   1.8565600e-01
   1.9973800e-01
   2.1111800e-01
   2.1969000e-01
   2.2582100e-01
   2.2877900e-01
   2.2820300e-01
   2.2384900e-01
   2.1539800e-01
   2.0346900e-01
   1.8958200e-01
   1.7570300e-01
   1.6300700e-01
   1.5120100e-01
   1.3868300e-01
   1.2394000e-01
   1.0638000e-01
   8.6280000e-02
   6.4904300e-02
   4.4114700e-02
   2.4518900e-02
   5.6102000e-03
  -1.2225300e-02
  -2.7943700e-02
  -3.9298100e-02
  -4.3878600e-02
  -4.1633700e-02
  -3.3271700e-02
  -2.0394700e-02
  -4.8110200e-03
   1.2944000e-02
   3.1690700e-02
   5.0222500e-02
   6.7262700e-02
   8.1637600e-02
   9.2797900e-02
   9.8598000e-02
   9.6802100e-02
   8.7253300e-02
   7.1027200e-02
   5.1343300e-02
   3.2031300e-02
   1.4891100e-02
   6.0180000e-04
  -1.1012000e-02
  -2.0601000e-02
  -2.7927200e-02
  -3.3116800e-02
  -3.7439100e-02
  -4.1865800e-02
  -4.7265600e-02
  -5.4355200e-02
  -6.1916700e-02
  -6.7872500e-02
  -7.1494600e-02
  -7.2518100e-02
  -7.1483800e-02
  -7.0011500e-02
  -6.9088700e-02
  -6.8033700e-02
  -6.5980700e-02
  -6.2923700e-02
  -5.8639900e-02
  -5.3373400e-02
  -4.7338600e-02
  -4.1042700e-02
  -3.6357500e-02
  -3.4406400e-02
  -3.5372900e-02
  -3.8927500e-02
  -4.3635800e-02
  -4.8858200e-02
  -5.4802200e-02
  -6.0710700e-02
  -6.6828100e-02
  -7.3544000e-02
  -8.0297300e-02
  -8.6763700e-02
  -9.2407500e-02
  -9.6879100e-02
  -1.0059900e-01
  -1.0364500e-01
  -1.0526800e-01
  -1.0532300e-01
  -1.0447300e-01
  -1.0386400e-01
  -1.0405800e-01
  -1.0544300e-01
  -1.0824300e-01
  -1.1197700e-01
  -1.1611000e-01
  -1.2026500e-01
  -1.2417200e-01
  -1.2713100e-01
  -1.2767600e-01
  -1.2430000e-01
  -1.1642800e-01
  -1.0450900e-01
  -8.9615500e-02
  -7.2092800e-02
  -5.1444300e-02
  -2.8304000e-02
  -4.4426600e-03
   1.8423500e-02
   3.8482500e-02
   5.4625100e-02
   6.7680000e-02
   7.7643600e-02
   8.4155500e-02
   8.8389700e-02
   9.0446300e-02
   8.9868100e-02
   8.6862800e-02
   8.2017300e-02
   7.5763400e-02
   6.8666000e-02
   6.2309500e-02
   5.8374800e-02
   5.7546400e-02
   5.9925400e-02
   6.4364400e-02
   6.9421400e-02
   7.4656100e-02
   7.9858900e-02
   8.5399000e-02
   9.1131000e-02
   9.6984600e-02
   1.0298700e-01
   1.0855400e-01
   1.1353700e-01
   1.1681300e-01
   1.1757400e-01
   1.1655000e-01
   1.1364400e-01
   1.0893500e-01
   1.0230900e-01
   9.3219500e-02
   8.3633600e-02
   7.5632400e-02
   7.0442500e-02
   6.8599600e-02
   6.9960900e-02
   7.4927900e-02
   8.2742300e-02
   9.2089600e-02
   1.0104800e-01
   1.0755200e-01
   1.1054500e-01
   1.0983000e-01
   1.0522900e-01
   9.6855400e-02
   8.6615700e-02
   7.6429100e-02
   6.7464300e-02
   5.9936700e-02
   5.3069200e-02
   4.6201200e-02
   3.8416800e-02
   2.9026800e-02
   1.8874000e-02
   8.5951100e-03
  -1.8688100e-03
  -1.1743600e-02
  -2.0986100e-02
  -3.0660800e-02
  -4.0634100e-02
  -4.9570600e-02
  -5.6270300e-02
  -6.0824900e-02
  -6.4236000e-02
  -6.7248500e-02
  -7.0336000e-02
  -7.3253100e-02
  -7.5417800e-02
  -7.6550900e-02
  -7.6857000e-02
  -7.7559900e-02
  -7.9731900e-02
  -8.3446500e-02
  -8.8387000e-02
  -9.3100400e-02
  -9.6041600e-02
  -9.6420200e-02
  -9.3941200e-02
  -8.9491000e-02
  -8.4321400e-02
  -7.9126000e-02
  -7.3394200e-02
  -6.6414300e-02
  -5.9272600e-02
  -5.3611800e-02
  -4.9869400e-02
  -4.7580800e-02
  -4.5955300e-02
  -4.3844400e-02
  -4.0280200e-02
  -3.5268100e-02
  -2.9236300e-02
  -2.2420500e-02
  -1.5550900e-02
  -9.5808000e-03
  -4.4841600e-03
   9.8259400e-05
   3.4129000e-03
   4.7781300e-03
   4.7286700e-03
   3.2353200e-03
   6.5727200e-04
  -2.0663900e-03
  -4.4596500e-03
  -6.8783000e-03
  -1.0689400e-02
  -1.6211200e-02
  -2.3071600e-02
  -3.0045900e-02
  -3.4927400e-02
  -3.6736500e-02
  -3.6218400e-02
  -3.4065100e-02
  -3.0587500e-02
  -2.6517100e-02
  -2.2789000e-02
  -2.0231300e-02
  -1.8330000e-02
  -1.6111100e-02
  -1.3424700e-02
  -1.1104300e-02
  -1.0682600e-02
  -1.3089700e-02
  -1.8246100e-02
  -2.5684700e-02
  -3.4398400e-02
  -4.3057000e-02
  -5.0365000e-02
  -5.4764400e-02
  -5.5320300e-02
  -5.2234600e-02
  -4.6434400e-02
  -3.8823700e-02
  -3.0867400e-02
  -2.2920400e-02
  -1.3927200e-02
  -3.7641600e-03
   7.5359900e-03
   2.0037800e-02
   3.3031400e-02
   4.5459500e-02
   5.6195500e-02
   6.3637600e-02
   6.7627200e-02
   6.9499400e-02
   7.0362900e-02
   7.0725700e-02
   7.0607200e-02
   6.9683400e-02
   6.7483500e-02
   6.4479300e-02
   6.1060700e-02
   5.7228000e-02
   5.3701200e-02
   5.0661900e-02
   4.7403100e-02
   4.3357300e-02
   3.8392700e-02
   3.2771500e-02
   2.6747500e-02
   1.9743700e-02
   1.1943500e-02
   3.9119700e-03
  -4.5652900e-03
  -1.2999700e-02
  -2.1239400e-02
  -2.9190200e-02
  -3.6028200e-02
  -4.0212000e-02
  -4.0317200e-02
  -3.7161600e-02
  -3.2479100e-02
  -2.7758000e-02
  -2.4555500e-02
  -2.2852500e-02
  -2.1909700e-02
  -2.1823000e-02
  -2.2587600e-02
  -2.3796200e-02
  -2.5672400e-02
  -2.8221200e-02
  -3.0544200e-02
  -3.2427800e-02
  -3.4036800e-02
  -3.5215200e-02
  -3.5456200e-02
  -3.4059000e-02
  -3.0663400e-02
  -2.5597800e-02
  -1.9529600e-02
  -1.3443100e-02
  -7.1400500e-03
   3.2052000e-04
   8.0188800e-03
   1.4184500e-02
   1.7208100e-02
   1.7054400e-02
   1.5779300e-02
   1.4816700e-02
   1.3925600e-02
   1.2143700e-02
   8.8039700e-03
   3.9272700e-03
  -1.8273900e-03
  -7.7935600e-03
  -1.3797100e-02
  -1.8949500e-02
  -2.2401000e-02
  -2.4284200e-02
  -2.5298900e-02
  -2.5955100e-02
  -2.6227000e-02
  -2.6216000e-02
  -2.5389600e-02
  -2.4354700e-02
  -2.4489800e-02
  -2.5862700e-02
  -2.8233700e-02
  -3.0571900e-02
  -3.2010800e-02
  -3.2631900e-02
  -3.2633300e-02
  -3.2702900e-02
  -3.2595500e-02
  -3.1802300e-02
  -3.0802700e-02
  -2.9151900e-02
  -2.6754200e-02
  -2.4063600e-02
  -2.1841200e-02
  -2.1001200e-02
  -2.1676500e-02
  -2.4120900e-02
  -2.8485200e-02
  -3.4507800e-02
  -4.1766600e-02
  -4.9125400e-02
  -5.4452700e-02
  -5.5912400e-02
  -5.2809500e-02
  -4.5738900e-02
  -3.6448100e-02
  -2.7096400e-02
  -1.9162000e-02
  -1.3038300e-02
  -7.7517200e-03
  -1.8203000e-03
   5.7584100e-03
   1.4759700e-02
   2.3854700e-02
   3.2080100e-02
   3.9082400e-02
   4.5616200e-02
   5.2729100e-02
   6.1024000e-02
   7.1194500e-02
   8.2177700e-02
   9.1815500e-02
   1.0003300e-01
   1.0733400e-01
   1.1391100e-01
   1.2064200e-01
   1.2804700e-01
   1.3553900e-01
   1.4174700e-01
   1.4656400e-01
   1.5152400e-01
   1.5707500e-01
   1.6234300e-01
   1.6666500e-01
   1.6911200e-01
   1.6887300e-01
   1.6691000e-01
   1.6372500e-01
   1.5805400e-01
   1.4882700e-01
   1.3449500e-01
   1.1349900e-01
   8.6442900e-02
   5.4935200e-02
   2.1018900e-02
  -1.3297100e-02
  -4.7562600e-02
  -8.1473000e-02
  -1.1315600e-01
  -1.3866100e-01
  -1.5524600e-01
  -1.6141500e-01
  -1.5684600e-01
  -1.4523700e-01
  -1.3100600e-01
  -1.1724900e-01
  -1.0533500e-01
  -9.4730200e-02
  -8.3877400e-02
  -7.1936700e-02
  -5.9497200e-02
  -4.7275900e-02
  -3.5885700e-02
  -2.4909600e-02
  -1.3710100e-02
  -3.1099700e-03
   6.1510100e-03
   1.4166400e-02
   2.1132500e-02
   2.7800500e-02
   3.3993100e-02
   3.8598800e-02
   4.1282500e-02
   4.2015900e-02
   4.0783500e-02
   3.7410200e-02
   3.2306000e-02
   2.6423200e-02
   2.0826400e-02
   1.6304800e-02
   1.2449600e-02
   8.3657400e-03
   3.2742600e-03
  -2.7424700e-03
  -8.8830900e-03
  -1.4391200e-02
  -1.8786900e-02
  -2.2608400e-02
  -2.6371500e-02
  -3.0389000e-02
  -3.4627300e-02
  -3.7893800e-02
  -3.9124300e-02
  -3.7945400e-02
  -3.4576000e-02
  -2.9434100e-02
  -2.2979700e-02
  -1.6430100e-02
  -1.1265600e-02
  -8.8633500e-03
  -1.0298300e-02
  -1.5102500e-02
  -2.2434900e-02
  -3.1385500e-02
  -4.0288400e-02
  -4.8232600e-02
  -5.5084600e-02
  -6.0888100e-02
  -6.5799500e-02
  -6.9644100e-02
  -7.2385700e-02
  -7.4833900e-02
  -7.8114200e-02
  -8.2044800e-02
  -8.5675800e-02
  -8.9077000e-02
  -9.2374000e-02
  -9.6608100e-02
  -1.0324700e-01
  -1.1195500e-01
  -1.2170500e-01
  -1.3038800e-01
  -1.3551600e-01
  -1.3695900e-01
  -1.3601500e-01
  -1.3358700e-01
  -1.2999600e-01
  -1.2474700e-01
  -1.1798000e-01
  -1.1036000e-01
  -1.0191900e-01
  -9.2672900e-02
  -8.1986400e-02
  -6.9755700e-02
  -5.7156900e-02
  -4.5246700e-02
  -3.4087600e-02
  -2.2904400e-02
  -1.0999400e-02
   1.8988100e-03
   1.4917900e-02
   2.6794300e-02
   3.6700100e-02
   4.4600400e-02
   5.1387600e-02
   5.7794600e-02
   6.3377100e-02
   6.7238100e-02
   6.9481000e-02
   7.0729800e-02
   7.1801900e-02
   7.3203000e-02
   7.4902800e-02
   7.6677200e-02
   7.7512100e-02
   7.6414900e-02
   7.3128900e-02
   6.7227900e-02
   5.8105300e-02
   4.6236400e-02
   3.3596000e-02
   2.2283700e-02
   1.2902600e-02
   5.0350000e-03
  -2.0223900e-03
  -9.0274700e-03
  -1.5344400e-02
  -1.9932000e-02
  -2.2622700e-02
  -2.2975600e-02
  -2.1086900e-02
  -1.7865000e-02
  -1.3794500e-02
  -9.8454100e-03
  -6.7843900e-03
  -4.7915000e-03
  -4.1682500e-03
  -4.8294500e-03
  -6.6249000e-03
  -9.0370600e-03
  -1.1442300e-02
  -1.4250200e-02
  -1.7870900e-02
  -2.2050700e-02
  -2.6465100e-02
  -3.0630900e-02
  -3.4233300e-02
  -3.7494900e-02
  -4.0391300e-02
  -4.2533000e-02
  -4.3713900e-02
  -4.4035800e-02
  -4.3887800e-02
  -4.3025600e-02
  -4.1505600e-02
  -3.9257800e-02
  -3.5822300e-02
  -3.1223300e-02
  -2.5518100e-02
  -1.9533100e-02
  -1.4158000e-02
  -9.1551600e-03
  -4.1714700e-03
   1.3133600e-03
   8.0476600e-03
   1.5786600e-02
   2.4451500e-02
   3.4232900e-02
   4.4505000e-02
   5.4454300e-02
   6.2965600e-02
   6.8848400e-02
   7.1759600e-02
   7.1427600e-02
   6.7774000e-02
   6.0792700e-02
   5.0187400e-02
   3.6504000e-02
   2.1377800e-02
   6.1234000e-03
  -8.2871200e-03
  -2.0838800e-02
  -3.0591000e-02
  -3.6386800e-02
  -3.7783400e-02
  -3.4555900e-02
  -2.6825100e-02
  -1.5446800e-02
  -1.8926900e-03
   1.1613400e-02
   2.2890600e-02
   3.1549800e-02
   3.9007500e-02
   4.5746600e-02
   5.1912800e-02
   5.7492300e-02
   6.1324100e-02
   6.2543000e-02
   6.1476900e-02
   5.9763500e-02
   5.9037700e-02
   5.9973700e-02
   6.2777800e-02
   6.6385300e-02
   6.9596600e-02
   7.2241900e-02
   7.4158200e-02
   7.5664600e-02
   7.7836000e-02
   8.1550000e-02
   8.6268900e-02
   9.1496700e-02
   9.7095100e-02
   1.0256600e-01
   1.0771600e-01
   1.1260300e-01
   1.1788300e-01
   1.2345000e-01
   1.2779800e-01
   1.2960200e-01
   1.2878200e-01
   1.2629600e-01
   1.2347600e-01
   1.2091000e-01
   1.1792500e-01
   1.1354600e-01
   1.0722100e-01
   9.9342600e-02
   9.0323200e-02
   8.0232600e-02
   6.9408400e-02
   5.8573300e-02
   4.8841700e-02
   4.0969300e-02
   3.4733800e-02
   2.9182300e-02
   2.4034600e-02
   1.9526200e-02
   1.5859500e-02
   1.3364500e-02
   1.1607200e-02
   9.2317400e-03
   5.2166200e-03
  -2.6090200e-04
  -6.3506800e-03
  -1.2611200e-02
  -1.9319300e-02
  -2.6382300e-02
  -3.3261500e-02
  -3.9565300e-02
  -4.5428000e-02
  -5.0665700e-02
  -5.4618500e-02
  -5.7115000e-02
  -5.7794200e-02
  -5.6672400e-02
  -5.3954500e-02
  -5.0302500e-02
  -4.7055000e-02
  -4.4343200e-02
  -4.2096500e-02
  -4.0440200e-02
  -3.9080100e-02
  -3.7634800e-02
  -3.5822500e-02
  -3.3602100e-02
  -3.0612700e-02
  -2.7451900e-02
  -2.4860500e-02
  -2.2457500e-02
  -2.0619900e-02
  -1.9282600e-02
  -1.8242400e-02
  -1.7950500e-02
  -1.7962800e-02
  -1.7864900e-02
  -1.7334500e-02
  -1.6091500e-02
  -1.5084800e-02
  -1.5598400e-02
  -1.7330700e-02
  -1.9807900e-02
  -2.3251200e-02
  -2.7045300e-02
  -3.1412200e-02
  -3.6753000e-02
  -4.2197300e-02
  -4.7725800e-02
  -5.3206800e-02
  -5.7779500e-02
  -6.1287000e-02
  -6.3493800e-02
  -6.4218200e-02
  -6.4021700e-02
  -6.3292500e-02
  -6.1908800e-02
  -5.9977500e-02
  -5.7978900e-02
  -5.5868200e-02
  -5.3499400e-02
  -5.0814600e-02
  -4.7711900e-02
  -4.4421000e-02
  -4.1036300e-02
  -3.7374000e-02
  -3.2600400e-02
  -2.6139300e-02
  -1.8233300e-02
  -9.3523100e-03
  -3.2098500e-04
   8.3814400e-03
   1.6268700e-02
   2.3121100e-02
   2.9164500e-02
   3.4088500e-02
   3.7681300e-02
   3.9642100e-02
   3.9935200e-02
   3.9377400e-02
   3.8411400e-02
   3.7258200e-02
   3.6040000e-02
   3.4728300e-02
   3.3939700e-02
   3.3823100e-02
   3.3873000e-02
   3.4278100e-02
   3.5568000e-02
   3.8034200e-02
   4.1647000e-02
   4.5995600e-02
   5.0165700e-02
   5.3418200e-02
   5.5989000e-02
   5.8636700e-02
   6.1639700e-02
   6.4674800e-02
   6.7257400e-02
   6.8346000e-02
   6.7124400e-02
   6.3214600e-02
   5.7106400e-02
   5.0569600e-02
   4.4912300e-02
   4.0258600e-02
   3.6084300e-02
   3.1897700e-02
   2.7498300e-02
   2.2951000e-02
   1.8088800e-02
   1.2474900e-02
   5.5230600e-03
  -3.0396600e-03
  -1.1998600e-02
  -1.9789600e-02
  -2.5963200e-02
  -3.0997400e-02
  -3.5507100e-02
  -3.9480000e-02
  -4.2979200e-02
  -4.6222100e-02
  -4.9273900e-02
  -5.2419200e-02
  -5.5689800e-02
  -5.9144900e-02
  -6.3058900e-02
  -6.6985500e-02
  -7.0404300e-02
  -7.3399700e-02
  -7.5499000e-02
  -7.6829500e-02
  -7.7927300e-02
  -7.7589200e-02
  -7.5297600e-02
  -7.1539000e-02
  -6.6221700e-02
  -5.9906000e-02
  -5.3086100e-02
  -4.5620100e-02
  -3.7768900e-02
  -2.9812900e-02
  -2.1880400e-02
  -1.4245900e-02
  -6.4648300e-03
   2.0114100e-03
   1.1095800e-02
   2.0271300e-02
   2.8178200e-02
   3.3710800e-02
   3.6742300e-02
   3.7626700e-02
   3.6318500e-02
   3.2664600e-02
   2.7185600e-02
   2.0657400e-02
   1.3933500e-02
   7.5130400e-03
   1.5877200e-03
  -4.0134200e-03
  -8.8377100e-03
  -1.1789200e-02
  -1.3240900e-02
  -1.3983500e-02
  -1.4132000e-02
  -1.3686100e-02
  -1.2707200e-02
  -1.1953400e-02
  -1.2191600e-02
  -1.3509900e-02
  -1.6379300e-02
  -2.0695800e-02
  -2.5319200e-02
  -2.9395700e-02
  -3.2019400e-02
  -3.3324600e-02
  -3.4237500e-02
  -3.4669200e-02
  -3.4365000e-02
  -3.3184600e-02
  -3.0985900e-02
  -2.8283000e-02
  -2.5081300e-02
  -2.1226000e-02
  -1.7757600e-02
  -1.5001300e-02
  -1.2858600e-02
  -1.1339600e-02
  -9.5553700e-03
  -6.8943900e-03
  -3.4632200e-03
   3.3236900e-04
   3.9799800e-03
   6.7471800e-03
   7.9682400e-03
   7.3924100e-03
   5.0077600e-03
   8.4044300e-04
  -4.5873000e-03
  -9.8692900e-03
  -1.3835600e-02
  -1.5488200e-02
  -1.4620300e-02
  -1.2070600e-02
  -8.3203800e-03
  -3.7642800e-03
   9.7932200e-04
   5.6908400e-03
   1.1122500e-02
   1.7761800e-02
   2.5334600e-02
   3.3608900e-02
   4.1608600e-02
   4.8204000e-02
   5.3311600e-02
   5.7238200e-02
   6.0386000e-02
   6.3319700e-02
   6.6309200e-02
   6.8976900e-02
   7.0755800e-02
   7.0989400e-02
   6.9123400e-02
   6.5108700e-02
   5.9510900e-02
   5.3452100e-02
   4.7327900e-02
   4.1401400e-02
   3.6710900e-02
   3.3448900e-02
   3.0686600e-02
   2.7520400e-02
   2.3236800e-02
   1.8135100e-02
   1.3352300e-02
   9.8312700e-03
   8.3302100e-03
   8.7909000e-03
   1.0354500e-02
   1.2076100e-02
   1.3178200e-02
   1.3582400e-02
   1.4080400e-02
   1.5015800e-02
   1.6085100e-02
   1.7184200e-02
   1.8257100e-02
   1.8701800e-02
   1.8134800e-02
   1.6793100e-02
   1.4978700e-02
   1.3406300e-02
   1.2533200e-02
   1.2757400e-02
   1.4454800e-02
   1.7442200e-02
   2.1409600e-02
   2.5493500e-02
   2.8625600e-02
   3.0479700e-02
   3.1415600e-02
   3.1892000e-02
   3.2100800e-02
   3.1419400e-02
   2.9325700e-02
   2.6587900e-02
   2.3923200e-02
   2.1429000e-02
   1.9035800e-02
   1.6895900e-02
   1.5916200e-02
   1.7004200e-02
   2.0081400e-02
   2.4376100e-02
   2.9024600e-02
   3.3468400e-02
   3.7560300e-02
   4.0971500e-02
   4.3205500e-02
   4.4148500e-02
   4.3833500e-02
   4.2623600e-02
   4.0871000e-02
   3.8293000e-02
   3.4980200e-02
   3.0891500e-02
   2.5713300e-02
   1.9864300e-02
   1.3687100e-02
   7.4273500e-03
   1.0502200e-03
  -5.8472100e-03
  -1.2771900e-02
  -1.8934200e-02
  -2.4178800e-02
  -2.8210000e-02
  -3.0957100e-02
  -3.2644400e-02
  -3.3379900e-02
  -3.3356000e-02
  -3.2612100e-02
  -3.1519100e-02
  -3.0689600e-02
  -3.0067000e-02
  -2.8856000e-02
  -2.6491900e-02
  -2.3231800e-02
  -1.9850800e-02
  -1.6938400e-02
  -1.4732100e-02
  -1.3097600e-02
  -1.1400200e-02
  -9.0608100e-03
  -6.3661900e-03
  -4.0363200e-03
  -2.1410100e-03
  -3.7638500e-04
   1.2267100e-03
   2.4223500e-03
   2.6083400e-03
   9.6382800e-04
  -2.7231300e-03
  -8.1679200e-03
  -1.4430400e-02
  -2.0734900e-02
  -2.7017600e-02
  -3.2751300e-02
  -3.7045000e-02
  -3.9000800e-02
  -3.7824100e-02
  -3.3643600e-02
  -2.7733100e-02
  -2.1679500e-02
  -1.6666200e-02
  -1.2572700e-02
  -8.2942000e-03
  -3.2420200e-03
   2.6138200e-03
   8.9219200e-03
   1.5378800e-02
   2.1901000e-02
   2.8420700e-02
   3.4564500e-02
   3.9552800e-02
   4.3383000e-02
   4.6505600e-02
   4.9111000e-02
   5.1261800e-02
   5.2778100e-02
   5.3469200e-02
   5.3509700e-02
   5.3291400e-02
   5.2815600e-02
   5.1880200e-02
   5.0499100e-02
   4.8513400e-02
   4.6092400e-02
   4.3581900e-02
   4.0637200e-02
   3.6486700e-02
   3.0585900e-02
   2.3718900e-02
   1.7021200e-02
   1.0850300e-02
   5.2455400e-03
   1.5609200e-05
  -5.1792900e-03
  -1.0664200e-02
  -1.6524800e-02
  -2.2365300e-02
  -2.7583600e-02
  -3.1948500e-02
  -3.5457900e-02
  -3.8071000e-02
  -3.9182100e-02
  -3.7906600e-02
  -3.4100100e-02
  -2.8406000e-02
  -2.2220400e-02
  -1.6863400e-02
  -1.2420600e-02
  -8.6624700e-03
  -5.8363400e-03
  -4.2055400e-03
  -3.8430400e-03
  -4.6363000e-03
  -6.5302900e-03
  -9.5076700e-03
  -1.3308300e-02
  -1.7093300e-02
  -1.9942600e-02
  -2.0874500e-02
  -1.9386100e-02
  -1.6235800e-02
  -1.2467300e-02
  -9.3346500e-03
  -7.3319400e-03
  -6.5243200e-03
  -6.8598700e-03
  -7.6704200e-03
  -8.8655900e-03
  -1.0361100e-02
  -1.2191400e-02
  -1.4788400e-02
  -1.8159400e-02
  -2.2041000e-02
  -2.6365300e-02
  -3.1106700e-02
  -3.6341700e-02
  -4.2108600e-02
  -4.7761500e-02
  -5.2739400e-02
  -5.6976900e-02
  -6.0493900e-02
  -6.3101300e-02
  -6.4389500e-02
  -6.4399200e-02
  -6.3352400e-02
  -6.1855800e-02
  -6.0255900e-02
  -5.8171700e-02
  -5.5640000e-02
  -5.2724300e-02
  -4.9513600e-02
  -4.6180400e-02
  -4.2410000e-02
  -3.8168600e-02
  -3.4448900e-02
  -3.1518600e-02
  -2.8373300e-02
  -2.4726200e-02
  -2.0916400e-02
  -1.7484600e-02
  -1.5313800e-02
  -1.4451400e-02
  -1.4514200e-02
  -1.4941100e-02
  -1.5541700e-02
  -1.6781300e-02
  -1.8436500e-02
  -2.0332900e-02
  -2.2298500e-02
  -2.3524400e-02
  -2.3172900e-02
  -2.1331300e-02
  -1.8798600e-02
  -1.6672800e-02
  -1.5556700e-02
  -1.5103200e-02
  -1.5323400e-02
  -1.5735700e-02
  -1.5510200e-02
  -1.4703400e-02
  -1.3726100e-02
  -1.2654900e-02
  -1.1159000e-02
  -9.0976600e-03
  -6.5419200e-03
  -3.8912400e-03
  -1.0131900e-03
   1.8220400e-03
   4.0240300e-03
   5.9443900e-03
   6.9451000e-03
   7.0981600e-03
   6.9443400e-03
   5.8616900e-03
   4.0506300e-03
   1.5243500e-03
  -2.0560400e-03
  -6.1255800e-03
  -1.0211500e-02
  -1.4007500e-02
  -1.7731100e-02
  -2.2087200e-02
  -2.7085400e-02
  -3.2610800e-02
  -3.8739300e-02
  -4.5233300e-02
  -5.1176700e-02
  -5.5879800e-02
  -5.9192100e-02
  -6.1069800e-02
  -6.1163500e-02
  -5.8872700e-02
  -5.4357500e-02
  -4.8300300e-02
  -4.1638800e-02
  -3.4763700e-02
  -2.8245600e-02
  -2.2632700e-02
  -1.7503000e-02
  -1.3175700e-02
  -1.0585900e-02
  -1.0240900e-02
  -1.2149900e-02
  -1.5642200e-02
  -2.0388800e-02
  -2.6647300e-02
  -3.3684700e-02
  -4.0517900e-02
  -4.6206900e-02
  -4.9591600e-02
  -5.1039700e-02
  -5.1654500e-02
  -5.1580400e-02
  -5.0698900e-02
  -4.8886900e-02
  -4.6128100e-02
  -4.3000600e-02
  -4.0018900e-02
  -3.7079500e-02
  -3.4127400e-02
  -3.0586900e-02
  -2.5931600e-02
  -2.0804900e-02
  -1.5191500e-02
  -9.3843400e-03
  -3.9004000e-03
   1.5076200e-03
   6.5443000e-03
   1.0856500e-02
   1.4183100e-02
   1.7036200e-02
   1.9681500e-02
   2.1912400e-02
   2.3555400e-02
   2.4141200e-02
   2.3202800e-02
   2.0003700e-02
   1.5366400e-02
   1.0821800e-02
   7.0978800e-03
   4.9279900e-03
   4.4386100e-03
   4.8427500e-03
   5.7412300e-03
   7.0396300e-03
   8.8889800e-03
   1.1350000e-02
   1.3481500e-02
   1.5362500e-02
   1.7567000e-02
   1.9818800e-02
   2.2846900e-02
   2.7148700e-02
   3.1535100e-02
   3.5326900e-02
   3.8452000e-02
   4.0921600e-02
   4.3222900e-02
   4.5478000e-02
   4.7510700e-02
   4.9464600e-02
   5.0677000e-02
   5.0653200e-02
   5.0017500e-02
   4.8985300e-02
   4.7819200e-02
   4.6693400e-02
   4.5024500e-02
   4.2727000e-02
   4.0015800e-02
   3.6685200e-02
   3.3135700e-02
   2.9864600e-02
   2.7042600e-02
   2.4735800e-02
   2.2571400e-02
   2.0015000e-02
   1.7523900e-02
   1.5936200e-02
   1.5220500e-02
   1.5344900e-02
   1.5771000e-02
   1.5933400e-02
   1.5752000e-02
   1.5283100e-02
   1.5282800e-02
   1.5870100e-02
   1.7037800e-02
   1.9128600e-02
   2.1445000e-02
   2.3501900e-02
   2.5678300e-02
   2.8478900e-02
   3.1692500e-02
   3.4328700e-02
   3.6100300e-02
   3.6536100e-02
   3.5263400e-02
   3.2423000e-02
   2.7895900e-02
   2.2987600e-02
   1.8837600e-02
   1.5370800e-02
   1.3004900e-02
   1.1391400e-02
   1.0377400e-02
   1.1045100e-02
   1.2856500e-02
   1.4825600e-02
   1.6781800e-02
   1.7818500e-02
   1.7548800e-02
   1.6350500e-02
   1.3907300e-02
   1.0123600e-02
   5.1369700e-03
  -1.0526000e-03
  -8.1520100e-03
  -1.5694700e-02
  -2.2909100e-02
  -2.9645100e-02
  -3.5978800e-02
  -4.1161200e-02
  -4.4370800e-02
  -4.5632300e-02
  -4.5368300e-02
  -4.4501300e-02
  -4.3971800e-02
  -4.4012200e-02
  -4.4571700e-02
  -4.5216400e-02
  -4.5211400e-02
  -4.3980100e-02
  -4.1352100e-02
  -3.7235000e-02
  -3.2418200e-02
  -2.8157200e-02
  -2.5157700e-02
  -2.3806300e-02
  -2.3661200e-02
  -2.3266600e-02
  -2.2205000e-02
  -2.1341700e-02
  -2.1372000e-02
  -2.2649400e-02
  -2.4347500e-02
  -2.6047900e-02
  -2.7916000e-02
  -2.9460400e-02
  -3.0356700e-02
  -3.0446100e-02
  -2.9802600e-02
  -2.9225100e-02
  -2.9517000e-02
  -3.0455900e-02
  -3.2014800e-02
  -3.3814100e-02
  -3.4787500e-02
  -3.4232300e-02
  -3.1208100e-02
  -2.6070900e-02
  -2.0106500e-02
  -1.4115800e-02
  -9.2165100e-03
  -5.7591500e-03
  -3.3010800e-03
  -1.4009000e-03
  -4.6761900e-04
  -1.4514600e-03
  -4.2609600e-03
  -8.4364600e-03
  -1.2926500e-02
  -1.6122300e-02
  -1.7578100e-02
  -1.7282100e-02
  -1.5587800e-02
  -1.3141100e-02
  -9.8440300e-03
  -6.3428600e-03
  -3.5442800e-03
  -2.3134500e-03
  -2.3719200e-03
  -2.4337900e-03
  -2.5608200e-03
  -2.1182200e-03
  -7.8687600e-04
   2.6366200e-04
   1.1810500e-03
   2.1047100e-03
   2.7160300e-03
   3.2629800e-03
   3.4305200e-03
   3.2137100e-03
   3.0867500e-03
   3.3960000e-03
   4.3036100e-03
   5.8392200e-03
   8.2206300e-03
   1.1079100e-02
   1.4416400e-02
   1.8730500e-02
   2.3925200e-02
   2.9314400e-02
   3.3678800e-02
   3.6794600e-02
   3.9085500e-02
   4.0616700e-02
   4.1313300e-02
   4.1178800e-02
   4.0123700e-02
   3.7659600e-02
   3.3514600e-02
   2.8321200e-02
   2.3154700e-02
   1.8554100e-02
   1.4938000e-02
   1.2846900e-02
   1.2460700e-02
   1.4067500e-02
   1.6968800e-02
   2.0096500e-02
   2.3865000e-02
   2.7707300e-02
   3.0884400e-02
   3.3557700e-02
   3.5491800e-02
   3.6668900e-02
   3.7206800e-02
   3.7131100e-02
   3.6967800e-02
   3.7033600e-02
   3.7373800e-02
   3.7960200e-02
   3.8124800e-02
   3.7766300e-02
   3.6701000e-02
   3.4944000e-02
   3.2936700e-02
   3.1041400e-02
   2.9730300e-02
   2.8903600e-02
   2.8002500e-02
   2.6811500e-02
   2.6209400e-02
   2.6233800e-02
   2.6240800e-02
   2.6439000e-02
   2.6488800e-02
   2.5961500e-02
   2.4859400e-02
   2.3113500e-02
   2.1098500e-02
   1.9220600e-02
   1.7903400e-02
   1.7614400e-02
   1.7889800e-02
   1.8203900e-02
   1.8858200e-02
   1.9769700e-02
   2.0791500e-02
   2.1992000e-02
   2.3007800e-02
   2.2759000e-02
   1.9753900e-02
   1.4283700e-02
   8.8145300e-03
   5.7855300e-03
   5.9132400e-03
   7.9006700e-03
   9.5791700e-03
   9.9561500e-03
   9.3217100e-03
   7.9764800e-03
   6.8154800e-03
   7.1528900e-03
   8.7652500e-03
   1.0688900e-02
   1.2405000e-02
   1.3274100e-02
   1.3250300e-02
   1.2488000e-02
   1.0729900e-02
   8.1806800e-03
   4.9388800e-03
   1.3175500e-03
  -2.0024600e-03
  -5.1136300e-03
  -8.1627500e-03
  -1.1364200e-02
  -1.4788200e-02
  -1.7784200e-02
  -1.9894200e-02
  -2.1596700e-02
  -2.3559300e-02
  -2.5965400e-02
  -2.8792400e-02
  -3.1815300e-02
  -3.4554200e-02
  -3.6757900e-02
  -3.8762700e-02
  -4.0807400e-02
  -4.2546900e-02
  -4.3067300e-02
  -4.1803200e-02
  -3.9199400e-02
  -3.5548500e-02
  -3.1008600e-02
  -2.6427000e-02
  -2.1953700e-02
  -1.7354500e-02
  -1.2922200e-02
  -8.1980700e-03
  -2.2373600e-03
   4.9423500e-03
   1.2483300e-02
   1.9679500e-02
   2.6278600e-02
   3.2188600e-02
   3.7582000e-02
   4.2385300e-02
   4.6101100e-02
   4.8604400e-02
   4.9423700e-02
   4.8081800e-02
   4.4755700e-02
   3.9831800e-02
   3.3937800e-02
   2.7902200e-02
   2.2221700e-02
   1.6711600e-02
   1.1304600e-02
   6.8465200e-03
   4.1975500e-03
   3.2833800e-03
   3.5457600e-03
   4.2120000e-03
   4.9306700e-03
   5.9972700e-03
   7.4570400e-03
   9.1698600e-03
   1.1095300e-02
   1.2970000e-02
   1.4338600e-02
   1.5068300e-02
   1.5011600e-02
   1.3908900e-02
   1.1809200e-02
   8.7387400e-03
   5.5413100e-03
   2.9743800e-03
   1.1591300e-03
   4.7312400e-04
   6.2718300e-04
   8.8371400e-04
   8.3278400e-04
   6.5494500e-04
   5.1866400e-04
   4.6528000e-04
   4.9862700e-04
   6.1558600e-04
   1.1259600e-03
   2.0759300e-03
   2.9348800e-03
   2.6855900e-03
   1.0905500e-03
  -1.1429400e-03
  -3.5105800e-03
  -5.1947000e-03
  -5.5183800e-03
  -4.8795700e-03
  -3.5228400e-03
  -1.1327000e-03
   2.0592800e-03
   5.4026800e-03
   8.1055200e-03
   9.2480500e-03
   8.4868200e-03
   5.7662400e-03
   1.5566400e-03
  -3.1721000e-03
  -8.1463100e-03
  -1.3300300e-02
  -1.8718500e-02
  -2.4170800e-02
  -2.8865800e-02
  -3.2164500e-02
  -3.3740200e-02
  -3.4010800e-02
  -3.3791200e-02
  -3.3602100e-02
  -3.3134100e-02
  -3.1803400e-02
  -2.9730100e-02
  -2.7534400e-02
  -2.5306300e-02
  -2.3004400e-02
  -2.0902700e-02
  -1.9372300e-02
  -1.9201300e-02
  -1.9838500e-02
  -2.0337300e-02
  -2.1079200e-02
  -2.1954500e-02
  -2.2535600e-02
  -2.2690000e-02
  -2.2554400e-02
  -2.2272300e-02
  -2.1743100e-02
  -2.0719200e-02
  -1.9149300e-02
  -1.7520700e-02
  -1.5952200e-02
  -1.4755400e-02
  -1.4524000e-02
  -1.5735500e-02
  -1.8230100e-02
  -2.1202500e-02
  -2.4605800e-02
  -2.8519200e-02
  -3.2783200e-02
  -3.7176100e-02
  -4.1336700e-02
  -4.4907800e-02
  -4.7510200e-02
  -4.8653400e-02
  -4.7947200e-02
  -4.5595200e-02
  -4.2029100e-02
  -3.7715100e-02
  -3.3035800e-02
  -2.8028200e-02
  -2.2650300e-02
  -1.7027000e-02
  -1.0917000e-02
  -4.2353900e-03
   2.3352300e-03
   8.3363800e-03
   1.3684900e-02
   1.8365800e-02
   2.2457700e-02
   2.5847800e-02
   2.8072200e-02
   2.9017400e-02
   2.8683400e-02
   2.6618200e-02
   2.2564900e-02
   1.6534900e-02
   8.8031000e-03
   2.0601000e-06
  -8.8592700e-03
  -1.6779200e-02
  -2.3464400e-02
  -2.8531200e-02
  -3.2029600e-02
  -3.4648300e-02
  -3.6804600e-02
  -3.8623900e-02
  -3.9883700e-02
  -4.0283400e-02
  -3.9996800e-02
  -3.9270100e-02
