   1.1407700e-01
   4.7564600e-02
   3.7146400e-02
   3.7461600e-02
  -1.8492500e-02
  -6.9360900e-02
  -4.6333400e-02
   4.0759300e-02
   5.2962700e-02
   4.5780900e-02
   3.2170000e-02
   3.2335300e-02
   1.6478400e-02
   3.1276400e-03
  -3.6062800e-02
  -6.2303300e-02
   1.3506200e-02
   4.5516800e-03
  -2.1839800e-02
  -2.3036800e-03
   9.6722000e-02
   1.0472500e-01
  -1.4778200e-02
  -4.4027700e-02
   6.8142800e-02
   1.4780200e-01
   9.9955600e-02
  -2.0245200e-02
  -1.2928500e-01
  -1.4087700e-01
  -1.4203200e-01
  -1.5209600e-01
  -1.6690100e-01
  -1.4174300e-01
  -7.5508600e-02
  -9.7544700e-02
  -1.4296700e-01
  -9.3288200e-02
   3.6209000e-02
   8.7564000e-02
   2.7366700e-02
   7.8041600e-03
   9.4006400e-02
   2.1165200e-01
   2.2873600e-01
   4.1761100e-02
  -6.2931700e-02
  -2.2347900e-02
  -5.5688600e-02
  -8.4078200e-02
  -1.2172600e-01
  -9.8750900e-02
  -5.8064000e-02
  -5.4938700e-02
  -6.5624200e-02
   7.2629700e-03
   4.8083400e-02
  -6.2552900e-02
  -7.0267100e-02
   2.4578700e-03
   4.3218100e-02
   7.5375300e-03
  -5.0088400e-02
  -3.0350300e-02
   3.9029100e-02
   7.2401500e-02
   1.6419800e-02
   4.7562500e-02
   5.2623800e-02
  -9.5921000e-03
  -1.7999900e-02
  -1.9962400e-02
  -3.0274600e-02
  -7.6261200e-02
  -3.8737400e-02
   3.6230600e-02
   2.9775000e-02
  -9.2175100e-03
  -2.5598700e-02
   1.3985500e-02
   8.7608100e-02
   1.3322500e-01
   1.2111200e-01
   9.1079300e-02
   9.4508500e-02
   6.3948400e-02
   2.3669000e-03
  -2.3374800e-02
  -7.4770500e-02
  -1.1671500e-01
  -1.0920400e-01
  -6.7852800e-02
  -1.7263800e-02
  -1.4344200e-03
   2.1546200e-02
   1.5582400e-04
  -3.8585800e-02
  -1.7842000e-02
   4.8043900e-02
   1.1411900e-01
   1.3567500e-01
   1.0588700e-01
   7.4552800e-02
   4.3141900e-02
   2.0307200e-02
   6.0762100e-03
  -1.6146500e-02
  -2.3278300e-02
  -2.4499200e-02
  -1.3957500e-02
   1.3360200e-02
   6.9071600e-02
   7.2993500e-02
   2.5422800e-02
   2.0782800e-02
   8.6020400e-03
  -1.5126200e-02
  -1.7066200e-02
  -1.6417400e-02
   3.0287400e-02
   7.9437100e-02
   4.8169100e-02
  -2.1691700e-02
  -6.4526600e-02
  -7.3347500e-02
  -5.4860000e-02
  -3.0351400e-02
  -7.0341800e-03
   7.7190600e-04
  -2.1154000e-02
  -4.4022400e-02
  -2.6684600e-03
   6.5652200e-02
   8.8363500e-02
   1.0043800e-01
   9.0840200e-02
   5.7878900e-02
   9.5972200e-03
  -5.6790500e-02
  -7.0890900e-02
  -7.4372100e-02
  -6.8523400e-02
  -5.2866400e-02
  -4.5624400e-02
   2.3414400e-02
   5.4244900e-02
   4.9015400e-02
  -1.3031200e-02
  -6.8942400e-02
  -6.1819700e-02
  -5.8906600e-02
  -8.2011600e-02
  -1.5596300e-02
   1.1043800e-01
   8.4928800e-02
   3.4608200e-02
   2.2728300e-02
   3.4187000e-02
   5.2798900e-02
   3.5645900e-03
  -4.4654900e-02
  -3.8790800e-02
  -3.2309700e-02
  -3.0025900e-02
  -3.0113600e-02
   4.5286800e-03
   5.4976900e-02
   7.4666000e-02
   1.6091500e-02
  -6.3991700e-02
  -3.5058400e-02
   2.0316400e-02
   4.3538800e-02
   2.5242100e-02
   2.3557000e-02
   2.6989400e-02
   7.6736700e-03
  -8.3474500e-03
  -1.0233400e-01
  -1.4181900e-01
  -1.2188900e-01
  -1.1148400e-01
  -1.1277800e-01
  -1.4095100e-01
  -1.5410300e-01
  -1.3089000e-01
  -5.1684900e-02
   4.1710400e-02
   9.5125800e-02
   1.5520700e-01
   2.0096400e-01
   1.4370500e-01
   3.7920200e-02
  -2.6384700e-02
   6.1105400e-03
   2.7527300e-03
  -2.5767500e-02
   2.8372100e-02
   7.6258100e-02
   7.5168800e-02
   1.3067100e-02
  -3.7260700e-02
  -1.1923900e-02
   2.0430600e-02
   5.9292600e-02
   8.5060900e-02
   3.4507200e-03
  -1.0503800e-01
  -1.1453700e-01
  -4.3111200e-02
  -2.2250100e-02
  -3.5773200e-02
   9.9513600e-03
   1.5798000e-02
  -1.8816100e-03
   1.6945600e-02
   3.5159700e-02
   7.6161700e-02
   8.4876600e-02
  -4.0396700e-02
  -1.2707100e-01
  -4.2260200e-02
   4.7048000e-02
  -3.0195500e-02
  -1.4692900e-01
  -1.2637600e-01
  -7.9433900e-02
  -2.8779700e-02
   3.0713900e-02
   2.8576000e-02
  -5.8717600e-02
  -3.5641300e-03
   1.6759200e-01
   2.0702600e-01
   1.1145700e-01
  -1.5476600e-02
  -2.1614900e-03
   6.5225900e-02
  -4.6418200e-02
  -1.3243700e-01
  -7.5962500e-02
   2.9345700e-03
   1.4311500e-01
   1.6090600e-01
   9.6121800e-02
  -5.1478100e-03
  -2.6051700e-02
   5.7902500e-02
   1.0529200e-01
   7.6210600e-02
  -1.2780600e-01
  -3.6987200e-01
  -3.4630900e-01
  -4.0854700e-02
   1.0484600e-01
   2.0667600e-02
  -1.3282400e-01
  -2.4740600e-01
  -2.1145300e-01
  -6.3312900e-02
   4.0386400e-02
   5.9372700e-02
   4.3508800e-03
   3.8111900e-02
   1.6570900e-01
   2.3779800e-01
   2.5930200e-01
   2.2592500e-01
   1.6671700e-01
   6.3967000e-02
   5.1661700e-02
  -6.3716500e-02
  -2.1883300e-01
  -2.0335500e-01
  -8.8295400e-02
   9.2854600e-02
   2.2695400e-01
   2.6104200e-01
   1.7292400e-01
   7.1994700e-02
  -3.2851100e-02
  -7.5794100e-02
  -2.8543600e-02
   5.3164500e-02
   7.4668200e-02
   1.7138200e-02
  -1.9870500e-02
  -8.3335800e-02
  -1.3473700e-01
  -7.1933200e-02
   1.1901700e-01
   1.4614200e-01
   1.2781900e-04
  -5.8376300e-02
  -4.3515900e-02
  -7.6610800e-02
  -1.4937000e-01
  -8.7428900e-02
  -4.6305500e-02
  -7.5171500e-02
  -2.4112300e-02
   3.8742200e-02
  -2.3176900e-02
  -3.0119000e-02
   1.1019600e-01
   1.6702100e-01
   1.1909600e-01
   5.8158000e-02
   7.8343800e-02
   1.1909400e-01
   9.0745000e-02
  -6.3038500e-03
  -9.1499300e-02
  -1.3542800e-01
  -1.3367100e-01
  -1.0166500e-01
  -9.0669000e-02
  -9.4909100e-02
  -7.0233200e-02
  -4.9775000e-02
  -7.9083700e-02
  -9.3569700e-02
  -8.8140200e-02
  -6.3771400e-02
  -2.2844900e-02
  -2.3163600e-03
  -2.8729200e-02
  -5.8634600e-02
  -3.1664700e-02
   1.1997400e-02
   9.5942900e-03
  -1.7830400e-04
  -1.5823000e-02
  -2.0115200e-02
  -2.0287500e-02
  -2.3806500e-02
   2.3701000e-02
   4.6570500e-02
   4.4173500e-02
   4.8935900e-02
   3.8427900e-02
  -3.0422500e-03
  -3.5639400e-02
  -2.2558900e-02
  -2.0808500e-02
  -4.1692700e-03
   3.1978500e-02
   2.2040700e-02
   1.1354200e-02
  -1.7611800e-02
  -3.6477700e-02
  -3.5714700e-02
  -4.8521800e-02
  -5.1543000e-02
  -4.0265900e-02
   1.0512800e-02
   4.5604900e-02
   5.0454000e-02
   2.8426100e-02
  -1.8452000e-02
  -1.4991200e-02
   6.1473100e-02
   1.1690500e-01
   9.2102800e-02
   6.4515900e-02
   6.7269900e-02
   5.6522200e-02
   6.7803400e-02
   9.6436900e-02
   1.2465100e-01
   1.4540100e-01
   1.5987200e-01
   1.7126000e-01
   1.5848800e-01
   1.3213800e-01
   1.0577700e-01
   7.8527800e-02
   4.2326000e-02
  -1.7675500e-03
  -4.9811600e-02
  -4.4049600e-02
  -9.9468700e-03
  -2.0913900e-02
  -6.0439900e-02
  -7.4830000e-02
  -5.9273000e-02
  -5.0177600e-02
  -4.5649800e-02
  -4.2533700e-02
  -4.1108800e-02
  -3.9196200e-02
  -5.1597400e-02
  -6.2313500e-02
  -7.7386000e-02
  -9.3762100e-02
  -9.6644600e-02
  -8.4352600e-02
  -4.9085000e-02
  -2.5472000e-02
  -2.9217400e-02
  -4.3582100e-02
  -5.2282700e-02
  -4.8830900e-02
  -4.0423100e-02
  -2.9175500e-02
  -2.5808500e-02
  -3.7968900e-02
  -5.2245800e-02
  -6.1633900e-02
  -5.5987200e-02
  -2.0813500e-02
   1.0566800e-02
   1.5228300e-02
   1.3555500e-02
   1.2867000e-02
   1.8299500e-02
   2.9393100e-02
   3.6655500e-02
   3.5918000e-02
   4.0959900e-02
   5.8123500e-02
   7.2329000e-02
   7.6885400e-02
   5.6861800e-02
   2.0458000e-02
   2.4629800e-02
   6.0127800e-02
   7.4147800e-02
   7.2622900e-02
   6.8767300e-02
   6.3865200e-02
   6.3570400e-02
   5.9614900e-02
   4.4583100e-02
   2.2088100e-02
  -1.8144800e-02
  -4.5074800e-02
  -3.8860900e-02
  -4.7227000e-02
  -7.8993800e-02
  -8.8497200e-02
  -6.3969200e-02
  -5.0121700e-02
  -5.3199000e-02
  -6.7290300e-02
  -8.6706000e-02
  -7.1384600e-02
  -2.8581300e-02
  -3.9543700e-03
   5.3511000e-03
   1.4473000e-02
   2.5249300e-02
   2.7928800e-02
   2.2775800e-02
   6.3742200e-03
  -3.4431900e-02
  -7.6587400e-02
  -9.7372000e-02
  -1.1578200e-01
  -1.3881000e-01
  -1.5536800e-01
  -1.4266100e-01
  -1.0084900e-01
  -7.4239300e-02
  -5.5417300e-02
  -2.8788100e-02
  -6.1216600e-03
   3.3867900e-03
   5.4920800e-03
   1.5379000e-02
   3.7711900e-02
   5.4400100e-02
   5.4437800e-02
   4.1050300e-02
   2.0783000e-02
   1.6084900e-02
   3.6824500e-02
   6.7515300e-02
   9.4909500e-02
   1.0687600e-01
   9.5979500e-02
   8.1751500e-02
   8.2503300e-02
   9.2978600e-02
   9.9869800e-02
   9.7673700e-02
   8.7901100e-02
   5.8366000e-02
   8.4441600e-03
  -4.2497700e-02
  -6.8300600e-02
  -7.4092200e-02
  -5.3625900e-02
  -2.3159500e-02
  -9.3099100e-03
  -1.6935600e-03
   1.3980700e-03
   7.6629200e-03
   3.0748600e-02
   6.8800700e-02
   9.5264600e-02
   9.9617000e-02
   9.2654400e-02
   8.8710100e-02
   8.9391500e-02
   9.8413400e-02
   1.1551100e-01
   1.1990900e-01
   1.0777600e-01
   9.0952100e-02
   7.7844100e-02
   6.6095700e-02
   4.1686100e-02
  -2.7552400e-03
  -5.1237900e-02
  -7.6731800e-02
  -8.4921300e-02
  -9.3864700e-02
  -1.1429100e-01
  -1.3229600e-01
  -1.1622800e-01
  -8.3055700e-02
  -6.0635100e-02
  -4.7746400e-02
  -2.8347000e-02
   4.2267300e-03
   2.4235100e-02
   2.5923200e-02
   6.7522700e-03
  -2.4489300e-02
  -3.3228700e-02
  -2.4175100e-02
  -2.7007700e-02
  -3.6821100e-02
  -4.5324800e-02
  -4.1255000e-02
  -3.1135600e-02
  -1.6512900e-02
   1.2185900e-02
   2.3752700e-02
   2.4435100e-02
   2.9585000e-02
   3.2200300e-02
   3.5934500e-02
   1.0113300e-02
  -3.7365700e-02
  -5.4425200e-02
  -4.8418400e-02
  -3.9746400e-02
  -3.6396700e-02
  -3.9889200e-02
  -4.2951200e-02
  -4.2800200e-02
  -4.8408200e-02
  -6.1279600e-02
  -6.6790600e-02
  -6.2025200e-02
  -5.7883000e-02
  -5.1076500e-02
  -3.7483000e-02
  -2.7866400e-02
  -2.9075100e-02
  -4.1196800e-02
  -4.8302100e-02
  -4.2742100e-02
  -3.7588000e-02
  -2.9031200e-02
  -7.6020300e-03
   1.5318400e-02
   2.0415300e-02
   5.2928100e-03
  -9.4696500e-03
  -1.0650800e-02
  -1.0904800e-02
  -1.6948300e-02
  -3.1267000e-02
  -4.7526900e-02
  -5.0729600e-02
  -2.5458100e-02
  -2.4530500e-03
  -4.3471900e-03
  -1.5557000e-02
  -1.7012500e-02
  -2.6091100e-03
   3.3456500e-03
  -3.7719100e-03
  -9.6389400e-03
  -7.9161600e-03
   5.8859600e-04
   1.1537300e-02
   1.8732400e-02
   2.1138500e-02
   2.0317400e-02
   2.5969300e-02
   3.7245400e-02
   3.8862100e-02
   3.3189800e-02
   2.6206900e-02
   2.5080800e-02
   3.6775100e-02
   4.7939000e-02
   5.1832400e-02
   5.7017000e-02
   6.8607300e-02
   8.1897900e-02
   8.4453000e-02
   6.2829000e-02
   4.2343300e-02
   4.4841300e-02
   5.2678000e-02
   6.0658400e-02
   6.4432400e-02
   6.7386300e-02
   6.4938300e-02
   5.1431500e-02
   3.1801600e-02
   7.9111600e-03
  -1.5183700e-02
  -2.5530200e-03
   3.2113700e-02
   3.9488300e-02
   3.0256300e-02
   1.4063800e-02
  -1.3055700e-03
  -7.2685000e-03
   2.2440200e-03
   1.3111100e-02
   2.4295400e-02
   2.7804200e-02
   1.4153500e-02
  -2.5754900e-03
  -1.4216800e-02
  -1.9437100e-02
  -2.4466700e-02
  -3.1748500e-02
  -4.0700100e-02
  -4.4034400e-02
  -4.0265500e-02
  -3.3660000e-02
  -2.6105900e-02
  -1.7874500e-02
  -1.8094800e-02
  -2.8469300e-02
  -2.9126100e-02
