   7.7735400e-02
   3.8287800e-02
  -2.2431300e-03
  -6.3926500e-03
   2.5247600e-02
   4.4339800e-02
   3.1057200e-02
   2.2736000e-03
  -6.5832400e-03
   2.2005100e-02
   3.8299400e-02
   3.7929000e-02
   5.2455600e-02
   5.5062500e-02
   4.3988200e-02
   4.4311300e-02
   5.5616800e-02
   6.0061700e-02
   5.4120000e-02
   3.8109800e-02
   6.1132200e-03
  -1.6783000e-02
  -2.2022900e-02
  -3.3133000e-02
  -6.6259800e-02
  -7.5578800e-02
  -5.1390800e-02
  -2.0065800e-02
  -2.7679100e-03
  -3.6837200e-02
  -9.2783500e-02
  -1.2250400e-01
  -1.2252200e-01
  -1.0123400e-01
  -4.3930700e-02
   5.1656900e-03
  -1.7736700e-03
  -6.8484800e-03
   1.1091000e-02
   4.0101500e-02
   7.2044500e-02
   8.2869500e-02
   7.5642400e-02
   7.1475400e-02
   7.6358800e-02
   8.0962800e-02
   7.4315100e-02
   5.3065100e-02
   1.2715600e-02
  -3.5533800e-02
  -6.1144400e-02
  -6.2695100e-02
  -5.4481400e-02
  -5.4706200e-02
  -5.6447700e-02
  -4.6570400e-02
  -3.1385000e-02
  -3.2183000e-02
  -4.3243300e-02
  -5.4909400e-02
  -6.9993600e-02
  -6.9902200e-02
  -7.4202900e-02
  -8.2826400e-02
  -7.4952400e-02
  -7.1012600e-02
  -7.4176000e-02
  -6.4909700e-02
  -3.6288900e-02
   8.8976400e-03
   5.4539100e-02
   1.0635200e-01
   1.3471200e-01
   1.3249200e-01
   8.8847100e-02
   2.0758600e-02
  -1.2638700e-02
  -1.2403500e-02
   7.6267500e-03
   4.0003100e-02
   5.7776100e-02
   5.5023700e-02
   4.9335700e-02
   4.3315200e-02
   3.3353400e-02
   9.6644200e-03
  -2.0184300e-02
  -5.0093300e-02
  -6.6702400e-02
  -7.3481800e-02
  -8.1851500e-02
  -4.3689700e-02
   8.8836600e-03
   3.2487000e-02
   5.5482400e-03
  -6.6625500e-02
  -1.2782700e-01
  -1.5959800e-01
  -1.5963600e-01
  -1.4602500e-01
  -1.2133000e-01
  -9.7337800e-02
  -4.5254100e-02
   3.6233100e-02
   1.1933300e-01
   1.6783300e-01
   1.8009700e-01
   1.8043800e-01
   1.7583400e-01
   1.6283000e-01
   1.2089500e-01
   8.3131300e-02
   3.9701100e-02
  -1.6430100e-02
  -3.6757200e-02
  -1.3146900e-02
   1.2850300e-02
   1.9161500e-02
   2.9869800e-02
   5.6074000e-02
   6.4234500e-02
   2.3765400e-02
  -2.9325300e-02
  -5.0533700e-02
  -5.6967500e-02
  -6.0159700e-02
  -6.3841500e-02
  -5.3660500e-02
  -2.3658800e-02
  -3.0375200e-02
  -5.8634900e-02
  -8.5614600e-02
  -1.0788400e-01
  -1.2815600e-01
  -1.3608700e-01
  -1.0335800e-01
  -2.6394600e-02
   8.0702700e-02
   1.5113800e-01
   1.9751100e-01
   2.0246800e-01
   1.5027300e-01
   1.0560200e-01
   9.1096500e-02
   7.4563700e-02
   5.2409600e-02
   5.5365900e-02
   6.5208200e-02
   6.4425200e-02
   4.0980800e-02
   2.6736800e-02
   2.1865600e-02
   1.3993500e-02
   3.3695200e-03
  -7.6084400e-03
  -1.9836900e-02
  -4.1027100e-02
  -6.4203300e-02
  -9.7725300e-02
  -1.3070700e-01
  -1.6976500e-01
  -2.0064200e-01
  -1.9339200e-01
  -1.4523300e-01
  -6.2620300e-02
   2.1225000e-02
   7.2218100e-02
   6.5791400e-02
   3.3806500e-02
  -1.8600900e-02
  -6.6954700e-02
  -8.6392600e-02
  -7.9085100e-02
  -4.5653300e-02
  -2.3946500e-02
  -1.4593800e-02
   1.1556100e-02
   5.5500000e-02
   1.1033600e-01
   1.6874700e-01
   1.9543000e-01
   1.7759700e-01
   1.0949100e-01
   3.2547300e-02
  -1.5711800e-02
  -4.0918800e-02
  -4.9568200e-02
  -5.6436700e-02
  -7.1535500e-02
  -6.8348800e-02
  -3.5072200e-02
  -1.3618300e-02
  -9.4973000e-03
  -1.5745600e-02
  -3.9397200e-02
  -6.3114100e-02
  -8.8593500e-02
  -9.7455000e-02
  -8.2775000e-02
  -7.2749300e-02
  -6.4813500e-02
  -4.2141800e-02
  -1.7789100e-02
  -6.8525200e-03
  -2.1840200e-02
  -6.3056200e-02
  -7.9882000e-02
  -6.5649800e-02
  -5.2524300e-02
  -2.6182600e-02
   1.1317800e-02
   4.5284000e-02
   8.8368900e-02
   1.3661000e-01
   1.6318600e-01
   1.7269800e-01
   1.5624900e-01
   1.3201700e-01
   1.2433500e-01
   1.2394700e-01
   1.1645300e-01
   9.3065100e-02
   5.8086400e-02
   3.6794000e-02
   4.5493700e-02
   6.2919500e-02
   6.5828600e-02
   3.0327600e-02
  -3.3302000e-03
  -1.2783500e-02
   1.3062400e-02
   5.0604600e-02
   5.2564100e-02
   1.3391100e-02
  -3.1811100e-02
  -6.7221300e-02
  -9.6790000e-02
  -1.2333000e-01
  -1.5898300e-01
  -1.9135400e-01
  -2.1286800e-01
  -2.1406100e-01
  -2.0717000e-01
  -1.6856600e-01
  -9.8587700e-02
  -2.4162300e-02
   5.7812100e-02
   1.2172300e-01
   1.4004400e-01
   1.0810600e-01
   4.8871000e-02
  -9.5015100e-03
  -6.1184900e-02
  -9.7688600e-02
  -1.1137600e-01
  -1.0837200e-01
  -9.1915300e-02
  -6.5424800e-02
  -3.7143200e-02
  -9.9061300e-03
  -4.8027900e-04
  -6.6379900e-03
  -1.9539900e-02
  -1.3252600e-02
   7.3819800e-03
   2.2533100e-02
   1.3215400e-02
  -2.6820600e-02
  -6.2007500e-02
  -8.6158100e-02
  -9.0780700e-02
  -8.6577300e-02
  -9.2591200e-02
  -1.0669800e-01
  -1.0515600e-01
  -7.4828900e-02
  -4.2660100e-02
  -3.0106000e-02
  -2.6064800e-02
  -2.3860500e-02
  -2.0591500e-02
  -3.9205800e-03
   1.7915600e-02
   2.6289800e-02
   3.1837500e-02
   5.6174700e-02
   8.9046200e-02
   1.2231900e-01
   1.4752900e-01
   1.6393200e-01
   1.8181900e-01
   2.0507900e-01
   2.3530500e-01
   2.6377600e-01
   2.8242800e-01
   2.8403100e-01
   2.3218400e-01
   1.6070600e-01
   1.1599800e-01
   9.0773600e-02
   7.7461600e-02
   5.4599200e-02
   3.0926000e-02
   7.9820500e-03
  -1.1907000e-02
  -2.6086100e-02
  -3.3808500e-02
  -4.0261100e-02
  -5.6604700e-02
  -7.9709700e-02
  -9.5401500e-02
  -9.8394300e-02
  -8.6549100e-02
  -6.8789900e-02
  -5.9690600e-02
  -5.7962800e-02
  -6.7182600e-02
  -7.5851700e-02
  -7.5829300e-02
  -5.6465700e-02
  -2.9023700e-02
  -1.5754600e-02
  -2.6906400e-02
  -5.2710400e-02
  -6.2090400e-02
  -4.4805600e-02
  -1.2672700e-02
   3.9185700e-03
   4.8466700e-03
   2.3363500e-03
   3.5265900e-03
   7.0669100e-03
   1.1665000e-02
   3.9915100e-05
  -1.6129200e-02
  -1.5214400e-02
   1.4553500e-03
   2.3753400e-02
   2.6363500e-02
   9.3946800e-03
  -1.6009600e-02
  -2.7428600e-02
  -9.4797500e-03
   2.6239500e-02
   4.6355800e-02
   4.8691500e-02
   4.1034200e-02
   2.4458100e-02
   1.2271000e-02
   1.0394100e-02
   1.0872300e-02
   7.5938900e-03
   6.9103600e-03
   4.3653200e-03
  -6.6447000e-03
  -2.5842300e-02
  -4.9335000e-02
  -8.2673900e-02
  -1.1668200e-01
  -1.3060800e-01
  -1.3097500e-01
  -1.0692100e-01
  -6.4718500e-02
  -2.2490700e-02
   1.2520700e-02
   3.5994800e-02
   3.6121100e-02
   1.9621400e-02
   6.6009700e-03
  -9.0225300e-03
  -5.9871700e-03
   1.1022800e-04
   4.7806400e-03
   2.1960300e-02
   3.5210000e-02
   3.6961100e-02
   4.1171500e-02
   4.7710600e-02
   5.0026800e-02
   6.5799900e-02
   9.5834700e-02
   1.3201300e-01
   1.5571700e-01
   1.6199000e-01
   1.5309700e-01
   1.3176000e-01
   1.0180500e-01
   7.0356900e-02
   5.3561400e-02
   4.4984000e-02
   3.3473100e-02
   7.7393600e-03
  -2.1908200e-02
  -4.4128000e-02
  -5.9512900e-02
  -7.0428100e-02
  -7.8749400e-02
  -6.7107300e-02
  -3.7621400e-02
  -6.2861700e-03
   1.3244600e-02
   2.7283700e-02
   2.6915300e-02
  -7.4783300e-03
  -4.9285300e-02
  -8.2469100e-02
  -1.0175400e-01
  -1.1329700e-01
  -1.1605500e-01
  -1.1049300e-01
  -1.0481500e-01
  -9.6827900e-02
  -8.9114900e-02
  -7.9967700e-02
  -7.3709200e-02
  -6.5206700e-02
  -4.4822200e-02
  -2.2972000e-02
  -8.3046400e-03
   1.2313400e-02
   2.8791300e-02
   3.1391000e-02
   1.9666900e-02
   1.5464300e-03
  -9.0771000e-03
  -1.6029600e-02
  -1.7227300e-02
  -1.7732500e-02
  -2.5060400e-02
  -3.9028500e-02
  -5.9497100e-02
  -7.6929100e-02
  -7.6206100e-02
  -5.9793600e-02
  -3.2917800e-02
  -1.4643200e-03
   3.3112400e-02
   5.5550100e-02
   6.1173200e-02
   5.8554600e-02
   4.2436300e-02
   2.6883100e-02
   1.9179800e-02
   2.5521900e-02
   4.5240300e-02
   6.1646800e-02
   6.8046000e-02
   7.2182900e-02
   7.8256800e-02
   8.4209200e-02
   7.5585900e-02
   6.4419700e-02
   6.3853300e-02
   7.5580000e-02
   9.7373100e-02
   1.1183100e-01
   1.2090600e-01
   1.1343100e-01
   7.5931700e-02
   3.2076500e-02
   5.4899700e-03
  -1.0888400e-02
  -2.1553800e-02
  -2.2214000e-02
  -1.6907200e-02
  -1.2331800e-02
  -1.3364200e-02
  -2.3462500e-02
  -3.9570600e-02
  -5.5563500e-02
  -5.9340800e-02
  -5.2903800e-02
  -4.0283600e-02
  -1.8510000e-02
  -6.7043900e-04
   1.9088700e-03
  -1.2436700e-02
  -2.7505400e-02
  -2.6184800e-02
  -4.0612500e-03
   2.8616200e-02
   5.4607600e-02
   5.7614300e-02
   4.0861500e-02
   2.1593400e-02
   1.3818700e-02
   9.0091500e-03
  -1.3513700e-02
  -3.5444000e-02
  -4.2417000e-02
  -2.6671600e-02
   2.4289500e-04
   2.0014300e-02
   5.0108300e-03
  -3.6650300e-02
  -7.1778400e-02
  -9.2050200e-02
  -9.6898500e-02
  -7.6136700e-02
  -4.1912900e-02
  -2.3163600e-02
  -1.2940400e-02
  -6.7268200e-03
  -1.2191300e-02
  -3.9659100e-02
  -6.0566300e-02
  -5.7783100e-02
  -3.9891500e-02
  -9.8436300e-03
   2.0929500e-02
   3.6881000e-02
   4.6465600e-02
   5.1099200e-02
   4.8741700e-02
   2.5974000e-02
  -8.2748700e-03
  -2.6308800e-02
  -1.9368000e-02
   2.5515500e-03
   1.0790800e-02
   6.9879600e-03
   1.0471800e-03
   5.7929500e-03
   1.9473900e-02
   2.9868400e-02
   3.2967900e-02
   2.8752000e-02
   2.1719800e-02
   1.4694700e-02
   1.5898000e-02
   2.2196200e-02
   1.1006500e-02
  -1.9828400e-02
  -4.9849300e-02
  -6.8206500e-02
  -7.8975000e-02
  -8.6708900e-02
  -8.4855900e-02
  -7.7480600e-02
  -6.4867500e-02
  -4.2653300e-02
  -1.5798000e-02
   7.3812000e-03
   1.8319400e-02
   2.2075700e-02
   1.7980100e-02
   1.0796000e-02
  -4.3462500e-03
  -1.8513300e-02
  -1.6963200e-02
  -5.6558300e-03
   3.9012600e-03
   3.7787700e-04
  -1.2121500e-02
  -2.1099900e-02
  -1.2251700e-02
   2.4658800e-02
   5.8941700e-02
   7.1328200e-02
   6.9511300e-02
   5.6292800e-02
   4.7215500e-02
   3.1655100e-02
  -3.4586800e-03
  -4.7060900e-02
  -7.9421800e-02
  -9.2659600e-02
  -8.1223700e-02
  -5.4631600e-02
  -3.0582400e-02
  -1.3901600e-02
  -7.4279500e-03
  -1.0685100e-02
  -1.1362700e-02
  -5.0349500e-03
   7.4648400e-03
   1.9800400e-02
   3.2674500e-02
   3.9217500e-02
   2.8109400e-02
   3.0558500e-03
  -2.9155000e-02
  -5.3791400e-02
  -5.0728700e-02
  -1.1373300e-02
   3.1336800e-02
   6.8936800e-02
   9.7799400e-02
   1.0728300e-01
   9.4785700e-02
   6.2432000e-02
   2.8351400e-02
   6.8873800e-04
  -1.3808800e-02
  -2.3710300e-02
  -2.9967300e-02
  -2.5682600e-02
  -1.6856800e-02
  -8.6471800e-03
  -9.4186100e-03
  -1.7338200e-02
  -1.6496000e-02
   1.0814200e-02
   4.0784500e-02
   4.9066600e-02
   3.4186500e-02
   1.7690800e-02
   1.6828600e-02
   2.5743000e-02
   3.8459100e-02
   4.2460200e-02
   3.7390500e-02
   1.9521800e-02
   5.0558700e-03
   5.3095300e-03
   5.8151300e-03
  -2.2717400e-03
  -1.5857400e-02
  -1.4243100e-02
   1.2361100e-03
   7.9076100e-03
   5.5755800e-03
   8.4863400e-03
   1.9717200e-02
   3.1918200e-02
   3.7451400e-02
   3.7625500e-02
   3.5164900e-02
   3.0339000e-02
   2.1272900e-02
   1.4718100e-02
   1.1835200e-02
   1.9327400e-03
  -1.2070100e-02
  -2.4395100e-02
  -2.4263800e-02
  -6.5528800e-03
   2.4951600e-02
   4.2479900e-02
   4.1038400e-02
   9.9525200e-03
  -2.6023200e-02
  -4.4490600e-02
  -4.1646100e-02
  -2.0044900e-02
  -3.4722500e-03
   1.3617500e-02
   1.9591400e-02
   1.9779700e-02
   8.9133800e-03
  -1.1791900e-02
  -4.8572400e-02
  -7.5903600e-02
  -7.8804800e-02
  -5.2964400e-02
  -4.3260600e-03
   2.6352200e-02
   3.0022800e-02
   1.0392600e-02
   2.5249500e-04
   3.2377200e-03
   1.0828200e-02
   9.9966400e-03
  -3.8746500e-03
  -1.2247100e-02
  -1.9403300e-03
   1.2636200e-02
   1.4003700e-02
   4.7071000e-03
  -1.2582200e-02
  -2.6127100e-02
  -2.7158600e-02
  -1.8166600e-02
  -8.7492700e-03
  -1.7267600e-02
  -3.2517900e-02
  -3.6596200e-02
  -3.5863100e-02
  -2.2293300e-02
  -6.4822900e-04
   1.4839100e-02
   1.9988800e-02
   9.5651300e-03
  -1.3542300e-02
  -3.7790000e-02
  -5.5180300e-02
  -5.9929700e-02
  -5.4537300e-02
  -3.3918300e-02
  -4.4161000e-03
   2.9999400e-02
   5.6137600e-02
   6.5578400e-02
   5.9863100e-02
   2.9560600e-02
  -6.1825200e-03
  -2.7321300e-02
  -3.1924900e-02
  -3.4516000e-02
  -4.1281900e-02
  -4.6772900e-02
  -3.7278000e-02
  -6.3845400e-03
   2.4796600e-02
   4.0790900e-02
   3.8274200e-02
   2.9471300e-02
   3.2003700e-02
   5.4100700e-02
   7.9625900e-02
   8.4301300e-02
   5.7055800e-02
   9.7499100e-03
  -3.9398100e-02
  -7.6687500e-02
  -9.3282200e-02
  -8.4283000e-02
  -5.4454400e-02
  -3.2569600e-02
  -1.8009400e-02
  -7.2580100e-04
   7.1676900e-03
   7.2479800e-03
   2.6709500e-03
  -1.1553600e-03
  -2.2298200e-02
  -4.7949500e-02
  -5.1722700e-02
  -4.8879300e-02
  -5.1647800e-02
  -6.3154700e-02
  -6.9975800e-02
  -6.9426300e-02
  -5.2762800e-02
  -1.9799800e-02
   1.0550000e-02
   2.7534800e-02
   3.4954000e-02
   3.6350100e-02
   3.9209900e-02
   4.5185800e-02
   5.0330400e-02
   4.6797800e-02
   3.9459700e-02
   3.7503100e-02
   4.0854500e-02
   4.2973800e-02
   3.5071600e-02
   1.7004000e-02
  -4.7212500e-03
  -1.8920900e-02
  -1.8251100e-02
   8.9469400e-03
   5.0253600e-02
   8.7386400e-02
   1.0701900e-01
   1.1305100e-01
   1.2035100e-01
   1.1718400e-01
   1.0232100e-01
   8.7601000e-02
   4.9483400e-02
  -3.2366300e-03
  -2.9518200e-02
  -1.5109000e-02
   1.3183500e-02
   2.4277800e-02
   2.1325700e-02
   1.5516500e-02
   1.7525600e-02
   2.3986000e-02
   3.1939700e-02
   3.5948100e-02
   3.4058800e-02
   4.0336600e-02
   5.5109000e-02
   6.6315500e-02
   5.8403100e-02
   1.5524000e-02
  -3.2044900e-02
  -6.4797400e-02
  -8.9758100e-02
  -1.0130100e-01
  -1.0274600e-01
  -1.0052800e-01
  -9.7791600e-02
  -9.0257100e-02
  -8.4871800e-02
  -8.4003000e-02
  -8.0302700e-02
  -8.1047500e-02
  -8.2856200e-02
  -9.2427200e-02
  -1.0327000e-01
  -1.0500800e-01
  -8.0466400e-02
  -3.2909100e-02
   1.0793600e-02
   4.2156300e-02
   5.4529600e-02
   5.2553600e-02
   3.7605300e-02
   3.1327000e-02
   3.0663700e-02
   2.6826200e-02
   2.4086300e-02
   2.8088500e-02
   3.7902700e-02
   4.7715900e-02
   4.7623800e-02
   2.6885000e-02
   5.4730300e-04
  -1.4971200e-02
  -1.5578400e-02
   8.1517100e-03
   3.7917100e-02
   4.3384100e-02
   3.5292200e-02
   3.0821300e-02
   3.7627500e-02
   4.5961700e-02
   4.5268900e-02
   2.9727900e-02
   4.4368100e-03
  -1.7071100e-02
  -2.6676700e-02
  -2.9612500e-02
  -3.7168900e-02
  -5.3101500e-02
  -6.2128700e-02
  -5.9247400e-02
  -3.9461700e-02
  -6.5210400e-03
   1.2259000e-02
   2.0917500e-02
   3.4540400e-02
   5.6243800e-02
   6.8698800e-02
   4.8710600e-02
   7.7400800e-03
  -2.8786300e-02
  -4.8337900e-02
  -4.1281800e-02
  -2.0674900e-02
  -1.0232400e-02
  -1.7343000e-02
  -2.7647300e-02
  -3.0246400e-02
  -2.6500200e-02
  -2.7306200e-02
  -3.6165100e-02
  -3.8068600e-02
  -3.1668300e-02
  -1.8641100e-02
   2.0319400e-04
   9.8787100e-03
   1.5426300e-02
   2.0347600e-02
   2.2310900e-02
   2.4324200e-02
   2.0272500e-02
   9.0156000e-03
  -7.6891400e-03
  -1.1795800e-02
   5.1318700e-03
   1.5567300e-02
   1.8919600e-03
  -2.5864500e-02
  -3.8306600e-02
  -2.6890000e-02
  -6.4044700e-03
   4.6786600e-03
  -9.8922300e-03
  -3.2943400e-02
  -4.2532600e-02
  -2.7364400e-02
   2.6010000e-03
   2.2457100e-02
   1.6884700e-02
  -1.6178800e-02
  -3.9279900e-02
  -3.9738100e-02
  -1.6497600e-02
   2.0011100e-02
   3.9300200e-02
   4.2030500e-02
   3.0920500e-02
   8.8597700e-03
  -6.9014500e-03
  -4.6443700e-03
   3.1798800e-03
   4.8382300e-03
   7.0195700e-04
   1.6424600e-04
   2.5352000e-02
   6.0347000e-02
   7.8792500e-02
   8.2251100e-02
   7.7527300e-02
   5.2745300e-02
   2.1915600e-02
   9.9967300e-03
   2.0664800e-02
   4.6988800e-02
   6.9960000e-02
   8.2107000e-02
   8.1066500e-02
   6.0798900e-02
   1.4200100e-02
  -3.3931900e-02
  -5.5322400e-02
  -5.8101100e-02
  -4.3572300e-02
  -2.3069500e-02
  -1.2375900e-02
  -1.4434500e-02
  -2.5959600e-02
  -3.1284100e-02
  -2.1027200e-02
   6.9941300e-03
   2.7408300e-02
   3.4328800e-02
   3.4120600e-02
   3.7794500e-02
   5.6817400e-02
   7.4864100e-02
   7.4571200e-02
   5.3238800e-02
   2.5743500e-02
  -7.0710300e-03
  -3.3413700e-02
  -3.7156200e-02
  -2.6623800e-02
  -1.4159500e-02
  -4.0535200e-03
   2.8441100e-04
  -7.7227200e-03
  -3.0300500e-02
  -4.9233900e-02
  -5.6054800e-02
  -6.0009400e-02
  -6.6146900e-02
  -7.4480400e-02
  -7.9722300e-02
  -8.7710100e-02
  -9.5754900e-02
  -9.7682900e-02
  -8.8110300e-02
  -6.6011100e-02
  -5.3761000e-02
  -4.9565800e-02
  -5.1634500e-02
  -5.5915600e-02
  -5.9172500e-02
  -6.4719400e-02
  -6.2555100e-02
  -3.7209200e-02
  -2.9648600e-03
   1.3522300e-02
   2.2640000e-02
   3.6845400e-02
   5.9855500e-02
   8.6882300e-02
   1.2716400e-01
   1.5112900e-01
   1.4814600e-01
   1.1175700e-01
   6.2668100e-02
   3.4576200e-02
   2.9048700e-02
   2.8751800e-02
   1.8878100e-02
   1.0925000e-02
   2.3553600e-02
   5.5784500e-02
   7.2808200e-02
   8.7327800e-02
   9.7754100e-02
   9.2023700e-02
   7.0233300e-02
   4.4919900e-02
   2.3854800e-02
   1.1165900e-02
   1.1211700e-02
   2.3128300e-02
   3.3601600e-02
   4.4912300e-02
   3.4725500e-02
  -1.2901500e-04
  -2.9564200e-02
  -5.2910100e-02
  -7.2265700e-02
  -9.8437900e-02
  -1.1165200e-01
  -1.0241700e-01
  -5.2084200e-02
   6.5208300e-03
   3.7826600e-02
   3.7669500e-02
  -2.0422600e-04
  -3.8089100e-02
  -5.0411800e-02
  -4.3196400e-02
  -3.1292000e-02
  -2.5355700e-02
  -3.1445100e-02
  -4.2047100e-02
  -6.2675600e-02
  -8.8856000e-02
  -1.1317000e-01
  -1.2466600e-01
  -1.2127700e-01
  -1.0464800e-01
  -9.0826900e-02
  -7.9789500e-02
  -6.8106500e-02
  -5.5862400e-02
  -3.1221300e-02
  -9.6391900e-03
  -2.5012700e-03
  -6.5833500e-03
  -9.9391900e-03
  -8.9080100e-03
   8.5329400e-03
   4.0227400e-02
   7.4352500e-02
   9.8600900e-02
   9.8587600e-02
   5.6658400e-02
   1.3997900e-02
  -2.6352600e-03
   2.1403500e-03
   2.2158800e-02
   3.2175200e-02
   4.1812100e-02
   4.3679800e-02
   4.8894000e-02
   6.8756400e-02
   8.9920400e-02
   1.0521700e-01
   1.0781200e-01
   1.0176100e-01
   9.1805300e-02
   8.1861300e-02
   7.9349000e-02
   6.6172600e-02
   1.9481100e-02
  -2.8857700e-02
  -5.7346300e-02
  -5.4841200e-02
  -2.5964000e-02
   5.7335000e-03
   2.4611700e-02
   2.6559900e-02
   1.6501600e-02
   3.3055700e-04
  -8.0762800e-03
  -1.7946800e-02
  -2.5938500e-02
  -3.4576900e-02
  -4.1317000e-02
  -2.8204900e-02
  -1.7749900e-02
  -2.6777900e-02
  -5.2665500e-02
  -8.5344300e-02
  -1.1808400e-01
  -1.5083500e-01
  -1.7126800e-01
  -1.7792700e-01
  -1.6296600e-01
  -1.1330900e-01
  -5.4976700e-02
   4.2096700e-05
   5.0347500e-02
   7.6514600e-02
   6.3589200e-02
   6.0683500e-03
  -5.2844800e-02
  -9.3795700e-02
  -1.1391100e-01
  -1.1910300e-01
  -1.0856400e-01
  -9.4734000e-02
  -9.3328400e-02
  -8.6610600e-02
  -5.7949600e-02
  -1.3057400e-02
   2.1315700e-02
   3.9207500e-02
   4.3281500e-02
   4.2689900e-02
   2.9286100e-02
   1.8988200e-02
   1.9914400e-02
   2.3348800e-02
   3.0864200e-02
   5.4466100e-02
   7.9925300e-02
   9.2163300e-02
   8.8523000e-02
   8.2180700e-02
   8.1058800e-02
   7.7262400e-02
   1.0001100e-01
   1.1308100e-01
   1.1624500e-01
   1.2601700e-01
   1.3176400e-01
   1.2448100e-01
   9.4007100e-02
   5.5326700e-02
   2.3686400e-02
  -2.1093300e-03
  -2.9325900e-02
  -5.4022100e-02
  -8.1104000e-02
  -1.1700000e-01
  -1.4852100e-01
  -1.6031700e-01
  -1.5045000e-01
  -1.0452700e-01
  -4.7578200e-02
  -1.9558800e-02
  -2.3054200e-02
  -5.9053000e-02
  -1.1060200e-01
  -1.5524400e-01
  -1.9237700e-01
  -2.2304400e-01
  -2.4659800e-01
  -2.5526900e-01
  -2.1455000e-01
  -1.3542500e-01
  -4.0399500e-02
   5.3798700e-02
   1.2363100e-01
   1.6978300e-01
   1.8801300e-01
   1.7937400e-01
   1.5698200e-01
   1.3227000e-01
   1.1092200e-01
   1.0425100e-01
   1.1639800e-01
   1.4439600e-01
   1.7175900e-01
   1.8984500e-01
   1.9443800e-01
   1.8650900e-01
   1.7054100e-01
   1.6056000e-01
   1.4462600e-01
   1.1881200e-01
   9.5124900e-02
   6.9651600e-02
   5.2275000e-02
   4.4866800e-02
   4.0274900e-02
   3.8337000e-02
   3.1699000e-02
   1.9108200e-02
   1.0268100e-03
  -1.1816900e-02
  -1.9738100e-02
  -3.1392500e-02
  -3.7811200e-02
  -3.6967500e-02
  -2.8758400e-02
  -2.5120000e-02
  -1.8067600e-02
  -1.5009500e-02
  -2.3807800e-02
  -3.7188100e-02
  -3.6429000e-02
  -8.5196700e-03
   2.3097400e-02
   3.7260300e-02
   3.8903600e-02
   4.1528200e-02
   3.9461800e-02
   3.0231000e-02
   2.2849400e-02
   2.1600000e-02
   2.2973100e-02
   1.7056200e-02
   7.5153200e-03
   6.3761400e-03
   1.0515500e-02
   1.0452400e-02
  -3.6907900e-03
  -3.0107600e-02
  -5.2580100e-02
  -7.2100700e-02
  -9.0192300e-02
  -1.0731600e-01
  -1.2887800e-01
  -1.4623000e-01
  -1.5193300e-01
  -1.5093400e-01
  -1.4641400e-01
  -1.4362400e-01
  -1.2574600e-01
  -8.7445900e-02
  -4.3028800e-02
  -8.8015500e-03
   6.1559100e-03
  -6.4323400e-04
  -2.6201200e-02
  -3.7523000e-02
  -4.1451900e-02
  -2.4101500e-02
   1.8653000e-02
   7.0378400e-02
   1.1722400e-01
   1.6040100e-01
   1.9785700e-01
   2.1405700e-01
   2.1099000e-01
   1.8688100e-01
   1.5166300e-01
   1.2145600e-01
   1.0071300e-01
   8.5586500e-02
   6.6393300e-02
   3.9488000e-02
   4.9244500e-03
  -3.3096900e-02
  -6.9464800e-02
  -1.0175900e-01
  -1.2119300e-01
  -1.2944900e-01
  -1.3183600e-01
  -1.4389300e-01
  -1.5909500e-01
  -1.6527700e-01
  -1.6887100e-01
  -1.7342400e-01
  -1.7537500e-01
  -1.7162400e-01
  -1.5623700e-01
  -1.2536900e-01
  -9.5685000e-02
  -6.6210900e-02
  -3.3658400e-02
   1.3972000e-03
   3.2427900e-02
   6.0793300e-02
   7.8154900e-02
   7.9065000e-02
   8.0082100e-02
   8.6650200e-02
   9.9951200e-02
   1.1033900e-01
   1.1207100e-01
   1.0601600e-01
   8.6701300e-02
   6.4632800e-02
   4.9444200e-02
   4.0954000e-02
   2.6892500e-02
   9.3140400e-03
  -6.3457800e-03
  -2.0408300e-02
  -3.2346100e-02
  -5.0725200e-02
  -6.4964200e-02
  -8.4477600e-02
  -1.0309300e-01
  -1.1145700e-01
  -1.1860900e-01
  -1.2246700e-01
  -1.2363100e-01
  -1.1047000e-01
  -7.4301300e-02
  -2.8525500e-02
   1.6347600e-02
   4.7767900e-02
   5.8794400e-02
   6.0517400e-02
   6.4805800e-02
   7.9908100e-02
   9.8491800e-02
   1.1865500e-01
   1.3739400e-01
   1.4487500e-01
   1.4294600e-01
   1.3531400e-01
   1.3165800e-01
   1.3318100e-01
   1.3658200e-01
   1.3624800e-01
   1.2986100e-01
   1.0998800e-01
   7.2303400e-02
   2.8049000e-02
  -7.5956800e-03
  -2.3521700e-02
  -2.2839000e-02
  -6.7054100e-03
   1.6457000e-02
   2.6398200e-02
   2.2475600e-02
   1.3174500e-02
   4.1080000e-03
  -5.7000300e-03
  -1.3160000e-02
  -1.6775600e-02
  -1.8508300e-02
  -1.5090000e-02
  -9.3971100e-03
   3.4215200e-03
   1.9039000e-02
   3.4913600e-02
   4.6323600e-02
   4.8196600e-02
   4.3923100e-02
   3.7012900e-02
   2.5573900e-02
   8.3056100e-03
  -1.1231200e-02
  -3.3978900e-02
  -5.2766000e-02
  -6.8614400e-02
  -8.1732400e-02
  -9.3055100e-02
  -1.0015400e-01
  -1.0253000e-01
  -1.0168600e-01
  -9.0681300e-02
  -7.6132700e-02
  -6.2914300e-02
  -5.2308000e-02
  -4.4291500e-02
  -3.6043400e-02
  -2.6189900e-02
  -1.6415000e-02
  -1.4233900e-02
  -1.5696200e-02
  -1.0333800e-02
  -1.3493000e-03
   5.6584200e-03
   9.0696200e-03
   1.0540800e-02
   1.2668800e-02
   1.4604100e-02
   1.5451000e-02
   1.4888300e-02
   7.6068600e-03
  -7.7499300e-03
  -2.0242600e-02
  -2.4017200e-02
  -1.6252700e-02
  -7.3701900e-03
  -2.8175900e-03
  -2.2583000e-03
  -3.3146800e-03
  -3.8212800e-03
  -6.7259100e-03
  -1.7700800e-02
  -3.9909900e-02
  -6.0348300e-02
  -6.9295400e-02
  -6.9100300e-02
  -6.5618700e-02
  -6.1244500e-02
  -5.4554000e-02
  -5.3361300e-02
  -5.1276100e-02
  -4.1787700e-02
  -2.4916500e-02
  -3.4319200e-03
   1.3381100e-02
   2.6804600e-02
   3.2889300e-02
   3.8991300e-02
   4.6167300e-02
   5.2724300e-02
   5.6802600e-02
   5.3487900e-02
   4.0194600e-02
   2.2036900e-02
   6.0355500e-03
  -8.2981500e-03
  -1.7157500e-02
  -2.7514200e-02
  -3.9487600e-02
  -5.1349900e-02
  -6.6023200e-02
  -7.8227200e-02
  -8.6262300e-02
  -8.7197300e-02
  -7.3062800e-02
  -5.5635800e-02
  -4.5907600e-02
  -4.0886800e-02
  -3.8375200e-02
  -3.4084700e-02
  -2.5805000e-02
  -1.3911400e-02
  -3.0337700e-03
   5.2163600e-03
   9.8251000e-03
   1.2621300e-02
   2.3051200e-02
   4.4113500e-02
   5.9742400e-02
   6.5112000e-02
   6.3861900e-02
   5.6634500e-02
   5.0826000e-02
   4.7211500e-02
   4.2289400e-02
   3.5607800e-02
   3.2582800e-02
   3.3837800e-02
   3.9209500e-02
   4.2262800e-02
   3.5567900e-02
   2.2568400e-02
   1.1020400e-02
   6.5745600e-03
   1.2448100e-02
   2.1286800e-02
   2.2986500e-02
   1.7324900e-02
   8.9337600e-03
  -4.2740100e-04
  -1.0604600e-02
  -2.1656900e-02
  -3.0386700e-02
  -3.3047400e-02
  -3.0540900e-02
  -2.5512900e-02
  -2.1716100e-02
  -2.1527000e-02
  -2.3397200e-02
  -2.3936400e-02
  -2.3603500e-02
  -2.2765700e-02
  -2.3809700e-02
  -2.2870900e-02
  -1.1633200e-02
   8.8978000e-03
   2.7031800e-02
   3.6304000e-02
   4.6405500e-02
   5.7685000e-02
   6.4094100e-02
   6.5364400e-02
   5.9617100e-02
   5.1543200e-02
   4.4667800e-02
   4.0545400e-02
   3.9946100e-02
   3.7460800e-02
   3.4587800e-02
   3.1479300e-02
   2.8742000e-02
   2.6841200e-02
   2.2486200e-02
   1.6362500e-02
   5.8590000e-03
  -6.4897100e-03
  -1.7036100e-02
  -2.9807100e-02
  -3.8728600e-02
  -4.5800800e-02
  -5.3895100e-02
  -5.9593400e-02
  -6.3730100e-02
  -6.5528000e-02
  -6.5676400e-02
  -6.7130500e-02
  -7.0363500e-02
  -7.4550200e-02
