  -7.8783000e-02
  -6.3941700e-02
  -6.0632400e-02
  -5.9566400e-02
  -1.7913100e-02
   2.5318300e-02
   3.9161700e-02
   5.5979200e-02
   6.4077600e-02
   7.6200100e-02
   1.0356400e-01
   1.2357300e-01
   1.4726900e-01
   1.7646100e-01
   1.7401900e-01
   1.5219600e-01
   1.5178300e-01
   1.6031900e-01
   1.5579500e-01
   1.6572500e-01
   1.4549700e-01
   1.1345800e-01
   9.1212800e-02
   7.6369100e-02
   6.8289600e-02
   7.3105300e-02
   5.6580900e-02
   6.3124100e-02
   7.4870100e-02
   5.8153000e-02
   7.5638100e-02
   8.8231100e-02
   1.0102900e-01
   1.1412900e-01
   1.0545100e-01
   8.9883400e-02
   9.3414300e-02
   1.0855700e-01
   1.0147000e-01
   8.7183100e-02
   8.2777200e-02
   8.3485000e-02
   8.1171700e-02
   8.4686100e-02
   9.1569700e-02
   1.0640100e-01
   9.0431500e-02
   6.3590800e-02
  -8.8234500e-03
  -8.7350500e-02
  -1.3140200e-01
  -1.3838800e-01
  -1.4658400e-01
  -1.4153900e-01
  -1.5786000e-01
  -1.8244600e-01
  -1.9914400e-01
  -2.1190700e-01
  -2.2351500e-01
  -2.1623000e-01
  -1.8572600e-01
  -1.6274200e-01
  -1.5460700e-01
  -1.5154400e-01
  -1.4268100e-01
  -1.1519200e-01
  -6.2499600e-02
  -2.4125200e-02
  -2.7112000e-02
  -2.9874800e-02
  -4.4011400e-03
   1.7342800e-02
   1.6665500e-02
  -1.6132200e-03
  -1.4223200e-02
  -2.2978400e-02
  -5.5520600e-02
  -9.3250900e-02
  -1.1831700e-01
  -1.2285900e-01
  -1.2847200e-01
  -1.6630800e-01
  -1.9280400e-01
  -2.1669700e-01
  -2.4617800e-01
  -2.5100000e-01
  -2.6023600e-01
  -2.9650300e-01
  -3.0540900e-01
  -3.0858400e-01
  -3.2428800e-01
  -3.3321100e-01
  -3.2911900e-01
  -3.2370300e-01
  -3.1509000e-01
  -3.0096700e-01
  -2.7747900e-01
  -2.4306900e-01
  -2.1443800e-01
  -1.8963000e-01
  -1.5108900e-01
  -8.4212500e-02
   2.7908100e-02
   1.2667200e-01
   1.4645200e-01
   1.4244200e-01
   1.4363200e-01
   1.3705400e-01
   1.9362800e-01
   2.4986500e-01
   2.2864200e-01
   2.7740200e-01
   3.8541300e-01
   4.9065700e-01
   5.8320000e-01
   6.7219700e-01
   7.4875600e-01
   8.2242900e-01
   8.1313500e-01
   7.4832300e-01
   6.9233700e-01
   5.2349100e-01
   2.9979900e-01
   1.3169600e-01
   1.4578400e-01
   2.7307100e-01
   3.2116900e-01
   2.8041400e-01
   1.9867600e-01
   1.6499000e-01
   1.6315200e-01
   1.9993100e-01
   2.7129600e-01
   2.5096700e-01
   1.9769600e-01
   1.7692500e-01
   1.8817500e-01
   2.2647800e-01
   2.3761200e-01
   2.3046200e-01
   1.8084500e-01
   1.4613500e-01
   1.2388700e-01
   5.6167400e-02
   6.0609300e-03
  -9.1444400e-04
   7.4258800e-03
  -2.3687700e-02
  -7.7458600e-02
  -1.0585400e-01
  -1.1876800e-01
  -1.4072400e-01
  -1.7016200e-01
  -2.1833400e-01
  -2.7883300e-01
  -3.3106900e-01
  -3.6400500e-01
  -3.8708100e-01
  -4.3632900e-01
  -4.9653900e-01
  -5.1021600e-01
  -4.7989200e-01
  -4.6191900e-01
  -4.7167200e-01
  -4.9536500e-01
  -4.7262400e-01
  -4.3846300e-01
  -3.6872200e-01
  -3.3482000e-01
  -3.1999100e-01
  -2.8739100e-01
  -2.4006000e-01
  -1.7950900e-01
  -1.0744700e-01
  -4.4089900e-02
   2.0389900e-02
   1.0190400e-01
   1.4072500e-01
   1.3039800e-01
   1.1592200e-01
   9.8061900e-02
   8.8429300e-02
   8.9192600e-02
   1.0677100e-01
   1.1885800e-01
   1.0009500e-01
   7.4688000e-02
   5.4538600e-02
   3.4833300e-02
   7.6362900e-02
   1.3415900e-01
   1.5057700e-01
   1.5108400e-01
   1.4121500e-01
   1.0025700e-01
   5.0216400e-02
  -9.7579400e-03
  -4.5389400e-02
  -1.0604700e-01
  -1.2514000e-01
  -1.2245600e-01
  -1.4248800e-01
  -1.7272800e-01
  -1.9529400e-01
  -2.1804900e-01
  -2.3194300e-01
  -2.3148000e-01
  -2.1671600e-01
  -1.9193200e-01
  -1.7585000e-01
  -1.7240300e-01
  -1.5330300e-01
  -1.0975000e-01
  -6.8649300e-02
  -4.0282900e-02
  -1.1601600e-02
   1.7817900e-02
   3.3030400e-02
   4.0064300e-02
   5.4910900e-02
   5.7278500e-02
   3.1261300e-02
   1.3520900e-02
   5.1150300e-02
   8.6199400e-02
   7.7221700e-02
   4.2968200e-02
   2.4937600e-02
   1.6049700e-02
   3.2327600e-02
   2.4100900e-02
  -1.3079400e-02
  -2.6832800e-02
  -2.0361600e-03
   2.4584600e-02
   1.8963400e-02
  -8.0609400e-03
  -2.9855700e-02
  -1.5021400e-02
  -1.1737300e-03
  -1.5165300e-02
  -2.0101200e-02
  -1.5946000e-02
  -2.7086300e-03
   1.0826700e-02
   9.2587200e-03
   1.0279900e-02
   8.9946100e-03
   5.2570100e-03
   9.9310800e-03
   4.3879900e-02
   6.1259200e-02
   5.4179000e-02
   5.8539400e-02
   9.3639900e-02
   1.2327000e-01
   1.2614100e-01
   1.2204100e-01
   1.2620900e-01
   1.2630300e-01
   1.2235400e-01
   1.2036100e-01
   9.7152600e-02
   8.6545300e-02
   8.7723800e-02
   8.8843000e-02
   8.2996900e-02
   7.3656800e-02
   7.3406400e-02
   7.9060000e-02
   8.5819300e-02
   9.6413500e-02
   1.0515000e-01
   1.0446000e-01
   1.0775700e-01
   8.3993500e-02
   5.4715700e-02
   4.5200500e-02
   5.4632700e-02
   4.7488200e-02
   2.8275400e-02
   1.0292900e-02
   1.6955700e-03
   8.6635800e-03
   2.5030100e-03
  -2.2094100e-02
  -2.2112500e-02
  -1.2409000e-02
  -2.8637500e-02
  -3.9270400e-02
  -4.9261700e-02
  -3.9052300e-02
  -3.8265800e-02
  -4.7626100e-02
  -7.1197900e-02
  -9.1439600e-02
  -8.1961900e-02
  -8.4987200e-02
  -1.0809100e-01
  -1.1446600e-01
  -1.1164600e-01
  -1.0826000e-01
  -1.0733300e-01
  -1.1074400e-01
  -1.1766600e-01
  -1.2685300e-01
  -1.2627400e-01
  -1.2037300e-01
  -1.1178900e-01
  -1.0361400e-01
  -9.2771600e-02
  -7.6196000e-02
  -6.5149600e-02
  -5.7176500e-02
  -4.3940400e-02
  -2.9646900e-02
  -9.5956500e-03
   5.6182800e-03
   3.6905800e-03
   1.6736100e-03
   1.7533400e-02
   4.8560300e-02
   6.6782100e-02
   7.2699300e-02
   8.6092800e-02
   9.5070800e-02
   1.0954000e-01
   1.2266300e-01
   1.2683800e-01
   1.4083700e-01
   1.6291700e-01
   1.7452100e-01
   1.7158900e-01
   1.6570200e-01
   1.7539200e-01
   1.8990200e-01
   1.8789700e-01
   1.7617600e-01
   1.7260500e-01
   1.7245600e-01
   1.6806800e-01
   1.6628200e-01
   1.7800200e-01
   1.9193600e-01
   1.7637400e-01
   1.3102900e-01
   9.8476900e-02
   8.6876000e-02
   6.0764800e-02
   2.0710800e-02
   7.3193200e-03
  -1.3778000e-03
   4.0070700e-03
   1.5602900e-02
   1.8505800e-02
  -2.1709200e-03
  -2.3664000e-02
  -5.0895200e-02
  -6.0243300e-02
  -3.0193200e-02
  -1.9162200e-02
  -2.3803600e-02
  -3.0414200e-02
  -1.9322100e-02
   2.2221800e-03
   1.3085600e-02
   9.5757000e-04
  -1.2387600e-02
  -2.2876000e-03
  -7.7365300e-03
  -2.5643400e-02
  -4.8623300e-02
  -6.8534700e-02
  -7.4906900e-02
  -7.9238400e-02
  -9.6949600e-02
  -1.2032700e-01
  -1.3430500e-01
  -1.2874200e-01
  -1.3133600e-01
  -1.4201000e-01
  -1.5907700e-01
  -1.6021700e-01
  -1.5006400e-01
  -1.2760200e-01
  -1.1413000e-01
  -1.1565600e-01
  -1.0749600e-01
  -8.8099400e-02
  -8.0451400e-02
  -9.1870400e-02
  -6.5491800e-02
  -7.2569300e-02
  -1.0528800e-01
  -8.1523300e-02
  -9.7204300e-02
  -6.9400700e-02
  -7.9639200e-02
  -7.6552200e-02
  -6.5187900e-02
  -6.2596500e-02
  -6.6144100e-02
  -6.5066900e-02
  -4.6203500e-02
  -1.7254100e-02
  -2.1245800e-03
   1.0680500e-02
   2.1219100e-02
   3.3604000e-02
   4.5332200e-02
   4.7091700e-02
   4.6101300e-02
   5.0460200e-02
   4.9434100e-02
   3.0316000e-02
   2.6950400e-02
   3.8729300e-02
   4.2710900e-02
   5.3959100e-02
   5.7388500e-02
   4.6864600e-02
   1.2653000e-02
  -9.8458900e-03
  -1.3280200e-02
  -7.3401900e-03
  -8.4308500e-03
  -4.0178000e-02
  -5.1756800e-02
  -2.8188800e-02
  -3.0468700e-02
  -3.6338100e-02
  -2.6199300e-02
  -2.4798200e-02
  -4.1164400e-03
   1.4266400e-02
   1.6070100e-02
   2.2929600e-02
   1.1787500e-02
   9.8518800e-03
   4.5630400e-02
   2.4390200e-02
   4.4195500e-03
  -3.8325100e-03
  -3.6572600e-02
  -6.0865200e-02
  -5.7633100e-02
  -5.3219200e-02
  -5.0293600e-02
  -5.7692400e-02
  -7.8680300e-02
  -4.7733500e-02
  -3.7432700e-02
  -2.7323200e-02
  -1.5489800e-02
  -2.0502000e-02
  -1.4503800e-02
   1.1875900e-02
   2.2813600e-02
   1.4326700e-02
   2.0855100e-02
   4.7729400e-02
   5.5472000e-02
   5.5453700e-02
   5.3790900e-02
   5.0690300e-02
   5.7828300e-02
   6.4177600e-02
   6.1542200e-02
   5.0506300e-02
   3.8349000e-02
   4.2674400e-02
   4.2742400e-02
   3.4559000e-02
   3.3043200e-02
   3.2538800e-02
   3.0377700e-02
   2.3574300e-02
   9.9846900e-03
   7.2461500e-03
   2.2794800e-02
   2.4804400e-02
   1.1821000e-02
   9.4427600e-03
   1.1989800e-02
   1.3848300e-02
   1.6958400e-02
   2.5112600e-02
   3.5644500e-02
   2.4519100e-02
   5.5869400e-02
   7.6239600e-02
   6.6459800e-02
   9.0643200e-02
   7.5682700e-02
   7.2720200e-02
   9.9279800e-02
   9.1297200e-02
   9.5681200e-02
   1.0159400e-01
   9.1506800e-02
   1.0198600e-01
   8.9923900e-02
   6.7947600e-02
   3.4395400e-02
   2.1555800e-02
   1.9873600e-02
   3.9249500e-02
   4.3481500e-02
   3.1013800e-02
   1.7114900e-02
   2.3228800e-02
   3.6222000e-02
   4.3600200e-02
   4.4466300e-02
   5.2878300e-02
   6.4446500e-02
   6.3462800e-02
   5.0247500e-02
   5.3895700e-02
   5.8804900e-02
   4.2181500e-02
   3.5790800e-02
   3.7173100e-02
   2.5822100e-02
   7.6647200e-03
  -2.0299300e-03
   3.1717500e-03
   8.8652600e-03
   2.2579200e-04
  -9.4690800e-03
  -1.1406000e-02
  -8.9671500e-03
  -4.9440100e-03
  -3.7229700e-03
  -4.9260700e-03
  -5.4739300e-03
  -5.2668900e-03
  -8.9068600e-03
  -1.1029600e-02
  -1.7491100e-02
  -2.7964600e-02
  -3.6405700e-02
  -3.5541800e-02
  -3.4493000e-02
  -3.9612500e-02
  -4.6181000e-02
  -4.8660900e-02
  -5.5644200e-02
  -6.5214200e-02
  -6.1185000e-02
  -5.7477100e-02
  -6.1907900e-02
  -6.2381500e-02
  -6.4594600e-02
  -7.0097400e-02
  -6.9983700e-02
  -6.7998300e-02
  -5.9274600e-02
  -5.2724200e-02
  -5.2429700e-02
  -5.0295400e-02
  -4.2741400e-02
  -3.2562800e-02
  -1.7785500e-02
  -1.3169200e-03
   4.6078500e-03
   1.1711800e-02
   1.6848400e-02
   1.9886100e-02
   1.8654100e-02
   1.7736900e-02
   1.4102700e-02
   7.0726400e-03
  -4.8431200e-05
  -6.9138800e-03
  -9.1633900e-03
  -9.6126100e-03
  -1.2636500e-02
  -1.6815900e-02
  -1.3976600e-02
  -2.2218800e-03
   6.4717100e-03
   1.0645300e-02
   1.5200200e-02
   2.1746700e-02
   2.0068000e-02
   1.1136300e-02
   2.2312000e-03
  -6.7289800e-03
  -2.0876300e-02
  -3.8039400e-02
  -4.8451600e-02
  -4.3525500e-02
  -3.5861800e-02
  -3.8410700e-02
  -4.2941500e-02
  -4.7299900e-02
  -3.8854100e-02
  -3.6322400e-02
  -5.1922400e-02
  -5.8759300e-02
  -5.8256100e-02
  -6.2101700e-02
  -6.5945200e-02
  -7.0535600e-02
  -7.2637100e-02
  -6.6989000e-02
  -6.9910700e-02
  -7.6201400e-02
  -6.9470300e-02
  -6.2231500e-02
  -5.7114100e-02
  -5.4848600e-02
  -5.1150100e-02
  -5.1982500e-02
  -5.6225800e-02
  -5.6457400e-02
  -5.4974700e-02
  -5.4331900e-02
  -5.8941400e-02
  -5.9937200e-02
  -5.2212600e-02
  -5.0872000e-02
  -4.7932800e-02
  -4.4202700e-02
  -4.1358700e-02
  -2.7988500e-02
  -2.1329800e-02
  -2.2855000e-02
  -1.5935800e-02
  -8.4514800e-03
  -5.3912200e-03
  -1.4647800e-03
   2.1476900e-03
   2.7775600e-04
  -9.5239700e-03
  -1.3610400e-02
  -6.8820500e-03
  -1.2298000e-03
  -2.3254800e-03
  -9.7820900e-03
  -1.2918700e-02
  -6.7766900e-03
  -3.4679200e-03
  -1.0095700e-02
  -1.7349400e-02
  -1.5261000e-02
  -1.1934400e-02
  -1.2052600e-02
  -1.3369800e-02
  -1.6328900e-02
  -8.6491300e-03
   8.9762900e-03
   1.6580000e-02
   1.4245100e-02
   1.5411400e-02
   2.2396200e-02
   2.9729500e-02
   3.6195800e-02
   3.3886500e-02
   3.1147000e-02
   3.6720700e-02
   3.4662200e-02
   2.7080200e-02
   2.5177200e-02
   2.4953700e-02
   2.2997600e-02
   1.6251600e-02
   9.5890400e-03
   1.5473900e-02
   2.7865100e-02
   3.0383300e-02
   3.2521600e-02
   4.5745200e-02
   5.7214900e-02
   6.0225500e-02
   6.4628100e-02
   7.1574300e-02
   7.5567300e-02
   8.1930200e-02
   8.5613100e-02
   8.1203500e-02
   7.6741700e-02
   8.3548400e-02
   9.0633100e-02
   8.7309400e-02
   8.0632700e-02
   7.7172800e-02
   7.3781700e-02
   7.4254000e-02
   6.9852000e-02
   6.0519500e-02
   5.5139400e-02
   5.1484500e-02
   4.9904800e-02
   4.4935900e-02
   4.0460600e-02
   4.0512600e-02
   3.5407100e-02
   2.9015700e-02
   2.7298300e-02
   2.0882300e-02
   9.7530300e-03
  -2.9645100e-04
  -8.1429200e-03
  -8.3307200e-03
  -3.5112200e-03
  -9.4211800e-03
  -1.1694500e-02
  -1.1558500e-03
   5.2489400e-03
   5.2739200e-03
   7.3755700e-03
   1.8628000e-02
   3.4319900e-02
   3.7786800e-02
   3.4061700e-02
   3.4434800e-02
   4.3091900e-02
   5.6841800e-02
   6.7047100e-02
   7.0312800e-02
   7.0443900e-02
   6.9058900e-02
   6.2496800e-02
   4.9094900e-02
   4.0270000e-02
   3.8937300e-02
   3.0019500e-02
   1.7486800e-02
   7.9973100e-03
   1.8295600e-03
  -6.2398300e-04
  -4.9965700e-03
  -7.8889400e-03
  -9.5731200e-03
  -1.4495600e-02
  -1.8193000e-02
  -1.5343600e-02
  -1.2200800e-02
  -1.3403700e-02
  -1.5167000e-02
  -1.5977700e-02
  -1.3987400e-02
  -1.2347100e-02
  -1.9158500e-02
  -1.8755800e-02
  -1.4057400e-02
  -3.3369900e-03
   1.3366500e-03
   2.8664500e-03
   8.9647600e-03
   1.6491700e-02
   2.2232100e-02
   2.4630300e-02
   1.8967300e-02
   1.4059100e-02
   1.2266200e-02
   4.5762900e-03
  -6.6726900e-03
  -1.7720700e-02
  -2.9882100e-02
  -3.8498000e-02
  -3.8688500e-02
  -4.1986200e-02
  -4.8582900e-02
  -5.1603700e-02
  -4.9642200e-02
  -4.5312200e-02
  -4.6431100e-02
  -5.1705500e-02
  -5.4802900e-02
  -5.8449200e-02
  -5.9221300e-02
  -5.9607200e-02
  -6.6238700e-02
  -7.2512100e-02
  -7.4391000e-02
  -7.3561400e-02
  -6.9944600e-02
  -6.5937000e-02
  -5.7860100e-02
  -4.3011900e-02
  -2.2090300e-02
  -3.1974700e-03
   7.5824600e-03
   1.7842800e-02
   3.1917400e-02
   4.7692300e-02
   5.9067100e-02
   6.1914900e-02
   5.6870700e-02
   5.3678400e-02
   5.6398600e-02
   5.7403100e-02
   4.9233700e-02
   3.1518500e-02
   1.5321700e-02
   2.4698400e-03
  -1.1979200e-02
  -2.1611100e-02
  -2.7617300e-02
  -3.0549900e-02
  -3.4663400e-02
  -4.3887900e-02
  -4.7355000e-02
  -4.5809300e-02
  -4.2949400e-02
  -4.4232400e-02
  -4.4813600e-02
  -3.8904600e-02
  -2.4941100e-02
  -1.5168400e-02
  -3.9138100e-03
   1.0815700e-02
   2.9280300e-02
   4.8230700e-02
   6.1754500e-02
   6.9016000e-02
   7.0509700e-02
   7.5805200e-02
   8.3185500e-02
   7.7179800e-02
   7.1016100e-02
   7.0806300e-02
   6.6977000e-02
   5.5610700e-02
   3.9045100e-02
   2.0772300e-02
   6.4701500e-03
  -3.4451400e-03
  -1.5217900e-02
  -2.5853000e-02
  -3.1980000e-02
  -3.5228800e-02
  -3.5006700e-02
  -3.2865800e-02
  -3.0151500e-02
  -2.7892300e-02
  -2.5102400e-02
  -1.6844500e-02
  -8.0433200e-03
   2.0829300e-03
   1.5716100e-02
   2.6209500e-02
   3.4335300e-02
   4.5859900e-02
   5.5265500e-02
   6.1739600e-02
   6.4703900e-02
   6.4630400e-02
   6.3508000e-02
   5.8443600e-02
   5.1276500e-02
   3.9338500e-02
   1.8898800e-02
   3.1388600e-03
  -4.8684900e-03
  -1.0106000e-02
  -1.3006300e-02
  -1.7825200e-02
  -2.2188400e-02
  -2.1196000e-02
  -1.7290300e-02
  -1.3659800e-02
  -9.7078300e-03
  -1.1060700e-02
  -1.8251000e-02
  -2.3269300e-02
  -2.4150000e-02
  -2.5564300e-02
  -3.2766500e-02
  -3.9684600e-02
  -4.4515800e-02
  -5.1299800e-02
  -5.7457200e-02
  -5.9797200e-02
  -6.1667800e-02
  -6.4128200e-02
  -6.9409400e-02
  -7.3269900e-02
  -6.9596000e-02
  -6.5321800e-02
  -6.7431200e-02
  -7.2250500e-02
  -7.2402700e-02
  -7.0613200e-02
  -6.7357200e-02
  -6.3504500e-02
  -5.8143800e-02
  -4.7422800e-02
  -3.4607900e-02
  -2.3261100e-02
  -1.3789800e-02
  -3.0347200e-03
   5.9165300e-03
   6.9834900e-03
   4.3526200e-03
   4.2425200e-03
   6.2767600e-03
   6.3634800e-03
   3.4765800e-03
  -7.2821600e-03
  -1.8035000e-02
  -2.0646700e-02
  -2.5398400e-02
  -3.5536600e-02
  -4.1417100e-02
  -4.7397100e-02
  -5.3974000e-02
  -5.7170300e-02
  -6.0411900e-02
  -6.0890900e-02
  -5.9183800e-02
  -6.0115200e-02
  -5.7798100e-02
  -5.5559500e-02
  -5.9150800e-02
  -6.2006000e-02
  -6.1363200e-02
  -6.0744800e-02
  -6.4158900e-02
  -7.3575600e-02
  -7.7830200e-02
  -7.5019500e-02
  -7.2633300e-02
  -7.3846200e-02
  -7.9883000e-02
  -8.7593800e-02
  -8.7659600e-02
  -8.2512400e-02
  -8.1093100e-02
  -8.1046800e-02
  -7.7124900e-02
  -6.7776300e-02
  -5.4822000e-02
  -4.1295100e-02
  -2.7076600e-02
  -1.2507800e-02
  -1.6330500e-03
   1.2552300e-02
   2.5968500e-02
   3.4395500e-02
   4.1720200e-02
   4.8017000e-02
   5.6456900e-02
   6.4393200e-02
   6.7128300e-02
   6.5675300e-02
   6.4747800e-02
   6.4226700e-02
   5.6441400e-02
   4.4447000e-02
   3.4638700e-02
   2.6482800e-02
   1.6838800e-02
   5.1129600e-03
  -3.6122600e-03
  -7.2319600e-03
  -7.4245700e-03
  -6.5776800e-03
  -6.2002900e-03
  -5.9023800e-03
  -1.6991400e-03
   5.4678400e-03
   1.0241800e-02
   1.1879400e-02
   1.7531500e-02
   2.4878200e-02
   3.0814600e-02
   3.8630200e-02
   4.9277700e-02
   5.5531200e-02
   5.9946200e-02
   6.7720200e-02
   7.5302000e-02
   7.8270400e-02
   8.1782400e-02
   8.4183800e-02
   8.3304700e-02
   7.8986300e-02
   6.5047600e-02
   4.7116700e-02
   3.6736100e-02
   3.1797000e-02
   2.3129500e-02
   1.3446100e-02
   2.5153700e-03
  -6.8368100e-03
  -6.6945100e-03
  -9.5728300e-04
  -1.6385900e-03
  -4.9001900e-03
  -4.4237400e-03
  -7.6139400e-04
   1.0876500e-03
   9.9171300e-04
   1.1052000e-03
   3.3207400e-04
   3.3072200e-03
   8.9918400e-03
   1.3643500e-02
   2.0696900e-02
   2.8659100e-02
   2.9904300e-02
   3.0597300e-02
   3.3522800e-02
   3.1961700e-02
   2.6839100e-02
   1.8834800e-02
   1.1404400e-02
   1.7588300e-03
  -9.5520800e-03
  -1.9843600e-02
  -2.4687400e-02
  -2.7409400e-02
  -3.5323100e-02
  -4.1930000e-02
  -4.0173900e-02
  -3.5776300e-02
  -2.6328200e-02
  -1.2076700e-02
   3.4891600e-03
   1.8713700e-02
   2.6080600e-02
   3.9479800e-02
   5.1839200e-02
   6.1149100e-02
   7.2187800e-02
   8.1726500e-02
   8.5059400e-02
   8.3755000e-02
   8.0797900e-02
   7.5605700e-02
   7.0185400e-02
   6.2725700e-02
   5.3745100e-02
   4.4932400e-02
   4.0683100e-02
   4.1747000e-02
   3.4929900e-02
   2.4630000e-02
   2.1905300e-02
   2.3336600e-02
   2.3640200e-02
   1.9988000e-02
   1.4293700e-02
   1.2643100e-02
   1.7116100e-02
   1.9177000e-02
   1.5557600e-02
   9.7245100e-03
   6.1999100e-03
   3.4399500e-03
   1.2971500e-03
  -2.6991500e-03
  -4.2647900e-03
  -4.9953700e-03
  -5.5623400e-03
  -5.4226700e-03
  -5.2289300e-03
  -3.0532600e-03
   5.2686000e-03
   1.2803200e-02
   1.8194900e-02
   1.8145400e-02
   1.8594300e-02
   1.9508200e-02
   2.3235500e-02
   2.5514100e-02
   2.4737600e-02
   2.5239400e-02
   2.6846600e-02
   2.2573000e-02
   1.6109400e-02
   1.5578100e-02
   1.8534900e-02
   1.8231800e-02
   1.4487300e-02
   1.2389900e-02
   1.1358400e-02
   1.2500300e-02
   1.3914100e-02
   1.2105400e-02
   9.0026100e-03
   8.1334300e-03
   9.3444400e-03
   1.1086800e-02
   6.7258700e-03
   1.9428900e-03
  -1.5450400e-04
  -1.0367900e-03
  -1.7607100e-03
  -2.5760500e-03
  -5.2511100e-03
  -9.4250300e-03
  -9.3262500e-03
  -8.2476100e-03
  -1.0490600e-02
  -1.4156100e-02
  -1.6670500e-02
  -1.7519400e-02
  -1.8127900e-02
  -1.9276800e-02
  -1.9715000e-02
  -1.9262900e-02
  -1.8656700e-02
  -1.7997500e-02
  -1.8525800e-02
  -1.9118900e-02
  -1.9753100e-02
  -1.9672700e-02
  -1.6753600e-02
  -1.5160100e-02
  -1.5896100e-02
  -1.5024600e-02
  -1.4413200e-02
  -1.5215600e-02
  -1.3772500e-02
  -8.8679300e-03
  -9.0979000e-03
  -1.3912200e-02
  -1.4832400e-02
  -1.1273600e-02
  -9.7668300e-03
  -1.1798900e-02
  -1.4920300e-02
  -1.7632200e-02
  -1.6261500e-02
  -1.7548800e-02
  -2.2836300e-02
  -2.4776000e-02
  -2.3617300e-02
  -2.1076600e-02
  -1.9358000e-02
  -2.1687700e-02
  -2.4349600e-02
  -2.3408500e-02
  -2.1844700e-02
  -2.3149800e-02
  -2.6853300e-02
  -3.0995500e-02
  -3.3074800e-02
  -3.1519600e-02
  -3.0089400e-02
  -2.6983500e-02
  -2.5387800e-02
  -2.3799700e-02
  -2.1965000e-02
  -2.1196400e-02
  -1.9710600e-02
  -1.1378700e-02
  -2.6148800e-03
   2.3086800e-03
   7.8485100e-03
   1.4826000e-02
   2.0154100e-02
   2.4892200e-02
   2.7592400e-02
   2.7976200e-02
   2.8176300e-02
   2.6566700e-02
   2.1927800e-02
   1.6426200e-02
   1.4821200e-02
   1.2614000e-02
   1.0915800e-02
   1.2865900e-02
   1.1748800e-02
   7.0584500e-03
   3.3825300e-03
   8.4072100e-04
  -1.3259900e-03
  -2.5331600e-03
  -2.6662800e-03
  -9.7349300e-04
   1.3252100e-03
   2.4104800e-03
   3.5388100e-03
   3.4115900e-03
   5.6338100e-03
   6.9185100e-03
   7.2065100e-03
   8.0657900e-03
   6.1145400e-03
   4.8690700e-03
   7.5173000e-03
   1.1779100e-02
   1.2810500e-02
   1.1450700e-02
   1.1998900e-02
   1.5239900e-02
   1.8959000e-02
   2.1476800e-02
   2.2497700e-02
   2.6116300e-02
   3.0509300e-02
   3.1588300e-02
   3.1077800e-02
   3.1607500e-02
   2.7905500e-02
   2.1939000e-02
   1.3978100e-02
   5.8101900e-03
  -2.1767100e-03
  -1.0238700e-02
  -1.7129400e-02
  -2.0456800e-02
  -2.1896900e-02
  -2.6927900e-02
  -3.1918600e-02
  -3.2867400e-02
  -3.2813600e-02
  -3.8004800e-02
  -4.3124700e-02
  -4.4823500e-02
  -4.2972400e-02
  -4.1279300e-02
  -4.2112700e-02
  -3.9619100e-02
  -3.5105900e-02
  -3.3806800e-02
  -3.3319800e-02
  -3.1186900e-02
  -2.8023200e-02
  -2.5150200e-02
  -2.6587100e-02
  -2.9297300e-02
  -2.9956200e-02
  -2.8449600e-02
  -2.8986500e-02
  -2.7637200e-02
  -2.4055800e-02
  -2.0128200e-02
  -1.6783900e-02
  -1.2271600e-02
  -1.2824800e-03
   8.3220900e-03
   1.1482100e-02
   1.7451100e-02
   2.1068300e-02
   2.5335000e-02
   2.7497600e-02
   2.8212500e-02
   3.0356300e-02
   3.2687700e-02
   3.4420900e-02
   3.4908700e-02
   3.6815400e-02
   4.0238400e-02
   4.3149400e-02
   4.6170500e-02
   4.7879600e-02
   4.8943300e-02
   4.9654100e-02
   4.8091800e-02
   4.5512300e-02
   4.2492500e-02
   3.8628600e-02
   3.4541000e-02
   2.8116900e-02
   2.1803100e-02
   2.0864000e-02
   2.0775600e-02
   1.8811800e-02
   1.8223400e-02
   1.9063800e-02
   1.9431100e-02
   1.9339700e-02
   1.9278400e-02
   1.8331300e-02
   1.8538500e-02
   1.7997800e-02
   1.6225600e-02
   1.4526200e-02
   1.0131900e-02
   4.8724600e-03
   1.4384200e-03
  -4.5591500e-03
  -1.3882400e-02
  -2.1981000e-02
  -2.8562500e-02
  -3.1866100e-02
  -3.3638800e-02
  -3.8867900e-02
  -4.3794600e-02
  -4.6004900e-02
  -4.7912100e-02
  -5.1531200e-02
  -5.5784800e-02
  -5.5798800e-02
  -5.2913300e-02
  -4.8994900e-02
  -4.5722200e-02
  -4.1451600e-02
  -3.4254400e-02
  -2.7933800e-02
  -2.8232800e-02
  -2.8457300e-02
  -2.8022600e-02
  -2.6878200e-02
  -2.5629400e-02
  -2.5252300e-02
  -2.4887100e-02
  -2.2243100e-02
  -1.9123700e-02
  -1.5630900e-02
  -1.1085600e-02
  -7.8328000e-03
  -4.7594400e-03
   8.8664700e-04
   6.5124200e-03
   1.2837600e-02
   1.7773900e-02
   1.9992000e-02
   2.1554400e-02
   2.2364600e-02
   2.2988200e-02
   2.3345100e-02
   2.1605700e-02
   1.9718300e-02
   1.6314000e-02
   1.0799900e-02
   5.7833600e-03
   4.6236700e-03
   4.0381800e-03
   2.5511000e-04
  -3.3229800e-03
  -4.7626100e-03
  -5.3475600e-03
  -6.7124600e-03
  -7.8773100e-03
  -8.2161900e-03
  -6.6652900e-03
  -5.8582100e-03
  -5.3129300e-03
  -4.7276800e-03
  -3.1837000e-03
  -1.4561300e-03
  -2.4005200e-04
   1.8170700e-04
   2.3003800e-03
   4.4411400e-03
   4.0427500e-03
   3.6480400e-03
   4.0733200e-03
   5.6304900e-03
   4.9303100e-03
   1.0135200e-03
  -3.9546700e-03
  -9.8748700e-03
  -1.6418800e-02
  -2.4607000e-02
  -3.1285900e-02
  -3.3745300e-02
  -3.3922300e-02
  -3.3678900e-02
  -3.4955400e-02
  -3.4241800e-02
  -3.1707700e-02
  -3.0032700e-02
  -2.4534100e-02
  -1.9711100e-02
  -1.7459000e-02
  -1.3191300e-02
  -1.0154900e-02
  -9.4493900e-03
  -1.0458200e-02
  -1.1629500e-02
  -1.2641100e-02
  -1.6121300e-02
  -1.8059200e-02
  -1.7254300e-02
  -1.6972500e-02
  -1.8342200e-02
  -1.8699300e-02
  -1.6628300e-02
  -1.5511500e-02
  -1.5218200e-02
  -1.3311500e-02
  -1.0448300e-02
  -9.9764100e-03
  -9.5807100e-03
  -7.6101900e-03
  -4.1461400e-03
  -1.0201400e-03
   1.1246000e-03
   5.8665200e-03
   8.5656300e-03
   1.1096500e-02
   1.3703300e-02
   1.9331200e-02
   2.2247200e-02
   2.5590800e-02
   2.9450300e-02
   3.2320300e-02
   3.5404600e-02
   3.7111600e-02
   3.7082000e-02
   3.6940500e-02
   3.6967000e-02
   3.7868700e-02
   3.7208700e-02
   3.4996600e-02
   3.2814500e-02
   3.1736500e-02
   3.1343900e-02
   2.9412300e-02
   2.7810200e-02
   2.8506100e-02
   2.7028200e-02
   2.3235500e-02
   2.0520500e-02
   1.8976800e-02
   1.7215200e-02
   1.6038900e-02
   1.7274700e-02
   1.7569000e-02
   1.8881600e-02
   2.3834600e-02
   2.6625600e-02
   2.7933900e-02
   3.4085500e-02
   4.0454900e-02
   4.3701400e-02
   4.4151900e-02
   4.3468600e-02
   4.5895900e-02
   4.8316500e-02
   4.8156600e-02
   5.0065600e-02
   5.2353700e-02
   5.2170400e-02
   5.1333200e-02
   5.0195400e-02
   4.8028600e-02
   4.4621200e-02
   3.9337800e-02
   3.2105300e-02
   2.4780900e-02
   1.6978200e-02
   9.5144000e-03
   5.4099400e-03
   1.9168300e-03
  -3.1347900e-03
  -5.7543600e-03
  -7.1551900e-03
  -7.8650800e-03
  -7.8475800e-03
  -1.0325300e-02
  -1.0137000e-02
  -8.5874500e-03
  -7.6898300e-03
  -9.2008900e-03
  -9.7173300e-03
  -7.0059200e-03
  -8.4359600e-03
  -1.1875400e-02
  -1.3928600e-02
  -1.5301500e-02
  -1.8284700e-02
  -2.4032000e-02
  -2.9623400e-02
  -3.4230300e-02
  -3.8624700e-02
  -4.1760600e-02
  -4.5381900e-02
  -4.7413000e-02
  -4.6737800e-02
  -4.4762200e-02
  -4.1393600e-02
