   8.4897230e-03
   1.3647490e-02
   1.7724350e-02
   1.9085780e-02
   1.7581290e-02
   1.4271550e-02
   9.8988060e-03
   4.5933170e-03
  -5.2007000e-04
  -3.7865990e-03
  -5.1619450e-03
  -6.2483850e-03
  -9.0415550e-03
  -1.3428060e-02
  -1.6487500e-02
  -1.5712800e-02
  -1.1217050e-02
  -4.8764860e-03
   9.4268310e-04
   4.4424560e-03
   5.4370440e-03
   4.1893500e-03
   1.2734670e-03
  -1.4275070e-03
  -2.4560030e-03
  -1.2317320e-03
   2.0943960e-03
   5.8121180e-03
   7.5651320e-03
   6.5298210e-03
   4.7864630e-03
   4.0920630e-03
   3.6013480e-03
   2.2007750e-03
  -8.2355730e-04
  -4.3575830e-03
  -6.4624550e-03
  -7.9144960e-03
  -9.1912900e-03
  -9.8780620e-03
  -1.0162230e-02
  -9.1363490e-03
  -6.5239250e-03
  -2.3623200e-03
   3.3674930e-03
   1.0694200e-02
   1.9928800e-02
   2.7808050e-02
   3.1206650e-02
   3.0026710e-02
   2.4383620e-02
   1.6518670e-02
   9.0827080e-03
   3.1886560e-03
  -1.0077150e-03
  -4.4281410e-03
  -8.0036160e-03
  -1.3204440e-02
  -2.0665680e-02
  -2.9041600e-02
  -3.5882510e-02
  -3.8024160e-02
  -3.5137980e-02
  -3.0139880e-02
  -2.5194880e-02
  -2.0522680e-02
  -1.4558480e-02
  -6.5874340e-03
   2.1672470e-03
   1.1761260e-02
   2.2872360e-02
   3.4492670e-02
   4.3933550e-02
   4.8317540e-02
   4.6261280e-02
   3.7794440e-02
   2.4407210e-02
   9.7680380e-03
  -1.3720190e-03
  -6.4919120e-03
  -6.6262110e-03
  -5.7298050e-03
  -8.1380470e-03
  -1.5188250e-02
  -2.5370460e-02
  -3.5184020e-02
  -4.0892810e-02
  -4.0876090e-02
  -3.5191410e-02
  -2.5096670e-02
  -1.3879960e-02
  -4.6729530e-03
   2.0220600e-03
   6.5916180e-03
   1.0218760e-02
   1.4764950e-02
   2.1288760e-02
   2.9137360e-02
   3.5385550e-02
   3.7483610e-02
   3.3721800e-02
   2.4161990e-02
   1.2736320e-02
   3.9718480e-03
   2.5356690e-04
   1.0361270e-03
   3.8111820e-03
   6.1373830e-03
   5.6579910e-03
   1.1201500e-03
  -7.0164550e-03
  -1.6547310e-02
  -2.3752790e-02
  -2.6285590e-02
  -2.4480990e-02
  -2.0187840e-02
  -1.5304550e-02
  -1.0569910e-02
  -6.6466720e-03
  -5.0197020e-03
  -5.7450510e-03
  -6.3578200e-03
  -4.6146320e-03
   5.2260400e-04
   9.1261920e-03
   1.8501430e-02
   2.4622260e-02
   2.5015040e-02
   2.0159290e-02
   1.3049070e-02
   6.1061790e-03
   3.7118590e-04
  -3.7392270e-03
  -4.9857670e-03
  -2.7571870e-03
   4.7845430e-05
   8.6980860e-04
  -4.6138630e-04
  -2.2415580e-03
  -2.2278050e-03
  -9.7910820e-04
   3.4262570e-04
   1.3529520e-03
   1.5884650e-03
   8.1213860e-04
  -1.3555180e-03
  -4.6097590e-03
  -8.0103530e-03
  -1.0119020e-02
  -1.0003170e-02
  -8.3862840e-03
  -5.9348380e-03
  -2.7238050e-03
   5.6759040e-04
   2.3632480e-03
   1.2075330e-03
  -2.4865890e-03
  -5.5847710e-03
  -4.9783220e-03
  -2.1843470e-04
   7.3790720e-03
   1.4806190e-02
   1.8275300e-02
   1.6287540e-02
   1.1085350e-02
   6.2164230e-03
   3.9199150e-03
   4.7812800e-03
   6.6407160e-03
   7.4230350e-03
   6.5368810e-03
   2.5650300e-03
  -3.8579060e-03
  -1.0279680e-02
  -1.4796500e-02
  -1.6949060e-02
  -1.8263690e-02
  -1.9001560e-02
  -1.9014970e-02
  -1.8984140e-02
  -1.8973540e-02
  -1.9150550e-02
  -1.8594280e-02
  -1.5703270e-02
  -9.6320280e-03
   4.5790620e-04
   1.3825120e-02
   2.6689190e-02
   3.5120580e-02
   3.8240130e-02
   3.7831040e-02
   3.6074750e-02
   3.3903640e-02
   3.1497000e-02
   2.8747970e-02
   2.4226480e-02
   1.5861920e-02
   3.3401950e-03
  -1.0709690e-02
  -2.2594370e-02
  -3.1121160e-02
  -3.7467760e-02
  -4.1487920e-02
  -4.2177580e-02
  -4.0468560e-02
  -3.7871900e-02
  -3.5394620e-02
  -3.2972380e-02
  -2.8873560e-02
  -2.2642880e-02
  -1.4732680e-02
  -5.1427820e-03
   4.1299170e-03
   1.0421440e-02
   1.2716810e-02
   1.2641430e-02
   1.3532140e-02
   1.6341530e-02
   2.0163800e-02
   2.4642360e-02
   2.9340200e-02
   3.2935130e-02
   3.3249250e-02
   2.9222510e-02
   2.2984710e-02
   1.7250100e-02
   1.2419800e-02
   8.2576640e-03
   3.9955510e-03
  -9.7108500e-04
  -5.5292500e-03
  -9.1450660e-03
  -1.2010630e-02
  -1.4235310e-02
  -1.5927640e-02
  -1.6362240e-02
  -1.4611650e-02
  -1.1234290e-02
  -8.2014600e-03
  -6.5830430e-03
  -6.2927240e-03
  -6.6944150e-03
  -6.5099770e-03
  -5.1814280e-03
  -3.1158580e-03
  -1.3308880e-03
  -7.1972240e-04
  -9.1451500e-04
  -1.1424720e-03
  -3.1602310e-04
   2.1555520e-03
   5.4322620e-03
   9.1675990e-03
   1.2609710e-02
   1.4444830e-02
   1.4691810e-02
   1.3449380e-02
   1.0824790e-02
   7.2018950e-03
   2.9557890e-03
  -1.4094560e-03
  -5.6651920e-03
  -9.1121400e-03
  -1.0931040e-02
  -1.1265710e-02
  -1.0780310e-02
  -9.9576580e-03
  -8.7721010e-03
  -7.4067570e-03
  -6.8802560e-03
  -7.8329370e-03
  -9.5903510e-03
  -1.0882820e-02
  -1.0300680e-02
  -6.9451230e-03
  -2.1865310e-03
   1.2796290e-03
   2.6141930e-03
   2.6194050e-03
   2.3340630e-03
   2.7208590e-03
   4.5444360e-03
   8.2792050e-03
   1.2945560e-02
   1.7003550e-02
   1.9328760e-02
   1.9169600e-02
   1.7066620e-02
   1.4502770e-02
   1.2695220e-02
   1.1211150e-02
   9.3903120e-03
   7.4544240e-03
   5.2998030e-03
   2.7963150e-03
  -3.1409120e-04
  -3.7200350e-03
  -6.9726400e-03
  -9.9764460e-03
  -1.1774460e-02
  -1.2092490e-02
  -1.1855830e-02
  -1.1859180e-02
  -1.1874230e-02
  -1.0586280e-02
  -7.4172330e-03
  -3.6290360e-03
  -1.0774730e-03
  -3.2151830e-04
  -3.4903550e-04
   1.9407280e-04
   1.6743910e-03
   3.4693640e-03
   4.6551910e-03
   4.5199250e-03
   3.3810140e-03
   1.9217620e-03
   8.6467580e-05
  -2.3180950e-03
  -4.3097950e-03
  -4.2414850e-03
  -2.3985540e-03
  -8.2044840e-04
  -6.5605930e-04
  -1.5285170e-03
  -2.8220170e-03
  -4.3643100e-03
  -5.5341020e-03
  -5.1650630e-03
  -2.3790170e-03
   3.1249910e-03
   1.0048590e-02
   1.5505630e-02
   1.7421510e-02
   1.5910930e-02
   1.2884460e-02
   1.0667820e-02
   1.0331170e-02
   1.1461970e-02
   1.2440660e-02
   1.1716500e-02
   9.6154500e-03
   7.2074500e-03
   5.0380190e-03
   3.1763680e-03
   1.3118240e-03
  -3.5016570e-04
  -1.7968520e-03
  -3.3752620e-03
  -5.0747020e-03
  -7.0610540e-03
  -8.8934400e-03
  -1.0246390e-02
  -1.1011190e-02
  -1.0333530e-02
  -9.1312490e-03
  -8.7411880e-03
  -8.7773150e-03
  -9.8399120e-03
  -1.2543790e-02
  -1.5949850e-02
  -1.8983430e-02
  -2.0054560e-02
  -1.8161210e-02
  -1.3951740e-02
  -8.5545200e-03
  -3.7172670e-03
  -4.6843350e-04
   1.4576410e-03
   2.4715960e-03
   3.1437470e-03
   3.2430610e-03
   2.6604670e-03
   2.3924360e-03
   3.1929230e-03
   5.2221690e-03
   7.0718800e-03
   6.8578620e-03
   4.8162670e-03
   2.4269030e-03
   1.3369100e-03
   2.7049470e-03
   6.1332290e-03
   9.9167410e-03
   1.2139760e-02
   1.2405090e-02
   1.1807420e-02
   1.1124190e-02
   1.0360930e-02
   8.9420920e-03
   5.9642700e-03
   1.0614770e-03
  -4.9358100e-03
  -1.0652040e-02
  -1.4904740e-02
  -1.7047250e-02
  -1.7619300e-02
  -1.7832030e-02
  -1.8265440e-02
  -1.8637880e-02
  -1.8366600e-02
  -1.6734250e-02
  -1.3414120e-02
  -8.9040960e-03
  -4.1206360e-03
  -3.6524640e-04
   1.9101740e-03
   3.6374770e-03
   5.9030560e-03
   9.1494480e-03
   1.2746450e-02
   1.6020750e-02
   1.8708500e-02
   2.0584040e-02
   2.1523590e-02
   2.1065100e-02
   1.9196260e-02
   1.6388300e-02
   1.2825470e-02
   9.2441330e-03
   6.8739500e-03
   6.2678600e-03
   6.9615320e-03
   7.6981870e-03
   6.9957730e-03
   4.0644350e-03
  -5.8763510e-04
  -5.6679830e-03
  -1.0066950e-02
  -1.3042670e-02
  -1.4324240e-02
  -1.4417530e-02
  -1.3978000e-02
  -1.3035290e-02
  -1.1476240e-02
  -9.3204570e-03
  -6.6150150e-03
  -3.8394980e-03
  -1.2912800e-03
   1.0203040e-03
   2.4693110e-03
   2.2979250e-03
   5.4135200e-04
  -1.8221100e-03
  -3.6960900e-03
  -4.3504510e-03
  -3.3931700e-03
  -1.6574410e-03
  -5.1180070e-04
  -1.8354070e-04
   8.5633620e-06
   7.0982640e-04
   2.1337980e-03
   3.8410430e-03
   4.8680200e-03
   4.9422990e-03
   4.7025340e-03
   4.8094380e-03
   5.4006600e-03
   5.4717480e-03
   4.1098220e-03
   1.4666120e-03
  -1.8442730e-03
  -4.9101420e-03
  -7.0569480e-03
  -7.8556300e-03
  -7.2723240e-03
  -6.1137490e-03
  -4.9159430e-03
  -3.2967090e-03
  -1.1362620e-03
   9.3418540e-04
   2.5486770e-03
   3.7592220e-03
   4.9656860e-03
   6.9307650e-03
   1.0339310e-02
   1.5592730e-02
   2.1663010e-02
   2.6297560e-02
   2.7866630e-02
   2.5924260e-02
   2.1634410e-02
   1.6832040e-02
   1.2306570e-02
   8.2197360e-03
   4.7122090e-03
   1.6078040e-03
  -1.7754510e-03
  -5.8309810e-03
  -9.9249770e-03
  -1.3620290e-02
  -1.7495870e-02
  -2.1473260e-02
  -2.4388690e-02
  -2.5809730e-02
  -2.5886460e-02
  -2.4469160e-02
  -2.1741280e-02
  -1.8614090e-02
  -1.6408590e-02
  -1.5713270e-02
  -1.5814250e-02
  -1.5642120e-02
  -1.4691840e-02
  -1.2756980e-02
  -9.3969970e-03
  -4.7833590e-03
  -1.5093160e-04
   2.8411180e-03
   3.2792010e-03
   2.2517910e-03
   1.7175340e-03
   2.7331770e-03
   5.0052810e-03
   7.4445930e-03
   9.3951190e-03
   1.0050460e-02
   8.3091410e-03
   4.7120860e-03
   9.5797320e-04
  -1.8830070e-03
  -3.2212320e-03
  -2.8876640e-03
  -1.4265740e-03
   1.0250070e-04
   6.5944480e-04
   3.3393240e-04
   1.1088620e-04
   1.0328300e-03
   3.3354370e-03
   5.4783310e-03
   5.7287930e-03
   3.6683790e-03
   8.7287550e-05
  -3.5378330e-03
  -6.2423530e-03
  -7.8002820e-03
  -8.3246600e-03
  -7.8596300e-03
  -6.4132310e-03
  -4.5285950e-03
  -3.2405890e-03
  -3.1988890e-03
  -3.6369120e-03
  -3.1210840e-03
  -1.2518700e-03
   7.8840320e-04
   1.5114840e-03
   8.9361800e-04
  -2.4142230e-04
  -1.5637930e-03
  -2.9526250e-03
  -3.9985290e-03
  -3.8573250e-03
  -2.2771710e-03
  -7.0985710e-04
  -3.6493280e-04
  -4.0399610e-04
   7.7016040e-04
   3.3992470e-03
   6.2255920e-03
   8.2411000e-03
   9.0850220e-03
   8.8597270e-03
   7.8513670e-03
   5.7913730e-03
   2.8557400e-03
   1.1245160e-04
  -1.3095940e-03
  -9.8950140e-04
   4.2264110e-04
   2.0618560e-03
   2.9919700e-03
   2.7001280e-03
   1.5661880e-03
   6.4131950e-05
  -1.0102810e-03
  -1.3266600e-03
  -1.1801990e-03
  -7.2679050e-04
  -8.6508430e-04
  -2.1562220e-03
  -3.8805280e-03
  -5.0565140e-03
  -4.9613990e-03
  -3.5387010e-03
  -1.7042640e-03
  -2.4049090e-04
   1.2124310e-03
   2.4227000e-03
   2.3464690e-03
   1.3114710e-03
   7.4814220e-04
   1.5436400e-03
   3.5408190e-03
   5.5616300e-03
   5.7978650e-03
   4.0584870e-03
   2.1328240e-03
   1.5778730e-03
   3.1078360e-03
   6.2798170e-03
   9.6257930e-03
   1.1799030e-02
   1.2395840e-02
   1.1834710e-02
   1.0610050e-02
   9.4569310e-03
   8.9663720e-03
   9.0243190e-03
   9.1160510e-03
   8.4357050e-03
   6.6881930e-03
   4.5416120e-03
   2.4284940e-03
   2.0717830e-04
  -1.9177970e-03
  -3.8671400e-03
  -5.7615320e-03
  -7.0272150e-03
  -7.2599850e-03
  -7.0419710e-03
  -7.1425700e-03
  -7.4704790e-03
  -7.8034330e-03
  -8.4483730e-03
  -9.0773710e-03
  -9.0097710e-03
  -7.8979040e-03
  -5.9708520e-03
  -4.2677700e-03
  -3.5868590e-03
  -4.0047100e-03
  -5.2991510e-03
  -7.0278870e-03
  -8.4567550e-03
  -8.6997910e-03
  -7.4421730e-03
  -5.6865520e-03
  -4.4341630e-03
  -3.5082030e-03
  -2.8243690e-03
  -2.6295780e-03
  -2.7582170e-03
  -2.5130690e-03
  -1.1671430e-03
   1.1741960e-03
   3.5184080e-03
   4.7372400e-03
   4.3512810e-03
   2.5608150e-03
   2.3987170e-04
  -1.2315390e-03
  -1.0655340e-03
   2.8714270e-04
   1.8252300e-03
   2.3776430e-03
   1.2487220e-03
  -5.6903040e-04
  -1.6101020e-03
  -1.1469550e-03
   7.4657260e-04
   3.3461030e-03
   6.4373850e-03
   9.9636860e-03
   1.3081470e-02
   1.4241930e-02
   1.2019130e-02
   6.5158340e-03
  -1.9762050e-04
  -5.5015730e-03
  -7.9509930e-03
  -7.4117140e-03
  -5.1633210e-03
  -3.1374220e-03
  -2.5696100e-03
  -3.4726110e-03
  -4.6041000e-03
  -5.3612330e-03
  -5.7124530e-03
  -5.6933130e-03
  -6.1343750e-03
  -7.1397920e-03
  -8.3015510e-03
  -9.5107540e-03
  -1.0637650e-02
  -1.1839530e-02
  -1.3164200e-02
  -1.3915670e-02
  -1.2780190e-02
  -9.6159710e-03
  -5.7618880e-03
  -2.4085460e-03
  -4.7992240e-04
  -3.4604370e-04
  -1.8117430e-03
  -4.2431130e-03
  -5.6567390e-03
  -4.2215760e-03
   1.6244090e-04
   6.5073760e-03
   1.3210380e-02
   1.8945760e-02
   2.3065740e-02
   2.5503240e-02
   2.6495930e-02
   2.5973140e-02
   2.4124890e-02
   2.1393690e-02
   1.8622920e-02
   1.6976790e-02
   1.6165120e-02
   1.4927740e-02
   1.2728490e-02
   9.6719230e-03
   6.2590830e-03
   3.0155810e-03
  -2.0298840e-04
  -3.7032140e-03
  -7.4098630e-03
  -1.0816300e-02
  -1.2861560e-02
  -1.3037930e-02
  -1.1700910e-02
  -9.4244930e-03
  -7.4038430e-03
  -6.5253060e-03
  -6.3650130e-03
  -6.2542020e-03
  -5.8308900e-03
  -5.3490700e-03
  -5.1838010e-03
  -4.8370470e-03
  -3.6597320e-03
  -1.1791570e-03
   2.3562840e-03
   5.9440340e-03
   8.8291300e-03
   1.0221000e-02
   9.9322930e-03
   8.6203440e-03
   6.8332680e-03
   5.0072110e-03
   3.5914450e-03
   3.0416400e-03
   3.3410380e-03
   4.0474910e-03
   4.9364230e-03
   5.6690480e-03
   6.0488210e-03
   6.4553110e-03
   7.1755660e-03
   8.1800950e-03
   9.3526730e-03
   1.0228560e-02
   9.7910440e-03
   7.4527740e-03
   3.8858120e-03
   2.3724520e-04
  -2.9910460e-03
  -5.7905640e-03
  -7.7943870e-03
  -9.1368230e-03
  -1.1100460e-02
  -1.4079190e-02
  -1.6797620e-02
  -1.7944120e-02
  -1.7093550e-02
  -1.4916940e-02
  -1.2623220e-02
  -1.1045670e-02
  -1.0794440e-02
  -1.1341720e-02
  -1.0800930e-02
  -8.4904870e-03
  -5.4077210e-03
  -2.3882990e-03
   5.6934530e-04
   3.5662730e-03
   6.2531980e-03
   8.2444060e-03
   9.3131380e-03
   9.6881630e-03
   9.4837970e-03
   8.1894940e-03
   5.8820140e-03
   3.2942420e-03
   1.5984810e-03
   1.8863480e-03
   3.9865890e-03
   7.0067030e-03
   9.8791240e-03
   1.1603140e-02
   1.1695490e-02
   1.0312280e-02
   8.2996280e-03
   6.6382410e-03
   5.9426780e-03
   6.2995260e-03
   7.3263650e-03
   8.1825290e-03
   7.6958890e-03
   5.5380180e-03
   2.5892280e-03
   1.9987770e-04
  -4.0295580e-04
   8.1799070e-04
   2.6880750e-03
   3.8002190e-03
   3.0852880e-03
   5.0241200e-04
  -3.7031220e-03
  -9.1578230e-03
  -1.4399990e-02
  -1.8163470e-02
  -2.0622940e-02
  -2.3352610e-02
  -2.7369170e-02
  -3.1562860e-02
  -3.4916400e-02
  -3.6950680e-02
  -3.7117090e-02
  -3.5802530e-02
  -3.3255790e-02
  -2.9507730e-02
  -2.5291470e-02
  -2.0831100e-02
  -1.5873720e-02
  -1.0509130e-02
  -5.3161420e-03
  -1.3291740e-03
   1.2074710e-03
   3.1001780e-03
   5.1552480e-03
   7.8591580e-03
   1.0964980e-02
   1.3686360e-02
   1.5432330e-02
   1.6156370e-02
   1.6363470e-02
   1.6660390e-02
   1.7371390e-02
   1.8268890e-02
   1.8929010e-02
   1.8803910e-02
   1.7458610e-02
   1.5462290e-02
   1.3964010e-02
   1.3734750e-02
   1.4532780e-02
   1.5435310e-02
   1.5699900e-02
   1.5119530e-02
   1.4089340e-02
   1.3056400e-02
   1.1846500e-02
   9.8864840e-03
   7.4698860e-03
   5.6415200e-03
   4.9204230e-03
   5.1931500e-03
   5.6127040e-03
   5.5944670e-03
   5.8610430e-03
   6.8147720e-03
   7.6903050e-03
   8.0714850e-03
   8.3769870e-03
   8.6042490e-03
   7.9234700e-03
   5.9122830e-03
   3.2849710e-03
   1.0534590e-03
  -5.3164200e-04
  -1.8864580e-03
  -3.5733890e-03
  -6.5100300e-03
  -1.1270540e-02
  -1.6952850e-02
  -2.2201880e-02
  -2.6648200e-02
  -3.0378160e-02
  -3.2748210e-02
  -3.2878150e-02
  -3.0616510e-02
  -2.6577590e-02
  -2.2012880e-02
  -1.8194680e-02
  -1.5131460e-02
  -1.1734930e-02
  -7.4685160e-03
  -2.1427080e-03
   4.0298420e-03
   9.9576510e-03
   1.4832980e-02
   1.7863500e-02
   1.9186200e-02
   2.0586520e-02
   2.3257220e-02
   2.7151240e-02
   3.0994730e-02
   3.3201080e-02
   3.3519610e-02
   3.2631760e-02
   3.1305300e-02
   2.9264940e-02
   2.5583860e-02
   1.9743450e-02
   1.1573360e-02
   2.7174980e-03
  -4.5329550e-03
  -1.0042540e-02
  -1.4825530e-02
  -2.0036520e-02
  -2.6700020e-02
  -3.4813350e-02
  -4.2494990e-02
  -4.7316590e-02
  -4.8864570e-02
  -4.7660640e-02
  -4.4412540e-02
  -4.0530260e-02
  -3.6796660e-02
  -3.3238720e-02
  -2.9579780e-02
  -2.5475600e-02
  -2.1007150e-02
  -1.6446350e-02
  -1.1869440e-02
  -7.2327540e-03
  -3.1144700e-03
   5.9587710e-05
   2.7431180e-03
   5.0668600e-03
   7.3351180e-03
   1.0043550e-02
   1.2802430e-02
   1.5485470e-02
   1.8958840e-02
   2.3612470e-02
   2.8518640e-02
   3.2821600e-02
   3.6202390e-02
   3.8449440e-02
   4.0212940e-02
   4.2439360e-02
   4.4747880e-02
   4.5757680e-02
   4.4217750e-02
   3.9862840e-02
   3.3924470e-02
   2.7872390e-02
   2.3008590e-02
   2.0353540e-02
   1.9877350e-02
   2.0671420e-02
   2.1319120e-02
   2.1460790e-02
   2.0544060e-02
   1.7818150e-02
   1.4717830e-02
   1.2118890e-02
   9.8964680e-03
   7.7447650e-03
   4.5688310e-03
  -6.7477980e-05
  -6.9070720e-03
  -1.6523680e-02
  -2.8705100e-02
  -4.3129010e-02
  -5.7473160e-02
  -6.8739650e-02
  -7.4415010e-02
  -7.4625580e-02
  -7.3153840e-02
  -7.2300990e-02
  -7.3705540e-02
  -7.6756900e-02
  -7.8406160e-02
  -7.8604980e-02
  -7.5383120e-02
  -6.7061630e-02
  -5.6688950e-02
  -4.4652370e-02
  -2.8402510e-02
  -8.4118320e-03
   1.2248140e-02
   3.2553580e-02
   5.2475090e-02
   7.0095400e-02
   8.2767760e-02
   9.1102130e-02
   9.9636370e-02
   1.0896290e-01
   1.1652160e-01
   1.2025560e-01
   1.1831150e-01
   1.1405370e-01
   1.0921650e-01
   1.0066370e-01
   9.0240270e-02
   7.8345620e-02
   6.1230370e-02
   4.0196120e-02
   1.6900850e-02
  -9.2096180e-03
  -3.7085810e-02
  -6.4997370e-02
  -9.0859450e-02
  -1.1350340e-01
  -1.3119530e-01
  -1.4282070e-01
  -1.4918990e-01
  -1.4966050e-01
  -1.4788670e-01
  -1.4706860e-01
  -1.4309920e-01
  -1.3670420e-01
  -1.2835800e-01
  -1.1567760e-01
  -1.0049780e-01
  -8.1081870e-02
  -5.9421740e-02
  -3.8945510e-02
  -1.8707300e-02
  -1.0932440e-03
   1.6036590e-02
   3.4691710e-02
   5.3513020e-02
   7.2523820e-02
   8.8932440e-02
   1.0140170e-01
   1.1041630e-01
   1.1490810e-01
   1.1507250e-01
   1.1414230e-01
   1.1427290e-01
   1.1692700e-01
   1.2202500e-01
   1.2692060e-01
   1.3257640e-01
   1.3691260e-01
   1.3601120e-01
   1.3119990e-01
   1.2416570e-01
   1.1623690e-01
   1.0777280e-01
   9.9485440e-02
   9.2238740e-02
   8.6481560e-02
   8.2441380e-02
   7.8447900e-02
   7.4817740e-02
   6.8992530e-02
   5.7045380e-02
   4.2484980e-02
   2.6226310e-02
   6.5600430e-03
  -1.6044460e-02
  -4.5598360e-02
  -8.0079040e-02
  -1.1372530e-01
  -1.4522130e-01
  -1.7044730e-01
  -1.9336850e-01
  -2.1886760e-01
  -2.4807190e-01
  -2.8024960e-01
  -3.0702350e-01
  -3.2359440e-01
  -3.1311500e-01
  -2.8445120e-01
  -2.6874330e-01
  -2.4696920e-01
  -2.1912450e-01
  -2.0523170e-01
  -1.8419480e-01
  -1.5358270e-01
  -1.2306860e-01
  -8.4034400e-02
  -3.3648300e-02
   2.4201170e-02
   8.2294130e-02
   1.3449720e-01
   1.7796420e-01
   2.1380410e-01
   2.4500100e-01
   2.6934880e-01
   2.8636360e-01
   2.9819070e-01
   3.0626420e-01
   3.1136050e-01
   3.1032820e-01
   2.9844130e-01
   2.7205590e-01
   2.3907640e-01
   2.1148240e-01
   1.8429980e-01
   1.5398520e-01
   1.2738860e-01
   9.8741840e-02
   5.6239140e-02
   5.7648490e-03
  -4.1564410e-02
  -8.6447360e-02
  -1.3186830e-01
  -1.8215100e-01
  -2.3804690e-01
  -2.8816830e-01
  -3.2323580e-01
  -3.4698300e-01
  -3.6748070e-01
  -3.8303760e-01
  -3.8941860e-01
  -3.8936300e-01
  -3.8689680e-01
  -3.8608270e-01
  -3.8873070e-01
  -3.9938090e-01
  -4.0851600e-01
  -3.8254190e-01
  -3.2209230e-01
  -2.5446120e-01
  -1.7586180e-01
  -9.6403210e-02
  -4.5443160e-02
  -6.9816000e-03
   4.7179420e-02
   1.1174100e-01
   1.7220690e-01
   2.2627240e-01
   2.8032600e-01
   3.3183220e-01
   3.7017840e-01
   3.9339760e-01
   4.0949270e-01
   4.2785620e-01
   4.4706400e-01
   4.6481870e-01
   4.9051620e-01
   5.2000850e-01
   5.3461220e-01
   5.3494530e-01
   5.3444220e-01
   5.3481080e-01
   5.3039510e-01
   5.1909740e-01
   5.0172750e-01
   4.7864510e-01
   4.5268860e-01
   4.2551090e-01
   3.9606610e-01
   3.6618170e-01
   3.3463250e-01
   3.0259580e-01
   2.7343580e-01
   2.4853360e-01
   2.3255610e-01
   2.1228200e-01
   1.7436190e-01
   1.2997560e-01
   8.2901200e-02
   2.8018800e-02
  -3.3976930e-02
  -9.8715220e-02
  -1.6759670e-01
  -2.4419400e-01
  -3.2487330e-01
  -4.1073490e-01
  -4.9533980e-01
  -5.6449600e-01
  -6.0460770e-01
  -6.0309970e-01
  -5.7251580e-01
  -5.4462430e-01
  -5.3616890e-01
  -5.3365230e-01
  -5.2875290e-01
  -5.3401240e-01
  -5.4668340e-01
  -5.5310910e-01
  -5.5229150e-01
  -5.4539290e-01
  -5.3392280e-01
  -5.3240960e-01
  -5.3159790e-01
  -5.0900980e-01
  -4.7650600e-01
  -4.3792180e-01
  -3.9333260e-01
  -3.6071750e-01
  -3.3657750e-01
  -3.0929590e-01
  -2.7662910e-01
  -2.3818670e-01
  -1.9605340e-01
  -1.4740480e-01
  -9.3717120e-02
  -4.1634220e-02
   1.1103990e-02
   6.9923450e-02
   1.3567680e-01
   2.0209870e-01
   2.6516440e-01
   3.2554070e-01
   3.8155470e-01
   4.3303800e-01
   4.7494440e-01
   5.0253080e-01
   5.1526640e-01
   5.1376200e-01
   5.0283710e-01
   4.8454160e-01
   4.6704780e-01
   4.5362010e-01
   4.3848830e-01
   4.2563220e-01
   4.1304270e-01
   3.9514650e-01
   3.7202090e-01
   3.4565310e-01
   3.1966330e-01
   2.9409040e-01
   2.6744310e-01
   2.3770950e-01
   2.0603320e-01
   1.7493710e-01
   1.4757180e-01
   1.2433640e-01
   9.9878650e-02
   7.3915130e-02
   4.7751160e-02
   2.4825080e-02
   8.2808320e-03
  -4.2271100e-03
  -1.5579460e-02
  -2.8513070e-02
  -4.1475350e-02
  -5.6306530e-02
  -7.4203990e-02
  -8.9997420e-02
  -1.0485750e-01
  -1.2259790e-01
  -1.4755640e-01
  -1.8202860e-01
  -2.2483340e-01
  -2.7511390e-01
  -3.2989560e-01
  -3.8610190e-01
  -4.3354860e-01
  -4.6156930e-01
  -4.6761030e-01
  -4.5228410e-01
  -4.2740810e-01
  -4.0319010e-01
  -3.7605820e-01
  -3.4386340e-01
  -3.1261550e-01
  -2.8353900e-01
  -2.5169880e-01
  -2.1521150e-01
  -1.6032420e-01
  -8.3343120e-02
  -9.1976270e-03
   5.5717600e-02
   1.2146040e-01
   1.8149990e-01
   2.2874550e-01
   2.6700940e-01
   3.0001220e-01
   3.2761540e-01
   3.4603170e-01
   3.5372120e-01
   3.5484840e-01
   3.5127420e-01
   3.4370530e-01
   3.3420330e-01
   3.2276710e-01
   3.1016100e-01
   3.0096380e-01
   2.9494730e-01
   2.8707370e-01
   2.7543350e-01
   2.5447150e-01
   2.2223980e-01
   1.8168190e-01
   1.3111630e-01
   7.8449720e-02
   3.3454310e-02
  -9.1041670e-03
  -5.4478340e-02
  -9.8664700e-02
  -1.3816090e-01
  -1.7604580e-01
  -2.1468970e-01
  -2.5388760e-01
  -2.9209720e-01
  -3.1987290e-01
  -3.3171770e-01
  -3.3081710e-01
  -3.2080640e-01
  -3.1016200e-01
  -3.0417710e-01
  -3.0372620e-01
  -3.0810330e-01
  -3.1232190e-01
  -3.1569190e-01
  -3.1782450e-01
  -3.1896410e-01
  -3.2014710e-01
  -3.1661300e-01
  -3.0500250e-01
  -2.8555570e-01
  -2.6175820e-01
  -2.3581080e-01
  -2.0799870e-01
  -1.7941400e-01
  -1.4836100e-01
  -1.1637610e-01
  -8.5347230e-02
  -5.3700170e-02
  -2.0007460e-02
   1.7345960e-02
   5.7996280e-02
   9.9699900e-02
   1.4078940e-01
   1.8108180e-01
   2.1961610e-01
   2.5614260e-01
   2.8783210e-01
   3.1310960e-01
   3.3788450e-01
   3.6322020e-01
   3.8857900e-01
   4.1259320e-01
   4.3017820e-01
   4.4081880e-01
   4.4660160e-01
   4.4974750e-01
   4.4945560e-01
   4.4627750e-01
   4.4401130e-01
   4.4329110e-01
   4.4086090e-01
   4.3616450e-01
   4.3288390e-01
   4.2557120e-01
   4.0923220e-01
   3.8492260e-01
   3.4896270e-01
   3.0290890e-01
   2.4848990e-01
   1.8199200e-01
   1.0895550e-01
   3.7740150e-02
  -3.1237760e-02
  -9.5160950e-02
  -1.5077000e-01
  -1.9921900e-01
  -2.4123110e-01
  -2.8037810e-01
  -3.2542510e-01
  -3.8347900e-01
  -4.4493440e-01
  -5.0263620e-01
  -5.5285910e-01
  -5.8733920e-01
  -6.1899750e-01
  -6.3190450e-01
  -6.1603940e-01
  -5.9875050e-01
  -5.3469520e-01
  -4.1421560e-01
  -3.2687590e-01
  -2.7750210e-01
  -2.1603310e-01
  -1.5757550e-01
  -1.2377770e-01
  -9.9664790e-02
  -7.1799810e-02
  -4.1134540e-02
  -9.0754850e-03
   2.4486430e-02
   5.7150190e-02
   8.5399070e-02
   1.0513130e-01
   1.1798000e-01
   1.3160140e-01
   1.4287400e-01
   1.4906600e-01
   1.5789180e-01
   1.7013300e-01
   1.8158700e-01
   1.8502610e-01
   1.7533250e-01
   1.6387090e-01
   1.6152810e-01
   1.6336480e-01
   1.5993940e-01
   1.4759000e-01
   1.3137380e-01
   1.1860160e-01
   1.0936550e-01
   9.6039970e-02
   7.4167190e-02
   4.6005170e-02
   1.2021620e-02
  -2.4960550e-02
  -5.8649990e-02
  -8.4350520e-02
  -1.0124840e-01
  -1.1399990e-01
  -1.2295220e-01
  -1.2476630e-01
  -1.1975180e-01
  -1.1067950e-01
  -1.0128280e-01
  -9.1445210e-02
  -7.9563790e-02
  -6.8588270e-02
  -5.9043190e-02
  -4.6270500e-02
  -3.0036920e-02
  -1.2359230e-02
   8.5660420e-03
   3.5299460e-02
   6.4088620e-02
   8.3707740e-02
   8.7309660e-02
   7.9494830e-02
   7.5673410e-02
   8.1694840e-02
   8.4538950e-02
   7.9367080e-02
   7.3986740e-02
   7.2307740e-02
   6.5387360e-02
   4.9973250e-02
   3.9375340e-02
   3.4172560e-02
   2.8578820e-02
   2.6745840e-02
   2.9041910e-02
   3.0413010e-02
   2.7264850e-02
   2.1031750e-02
   1.1462050e-02
  -3.7650300e-03
  -2.0859390e-02
  -3.6379620e-02
  -5.0765840e-02
  -6.2502180e-02
  -7.0613280e-02
  -7.5862690e-02
  -7.7572340e-02
  -7.7252640e-02
  -7.7602470e-02
  -8.0531130e-02
  -8.4975430e-02
  -8.4942090e-02
  -8.0086680e-02
  -7.6949470e-02
  -7.8472240e-02
  -8.3169150e-02
  -8.9954100e-02
  -9.5760120e-02
  -9.5978540e-02
  -9.1423010e-02
  -8.4044280e-02
  -7.3414230e-02
  -5.8307510e-02
  -3.6194630e-02
  -8.8984930e-03
   1.8359960e-02
   4.5269350e-02
   7.2226740e-02
   9.4887420e-02
   1.1221800e-01
   1.2797670e-01
   1.4331070e-01
   1.5668920e-01
   1.6617440e-01
   1.7070800e-01
   1.7085600e-01
   1.6773760e-01
   1.6233130e-01
   1.5568940e-01
   1.4782510e-01
   1.3922390e-01
   1.3156990e-01
   1.2419040e-01
   1.1720750e-01
   1.1106130e-01
   1.0501330e-01
   1.0024840e-01
   9.5334620e-02
   8.8045980e-02
   7.8173840e-02
   6.6912500e-02
   5.5594660e-02
   4.1109280e-02
   2.4212110e-02
   7.5853410e-03
  -1.2580820e-02
  -3.6008620e-02
  -5.9024670e-02
  -8.0780120e-02
  -1.0043740e-01
  -1.1776670e-01
  -1.3387900e-01
  -1.5092660e-01
  -1.6671190e-01
  -1.7684240e-01
  -1.8282330e-01
  -1.8566710e-01
  -1.8494870e-01
  -1.8194710e-01
  -1.7699160e-01
  -1.7198980e-01
  -1.6684650e-01
  -1.5797490e-01
  -1.4488420e-01
  -1.2982100e-01
  -1.1560140e-01
  -1.0420330e-01
  -9.4603940e-02
  -8.5999690e-02
  -8.0410340e-02
  -7.6314560e-02
  -7.0029330e-02
  -6.2142600e-02
  -5.3579240e-02
  -4.4284770e-02
  -3.2903570e-02
  -1.8567450e-02
  -3.1858930e-03
   1.2407900e-02
   2.7436820e-02
   4.2592530e-02
   5.8899240e-02
   7.5151790e-02
   9.1476560e-02
   1.0721930e-01
   1.2196880e-01
   1.3574000e-01
   1.4744300e-01
   1.5686640e-01
   1.6425720e-01
   1.7112080e-01
   1.7698420e-01
   1.8040430e-01
   1.8174440e-01
   1.8161890e-01
   1.7961490e-01
   1.7283000e-01
   1.6315470e-01
   1.5338200e-01
   1.4377190e-01
   1.3630670e-01
   1.2774810e-01
   1.1679640e-01
   1.0535270e-01
   9.2901630e-02
   8.0238790e-02
   6.4569660e-02
   4.3946890e-02
   2.1090870e-02
  -2.4071840e-03
  -2.6224810e-02
  -5.0059770e-02
  -7.1992420e-02
  -8.9863180e-02
  -1.0355680e-01
  -1.1344740e-01
  -1.1861030e-01
  -1.1872440e-01
  -1.1652640e-01
  -1.1580900e-01
  -1.1744560e-01
  -1.1970890e-01
  -1.2171530e-01
  -1.2258280e-01
  -1.1990750e-01
  -1.1239640e-01
  -1.0315620e-01
  -9.5183990e-02
  -8.6078570e-02
  -7.4299270e-02
  -6.1757770e-02
  -4.8443510e-02
  -3.4329510e-02
  -2.2397560e-02
  -1.3274590e-02
  -5.1037190e-03
   2.7530420e-03
   1.0602530e-02
   1.7530960e-02
   2.3329620e-02
   2.7833470e-02
   2.9932480e-02
   3.0393160e-02
   2.9661330e-02
   2.8153910e-02
   2.6332060e-02
   2.4368410e-02
   2.2928910e-02
   2.1810920e-02
   2.0492410e-02
   1.8383930e-02
   1.5783970e-02
   1.2655880e-02
   9.1256610e-03
   6.3626600e-03
   4.0124950e-03
   1.4380490e-03
  -1.3942250e-03
  -2.5122950e-03
  -1.3340200e-03
  -8.4527420e-04
  -1.4201620e-03
  -1.3887360e-03
   6.3469720e-04
   3.9879120e-03
   7.0249420e-03
   1.0063810e-02
   1.3174700e-02
   1.6408990e-02
   1.9016920e-02
   2.0255110e-02
   2.0704440e-02
   1.9813490e-02
   1.7626140e-02
   1.5304760e-02
   1.3525290e-02
   1.1728640e-02
   9.0376430e-03
   6.0296080e-03
   2.7421310e-03
  -1.2497570e-03
  -6.0080650e-03
  -1.2348340e-02
  -1.9923310e-02
  -2.7709470e-02
  -3.5906420e-02
  -4.4213030e-02
  -5.1715970e-02
  -5.7909310e-02
  -6.2396430e-02
  -6.4782790e-02
  -6.5130730e-02
  -6.3810910e-02
  -6.1154960e-02
  -5.8170780e-02
  -5.5769210e-02
  -5.4098980e-02
  -5.3486290e-02
  -5.3626130e-02
  -5.3184120e-02
  -5.1473190e-02
  -4.9134050e-02
  -4.6288600e-02
  -4.1376620e-02
  -3.4097690e-02
  -2.5973160e-02
  -1.6887030e-02
  -5.7020190e-03
   6.3230610e-03
   1.7206960e-02
   2.7901530e-02
   3.8968450e-02
   4.9114620e-02
   5.7952450e-02
   6.5860040e-02
   7.3941750e-02
   8.1753080e-02
   8.9377070e-02
   9.8976290e-02
   1.0957210e-01
   1.1887180e-01
   1.2601770e-01
   1.3125970e-01
   1.3542690e-01
   1.3861280e-01
   1.4103720e-01
   1.4254070e-01
   1.4248690e-01
   1.4058010e-01
   1.3587420e-01
   1.2802000e-01
   1.1865260e-01
   1.0835320e-01
   9.6229330e-02
   8.1883750e-02
   6.5469710e-02
   4.8345430e-02
   3.1203340e-02
   1.3021630e-02
  -5.9452710e-03
  -2.4005120e-02
  -4.2018920e-02
  -6.1151840e-02
  -7.9665800e-02
  -9.6916060e-02
  -1.1297220e-01
  -1.2815980e-01
  -1.4240150e-01
  -1.5468810e-01
  -1.6504620e-01
  -1.7263090e-01
  -1.7873100e-01
  -1.8430120e-01
  -1.8783800e-01
  -1.9086960e-01
  -1.9370870e-01
  -1.9564740e-01
  -1.9717600e-01
  -1.9767560e-01
  -1.9673690e-01
  -1.9231730e-01
  -1.8327800e-01
  -1.7197000e-01
  -1.5840260e-01
  -1.4158510e-01
  -1.2371060e-01
  -1.0726990e-01
  -9.2903100e-02
  -7.8768170e-02
  -6.3536090e-02
  -4.8071070e-02
  -3.1231200e-02
  -1.1653560e-02
   1.0402660e-02
   3.4579640e-02
   6.0062290e-02
   8.6118820e-02
   1.1132600e-01
   1.3423460e-01
   1.5394520e-01
   1.6979200e-01
   1.8228420e-01
   1.9206580e-01
   2.0048650e-01
   2.0870870e-01
   2.1591880e-01
   2.2203620e-01
   2.2776360e-01
   2.3285180e-01
   2.3633930e-01
   2.3652640e-01
   2.3281050e-01
   2.2613290e-01
   2.1691750e-01
   2.0442700e-01
   1.8875260e-01
   1.7229970e-01
   1.5446560e-01
   1.3379860e-01
   1.1326360e-01
   9.2245930e-02
   6.8327880e-02
   4.2955840e-02
   1.6686890e-02
  -1.0384980e-02
  -3.7597330e-02
  -6.5706200e-02
  -9.5409130e-02
  -1.2381440e-01
  -1.4822240e-01
  -1.7012580e-01
  -1.8960260e-01
  -2.0271610e-01
  -2.0693250e-01
  -2.0700410e-01
  -2.0800530e-01
  -2.0984780e-01
  -2.1178050e-01
  -2.1194360e-01
  -2.1100770e-01
  -2.1110140e-01
  -2.1109680e-01
  -2.0768720e-01
  -1.9784870e-01
  -1.8392870e-01
  -1.6782780e-01
  -1.4851960e-01
  -1.2800060e-01
  -1.0854320e-01
  -9.1083050e-02
  -7.4999790e-02
  -5.8592310e-02
  -4.1922260e-02
  -2.4970250e-02
  -6.7132110e-03
   1.2790580e-02
   3.3003540e-02
   5.2171170e-02
   6.9383290e-02
   8.5897980e-02
   1.0018320e-01
   1.1126070e-01
   1.2084790e-01
   1.2972630e-01
   1.3651230e-01
   1.3877860e-01
   1.3847210e-01
   1.3809400e-01
   1.3755660e-01
   1.3685990e-01
   1.3315860e-01
   1.2508390e-01
   1.1491650e-01
   1.0488420e-01
   9.4888290e-02
   8.2055690e-02
   6.9112850e-02
   6.0003980e-02
   5.2691640e-02
   4.7105540e-02
   4.2875360e-02
   3.8386910e-02
   3.3304410e-02
   2.6290920e-02
   1.8457380e-02
   1.0726700e-02
   4.0665790e-03
   8.0006420e-04
  -8.6295730e-04
  -3.4502280e-03
  -6.3405820e-03
  -7.6276060e-03
  -8.3073970e-03
  -1.1029590e-02
  -1.4879310e-02
  -1.8316990e-02
  -2.1239130e-02
  -2.4670320e-02
  -2.9669010e-02
  -3.3369420e-02
  -3.3401340e-02
  -3.2255440e-02
  -3.1469260e-02
  -3.0750900e-02
  -2.9635750e-02
  -2.7356680e-02
  -2.5508320e-02
  -2.4723120e-02
  -2.3324950e-02
  -2.0670820e-02
  -1.6609350e-02
  -1.1937620e-02
  -8.1487730e-03
  -5.1702060e-03
  -2.2011350e-03
  -2.5599970e-04
   3.2424690e-04
   1.1357910e-03
   2.6888340e-03
   5.0097670e-03
   7.7641320e-03
   1.0980180e-02
   1.4979500e-02
   1.8657160e-02
   2.1340090e-02
   2.2558490e-02
   2.2676990e-02
   2.2469340e-02
   2.0989060e-02
   1.8803960e-02
   1.7342180e-02
   1.6525620e-02
   1.6021010e-02
   1.5397610e-02
   1.4685190e-02
   1.3955210e-02
   1.2806110e-02
   1.0911570e-02
   8.0998910e-03
   4.6702860e-03
   7.6561910e-04
  -3.9055450e-03
  -8.6594600e-03
  -1.2296110e-02
  -1.5372790e-02
  -1.8915380e-02
  -2.2190960e-02
  -2.4849260e-02
  -2.7397870e-02
  -2.9224790e-02
  -3.0021300e-02
  -2.9833270e-02
  -2.8385220e-02
  -2.6130310e-02
  -2.3257060e-02
  -2.0031300e-02
  -1.6541380e-02
  -1.2282750e-02
  -7.6669380e-03
  -3.3069300e-03
   3.1549810e-04
   3.6481110e-03
   7.5575970e-03
   1.1387660e-02
   1.4955610e-02
   1.8988980e-02
   2.3332390e-02
   2.7563080e-02
   3.1402970e-02
   3.4326580e-02
   3.6191760e-02
   3.7230830e-02
   3.7523260e-02
   3.7411130e-02
   3.7280030e-02
   3.7275220e-02
   3.7396780e-02
   3.7642690e-02
   3.8344030e-02
   3.8950860e-02
   3.9241270e-02
   3.9767980e-02
   3.9362450e-02
   3.7701120e-02
   3.5056250e-02
   3.1137790e-02
   2.6345650e-02
   2.0025860e-02
   1.2276720e-02
   4.2136840e-03
  -3.1210760e-03
  -9.6608840e-03
  -1.6276200e-02
  -2.2377130e-02
  -2.8378350e-02
  -3.4580700e-02
  -4.0203640e-02
  -4.5064380e-02
  -4.8903340e-02
  -5.2120450e-02
  -5.4171040e-02
  -5.4659790e-02
  -5.3701470e-02
  -5.1332390e-02
  -4.8581360e-02
  -4.4417720e-02
  -3.7933430e-02
  -3.0518940e-02
  -2.2640260e-02
  -1.3656850e-02
  -3.6301760e-03
   6.3266410e-03
   1.5300450e-02
   2.2923810e-02
   2.9744500e-02
   3.6462090e-02
   4.2840720e-02
   4.8833140e-02
   5.4213240e-02
   5.8228440e-02
   6.0719970e-02
   6.2125510e-02
   6.2323500e-02
   6.1171880e-02
   5.9543860e-02
   5.7988810e-02
   5.6407810e-02
   5.4555310e-02
   5.1932720e-02
   4.8708140e-02
   4.5488630e-02
   4.1756720e-02
   3.6866190e-02
   3.1271920e-02
   2.5255710e-02
   1.8732140e-02
   1.2094570e-02
   5.5030000e-03
  -1.7651290e-03
  -9.6483600e-03
  -1.7227220e-02
  -2.4993700e-02
  -3.3215760e-02
  -4.1093030e-02
  -4.8957600e-02
  -5.7143790e-02
  -6.5513680e-02
  -7.4151930e-02
  -8.2136540e-02
  -8.8223920e-02
  -9.2558680e-02
  -9.6154740e-02
  -9.8550390e-02
  -9.8848400e-02
  -9.8163570e-02
  -9.7365830e-02
  -9.6394110e-02
  -9.5325530e-02
  -9.4014670e-02
  -9.2399130e-02
  -9.0216950e-02
  -8.7227240e-02
  -8.2833830e-02
  -7.6178630e-02
  -6.7971930e-02
  -5.8662060e-02
  -4.7963430e-02
  -3.7236980e-02
  -2.7075300e-02
  -1.6791650e-02
  -6.6327270e-03
   3.5237810e-03
   1.4017130e-02
   2.4839340e-02
   3.6189740e-02
   4.7628660e-02
   5.8596570e-02
   6.8492650e-02
   7.6327130e-02
   8.2623810e-02
   8.7690450e-02
   9.1690410e-02
   9.5266980e-02
   9.6659170e-02
   9.6896170e-02
   9.7959370e-02
   9.8051770e-02
   9.6808230e-02
   9.4231640e-02
   9.0468910e-02
   8.5619300e-02
   7.9590920e-02
   7.3901290e-02
   6.8040920e-02
   6.1803580e-02
   5.6870170e-02
   5.2825070e-02
   4.7518760e-02
   4.0596440e-02
   3.3429850e-02
   2.5705740e-02
   1.6841660e-02
   7.6666400e-03
  -1.3763660e-03
  -1.0546700e-02
  -1.9959550e-02
  -2.8539890e-02
  -3.4785880e-02
  -4.0158530e-02
  -4.5911360e-02
  -5.0436000e-02
  -5.5042900e-02
  -6.0806160e-02
  -6.5908000e-02
  -7.0567630e-02
  -7.5480690e-02
  -8.0501420e-02
  -8.4417110e-02
  -8.6569470e-02
  -8.8606920e-02
  -8.9920820e-02
  -8.8813530e-02
  -8.5770740e-02
  -8.1938030e-02
  -7.7958960e-02
  -7.2839800e-02
  -6.5885720e-02
  -5.8278200e-02
  -5.1187130e-02
  -4.3753170e-02
  -3.5568040e-02
  -2.8305930e-02
  -2.1989920e-02
  -1.6080980e-02
  -1.0454660e-02
  -4.3219400e-03
   2.9704180e-03
   1.0700380e-02
   1.7808950e-02
   2.5242340e-02
   3.2183200e-02
   3.8075410e-02
   4.3297880e-02
   4.6578490e-02
   4.9456780e-02
   5.1968780e-02
   5.3081580e-02
   5.4026560e-02
   5.4378530e-02
   5.4409010e-02
   5.3769980e-02
   5.2506540e-02
   5.1616590e-02
   4.8978010e-02
   4.5292090e-02
   4.2342460e-02
   3.9179210e-02
   3.5673410e-02
   3.1715070e-02
   2.8135850e-02
   2.4688800e-02
   2.0608190e-02
   1.7044520e-02
   1.4056390e-02
   1.0843110e-02
   6.5184180e-03
   1.8641460e-03
  -3.2223210e-03
  -9.3004050e-03
  -1.4158250e-02
  -1.8593790e-02
  -2.4295330e-02
  -3.0454890e-02
  -3.6884480e-02
  -4.4070980e-02
  -5.1404440e-02
  -5.7494190e-02
  -6.2747850e-02
  -6.7287140e-02
  -7.0495840e-02
  -7.2850560e-02
  -7.4235570e-02
  -7.4122850e-02
  -7.3422080e-02
  -7.2941460e-02
  -7.1521630e-02
  -6.9704260e-02
  -6.8934950e-02
  -6.7590340e-02
  -6.4544820e-02
  -6.0568720e-02
  -5.5358070e-02
  -4.9217230e-02
  -4.2698380e-02
  -3.4028090e-02
  -2.4588090e-02
  -1.6224510e-02
  -6.9483370e-03
   1.3360930e-03
   8.2453610e-03
   1.6697180e-02
   2.4616860e-02
   3.1867560e-02
   3.9281120e-02
   4.4442100e-02
   4.9122440e-02
   5.4443520e-02
   5.8646790e-02
   6.3055850e-02
   6.6221730e-02
   6.7628840e-02
   6.9848280e-02
   7.0731910e-02
   7.1501480e-02
   7.2518400e-02
   7.2110520e-02
   7.3401140e-02
   7.3744140e-02
   7.2686000e-02
   7.0908160e-02
   6.6204610e-02
   6.1535530e-02
   5.5640370e-02
   4.8538790e-02
   4.1152330e-02
   3.3402700e-02
   2.8076560e-02
   2.2789470e-02
   1.7394900e-02
   1.1601150e-02
   5.2773140e-03
   2.7546240e-04
  -6.1159220e-03
  -1.3152200e-02
  -2.0505170e-02
  -2.7477050e-02
  -3.2811790e-02
  -3.8363500e-02
  -4.3627910e-02
  -4.9040290e-02
  -5.3739880e-02
  -5.7348530e-02
  -6.0386930e-02
  -6.2436330e-02
  -6.4660820e-02
  -6.6315600e-02
  -6.7272250e-02
  -6.7390490e-02
  -6.6583550e-02
  -6.4790350e-02
  -6.1634850e-02
  -5.8013130e-02
  -5.3061860e-02
  -4.7314590e-02
  -4.1061220e-02
  -3.3889010e-02
  -2.6190910e-02
  -1.7280270e-02
  -7.6032850e-03
   2.6892400e-03
   1.2587930e-02
   2.1022840e-02
   2.8906770e-02
   3.6712640e-02
   4.4141680e-02
   5.0487360e-02
   5.6178270e-02
   6.2024090e-02
   6.7597390e-02
   7.1939350e-02
   7.5003830e-02
   7.7616780e-02
   7.9332120e-02
   7.9453010e-02
   7.8239040e-02
   7.6067180e-02
   7.3370140e-02
   6.9978990e-02
   6.5646300e-02
   6.0937030e-02
   5.5487150e-02
   4.8491280e-02
   4.0182280e-02
   3.0669640e-02
   2.0076840e-02
   8.6085040e-03
  -3.0763040e-03
  -1.3850740e-02
  -2.3699490e-02
  -3.3099490e-02
  -4.2142590e-02
  -5.0045000e-02
  -5.6421780e-02
  -6.1901620e-02
  -6.7011940e-02
  -7.2357540e-02
  -7.7415180e-02
  -8.2110180e-02
  -8.6142600e-02
  -8.8115690e-02
  -8.8826900e-02
  -8.8488250e-02
  -8.6707880e-02
  -8.4087040e-02
  -8.0446850e-02
  -7.5870530e-02
  -7.0342590e-02
  -6.3755400e-02
  -5.6178030e-02
  -4.8090480e-02
  -3.9945900e-02
  -3.1211870e-02
  -2.2464040e-02
  -1.4242170e-02
  -5.7632030e-03
   3.0629570e-03
   1.1984750e-02
   2.1125400e-02
   3.0028920e-02
   3.7750350e-02
   4.4587650e-02
   5.1339610e-02
   5.7396240e-02
   6.1943000e-02
   6.5702720e-02
   6.9612490e-02
   7.2995670e-02
   7.5240810e-02
   7.6948440e-02
   7.8512690e-02
   7.9231830e-02
   7.8245730e-02
   7.5673680e-02
   7.1647240e-02
   6.6196390e-02
   6.0121950e-02
   5.4272200e-02
   4.7972110e-02
   4.0468940e-02
   3.3076490e-02
   2.6453210e-02
   1.9591320e-02
   1.1900720e-02
   4.0668120e-03
  -2.9446880e-03
  -8.8750460e-03
  -1.3729650e-02
  -1.8040680e-02
  -2.1492750e-02
  -2.3349410e-02
  -2.4006350e-02
  -2.4070560e-02
  -2.4417640e-02
  -2.5026000e-02
  -2.5596700e-02
  -2.6454250e-02
  -2.7083510e-02
  -2.7229630e-02
  -2.7445700e-02
  -2.7836040e-02
  -2.7855710e-02
  -2.7663600e-02
  -2.7899410e-02
  -2.8199060e-02
  -2.8149400e-02
  -2.7894190e-02
  -2.7609670e-02
  -2.6935080e-02
  -2.5149670e-02
  -2.2502990e-02
  -1.9726460e-02
  -1.6840950e-02
  -1.3842030e-02
  -1.1000810e-02
  -7.9332080e-03
  -4.0617760e-03
   6.2731130e-05
   3.7458660e-03
   7.1855120e-03
   1.0734330e-02
   1.4352560e-02
   1.7407700e-02
   2.0056770e-02
   2.2939270e-02
   2.5622050e-02
   2.8127980e-02
   3.0271550e-02
   3.1425090e-02
   3.1873950e-02
   3.1403570e-02
   3.0450550e-02
   2.9956510e-02
   2.8999780e-02
   2.7336060e-02
   2.5515440e-02
   2.2925560e-02
   1.9782030e-02
   1.6792120e-02
   1.3990410e-02
   1.1299570e-02
   8.6380090e-03
   6.4086970e-03
   4.3876400e-03
   1.9264630e-03
  -3.9882800e-04
  -2.2467420e-03
  -4.0782300e-03
  -5.9434540e-03
  -7.5080750e-03
  -8.8623020e-03
  -1.0383140e-02
  -1.1697240e-02
  -1.2835020e-02
  -1.4332250e-02
  -1.5787980e-02
  -1.7171120e-02
  -1.8544010e-02
  -1.9533430e-02
  -2.0128480e-02
  -2.0290260e-02
  -2.0422480e-02
  -2.0426800e-02
  -2.0325900e-02
  -2.1403270e-02
  -2.3114450e-02
  -2.4203310e-02
  -2.5363930e-02
  -2.6841410e-02
  -2.7510630e-02
  -2.6841500e-02
  -2.5692390e-02
  -2.4721540e-02
  -2.3398720e-02
  -2.1850280e-02
  -2.0747750e-02
  -1.9572780e-02
  -1.7970940e-02
  -1.6250730e-02
  -1.4522940e-02
  -1.2979380e-02
  -1.1428030e-02
  -9.7313210e-03
  -8.1915480e-03
  -6.7321500e-03
  -5.2443220e-03
  -3.4280350e-03
  -1.5899630e-03
  -9.6241120e-04
  -1.0387420e-03
  -8.5791210e-04
  -1.1378680e-03
  -2.0971380e-03
  -2.7614130e-03
  -2.7727910e-03
  -2.5768320e-03
  -2.2176630e-03
  -1.7188610e-03
  -1.2149000e-03
  -7.8686730e-04
  -5.3855690e-04
  -3.4307830e-04
  -4.9512670e-04
  -9.3131190e-04
  -1.1625690e-03
  -1.2395580e-03
  -1.1610200e-03
  -5.9166290e-04
   4.5582080e-04
   1.1210610e-03
   1.9322510e-03
   3.7333650e-03
   5.4964380e-03
   7.0993220e-03
   8.9240420e-03
   1.0910550e-02
   1.2880630e-02
   1.4402050e-02
   1.5885350e-02
   1.7342880e-02
   1.8661830e-02
   2.0238450e-02
   2.1691010e-02
   2.3053990e-02
   2.4736760e-02
   2.6581530e-02
   2.8288500e-02
   2.9770150e-02
   3.1275000e-02
   3.2620230e-02
   3.3607750e-02
   3.4431690e-02
   3.4652470e-02
   3.4096870e-02
   3.3129150e-02
   3.1597250e-02
   2.9592490e-02
   2.7288480e-02
   2.4623650e-02
   2.1722960e-02
   1.8505460e-02
   1.5329690e-02
   1.2349090e-02
   9.0262950e-03
   5.6309730e-03
   2.4835430e-03
  -6.4880640e-04
  -3.8026360e-03
  -6.7581430e-03
  -9.5155160e-03
  -1.2509280e-02
  -1.5644430e-02
  -1.8393140e-02
  -2.0940970e-02
  -2.3618220e-02
  -2.6138650e-02
  -2.8277620e-02
  -3.0049370e-02
  -3.1502700e-02
  -3.2805650e-02
  -3.4249420e-02
  -3.5826300e-02
  -3.7156430e-02
  -3.8663700e-02
  -4.0640260e-02
  -4.2174350e-02
  -4.2990190e-02
  -4.3615600e-02
  -4.4033720e-02
  -4.3748910e-02
  -4.2779920e-02
  -4.1567570e-02
  -3.9783080e-02
  -3.7132380e-02
  -3.4201490e-02
  -3.1210010e-02
  -2.7925730e-02
  -2.4172320e-02
  -2.0153840e-02
  -1.6356560e-02
  -1.2816640e-02
  -9.4667990e-03
  -6.1627860e-03
  -2.8970610e-03
   4.1544350e-04
   4.0674260e-03
   7.6190250e-03
   1.0690330e-02
   1.3167420e-02
   1.5326230e-02
   1.7308640e-02
   1.8398820e-02
   1.9029180e-02
   2.0044910e-02
   2.1136190e-02
   2.1904080e-02
   2.2507520e-02
   2.3194490e-02
   2.3574510e-02
   2.3380500e-02
   2.3147700e-02
   2.3247930e-02
   2.3473280e-02
   2.3491010e-02
   2.3333390e-02
   2.3336850e-02
   2.3228830e-02
   2.2477320e-02
   2.1291800e-02
   2.0089570e-02
   1.8918030e-02
   1.7571910e-02
   1.6171700e-02
   1.4958200e-02
   1.3636630e-02
   1.2064700e-02
   1.0599810e-02
   9.4868880e-03
   8.5260380e-03
   7.6253810e-03
   7.2577070e-03
   7.4890990e-03
   7.5984710e-03
   7.5573650e-03
   7.8745740e-03
   8.3414760e-03
   8.9551690e-03
   1.0067360e-02
   1.1488530e-02
   1.2928700e-02
   1.4449620e-02
   1.6248890e-02
   1.8008340e-02
   1.9504040e-02
   2.1056930e-02
   2.2482690e-02
   2.3633790e-02
   2.4593800e-02
   2.5442440e-02
   2.6443420e-02
   2.7379270e-02
   2.8293510e-02
   2.9088640e-02
   2.9087750e-02
   2.8626940e-02
   2.8015380e-02
   2.6984020e-02
   2.5598380e-02
   2.3817880e-02
   2.1624610e-02
   1.9100590e-02
   1.6501100e-02
   1.3906650e-02
   1.0920920e-02
   7.8052870e-03
   5.1131320e-03
   2.7168380e-03
   2.4003600e-04
  -2.1874870e-03
  -4.3842950e-03
  -6.8706660e-03
  -9.4935880e-03
  -1.1863510e-02
  -1.4454310e-02
  -1.7071070e-02
  -1.9410110e-02
  -2.1774900e-02
  -2.4143170e-02
  -2.6287850e-02
  -2.8023670e-02
  -2.9584800e-02
  -3.0953320e-02
  -3.1512700e-02
  -3.1571800e-02
  -3.1671670e-02
  -3.1546330e-02
  -3.0967820e-02
  -3.0179770e-02
  -2.9333370e-02
  -2.7937440e-02
  -2.6032420e-02
  -2.3868260e-02
  -2.1175130e-02
  -1.8200210e-02
  -1.5202560e-02
  -1.2112930e-02
  -8.8901840e-03
  -5.9051090e-03
  -3.2546260e-03
  -4.4748020e-04
   2.2497650e-03
   4.9230620e-03
   8.1543580e-03
   1.1641810e-02
   1.4752600e-02
   1.7461480e-02
   2.0385660e-02
   2.3231280e-02
   2.5430660e-02
   2.7361230e-02
   2.9169830e-02
   3.0544670e-02
   3.1161620e-02
   3.1023420e-02
   3.0150960e-02
   2.8308310e-02
   2.5938880e-02
   2.3327860e-02
   2.0031440e-02
   1.6777570e-02
   1.4188550e-02
   1.1408530e-02
   8.2236120e-03
   5.0802270e-03
   2.0690730e-03
  -1.0194040e-03
  -4.1566140e-03
  -6.9913170e-03
  -9.4946060e-03
  -1.1530150e-02
  -1.3106410e-02
  -1.4918410e-02
  -1.6817640e-02
  -1.8262000e-02
  -1.9710140e-02
  -2.0869660e-02
  -2.1198320e-02
  -2.1112170e-02
  -2.1148340e-02
  -2.1338400e-02
  -2.0805380e-02
  -2.0124360e-02
  -2.0271340e-02
  -2.0267870e-02
  -1.9714350e-02
  -1.9438400e-02
  -1.9637050e-02
  -1.9212820e-02
  -1.8117740e-02
  -1.7271760e-02
  -1.6615810e-02
  -1.6023420e-02
  -1.5245080e-02
  -1.4235970e-02
  -1.2845130e-02
  -1.1017440e-02
  -9.1471700e-03
  -6.7810520e-03
  -4.4541600e-03
  -2.4816740e-03
  -9.4052840e-05
   2.4183990e-03
   5.1099500e-03
   7.6050800e-03
   9.8852770e-03
   1.2506800e-02
   1.4364020e-02
   1.5479970e-02
   1.6661610e-02
   1.7696190e-02
   1.8437940e-02
   1.9109670e-02
   2.0062490e-02
   2.0937160e-02
   2.1752060e-02
   2.2771630e-02
   2.3507600e-02
   2.3967340e-02
   2.4468120e-02
   2.4704980e-02
   2.4353910e-02
   2.4091330e-02
   2.4284110e-02
   2.3859770e-02
   2.2489330e-02
   2.1415090e-02
   2.1160510e-02
   2.0785020e-02
   2.0029300e-02
   1.9327150e-02
   1.8416790e-02
   1.7143880e-02
   1.5766710e-02
   1.4588220e-02
   1.3634630e-02
   1.2872800e-02
   1.2271520e-02
   1.1540210e-02
   1.1310460e-02
   1.1331370e-02
   1.0488470e-02
   9.8691420e-03
   1.0050950e-02
   9.8832430e-03
   9.0461850e-03
   8.2085780e-03
   7.4377230e-03
   5.9982370e-03
   3.9205020e-03
   1.7617120e-03
  -2.7604100e-04
  -2.5770530e-03
  -4.9738670e-03
  -6.9973740e-03
  -8.9696190e-03
  -1.0619680e-02
  -1.1806390e-02
  -1.2505320e-02
  -1.2808030e-02
  -1.3372980e-02
  -1.4260780e-02
  -1.5369210e-02
  -1.6233790e-02
  -1.7315220e-02
  -1.9136770e-02
  -2.0694960e-02
  -2.1759150e-02
  -2.2643690e-02
  -2.3644930e-02
  -2.4265820e-02
  -2.4521610e-02
  -2.5372820e-02
  -2.5888950e-02
  -2.6011080e-02
  -2.6301360e-02
  -2.5944660e-02
  -2.4493950e-02
  -2.1729900e-02
  -1.8433640e-02
  -1.4872260e-02
  -1.0334450e-02
  -5.7774920e-03
  -2.0150520e-03
   1.8842320e-03
   6.3448930e-03
   1.0074780e-02
   1.3062750e-02
   1.6381620e-02
   1.9514600e-02
   2.2159420e-02
   2.4251430e-02
   2.6219710e-02
   2.8397570e-02
   2.9675140e-02
   3.0431680e-02
   3.1072000e-02
   3.1301470e-02
   3.1165070e-02
   3.0062500e-02
   2.8561860e-02
   2.7135360e-02
   2.5102270e-02
   2.2243050e-02
   1.9348690e-02
   1.7201120e-02
   1.4940800e-02
   1.2347500e-02
   1.0569220e-02
   9.6632290e-03
   8.8511120e-03
   8.1037600e-03
   7.7518610e-03
   7.4846560e-03
   7.1663010e-03
   6.8759360e-03
   6.2908620e-03
   5.2837210e-03
   4.2247770e-03
   3.2228750e-03
   1.9337520e-03
   4.7450780e-04
  -7.3578640e-04
  -2.2195410e-03
  -4.3064450e-03
  -5.9100850e-03
  -7.3661280e-03
  -9.7713110e-03
  -1.2243700e-02
  -1.4449140e-02
  -1.6972950e-02
  -2.0095950e-02
  -2.3622470e-02
  -2.6571200e-02
  -2.9058920e-02
  -3.1431230e-02
  -3.3170600e-02
  -3.4162460e-02
  -3.4333110e-02
  -3.3956300e-02
  -3.3475040e-02
  -3.3050250e-02
  -3.2594320e-02
  -3.1912120e-02
  -3.1536930e-02
  -3.1354500e-02
  -3.0642030e-02
  -2.9659240e-02
  -2.8690540e-02
  -2.7539880e-02
  -2.6345220e-02
  -2.5744540e-02
  -2.5458240e-02
  -2.4830360e-02
  -2.4400500e-02
  -2.4302190e-02
  -2.4095430e-02
  -2.3664010e-02
  -2.2890310e-02
  -2.2082390e-02
  -2.1394300e-02
  -2.0671980e-02
  -1.9690380e-02
  -1.8024500e-02
  -1.6220670e-02
  -1.4481900e-02
  -1.1894460e-02
  -8.7931310e-03
  -5.7321690e-03
  -2.3921930e-03
   9.0175560e-04
   3.4241440e-03
   5.1725150e-03
   6.9229430e-03
   8.6207220e-03
   9.4977780e-03
   1.0032640e-02
   1.0759540e-02
   1.1453290e-02
   1.2066900e-02
   1.2583470e-02
   1.2904380e-02
   1.2848650e-02
   1.2720790e-02
   1.2814370e-02
   1.2851840e-02
   1.3103450e-02
   1.3546330e-02
   1.3703620e-02
   1.3651240e-02
   1.3509910e-02
   1.3297550e-02
   1.2679300e-02
   1.1912100e-02
   1.1601190e-02
   1.1099970e-02
   1.0231060e-02
   9.5526940e-03
   8.9450450e-03
   7.8643570e-03
   6.2737280e-03
   4.7198710e-03
   2.8386600e-03
   5.8596700e-04
  -1.4338180e-03
  -3.6398620e-03
  -6.1046280e-03
  -8.5696450e-03
  -1.1103960e-02
  -1.3688620e-02
  -1.6217920e-02
  -1.8318700e-02
  -2.0214650e-02
  -2.2017650e-02
  -2.3053890e-02
  -2.3429880e-02
  -2.3591220e-02
  -2.3350010e-02
  -2.2786100e-02
  -2.2426960e-02
  -2.2144800e-02
  -2.1512000e-02
  -2.0830400e-02
  -2.0066790e-02
  -1.8782670e-02
  -1.7391370e-02
  -1.6135780e-02
  -1.4634080e-02
  -1.3494310e-02
  -1.3270240e-02
  -1.3027280e-02
  -1.2506840e-02
  -1.2731560e-02
  -1.3410920e-02
  -1.3550930e-02
  -1.3858500e-02
  -1.4956900e-02
  -1.6052530e-02
  -1.6674910e-02
  -1.7325130e-02
  -1.8216010e-02
  -1.8399960e-02
  -1.8023150e-02
  -1.8048940e-02
  -1.7738560e-02
  -1.6519160e-02
  -1.5072260e-02
  -1.3752940e-02
  -1.1903140e-02
  -9.5247120e-03
  -7.4656060e-03
  -5.4848560e-03
  -3.4500300e-03
  -1.8253100e-03
  -6.7108390e-04
   5.0904950e-04
   1.8397020e-03
   2.8884390e-03
   4.0631620e-03
   5.2576380e-03
   6.0370370e-03
   6.7632270e-03
   7.4904610e-03
   7.9566100e-03
   8.0495340e-03
   8.1869820e-03
   8.4453250e-03
   8.5506650e-03
   8.7078670e-03
   9.0079020e-03
   9.3416710e-03
   9.5697220e-03
   9.8937360e-03
   1.0476350e-02
   1.1160740e-02
   1.2136630e-02
   1.3412840e-02
   1.4586870e-02
   1.5772300e-02
   1.7416180e-02
   1.8930860e-02
   1.9961850e-02
   2.1402140e-02
   2.3104520e-02
   2.4559890e-02
   2.6312780e-02
   2.8339610e-02
   2.9949380e-02
   3.0889690e-02
   3.1687370e-02
   3.2324820e-02
   3.1972110e-02
   3.1108570e-02
   3.0502000e-02
   2.9837360e-02
   2.8936310e-02
   2.7986970e-02
   2.6790350e-02
   2.4903570e-02
   2.2812550e-02
   2.0841570e-02
   1.8274560e-02
   1.5465990e-02
   1.3134870e-02
   1.0810800e-02
   8.1853960e-03
   5.7915780e-03
   3.7965590e-03
   1.3194760e-03
  -1.7310930e-03
  -4.5408060e-03
  -7.3176230e-03
  -1.0603060e-02
  -1.4115630e-02
  -1.7337140e-02
  -2.0676320e-02
  -2.4153140e-02
  -2.7073580e-02
  -2.9959970e-02
  -3.2850160e-02
  -3.5137590e-02
  -3.7051890e-02
  -3.8575320e-02
  -3.9601670e-02
  -4.0200650e-02
  -4.0286570e-02
  -3.9743020e-02
  -3.8802460e-02
  -3.7624560e-02
  -3.5566680e-02
  -3.2722620e-02
  -2.9862110e-02
  -2.6802920e-02
  -2.2971460e-02
  -1.8406980e-02
  -1.4008800e-02
  -9.9496010e-03
  -5.4745930e-03
  -8.1167980e-04
   3.3668040e-03
   7.0528360e-03
   1.0737800e-02
   1.4352360e-02
   1.7532420e-02
   2.0369460e-02
   2.2514530e-02
   2.4165550e-02
   2.5661740e-02
   2.6711100e-02
   2.7398770e-02
   2.7561140e-02
   2.7324930e-02
   2.6892090e-02
   2.6408670e-02
   2.6282310e-02
   2.6195480e-02
   2.6023670e-02
   2.5663630e-02
   2.4970280e-02
   2.3901100e-02
   2.2291920e-02
   2.0606320e-02
   1.8969780e-02
   1.7433830e-02
   1.6202660e-02
   1.4933860e-02
   1.3438350e-02
   1.1921410e-02
   1.0549380e-02
   8.8006730e-03
   6.5001140e-03
   4.2661660e-03
   1.9490680e-03
  -8.2392130e-04
  -3.3154140e-03
  -5.1137290e-03
  -7.1340840e-03
  -9.3691610e-03
  -1.1025530e-02
  -1.2574250e-02
  -1.4540930e-02
  -1.6285610e-02
  -1.7139040e-02
  -1.7501980e-02
  -1.7732850e-02
  -1.7355980e-02
  -1.6413230e-02
  -1.5356570e-02
  -1.4028560e-02
  -1.2467930e-02
