  -1.1141800e-01
  -1.2001400e-01
  -1.2098200e-01
  -1.0662300e-01
  -7.6634100e-02
  -5.1630600e-02
  -3.4015300e-02
  -2.0182900e-02
  -1.6492800e-02
  -2.1387100e-02
  -2.4541600e-02
  -2.3872600e-02
  -2.1172000e-02
  -1.6466000e-02
  -1.4813200e-02
  -1.2215200e-02
  -4.0663200e-03
   3.0075600e-04
  -4.4747100e-03
  -5.8446300e-03
   8.9098900e-03
   3.2615900e-02
   4.6183400e-02
   4.7940600e-02
   4.9166000e-02
   6.0175500e-02
   8.4037300e-02
   1.1887000e-01
   1.4789500e-01
   1.4050900e-01
   1.1949800e-01
   9.4840400e-02
   7.0705300e-02
   6.7021900e-02
   6.9399000e-02
   6.1836800e-02
   3.7569600e-02
   1.7090400e-02
   1.1907700e-02
   6.6881600e-03
  -9.6102000e-03
  -2.4928900e-02
  -2.1895000e-02
  -1.1727600e-02
  -1.1105300e-02
  -2.7614600e-02
  -3.9431400e-02
  -3.7499000e-02
  -2.6749800e-02
  -9.5946400e-03
   1.9957500e-02
   5.1185200e-02
   5.8360900e-02
   4.5048300e-02
   2.9101900e-02
   3.1759200e-02
   5.4967500e-02
   7.6460900e-02
   8.7332400e-02
   8.8403800e-02
   8.1596200e-02
   8.5020900e-02
   9.4182600e-02
   9.7011600e-02
   9.4826400e-02
   8.8684700e-02
   7.2975600e-02
   5.1667000e-02
   4.2452300e-02
   4.2615400e-02
   3.9648800e-02
   3.5400800e-02
   3.2582700e-02
   3.6191200e-02
   3.6013600e-02
   3.0039700e-02
   2.2287500e-02
   6.7226300e-03
  -1.9310800e-02
  -3.7308800e-02
  -4.0104200e-02
  -4.8025100e-02
  -5.4052900e-02
  -4.7536900e-02
  -3.5842600e-02
  -2.3432500e-02
  -1.4481900e-02
   1.5799500e-03
   1.7025700e-02
   2.7833100e-02
   3.8729000e-02
   4.7954800e-02
   4.5890800e-02
   2.4471100e-02
  -1.6240700e-02
  -4.7330900e-02
  -4.9963600e-02
  -4.0942500e-02
  -5.0517200e-02
  -5.7267500e-02
  -4.5852800e-02
  -2.3208600e-02
   9.1672900e-04
   1.8413300e-02
   2.4156900e-02
   2.3366600e-02
   2.5934700e-02
   3.3697700e-02
   3.6783600e-02
   3.7176600e-02
   2.5504600e-02
   8.9011200e-03
  -1.3720600e-02
  -4.3319100e-02
  -7.3326400e-02
  -9.2290500e-02
  -8.8210000e-02
  -7.4710200e-02
  -6.4383700e-02
  -5.0340500e-02
  -3.8949000e-02
  -4.6440100e-02
  -6.8458100e-02
  -9.4301200e-02
  -1.1096100e-01
  -1.0709900e-01
  -9.1820300e-02
  -7.9827400e-02
  -7.4948400e-02
  -6.5377200e-02
  -4.4007300e-02
  -1.6860300e-02
   5.9940800e-03
   1.8245700e-02
   2.5149700e-02
   2.4171400e-02
   2.2632700e-02
   3.4742600e-02
   5.3889900e-02
   5.1212300e-02
   1.8253700e-02
  -2.0131600e-02
  -3.8158200e-02
  -3.9545000e-02
  -3.8479600e-02
  -4.6298400e-02
  -5.7660300e-02
  -6.7035800e-02
  -6.7112300e-02
  -6.1028800e-02
  -5.5445600e-02
  -7.2222700e-02
  -1.0556200e-01
  -1.1770900e-01
  -1.0772700e-01
  -9.8755800e-02
  -8.3953400e-02
  -4.6816300e-02
  -6.8655500e-03
   1.6207600e-02
   3.1469800e-02
   3.6969500e-02
   3.8576100e-02
   4.4289400e-02
   4.5906300e-02
   4.8616700e-02
   5.8765200e-02
   6.8581200e-02
   6.9302200e-02
   6.0824400e-02
   5.7985900e-02
   6.1018600e-02
   4.0758500e-02
  -9.0442700e-03
  -5.7906600e-02
  -7.9877800e-02
  -7.3750100e-02
  -6.0185300e-02
  -4.9012100e-02
  -4.0474400e-02
  -3.3840200e-02
  -4.0523400e-02
  -4.6570500e-02
  -4.3484500e-02
  -4.3946600e-02
  -4.8000200e-02
  -3.9860800e-02
  -1.7454700e-02
   1.8614700e-03
   1.5674300e-02
   2.4212200e-02
   2.8903700e-02
   3.2797800e-02
   2.4145800e-02
  -9.9703200e-03
  -4.5157600e-02
  -6.7541700e-02
  -8.8011500e-02
  -9.8155000e-02
  -8.7808600e-02
  -6.7652800e-02
  -5.1952200e-02
  -3.5288600e-02
  -1.2379100e-02
   2.4368400e-02
   7.6340400e-02
   1.2636200e-01
   1.5088400e-01
   1.5660500e-01
   1.5703700e-01
   1.4914200e-01
   1.3918200e-01
   1.2668900e-01
   1.1329900e-01
   1.0891900e-01
   1.0440400e-01
   7.7834600e-02
   3.5468800e-02
   1.0431500e-02
   7.8816100e-03
   7.6248600e-03
   1.7438600e-03
  -1.2288300e-03
   1.1116500e-02
   2.5831300e-02
   2.1894800e-02
   4.9918400e-03
  -7.2540200e-03
  -1.4021600e-02
  -2.4376100e-02
  -4.5627100e-02
  -6.7436100e-02
  -7.9247400e-02
  -7.7238400e-02
  -6.5688200e-02
  -5.1831700e-02
  -3.9766100e-02
  -3.0437000e-02
  -2.5876000e-02
  -2.6742100e-02
  -2.5851200e-02
  -2.0323900e-02
  -2.4917000e-02
  -4.3824700e-02
  -7.5516100e-02
  -1.1022400e-01
  -1.2920500e-01
  -1.2579800e-01
  -1.1341500e-01
  -9.4980300e-02
  -5.7490600e-02
  -3.6329800e-03
   5.3779800e-02
   9.8397000e-02
   1.3181100e-01
   1.6055100e-01
   1.8696800e-01
   2.0064600e-01
   1.9998700e-01
   1.9251200e-01
   1.7604600e-01
   1.5330800e-01
   1.2019200e-01
   9.0773300e-02
   7.1489400e-02
   5.5715700e-02
   5.4842900e-02
   8.5366200e-02
   1.0972300e-01
   1.0600100e-01
   8.8007800e-02
   6.5250500e-02
   5.0147000e-02
   5.1873200e-02
   5.7304900e-02
   5.4297700e-02
   3.5764100e-02
   1.2018200e-02
   7.0335400e-03
   1.7506100e-02
   2.5003100e-02
   2.1847900e-02
   2.3233000e-02
   3.2953900e-02
   4.2369700e-02
   5.3535200e-02
   5.8067800e-02
   5.8316000e-02
   5.9466300e-02
   6.0584600e-02
   5.4587300e-02
   3.8865500e-02
   2.8281300e-02
   2.0147200e-02
   8.3441100e-03
  -1.5625400e-02
  -4.2554300e-02
  -5.2474200e-02
  -5.2614300e-02
  -5.7888300e-02
  -7.3232800e-02
  -8.9654800e-02
  -1.0218900e-01
  -1.0327700e-01
  -9.2881900e-02
  -7.5379100e-02
  -4.5854000e-02
  -1.4442300e-02
  -4.5291200e-03
  -1.1007600e-02
  -1.6325900e-02
  -1.6475900e-02
  -9.8687200e-03
   1.4569700e-03
   1.1939200e-02
   2.0344500e-02
   1.1011700e-02
  -7.6459700e-03
  -2.6714400e-02
  -4.2023600e-02
  -4.7657200e-02
  -4.0447400e-02
  -3.2874400e-02
  -3.2628300e-02
  -3.9059700e-02
  -5.1580800e-02
  -6.5987800e-02
  -7.8115000e-02
  -7.8260300e-02
  -6.5952500e-02
  -4.9050600e-02
  -3.1569600e-02
  -1.9815200e-02
  -2.2125600e-02
  -3.0736200e-02
  -3.2324500e-02
  -3.5019900e-02
  -4.8286900e-02
  -5.7866200e-02
  -6.3446200e-02
  -7.2590400e-02
  -8.8603600e-02
  -1.0751300e-01
  -1.1827400e-01
  -1.1921400e-01
  -1.1767100e-01
  -1.0671200e-01
  -7.5362800e-02
  -3.1967000e-02
  -3.0873900e-03
   9.4151400e-04
  -8.8109500e-03
  -1.8278800e-02
  -2.5226100e-02
  -2.7072600e-02
  -1.9848100e-02
  -1.3224900e-02
  -1.2300300e-02
  -7.4076100e-03
   8.5186600e-03
   3.1391600e-02
   5.3214900e-02
   7.5824800e-02
   9.1508600e-02
   8.8895900e-02
   7.1181400e-02
   4.4522500e-02
   1.6514700e-02
  -6.6793700e-03
  -2.9851500e-02
  -5.7334800e-02
  -7.5761600e-02
  -7.1602000e-02
  -4.8992800e-02
  -1.8297900e-02
   1.3264500e-02
   3.0342000e-02
   3.1802000e-02
   2.6229600e-02
   1.0928900e-02
  -7.0751400e-03
  -1.8563100e-02
  -2.5549800e-02
  -3.4627900e-02
  -5.3142200e-02
  -6.9733100e-02
  -6.9760100e-02
  -5.7578700e-02
  -5.0748200e-02
  -4.1855000e-02
  -5.3779700e-03
   4.3154600e-02
   8.0099500e-02
   1.0210500e-01
   1.1188700e-01
   1.2432300e-01
   1.4371000e-01
   1.6119400e-01
   1.7638000e-01
   1.8294700e-01
   1.7655800e-01
   1.5886700e-01
   1.3688300e-01
   1.0185600e-01
   3.5958000e-02
  -5.2031400e-02
  -1.2498700e-01
  -1.5640000e-01
  -1.5389200e-01
  -1.3985000e-01
  -1.1516600e-01
  -8.0931200e-02
  -3.6668200e-02
   1.3219000e-02
   7.1519600e-02
   1.1444000e-01
   1.0149900e-01
   4.1956600e-02
  -2.7928000e-02
  -8.2676900e-02
  -1.1343800e-01
  -1.3061700e-01
  -1.5194700e-01
  -1.6997000e-01
  -1.5826100e-01
  -1.0969800e-01
  -3.6796000e-02
   5.0040300e-02
   1.3824300e-01
   2.1096000e-01
   2.5144700e-01
   2.4691300e-01
   2.0229100e-01
   1.4883400e-01
   1.0445600e-01
   6.5938000e-02
   2.7173400e-02
  -1.5174600e-02
  -3.2885700e-02
  -2.4819200e-02
  -7.1176300e-03
   6.4716700e-03
   1.4716000e-02
   1.7300000e-02
   2.1970400e-02
   2.0092200e-02
   1.1716900e-02
   2.2497100e-03
  -8.8040900e-03
  -3.2925100e-02
  -6.1047600e-02
  -7.9108200e-02
  -7.5067500e-02
  -5.1354300e-02
  -2.7152000e-03
   6.2074200e-02
   1.2416200e-01
   1.6538900e-01
   1.7556100e-01
   1.5527300e-01
   1.1195700e-01
   5.4999100e-02
   7.9108300e-04
  -4.0285700e-02
  -5.6232700e-02
  -4.5594300e-02
  -2.2254900e-02
  -5.3775800e-03
   1.2658500e-03
  -3.2945200e-03
  -1.5892800e-02
  -2.6082800e-02
  -3.3414300e-02
  -3.9919300e-02
  -4.4252500e-02
  -3.9827900e-02
  -2.3825300e-02
  -7.8345900e-03
  -8.6687800e-03
  -2.0403500e-02
  -2.1693600e-02
  -1.8082500e-03
   3.3489200e-02
   7.6404400e-02
   1.0160000e-01
   7.6632200e-02
   3.1732600e-02
  -1.2422800e-02
  -6.4157200e-02
  -1.2246200e-01
  -1.4090900e-01
  -1.1162500e-01
  -6.0333600e-02
  -1.4019200e-02
   2.8436300e-02
   6.7485500e-02
   1.0290100e-01
   1.2296000e-01
   1.2486900e-01
   1.1812800e-01
   1.1196800e-01
   1.0773700e-01
   9.0784700e-02
   6.4638800e-02
   4.1846200e-02
   2.1500500e-02
  -1.3484600e-02
  -6.9623200e-02
  -1.1605900e-01
  -1.3011600e-01
  -1.2162100e-01
  -1.1036400e-01
  -1.0115500e-01
  -8.2502700e-02
  -5.9626400e-02
  -6.0231300e-02
  -9.0797300e-02
  -1.2743000e-01
  -1.4756100e-01
  -1.4812500e-01
  -1.3926700e-01
  -1.3414600e-01
  -1.3297200e-01
  -1.3228200e-01
  -1.3143000e-01
  -1.2643000e-01
  -1.1431200e-01
  -9.8512300e-02
  -8.4099400e-02
  -7.1001200e-02
  -5.6722100e-02
  -4.5666400e-02
  -4.2750900e-02
  -3.9992600e-02
  -2.6051300e-02
   1.6055900e-04
   2.4118100e-02
   2.7908900e-02
   4.7099200e-03
  -3.2905800e-02
  -5.8770900e-02
  -6.2002300e-02
  -5.4665500e-02
  -4.5719600e-02
  -2.7954100e-02
   2.6310600e-03
   3.6892100e-02
   6.1729800e-02
   7.0820700e-02
   6.5689400e-02
   5.8241500e-02
   5.5149600e-02
   5.2371500e-02
   4.4383100e-02
   3.6587300e-02
   2.8032800e-02
   1.3647500e-02
  -3.4339200e-03
  -2.2094700e-02
  -3.7778200e-02
  -4.8769300e-02
  -5.4443000e-02
  -5.5047300e-02
  -5.4698400e-02
  -5.2531000e-02
  -4.8982000e-02
  -4.3532800e-02
  -2.8056300e-02
  -3.9488800e-04
   3.2330600e-02
   6.2013700e-02
   8.2983800e-02
   9.5659100e-02
   1.0593200e-01
   1.1322100e-01
   1.1678500e-01
   1.0763600e-01
   7.7111900e-02
   2.5640000e-02
  -3.0542100e-02
  -7.8791700e-02
  -1.1143500e-01
  -1.2649400e-01
  -1.2016300e-01
  -9.2502300e-02
  -4.6936700e-02
   9.3075100e-03
   6.9390600e-02
   1.0198500e-01
   9.5750800e-02
   8.0025700e-02
   7.1814000e-02
   6.3607900e-02
   4.7993400e-02
   2.6400400e-02
  -7.8426300e-04
  -3.7019300e-02
  -7.7454300e-02
  -9.3573000e-02
  -7.2811500e-02
  -3.6436500e-02
  -6.5577800e-03
   2.8664800e-02
   6.7953100e-02
   1.0192100e-01
   1.2240300e-01
   1.2174900e-01
   1.1117500e-01
   9.3074500e-02
   6.7427300e-02
   5.5144000e-02
   6.8286200e-02
   9.3624300e-02
   1.1011200e-01
   1.1120500e-01
   1.0432100e-01
   9.2843200e-02
   7.5709200e-02
   6.1555600e-02
   6.0922700e-02
   6.4689300e-02
   6.8307500e-02
   8.1593000e-02
   1.0276600e-01
   1.2227000e-01
   1.3543900e-01
   1.4979100e-01
   1.5722700e-01
   1.4108800e-01
   1.0236700e-01
   4.7457900e-02
  -1.6246400e-02
  -8.0462800e-02
  -1.3125900e-01
  -1.5123100e-01
  -1.3994300e-01
  -1.0928100e-01
  -7.3796500e-02
  -4.0378900e-02
  -1.5592000e-02
  -6.2975000e-03
  -1.3361000e-02
  -2.9462400e-02
  -4.7061100e-02
  -6.0330000e-02
  -7.7253800e-02
  -9.9791800e-02
  -1.1224800e-01
  -1.1441400e-01
  -1.2153000e-01
  -1.3441100e-01
  -1.4466800e-01
  -1.4917200e-01
  -1.5241400e-01
  -1.5059900e-01
  -1.3367400e-01
  -1.0116500e-01
  -6.6198000e-02
  -4.0575000e-02
  -2.0918400e-02
  -5.6770000e-03
  -2.1209600e-04
  -8.3489100e-03
  -2.0325600e-02
  -2.4364000e-02
  -1.8320900e-02
  -2.0528100e-03
   2.2450800e-02
   4.9049900e-02
   7.0066500e-02
   8.6135200e-02
   9.7788200e-02
   1.0879000e-01
   1.1564000e-01
   9.9498800e-02
   6.6123800e-02
   2.1821000e-02
  -2.6246400e-02
  -7.6949600e-02
  -1.2695600e-01
  -1.5471300e-01
  -1.5437400e-01
  -1.3214000e-01
  -9.5901800e-02
  -3.8725300e-02
   3.6889800e-02
   1.0697600e-01
   1.4605200e-01
   1.6762200e-01
   1.7190600e-01
   1.5557200e-01
   1.2188300e-01
   7.1357600e-02
   1.5660800e-02
  -3.3561700e-02
  -7.4842000e-02
  -1.0743900e-01
  -1.2659000e-01
  -1.2730700e-01
  -1.1059700e-01
  -8.4504800e-02
  -5.6550600e-02
  -3.2388100e-02
  -1.2642800e-02
   1.2647100e-02
   4.7439100e-02
   7.6931100e-02
   9.1630400e-02
   8.9310900e-02
   7.8266100e-02
   6.5172400e-02
   5.7776400e-02
   5.6581100e-02
   5.4002200e-02
   4.6056100e-02
   3.4575200e-02
   2.4021900e-02
   1.6879500e-02
   1.3568500e-02
   1.8167500e-02
   3.0169000e-02
   4.9158400e-02
   7.0477000e-02
   9.0673800e-02
   1.1077100e-01
   1.2453300e-01
   1.2411200e-01
   1.0486900e-01
   7.3603000e-02
   3.8701900e-02
   5.7812600e-03
  -1.6299700e-02
  -2.7684000e-02
  -3.1727500e-02
  -2.7231300e-02
  -1.4397900e-02
   2.2015200e-03
   1.1145000e-02
   7.5967200e-03
  -4.0533900e-03
  -1.9232100e-02
  -3.9038100e-02
  -6.3712200e-02
  -8.6661200e-02
  -1.0099400e-01
  -1.0530600e-01
  -1.0445900e-01
  -1.0060100e-01
  -8.8974800e-02
  -6.6781500e-02
  -3.7097600e-02
  -7.6872700e-03
   1.7841200e-02
   3.7313000e-02
   4.2211500e-02
   2.5498100e-02
   9.8190100e-04
  -2.5212100e-02
  -5.3782600e-02
  -8.2263000e-02
  -1.0014300e-01
  -1.0430300e-01
  -9.3207600e-02
  -6.5416000e-02
  -2.9465200e-02
   5.8669900e-03
   3.6855700e-02
   5.8752600e-02
   7.0364400e-02
   7.4322600e-02
   7.5384400e-02
   7.2849200e-02
   6.3991600e-02
   4.5705200e-02
   2.1948900e-02
   5.0893600e-03
   1.9258800e-03
   1.1069800e-02
   2.3615000e-02
   2.9794600e-02
   2.3965800e-02
   9.8459500e-03
  -9.7125700e-04
   1.6288100e-03
   8.2248800e-03
   9.3677400e-03
   7.6330500e-03
   5.0846900e-03
   2.5306500e-03
  -3.4831600e-03
  -1.5418600e-02
  -2.4867300e-02
  -2.4897500e-02
  -1.7074200e-02
  -6.5910600e-03
   4.7548600e-03
   1.3649100e-02
   1.6339100e-02
   1.0621300e-02
   6.0793900e-03
   7.0111200e-03
   1.2196200e-02
   1.7994200e-02
   2.2781200e-02
   2.2262100e-02
   1.1098600e-02
  -4.5543900e-03
  -1.6630600e-02
  -2.1517500e-02
  -2.1000400e-02
  -1.8086200e-02
  -1.2301200e-02
  -9.4485900e-04
   1.3104500e-02
   2.0140800e-02
   1.7362700e-02
   1.1365500e-02
   6.0721700e-03
   1.0420400e-03
  -4.8917800e-03
  -1.4000600e-02
  -1.8909400e-02
  -1.3685300e-02
  -9.9839500e-04
   1.5676800e-02
   3.1895900e-02
   4.5013200e-02
   5.4573100e-02
   6.3168900e-02
   8.3930600e-02
   1.1622000e-01
   1.4524300e-01
   1.6019800e-01
   1.6023100e-01
   1.5330800e-01
   1.3880800e-01
   1.1688300e-01
   9.2623100e-02
   6.3450700e-02
   2.9473300e-02
  -1.2527600e-03
  -2.8395200e-02
  -5.8285200e-02
  -8.7275300e-02
  -1.1130600e-01
  -1.2848800e-01
  -1.3609200e-01
  -1.2968000e-01
  -1.1919500e-01
  -1.1834500e-01
  -1.3054100e-01
  -1.4911100e-01
  -1.6690600e-01
  -1.8137500e-01
  -1.8672300e-01
  -1.7763100e-01
  -1.5192500e-01
  -1.1376800e-01
  -6.7888800e-02
  -1.7721000e-02
   3.2138700e-02
   6.8798700e-02
   8.4609700e-02
   8.5001900e-02
   7.6880200e-02
   5.9968100e-02
   4.1309200e-02
   2.1709600e-02
   8.0785600e-04
  -2.4088200e-02
  -4.4628900e-02
  -5.5457900e-02
  -5.7604700e-02
  -5.3969500e-02
  -4.7830900e-02
  -3.8947200e-02
  -2.6227400e-02
  -1.0246400e-02
   3.1548500e-03
   8.2902700e-03
   1.1264300e-02
   2.2711700e-02
   3.4509300e-02
   3.4043100e-02
   2.1673800e-02
   4.3061500e-03
  -1.3276900e-02
  -2.6419300e-02
  -3.7125800e-02
  -4.9528800e-02
  -6.0478100e-02
  -6.7430100e-02
  -6.8189000e-02
  -6.6527200e-02
  -6.6765200e-02
  -6.3982200e-02
  -5.6834500e-02
  -4.6008900e-02
  -2.8160000e-02
  -8.4413400e-03
   2.6609500e-03
   6.5254600e-03
   1.2225400e-02
   2.2291700e-02
   2.7879400e-02
   2.2007800e-02
   5.4736700e-03
  -1.5679600e-02
  -3.6404700e-02
  -5.0128000e-02
  -5.1550100e-02
  -4.0208000e-02
  -2.2471400e-02
  -3.7146200e-03
   1.7427000e-02
   4.1858900e-02
   6.1071600e-02
   6.9699300e-02
   7.2546600e-02
   7.4681800e-02
   7.5823600e-02
   7.0004500e-02
   6.1241900e-02
   4.8739700e-02
   2.5662300e-02
  -3.5970600e-03
  -1.9081300e-02
  -1.9817200e-02
  -2.2041300e-02
  -2.7139400e-02
  -2.2931800e-02
  -1.0033900e-02
   2.9054100e-03
   1.5585200e-02
   3.2340800e-02
   4.8094100e-02
   5.5906900e-02
   5.6034900e-02
   5.2964000e-02
   5.1286300e-02
   5.3241800e-02
   5.9397700e-02
   6.8221900e-02
   8.0096600e-02
   9.3500500e-02
   1.0371600e-01
   1.1117200e-01
   1.1633900e-01
   1.1784200e-01
   1.1332500e-01
   9.7629800e-02
   7.4581100e-02
   4.9164500e-02
   2.1458200e-02
  -6.6339400e-03
  -2.8411400e-02
  -4.1071800e-02
  -5.2773700e-02
  -7.0030300e-02
  -9.0018800e-02
  -1.0520800e-01
  -1.1747400e-01
  -1.3141500e-01
  -1.4865500e-01
  -1.6124400e-01
  -1.6447700e-01
  -1.6388500e-01
  -1.5943700e-01
  -1.3962300e-01
  -1.0060600e-01
  -5.2591700e-02
  -3.3063400e-03
   4.1751600e-02
   7.2312900e-02
   8.6169400e-02
   8.6589700e-02
   8.1733000e-02
   7.9087700e-02
   8.0325700e-02
   8.0796900e-02
   7.3761100e-02
   5.5437700e-02
   3.2768200e-02
   1.3892900e-02
   3.0525900e-03
  -5.2367900e-03
  -1.9106200e-02
  -4.1096700e-02
  -6.7433500e-02
  -8.8946500e-02
  -1.0426400e-01
  -1.1632800e-01
  -1.2643000e-01
  -1.2917500e-01
  -1.2016300e-01
  -1.0395000e-01
  -8.3204200e-02
  -5.8597000e-02
  -3.6309200e-02
  -2.2034000e-02
  -1.4448500e-02
  -1.0455100e-02
  -5.3560500e-03
   4.0707900e-03
   1.4119000e-02
   2.4546500e-02
   3.7522400e-02
   5.0967600e-02
   5.5440200e-02
   5.1199800e-02
   4.4144500e-02
   3.7156300e-02
   2.9782800e-02
   2.0763100e-02
   1.1326400e-02
   5.3723100e-03
   6.0256200e-03
   1.0585800e-02
   1.6394200e-02
   2.1332500e-02
   2.3808600e-02
   2.3983600e-02
   2.6986600e-02
   3.5516300e-02
   4.5173600e-02
   5.1520700e-02
   5.6067800e-02
   5.4301000e-02
   4.3186900e-02
   2.4499300e-02
   4.8413300e-03
  -1.0390300e-02
  -2.0841400e-02
  -2.9945200e-02
  -4.0473100e-02
  -4.9753900e-02
  -5.5977800e-02
  -5.8341700e-02
  -5.1888800e-02
  -3.4491200e-02
  -1.6075600e-02
  -3.0683100e-03
   5.1556900e-03
   7.4036100e-03
   4.8569000e-03
   1.4802700e-03
   3.3053300e-03
   1.0234900e-02
   1.7482300e-02
   2.3369200e-02
   3.4765300e-02
   5.2150400e-02
   7.0564500e-02
   8.1883300e-02
   8.4878700e-02
   8.4223000e-02
   8.0262900e-02
   7.1307400e-02
   6.0086400e-02
   5.2227700e-02
   5.1483800e-02
   5.7650100e-02
   6.5798600e-02
   6.9848900e-02
   6.6554500e-02
   5.6302500e-02
   4.0988000e-02
   2.6033900e-02
   1.2729600e-02
  -1.2046400e-03
  -1.5423400e-02
  -2.8276300e-02
  -3.8227300e-02
  -4.5315400e-02
  -5.1492900e-02
  -5.3494100e-02
  -4.8103100e-02
  -3.7122400e-02
  -2.1621000e-02
  -5.1205600e-03
   4.7765300e-03
   5.5632800e-03
   1.7532300e-03
   2.0563900e-03
   1.0423900e-02
   2.2939800e-02
   3.6387600e-02
   5.1036800e-02
   6.2947200e-02
   6.3361600e-02
   4.7318100e-02
   2.0985100e-02
  -1.0186500e-02
  -4.3323800e-02
  -7.2218700e-02
  -8.9359900e-02
  -9.8118000e-02
  -1.0183300e-01
  -9.7550600e-02
  -8.2536900e-02
  -5.9588000e-02
  -3.4702400e-02
  -1.3268500e-02
   3.6416600e-03
   1.7324000e-02
   2.1526400e-02
   1.3263700e-02
  -2.3992700e-03
  -1.6443900e-02
  -2.5087900e-02
  -3.0682500e-02
  -3.4088300e-02
  -3.0970200e-02
  -2.0085600e-02
  -2.9810100e-03
   1.7943800e-02
   3.8683800e-02
   5.6752700e-02
   7.1954600e-02
   8.8405100e-02
   1.0545800e-01
   1.1597700e-01
   1.1321300e-01
   9.7672300e-02
   7.3039300e-02
   4.5263000e-02
   1.7818100e-02
  -8.7529100e-03
  -2.8778300e-02
  -3.6861200e-02
  -3.5707700e-02
  -3.2774200e-02
  -3.2262600e-02
  -3.3080600e-02
  -3.5115100e-02
  -3.3149400e-02
  -1.9775700e-02
   7.5326100e-03
   3.5570900e-02
   5.0662400e-02
   5.0209300e-02
   4.0221000e-02
   2.6146700e-02
   1.2608200e-02
   3.9697000e-03
   1.2417400e-03
   2.2119400e-03
   4.0836300e-03
   2.6666000e-03
  -7.2330300e-03
  -2.0363100e-02
  -2.8020700e-02
  -2.9534000e-02
  -2.5709700e-02
  -1.5507100e-02
  -1.8797700e-03
   1.3707900e-02
   2.7761400e-02
   3.4561300e-02
   3.0165000e-02
   1.8570500e-02
   4.6536800e-03
  -6.6345100e-03
  -1.2564800e-02
  -1.4361500e-02
  -1.4176600e-02
  -1.3050000e-02
  -1.2573100e-02
  -1.5679700e-02
  -2.1411100e-02
  -2.6302300e-02
  -2.8787000e-02
  -2.7186000e-02
  -2.6347900e-02
  -2.6776600e-02
  -2.3563900e-02
  -1.4386600e-02
  -1.8156600e-03
   9.6429500e-03
   1.6739900e-02
   1.9539600e-02
   1.8273100e-02
   1.4830800e-02
   1.1278900e-02
   7.3550500e-03
   2.3792700e-04
  -5.3486200e-03
  -2.5354800e-03
   5.8540700e-03
   1.5131700e-02
   2.2352300e-02
   2.6448800e-02
   2.4870700e-02
   2.1056300e-02
   1.8611800e-02
   1.5932200e-02
   1.2210100e-02
   9.9743300e-03
   1.4142600e-02
   2.1332000e-02
   2.5261300e-02
   2.2377600e-02
   1.7872000e-02
   1.7479900e-02
   1.5529100e-02
   5.1813700e-03
  -8.7620300e-03
  -2.3568300e-02
  -3.5524600e-02
  -4.0844300e-02
  -4.0878200e-02
  -3.7817900e-02
  -3.0811900e-02
  -1.6875600e-02
   3.6978800e-03
   2.2939300e-02
   3.4778600e-02
   4.0810000e-02
   4.1894600e-02
   3.5861800e-02
   2.4917800e-02
   1.1925500e-02
   7.0404800e-04
  -5.8234100e-03
  -6.8836000e-03
  -5.2886400e-03
  -3.8934200e-03
  -1.5028700e-03
   2.0178700e-03
   7.6395200e-03
   1.6618400e-02
   2.6992300e-02
   3.5653700e-02
   3.7750500e-02
   3.0513300e-02
   1.8563200e-02
   5.5532200e-03
  -6.2958800e-03
  -1.3795100e-02
  -1.4526000e-02
  -1.4695700e-02
  -2.1822100e-02
  -3.5396200e-02
  -5.0377500e-02
  -6.0865500e-02
  -6.2516500e-02
  -5.6593700e-02
  -4.8586000e-02
  -4.1490200e-02
  -3.2770600e-02
  -2.1066900e-02
  -8.6032200e-03
   6.3392000e-03
   2.5432400e-02
   4.6005400e-02
   6.2217900e-02
   7.2530900e-02
   7.6400200e-02
   7.5515400e-02
   6.5259700e-02
   4.4213100e-02
   2.0707600e-02
  -2.8404100e-03
  -2.2812400e-02
  -3.3482600e-02
  -3.5385300e-02
  -3.2834200e-02
  -3.1137100e-02
  -2.5849500e-02
  -1.2965600e-02
   1.2187900e-03
   9.4919200e-03
   8.7914700e-03
   4.9195400e-03
   4.0703700e-04
  -6.6569100e-03
  -1.4184500e-02
  -1.8018900e-02
  -1.8593100e-02
  -2.1185000e-02
  -3.0192500e-02
  -4.2383200e-02
  -5.2914500e-02
  -5.9408100e-02
  -6.3499800e-02
  -6.5612700e-02
  -6.3444700e-02
  -5.4356400e-02
  -3.9936400e-02
  -2.8369100e-02
  -2.6334400e-02
  -3.0041200e-02
  -3.3182600e-02
  -3.5200400e-02
  -3.8637700e-02
  -4.1787800e-02
  -4.1922900e-02
  -4.1909900e-02
  -4.6808600e-02
  -5.2945300e-02
  -5.5183000e-02
  -5.6060600e-02
  -5.7902200e-02
  -5.6384400e-02
  -5.1610700e-02
  -4.8416000e-02
  -4.5499700e-02
  -3.9786800e-02
  -3.0652200e-02
  -2.1365300e-02
  -1.3245700e-02
  -6.3029200e-03
  -2.0191400e-03
  -1.6237700e-03
  -5.0298400e-03
  -7.8606300e-03
  -9.2205600e-03
  -8.0800600e-03
  -2.9724200e-03
   6.0848600e-03
   1.4825600e-02
   2.1333400e-02
   2.4631100e-02
   2.5678200e-02
   2.8327600e-02
   3.1027700e-02
   3.2226400e-02
   3.2107000e-02
   3.2492700e-02
   3.4311100e-02
   3.5953400e-02
   3.7105200e-02
   3.6495200e-02
   3.1585500e-02
   2.5599100e-02
   2.0379700e-02
   1.5945500e-02
   9.2185100e-03
   1.6309400e-03
   4.4339400e-04
   8.0512900e-03
   2.1432400e-02
   3.6134200e-02
   5.0330300e-02
   6.2387200e-02
   6.9023600e-02
   7.0387900e-02
   7.0281000e-02
   7.0760600e-02
   7.0601100e-02
   6.6906000e-02
   5.8452000e-02
   4.6905200e-02
   3.6247600e-02
   3.1741600e-02
   3.1957600e-02
   3.1259600e-02
   2.9611500e-02
   3.1218300e-02
   3.4634000e-02
   3.3895900e-02
   2.9432900e-02
   2.4483400e-02
   1.7847500e-02
   8.7308800e-03
  -6.2828100e-04
  -6.3974900e-03
  -8.9735700e-03
  -1.1454200e-02
  -1.4061100e-02
  -1.7397400e-02
  -2.3125900e-02
  -3.1310600e-02
  -3.7301200e-02
  -3.9644400e-02
  -3.8607600e-02
  -3.2880600e-02
  -2.3018800e-02
  -1.3244600e-02
  -6.3201800e-03
  -5.1083400e-03
  -8.2091500e-03
  -1.2459100e-02
  -1.7797800e-02
  -2.3495000e-02
  -2.6266700e-02
  -2.5558300e-02
  -2.2509900e-02
  -1.2793000e-02
   9.8868900e-04
   1.3447800e-02
   2.3939700e-02
   3.3712100e-02
   4.2254300e-02
   4.5588600e-02
   3.9334600e-02
   2.3049600e-02
   2.5794800e-03
  -1.3916500e-02
  -2.3217500e-02
  -2.4932200e-02
  -2.2261800e-02
  -1.7186700e-02
  -1.1290100e-02
  -6.1878800e-03
  -3.6422500e-03
  -1.5734300e-03
   3.3640000e-03
   5.9543300e-03
   3.7103800e-03
  -8.9036600e-04
  -7.6244100e-03
  -1.4448600e-02
  -1.9119700e-02
  -2.1560300e-02
  -2.0827900e-02
  -1.4911200e-02
  -7.8255300e-03
  -2.1656900e-03
   3.4496200e-03
   1.0477100e-02
   1.4057000e-02
   8.2672900e-03
  -3.2486900e-03
  -1.2524400e-02
  -1.6275800e-02
  -1.6605300e-02
  -1.4955800e-02
  -1.2029700e-02
  -8.3323800e-03
  -3.4017000e-03
  -8.3247000e-04
  -1.5195300e-03
  -6.2563300e-04
   3.1263800e-03
   6.0662600e-03
   5.8781200e-03
   3.8634800e-03
   2.7853300e-04
  -6.2795400e-03
  -1.5265300e-02
  -2.0118300e-02
  -1.8925600e-02
  -1.5707400e-02
  -1.2009800e-02
  -3.5335800e-03
   8.0843500e-03
   1.8450300e-02
   2.3962800e-02
   2.3926200e-02
   2.0064100e-02
   1.3301100e-02
   5.3997100e-03
  -1.5740800e-03
  -7.7724900e-03
  -1.3439700e-02
  -1.7213500e-02
  -1.8193700e-02
  -1.7936300e-02
  -1.8493400e-02
  -1.5974700e-02
  -9.3151400e-03
  -1.2128000e-03
   4.3885500e-03
   9.3181700e-03
   1.5582900e-02
   2.2946100e-02
   2.9999900e-02
   3.5403100e-02
   3.7465600e-02
   3.6673900e-02
   3.5300800e-02
   3.3085000e-02
   2.8244000e-02
   2.0410700e-02
   9.0954200e-03
  -4.8043200e-03
  -1.8302700e-02
  -2.7451100e-02
  -3.1917400e-02
  -3.4396000e-02
  -3.4235300e-02
  -2.7923600e-02
  -1.7542800e-02
  -9.6891700e-03
  -6.5743700e-03
  -6.3310100e-03
  -6.5212700e-03
  -6.6632800e-03
  -7.3966900e-03
  -9.4818700e-03
  -1.4067600e-02
  -2.1551800e-02
  -2.7810300e-02
  -2.9823100e-02
  -2.9411000e-02
  -2.7660400e-02
  -2.2267000e-02
  -1.3525600e-02
  -5.5825100e-03
  -1.0225100e-04
   5.3189800e-03
   1.4096300e-02
   2.5005100e-02
   3.5987500e-02
   4.6816200e-02
   5.5398700e-02
   5.8847600e-02
   5.6533100e-02
   5.0330100e-02
   4.3630600e-02
   3.8242400e-02
   3.2937300e-02
   2.7056900e-02
   2.0695900e-02
   1.3906100e-02
   6.9536100e-03
   3.4186300e-03
   6.3626200e-03
   1.2915700e-02
   1.8600200e-02
   1.9653200e-02
   1.5695100e-02
   1.0590100e-02
   7.2672700e-03
   7.0188100e-03
   8.4528400e-03
   9.0015800e-03
   6.4533300e-03
   6.5014300e-04
  -7.6752600e-03
  -1.6375900e-02
  -2.2690400e-02
  -2.4975200e-02
  -2.3265400e-02
  -1.7968600e-02
  -1.0568200e-02
  -4.7732400e-03
  -1.4745900e-04
   6.6917000e-03
   1.5052800e-02
   2.1005800e-02
   2.2059300e-02
   2.1319000e-02
   2.0424500e-02
   1.7458600e-02
   1.1651400e-02
   4.6744100e-03
  -1.2279600e-03
  -5.1961300e-03
  -6.8086000e-03
  -6.8709300e-03
  -8.2200400e-03
  -1.2943800e-02
  -1.7194400e-02
  -1.5871200e-02
  -1.1260000e-02
  -8.8973800e-03
  -1.0375500e-02
  -1.4652300e-02
  -2.2283600e-02
  -3.0183000e-02
  -3.4928000e-02
  -3.6074100e-02
  -3.4253200e-02
  -3.0858700e-02
  -2.8460800e-02
  -2.8396100e-02
  -2.8047600e-02
  -2.3996800e-02
  -1.6053100e-02
  -6.9401300e-03
   1.1940400e-03
   8.3407100e-03
   1.3423300e-02
   1.4413700e-02
   1.0734800e-02
   4.7009600e-03
  -3.6425300e-03
  -1.4002100e-02
  -2.4241600e-02
  -3.2378900e-02
  -3.7867600e-02
  -4.1535500e-02
  -4.2588200e-02
  -3.8026500e-02
  -2.9748700e-02
  -2.3012600e-02
  -1.9624600e-02
  -1.8251100e-02
  -1.8448700e-02
  -1.9605100e-02
  -2.0283200e-02
  -1.9273500e-02
  -1.5983000e-02
  -1.3039700e-02
  -1.2070500e-02
  -1.3402100e-02
  -1.4616800e-02
  -1.3061800e-02
  -9.3349900e-03
  -4.8300300e-03
   1.7279600e-03
   9.0949500e-03
   1.2745800e-02
   1.0787200e-02
   4.9469400e-03
  -8.5809000e-05
  -2.3307100e-03
  -3.1539200e-03
  -2.2639800e-03
   9.7117300e-04
   2.2113300e-03
  -7.8269200e-04
  -5.4833000e-03
  -8.8905500e-03
  -9.4833900e-03
  -7.4166400e-03
  -4.0944900e-03
   3.4802400e-04
   3.6449700e-03
   4.0597000e-03
   3.1607500e-03
   1.4457800e-03
   1.4506700e-04
   1.2597500e-04
   8.2453600e-04
  -1.0480600e-03
  -5.8806500e-03
  -1.1599600e-02
  -1.4758000e-02
  -1.3275900e-02
  -7.9440400e-03
  -8.2559700e-04
   6.2781600e-03
   1.0379800e-02
   1.0060400e-02
   7.8485300e-03
   5.7480800e-03
   4.2027100e-03
   3.6087800e-03
   3.0201100e-03
   2.1190800e-03
   1.1626800e-03
  -2.9241400e-04
  -1.6794900e-03
  -1.6335700e-03
  -2.5280800e-04
   1.9190500e-03
   5.5953300e-03
   1.0857300e-02
   1.5201800e-02
   1.6678200e-02
   1.7433700e-02
   1.8694100e-02
   1.9274200e-02
   1.8757000e-02
   1.6956100e-02
   1.3774700e-02
   9.8307100e-03
   6.7849200e-03
   6.3905100e-03
   6.3460400e-03
   5.2200000e-03
   5.4181300e-03
   9.3697700e-03
   1.6023500e-02
   2.1691200e-02
   2.4180200e-02
   2.3479200e-02
   1.8432800e-02
   1.0418500e-02
   1.4085400e-03
  -4.2866500e-03
  -5.8032400e-03
  -5.0584200e-03
  -4.0564400e-03
  -3.4466700e-03
  -1.9654400e-03
   4.8513500e-04
   3.3463900e-03
   6.7723200e-03
   9.1468700e-03
   8.9203400e-03
   6.5626900e-03
   3.1085800e-03
   6.2943500e-04
   2.1235700e-04
   2.0861300e-03
   3.8647900e-03
   4.6813000e-03
   4.0437500e-03
   3.0018000e-03
   1.0079000e-03
  -1.0895600e-03
  -3.2261000e-03
  -7.9868600e-03
  -1.3515700e-02
  -1.6504600e-02
  -1.4976100e-02
  -9.1080700e-03
  -1.5092700e-03
   5.8099600e-03
   1.2126900e-02
   1.7266700e-02
   2.0127200e-02
   2.0773400e-02
   2.0912400e-02
   1.9868200e-02
   1.7440400e-02
   1.4233300e-02
   9.7632800e-03
   4.1085600e-03
  -1.0883000e-04
  -9.9196100e-04
   1.2083400e-03
   4.6817200e-03
   7.1493100e-03
   8.0666500e-03
   7.2999300e-03
   5.6614400e-03
   5.5108400e-03
   6.6522900e-03
   7.7750900e-03
   8.0088800e-03
   7.6721900e-03
   5.7532800e-03
   2.5770800e-04
  -7.1697100e-03
  -1.3626000e-02
  -1.7181400e-02
  -1.7393900e-02
  -1.5374100e-02
  -1.2463700e-02
  -9.2212300e-03
  -4.6649300e-03
  -1.4750500e-04
   2.2841300e-03
   7.7847800e-04
  -3.5058000e-03
  -8.1374000e-03
  -1.2356300e-02
  -1.8166100e-02
  -2.4981500e-02
  -2.8388400e-02
  -2.8763500e-02
  -2.8624800e-02
  -2.7769800e-02
  -2.3132400e-02
  -1.5805100e-02
  -9.4943700e-03
  -6.7111600e-03
  -6.6382100e-03
  -6.1085800e-03
  -5.6363500e-03
  -4.5682700e-03
  -2.0423500e-03
   6.8643300e-04
   2.4996900e-03
   2.5862000e-03
  -8.9491100e-04
  -9.3319400e-03
  -1.9833300e-02
  -2.8813500e-02
  -3.5335300e-02
  -3.9300400e-02
  -3.8766600e-02
  -3.3814900e-02
  -2.6813800e-02
  -1.9562100e-02
  -1.2981000e-02
  -7.7759600e-03
  -4.1398400e-03
  -2.2029600e-03
  -8.8149100e-04
   1.1520300e-03
   3.8685400e-03
   7.0739700e-03
   9.8211100e-03
   9.6015200e-03
   6.1957900e-03
   2.6452800e-03
   1.9242300e-03
   5.7388100e-03
   1.2320300e-02
   1.7415400e-02
   1.8392000e-02
   1.6476200e-02
   1.5302200e-02
   1.6029000e-02
   1.7602300e-02
   1.9706200e-02
   2.2706400e-02
   2.6763600e-02
   3.0454300e-02
   3.2424600e-02
   3.2307100e-02
