   4.0725250e-03
   4.4704560e-03
   4.9371760e-03
   5.3534720e-03
   5.5328780e-03
   5.5687860e-03
   5.4789730e-03
   5.5531860e-03
   5.8312640e-03
   6.2049510e-03
   6.5142640e-03
   6.6424300e-03
   6.6789400e-03
   6.6076550e-03
   6.4073330e-03
   6.0878340e-03
   5.7480760e-03
   5.5687700e-03
   5.5208550e-03
   5.4600190e-03
   5.3120990e-03
   5.0162580e-03
   4.5913990e-03
   4.1426560e-03
   3.5861300e-03
   2.8915640e-03
   2.2472640e-03
   1.5998480e-03
   9.9264600e-04
   4.8698710e-04
   3.9909900e-04
   7.3070700e-04
   1.1041090e-03
   1.5767760e-03
   2.0676660e-03
   2.6158840e-03
   3.2572410e-03
   3.7879340e-03
   4.2859990e-03
   4.7443230e-03
   5.2326820e-03
   5.5762530e-03
   5.4199230e-03
   4.8834490e-03
   4.4125360e-03
   3.9339810e-03
   3.3050040e-03
   2.6667210e-03
   2.2776270e-03
   1.6844930e-03
   9.6178130e-04
   7.1624610e-05
  -1.1204860e-03
  -2.4928680e-03
  -4.0000310e-03
  -5.6082070e-03
  -7.2281930e-03
  -8.6575350e-03
  -9.5989110e-03
  -9.7206900e-03
  -8.9668360e-03
  -7.9038450e-03
  -6.6251940e-03
  -5.3103720e-03
  -4.2068010e-03
  -2.9407180e-03
  -1.5610630e-03
  -4.0238810e-05
   1.6905030e-03
   3.5856040e-03
   5.4314350e-03
   6.8452900e-03
   7.7615520e-03
   8.0517520e-03
   7.7095290e-03
   6.7592930e-03
   5.2830110e-03
   3.6252520e-03
   1.8794390e-03
   6.1836790e-05
  -1.7044500e-03
  -3.3169440e-03
  -4.5598050e-03
  -5.6352200e-03
  -6.7380220e-03
  -7.8327700e-03
  -8.7886390e-03
  -9.6079910e-03
  -1.0402210e-02
  -1.0961120e-02
  -1.1141780e-02
  -1.0839380e-02
  -1.0027350e-02
  -8.7649120e-03
  -7.3163750e-03
  -5.7846910e-03
  -4.2376010e-03
  -2.8026010e-03
  -1.5770340e-03
  -2.0206550e-04
   1.1743770e-03
   2.4138340e-03
   3.4567750e-03
   4.2626070e-03
   4.9737150e-03
   5.8692480e-03
   6.8541800e-03
   7.6959580e-03
   8.3722740e-03
   8.6539950e-03
   8.5074600e-03
   7.8827390e-03
   7.1522080e-03
   6.5493700e-03
   5.9418540e-03
   5.3415530e-03
   4.5143990e-03
   3.5092030e-03
   2.5255050e-03
   1.8422850e-03
   1.3246460e-03
   1.0539230e-03
   1.2604610e-03
   1.8532440e-03
   2.7297620e-03
   3.6199300e-03
   4.4664430e-03
   5.3716590e-03
   6.2377250e-03
   7.1899690e-03
   8.2252460e-03
   9.3003550e-03
   1.0039020e-02
   1.0234790e-02
   9.9874420e-03
   9.4937270e-03
   8.9550440e-03
   8.2159840e-03
   7.3716510e-03
   6.5682870e-03
   5.6455120e-03
   4.5567360e-03
   3.2288140e-03
   1.9140130e-03
   6.2664990e-04
  -8.0125580e-04
  -2.2460330e-03
  -3.6314910e-03
  -4.8749080e-03
  -5.9021180e-03
  -6.7075950e-03
  -7.4099810e-03
  -7.9585810e-03
  -8.4544470e-03
  -8.8420160e-03
  -9.2556320e-03
  -9.6080030e-03
  -9.6365830e-03
  -9.4165380e-03
  -9.0183050e-03
  -8.5377970e-03
  -7.9783330e-03
  -7.2458790e-03
  -6.4542780e-03
  -5.4935360e-03
  -4.4612270e-03
  -3.2521390e-03
  -1.8665460e-03
  -4.7008940e-04
   8.4544860e-04
   1.9899990e-03
   2.9302420e-03
   3.7192040e-03
   4.2570620e-03
   4.5596600e-03
   4.9836780e-03
   5.6369860e-03
   6.4227290e-03
   7.2980930e-03
   8.0405110e-03
   8.1309990e-03
   7.8013250e-03
   7.1539640e-03
   6.3482960e-03
   5.7557740e-03
   5.0787440e-03
   4.1929100e-03
   3.1350390e-03
   1.8651470e-03
   4.6660570e-04
  -1.0604990e-03
  -2.7386000e-03
  -4.5252940e-03
  -6.2688500e-03
  -7.6843720e-03
  -8.7399000e-03
  -9.4952290e-03
  -1.0008980e-02
  -1.0096480e-02
  -9.7241870e-03
  -9.0806530e-03
  -8.1669610e-03
  -7.1527250e-03
  -6.3161190e-03
  -5.4726630e-03
  -4.5617990e-03
  -3.6874600e-03
  -2.8007980e-03
  -1.7394200e-03
  -6.1926730e-04
   3.2707600e-04
   7.8208360e-04
   6.4759210e-04
   2.2276930e-04
  -1.1658800e-04
  -6.6019310e-04
  -1.4838270e-03
  -2.4326230e-03
  -3.5795680e-03
  -4.6468540e-03
  -5.2994820e-03
  -5.3592770e-03
  -4.7816750e-03
  -3.9267680e-03
  -3.2145470e-03
  -2.6817480e-03
  -2.0584710e-03
  -1.1155010e-03
   6.1915770e-05
   1.0796950e-03
   1.8801490e-03
   2.6637680e-03
   3.2011140e-03
   3.4259030e-03
   3.6636400e-03
   4.0426350e-03
   4.5605120e-03
   5.1138050e-03
   5.7761230e-03
   6.5326200e-03
   7.5660030e-03
   8.7163390e-03
   9.6545630e-03
   1.0259900e-02
   1.0532810e-02
   1.0276930e-02
   9.6209210e-03
   8.7215290e-03
   7.5770750e-03
   6.3554290e-03
   5.1034290e-03
   3.7300730e-03
   2.1024630e-03
   3.7054620e-04
  -1.4271520e-03
  -3.2190270e-03
  -4.8077790e-03
  -6.0940940e-03
  -6.7574710e-03
  -6.4283050e-03
  -5.4101210e-03
  -4.4620890e-03
  -3.4850140e-03
  -2.4341400e-03
  -1.4053640e-03
  -2.9934560e-04
   5.7208120e-04
   9.2731290e-04
   5.2081510e-04
  -4.8763680e-04
  -1.8340380e-03
  -2.9934400e-03
  -4.0571070e-03
  -5.2117240e-03
  -6.4240260e-03
  -7.5768490e-03
  -8.5648650e-03
  -8.9359720e-03
  -8.7344080e-03
  -8.0481960e-03
  -7.1907440e-03
  -6.2866950e-03
  -5.1934300e-03
  -4.2482510e-03
  -3.7728580e-03
  -3.8367350e-03
  -4.3812380e-03
  -5.2762810e-03
  -6.2837620e-03
  -7.2676910e-03
  -7.9422090e-03
  -8.1968160e-03
  -7.7793590e-03
  -6.7954180e-03
  -5.4462980e-03
  -3.9733590e-03
  -2.5033350e-03
  -1.1299150e-03
   1.0765240e-04
   1.5826960e-03
   3.2651590e-03
   5.0863230e-03
   6.8863320e-03
   8.3341680e-03
   9.4772510e-03
   1.0288260e-02
   1.0782140e-02
   1.0851040e-02
   1.0573020e-02
   9.9760730e-03
   9.1066500e-03
   7.9762000e-03
   6.6277000e-03
   5.0997200e-03
   3.3403360e-03
   1.3369130e-03
  -8.1232030e-04
  -3.0865880e-03
  -5.3692870e-03
  -7.6330180e-03
  -9.5477620e-03
  -1.0812390e-02
  -1.1184170e-02
  -1.0626160e-02
  -9.4397970e-03
  -7.9170460e-03
  -6.0999320e-03
  -4.0239790e-03
  -1.8306990e-03
   5.3839950e-04
   2.8950630e-03
   5.0438460e-03
   6.4011100e-03
   6.7338160e-03
   6.1843930e-03
   5.1636940e-03
   4.0540800e-03
   2.9564210e-03
   2.0989220e-03
   1.3368270e-03
   6.7999180e-04
  -7.5116390e-06
  -7.6298890e-04
  -1.5845240e-03
  -2.2348280e-03
  -3.0922490e-03
  -4.2736290e-03
  -5.6355410e-03
  -7.2352080e-03
  -9.0459970e-03
  -1.0451250e-02
  -1.0707520e-02
  -9.6206710e-03
  -7.3949190e-03
  -4.8017660e-03
  -2.4181660e-03
  -9.4211810e-05
   1.9912340e-03
   3.9126680e-03
   5.7605880e-03
   7.3369600e-03
   8.7476460e-03
   9.9531780e-03
   1.0854320e-02
   1.1456660e-02
   1.1928540e-02
   1.2232540e-02
   1.2181240e-02
   1.1923240e-02
   1.1562560e-02
   1.1216850e-02
   1.0698510e-02
   9.9242950e-03
   9.0600840e-03
   8.2779120e-03
   7.5079270e-03
   6.8264180e-03
   6.1607510e-03
   5.6079680e-03
   5.1484220e-03
   4.6733720e-03
   4.1291620e-03
   3.6080540e-03
   2.9263520e-03
   2.1344120e-03
   1.3002190e-03
   1.8305610e-04
  -1.1175840e-03
  -2.0922450e-03
  -2.3553750e-03
  -1.7514490e-03
  -5.5025480e-04
   6.6257410e-04
   1.5688800e-03
   2.4726760e-03
   3.5825180e-03
   4.6584710e-03
   5.4904300e-03
   6.0156600e-03
   6.2553460e-03
   6.1361260e-03
   5.7764770e-03
   5.3048930e-03
   4.9083930e-03
   4.4327170e-03
   3.8915070e-03
   3.2104610e-03
   2.2929610e-03
   1.3247230e-03
   2.2649790e-04
  -1.1073930e-03
  -2.5666150e-03
  -4.1382580e-03
  -5.8029410e-03
  -7.4561170e-03
  -8.8696830e-03
  -9.7518220e-03
  -1.0140850e-02
  -9.9354070e-03
  -9.2964410e-03
  -8.3969830e-03
  -7.3133600e-03
  -6.2260170e-03
  -5.2400050e-03
  -4.2968900e-03
  -3.3415390e-03
  -2.5060070e-03
  -1.7433590e-03
  -1.2415190e-03
  -1.0481550e-03
  -1.2921530e-03
  -1.8485470e-03
  -2.5562040e-03
  -3.5182740e-03
  -4.5507110e-03
  -5.2361560e-03
  -5.4341210e-03
  -5.3051900e-03
  -5.0152730e-03
  -4.7417190e-03
  -4.6015380e-03
  -4.4668800e-03
  -4.6168420e-03
  -5.1048160e-03
  -5.8131170e-03
  -6.4917110e-03
  -6.8686920e-03
  -7.0326890e-03
  -7.0189340e-03
  -6.7375890e-03
  -6.0959000e-03
  -5.1085210e-03
  -4.0020310e-03
  -2.9148490e-03
  -1.7923190e-03
  -5.9266020e-04
   4.5798940e-04
   1.2744590e-03
   1.9663760e-03
   2.8035420e-03
   3.6826970e-03
   4.3678690e-03
   4.8934870e-03
   5.1646220e-03
   5.3297870e-03
   5.3747140e-03
   5.1572250e-03
   4.5713350e-03
   3.9517330e-03
   3.3704710e-03
   2.6131530e-03
   1.8016040e-03
   1.0303750e-03
   1.2860660e-04
  -7.6479300e-04
  -1.1895810e-03
  -8.1270130e-04
   2.8750210e-04
   1.5159760e-03
   2.5140800e-03
   3.4800880e-03
   4.3057600e-03
   5.0912540e-03
   5.7861500e-03
   6.0243100e-03
   6.2038060e-03
   6.4871380e-03
   6.8683260e-03
   7.2508170e-03
   7.4019810e-03
   7.4653630e-03
   7.4605510e-03
   7.3474920e-03
   7.1084010e-03
   6.7538240e-03
   6.3729030e-03
   5.9810320e-03
   5.3868930e-03
   4.6029190e-03
   3.8453520e-03
   2.9926430e-03
   1.8328560e-03
   5.1889140e-04
  -1.0569420e-03
  -2.7702180e-03
  -4.3635770e-03
  -5.6856890e-03
  -6.8578360e-03
  -7.9521770e-03
  -8.6369080e-03
  -8.6943660e-03
  -8.2149250e-03
  -7.5186760e-03
  -6.6906360e-03
  -5.8442950e-03
  -4.9177690e-03
  -3.9473490e-03
  -2.7366810e-03
  -1.2240210e-03
   5.2222630e-04
   2.3156720e-03
   3.9256840e-03
   5.2169760e-03
   5.8999650e-03
   5.9964900e-03
   5.7657340e-03
   5.3396950e-03
   4.8731200e-03
   4.3815920e-03
   3.8105900e-03
   3.2842060e-03
   2.6315530e-03
   1.9336990e-03
   1.2753980e-03
   3.7482550e-04
  -8.5856260e-04
  -2.1795030e-03
  -3.5235980e-03
  -4.8942150e-03
  -6.2898900e-03
  -7.7333220e-03
  -9.1642140e-03
  -9.9820510e-03
  -9.8586950e-03
  -9.0117100e-03
  -7.7658980e-03
  -6.6188150e-03
  -5.3833730e-03
  -3.9766340e-03
  -2.6060170e-03
  -1.3916730e-03
  -4.6063780e-04
   1.3510070e-05
  -2.2768580e-04
  -9.9117070e-04
  -2.0546660e-03
  -3.0508390e-03
  -4.2210450e-03
  -5.4997970e-03
  -6.6838700e-03
  -7.7677960e-03
  -8.5647170e-03
  -9.4037100e-03
  -1.0136530e-02
  -1.0456690e-02
  -1.0393950e-02
  -9.9157970e-03
  -8.9500280e-03
  -7.6002160e-03
  -6.0856980e-03
  -4.4894180e-03
  -2.8989440e-03
  -1.4076700e-03
   2.4745220e-04
   2.0006250e-03
   3.7081590e-03
   5.2683360e-03
   6.5175050e-03
   7.2097570e-03
   7.1583820e-03
   6.4654810e-03
   5.4310730e-03
   4.4803630e-03
   3.4078180e-03
   2.4652480e-03
   1.8794550e-03
   1.6865900e-03
   1.8570770e-03
   2.4567500e-03
   3.5518420e-03
   4.9935340e-03
   6.6092650e-03
   8.2772360e-03
   9.8746840e-03
   1.1536170e-02
   1.3122480e-02
   1.4615750e-02
   1.5553960e-02
   1.5820560e-02
   1.5522150e-02
   1.4903950e-02
   1.4272740e-02
   1.3651930e-02
   1.2756640e-02
   1.1574420e-02
   1.0299790e-02
   8.9764100e-03
   7.9533560e-03
   7.2334070e-03
   7.0429380e-03
   7.0093660e-03
   6.9150750e-03
   6.6501910e-03
   6.1163020e-03
   5.3769650e-03
   4.6820230e-03
   4.0824970e-03
   3.3085350e-03
   2.4283500e-03
   1.7157090e-03
   7.1840850e-04
  -6.3501960e-04
  -2.2703520e-03
  -4.2592950e-03
  -6.5582320e-03
  -9.0018290e-03
  -1.1531110e-02
  -1.3894210e-02
  -1.5646180e-02
  -1.6917680e-02
  -1.8114080e-02
  -1.9021520e-02
  -1.9275580e-02
  -1.8796660e-02
  -1.7626310e-02
  -1.5921120e-02
  -1.4113560e-02
  -1.2432490e-02
  -1.0867250e-02
  -9.1883190e-03
  -7.6515880e-03
  -6.4903250e-03
  -5.4899510e-03
  -4.4606650e-03
  -3.4479810e-03
  -2.4214420e-03
  -1.2328240e-03
  -4.2047060e-05
   1.1486450e-03
   2.4650140e-03
   4.0463940e-03
   5.5281390e-03
   6.5391650e-03
   6.9439920e-03
   6.6662490e-03
   5.8009100e-03
   4.5757410e-03
   3.3329930e-03
   2.0100860e-03
   4.4969610e-04
  -1.2882930e-03
  -3.1041150e-03
  -4.8387580e-03
  -6.3321970e-03
  -6.9216830e-03
  -6.3270640e-03
  -4.7731430e-03
  -3.0297130e-03
  -1.5220900e-03
  -9.8836850e-05
   1.1701190e-03
   2.1276220e-03
   3.1639780e-03
   4.2642030e-03
   5.2626060e-03
   5.8851050e-03
   6.0299350e-03
   5.9093350e-03
   5.5638940e-03
   5.0872340e-03
   4.6757340e-03
   4.2874250e-03
   3.9454240e-03
   3.7500180e-03
   3.4883820e-03
   3.0971970e-03
   2.6758250e-03
   2.4246270e-03
   2.2004360e-03
   2.0166440e-03
   1.9683710e-03
   1.8730980e-03
   1.8325530e-03
   1.6061560e-03
   1.3244720e-03
   8.4624690e-04
   1.3469430e-04
  -5.5191180e-04
  -7.6580160e-04
  -4.2305850e-04
   2.5656160e-04
   1.0124210e-03
   1.4203050e-03
   1.7992470e-03
   2.3027710e-03
   3.0857400e-03
   4.4376610e-03
   6.2619510e-03
   8.3071980e-03
   9.7707340e-03
   1.0286900e-02
   9.8546130e-03
   8.7243760e-03
   7.3735880e-03
   6.0281220e-03
   4.8102010e-03
   3.7437270e-03
   2.7127690e-03
   1.4747210e-03
   1.6324930e-04
  -1.2119080e-03
  -2.7038690e-03
  -4.3476720e-03
  -6.1370190e-03
  -7.9523160e-03
  -9.5010270e-03
  -1.0308020e-02
  -9.8712000e-03
  -8.4154950e-03
  -6.7922170e-03
  -5.0652270e-03
  -3.1239600e-03
  -1.0167700e-03
   1.2736920e-03
   3.6081260e-03
   5.9834270e-03
   8.1748320e-03
   1.0120380e-02
   1.1628890e-02
   1.2710180e-02
   1.3302510e-02
   1.3386600e-02
   1.2988940e-02
   1.2341930e-02
   1.1413660e-02
   1.0268160e-02
   8.9229500e-03
   7.5470740e-03
   6.2602600e-03
   5.1212050e-03
   4.1669200e-03
   3.3315550e-03
   2.6669310e-03
   2.2737500e-03
   2.3839240e-03
   2.9084160e-03
   3.7750500e-03
   4.7634670e-03
   5.6805250e-03
   6.5913360e-03
   7.6806810e-03
   8.8153610e-03
   9.7574380e-03
   1.0132930e-02
   9.7743780e-03
   8.8920190e-03
   7.7043660e-03
   6.4734590e-03
   5.2634950e-03
   3.9997860e-03
   2.5043700e-03
   6.8800120e-04
  -1.0972460e-03
  -2.6826000e-03
  -3.9320100e-03
  -4.5583540e-03
  -4.3605160e-03
  -3.4509890e-03
  -2.2279030e-03
  -9.2032830e-04
   4.0379350e-04
   1.7364090e-03
   3.1151870e-03
   4.5615300e-03
   5.6602290e-03
   5.9062480e-03
   5.4671430e-03
   4.6677800e-03
   3.5807760e-03
   2.3273150e-03
   9.5304980e-04
  -6.2338670e-04
  -2.3434340e-03
  -4.0021780e-03
  -5.5408630e-03
  -6.7388200e-03
  -7.3727550e-03
  -7.5925260e-03
  -7.1803330e-03
  -6.1556110e-03
  -4.8469260e-03
  -3.4003600e-03
  -2.2355260e-03
  -1.5548490e-03
  -1.4055430e-03
  -1.7863230e-03
  -2.2974220e-03
  -2.4947130e-03
  -2.0804980e-03
  -1.3506900e-03
  -9.3338580e-04
  -1.1252540e-03
  -1.8698120e-03
  -3.0497460e-03
  -4.2491780e-03
  -4.9465810e-03
  -4.8124140e-03
  -3.8390000e-03
  -2.4988240e-03
  -1.2528270e-03
  -5.1838980e-05
   1.3851970e-03
   2.8820470e-03
   4.3237860e-03
   5.6099950e-03
   6.8564940e-03
   7.9767500e-03
   8.7868720e-03
   9.2206690e-03
   9.2205680e-03
   8.7412750e-03
   7.8737100e-03
   6.3686430e-03
   4.2732840e-03
   1.9250610e-03
  -5.8777650e-04
  -3.0955660e-03
  -5.2171110e-03
  -7.1500570e-03
  -8.8206690e-03
  -1.0243130e-02
  -1.1289130e-02
  -1.1728950e-02
  -1.1490450e-02
  -1.0734340e-02
  -9.6157800e-03
  -8.2080280e-03
  -6.4586320e-03
  -4.6719040e-03
  -2.7826940e-03
  -8.4210280e-04
   1.0880570e-03
   3.0210520e-03
   4.7071470e-03
   6.1886330e-03
   7.3152100e-03
   8.0642770e-03
   8.4553040e-03
   8.0940010e-03
   6.9320760e-03
   5.4435030e-03
   3.7797750e-03
   2.0090820e-03
  -2.8578870e-05
  -2.0901570e-03
  -4.1628100e-03
  -6.1412660e-03
  -7.9788170e-03
  -9.7318810e-03
  -1.1364610e-02
  -1.2722720e-02
  -1.3905110e-02
  -1.4770280e-02
  -1.5231090e-02
  -1.5191450e-02
  -1.4433370e-02
  -1.3279890e-02
  -1.2071000e-02
  -1.0917830e-02
  -9.8820040e-03
  -9.3188410e-03
  -8.9719320e-03
  -8.7470230e-03
  -8.4214410e-03
  -7.8908480e-03
  -7.2740150e-03
  -6.8357120e-03
  -6.5770900e-03
  -6.4671880e-03
  -6.3143050e-03
  -5.9769420e-03
  -5.4190160e-03
  -4.7399160e-03
  -4.2535360e-03
  -3.9511610e-03
  -3.5650500e-03
  -3.0321220e-03
  -2.4623020e-03
  -2.0032150e-03
  -1.6594760e-03
  -1.3284910e-03
  -9.3261460e-04
  -5.6253610e-04
  -4.8522950e-04
  -8.5026870e-04
  -1.2596200e-03
  -1.4780980e-03
  -1.7759950e-03
  -2.2824020e-03
  -2.9939450e-03
  -3.7470320e-03
  -4.4917930e-03
  -5.4472670e-03
  -6.5055960e-03
  -7.4079790e-03
  -8.2649770e-03
  -8.7150420e-03
  -8.4449760e-03
  -7.5793030e-03
  -6.2614040e-03
  -4.7791090e-03
  -3.5029160e-03
  -2.3274350e-03
  -1.1985550e-03
  -6.7972320e-05
   1.1298500e-03
   2.3449830e-03
   3.6006170e-03
   4.7403400e-03
   5.6667980e-03
   6.2767040e-03
   6.2059920e-03
   5.4435490e-03
   4.2186300e-03
   2.9385910e-03
   1.8334970e-03
   6.6492750e-04
  -4.9078060e-04
  -1.6295300e-03
  -2.5197010e-03
  -3.3554750e-03
  -3.8960480e-03
  -3.6983670e-03
  -3.0541720e-03
  -2.3172820e-03
  -1.4410860e-03
  -6.3094220e-04
  -1.2512770e-05
   1.6222790e-04
  -3.6993590e-04
  -1.5505740e-03
  -3.1525680e-03
  -5.1720940e-03
  -7.6062530e-03
  -1.0237850e-02
  -1.2904070e-02
  -1.5586340e-02
  -1.8345840e-02
  -2.1141570e-02
  -2.3788890e-02
  -2.6135640e-02
  -2.8274870e-02
  -3.0053480e-02
  -3.1498080e-02
  -3.2608670e-02
  -3.3398210e-02
  -3.4084860e-02
  -3.4749280e-02
  -3.5195230e-02
  -3.5459300e-02
  -3.5607420e-02
  -3.5843410e-02
  -3.6294390e-02
  -3.6969250e-02
  -3.7716580e-02
  -3.8343980e-02
  -3.9005630e-02
  -3.9781410e-02
  -4.0485100e-02
  -4.1248320e-02
  -4.2345120e-02
  -4.3660630e-02
  -4.4993650e-02
  -4.6262960e-02
  -4.7427030e-02
  -4.8524990e-02
  -4.9690870e-02
  -5.0897650e-02
  -5.2000240e-02
  -5.2988570e-02
  -5.3971920e-02
  -5.5044920e-02
  -5.6099760e-02
  -5.7163190e-02
  -5.7979960e-02
  -5.8354370e-02
  -5.8255590e-02
  -5.7612400e-02
  -5.6711390e-02
  -5.5941350e-02
  -5.5042290e-02
  -5.3931370e-02
  -5.2439850e-02
  -5.0528650e-02
  -4.8160130e-02
  -4.5382120e-02
  -4.2072710e-02
  -3.8010060e-02
  -3.3201240e-02
  -2.8127920e-02
  -2.3555880e-02
  -1.9523760e-02
  -1.6122450e-02
  -1.3142430e-02
  -1.0398930e-02
  -7.6627780e-03
  -5.1076610e-03
  -2.4439540e-03
   5.6582960e-04
   3.7508520e-03
   6.9620770e-03
   9.9684400e-03
   1.2906560e-02
   1.5811000e-02
   1.8642140e-02
   2.1345530e-02
   2.3852710e-02
   2.6136090e-02
   2.8294300e-02
   3.0595230e-02
   3.3024430e-02
   3.5195200e-02
   3.6941070e-02
   3.8275720e-02
   3.8911430e-02
   3.8517800e-02
   3.7030630e-02
   3.4571550e-02
   3.1228250e-02
   2.7287320e-02
   2.2900930e-02
   1.7973840e-02
   1.2772770e-02
   7.5290220e-03
   2.7288020e-03
  -1.3647370e-03
  -4.8258980e-03
  -7.6609350e-03
  -9.9109620e-03
  -1.1661780e-02
  -1.3158910e-02
  -1.4621330e-02
  -1.5841170e-02
  -1.6956050e-02
  -1.7863180e-02
  -1.8511740e-02
  -1.9107170e-02
  -1.9853750e-02
  -2.0622260e-02
  -2.0971390e-02
  -2.0714130e-02
  -1.9974340e-02
  -1.8869480e-02
  -1.7440540e-02
  -1.5601200e-02
  -1.3662000e-02
  -1.1564600e-02
  -9.4323780e-03
  -7.4225410e-03
  -5.3197720e-03
  -3.0974840e-03
  -9.8678190e-04
   1.1024350e-03
   3.3239050e-03
   5.4833370e-03
   7.5429080e-03
   9.7525080e-03
   1.2066050e-02
   1.4499720e-02
   1.7410490e-02
   2.0649830e-02
   2.4007430e-02
   2.7632080e-02
   3.1260860e-02
   3.5085680e-02
   3.8984880e-02
   4.2827570e-02
   4.6691040e-02
   5.0383650e-02
   5.4121560e-02
   5.7734620e-02
   6.1417840e-02
   6.5266710e-02
   6.9023100e-02
   7.2676810e-02
   7.6160150e-02
   7.9391010e-02
   8.2611290e-02
   8.5883200e-02
   8.9054350e-02
   9.2017270e-02
   9.4782640e-02
   9.7232160e-02
   9.9230070e-02
   1.0077620e-01
   1.0194060e-01
   1.0260730e-01
   1.0267340e-01
   1.0222380e-01
   1.0117490e-01
   9.9310210e-02
   9.6142000e-02
   9.1592460e-02
   8.5914270e-02
   7.9340490e-02
   7.2341570e-02
   6.5158060e-02
   5.7954760e-02
   5.1015560e-02
   4.4361470e-02
   3.8386750e-02
   3.3047830e-02
   2.8531790e-02
   2.4999600e-02
   2.2125400e-02
   1.9467250e-02
   1.7113350e-02
   1.4904490e-02
   1.2820900e-02
   1.1017590e-02
   9.4021230e-03
   7.9591660e-03
   6.3201300e-03
   4.4683780e-03
   2.7029270e-03
   9.8652270e-04
  -6.0069840e-04
  -1.9382760e-03
  -3.0251750e-03
  -3.8325560e-03
  -4.2311120e-03
  -4.1614590e-03
  -3.4487640e-03
  -2.2729190e-03
  -7.0814940e-04
   1.4290070e-03
   4.2576170e-03
   7.7323100e-03
   1.1723980e-02
   1.5815860e-02
   1.9781720e-02
   2.3518050e-02
   2.6970980e-02
   3.0144590e-02
   3.2840790e-02
   3.4943140e-02
   3.6186290e-02
   3.6023080e-02
   3.4383940e-02
   3.1550970e-02
   2.7927530e-02
   2.3632850e-02
   1.8862590e-02
   1.4292650e-02
   1.0154270e-02
   6.5928390e-03
   3.5319210e-03
   1.0901510e-03
  -8.6307400e-04
  -2.0281220e-03
  -2.4085730e-03
  -2.1297710e-03
  -1.3971350e-03
  -6.8048840e-04
  -5.3798510e-04
  -8.8189080e-04
  -1.7973920e-03
  -3.3280410e-03
  -5.1751390e-03
  -7.1579160e-03
  -9.5435180e-03
  -1.2403490e-02
  -1.5761930e-02
  -1.9751460e-02
  -2.4273210e-02
  -2.8882140e-02
  -3.3309800e-02
  -3.7541680e-02
  -4.1436990e-02
  -4.4870010e-02
  -4.7861530e-02
  -5.0566130e-02
  -5.2945180e-02
  -5.4950550e-02
  -5.6645550e-02
  -5.7823520e-02
  -5.8216490e-02
  -5.7876390e-02
  -5.6867930e-02
  -5.5517430e-02
  -5.4008720e-02
  -5.2385960e-02
  -5.0727430e-02
  -4.9114900e-02
  -4.7379680e-02
  -4.5264730e-02
  -4.2732190e-02
  -4.0142880e-02
  -3.8005540e-02
  -3.6015010e-02
  -3.4013660e-02
  -3.1723380e-02
  -2.9492770e-02
  -2.7367680e-02
  -2.5091420e-02
  -2.2623220e-02
  -2.0259230e-02
  -1.8135680e-02
  -1.6158730e-02
  -1.4281950e-02
  -1.2708220e-02
  -1.1422190e-02
  -1.0414690e-02
  -9.6885560e-03
  -9.0881640e-03
  -8.5168190e-03
  -7.7792200e-03
  -6.8726800e-03
  -6.0244320e-03
  -5.1934660e-03
  -4.4255430e-03
  -4.1051550e-03
  -3.9873020e-03
  -3.9379770e-03
  -3.9786360e-03
  -4.1352920e-03
  -4.4620290e-03
  -4.9606450e-03
  -5.5318150e-03
  -6.0224540e-03
  -6.5071880e-03
  -7.1445720e-03
  -8.0628830e-03
  -9.1491070e-03
  -1.0424450e-02
  -1.1622800e-02
  -1.2546600e-02
  -1.3132060e-02
  -1.3425570e-02
  -1.3201040e-02
  -1.2217740e-02
  -1.0674610e-02
  -8.6828400e-03
  -6.3074930e-03
  -3.7622480e-03
  -9.6746310e-04
   2.0798110e-03
   5.1238360e-03
   8.2225370e-03
   1.0974820e-02
   1.3338860e-02
   1.5289650e-02
   1.6862480e-02
   1.8043960e-02
   1.8627900e-02
   1.8489430e-02
   1.7761380e-02
   1.6651880e-02
   1.5256650e-02
   1.3668520e-02
   1.1907980e-02
   1.0062090e-02
   8.3329650e-03
   6.8043880e-03
   5.5199870e-03
   4.6644080e-03
   4.4131170e-03
   4.9614080e-03
   6.4227770e-03
   8.5563160e-03
   1.1174690e-02
   1.4450740e-02
   1.8247220e-02
   2.2599490e-02
   2.7505450e-02
   3.2753020e-02
   3.7952300e-02
   4.2850950e-02
   4.7224960e-02
   5.1158640e-02
   5.4615710e-02
   5.7645410e-02
   6.0510740e-02
   6.3267640e-02
   6.5916480e-02
   6.8481840e-02
   7.1051540e-02
   7.3730810e-02
   7.6242020e-02
   7.8414730e-02
   8.0241770e-02
   8.1898900e-02
   8.3377470e-02
   8.4498370e-02
   8.5054460e-02
   8.4950030e-02
   8.4409860e-02
   8.3735020e-02
   8.3373820e-02
   8.3616930e-02
   8.4154050e-02
   8.4614930e-02
   8.4473230e-02
   8.3580970e-02
   8.2157570e-02
   8.0280680e-02
   7.8214950e-02
   7.5917250e-02
   7.3403830e-02
   7.0537120e-02
   6.7417880e-02
   6.4156620e-02
   6.0974860e-02
   5.8291540e-02
   5.6151860e-02
   5.4666720e-02
   5.3986100e-02
   5.4069360e-02
   5.4974030e-02
   5.6866950e-02
   5.9603460e-02
   6.2814940e-02
   6.6338840e-02
   6.9977400e-02
   7.3731340e-02
   7.7415510e-02
   8.1067840e-02
   8.4687630e-02
   8.7899580e-02
   9.0935040e-02
   9.3902680e-02
   9.6753810e-02
   9.9405760e-02
   1.0174770e-01
   1.0378730e-01
   1.0608130e-01
   1.0833490e-01
   1.1036480e-01
   1.1158590e-01
   1.1104600e-01
   1.0795220e-01
   1.0208740e-01
   9.3945440e-02
   8.4115100e-02
   7.2939500e-02
   6.1093910e-02
   4.9636450e-02
   3.9294840e-02
   2.9773460e-02
   2.0823250e-02
   1.2485040e-02
   4.8645860e-03
  -2.3261790e-03
  -9.2033590e-03
  -1.6088770e-02
  -2.3069610e-02
  -3.0172680e-02
  -3.7600270e-02
  -4.5553960e-02
  -5.4131360e-02
  -6.3071420e-02
  -7.2024510e-02
  -8.0922330e-02
  -8.9053800e-02
  -9.5991550e-02
  -1.0170100e-01
  -1.0611300e-01
  -1.0941900e-01
  -1.1171190e-01
  -1.1349550e-01
  -1.1491650e-01
  -1.1611940e-01
  -1.1721450e-01
  -1.1833940e-01
  -1.1962470e-01
  -1.2088720e-01
  -1.2199080e-01
  -1.2252380e-01
  -1.2248830e-01
  -1.2172110e-01
  -1.2035300e-01
  -1.1844420e-01
  -1.1574750e-01
  -1.1169960e-01
  -1.0610570e-01
  -9.9368700e-02
  -9.1725530e-02
  -8.3359080e-02
  -7.4391470e-02
  -6.5346810e-02
  -5.6343190e-02
  -4.7719010e-02
  -3.9819090e-02
  -3.2804480e-02
  -2.6751880e-02
  -2.1790050e-02
  -1.7893330e-02
  -1.4875660e-02
  -1.2310460e-02
  -9.8865500e-03
  -7.8239260e-03
  -6.1670400e-03
  -4.8821550e-03
  -4.0971040e-03
  -3.5429190e-03
  -3.0991430e-03
  -2.9042260e-03
  -2.8126680e-03
  -2.8636760e-03
  -3.2106860e-03
  -4.0055340e-03
  -5.2970900e-03
  -6.9823270e-03
  -9.1222690e-03
  -1.1766300e-02
  -1.5073350e-02
  -1.8908560e-02
  -2.3072730e-02
  -2.7555360e-02
  -3.2103030e-02
  -3.6899650e-02
  -4.2650770e-02
  -4.9365000e-02
  -5.6763300e-02
  -6.4960700e-02
  -7.3947020e-02
  -8.3273920e-02
  -9.2302330e-02
  -1.0073670e-01
  -1.0846830e-01
  -1.1532120e-01
  -1.2136000e-01
  -1.2676450e-01
  -1.3142690e-01
  -1.3525780e-01
  -1.3847330e-01
  -1.4129940e-01
  -1.4360590e-01
  -1.4520800e-01
  -1.4606570e-01
  -1.4619330e-01
  -1.4532240e-01
  -1.4360370e-01
  -1.4109630e-01
  -1.3771830e-01
  -1.3318670e-01
  -1.2732180e-01
  -1.2021090e-01
  -1.1244800e-01
  -1.0408290e-01
  -9.5366440e-02
  -8.6943600e-02
  -7.9403300e-02
  -7.2943710e-02
  -6.7262740e-02
  -6.2081510e-02
  -5.8046310e-02
  -5.4822120e-02
  -5.2143170e-02
  -4.9881090e-02
  -4.8240540e-02
  -4.7317530e-02
  -4.7072180e-02
  -4.7751390e-02
  -4.9059820e-02
  -5.0419400e-02
  -5.1816410e-02
  -5.2862910e-02
  -5.3368050e-02
  -5.3318800e-02
  -5.2770010e-02
  -5.1737040e-02
  -5.0353020e-02
  -4.8777490e-02
  -4.6944060e-02
  -4.5058090e-02
  -4.2959630e-02
  -4.0568940e-02
  -3.7903810e-02
  -3.4607700e-02
  -3.0192300e-02
  -2.4661000e-02
  -1.8067230e-02
  -1.0183970e-02
  -9.1783410e-04
   9.6393790e-03
   2.1259450e-02
   3.2560660e-02
   4.1570080e-02
   4.8955350e-02
   5.5719340e-02
   6.1912990e-02
   6.7547250e-02
   7.2803300e-02
   7.7296860e-02
   8.0992200e-02
   8.4020550e-02
   8.6766960e-02
   8.9103640e-02
   9.0800560e-02
   9.1803120e-02
   9.1800250e-02
   9.0637680e-02
   8.8273200e-02
   8.4815130e-02
   7.9892370e-02
   7.3307250e-02
   6.5656050e-02
   5.7861990e-02
   4.9946040e-02
   4.2570360e-02
   3.6094290e-02
   3.0662380e-02
   2.6255910e-02
   2.2371520e-02
   1.9120840e-02
   1.6149060e-02
   1.3358440e-02
   1.0545470e-02
   7.3784540e-03
   3.9137430e-03
  -1.8376480e-04
  -4.9609960e-03
  -1.0035250e-02
  -1.5294830e-02
  -2.0081590e-02
  -2.4415590e-02
  -2.8409440e-02
  -3.1972570e-02
  -3.5155960e-02
  -3.8059730e-02
  -4.0512340e-02
  -4.2202120e-02
  -4.2924890e-02
  -4.2392190e-02
  -4.0974780e-02
  -3.9026630e-02
  -3.6766410e-02
  -3.4261510e-02
  -3.1356530e-02
  -2.7876460e-02
  -2.4365900e-02
  -2.0887050e-02
  -1.7487080e-02
  -1.4114700e-02
  -1.0906820e-02
  -8.0783530e-03
  -5.6070500e-03
  -3.5271530e-03
  -1.7216240e-03
   9.6523990e-05
   1.6695660e-03
   3.2167220e-03
   4.8797160e-03
   6.8894680e-03
   9.0512050e-03
   1.1471860e-02
   1.4239600e-02
   1.7282750e-02
   2.0492070e-02
   2.3714840e-02
   2.6863000e-02
   3.0108200e-02
   3.3478350e-02
   3.6852550e-02
   4.0442290e-02
   4.4151620e-02
   4.7588120e-02
   5.0651390e-02
   5.3390530e-02
   5.5664370e-02
   5.7375180e-02
   5.8629650e-02
   5.9646910e-02
   6.0554530e-02
   6.1109940e-02
   6.1247160e-02
   6.1042110e-02
   6.0367640e-02
   5.9156730e-02
   5.7536900e-02
   5.5452730e-02
   5.2680670e-02
   4.9167210e-02
   4.5274950e-02
   4.1440150e-02
   3.7432070e-02
   3.3496760e-02
   2.9859600e-02
   2.6579300e-02
   2.3626200e-02
   2.0607570e-02
   1.7414810e-02
   1.4161330e-02
   1.0774190e-02
   7.3058150e-03
   3.5751650e-03
  -1.7214690e-05
  -3.4284780e-03
  -6.9927580e-03
  -1.0863140e-02
  -1.4897700e-02
  -1.8840320e-02
  -2.2766980e-02
  -2.6517520e-02
  -2.9715790e-02
  -3.2646930e-02
  -3.5328660e-02
  -3.7626270e-02
  -3.9498320e-02
  -4.0999470e-02
  -4.1960600e-02
  -4.2076300e-02
  -4.1245270e-02
  -3.9781720e-02
  -3.7923190e-02
  -3.5762270e-02
  -3.3361610e-02
  -3.0416360e-02
  -2.7124920e-02
  -2.3962580e-02
  -2.0959590e-02
  -1.8280490e-02
  -1.5901820e-02
  -1.3423680e-02
  -1.0733520e-02
  -7.6595580e-03
  -4.3980570e-03
  -9.1521090e-04
   2.9933930e-03
   7.2310440e-03
   1.1383230e-02
   1.5365910e-02
   1.9570480e-02
   2.4047130e-02
   2.8313140e-02
   3.2351160e-02
   3.6134710e-02
   3.9650220e-02
   4.2788620e-02
   4.5543390e-02
   4.7905190e-02
   5.0191170e-02
   5.2452220e-02
   5.4606780e-02
   5.6651510e-02
   5.8333260e-02
   5.9645390e-02
   6.0650110e-02
   6.1326170e-02
   6.1633850e-02
   6.1760780e-02
   6.1647140e-02
   6.1100900e-02
   5.9966120e-02
   5.8287480e-02
   5.6414910e-02
   5.4179380e-02
   5.1563560e-02
   4.8556600e-02
   4.5373400e-02
   4.2235940e-02
   3.8912130e-02
   3.5339700e-02
   3.1607040e-02
   2.7625070e-02
   2.3547390e-02
   1.9380330e-02
   1.5222140e-02
   1.1116760e-02
   7.2870500e-03
   3.9734960e-03
   1.1976930e-03
  -1.1012690e-03
  -2.9582170e-03
  -4.5472800e-03
  -5.8630760e-03
  -6.9016690e-03
  -7.8394800e-03
  -8.6710570e-03
  -9.5745190e-03
  -1.0466430e-02
  -1.1368780e-02
  -1.2209470e-02
  -1.3139880e-02
  -1.4169330e-02
  -1.5465240e-02
  -1.7265640e-02
  -1.9444840e-02
  -2.1834270e-02
  -2.4415480e-02
  -2.6883590e-02
  -2.9114460e-02
  -3.1163190e-02
  -3.2956500e-02
  -3.4535520e-02
  -3.5789960e-02
  -3.6617920e-02
  -3.7087220e-02
  -3.6853120e-02
  -3.6162470e-02
  -3.5469010e-02
  -3.4709730e-02
  -3.3740380e-02
  -3.2697130e-02
  -3.1317260e-02
  -2.9533120e-02
  -2.7739850e-02
  -2.5901520e-02
  -2.4130950e-02
  -2.2358190e-02
  -2.0476840e-02
  -1.8549750e-02
  -1.6633930e-02
  -1.4601550e-02
  -1.2511020e-02
  -1.0241610e-02
  -7.7912080e-03
  -5.0084530e-03
  -1.9313120e-03
   1.4434330e-03
   5.0668360e-03
   8.6232140e-03
   1.1630440e-02
   1.3950210e-02
   1.5679490e-02
   1.6983370e-02
   1.7941140e-02
   1.8566730e-02
   1.8841610e-02
   1.8622180e-02
   1.7861300e-02
   1.6547570e-02
   1.4893780e-02
   1.2979590e-02
   1.0920360e-02
   8.6896480e-03
   6.3455380e-03
   4.2571170e-03
   2.4652470e-03
   6.8926900e-04
  -1.1611740e-03
  -3.2195970e-03
  -5.6553110e-03
  -8.8923680e-03
  -1.2950810e-02
  -1.7695640e-02
  -2.2929230e-02
  -2.8641960e-02
  -3.4600140e-02
  -4.0623510e-02
  -4.6474500e-02
  -5.1783130e-02
  -5.6578720e-02
  -6.0980940e-02
  -6.4868220e-02
  -6.8180780e-02
  -7.0957070e-02
  -7.3290310e-02
  -7.5189250e-02
  -7.6681040e-02
  -7.7676250e-02
  -7.8025940e-02
  -7.7850710e-02
  -7.7239980e-02
  -7.6242110e-02
  -7.4890900e-02
  -7.2953440e-02
  -7.0495570e-02
  -6.7837450e-02
  -6.5011770e-02
  -6.1905630e-02
  -5.8375440e-02
  -5.4363760e-02
  -5.0014440e-02
  -4.5468000e-02
  -4.1388700e-02
  -3.7250920e-02
  -3.2866110e-02
  -2.8664990e-02
  -2.4524260e-02
  -2.0352750e-02
  -1.6241740e-02
  -1.2249740e-02
  -8.1797450e-03
  -4.2853970e-03
  -7.9678920e-04
   2.0257530e-03
   3.8080930e-03
   4.3994890e-03
   3.9908300e-03
   2.9545510e-03
   1.5172980e-03
  -1.6987740e-04
  -2.0302330e-03
  -3.7086830e-03
  -5.1774930e-03
  -6.6500490e-03
  -7.9770790e-03
  -8.9949200e-03
  -9.7161800e-03
  -9.8486420e-03
  -9.3717770e-03
  -8.5433510e-03
  -7.3684480e-03
  -5.9137860e-03
  -4.1771710e-03
  -2.0932890e-03
   3.3282970e-04
   3.1353180e-03
   6.2139420e-03
   9.3975380e-03
   1.2498170e-02
   1.5412210e-02
   1.8331020e-02
   2.1396000e-02
   2.4717430e-02
   2.8327930e-02
   3.2065190e-02
   3.5749870e-02
   3.9473070e-02
   4.3089740e-02
   4.6197590e-02
   4.9134500e-02
   5.2039800e-02
   5.4935650e-02
   5.7873740e-02
   6.0850300e-02
   6.3844670e-02
   6.6762890e-02
   6.9528070e-02
   7.2391570e-02
   7.5238540e-02
   7.7906460e-02
   8.0283360e-02
   8.2278300e-02
   8.3945620e-02
   8.5160610e-02
   8.6053240e-02
   8.6258130e-02
   8.5604050e-02
   8.4337010e-02
   8.2437700e-02
   7.9675030e-02
   7.5946900e-02
   7.1360090e-02
   6.6183260e-02
   6.0403720e-02
   5.4199940e-02
   4.7709710e-02
   4.1207470e-02
   3.4941210e-02
   2.8904830e-02
   2.3368570e-02
   1.8695670e-02
   1.4877620e-02
   1.2248210e-02
   1.0923660e-02
   1.0874820e-02
   1.2128240e-02
   1.4065940e-02
   1.6375630e-02
   1.8983220e-02
   2.1975990e-02
   2.5520260e-02
   2.9286570e-02
   3.2978660e-02
   3.6261160e-02
   3.9302990e-02
   4.2102710e-02
   4.4464290e-02
   4.6222970e-02
   4.7324830e-02
   4.7659240e-02
   4.7188210e-02
   4.6187810e-02
   4.5044600e-02
   4.4170570e-02
   4.3881940e-02
   4.4717810e-02
   4.6327180e-02
   4.8354940e-02
   5.0547300e-02
   5.2417010e-02
   5.3782620e-02
   5.4751160e-02
   5.5165880e-02
   5.4915140e-02
   5.4063690e-02
   5.2566020e-02
   5.0400900e-02
   4.7113650e-02
   4.2551410e-02
   3.6582420e-02
   2.9183880e-02
   2.0869830e-02
   1.2331310e-02
   4.1683500e-03
  -3.2965110e-03
  -1.0556050e-02
  -1.7851430e-02
  -2.4791560e-02
  -3.1231470e-02
  -3.7260710e-02
  -4.2684340e-02
  -4.7532320e-02
  -5.1410010e-02
  -5.4255770e-02
  -5.6378090e-02
  -5.8056490e-02
  -5.9637860e-02
  -6.0865780e-02
  -6.1762150e-02
  -6.2312120e-02
  -6.2159000e-02
  -6.1182360e-02
  -5.9228200e-02
  -5.6424590e-02
  -5.2882330e-02
  -4.8566400e-02
  -4.4038980e-02
  -3.9153720e-02
  -3.3793790e-02
  -2.8114710e-02
  -2.2237090e-02
  -1.6730990e-02
  -1.1653450e-02
  -7.0335610e-03
  -3.0759150e-03
  -1.0333200e-04
   2.2017240e-03
   4.3226010e-03
   6.1581290e-03
   7.6712670e-03
   9.2015930e-03
   1.0583520e-02
   1.2010870e-02
   1.3493960e-02
   1.5002560e-02
   1.6311410e-02
   1.7202370e-02
   1.7945470e-02
   1.8490320e-02
   1.8769640e-02
   1.8864320e-02
   1.8764340e-02
   1.8361300e-02
   1.7584840e-02
   1.6487330e-02
   1.5071470e-02
   1.3619500e-02
   1.2020680e-02
   1.0668150e-02
   1.0028950e-02
   1.0136460e-02
   1.1160310e-02
   1.2901480e-02
   1.5285020e-02
   1.7906650e-02
   2.0468250e-02
   2.2916220e-02
   2.5316090e-02
   2.7710150e-02
   2.9961560e-02
   3.2079890e-02
   3.3802790e-02
   3.5004820e-02
   3.5369690e-02
   3.4620110e-02
   3.2916070e-02
   3.0715810e-02
   2.8386300e-02
   2.6038060e-02
   2.3854440e-02
   2.1700310e-02
   1.9155930e-02
   1.6145850e-02
   1.2908100e-02
   9.6359560e-03
   6.2985460e-03
   2.9125900e-03
  -3.6649060e-04
  -3.6594650e-03
  -6.8435290e-03
  -9.6013180e-03
  -1.1946420e-02
  -1.3922060e-02
  -1.5556770e-02
  -1.6831050e-02
  -1.7847130e-02
  -1.8707470e-02
  -1.9532700e-02
  -1.9999280e-02
  -1.9887240e-02
  -1.9305540e-02
  -1.8261420e-02
  -1.6876420e-02
  -1.4986220e-02
  -1.2328890e-02
  -8.8245500e-03
  -4.8549090e-03
  -9.9726950e-04
   2.7920610e-03
   6.2245710e-03
   9.1183500e-03
   1.1191500e-02
   1.1956970e-02
   1.1064430e-02
   8.2418120e-03
   3.7361190e-03
  -1.9965760e-03
  -8.5441220e-03
  -1.5580510e-02
  -2.2519540e-02
  -2.8771620e-02
  -3.4163540e-02
  -3.8754720e-02
  -4.2572060e-02
  -4.5417470e-02
  -4.7298850e-02
  -4.7958700e-02
  -4.6960900e-02
  -4.4583300e-02
  -4.1547350e-02
  -3.7768780e-02
  -3.2749320e-02
  -2.6339280e-02
  -1.8696570e-02
  -1.0487140e-02
  -1.9401320e-03
   6.5537720e-03
   1.4604730e-02
   2.1832590e-02
   2.7573870e-02
   3.2085380e-02
   3.5726100e-02
   3.8484020e-02
   4.0773450e-02
   4.3041240e-02
   4.5300360e-02
   4.7610380e-02
   4.9944020e-02
   5.2094330e-02
   5.4009640e-02
   5.5708360e-02
   5.6706390e-02
   5.7011060e-02
   5.6641220e-02
   5.5775880e-02
   5.4659430e-02
   5.3268340e-02
   5.1532410e-02
   4.9380800e-02
   4.6954780e-02
   4.4095010e-02
   4.0899290e-02
   3.7359940e-02
   3.3179250e-02
   2.8181870e-02
   2.2650120e-02
   1.6544310e-02
   1.0126650e-02
   3.7894740e-03
  -2.2261640e-03
  -7.5301280e-03
  -1.2100840e-02
  -1.5990980e-02
  -1.9344610e-02
  -2.2329540e-02
  -2.4966920e-02
  -2.7575690e-02
  -2.9984890e-02
  -3.2107750e-02
  -3.4030830e-02
  -3.5620660e-02
  -3.6990720e-02
  -3.8027710e-02
  -3.8307710e-02
  -3.7498700e-02
  -3.5419570e-02
  -3.2010350e-02
  -2.7208250e-02
  -2.1217660e-02
  -1.4578580e-02
  -7.4050370e-03
  -4.1174160e-04
   6.2125530e-03
   1.2374610e-02
   1.7804740e-02
   2.2396240e-02
   2.6216990e-02
   2.9659380e-02
   3.2964530e-02
   3.6048570e-02
   3.8957780e-02
   4.1811310e-02
   4.4634490e-02
   4.7478060e-02
   5.0351030e-02
   5.2972420e-02
   5.5255400e-02
   5.7265100e-02
   5.8666260e-02
   5.9304590e-02
   5.9224270e-02
   5.8501650e-02
   5.7108710e-02
   5.5149720e-02
   5.2581850e-02
   4.9483920e-02
   4.5978070e-02
   4.2130410e-02
   3.7784920e-02
   3.3356100e-02
   2.8780920e-02
   2.3928960e-02
   1.8464180e-02
   1.2629350e-02
   6.4739040e-03
  -1.3800990e-05
  -6.6184780e-03
  -1.3310240e-02
  -2.0221170e-02
  -2.7016380e-02
  -3.3178890e-02
  -3.8428950e-02
  -4.2509190e-02
  -4.5404200e-02
  -4.7471490e-02
  -4.8806090e-02
  -4.9387570e-02
  -4.9137130e-02
  -4.8248630e-02
  -4.7364640e-02
  -4.6350320e-02
  -4.5231940e-02
  -4.3930620e-02
  -4.2620230e-02
  -4.1539520e-02
  -4.0830510e-02
  -4.0563590e-02
  -4.0815830e-02
  -4.1432240e-02
  -4.2119520e-02
  -4.2937890e-02
  -4.3822040e-02
  -4.4722090e-02
  -4.5644310e-02
  -4.6794980e-02
  -4.8067330e-02
  -4.9351860e-02
  -5.0565690e-02
  -5.1986240e-02
  -5.3926150e-02
  -5.6142980e-02
  -5.8445140e-02
  -6.0946240e-02
  -6.3342450e-02
  -6.5559530e-02
  -6.7815970e-02
  -6.9883360e-02
  -7.1595790e-02
  -7.3132290e-02
  -7.4409340e-02
  -7.5230250e-02
  -7.5462990e-02
  -7.5175860e-02
  -7.4606950e-02
  -7.3975380e-02
  -7.3240670e-02
  -7.2491680e-02
  -7.1663090e-02
  -7.0943270e-02
  -7.0175670e-02
  -6.9161240e-02
  -6.8049170e-02
  -6.6705330e-02
  -6.5083530e-02
  -6.3328510e-02
  -6.1231010e-02
  -5.9065200e-02
  -5.6730350e-02
  -5.3983390e-02
  -5.1055560e-02
  -4.8263970e-02
  -4.5840680e-02
  -4.3539630e-02
  -4.1439110e-02
  -3.9326760e-02
  -3.6710450e-02
  -3.3763980e-02
  -3.0596200e-02
  -2.7274680e-02
  -2.3985160e-02
  -2.0703540e-02
  -1.7416650e-02
  -1.4243170e-02
  -1.0976510e-02
  -7.6020970e-03
  -4.3610390e-03
  -1.6602570e-03
   4.6375680e-04
   2.3550240e-03
   3.8706450e-03
   4.9446360e-03
   5.6144650e-03
   5.4942580e-03
   4.5242700e-03
   3.1472320e-03
   2.0607350e-03
   1.7239580e-03
   2.2810880e-03
   3.5840690e-03
   5.3563890e-03
   7.2031510e-03
   9.1346270e-03
   1.1630110e-02
   1.4524700e-02
   1.7921450e-02
   2.1685750e-02
   2.5223290e-02
   2.8516470e-02
   3.1446780e-02
   3.4151330e-02
   3.6734090e-02
   3.9300400e-02
   4.2032360e-02
   4.4650920e-02
   4.6977150e-02
   4.8953840e-02
   5.0686320e-02
   5.2239550e-02
   5.3934750e-02
   5.5445930e-02
   5.6338800e-02
   5.6492970e-02
   5.6144200e-02
   5.5486950e-02
   5.4682570e-02
   5.3709180e-02
   5.2809220e-02
   5.1889290e-02
   5.0859860e-02
   4.9585260e-02
   4.8193940e-02
   4.6732840e-02
   4.5176130e-02
   4.3552840e-02
   4.1907750e-02
   4.0239960e-02
   3.8490190e-02
   3.7014840e-02
   3.5844230e-02
   3.4942120e-02
   3.4236740e-02
   3.3642160e-02
   3.3126790e-02
   3.2667050e-02
   3.1991530e-02
   3.1041050e-02
   2.9863420e-02
   2.8508310e-02
   2.7121750e-02
   2.5750340e-02
   2.4387160e-02
   2.2975060e-02
   2.1411760e-02
   1.9580420e-02
   1.7430190e-02
   1.5084050e-02
   1.2776580e-02
   1.0471030e-02
   8.3014170e-03
   6.7129680e-03
   5.3976710e-03
   4.2303340e-03
   3.1565050e-03
   2.0482210e-03
   1.1443650e-03
   6.9047370e-04
   1.1099860e-03
   2.2200260e-03
   3.7917470e-03
   5.6686280e-03
   7.7323360e-03
   1.0145750e-02
   1.2585780e-02
   1.5038070e-02
   1.7692330e-02
   2.0360340e-02
   2.2958280e-02
   2.5501650e-02
   2.8058410e-02
   3.0437940e-02
   3.2452130e-02
   3.4152060e-02
   3.5735550e-02
   3.7247190e-02
   3.8957120e-02
   4.0806040e-02
   4.2559390e-02
   4.4372860e-02
   4.6194010e-02
   4.7822690e-02
   4.9340880e-02
   5.0823410e-02
   5.2257050e-02
   5.3592900e-02
   5.4755030e-02
   5.5673890e-02
   5.6370110e-02
   5.6955080e-02
   5.7158000e-02
   5.6731700e-02
   5.5936020e-02
   5.4868440e-02
   5.3785280e-02
   5.2772750e-02
   5.1930550e-02
   5.1224070e-02
   5.0596400e-02
   5.0346000e-02
   5.0438800e-02
   5.0751060e-02
   5.1320610e-02
   5.2160660e-02
   5.3239140e-02
   5.4654470e-02
   5.6003460e-02
   5.6777240e-02
   5.6840070e-02
   5.6190140e-02
   5.4761610e-02
   5.2651760e-02
   5.0023290e-02
   4.6845600e-02
   4.3129500e-02
   3.8966110e-02
   3.4669290e-02
   3.0434390e-02
   2.6463710e-02
   2.2980090e-02
   2.0090330e-02
   1.7693450e-02
   1.5818020e-02
   1.4383770e-02
   1.3302150e-02
   1.2563940e-02
   1.2015790e-02
   1.1346490e-02
   1.0294700e-02
   8.5766550e-03
   6.3266200e-03
   3.7894720e-03
   8.3547180e-04
  -2.6209500e-03
  -6.2841960e-03
  -9.7201480e-03
  -1.2713730e-02
  -1.5425040e-02
  -1.8166720e-02
  -2.0839820e-02
  -2.3383820e-02
  -2.5827600e-02
  -2.8203860e-02
  -3.0186010e-02
  -3.1693490e-02
  -3.2968490e-02
  -3.3946430e-02
  -3.4926620e-02
  -3.5823130e-02
  -3.6505600e-02
  -3.6702730e-02
  -3.6139210e-02
  -3.5343110e-02
  -3.4485760e-02
  -3.3548490e-02
  -3.2733360e-02
  -3.2307400e-02
  -3.2414770e-02
  -3.2799880e-02
  -3.3287600e-02
  -3.3829230e-02
  -3.4481230e-02
  -3.5111070e-02
  -3.5824150e-02
  -3.6576150e-02
  -3.7457590e-02
  -3.8509910e-02
  -3.9635750e-02
  -4.0804040e-02
  -4.2110430e-02
  -4.3587640e-02
  -4.5138090e-02
  -4.6572850e-02
  -4.7422370e-02
  -4.7258650e-02
  -4.6275420e-02
  -4.4760110e-02
  -4.2945980e-02
  -4.0797320e-02
  -3.8406270e-02
  -3.6024030e-02
  -3.3614000e-02
  -3.1235620e-02
  -2.9022180e-02
  -2.6943990e-02
  -2.5254660e-02
  -2.3915600e-02
  -2.2913410e-02
  -2.2286010e-02
  -2.2141310e-02
  -2.2415810e-02
  -2.3155870e-02
  -2.4313180e-02
  -2.5507910e-02
  -2.6332360e-02
  -2.6506420e-02
  -2.5890270e-02
  -2.4403620e-02
  -2.2529360e-02
  -2.0869590e-02
  -1.9573810e-02
  -1.8436030e-02
  -1.7757910e-02
  -1.7703980e-02
  -1.8128650e-02
  -1.8887220e-02
  -1.9784000e-02
  -2.0889370e-02
  -2.2131470e-02
  -2.3582280e-02
  -2.5078780e-02
  -2.6792450e-02
  -2.8486350e-02
  -3.0234700e-02
  -3.2063250e-02
  -3.4098460e-02
  -3.6038930e-02
  -3.7755900e-02
  -3.9093900e-02
  -4.0055710e-02
  -4.0691560e-02
  -4.1113320e-02
  -4.1261940e-02
  -4.1324620e-02
  -4.1390250e-02
  -4.1421050e-02
  -4.1391810e-02
  -4.1218570e-02
  -4.0862360e-02
  -4.0342070e-02
  -3.9821950e-02
  -3.9270720e-02
  -3.8771540e-02
  -3.8546230e-02
  -3.8374180e-02
  -3.8049090e-02
  -3.7763300e-02
  -3.7337920e-02
  -3.6671520e-02
  -3.5866480e-02
  -3.5060570e-02
  -3.4372040e-02
  -3.3833270e-02
  -3.3173860e-02
  -3.2405490e-02
  -3.1658090e-02
  -3.1014770e-02
  -3.0571080e-02
  -3.0553090e-02
  -3.0880610e-02
  -3.1541250e-02
  -3.2469170e-02
  -3.3670970e-02
  -3.5008340e-02
  -3.6410930e-02
  -3.7908680e-02
  -3.9543500e-02
  -4.1345870e-02
  -4.3254290e-02
  -4.5118670e-02
  -4.7121520e-02
  -4.9251630e-02
  -5.1514640e-02
  -5.3948310e-02
  -5.6655180e-02
  -5.9440550e-02
  -6.2220850e-02
  -6.5002730e-02
  -6.7792400e-02
  -7.0647640e-02
  -7.3620250e-02
  -7.6619300e-02
  -7.9292800e-02
  -8.1566360e-02
  -8.3400010e-02
  -8.4885800e-02
  -8.5975720e-02
  -8.6752250e-02
  -8.7027040e-02
  -8.6799110e-02
  -8.6050320e-02
  -8.4765290e-02
  -8.3118130e-02
  -8.1389080e-02
  -7.9886140e-02
  -7.8849330e-02
  -7.8591480e-02
  -7.9237100e-02
  -8.0437390e-02
  -8.1644330e-02
  -8.2468890e-02
  -8.2538850e-02
  -8.1517360e-02
  -7.8844240e-02
  -7.3957920e-02
  -6.6666240e-02
  -5.7533160e-02
  -4.7483070e-02
  -3.7351700e-02
  -2.7627910e-02
  -1.8842040e-02
  -1.1351780e-02
  -4.5688940e-03
   1.9854120e-03
   8.0175050e-03
   1.3145180e-02
   1.7390200e-02
   2.0944600e-02
   2.3874450e-02
   2.6462130e-02
   2.8894420e-02
   3.1048400e-02
   3.2463870e-02
   3.2911070e-02
   3.2535760e-02
   3.1488530e-02
   2.9939500e-02
   2.7993790e-02
   2.5751580e-02
   2.3395070e-02
   2.1069720e-02
   1.9385970e-02
   1.8952150e-02
   1.9944240e-02
   2.2274630e-02
   2.5449590e-02
   2.9429730e-02
   3.4450850e-02
   4.0312240e-02
   4.6669310e-02
   5.3208710e-02
   5.9377030e-02
   6.4886610e-02
   6.9495370e-02
   7.2816030e-02
   7.4608930e-02
   7.4526400e-02
   7.2349660e-02
   6.7964840e-02
   6.1338180e-02
   5.2724500e-02
   4.2728690e-02
   3.2024340e-02
   2.1322360e-02
   1.1126370e-02
   2.1744770e-03
  -5.1086550e-03
  -1.0561120e-02
  -1.4236410e-02
  -1.6616060e-02
  -1.8197080e-02
  -1.8884470e-02
  -1.8819230e-02
  -1.8350350e-02
  -1.7854040e-02
  -1.7350670e-02
  -1.6943960e-02
  -1.6499630e-02
  -1.5744130e-02
  -1.4386640e-02
  -1.2379310e-02
  -9.6725350e-03
  -6.4777490e-03
  -2.6195740e-03
   2.1397030e-03
   7.8838950e-03
   1.4654280e-02
   2.2618350e-02
   3.1628990e-02
   4.1304260e-02
   5.1292500e-02
   6.1350670e-02
   7.1296240e-02
   8.0900140e-02
   8.9941670e-02
   9.8302880e-02
   1.0615290e-01
   1.1352690e-01
   1.2015330e-01
   1.2591270e-01
   1.3046860e-01
   1.3376540e-01
   1.3616590e-01
   1.3800310e-01
   1.3943010e-01
   1.4003640e-01
   1.3917890e-01
   1.3569330e-01
   1.2776550e-01
   1.1381980e-01
   9.3270620e-02
   6.7695040e-02
   4.1494860e-02
   1.7842930e-02
  -1.0500140e-03
  -1.4293660e-02
  -2.1584030e-02
  -2.2040760e-02
  -1.6318220e-02
  -6.3182120e-03
   6.1151750e-03
   2.0342230e-02
   3.5613740e-02
   5.1111520e-02
   6.5807810e-02
   7.8899770e-02
   9.0135510e-02
   9.8948190e-02
   1.0543410e-01
   1.0987520e-01
   1.1283930e-01
   1.1497770e-01
   1.1573550e-01
   1.1355810e-01
   1.0572860e-01
   8.9946060e-02
   6.5334170e-02
   3.4051700e-02
   2.2457650e-03
  -2.5461080e-02
  -4.6890880e-02
  -6.2974520e-02
  -7.6132290e-02
  -8.7304340e-02
  -9.6354070e-02
  -1.0295380e-01
  -1.0639060e-01
  -1.0626230e-01
  -1.0254190e-01
  -9.5246140e-02
  -8.4487640e-02
  -7.0442660e-02
  -5.3893190e-02
  -3.6527550e-02
  -2.0913620e-02
  -7.8807490e-03
   2.0445050e-03
   8.3201040e-03
   1.1123880e-02
   1.1187450e-02
   9.2072110e-03
   5.8472990e-03
   1.6379560e-03
  -2.8486650e-03
  -7.2148030e-03
  -1.1122870e-02
  -1.4698550e-02
  -1.8223730e-02
  -2.2163730e-02
  -2.6694460e-02
  -3.1782110e-02
  -3.7875380e-02
  -4.4677780e-02
  -5.1894870e-02
  -5.9277440e-02
  -6.6934210e-02
  -7.4630510e-02
  -8.2376000e-02
  -8.9972250e-02
  -9.7141670e-02
  -1.0377460e-01
  -1.1004920e-01
  -1.1593760e-01
  -1.2197200e-01
  -1.2809240e-01
  -1.3401530e-01
  -1.3970990e-01
  -1.4494730e-01
  -1.4932730e-01
  -1.5219060e-01
  -1.5253990e-01
  -1.4965120e-01
  -1.4349030e-01
  -1.3348770e-01
  -1.1906030e-01
  -1.0021170e-01
  -7.8323920e-02
  -5.5929140e-02
  -3.4964930e-02
  -1.7107460e-02
  -3.3651680e-03
   6.9791300e-03
   1.4641580e-02
   2.0037030e-02
   2.3274050e-02
   2.4437000e-02
   2.3583610e-02
   2.1148370e-02
   1.7757630e-02
   1.3919800e-02
   9.8432920e-03
   5.7536060e-03
   1.7336480e-03
  -2.2195930e-03
  -6.0171850e-03
  -9.4302120e-03
  -1.1939520e-02
  -1.2939830e-02
  -1.2374170e-02
  -1.0044370e-02
  -5.8437280e-03
   2.4290000e-04
   8.2670720e-03
   1.8298170e-02
   2.9765880e-02
   4.1612160e-02
   5.3159690e-02
   6.4268210e-02
   7.4761410e-02
   8.4359020e-02
   9.2654920e-02
   9.9481100e-02
   1.0463790e-01
   1.0770940e-01
   1.0816170e-01
   1.0574460e-01
   1.0012280e-01
   9.1137890e-02
   7.9419710e-02
   6.5262150e-02
   4.9384540e-02
   3.3120130e-02
   1.7947860e-02
   4.7570370e-03
  -5.5522450e-03
  -1.2427600e-02
  -1.6057510e-02
  -1.6559190e-02
  -1.4431090e-02
  -9.9772060e-03
  -3.6916200e-03
   3.8976620e-03
   1.2453460e-02
   2.1962830e-02
   3.1987680e-02
   4.1943210e-02
   5.1327420e-02
   5.9592890e-02
   6.6422190e-02
   7.1925440e-02
   7.6091930e-02
   7.9082750e-02
   8.1097530e-02
   8.2058570e-02
   8.1562220e-02
   7.9707180e-02
   7.6903440e-02
   7.3278040e-02
   6.8790330e-02
   6.3541800e-02
   5.7587530e-02
   5.1059830e-02
   4.4507540e-02
   3.8487360e-02
   3.3714570e-02
   3.0142710e-02
   2.7801400e-02
   2.6950750e-02
   2.7275040e-02
   2.8304090e-02
   2.9518400e-02
   3.0825350e-02
   3.1985510e-02
   3.2800710e-02
   3.3147170e-02
   3.2755410e-02
   3.1931830e-02
   3.0970830e-02
   2.9911110e-02
   2.8613920e-02
   2.7255990e-02
   2.5890060e-02
   2.4502460e-02
   2.3092720e-02
   2.1664970e-02
   2.0395980e-02
   1.9595760e-02
   1.9243770e-02
   1.9525760e-02
   2.0325890e-02
   2.1466350e-02
   2.2755350e-02
   2.3863410e-02
   2.4870990e-02
   2.5979390e-02
   2.7011190e-02
   2.7901120e-02
   2.8375550e-02
   2.8148210e-02
   2.7270470e-02
   2.5731860e-02
   2.3543310e-02
   2.0680520e-02
   1.7336710e-02
   1.3673350e-02
   9.9610060e-03
   6.4882630e-03
   3.2097760e-03
   1.9814150e-04
  -2.4306990e-03
  -5.3864970e-03
  -8.9538060e-03
  -1.3032620e-02
  -1.7576110e-02
  -2.2198080e-02
  -2.6820780e-02
  -3.1068210e-02
  -3.4671260e-02
  -3.7360730e-02
  -3.8973070e-02
  -3.9264370e-02
  -3.8111910e-02
  -3.5686260e-02
  -3.2150090e-02
  -2.7883220e-02
  -2.3237400e-02
  -1.8438910e-02
  -1.3865100e-02
  -1.0080800e-02
  -7.2659240e-03
  -5.5069220e-03
  -4.6912760e-03
  -4.7502280e-03
  -5.5662200e-03
  -7.0705470e-03
  -9.1444910e-03
  -1.1733790e-02
  -1.4599450e-02
  -1.7493310e-02
  -2.0216270e-02
  -2.2519140e-02
  -2.4204240e-02
  -2.5237320e-02
  -2.5552960e-02
  -2.5146430e-02
  -2.4120190e-02
  -2.2460780e-02
  -2.0463610e-02
  -1.8353790e-02
  -1.5990440e-02
  -1.3403940e-02
  -1.0618900e-02
  -7.7674460e-03
  -4.9234330e-03
  -2.1170720e-03
   6.3036220e-04
   3.3641890e-03
   6.1945010e-03
   9.3263730e-03
   1.2912410e-02
   1.6690450e-02
   2.0799760e-02
   2.5247900e-02
   2.9506300e-02
   3.3522610e-02
   3.7194180e-02
   4.0403050e-02
   4.2848290e-02
   4.3925590e-02
   4.3195370e-02
   4.1152360e-02
   3.8129440e-02
   3.4123520e-02
   2.9212250e-02
   2.3297340e-02
   1.6749410e-02
   9.8698000e-03
   3.1826220e-03
  -2.8479630e-03
  -8.5125910e-03
  -1.3833860e-02
  -1.8804070e-02
  -2.3616080e-02
  -2.8596780e-02
  -3.3342200e-02
  -3.7667740e-02
  -4.1421580e-02
  -4.4640670e-02
  -4.7508180e-02
  -4.9998010e-02
  -5.1992660e-02
  -5.3235720e-02
  -5.3420400e-02
  -5.2474260e-02
  -5.0748470e-02
  -4.8681730e-02
  -4.6249680e-02
  -4.3672300e-02
  -4.1213890e-02
  -3.8928910e-02
  -3.6766390e-02
  -3.4823240e-02
  -3.3695770e-02
  -3.3266630e-02
  -3.3453680e-02
  -3.4038270e-02
  -3.4941030e-02
  -3.6344180e-02
  -3.8042080e-02
  -3.9784930e-02
  -4.1792300e-02
  -4.4112360e-02
  -4.6496920e-02
  -4.8660950e-02
  -5.0461200e-02
  -5.1519970e-02
  -5.1704500e-02
  -5.0921000e-02
  -4.9117970e-02
  -4.6052240e-02
  -4.1476790e-02
  -3.5716100e-02
  -2.9277160e-02
  -2.2273190e-02
  -1.5118180e-02
  -8.4652910e-03
  -2.4003710e-03
   2.7171870e-03
   7.0786260e-03
   1.0686170e-02
   1.3641780e-02
   1.5860990e-02
   1.7421490e-02
   1.8082470e-02
   1.7718400e-02
   1.6423860e-02
   1.4323290e-02
   1.1368700e-02
   7.4721950e-03
   2.5279300e-03
  -3.2933160e-03
  -9.7917600e-03
  -1.5847730e-02
  -2.0900030e-02
  -2.5052780e-02
  -2.8119760e-02
  -3.0286970e-02
  -3.1660010e-02
  -3.2342320e-02
  -3.2301370e-02
  -3.1699270e-02
  -3.0833020e-02
  -3.0053020e-02
  -2.8994920e-02
  -2.7670400e-02
  -2.6019860e-02
  -2.3972430e-02
  -2.1743660e-02
  -1.9655320e-02
  -1.7680090e-02
  -1.5674230e-02
  -1.3416860e-02
  -1.0759950e-02
  -7.8671880e-03
  -4.7305050e-03
  -1.3244100e-03
   2.2404130e-03
   5.6971600e-03
   9.0618050e-03
   1.2598780e-02
   1.6240010e-02
   1.9630190e-02
   2.2520410e-02
   2.4999920e-02
   2.7052820e-02
   2.8736550e-02
   3.0094830e-02
   3.0943930e-02
   3.1069760e-02
   3.0467710e-02
   2.9435510e-02
   2.8125860e-02
   2.6474820e-02
   2.4738720e-02
   2.2830180e-02
   2.1115790e-02
   1.9542750e-02
   1.8148820e-02
   1.6901800e-02
   1.5610070e-02
   1.4190430e-02
   1.2713420e-02
   1.1173740e-02
   9.4413110e-03
   7.7897010e-03
   6.0731070e-03
   4.2584470e-03
   2.5048870e-03
   1.0677860e-03
  -1.0159230e-04
  -9.9680710e-04
  -1.4246530e-03
  -1.2626250e-03
  -5.1010230e-04
   1.4124970e-03
   4.9460240e-03
   1.0123780e-02
   1.6981050e-02
   2.5127900e-02
   3.4194130e-02
   4.3612160e-02
   5.2908610e-02
   6.1949230e-02
   7.0489410e-02
   7.8014720e-02
   8.4397270e-02
   8.9208750e-02
   9.2266700e-02
   9.3475870e-02
   9.2944970e-02
   9.0160840e-02
   8.4788010e-02
   7.6444420e-02
   6.4676890e-02
   4.9087200e-02
   3.0214000e-02
   9.0339550e-03
  -1.2363540e-02
  -3.1548760e-02
  -4.6795180e-02
  -5.8280200e-02
  -6.6156200e-02
  -6.9971580e-02
  -6.9384910e-02
  -6.4639440e-02
  -5.6537070e-02
  -4.5544320e-02
  -3.2323720e-02
  -1.7832180e-02
  -3.4052110e-03
   1.0092570e-02
   2.1404060e-02
   3.0663790e-02
   3.8176060e-02
   4.4016400e-02
   4.8202170e-02
   5.0439540e-02
   5.0758100e-02
   4.9585240e-02
   4.7553220e-02
   4.5121690e-02
   4.2425560e-02
   3.9791410e-02
   3.7159000e-02
   3.4752790e-02
   3.2756530e-02
   3.1218910e-02
   3.0451110e-02
   3.0397260e-02
   3.1050680e-02
   3.2218570e-02
   3.3706070e-02
   3.5053670e-02
   3.6131950e-02
   3.6451740e-02
   3.5896260e-02
   3.4510550e-02
   3.2269170e-02
   2.8948630e-02
   2.4280790e-02
   1.8324210e-02
   1.1104800e-02
   3.0536750e-03
  -5.5214930e-03
  -1.4225960e-02
  -2.2706420e-02
  -3.0541720e-02
  -3.7284510e-02
  -4.2700020e-02
  -4.6784550e-02
  -4.9375840e-02
  -5.0392310e-02
  -4.9806000e-02
  -4.8009740e-02
  -4.5349750e-02
  -4.2158370e-02
  -3.8513250e-02
  -3.4455930e-02
  -2.9789440e-02
  -2.4625920e-02
  -1.9165810e-02
  -1.3521770e-02
  -7.6758580e-03
  -1.6434590e-03
   4.1067940e-03
   9.3784430e-03
   1.3879180e-02
   1.7341370e-02
   1.9316970e-02
   1.9201510e-02
   1.7472220e-02
   1.4873400e-02
   1.1660280e-02
   7.8184460e-03
   3.4104130e-03
  -1.1988200e-03
  -5.6901250e-03
  -9.9015290e-03
  -1.3994320e-02
  -1.7951570e-02
  -2.1457060e-02
  -2.4037960e-02
  -2.5037980e-02
  -2.4480290e-02
  -2.2850060e-02
  -2.0559290e-02
  -1.7961030e-02
  -1.4994450e-02
  -1.1473640e-02
  -7.7972160e-03
  -4.3954070e-03
  -1.4224020e-03
   8.4836790e-04
   1.9915150e-03
   1.8025540e-03
   5.5909190e-04
  -1.2132340e-03
  -3.0529220e-03
  -4.9146140e-03
  -6.6714770e-03
  -8.1691850e-03
  -9.5277520e-03
  -1.0741900e-02
  -1.1771020e-02
  -1.2612580e-02
  -1.3232370e-02
  -1.3375110e-02
  -1.2819950e-02
  -1.1682530e-02
  -1.0278380e-02
  -8.6501380e-03
  -6.7781880e-03
  -4.7193650e-03
  -2.6337940e-03
  -4.2975860e-04
   1.7707320e-03
   3.8793150e-03
   5.7200750e-03
   6.9136800e-03
   6.8835640e-03
   5.6092300e-03
   3.2981390e-03
  -7.9308570e-05
  -4.1941550e-03
  -8.8526560e-03
  -1.3695260e-02
  -1.8690810e-02
  -2.3339750e-02
  -2.7353690e-02
  -3.0997770e-02
  -3.3932580e-02
  -3.5874390e-02
  -3.6678530e-02
  -3.6332410e-02
  -3.4998370e-02
  -3.3292030e-02
  -3.1330320e-02
  -2.9674160e-02
  -2.8773940e-02
  -2.8886280e-02
  -2.9690480e-02
  -3.0977200e-02
  -3.2579670e-02
  -3.4138750e-02
  -3.5612620e-02
  -3.7006480e-02
  -3.8302580e-02
  -3.9489700e-02
  -4.0593820e-02
  -4.1710620e-02
  -4.2982430e-02
  -4.4110580e-02
  -4.4892910e-02
  -4.5220710e-02
  -4.4803790e-02
  -4.3656920e-02
  -4.1922850e-02
  -3.9901760e-02
  -3.7645700e-02
  -3.5093780e-02
  -3.2113750e-02
  -2.8922980e-02
  -2.5757860e-02
  -2.2735650e-02
  -1.9910780e-02
  -1.7484390e-02
  -1.5717980e-02
  -1.4827980e-02
  -1.5058190e-02
  -1.6141450e-02
  -1.7569310e-02
  -1.8557620e-02
  -1.8878640e-02
  -1.8460280e-02
  -1.7331660e-02
  -1.5605060e-02
  -1.3288940e-02
  -1.0429110e-02
  -7.2164590e-03
  -3.7302310e-03
  -1.6415890e-04
   3.1175140e-03
   6.4693750e-03
   1.0026220e-02
   1.3636300e-02
   1.7194040e-02
   2.0849360e-02
   2.4518200e-02
   2.7780820e-02
   3.0550660e-02
   3.2892880e-02
   3.4819260e-02
   3.6471470e-02
   3.7839950e-02
   3.9149240e-02
   4.0322990e-02
   4.1322210e-02
   4.1978110e-02
   4.2269410e-02
   4.2427940e-02
   4.2434990e-02
   4.2197200e-02
   4.1621610e-02
   4.0724020e-02
   3.9763330e-02
   3.9233810e-02
   3.9349600e-02
   3.9951110e-02
   4.0740600e-02
   4.1701980e-02
   4.2601560e-02
   4.3438500e-02
   4.4158630e-02
   4.4354270e-02
   4.4224910e-02
   4.3931550e-02
   4.3558750e-02
   4.3080060e-02
   4.2307950e-02
   4.1326540e-02
   4.0504220e-02
   3.9980850e-02
   3.9835190e-02
   4.0161800e-02
   4.0890190e-02
   4.1856050e-02
   4.2709500e-02
   4.3402660e-02
   4.4151110e-02
   4.5072570e-02
   4.5971240e-02
   4.6832820e-02
   4.7742630e-02
   4.8569050e-02
   4.9395520e-02
   5.0170880e-02
   5.0900240e-02
   5.1353740e-02
   5.1415180e-02
   5.1017680e-02
   5.0257870e-02
   4.9307840e-02
   4.8065630e-02
   4.6694780e-02
   4.5198550e-02
   4.3497690e-02
   4.1550690e-02
   3.9422090e-02
   3.7284560e-02
   3.5142350e-02
   3.3069610e-02
   3.1203000e-02
   2.9507020e-02
   2.8124690e-02
   2.7188860e-02
   2.6670360e-02
   2.6328410e-02
   2.5886590e-02
   2.5299970e-02
   2.4708990e-02
   2.4252820e-02
   2.3991300e-02
   2.3765910e-02
   2.3457280e-02
   2.3061940e-02
   2.2654760e-02
   2.2144570e-02
   2.1424960e-02
   2.0590120e-02
   1.9508870e-02
   1.8390510e-02
   1.7315060e-02
   1.6329290e-02
   1.5478740e-02
   1.4689680e-02
   1.4101660e-02
   1.3555240e-02
   1.2944720e-02
   1.2406060e-02
   1.1780350e-02
   1.0990200e-02
   9.8910850e-03
   8.6377900e-03
   7.3596360e-03
   6.0129330e-03
   4.5170720e-03
   2.9463830e-03
   1.3246460e-03
  -5.0276000e-04
  -2.5657360e-03
  -4.7474560e-03
  -6.9023610e-03
  -8.9067820e-03
  -1.0769340e-02
  -1.2786280e-02
  -1.4596670e-02
  -1.6066210e-02
  -1.7216840e-02
  -1.8194480e-02
  -1.9186450e-02
  -2.0011700e-02
  -2.0706490e-02
  -2.1295750e-02
  -2.1804730e-02
  -2.2199140e-02
  -2.2728010e-02
  -2.3439120e-02
  -2.4143430e-02
  -2.4819570e-02
  -2.5745030e-02
  -2.6935620e-02
  -2.8170390e-02
  -2.9450890e-02
  -3.0885080e-02
  -3.2586600e-02
  -3.4204960e-02
  -3.5859660e-02
  -3.7578650e-02
  -3.9215760e-02
  -4.0606160e-02
  -4.1942420e-02
  -4.2990830e-02
  -4.3781610e-02
  -4.4490180e-02
  -4.5269400e-02
  -4.5931340e-02
  -4.6145590e-02
  -4.6244340e-02
  -4.6343080e-02
  -4.6469350e-02
  -4.6640970e-02
  -4.6802640e-02
  -4.6854950e-02
  -4.6868430e-02
  -4.6833630e-02
  -4.6962560e-02
  -4.7023380e-02
  -4.6915270e-02
  -4.6918930e-02
  -4.6894550e-02
  -4.6594060e-02
  -4.6281370e-02
  -4.5764640e-02
  -4.4973370e-02
  -4.4090550e-02
  -4.3086670e-02
  -4.1744190e-02
  -4.0176050e-02
  -3.8467080e-02
  -3.6991680e-02
  -3.6015100e-02
  -3.5198310e-02
  -3.4617270e-02
  -3.4076260e-02
  -3.3330530e-02
  -3.2495740e-02
  -3.1918650e-02
  -3.1244940e-02
  -3.0483080e-02
  -2.9967530e-02
  -2.9830100e-02
  -2.9831810e-02
  -2.9839160e-02
  -2.9761650e-02
  -2.9490700e-02
  -2.8974440e-02
  -2.8281260e-02
  -2.7670540e-02
  -2.7243160e-02
  -2.6669360e-02
  -2.5891720e-02
  -2.5065760e-02
  -2.4100270e-02
  -2.3108510e-02
  -2.2229870e-02
  -2.1229510e-02
  -2.0012980e-02
  -1.8434540e-02
  -1.6672560e-02
  -1.4948320e-02
  -1.3529920e-02
  -1.2327590e-02
  -1.1234130e-02
  -1.0119460e-02
  -9.0008580e-03
  -8.0119410e-03
  -7.1127300e-03
  -6.2136370e-03
  -5.4393860e-03
  -4.6794960e-03
  -3.9005270e-03
  -2.9693220e-03
  -1.9592470e-03
  -9.1691180e-04
   1.5543810e-05
   8.8688410e-04
   1.9546990e-03
   3.1362840e-03
   4.3865840e-03
   5.7218020e-03
   7.0654540e-03
   8.2490430e-03
   9.1630240e-03
   9.8006720e-03
   1.0330610e-02
   1.0773980e-02
   1.0911150e-02
   1.0838590e-02
   1.0525860e-02
   9.9068400e-03
   9.0750020e-03
   8.2953480e-03
   7.5197870e-03
   6.6153000e-03
   5.7830620e-03
   4.7830070e-03
   3.5280620e-03
   2.3175890e-03
   1.2870660e-03
   4.4903130e-04
  -2.8634780e-04
  -7.7746630e-04
  -1.0742560e-03
  -1.2014010e-03
  -1.3296760e-03
  -1.5525640e-03
  -1.8517830e-03
  -2.1539910e-03
  -2.4180740e-03
  -2.5566150e-03
  -2.5081100e-03
  -2.3081150e-03
  -1.9789270e-03
  -1.6426520e-03
  -1.5005740e-03
  -1.4865950e-03
  -1.4708670e-03
  -1.3835620e-03
  -1.1461490e-03
  -7.4029930e-04
  -2.5278060e-04
   1.0633390e-04
   4.7419010e-04
   8.2026360e-04
   1.2578310e-03
   2.0026410e-03
   3.0335600e-03
   4.1479120e-03
   5.3661860e-03
   6.6020790e-03
   7.9866130e-03
   9.3949370e-03
   1.0697210e-02
   1.1819440e-02
   1.2707780e-02
   1.3457420e-02
   1.4320280e-02
   1.5216930e-02
   1.6008430e-02
   1.6932240e-02
   1.7795890e-02
   1.8460280e-02
   1.9028370e-02
   1.9328330e-02
   1.9147910e-02
   1.8461740e-02
   1.7670150e-02
   1.6825360e-02
   1.5763170e-02
   1.4718180e-02
   1.3770410e-02
   1.2915120e-02
   1.2115710e-02
   1.1188110e-02
   1.0349060e-02
   9.7200120e-03
   9.2448030e-03
   9.1926070e-03
   9.5242000e-03
   1.0262670e-02
   1.1352040e-02
   1.2439460e-02
   1.3289840e-02
   1.4326610e-02
   1.5592720e-02
   1.7034410e-02
   1.8836120e-02
   2.0849190e-02
   2.2848220e-02
   2.4897280e-02
   2.6790170e-02
   2.8333550e-02
   2.9752510e-02
   3.0926830e-02
   3.2096580e-02
   3.3181280e-02
   3.4303280e-02
   3.5125230e-02
   3.5542210e-02
   3.5370280e-02
   3.4632990e-02
   3.3410650e-02
   3.1932540e-02
   3.0136610e-02
   2.7805940e-02
   2.5361250e-02
   2.2850840e-02
   2.0370070e-02
   1.8175620e-02
   1.6304860e-02
   1.4565380e-02
   1.2929950e-02
   1.1333750e-02
   9.8300770e-03
   8.3536200e-03
   6.8965370e-03
   5.5034310e-03
   4.2174780e-03
   3.0785120e-03
   2.0503880e-03
   1.0476740e-03
   2.5983530e-04
  -6.2883740e-04
  -1.5431720e-03
  -2.3473870e-03
  -3.1825750e-03
  -3.8919410e-03
  -4.6304260e-03
  -5.6140750e-03
  -6.6970900e-03
  -7.7749420e-03
  -8.8917970e-03
  -9.7997810e-03
  -1.0691960e-02
  -1.1594530e-02
  -1.2368200e-02
  -1.3025890e-02
  -1.3777070e-02
  -1.4660040e-02
  -1.5722890e-02
  -1.6716670e-02
  -1.7786880e-02
  -1.8865350e-02
  -2.0002310e-02
  -2.1235660e-02
  -2.2371710e-02
  -2.3378930e-02
  -2.4340600e-02
  -2.5405040e-02
  -2.6463460e-02
  -2.7573610e-02
  -2.8636100e-02
  -2.9961300e-02
  -3.1456610e-02
  -3.2759240e-02
  -3.3980620e-02
  -3.5177590e-02
  -3.6089920e-02
  -3.6986840e-02
  -3.7816840e-02
  -3.8711080e-02
  -3.9733630e-02
  -4.0556310e-02
  -4.1438510e-02
  -4.2251180e-02
  -4.2829990e-02
  -4.3389920e-02
  -4.3758180e-02
  -4.3599350e-02
  -4.3397060e-02
  -4.3078030e-02
  -4.2603640e-02
  -4.2094510e-02
  -4.1348320e-02
  -4.0346750e-02
  -3.9244200e-02
  -3.7987490e-02
  -3.6704930e-02
  -3.5695940e-02
  -3.5142060e-02
  -3.5071660e-02
  -3.5363600e-02
  -3.6009360e-02
  -3.6871950e-02
  -3.7598480e-02
  -3.8097070e-02
  -3.8411610e-02
  -3.8301820e-02
  -3.7735870e-02
  -3.6874550e-02
  -3.5985090e-02
  -3.5101750e-02
  -3.4182150e-02
  -3.2958160e-02
  -3.1559390e-02
  -3.0096570e-02
  -2.8600100e-02
  -2.7100070e-02
  -2.5368680e-02
  -2.3362050e-02
  -2.1266320e-02
  -1.8938970e-02
  -1.6546380e-02
  -1.4372240e-02
  -1.2390650e-02
  -1.0328160e-02
  -8.1321520e-03
  -5.9091420e-03
  -3.6362870e-03
  -1.3640980e-03
   7.1721450e-04
   2.6120370e-03
   4.5549320e-03
   6.5328810e-03
   8.5894290e-03
   1.0777760e-02
   1.2876540e-02
   1.4880980e-02
   1.6666270e-02
   1.8441230e-02
   2.0198960e-02
   2.1985960e-02
   2.3803820e-02
   2.5458480e-02
   2.6839390e-02
   2.8036290e-02
   2.9132980e-02
   3.0235210e-02
   3.1193130e-02
   3.2244980e-02
   3.3236680e-02
   3.4263800e-02
   3.5380100e-02
   3.6715910e-02
   3.8435690e-02
   4.0321540e-02
   4.2161960e-02
   4.4007640e-02
   4.5803080e-02
   4.7421670e-02
   4.9023790e-02
   5.0612350e-02
   5.2085850e-02
   5.3264090e-02
   5.4042720e-02
   5.4648230e-02
   5.5156600e-02
   5.5545950e-02
   5.5621770e-02
   5.5506310e-02
   5.5250960e-02
   5.4895300e-02
   5.4588050e-02
   5.4151050e-02
   5.3513120e-02
   5.2824220e-02
   5.2443620e-02
   5.2317880e-02
   5.2213940e-02
   5.2031670e-02
   5.1720590e-02
   5.1306200e-02
   5.0921510e-02
   5.0442280e-02
   4.9835300e-02
   4.9159750e-02
   4.8294200e-02
   4.7412290e-02
   4.6612670e-02
   4.5739620e-02
   4.4913680e-02
   4.3989740e-02
   4.2847380e-02
   4.1458140e-02
   4.0134310e-02
   3.9065090e-02
   3.8111820e-02
   3.7381180e-02
   3.6799130e-02
   3.6430080e-02
   3.6043550e-02
   3.5305400e-02
   3.4241500e-02
   3.2922790e-02
   3.1793920e-02
   3.0719630e-02
   2.9615770e-02
   2.8665500e-02
   2.7809120e-02
   2.6832310e-02
   2.5824110e-02
   2.4657810e-02
   2.3259070e-02
   2.1749240e-02
   2.0173930e-02
   1.8594340e-02
   1.6985550e-02
   1.5233700e-02
   1.3591090e-02
   1.1991110e-02
   1.0367980e-02
   8.7797210e-03
   7.1496290e-03
   5.4648970e-03
   3.6813300e-03
   2.2234570e-03
   1.0110220e-03
  -2.1698340e-04
  -1.3635230e-03
  -2.4773500e-03
  -3.6633060e-03
  -4.6214610e-03
  -5.3862320e-03
  -6.2211690e-03
  -6.9581310e-03
  -7.6191020e-03
  -8.4336660e-03
  -9.2683850e-03
  -9.9504560e-03
  -1.0596430e-02
  -1.1153610e-02
  -1.1795610e-02
  -1.2605420e-02
  -1.3700970e-02
  -1.4861120e-02
  -1.5880540e-02
  -1.6736210e-02
  -1.7540450e-02
  -1.8395310e-02
  -1.9352280e-02
  -2.0294480e-02
  -2.1258140e-02
  -2.2347520e-02
  -2.3452080e-02
  -2.4675570e-02
  -2.6223360e-02
  -2.7851990e-02
  -2.9461410e-02
  -3.1098090e-02
  -3.2709280e-02
  -3.4371660e-02
  -3.6070890e-02
  -3.7797090e-02
  -3.9631970e-02
  -4.1488010e-02
  -4.3298100e-02
  -4.4855420e-02
  -4.6292800e-02
  -4.7650660e-02
  -4.8904000e-02
  -5.0080750e-02
  -5.1238720e-02
  -5.2425420e-02
  -5.3500690e-02
  -5.4500920e-02
  -5.5350210e-02
  -5.6090110e-02
  -5.6492280e-02
  -5.6618940e-02
  -5.6688120e-02
  -5.6736430e-02
  -5.6750440e-02
  -5.6659140e-02
  -5.6362580e-02
  -5.5765950e-02
  -5.4896960e-02
  -5.3964990e-02
  -5.2952100e-02
  -5.1705910e-02
  -5.0309790e-02
  -4.8733050e-02
  -4.7241620e-02
  -4.5759560e-02
  -4.4185870e-02
  -4.2488640e-02
  -4.0657360e-02
  -3.8820030e-02
  -3.7204160e-02
  -3.5689020e-02
  -3.4273080e-02
  -3.3040360e-02
  -3.2038270e-02
  -3.1254420e-02
  -3.0556850e-02
  -3.0092140e-02
  -2.9878110e-02
  -2.9820380e-02
  -2.9757370e-02
  -2.9578830e-02
  -2.9210560e-02
  -2.8645690e-02
  -2.8033420e-02
  -2.7698380e-02
  -2.7633270e-02
  -2.7428220e-02
  -2.6941930e-02
  -2.6176580e-02
  -2.5025620e-02
  -2.3676430e-02
  -2.2177080e-02
  -2.0466540e-02
  -1.8498170e-02
  -1.6313630e-02
  -1.4106950e-02
  -1.1842160e-02
  -9.6837330e-03
  -7.5240510e-03
  -5.2779720e-03
  -3.2050170e-03
  -1.3098260e-03
   6.2813180e-04
   2.5814490e-03
   4.6048180e-03
   6.7745330e-03
   8.9210180e-03
   1.1119360e-02
   1.3297260e-02
   1.5414950e-02
   1.7539240e-02
   1.9955680e-02
   2.2215690e-02
   2.4140540e-02
   2.5870230e-02
   2.7481920e-02
   2.8895100e-02
   2.9981170e-02
   3.1003430e-02
   3.1873930e-02
   3.2636420e-02
   3.3200670e-02
   3.3586640e-02
   3.3703390e-02
   3.3705030e-02
   3.3695010e-02
   3.3735030e-02
   3.3934350e-02
   3.4365900e-02
   3.5034240e-02
   3.5794480e-02
   3.6613680e-02
   3.7352890e-02
   3.8052560e-02
   3.8598280e-02
   3.9211850e-02
   4.0153440e-02
   4.1318260e-02
   4.2328670e-02
   4.3381000e-02
   4.4418070e-02
   4.5485470e-02
   4.6465330e-02
   4.7261060e-02
   4.7921090e-02
   4.8281030e-02
   4.8542940e-02
   4.8940200e-02
   4.9527040e-02
   5.0183250e-02
   5.0713030e-02
   5.1037450e-02
   5.1169580e-02
   5.1114890e-02
   5.0802580e-02
   5.0153490e-02
   4.9230910e-02
   4.8252730e-02
   4.6983990e-02
   4.5398930e-02
   4.3847990e-02
   4.2176450e-02
   4.0332410e-02
   3.8421030e-02
   3.6661610e-02
   3.4966240e-02
   3.3429680e-02
   3.2085310e-02
   3.1030300e-02
   3.0181020e-02
   2.9696320e-02
   2.9145580e-02
   2.8397030e-02
   2.7692200e-02
   2.7431260e-02
   2.7351330e-02
   2.7316180e-02
   2.7331520e-02
   2.7350740e-02
   2.7375720e-02
   2.7387650e-02
   2.7397610e-02
   2.7395910e-02
   2.7393710e-02
   2.7387000e-02
   2.7392730e-02
   2.7415950e-02
   2.7473690e-02
   2.7553870e-02
   2.7627230e-02
   2.7609820e-02
   2.7396890e-02
   2.6876420e-02
   2.6047240e-02
   2.5090870e-02
   2.4113390e-02
   2.3013100e-02
   2.2027780e-02
   2.1214720e-02
   2.0637050e-02
   2.0074110e-02
   1.9243070e-02
   1.8198130e-02
   1.7196010e-02
   1.6301840e-02
   1.5676490e-02
   1.5097060e-02
   1.4422390e-02
   1.3833020e-02
   1.3548780e-02
   1.3416240e-02
   1.3225610e-02
   1.2902990e-02
   1.2454410e-02
   1.2011470e-02
   1.1626640e-02
   1.1277370e-02
   1.1083360e-02
   1.0785090e-02
   1.0244890e-02
   9.5098810e-03
   8.8034370e-03
   8.2107480e-03
   7.5154170e-03
   6.8106660e-03
   6.2729040e-03
   5.7178810e-03
   5.0146860e-03
   4.3507010e-03
   4.0295210e-03
   3.6680200e-03
   3.1283880e-03
   2.5215270e-03
   2.0805710e-03
   1.7935860e-03
   1.7169890e-03
   1.6653140e-03
   1.4872850e-03
   1.1084620e-03
   4.9647810e-04
  -1.9783920e-04
  -8.2014510e-04
  -1.5583110e-03
  -2.5404240e-03
  -3.5642390e-03
  -4.6603500e-03
  -5.8660600e-03
  -6.9814950e-03
  -7.9516940e-03
  -8.9033000e-03
  -1.0062350e-02
  -1.1379590e-02
  -1.2917470e-02
  -1.4530270e-02
  -1.6254180e-02
  -1.8182570e-02
  -2.0221580e-02
  -2.2129220e-02
  -2.3757870e-02
  -2.5404540e-02
  -2.7233740e-02
  -2.8879830e-02
  -3.0318250e-02
  -3.1684870e-02
  -3.2892590e-02
  -3.4208080e-02
  -3.5449710e-02
  -3.6497850e-02
  -3.7358040e-02
  -3.8121750e-02
  -3.8650780e-02
  -3.9067450e-02
  -3.9700610e-02
  -4.0583430e-02
  -4.1481250e-02
  -4.2296640e-02
  -4.3085050e-02
  -4.3503850e-02
  -4.3374740e-02
  -4.2927250e-02
  -4.2331920e-02
  -4.1852020e-02
  -4.1437760e-02
  -4.1014560e-02
  -4.0390070e-02
  -3.9571160e-02
  -3.8794180e-02
  -3.7960730e-02
  -3.6936440e-02
  -3.5940210e-02
  -3.4794910e-02
  -3.3525460e-02
  -3.2492630e-02
  -3.1603880e-02
  -3.0698810e-02
  -2.9602250e-02
  -2.8515810e-02
  -2.7526380e-02
  -2.6684550e-02
  -2.6007850e-02
  -2.5354180e-02
  -2.4897940e-02
  -2.4556240e-02
  -2.4313630e-02
  -2.3957570e-02
  -2.3409640e-02
  -2.2785190e-02
  -2.2345000e-02
  -2.2072730e-02
  -2.1925070e-02
  -2.1707820e-02
  -2.1304470e-02
  -2.0727230e-02
  -2.0133410e-02
  -1.9714630e-02
  -1.9537540e-02
  -1.9469080e-02
  -1.9353290e-02
  -1.9090070e-02
  -1.8627500e-02
  -1.8043350e-02
  -1.7562600e-02
  -1.7169210e-02
  -1.6926710e-02
  -1.6615420e-02
  -1.6132100e-02
  -1.5557380e-02
  -1.5088210e-02
  -1.4645090e-02
  -1.4204670e-02
  -1.3585090e-02
  -1.2797040e-02
  -1.2102590e-02
  -1.1458480e-02
  -1.0665510e-02
  -9.8436350e-03
  -9.0841120e-03
  -8.1816720e-03
  -7.2391700e-03
  -6.4929420e-03
  -5.7147510e-03
  -5.0530920e-03
  -4.5845890e-03
  -4.0184880e-03
  -3.3537800e-03
  -2.8212090e-03
  -2.5741330e-03
  -2.3565580e-03
  -1.9547460e-03
  -1.2832020e-03
  -4.3351750e-04
   2.8673870e-04
   9.7590560e-04
   1.6812920e-03
   2.1694970e-03
   2.4412390e-03
   2.5201760e-03
   2.5360730e-03
   2.5453790e-03
   2.5718610e-03
   2.6278320e-03
   2.6987780e-03
   2.7391530e-03
   2.6780700e-03
   2.4369780e-03
   1.9797440e-03
   1.3935620e-03
   9.2425900e-04
   6.3052990e-04
   6.5474040e-04
   9.1571370e-04
   1.5284630e-03
   2.1951330e-03
   2.4883090e-03
   2.8282810e-03
   3.4191070e-03
   4.2624710e-03
   5.1892480e-03
   6.1273270e-03
   7.2165980e-03
   8.2798940e-03
   9.3221040e-03
   1.0287210e-02
   1.1413780e-02
   1.2728730e-02
   1.3920390e-02
   1.5061660e-02
   1.5944350e-02
   1.6500590e-02
   1.6892800e-02
   1.7095630e-02
   1.7360640e-02
   1.7803480e-02
   1.8356850e-02
   1.8831440e-02
   1.9303980e-02
   1.9629400e-02
   1.9698290e-02
   1.9568530e-02
   1.9208940e-02
   1.8660900e-02
   1.8095800e-02
   1.7648510e-02
   1.7410830e-02
   1.7644750e-02
   1.8173230e-02
   1.8763100e-02
   1.9035570e-02
   1.8750900e-02
   1.8209390e-02
   1.7789780e-02
   1.7507500e-02
   1.7348730e-02
   1.7125690e-02
   1.6716300e-02
   1.6119070e-02
   1.5489170e-02
   1.5001120e-02
   1.4461920e-02
   1.3742860e-02
   1.3006540e-02
   1.2575210e-02
   1.2427390e-02
   1.2454920e-02
   1.2697790e-02
   1.3185850e-02
   1.3853100e-02
   1.4462190e-02
   1.4851520e-02
   1.5233640e-02
   1.5728610e-02
   1.6245520e-02
   1.6690650e-02
   1.7080780e-02
   1.7244980e-02
   1.7294280e-02
   1.7314440e-02
   1.7313300e-02
   1.7317290e-02
   1.7325910e-02
   1.7344560e-02
   1.7358130e-02
   1.7359830e-02
   1.7333590e-02
   1.7285220e-02
   1.7230680e-02
   1.7224770e-02
   1.7337010e-02
   1.7647260e-02
   1.8175220e-02
   1.8810160e-02
   1.9283130e-02
   1.9597870e-02
   1.9768290e-02
   1.9919640e-02
   2.0070300e-02
   2.0138530e-02
   1.9996060e-02
   1.9700280e-02
   1.9275840e-02
   1.8664680e-02
   1.8014190e-02
   1.7547580e-02
   1.7096220e-02
   1.6472100e-02
   1.5762980e-02
   1.5255710e-02
   1.5010910e-02
   1.5092410e-02
   1.5419390e-02
   1.5891640e-02
   1.6287530e-02
   1.6221260e-02
   1.5698140e-02
   1.5271290e-02
   1.5106080e-02
   1.4935610e-02
   1.4656440e-02
   1.4234190e-02
   1.3739600e-02
   1.3378930e-02
   1.3042410e-02
   1.2806000e-02
   1.2655470e-02
   1.2371900e-02
   1.1863500e-02
   1.1176870e-02
   1.0562880e-02
   1.0269660e-02
   1.0165560e-02
   1.0123970e-02
   1.0113370e-02
   1.0112340e-02
   1.0116990e-02
   1.0134720e-02
   1.0173070e-02
   1.0223540e-02
   1.0245520e-02
   1.0164400e-02
   9.8830670e-03
   9.3316890e-03
   8.5513690e-03
   7.7674300e-03
   6.9787720e-03
   5.9561860e-03
   4.8203980e-03
   3.5412370e-03
   2.0420320e-03
   3.7400420e-04
  -1.3559590e-03
  -2.8096880e-03
  -4.0903470e-03
  -5.2640760e-03
  -6.3820960e-03
  -7.3259960e-03
  -8.3273480e-03
  -9.3630200e-03
  -1.0409300e-02
  -1.1265680e-02
  -1.1909500e-02
  -1.2553710e-02
  -1.3111460e-02
  -1.3372500e-02
  -1.3315410e-02
  -1.3127810e-02
  -1.3076300e-02
  -1.3010940e-02
  -1.3165450e-02
  -1.3400330e-02
  -1.3466040e-02
  -1.3151890e-02
  -1.2706970e-02
  -1.2326480e-02
  -1.1942890e-02
  -1.1687350e-02
  -1.1376620e-02
  -1.0881560e-02
  -1.0238900e-02
  -9.6699450e-03
  -9.2690600e-03
  -8.7732580e-03
  -8.0879500e-03
  -7.3840610e-03
  -7.0254470e-03
  -6.9600670e-03
  -6.9499690e-03
  -6.8764560e-03
  -6.6092880e-03
  -6.0611760e-03
  -5.2753320e-03
  -4.4845690e-03
  -3.7069740e-03
  -3.1446110e-03
  -2.6864730e-03
  -2.2058470e-03
  -1.7972760e-03
  -1.2288070e-03
  -5.1754310e-04
   4.7440160e-05
   2.9943600e-04
   4.2966530e-04
   5.2352630e-04
   5.5740760e-04
   4.7818280e-04
   1.8962960e-04
  -3.8198170e-04
  -1.1988740e-03
  -2.0207100e-03
  -2.8052990e-03
  -3.7116540e-03
  -4.5388800e-03
  -5.2860730e-03
  -6.1022290e-03
  -6.9593680e-03
  -7.7919520e-03
  -8.5660590e-03
  -9.0055370e-03
  -9.1458050e-03
  -9.1973500e-03
  -9.2106090e-03
  -9.2169180e-03
  -9.2263950e-03
  -9.2404740e-03
  -9.2427720e-03
  -9.2246730e-03
  -9.1826520e-03
  -9.1427290e-03
  -9.1534960e-03
  -9.2919050e-03
  -9.6242200e-03
  -1.0161250e-02
  -1.0774290e-02
  -1.1280710e-02
  -1.1664440e-02
  -1.2018310e-02
  -1.2404550e-02
  -1.2717250e-02
  -1.2837390e-02
  -1.2902100e-02
  -1.2928090e-02
  -1.2876160e-02
  -1.2704730e-02
  -1.2383510e-02
  -1.1963740e-02
  -1.1590040e-02
  -1.1138290e-02
  -1.0611470e-02
  -1.0231550e-02
  -1.0177790e-02
  -1.0471540e-02
  -1.0814300e-02
  -1.1294520e-02
  -1.1873750e-02
  -1.2546480e-02
  -1.3388570e-02
  -1.4194500e-02
  -1.5015620e-02
  -1.6041630e-02
  -1.7282340e-02
  -1.8609900e-02
  -1.9847420e-02
  -2.0891110e-02
  -2.1741820e-02
  -2.2526840e-02
  -2.3278120e-02
  -2.4071680e-02
  -2.4773000e-02
  -2.5385330e-02
  -2.5839750e-02
  -2.6082360e-02
  -2.6319560e-02
  -2.6668260e-02
  -2.7121990e-02
  -2.7551780e-02
  -2.8001110e-02
  -2.8472530e-02
  -2.8822040e-02
  -2.9217920e-02
  -2.9641060e-02
  -2.9910590e-02
  -3.0166580e-02
  -3.0462760e-02
  -3.0745080e-02
  -3.1104580e-02
  -3.1790050e-02
  -3.2834250e-02
  -3.3980650e-02
  -3.4851910e-02
  -3.5438140e-02
  -3.5662290e-02
  -3.5780830e-02
  -3.6017790e-02
  -3.6472840e-02
  -3.7152840e-02
  -3.7827370e-02
  -3.8094060e-02
  -3.8283790e-02
  -3.8597760e-02
  -3.9079860e-02
  -3.9685240e-02
  -4.0178610e-02
  -4.0558360e-02
  -4.0704660e-02
  -4.0780270e-02
  -4.0851410e-02
  -4.0906640e-02
  -4.0917300e-02
  -4.0804310e-02
  -4.0486180e-02
  -3.9920880e-02
  -3.9218290e-02
  -3.8675110e-02
  -3.8287900e-02
  -3.7805840e-02
  -3.7241960e-02
  -3.6769630e-02
  -3.6372620e-02
  -3.6115600e-02
  -3.5757510e-02
  -3.5194790e-02
  -3.4537450e-02
  -3.4046020e-02
  -3.3719160e-02
  -3.3232060e-02
  -3.2502530e-02
  -3.1669680e-02
  -3.1077310e-02
  -3.0440170e-02
  -2.9723560e-02
  -2.9040500e-02
  -2.8369770e-02
  -2.7668150e-02
  -2.7008790e-02
  -2.6259770e-02
  -2.5436100e-02
  -2.4546350e-02
  -2.3870530e-02
  -2.3184660e-02
  -2.2427940e-02
  -2.1743270e-02
  -2.0891490e-02
  -1.9719030e-02
  -1.8451090e-02
  -1.7236520e-02
  -1.6098480e-02
  -1.5027310e-02
  -1.4150410e-02
  -1.3273250e-02
  -1.2398800e-02
  -1.1742380e-02
  -1.0994410e-02
  -1.0201590e-02
  -9.3950770e-03
  -8.7392970e-03
  -8.1585170e-03
  -7.4271860e-03
  -6.6298570e-03
  -5.7835040e-03
  -5.0614410e-03
  -4.4139030e-03
  -3.6610540e-03
  -2.9532940e-03
  -2.3570440e-03
  -1.6160180e-03
  -7.4578910e-04
   6.8103280e-05
   9.3945470e-04
   1.8483890e-03
   2.4458000e-03
   3.0627860e-03
   3.6906480e-03
   4.1985530e-03
   4.5795770e-03
   4.9438570e-03
   5.3065550e-03
   5.4907650e-03
   5.3985110e-03
   5.1669690e-03
   4.9327940e-03
   4.8347470e-03
   4.6847950e-03
   4.6193000e-03
   4.4828730e-03
   4.1333650e-03
   3.5701320e-03
   2.9139070e-03
   2.5384480e-03
   2.7493560e-03
   3.3848550e-03
   4.0432320e-03
   4.2751510e-03
   4.3496400e-03
   4.3763970e-03
   4.3528310e-03
   4.3344190e-03
   4.3210460e-03
   4.3254990e-03
   4.3211510e-03
   4.3030310e-03
   4.2525750e-03
   4.1937290e-03
   4.1607660e-03
   4.2376880e-03
   4.5004790e-03
   5.0078430e-03
   5.6818250e-03
   6.2699660e-03
   6.6309380e-03
   7.0915180e-03
   7.7171880e-03
   8.3517860e-03
   8.6930410e-03
   8.8378540e-03
   9.0466700e-03
   9.4429250e-03
   1.0051040e-02
   1.0740670e-02
   1.1291880e-02
   1.1854600e-02
   1.2574760e-02
   1.3288200e-02
   1.3647630e-02
   1.4062160e-02
   1.4667300e-02
   1.5334050e-02
   1.5767320e-02
   1.5943750e-02
   1.6159110e-02
   1.6537610e-02
   1.7104230e-02
   1.7716750e-02
   1.8092320e-02
   1.8644740e-02
   1.9278260e-02
   1.9977840e-02
   2.0541960e-02
   2.0935630e-02
   2.1452880e-02
   2.2082070e-02
   2.2610670e-02
   2.2916700e-02
   2.2845410e-02
   2.2591810e-02
   2.2320620e-02
   2.1979530e-02
   2.1423770e-02
   2.1054700e-02
   2.0964790e-02
   2.0849710e-02
   2.0558370e-02
   1.9984530e-02
   1.9157310e-02
   1.8292450e-02
   1.7418020e-02
   1.6697480e-02
   1.6058180e-02
   1.5463220e-02
   1.4718650e-02
   1.3867650e-02
   1.3096960e-02
   1.2272340e-02
   1.1443740e-02
   1.0931390e-02
   1.0338760e-02
   9.5702920e-03
   8.8536020e-03
   8.2558640e-03
   7.5940860e-03
   6.9291840e-03
   6.4996730e-03
   6.3679380e-03
   6.5040970e-03
   6.7759490e-03
   7.1131640e-03
   7.7138740e-03
   8.4453840e-03
   9.2702940e-03
   1.0293080e-02
   1.1339100e-02
   1.2467150e-02
   1.3677620e-02
   1.4781900e-02
   1.5725340e-02
   1.6623240e-02
   1.7652820e-02
   1.8747700e-02
   1.9780530e-02
   2.0914880e-02
   2.2122510e-02
   2.3390170e-02
   2.4498670e-02
   2.5471990e-02
   2.6513230e-02
   2.7636400e-02
   2.8494780e-02
   2.9259830e-02
   2.9698420e-02
   2.9854790e-02
   2.9995070e-02
   3.0194710e-02
   3.0461730e-02
   3.0732430e-02
   3.1087820e-02
   3.1332500e-02
   3.1479830e-02
   3.1490710e-02
   3.1408000e-02
   3.1338290e-02
   3.1176660e-02
   3.1289390e-02
   3.1594080e-02
   3.1942360e-02
   3.2149820e-02
   3.2212390e-02
   3.2221940e-02
   3.2195920e-02
   3.2166060e-02
   3.2165950e-02
   3.2239910e-02
   3.2416490e-02
   3.2691450e-02
   3.3098620e-02
   3.3757660e-02
   3.4271300e-02
   3.4441720e-02
   3.4493690e-02
   3.4503280e-02
   3.4499250e-02
   3.4503470e-02
   3.4516320e-02
   3.4511200e-02
   3.4442160e-02
   3.4252700e-02
   3.3906650e-02
   3.3443800e-02
   3.2980490e-02
   3.2282330e-02
   3.1329310e-02
   3.0181680e-02
   2.8924380e-02
   2.7703160e-02
   2.6531210e-02
   2.5335390e-02
   2.4111450e-02
   2.2807420e-02
   2.1418580e-02
   2.0029440e-02
   1.8684400e-02
   1.7411230e-02
   1.6189180e-02
   1.4985940e-02
   1.4077040e-02
   1.3224450e-02
   1.2469290e-02
   1.1651750e-02
   1.0646400e-02
   9.7330160e-03
   8.9865810e-03
   8.2505540e-03
   7.3357610e-03
   6.3994120e-03
   5.4999660e-03
   4.4938150e-03
   3.5362620e-03
   2.5807180e-03
   1.6267120e-03
   7.1739340e-04
  -3.2242460e-04
  -1.3521230e-03
  -2.4371880e-03
  -3.5640870e-03
  -4.5964130e-03
  -5.5881710e-03
  -6.6971950e-03
  -7.7630450e-03
  -8.7795660e-03
  -9.6322340e-03
  -1.0578190e-02
  -1.1654950e-02
  -1.2579980e-02
  -1.3346860e-02
  -1.4135060e-02
  -1.4996040e-02
  -1.6109130e-02
  -1.7388600e-02
  -1.8730570e-02
  -2.0051060e-02
  -2.1171110e-02
  -2.1894630e-02
  -2.2625290e-02
  -2.3370970e-02
  -2.4023490e-02
  -2.4842100e-02
  -2.5882820e-02
  -2.6866070e-02
  -2.7713150e-02
  -2.8372070e-02
  -2.8672730e-02
  -2.8809020e-02
  -2.8931030e-02
  -2.9083000e-02
  -2.9235890e-02
  -2.9323690e-02
  -2.9494210e-02
  -2.9606940e-02
  -2.9382190e-02
  -2.9072400e-02
  -2.8746160e-02
  -2.8237140e-02
  -2.7591390e-02
  -2.7028710e-02
  -2.6486560e-02
  -2.6030860e-02
  -2.5614850e-02
  -2.5373800e-02
  -2.5224170e-02
  -2.5099290e-02
  -2.5035020e-02
  -2.4905340e-02
  -2.4596190e-02
  -2.4267070e-02
  -2.3707380e-02
  -2.2809000e-02
  -2.1743610e-02
  -2.0745560e-02
  -1.9836280e-02
  -1.8896030e-02
  -1.8124490e-02
  -1.7487860e-02
  -1.6869640e-02
  -1.6221010e-02
  -1.5553260e-02
  -1.5147060e-02
  -1.4953410e-02
  -1.4662950e-02
  -1.4151800e-02
  -1.3434430e-02
  -1.2758370e-02
  -1.2569830e-02
  -1.2535380e-02
  -1.2495550e-02
  -1.2386060e-02
  -1.2107890e-02
  -1.1654740e-02
  -1.1145020e-02
  -1.0875430e-02
  -1.0801970e-02
  -1.0508000e-02
  -1.0150390e-02
  -1.0051720e-02
  -1.0104040e-02
  -1.0340550e-02
  -1.0814680e-02
  -1.1456960e-02
  -1.2064900e-02
  -1.2709130e-02
  -1.3350680e-02
  -1.4007790e-02
  -1.4446590e-02
  -1.4630190e-02
  -1.4888100e-02
  -1.4975140e-02
  -1.4992750e-02
  -1.5009770e-02
  -1.5021040e-02
  -1.5046780e-02
  -1.5083520e-02
  -1.5129510e-02
  -1.5160770e-02
  -1.5147090e-02
  -1.5047140e-02
  -1.4840060e-02
  -1.4548800e-02
  -1.4299310e-02
  -1.4297870e-02
  -1.3811690e-02
  -1.3890060e-02
  -1.3828790e-02
  -1.3924030e-02
  -1.4163330e-02
  -1.4236330e-02
  -1.4247630e-02
  -1.4280730e-02
  -1.4341000e-02
  -1.4394840e-02
  -1.4344520e-02
  -1.4031090e-02
  -1.3285630e-02
  -1.2042290e-02
  -1.0509020e-02
  -9.0202550e-03
  -7.4612910e-03
  -5.6378630e-03
  -3.8705220e-03
  -2.0707600e-03
  -2.9945050e-04
   1.2139730e-03
   2.5854680e-03
   3.9305010e-03
   5.2250190e-03
   6.3185570e-03
   7.4249620e-03
   8.4555510e-03
   9.3285870e-03
   1.0071300e-02
   1.0474640e-02
   1.0644760e-02
   1.0714020e-02
   1.0673510e-02
   1.0491390e-02
   1.0148370e-02
   9.7093100e-03
   9.3403910e-03
   8.9629990e-03
   8.6098030e-03
   8.3836820e-03
   8.1242100e-03
   7.8379400e-03
   7.6870810e-03
   7.8937160e-03
   8.2313920e-03
   8.4668890e-03
   8.5709610e-03
   8.6269160e-03
   8.6581570e-03
   8.6631550e-03
   8.6493840e-03
   8.6180000e-03
   8.5862820e-03
   8.5884450e-03
   8.6842770e-03
   8.9353140e-03
   9.3695620e-03
   9.8978730e-03
   1.0304650e-02
   1.0643280e-02
   1.0797010e-02
   1.0669730e-02
   1.0474090e-02
   1.0348000e-02
   1.0094850e-02
   9.9729810e-03
   9.8660660e-03
   9.6920700e-03
   9.5018550e-03
   9.3861760e-03
   9.5048640e-03
   9.6680640e-03
   9.9060250e-03
   1.0176040e-02
   1.0535500e-02
   1.0920030e-02
   1.1217230e-02
   1.1595100e-02
   1.2037300e-02
   1.2378600e-02
   1.2740190e-02
   1.3097630e-02
   1.3404550e-02
   1.3821170e-02
   1.4307450e-02
   1.4661460e-02
   1.4983510e-02
   1.5169340e-02
   1.5167730e-02
   1.5145430e-02
   1.5203410e-02
   1.5412480e-02
   1.5806070e-02
   1.6292190e-02
   1.6625040e-02
   1.6754140e-02
   1.6983530e-02
   1.7108200e-02
   1.7273950e-02
   1.7548690e-02
   1.7814390e-02
   1.7889810e-02
   1.7911400e-02
   1.7913780e-02
   1.7836390e-02
   1.7619990e-02
   1.7180720e-02
   1.6506790e-02
   1.5709430e-02
   1.4961870e-02
   1.4386710e-02
   1.4018880e-02
   1.3564220e-02
   1.2888050e-02
   1.2072900e-02
   1.1386460e-02
   1.0735900e-02
   1.0072150e-02
   9.5900710e-03
   9.2690440e-03
   9.0662130e-03
   8.8627860e-03
   8.6393360e-03
   8.4683760e-03
   8.4799110e-03
   8.6225340e-03
   8.6349790e-03
   8.6286200e-03
   8.7404380e-03
   9.0476790e-03
   9.5712240e-03
   1.0202840e-02
   1.0960240e-02
   1.1651870e-02
   1.2164200e-02
   1.2269770e-02
   1.2005520e-02
   1.1470450e-02
   1.0762600e-02
   1.0055240e-02
   9.3654570e-03
   8.7339080e-03
   8.2481310e-03
   7.8198820e-03
   7.4592760e-03
   6.9992050e-03
   6.4344490e-03
   5.9249330e-03
   5.3951380e-03
   4.8808770e-03
   4.2607740e-03
   3.5939480e-03
   2.8808870e-03
   2.2217060e-03
   1.5189870e-03
   5.8901150e-04
  -4.0892850e-04
  -1.2878400e-03
  -1.9947930e-03
  -2.6000060e-03
  -3.2162810e-03
  -3.8618970e-03
  -4.5140090e-03
  -5.2011650e-03
  -5.7334900e-03
  -6.1288510e-03
  -6.4293500e-03
  -6.4571930e-03
  -6.2523860e-03
  -5.8538210e-03
  -5.3213010e-03
  -4.8406740e-03
  -4.4726600e-03
  -3.9672040e-03
  -3.2392230e-03
  -2.6131770e-03
  -1.9871300e-03
  -1.3172520e-03
  -6.9332130e-04
  -7.3738630e-05
   3.9430200e-04
   7.9226590e-04
   1.2029560e-03
   1.5102940e-03
   1.8035840e-03
   2.0190120e-03
   2.0889450e-03
   2.1070100e-03
   2.0775060e-03
   1.9771780e-03
   1.7889350e-03
   1.5219900e-03
   1.2568250e-03
   1.1358700e-03
   1.0458360e-03
   9.1904670e-04
   7.5529600e-04
   5.8644700e-04
   5.2483100e-04
   6.9855000e-04
