  -8.0995300e-02
  -8.7049100e-02
  -8.0125400e-02
  -5.5572600e-02
   6.8042900e-03
   7.3436800e-02
   1.2342400e-01
   1.6202100e-01
   1.6720200e-01
   1.4817800e-01
   1.0576000e-01
   5.7934700e-02
   1.7390500e-02
  -1.0124600e-02
  -2.4916300e-02
  -2.9839500e-02
  -1.9725500e-02
   1.1428000e-02
   4.7415200e-02
   6.7914600e-02
   7.9294000e-02
   8.8700900e-02
   9.3739800e-02
   8.9265100e-02
   6.2509400e-02
   2.2685600e-02
  -1.9735800e-02
  -4.8968500e-02
  -6.7559500e-02
  -7.9358400e-02
  -8.5196000e-02
  -8.2518000e-02
  -7.0254400e-02
  -3.9410400e-02
  -1.4214900e-03
   3.0153200e-02
   4.7556300e-02
   5.2538900e-02
   3.9297500e-02
   1.8836600e-04
  -4.7553400e-02
  -8.3591800e-02
  -1.1229600e-01
  -1.2566700e-01
  -1.2306200e-01
  -1.1002100e-01
  -8.5051000e-02
  -5.8871900e-02
  -3.8966100e-02
  -2.3622800e-02
  -8.9264200e-03
   8.7066600e-03
   2.2122900e-02
   3.4719500e-02
   4.6927900e-02
   5.6042600e-02
   6.3811500e-02
   6.7804400e-02
   6.8554000e-02
   6.8990000e-02
   7.5491600e-02
   9.0683800e-02
   1.0355900e-01
   9.9666700e-02
   6.5876400e-02
   1.9278300e-02
  -4.7066600e-03
  -1.2296000e-02
  -1.6584900e-02
  -2.2864300e-02
  -3.1607300e-02
  -3.6504800e-02
  -3.0957900e-02
  -1.0832900e-02
   1.4308300e-02
   2.3661700e-02
   2.3942400e-02
   1.9439100e-02
   1.0502000e-02
  -1.4667100e-03
  -1.6699700e-02
  -3.4835300e-02
  -5.1570500e-02
  -6.0594500e-02
  -6.1498900e-02
  -4.9166200e-02
  -2.6602400e-02
   3.5477900e-03
   2.4212200e-02
   3.7441700e-02
   4.1755700e-02
   3.6078100e-02
   1.3538000e-02
  -1.9425000e-02
  -5.4456900e-02
  -7.9770500e-02
  -9.8257800e-02
  -1.0669000e-01
  -1.0734200e-01
  -1.0392900e-01
  -9.3057800e-02
  -7.4063600e-02
  -5.0159500e-02
  -1.7179000e-02
   1.8270000e-02
   4.8508700e-02
   7.4986800e-02
   9.4579400e-02
   1.0404900e-01
   9.7720400e-02
   6.8427300e-02
   2.9197500e-02
  -1.2299100e-02
  -3.9754100e-02
  -5.3264500e-02
  -5.9807800e-02
  -6.2485700e-02
  -6.2328500e-02
  -5.6311200e-02
  -3.9255100e-02
  -9.8591200e-03
   3.0452600e-02
   7.2556000e-02
   9.8063800e-02
   1.1032400e-01
   1.1426700e-01
   1.0989700e-01
   1.0218700e-01
   9.5267800e-02
   9.4569700e-02
   9.9475900e-02
   1.0610300e-01
   1.1064100e-01
   1.0999300e-01
   1.0654900e-01
   9.8004900e-02
   8.1012600e-02
   5.4196300e-02
   3.0721800e-02
   2.0472700e-02
   2.0741900e-02
   2.5923300e-02
   3.5757200e-02
   4.5951400e-02
   5.6050100e-02
   6.5652300e-02
   6.7832300e-02
   6.1480900e-02
   4.7029400e-02
   3.0175700e-02
   1.6053400e-02
   8.0419800e-03
   5.0686300e-03
   3.9885300e-03
   2.7441000e-03
  -2.7543900e-03
  -1.2446000e-02
  -2.2434900e-02
  -2.7158700e-02
  -2.7535000e-02
  -2.7103600e-02
  -3.0464800e-02
  -4.5161400e-02
  -6.8997100e-02
  -8.8273500e-02
  -9.1152300e-02
  -7.5587500e-02
  -5.8194500e-02
  -4.9076600e-02
  -4.5538700e-02
  -4.5447500e-02
  -4.5811500e-02
  -4.3874300e-02
  -3.7840600e-02
  -2.7314700e-02
  -1.7723500e-02
  -1.6779300e-02
  -2.3482900e-02
  -3.1982500e-02
  -3.6744800e-02
  -3.6199800e-02
  -3.3044200e-02
  -2.9003600e-02
  -2.5778900e-02
  -2.3560700e-02
  -2.1509700e-02
  -1.5911200e-02
  -3.9657600e-03
   1.4328900e-02
   3.3698200e-02
   4.9159100e-02
   5.1490100e-02
   4.2931000e-02
   2.9905600e-02
   1.8104300e-02
   9.9456400e-03
   1.7940000e-03
  -3.7293500e-03
  -2.4484700e-03
   8.3464200e-03
   2.4529400e-02
   3.9104600e-02
   4.5865800e-02
   3.7088600e-02
   1.0941000e-02
  -2.7860400e-02
  -5.7539800e-02
  -8.3766200e-02
  -1.0730300e-01
  -1.2518800e-01
  -1.3684500e-01
  -1.4258600e-01
  -1.4311600e-01
  -1.3826100e-01
  -1.2797300e-01
  -1.1229200e-01
  -9.6819300e-02
  -7.7058100e-02
  -4.4661400e-02
  -1.7341800e-03
   3.7875400e-02
   8.1621900e-02
   1.1362400e-01
   1.2384100e-01
   1.1660800e-01
   9.4424000e-02
   7.0780000e-02
   4.7041000e-02
   1.4153400e-02
  -2.0330900e-02
  -4.9952300e-02
  -6.9010700e-02
  -7.5397600e-02
  -7.8505500e-02
  -8.0797900e-02
  -8.1529800e-02
  -7.7738400e-02
  -6.6855100e-02
  -5.1264500e-02
  -3.6560200e-02
  -2.1808300e-02
  -1.2805100e-02
  -9.8704900e-03
  -7.7743500e-03
  -1.4386900e-03
   1.2325100e-02
   2.9860300e-02
   4.5342100e-02
   5.6873700e-02
   6.1742700e-02
   6.5413500e-02
   6.7048700e-02
   6.8136000e-02
   6.8798000e-02
   7.1742700e-02
   7.4681400e-02
   8.0485000e-02
   7.8426900e-02
   6.1104000e-02
  -1.5945000e-03
  -7.6000300e-02
  -1.2881000e-01
  -1.4473400e-01
  -1.3539900e-01
  -1.0492500e-01
  -5.2597600e-02
  -3.7332700e-03
   3.3451600e-02
   5.5100100e-02
   6.9246100e-02
   8.6150200e-02
   1.0978900e-01
   1.3034000e-01
   1.3711300e-01
   1.2914100e-01
   1.0336100e-01
   6.8951100e-02
   3.3771500e-02
   3.9584500e-03
  -1.2123800e-02
  -2.6092100e-02
  -4.4353000e-02
  -5.5956700e-02
  -5.8524400e-02
  -4.9532100e-02
  -3.2647400e-02
  -1.8328500e-02
  -1.5584100e-02
  -1.6484400e-02
  -1.3931500e-02
   3.3433100e-04
   1.8149700e-02
   3.1953100e-02
   3.3980000e-02
   2.7395100e-02
   1.8533200e-02
   1.8561200e-02
   3.8422300e-02
   6.9127100e-02
   8.5201100e-02
   8.5563000e-02
   7.2441800e-02
   4.2896300e-02
   5.3071800e-04
  -5.1727600e-02
  -1.0969400e-01
  -1.5572100e-01
  -1.8103800e-01
  -1.8585900e-01
  -1.7314100e-01
  -1.2719000e-01
  -2.5482000e-02
   6.0306600e-02
   1.1174100e-01
   1.3335400e-01
   1.2918900e-01
   1.1272200e-01
   8.4079200e-02
   4.5379100e-02
   7.2262100e-03
  -2.9800600e-02
  -5.1889000e-02
  -5.0385500e-02
  -3.3551700e-02
   8.2261600e-03
   5.1250500e-02
   8.5642400e-02
   1.0182900e-01
   1.0259000e-01
   8.3163500e-02
   5.3393000e-02
  -1.5562400e-04
  -5.4948300e-02
  -7.8409300e-02
  -8.0775300e-02
  -6.8740700e-02
  -4.7454700e-02
  -3.5955300e-02
  -3.1585400e-02
  -2.9154500e-02
  -2.8291600e-02
  -2.9397400e-02
  -3.1026200e-02
  -3.0575600e-02
  -2.5062500e-02
  -1.6510600e-02
  -9.4919200e-03
  -7.2895700e-03
  -8.4200300e-03
  -1.2389600e-02
  -1.9298500e-02
  -3.1706300e-02
  -4.2657500e-02
  -4.2441300e-02
  -3.0552700e-02
  -8.0873800e-03
   1.2586900e-02
   2.2770400e-02
   2.5496100e-02
   1.8932300e-02
   7.7210500e-03
  -4.1684600e-03
  -1.3602000e-02
  -1.9654200e-02
  -1.8674100e-02
  -8.6194700e-03
   8.3562200e-03
   1.9899400e-02
   2.6638900e-02
   3.2670900e-02
   4.1049000e-02
   4.6756200e-02
   4.5218100e-02
   3.1008800e-02
   9.7757500e-03
  -4.7337400e-03
  -7.9705500e-03
  -3.1358400e-03
   7.9698000e-03
   3.0379200e-02
   5.6834400e-02
   6.9723800e-02
   6.9329700e-02
   5.3162400e-02
   2.8551000e-02
   2.1228900e-03
  -1.6210500e-02
  -2.2744900e-02
  -2.5583300e-02
  -2.9004900e-02
  -2.8773600e-02
  -2.2813800e-02
  -9.1070800e-03
   3.8616900e-03
   9.1654700e-03
   6.9351100e-03
  -9.2080900e-03
  -3.5904500e-02
  -5.5475200e-02
  -5.8384100e-02
  -4.7997000e-02
  -3.2606100e-02
  -1.8312700e-02
  -7.4769400e-03
   5.9078300e-03
   2.0371400e-02
   3.2193000e-02
   3.6140100e-02
   3.3123400e-02
   2.4239900e-02
   1.8253200e-02
   2.1730900e-02
   3.0308000e-02
   3.2871800e-02
   2.5578700e-02
   9.8170500e-03
  -7.3267200e-03
  -2.4474800e-02
  -3.9538000e-02
  -4.6397900e-02
  -3.8716500e-02
  -1.5582500e-02
   2.1719700e-02
   4.9491800e-02
   5.2113800e-02
   2.6153200e-02
  -1.4493400e-02
  -5.2644900e-02
  -6.5376200e-02
  -5.6492400e-02
  -3.1420700e-02
  -4.9996900e-03
   7.6010000e-03
   7.6875600e-03
  -3.9678900e-03
  -2.4141800e-02
  -3.9465700e-02
  -4.6892400e-02
  -4.3719600e-02
  -2.8201500e-02
   9.6434000e-03
   5.1600900e-02
   7.6307300e-02
   8.6053700e-02
   8.9254800e-02
   8.7069600e-02
   8.1560400e-02
   6.6264900e-02
   3.3883800e-02
  -7.0558000e-03
  -3.7097800e-02
  -6.6718800e-02
  -8.7869300e-02
  -9.6115900e-02
  -9.0889500e-02
  -8.0356100e-02
  -5.8872700e-02
  -3.2742600e-02
  -6.9173300e-03
   1.1207100e-02
   2.7997500e-02
   4.5042500e-02
   6.4892600e-02
   8.0675300e-02
   9.1453200e-02
   9.6834900e-02
   1.0147100e-01
   1.0432700e-01
   9.7348100e-02
   8.8823200e-02
   8.7704400e-02
   7.9787300e-02
   5.7265900e-02
   2.6705000e-02
   5.7988400e-02
   5.9324600e-02
   7.3074700e-02
   8.1143600e-02
   7.8309800e-02
   5.4271100e-02
   2.7542900e-02
   5.7279700e-03
  -3.1976200e-02
  -5.5868700e-02
  -7.8737500e-02
  -9.1424800e-02
  -1.0251000e-01
  -1.1244100e-01
  -1.3778400e-01
  -1.6775600e-01
  -1.9212600e-01
  -1.9522900e-01
  -1.8587500e-01
  -1.5562100e-01
  -1.0176700e-01
  -6.3366700e-02
  -2.9993400e-02
   3.8169100e-02
   6.6291700e-02
   7.3780200e-02
   8.5565900e-02
   9.1719400e-02
   9.9125700e-02
   1.0053600e-01
   1.0388500e-01
   1.0058700e-01
   1.0005700e-01
   9.4546000e-02
   8.7213300e-02
   6.8486400e-02
   1.6467500e-02
  -7.6727000e-02
  -1.1811100e-01
  -1.8271100e-01
  -2.2225200e-01
  -2.4875500e-01
  -2.3984800e-01
  -2.0673700e-01
  -1.1256300e-01
  -2.4880800e-02
  -1.8550300e-02
  -8.2787400e-02
  -1.4679700e-01
  -1.8528000e-01
  -2.1380300e-01
  -2.3312000e-01
  -2.4877800e-01
  -2.5575500e-01
  -2.7451100e-01
  -2.8378700e-01
  -2.7571200e-01
  -2.2940200e-01
  -1.5868900e-01
  -8.3114700e-02
  -1.6055700e-05
   9.6322400e-02
   1.7511500e-01
   2.4045500e-01
   2.8639000e-01
   2.6153100e-01
   1.7664300e-01
   9.9340900e-02
   4.8921800e-02
   3.0058900e-02
   6.0994000e-02
   1.1855400e-01
   1.6675500e-01
   2.2831400e-01
   3.2742400e-01
   4.0604200e-01
   4.2004700e-01
   4.5020200e-01
   4.7448900e-01
   4.4670800e-01
   3.9248700e-01
   3.2030200e-01
   2.6538400e-01
   2.1470500e-01
   1.5956400e-01
   9.0991800e-02
   4.1266100e-02
   2.4127300e-02
   1.1517600e-02
  -3.8246500e-03
  -2.5729700e-02
  -8.2090200e-02
  -1.2961900e-01
  -1.7039800e-01
  -2.0555000e-01
  -2.0815600e-01
  -2.0349300e-01
  -1.9318600e-01
  -1.9048500e-01
  -1.9345500e-01
  -2.0648100e-01
  -2.1274600e-01
  -2.1256900e-01
  -1.9990600e-01
  -1.7755500e-01
  -1.3517400e-01
  -8.9765300e-02
  -4.8595100e-02
  -1.5458500e-02
   3.3957800e-03
   9.9070900e-03
   1.1321400e-02
   7.4413600e-03
   2.6856500e-03
  -1.9378700e-03
  -1.6012600e-03
   3.8758100e-03
   1.3412400e-02
   1.9129200e-02
   2.3623100e-02
   2.7998200e-02
   3.8162400e-02
   5.3693700e-02
   7.7891800e-02
   1.0425500e-01
   1.1916600e-01
   1.2499700e-01
   1.2746900e-01
   1.2239500e-01
   1.0758100e-01
   8.7470700e-02
   6.9102600e-02
   5.4592500e-02
   4.4874300e-02
   3.7455500e-02
   3.1207500e-02
   2.0828700e-02
   8.1090600e-03
  -5.7015300e-03
  -1.3909600e-02
  -1.7972600e-02
  -1.8512400e-02
  -1.8130800e-02
  -1.6305200e-02
  -1.2915300e-02
  -6.6202800e-03
   7.8327900e-03
   2.8464500e-02
   4.2252200e-02
   4.9974900e-02
   5.3101100e-02
   5.2583500e-02
   4.6365400e-02
   3.0390000e-02
   9.7033300e-03
  -1.0160000e-02
  -3.0202300e-02
  -4.1443600e-02
  -5.1921700e-02
  -6.5057200e-02
  -7.1035400e-02
  -6.4695200e-02
  -4.8081400e-02
  -2.9205500e-02
  -2.0821000e-02
  -2.0762100e-02
  -2.9987800e-02
  -4.1397700e-02
  -5.1099300e-02
  -5.5267500e-02
  -5.6412100e-02
  -5.6880700e-02
  -5.2831200e-02
  -3.5726600e-02
  -6.7918200e-03
   2.2244400e-02
   5.0269600e-02
   7.1583300e-02
   8.4850900e-02
   9.2480300e-02
   9.3969600e-02
   9.3251600e-02
   8.9227600e-02
   8.4181100e-02
   7.0227400e-02
   5.0706200e-02
   3.0898400e-02
   1.2565400e-02
  -7.0016600e-04
  -8.5051300e-03
  -1.9500800e-02
  -3.3035400e-02
  -4.1685900e-02
  -4.2573400e-02
  -3.9739400e-02
  -3.9443300e-02
  -4.6489200e-02
  -6.0718000e-02
  -7.5170400e-02
  -8.0178300e-02
  -7.5216900e-02
  -6.0693100e-02
  -4.4246700e-02
  -2.9389400e-02
  -1.4624300e-02
   1.6877500e-03
   1.2707400e-02
   1.3560800e-02
   5.0813300e-03
  -5.6283700e-03
  -1.2304800e-02
  -1.4106500e-02
  -1.5770400e-02
  -1.7468200e-02
  -2.3334700e-02
  -3.2226000e-02
  -4.6670200e-02
  -6.3248900e-02
  -7.9268700e-02
  -9.2447300e-02
  -1.0222100e-01
  -1.1095200e-01
  -1.1520900e-01
  -1.1524200e-01
  -1.0991800e-01
  -9.6595800e-02
  -7.1423200e-02
  -4.3934100e-02
  -1.7670800e-02
   2.2471200e-03
   1.5733200e-02
   2.3088400e-02
   2.4072800e-02
   1.8133400e-02
   4.0850400e-03
  -1.5898900e-02
  -3.5600900e-02
  -5.2437400e-02
  -6.1465400e-02
  -6.3353600e-02
  -5.9942500e-02
  -4.9676800e-02
  -3.6932100e-02
  -2.7594200e-02
  -2.2356700e-02
  -1.9623000e-02
  -1.8393800e-02
  -1.6818700e-02
  -1.5355800e-02
  -1.3572400e-02
  -1.2117000e-02
  -1.0036400e-02
  -2.5306400e-03
   1.3342600e-02
   3.8454500e-02
   6.4327700e-02
   8.2960600e-02
   9.7163000e-02
   1.0528600e-01
   1.0838200e-01
   1.0782900e-01
   9.6018900e-02
   7.4084400e-02
   5.2973200e-02
   3.2664600e-02
   2.4278000e-02
   2.5786800e-02
   3.2855700e-02
   4.3333700e-02
   5.2243800e-02
   5.7105000e-02
   5.8103000e-02
   5.5591000e-02
   5.1100600e-02
   4.7677200e-02
   4.7819400e-02
   5.0997100e-02
   5.5704300e-02
   5.7125900e-02
   5.3251800e-02
   4.3943400e-02
   3.1689400e-02
   2.1604200e-02
   1.3995600e-02
   9.9626500e-03
   7.7321700e-03
   8.3562000e-03
   1.0578700e-02
   1.4502400e-02
   1.8115300e-02
   1.9706700e-02
   1.7438600e-02
   7.6791300e-03
  -9.6812700e-03
  -2.7333300e-02
  -4.4364800e-02
  -6.1876300e-02
  -7.5725300e-02
  -8.1699800e-02
  -8.4728700e-02
  -8.7461900e-02
  -8.8580300e-02
  -8.6187700e-02
  -7.6794100e-02
  -5.2964200e-02
  -1.9698700e-02
   1.0712200e-02
   3.0478300e-02
   3.5772900e-02
   3.2008000e-02
   1.6982100e-02
   1.2314100e-03
  -1.4375800e-02
  -2.8313500e-02
  -4.2848200e-02
  -5.3124000e-02
  -6.1969400e-02
  -6.6110800e-02
  -6.4570500e-02
  -5.5675400e-02
  -4.4501100e-02
  -3.8291200e-02
  -3.5555600e-02
  -3.2343300e-02
  -2.6819500e-02
  -1.8220400e-02
  -1.1678300e-02
  -1.0224000e-02
  -1.5708600e-02
  -2.7434900e-02
  -3.7538900e-02
  -4.4443200e-02
  -4.8341300e-02
  -4.9158600e-02
  -4.7140600e-02
  -4.2548300e-02
  -3.3920800e-02
  -1.4074800e-02
   6.7119400e-03
   3.3283200e-02
   5.3330800e-02
   6.6376200e-02
   7.6923700e-02
   8.4330200e-02
   9.0870200e-02
   9.4047600e-02
   9.3803100e-02
   8.8898300e-02
   7.5630200e-02
   5.7197300e-02
   3.9306100e-02
   2.2429500e-02
   6.3708800e-03
  -6.1722100e-03
  -1.3509600e-02
  -1.7611800e-02
  -1.7768300e-02
  -1.3674400e-02
  -8.1065900e-03
  -2.9132900e-03
   2.5942300e-03
   8.2928800e-03
   1.7001200e-02
   2.9669300e-02
   4.2256700e-02
   4.9764800e-02
   4.9101300e-02
   4.3202400e-02
   3.5376100e-02
   2.8319500e-02
   2.3086000e-02
   1.8154700e-02
   9.1658200e-03
  -5.6157900e-03
  -2.0777200e-02
  -3.4698400e-02
  -4.3867600e-02
  -4.6973400e-02
  -4.6959200e-02
  -4.8016200e-02
  -5.0043400e-02
  -5.2332700e-02
  -5.4623300e-02
  -5.5816300e-02
  -5.4282000e-02
  -5.2669400e-02
  -5.1588500e-02
  -5.1755900e-02
  -5.3609900e-02
  -5.3852200e-02
  -5.2702200e-02
  -4.9515900e-02
  -4.2830000e-02
  -3.4256200e-02
  -2.4062100e-02
  -9.4290900e-03
   7.7632700e-03
   2.4424800e-02
   3.4141400e-02
   3.6347400e-02
   3.4106400e-02
   3.1479500e-02
   2.8928000e-02
   2.7613700e-02
   2.8349600e-02
   3.2421500e-02
   4.0311000e-02
   5.2574300e-02
   6.2818400e-02
   6.7233300e-02
   6.7225500e-02
   6.1388000e-02
   4.4933800e-02
   2.6409000e-02
   9.5551400e-03
  -1.4898100e-03
  -7.9119000e-03
  -1.3099900e-02
  -1.7655700e-02
  -1.9792300e-02
  -1.7081300e-02
  -8.7724400e-03
   4.7788800e-03
   2.2918000e-02
   4.3876100e-02
   6.1886700e-02
   7.4087400e-02
   7.9950100e-02
   8.2061400e-02
   8.2588800e-02
   8.3026400e-02
   8.0851500e-02
   7.7845100e-02
   7.3643200e-02
   6.7918800e-02
   6.0014100e-02
   5.2854800e-02
   4.8110700e-02
   4.4426600e-02
   4.0602900e-02
   3.3897500e-02
   2.2039000e-02
   4.4768800e-03
  -1.3544400e-02
  -3.1802400e-02
  -4.7982800e-02
  -5.6410600e-02
  -5.8486400e-02
  -5.7540900e-02
  -5.7052900e-02
  -5.6526000e-02
  -5.4307200e-02
  -4.9143000e-02
  -4.0922600e-02
  -3.1267200e-02
  -2.4383200e-02
  -2.0483000e-02
  -1.9803900e-02
  -2.1950500e-02
  -2.7037400e-02
  -3.5922500e-02
  -4.5559500e-02
  -5.0401800e-02
  -5.1155400e-02
  -4.9688500e-02
  -4.6523500e-02
  -4.1935900e-02
  -3.9028200e-02
  -3.7771100e-02
  -3.6339600e-02
  -3.2524000e-02
  -2.7242600e-02
  -2.1535900e-02
  -1.6533300e-02
  -1.1372300e-02
  -7.7656900e-03
  -5.2442600e-03
  -4.9080900e-03
  -6.2222800e-03
  -8.5218800e-03
  -9.4558800e-03
  -9.0635400e-03
  -6.9949700e-03
  -3.8389900e-03
   2.4688200e-03
   9.8230100e-03
   1.7966300e-02
   2.1426900e-02
   1.7938200e-02
   5.9802100e-03
  -7.3801800e-03
  -1.4684600e-02
  -1.8138700e-02
  -1.7868900e-02
  -1.5512100e-02
  -1.1712200e-02
  -6.9500100e-03
  -1.0117500e-03
   9.6271900e-03
   2.2595800e-02
   3.8629800e-02
   5.7467400e-02
   7.7492200e-02
   9.0009400e-02
   9.5758100e-02
   9.6692800e-02
   8.9925400e-02
   7.4903200e-02
   5.7608500e-02
   4.3250800e-02
   3.7119400e-02
   3.7950800e-02
   3.8361000e-02
   3.7282900e-02
   3.0022700e-02
   1.7382800e-02
   3.6767900e-03
  -7.6123100e-03
  -1.2812700e-02
  -1.5557200e-02
  -1.7759400e-02
  -2.0646900e-02
  -2.3160600e-02
  -2.4113400e-02
  -2.3232400e-02
  -2.0664600e-02
  -1.5601500e-02
  -8.8779300e-03
  -4.4910200e-03
  -4.9317500e-03
  -9.2420700e-03
  -1.5347600e-02
  -2.3244800e-02
  -2.8215900e-02
  -3.0952500e-02
  -3.1871600e-02
  -3.2995000e-02
  -3.3869700e-02
  -3.4381700e-02
  -3.5074700e-02
  -3.3392800e-02
  -2.7400600e-02
  -1.7301900e-02
  -1.0751600e-02
  -9.2762300e-03
  -1.2258200e-02
  -2.2291900e-02
  -3.2405000e-02
  -4.0175700e-02
  -4.2363200e-02
  -4.1625700e-02
  -3.9105500e-02
  -3.5391300e-02
  -3.1398500e-02
  -2.7475000e-02
  -2.2476600e-02
  -1.9906300e-02
  -1.8995300e-02
  -1.9628300e-02
  -1.9533800e-02
  -1.7061200e-02
  -1.2164800e-02
  -6.1907200e-03
   9.3193000e-04
   8.0275100e-03
   1.6798300e-02
   2.3800700e-02
   2.9551200e-02
   3.2329200e-02
   3.2210800e-02
   2.6078100e-02
   1.3882500e-02
   1.1287300e-03
  -1.1021400e-02
  -2.3679200e-02
  -3.4317100e-02
  -4.0104600e-02
  -4.0851500e-02
  -3.9856300e-02
  -3.5818900e-02
  -3.0134600e-02
  -1.7567300e-02
  -5.1731100e-04
   1.5637700e-02
   2.6073800e-02
   3.1714900e-02
   3.5217900e-02
   3.6825400e-02
   3.3307100e-02
   2.4585100e-02
   1.3144000e-02
   1.9701200e-03
  -6.6385800e-03
  -8.7518400e-03
  -8.5669800e-03
  -9.2308500e-03
  -1.3455700e-02
  -2.0154200e-02
  -2.5885900e-02
  -2.9703100e-02
  -2.9607900e-02
  -2.6739700e-02
  -2.1462500e-02
  -1.5280000e-02
  -6.6347700e-03
   1.1116500e-03
   7.7325700e-03
   1.3807100e-02
   2.2846900e-02
   3.1098000e-02
   3.3460000e-02
   3.0279800e-02
   2.2179700e-02
   1.3612200e-02
   6.3825800e-03
   2.2818600e-03
   1.0178800e-03
   1.4505300e-03
   6.2317800e-03
   1.3925300e-02
   2.3982600e-02
   3.0881500e-02
   3.4640900e-02
   3.6481400e-02
   3.8277900e-02
   4.0529300e-02
   4.1793000e-02
   4.1632000e-02
   4.3600800e-02
   4.9282000e-02
   5.7424000e-02
   6.5362900e-02
   6.8197600e-02
   6.5839400e-02
   5.5817600e-02
   4.4262600e-02
   3.2970900e-02
   2.1908100e-02
   1.0256000e-02
  -5.8082300e-04
  -1.1302800e-02
  -2.1652800e-02
  -3.0547200e-02
  -3.5384900e-02
  -3.7893300e-02
  -3.9271500e-02
  -3.7704100e-02
  -3.3385900e-02
  -2.8381400e-02
  -2.3929700e-02
  -2.1442600e-02
  -2.0830600e-02
  -2.1703100e-02
  -2.2859900e-02
  -2.4084400e-02
  -2.6455000e-02
  -2.7253200e-02
  -2.6803400e-02
  -2.5188500e-02
  -2.1625800e-02
  -1.5467100e-02
  -7.2833300e-03
   4.6719300e-04
   8.2397700e-03
   1.2209900e-02
   1.2974700e-02
   1.2158900e-02
   1.0705400e-02
   9.8313200e-03
   1.1088800e-02
   1.3385900e-02
   1.6199300e-02
   1.7951000e-02
   1.9382000e-02
   2.1703800e-02
   2.5125800e-02
   2.8121300e-02
   3.0110600e-02
   3.0575100e-02
   3.0014500e-02
   2.7193800e-02
   2.1865700e-02
   1.4601200e-02
   7.8098600e-03
   1.5662900e-03
  -3.0617500e-03
  -5.4357800e-03
  -5.4494900e-03
  -4.8112900e-03
  -5.2326100e-03
  -6.7173800e-03
  -1.1585100e-02
  -2.0366100e-02
  -2.9578100e-02
  -3.8490100e-02
  -4.5381500e-02
  -5.1069900e-02
  -5.3258900e-02
  -5.4808500e-02
  -5.6160300e-02
  -5.7724700e-02
  -6.0921400e-02
  -6.5574100e-02
  -7.2037200e-02
  -7.8595700e-02
  -8.3464600e-02
  -8.6781300e-02
  -8.7734200e-02
  -8.6162800e-02
  -8.1731900e-02
  -7.5046700e-02
  -6.7779700e-02
  -5.9695900e-02
  -5.2471600e-02
  -4.7685600e-02
  -4.3103900e-02
  -3.6578600e-02
  -2.9527100e-02
  -2.2140700e-02
  -1.3188500e-02
  -3.8994800e-03
   7.7942800e-03
   2.0497100e-02
   3.2158600e-02
   4.3929100e-02
   5.1769500e-02
   5.4308900e-02
   5.4278900e-02
   5.2444700e-02
   5.0619600e-02
   4.9440900e-02
   4.8548000e-02
   4.9042500e-02
   5.2865300e-02
   5.7745300e-02
   6.1189400e-02
   6.1476900e-02
   6.0680100e-02
   6.0826000e-02
   6.1863900e-02
   6.2423700e-02
   6.0845400e-02
   5.7783700e-02
   5.4091100e-02
   5.3343600e-02
   5.4552500e-02
   5.8174200e-02
   6.2288100e-02
   6.4733200e-02
   6.1544100e-02
   5.5175500e-02
   4.4453100e-02
   3.2630300e-02
   2.1148600e-02
   1.2819300e-02
   6.0284000e-03
   5.6373800e-04
  -4.2079200e-03
  -9.8391500e-03
  -1.4970600e-02
  -1.9778400e-02
  -2.2022900e-02
  -2.2718000e-02
  -2.1117600e-02
  -1.8915100e-02
  -1.4324400e-02
  -8.9816400e-03
  -4.9651000e-03
  -4.3111200e-04
   2.2548900e-03
   3.4151800e-03
   4.9662200e-03
   4.5566000e-03
   1.8673600e-03
  -2.2709700e-03
  -8.1606500e-03
  -1.5073900e-02
  -1.9990500e-02
  -2.2084700e-02
  -2.2055600e-02
  -1.9037700e-02
  -1.4268700e-02
  -9.0323100e-03
  -3.9172800e-03
   2.6585000e-04
   3.1107900e-03
   5.5616800e-03
   7.3488400e-03
   7.3610700e-03
   7.2923700e-03
   5.5848500e-03
   2.2792900e-03
  -8.9481300e-04
  -2.8718200e-03
  -3.4266100e-03
  -4.7405800e-03
  -6.9959900e-03
  -1.0154600e-02
  -1.3676500e-02
  -1.7709000e-02
  -2.0373600e-02
  -2.0068600e-02
  -1.7601500e-02
  -1.1280300e-02
  -3.8190600e-03
   3.1660400e-03
   9.3337300e-03
   1.2388200e-02
   1.4167500e-02
   1.5771400e-02
   1.4853300e-02
   1.2888800e-02
   1.2452700e-02
   1.2283900e-02
   1.2529700e-02
   1.3117000e-02
   1.3824500e-02
   1.4928200e-02
   1.5532200e-02
   1.5497000e-02
   1.3576200e-02
   1.0429100e-02
   7.2232700e-03
   1.9389400e-03
  -7.1199000e-03
  -1.5853600e-02
  -2.3492000e-02
  -2.8082600e-02
  -3.1092900e-02
  -3.3446100e-02
  -3.7437500e-02
  -4.2436800e-02
  -4.7907200e-02
  -5.2314100e-02
  -5.4692600e-02
  -5.4536400e-02
  -5.0425900e-02
  -4.2343400e-02
  -3.1480500e-02
  -1.9683600e-02
  -8.9221400e-03
  -2.1757200e-04
   4.1733100e-03
   4.1125600e-03
   2.9755900e-04
  -4.9956700e-03
  -9.8688600e-03
  -1.3555900e-02
  -1.4759100e-02
  -1.3354300e-02
  -1.0638400e-02
  -5.3622000e-03
   9.9861900e-04
   5.1847800e-03
   7.9537800e-03
   9.7307900e-03
   9.7237600e-03
   1.0490500e-02
   1.0842600e-02
   1.2438200e-02
   1.5628100e-02
   1.9944000e-02
   2.4128200e-02
   2.7644200e-02
   2.7976100e-02
   2.7522800e-02
   2.6621500e-02
   2.5109200e-02
   2.2169300e-02
   1.6833500e-02
   1.0959000e-02
   4.7352200e-03
   3.5049400e-04
  -1.2714300e-03
  -2.7900500e-06
   4.0525300e-03
   9.7771700e-03
   1.5474200e-02
   1.9759200e-02
   2.2037200e-02
   2.2054900e-02
   1.9480100e-02
   1.6433400e-02
   1.5481700e-02
   1.5497700e-02
   1.6081500e-02
   1.6793700e-02
   1.9016800e-02
   2.0762800e-02
   2.2493000e-02
   2.2526100e-02
   2.1460000e-02
   1.8362700e-02
   1.6407600e-02
   1.3661000e-02
   1.1631000e-02
   8.8328800e-03
   4.0359900e-03
  -1.9052700e-03
  -6.5628400e-03
  -1.0052700e-02
  -1.2465300e-02
  -1.5655900e-02
  -2.1047500e-02
