   3.2543500e-02
   4.4510200e-02
   2.2641500e-02
   5.1832400e-03
   2.6844000e-02
   2.8209900e-02
  -1.5465300e-03
  -2.3294900e-02
  -1.8465100e-02
  -2.3023500e-02
  -3.4912500e-02
  -6.0192100e-02
  -5.1064100e-02
   2.0789800e-03
   5.0157800e-02
   4.2793400e-02
   2.9464100e-02
   3.2862800e-02
   2.1116600e-02
   9.6143500e-04
  -1.5939900e-02
  -9.7321200e-03
  -7.3962600e-03
   5.0284200e-03
   3.6628100e-02
   2.9554500e-02
   2.8713100e-03
  -1.5528400e-02
  -3.7233900e-02
  -1.6941000e-02
   2.5364600e-02
   5.7452800e-02
   6.1070800e-02
   3.4073500e-02
   1.5119000e-02
   5.5269300e-03
   3.4655800e-03
   1.1286000e-02
   1.7781400e-02
   2.5312100e-02
   5.0284800e-02
   4.9058900e-02
   2.9598300e-02
   4.2487100e-02
   5.7242500e-02
   5.7384400e-02
   6.4506100e-02
   7.8214900e-02
   8.1919600e-02
   7.4090200e-02
   6.4020800e-02
   5.5768000e-02
   3.3236300e-02
  -8.5693600e-03
  -3.5835900e-02
  -3.0889900e-02
  -1.2551300e-02
   2.6182500e-03
   1.1436200e-02
   2.7166700e-02
   4.6409100e-02
   5.4021400e-02
   4.5234200e-02
   2.8392000e-02
   1.1660000e-02
  -1.2808700e-02
  -3.7109200e-02
  -4.0835200e-02
  -3.8658400e-02
  -2.7821900e-02
  -1.4660300e-03
   1.0822000e-02
  -8.7640100e-03
  -5.2750400e-02
  -7.8596100e-02
  -8.2300700e-02
  -7.6139900e-02
  -6.1647600e-02
  -6.3750800e-02
  -7.2556400e-02
  -8.0003400e-02
  -8.0672400e-02
  -6.9178000e-02
  -4.5430300e-02
  -1.3238000e-02
   4.2866800e-03
  -1.1424300e-02
  -2.8880500e-02
  -9.5779900e-03
   4.2854200e-02
   1.0371600e-01
   1.3960200e-01
   1.4112500e-01
   8.3839000e-02
   2.1804700e-02
  -5.6893200e-03
   2.6074200e-03
   4.3679800e-02
   7.5271300e-02
   1.1113100e-01
   1.3834800e-01
   1.4608000e-01
   1.4878000e-01
   1.2142600e-01
   8.9306900e-02
   4.9921700e-02
   5.3273600e-03
  -1.0016800e-03
   3.6057200e-03
  -1.8530300e-02
  -6.7097500e-02
  -1.0666800e-01
  -1.1862400e-01
  -1.1042900e-01
  -5.0661000e-02
   1.5037300e-02
   1.0846200e-02
  -2.7400700e-02
  -4.8673800e-02
  -9.9575700e-03
   5.5209300e-02
   8.5658400e-02
   9.1942700e-02
   7.9380400e-02
   6.1632500e-02
   5.4674100e-02
   6.7198700e-02
   1.0433700e-01
   1.1969100e-01
   8.2400000e-02
   8.9080000e-03
  -5.5230600e-02
  -9.0099200e-02
  -1.0756600e-01
  -1.1539100e-01
  -1.2293400e-01
  -1.3143100e-01
  -1.2491700e-01
  -1.1373400e-01
  -1.2153100e-01
  -1.2484000e-01
  -9.7908800e-02
  -7.7317000e-02
  -1.0101000e-01
  -1.4053500e-01
  -1.5273500e-01
  -1.1621100e-01
  -3.3945300e-02
   5.1459400e-02
   9.5505100e-02
   8.0136800e-02
   3.3643200e-02
   6.8846200e-03
  -3.1184700e-03
  -9.6229500e-03
  -2.3094900e-03
   2.1368900e-02
   6.8402100e-02
   8.2410900e-02
   4.5450200e-02
   8.3538900e-03
  -2.6614700e-02
  -2.5018400e-02
   1.5139100e-02
   5.2163100e-02
   7.1601300e-02
   8.8031500e-02
   1.0472900e-01
   8.3076500e-02
   2.3139300e-02
  -1.3712200e-02
  -1.0545100e-02
  -1.1598700e-02
  -2.3739700e-02
   3.5413100e-03
   7.4503800e-02
   1.0522200e-01
   8.3983800e-02
   7.1242000e-02
   6.9692700e-02
   6.5714700e-02
   6.8681000e-02
   4.1951900e-02
   1.4702700e-02
   2.4913900e-02
   4.4636700e-02
   3.9202200e-02
   2.9576500e-02
   4.3591400e-02
   6.8768100e-02
   9.6311200e-02
   9.9721100e-02
   9.4339700e-02
   6.7361700e-02
   4.4409800e-02
   3.8712100e-02
   3.7257600e-02
   2.1952600e-02
  -1.5774100e-02
  -1.5066200e-02
   6.0570700e-03
   1.9497700e-02
   3.7107000e-02
   3.6991800e-02
  -4.3500700e-04
  -6.4299200e-02
  -1.2055700e-01
  -1.5439700e-01
  -1.8072200e-01
  -2.0399900e-01
  -2.2243900e-01
  -2.3010000e-01
  -2.4121200e-01
  -2.4480300e-01
  -2.2583800e-01
  -1.9911200e-01
  -1.8108200e-01
  -1.6970000e-01
  -1.4902600e-01
  -1.1963100e-01
  -9.4375100e-02
  -7.3631300e-02
  -5.0980100e-02
  -4.8633100e-02
  -5.2791600e-02
  -5.8344400e-02
  -6.6863400e-02
  -7.3676900e-02
  -7.4507100e-02
  -5.8233000e-02
  -3.6113200e-02
  -1.5911000e-02
   2.4796000e-03
   2.1147700e-02
   4.3152200e-02
   6.6584700e-02
   9.0139600e-02
   1.1197500e-01
   1.3897600e-01
   1.5753000e-01
   1.6867400e-01
   1.6814200e-01
   1.3657900e-01
   8.8670200e-02
   3.9987700e-02
   2.6102400e-02
   2.8579100e-02
   1.4313400e-02
   7.9241500e-03
   1.2641700e-02
   2.9747100e-02
   5.7517700e-02
   7.0702300e-02
   7.8860300e-02
   8.0191400e-02
   6.0046500e-02
   2.9115000e-02
   5.3960100e-03
  -9.9569800e-03
  -2.1650200e-02
  -4.6459600e-02
  -7.0469400e-02
  -7.8294700e-02
  -8.1107900e-02
  -8.9741100e-02
  -1.1259900e-01
  -1.2553300e-01
  -1.3318500e-01
  -1.2126200e-01
  -9.8453700e-02
  -9.2994600e-02
  -9.8729000e-02
  -1.1154400e-01
  -1.1219500e-01
  -1.0658600e-01
  -1.0244300e-01
  -9.8386100e-02
  -8.5398300e-02
  -6.7313700e-02
  -3.8151900e-02
  -4.7304900e-03
   1.8820300e-02
   2.6463200e-02
   1.6644800e-02
  -8.1150000e-05
  -1.2223200e-02
  -1.2352700e-02
  -2.1249100e-02
  -3.0383100e-02
  -4.5440300e-02
  -6.7718100e-02
  -8.5531300e-02
  -7.3870600e-02
  -2.4506700e-02
   1.1329000e-02
   2.0984400e-02
   1.4790000e-02
   7.6908000e-03
   1.7901400e-03
  -1.0361100e-02
  -3.3250800e-02
  -6.4950400e-02
  -7.0530700e-02
  -6.3460100e-02
  -7.0376600e-02
  -8.0633700e-02
  -7.9784000e-02
  -6.9799200e-02
  -7.4608500e-02
  -8.2402200e-02
  -8.8957700e-02
  -8.6384200e-02
  -5.3610600e-02
  -4.5832100e-03
   3.6731900e-02
   5.3227400e-02
   6.6582300e-02
   9.4947500e-02
   1.1293900e-01
   1.2769700e-01
   1.3921800e-01
   1.4557000e-01
   1.3996800e-01
   1.1559400e-01
   9.0074200e-02
   6.9740600e-02
   5.9070400e-02
   4.2899400e-02
   1.7581000e-02
  -8.3729000e-03
  -3.0259000e-02
  -4.4052400e-02
  -5.3509800e-02
  -5.6576900e-02
  -4.8559700e-02
  -3.4884500e-02
  -2.3772600e-02
  -1.0980700e-02
   1.4590700e-02
   4.6374900e-02
   7.4130200e-02
   8.0013600e-02
   6.3363200e-02
   3.6453600e-02
   1.2013400e-02
  -1.1680200e-02
  -2.0704100e-02
  -6.3016400e-03
   1.2729100e-03
  -1.0328500e-02
  -2.7360500e-02
  -3.5547000e-02
  -4.0785600e-02
  -4.3201000e-02
  -4.0384700e-02
  -3.6196600e-02
  -2.0834300e-02
  -3.3280000e-03
   1.4954500e-02
   3.7915800e-02
   5.1702100e-02
   5.9297100e-02
   5.5956600e-02
   4.9342900e-02
   5.1185100e-02
   6.0755800e-02
   6.4267700e-02
   6.2374600e-02
   5.9909300e-02
   4.5863900e-02
   2.2713000e-02
   1.9300100e-02
   3.8952500e-02
   5.1075200e-02
   5.0857000e-02
   4.5754000e-02
   4.1493400e-02
   4.0756000e-02
   4.5581700e-02
   4.7683900e-02
   4.2796100e-02
   3.1594500e-02
   2.7664500e-02
   2.9244500e-02
   3.5329800e-02
   4.7641200e-02
   6.5644300e-02
   7.9295000e-02
   7.5960600e-02
   7.2890400e-02
   7.7510000e-02
   7.3162800e-02
   6.4359200e-02
   5.7321300e-02
   5.1289000e-02
   6.2085700e-02
   7.8770900e-02
   7.9939900e-02
   6.1626800e-02
   2.6682700e-02
  -2.0790200e-02
  -5.9483800e-02
  -7.7983500e-02
  -7.9691000e-02
  -6.0975000e-02
  -3.1731600e-02
  -2.0006600e-02
  -1.9625100e-02
  -1.5482900e-02
  -5.9315900e-03
  -1.4507100e-03
   7.0765100e-03
   2.1874700e-02
   3.2364400e-02
   2.8969900e-02
   1.4211500e-02
   4.9937900e-03
  -4.0535900e-03
  -1.4195400e-02
  -2.1617900e-02
  -1.7397200e-02
  -1.5514200e-02
  -1.7574600e-02
  -8.6587600e-03
   1.5315300e-02
   3.6610900e-02
   3.0113500e-02
   7.3573700e-03
  -2.5674300e-02
  -4.6846400e-02
  -3.0963000e-02
  -9.2797800e-03
  -1.8058900e-02
  -3.5945600e-02
  -4.0453000e-02
  -7.7772400e-03
   4.8988800e-02
   7.0560800e-02
   6.8678900e-02
   6.8787100e-02
   7.7808000e-02
   8.0824200e-02
   7.3252700e-02
   7.7198100e-02
   8.5179600e-02
   8.6872800e-02
   7.1395300e-02
   4.2224400e-02
   1.8703200e-02
   1.1292900e-02
   1.7043700e-02
   2.2058000e-02
   1.4837500e-02
  -4.7200000e-03
  -2.6230800e-02
  -4.9315400e-02
  -6.5520100e-02
  -7.5748600e-02
  -7.5002000e-02
  -5.4353100e-02
  -2.2133300e-02
   1.4067500e-02
   4.0773200e-02
   4.4314600e-02
   3.5367200e-02
   2.4550100e-02
   1.7998600e-02
   2.5632300e-02
   4.4117800e-02
   6.5194100e-02
   6.7214700e-02
   3.5803800e-02
   5.1314100e-03
  -1.0765300e-02
  -2.1671100e-02
  -1.3906800e-02
   6.5773500e-04
   1.2505000e-02
   3.1506400e-03
  -5.9579600e-03
   1.1042400e-02
   3.2635800e-02
   4.6068200e-02
   3.3703800e-02
   4.7523000e-04
  -2.0359300e-02
  -2.7675700e-02
  -1.5908000e-02
   3.5730000e-03
  -3.5669900e-03
  -2.6863800e-02
  -4.8632600e-02
  -6.3685800e-02
  -7.2255800e-02
  -6.8338000e-02
  -5.8846900e-02
  -6.0040300e-02
  -6.7035400e-02
  -6.0108600e-02
  -5.1748700e-02
  -5.2381100e-02
  -5.2576900e-02
  -4.8545900e-02
  -4.9817800e-02
  -5.2321900e-02
  -5.1606900e-02
  -5.8539800e-02
  -7.3968300e-02
  -7.7660700e-02
  -6.3180800e-02
  -3.9892100e-02
  -1.6615200e-03
   1.9080200e-02
   1.9643200e-02
   1.9669700e-02
   1.8404900e-02
   1.0669300e-02
   1.1349600e-02
   3.1198800e-02
   5.8221700e-02
   7.5961500e-02
   7.6500100e-02
   6.5203600e-02
   5.3479700e-02
   5.3304300e-02
   5.8230900e-02
   5.1608000e-02
   3.2199400e-02
   8.2039300e-03
  -6.4157300e-03
   2.7642700e-03
   2.1685300e-02
   3.4464900e-02
   2.9640200e-02
   1.8697700e-02
   1.3658400e-03
  -2.7201300e-02
  -4.5344000e-02
  -6.0396200e-02
  -7.2492400e-02
  -7.4515000e-02
  -6.4342600e-02
  -3.8684500e-02
  -1.5797700e-02
  -3.9422700e-03
   4.4882300e-04
  -2.5663000e-03
  -2.8621100e-03
  -1.1467800e-02
  -2.2099300e-02
  -1.2897900e-02
  -2.3980300e-03
   8.6546800e-03
   1.9030100e-02
   9.6195900e-03
  -9.3350800e-03
  -1.8231500e-02
  -2.6003900e-02
  -3.4522000e-02
  -3.3345900e-02
  -2.7786900e-02
  -6.0191100e-03
   1.2953100e-03
   2.0419400e-03
   1.1900200e-02
  -1.5729600e-03
  -1.7543100e-02
  -1.5045100e-02
   2.5029300e-03
   1.1701300e-02
  -1.8422900e-03
   6.0188400e-03
   3.6117000e-02
   3.3466000e-02
   1.1333000e-02
  -6.9862100e-03
  -2.2441300e-02
  -4.4443700e-02
  -4.4449800e-02
  -3.8700100e-02
  -4.4829300e-02
  -2.3764300e-02
  -4.7259800e-03
  -1.5966300e-03
   7.7822500e-03
   2.0274000e-03
  -2.0538100e-02
  -4.8774700e-02
  -4.8901200e-02
  -3.2995400e-02
  -3.6825500e-02
  -4.0430200e-02
  -4.4439800e-02
  -3.4597900e-02
  -1.3292100e-02
  -1.1637700e-02
  -2.8399400e-02
  -4.2301000e-02
  -4.4804100e-02
  -2.5145600e-02
  -2.2249900e-02
  -3.1842000e-02
  -2.1674600e-02
  -6.3287400e-03
   7.9665500e-03
   2.5182100e-02
   3.2463900e-02
   1.3117500e-02
  -2.7496500e-03
  -1.8388100e-03
   2.1688500e-02
   3.9596600e-02
   4.3305300e-02
   4.5624800e-02
   3.6633400e-02
   1.8304000e-02
  -5.4681200e-03
  -2.0551900e-02
  -1.0791000e-03
   3.4031300e-02
   4.9642400e-02
   4.3229600e-02
   3.5156300e-02
   3.8794600e-02
   3.3436500e-02
   1.6959400e-02
   1.1115800e-02
   2.8628200e-02
   3.8551700e-02
   9.8846200e-03
  -1.7999100e-02
  -1.2278000e-02
   8.5697700e-03
   1.5911700e-02
   1.1984700e-02
   7.0743700e-03
  -6.2257800e-04
   7.1671400e-03
   1.6538900e-02
   1.7532300e-02
   1.2954500e-02
  -2.5637700e-03
  -4.3804200e-03
   4.6516500e-03
   1.7045600e-02
   3.3456400e-02
   4.1471500e-02
   3.8534900e-02
   2.2734100e-02
   7.3575400e-03
   1.5216600e-02
   2.9429300e-02
   3.4243600e-02
   2.8095000e-02
   7.2441700e-03
  -2.5223600e-03
   2.1573600e-03
   7.9162500e-03
   1.0976200e-02
   6.2586900e-03
  -4.2565200e-03
  -1.9574700e-03
   1.4054400e-02
   2.0101000e-02
   1.7751900e-02
   3.0915000e-02
   5.2097300e-02
   6.1924900e-02
   5.9657400e-02
   5.8528300e-02
   6.7768400e-02
   6.7325700e-02
   4.5863800e-02
   2.3628800e-02
   1.6680500e-02
   2.2155900e-02
   3.0277100e-02
   2.6762100e-02
   8.4785800e-03
   9.1150200e-03
   2.1919000e-02
   1.7695200e-02
   6.6526300e-03
  -6.8430300e-03
  -2.7401200e-02
  -5.3860000e-02
  -6.8164500e-02
  -7.1098100e-02
  -7.1648900e-02
  -6.3207400e-02
  -4.7935000e-02
  -3.9743400e-02
  -3.9393600e-02
  -4.1282700e-02
  -4.7025300e-02
  -5.1152300e-02
  -4.5587200e-02
  -3.1017600e-02
  -1.8533800e-02
  -1.4772100e-02
  -1.2159900e-02
  -6.9641100e-03
  -7.6485700e-03
  -1.0218000e-02
  -3.0433600e-03
   6.1355800e-03
   8.8620000e-03
   6.9933100e-03
   5.9600100e-03
   2.8377400e-03
  -4.6072800e-03
  -6.2536000e-03
   1.2504900e-03
   5.0336200e-03
   2.4825600e-03
   4.9347200e-06
  -2.4349500e-03
  -4.9625600e-03
  -1.2562600e-02
  -1.7405600e-02
  -2.4703800e-02
  -3.7912800e-02
  -3.7629300e-02
  -3.4147100e-02
  -3.7060300e-02
  -4.1177000e-02
  -3.8512800e-02
  -2.4971400e-02
  -1.8441400e-02
  -1.8583200e-02
  -1.7314400e-02
  -1.6466800e-02
  -1.4291200e-02
  -1.3310000e-02
  -1.8452900e-02
  -3.0657200e-02
  -4.0644100e-02
  -3.7115000e-02
  -1.9372100e-02
  -5.8041100e-03
  -9.4496500e-03
  -1.6577500e-02
  -1.4389600e-02
  -6.4061200e-03
  -1.8141300e-03
  -3.6144900e-03
  -7.4915600e-03
  -9.0634300e-03
  -1.7529500e-02
  -2.7362300e-02
  -3.4795100e-02
  -3.8758900e-02
  -3.0513300e-02
  -1.6792300e-02
  -6.3128800e-03
  -6.9218700e-03
  -1.4916700e-02
  -1.9322100e-02
  -2.3312400e-02
  -4.0684100e-02
  -6.0987200e-02
  -6.9153400e-02
  -5.5550800e-02
  -3.7563100e-02
  -1.8517700e-02
   1.4993300e-02
   3.6784500e-02
   2.7521800e-02
   4.4769100e-03
   6.5184800e-04
   9.6410500e-03
   1.5960900e-02
   2.6412800e-02
   3.6898300e-02
   4.5419300e-02
   4.4999100e-02
   4.6471900e-02
   5.8297700e-02
   6.2206300e-02
   5.6503400e-02
   4.8721700e-02
   4.3309600e-02
   3.6785600e-02
   3.0343200e-02
   3.2101600e-02
   3.5256400e-02
   3.8386700e-02
   4.7232100e-02
   5.6025500e-02
   6.1815900e-02
   6.5039100e-02
   6.8990500e-02
   6.4502400e-02
   5.2544900e-02
   4.8463800e-02
   4.4410300e-02
   3.8243300e-02
   2.5684000e-02
   5.8918200e-03
  -4.7580700e-03
   3.4186300e-04
   1.3448800e-02
   2.1465900e-02
   1.8849600e-02
   1.3271100e-02
   1.2024600e-02
   1.7796700e-02
   1.7481500e-02
   1.0819800e-02
   6.7111500e-03
  -6.0144300e-03
  -1.8271800e-02
  -1.4285700e-02
   4.5168600e-03
   1.3651900e-02
   1.0634700e-02
   7.4226300e-03
   2.4021200e-03
   3.2404900e-03
   9.0860300e-03
   9.9305200e-03
   1.3064900e-02
   2.4926400e-02
   3.4185900e-02
   2.6503200e-02
   7.8942400e-03
  -4.1051100e-03
  -1.2055100e-02
  -2.3785100e-02
  -2.8165100e-02
  -2.4483000e-02
  -2.4929800e-02
  -3.4344500e-02
  -4.4563900e-02
  -4.6066500e-02
  -4.5850300e-02
  -4.7317100e-02
  -4.5798400e-02
  -3.7670100e-02
  -2.9710100e-02
  -2.4718300e-02
  -2.8251700e-02
  -2.8825000e-02
  -2.5181600e-02
  -1.8837300e-02
  -9.0953500e-03
  -5.5672500e-03
  -7.5604100e-03
  -2.2894100e-02
  -3.5924700e-02
  -3.6676500e-02
  -2.6527600e-02
  -1.8720600e-02
  -1.9756000e-02
  -1.9181800e-02
  -1.5791400e-02
  -8.1986200e-03
  -4.4670000e-04
  -4.7685200e-03
  -2.0938700e-02
  -2.1843500e-02
  -7.2137000e-03
   8.1260000e-03
   1.4132700e-02
   8.5052700e-03
   1.0581700e-03
  -7.6629100e-03
  -1.0509800e-02
   2.5552800e-03
   1.9909500e-02
   1.9744200e-02
  -3.7159200e-03
  -4.0215700e-02
  -6.7021400e-02
  -5.8731900e-02
  -3.0545300e-02
  -1.2260900e-02
   5.0861700e-03
   3.0787000e-02
   5.9248000e-02
   6.8887900e-02
   3.7331100e-02
  -1.0780400e-02
  -3.5522600e-02
  -1.4684100e-02
   2.1887900e-02
   3.6721700e-02
   3.7309100e-02
   1.0964500e-02
  -2.2634400e-02
  -4.9670600e-02
  -6.8653900e-02
  -4.3988400e-02
  -1.2793800e-02
   3.2374700e-03
   1.9825600e-02
   2.7291900e-02
  -7.2957400e-04
  -1.8627600e-02
  -2.1455100e-03
  -1.3004500e-02
  -3.0474100e-02
  -3.2869200e-02
  -2.4213600e-02
   1.3186700e-02
   4.1098900e-02
   2.6566800e-02
  -2.9428600e-03
  -9.9432100e-03
   1.1720500e-02
   3.0896400e-02
   3.8905300e-02
   4.4559100e-02
   4.5682000e-02
   3.2578000e-02
   1.4611600e-02
  -8.1801700e-04
  -1.2172700e-02
  -7.7756200e-03
   4.9783600e-03
   2.3216900e-02
   3.9723500e-02
   4.7518200e-02
   4.7298800e-02
   2.7488300e-02
   2.2299100e-03
  -1.0401900e-02
  -3.3741600e-03
   1.9059600e-02
   3.7067600e-02
   4.3412900e-02
   3.9430800e-02
   2.7586400e-02
   6.4692700e-03
  -6.4787000e-03
  -3.6207600e-03
   1.0697900e-02
   1.4400400e-02
   6.3494400e-03
   4.9672500e-03
   5.8004900e-03
   9.5233900e-03
   1.3085100e-02
   2.5504700e-03
  -1.9850900e-02
  -3.1533000e-02
  -2.1960400e-02
  -7.6570700e-03
  -1.0241100e-03
   1.1953100e-03
  -1.8841800e-03
  -2.5095400e-03
  -4.4527400e-03
  -1.0820700e-02
  -1.4765100e-02
  -2.2572300e-02
  -3.1083300e-02
  -4.0266500e-02
  -5.5204500e-02
  -6.8009700e-02
  -6.6862300e-02
  -5.9566300e-02
  -5.0190600e-02
  -3.3678900e-02
  -1.8535100e-02
  -9.5704000e-03
  -3.6902100e-03
  -6.8029200e-04
  -4.3779000e-03
  -1.2850100e-02
  -1.9763800e-02
  -2.0065800e-02
  -1.2584200e-02
  -9.5018900e-03
  -1.8133200e-02
  -2.4884700e-02
  -2.1974800e-02
  -1.4047400e-02
  -1.0360200e-02
  -5.4888300e-03
   2.3722000e-03
   5.9461800e-03
   4.7995900e-03
   4.0069400e-03
   6.7404300e-03
   8.1040600e-03
   7.9876700e-03
   6.4759200e-03
   7.4550100e-03
   1.0644400e-02
   1.1587800e-02
   2.0154700e-02
   2.8270700e-02
   2.4065200e-02
   1.3349900e-02
  -2.7100600e-03
  -9.1606500e-03
   5.1824800e-03
   2.4660300e-02
   3.4300200e-02
   2.9389800e-02
   1.7628100e-02
   1.2871700e-02
   1.3687600e-02
   1.0740700e-02
   8.4955600e-03
   1.4400200e-02
   2.8177300e-02
   3.7976300e-02
   4.2501900e-02
   3.0590200e-02
   4.0425800e-03
  -2.1234300e-03
   8.3212500e-03
   1.9537100e-02
   2.8166100e-02
   4.0971100e-02
   5.6362800e-02
   6.5193800e-02
   6.9372700e-02
   6.5492500e-02
   5.0005700e-02
   2.4901300e-02
   2.8539100e-03
   2.6069600e-03
   1.4555100e-02
   2.4987600e-02
   2.3557400e-02
   6.0897900e-03
  -1.6303400e-02
  -3.3083600e-02
  -4.0468500e-02
  -3.6027500e-02
  -2.9551600e-02
  -1.7558600e-02
  -3.1389800e-03
   7.9606200e-04
   1.4926000e-03
   1.0600000e-03
  -7.4448800e-03
  -2.1496500e-02
  -1.9859500e-02
  -7.6217000e-03
  -5.4390200e-03
  -1.6066500e-02
  -2.5961700e-02
