  -6.7984300e-02
  -5.3203000e-02
  -4.6405300e-02
  -4.5961400e-02
  -4.9117600e-02
  -5.3305300e-02
  -5.4600900e-02
  -4.9089800e-02
  -3.5001500e-02
  -1.5620300e-02
   1.6834400e-03
   8.7407600e-03
   2.8546500e-03
  -1.6069400e-02
  -4.6718700e-02
  -8.2381300e-02
  -1.1562300e-01
  -1.4170300e-01
  -1.5534000e-01
  -1.5184500e-01
  -1.3091100e-01
  -9.5416000e-02
  -5.0437800e-02
  -2.0093700e-03
   4.6702800e-02
   9.2506100e-02
   1.3117100e-01
   1.6209400e-01
   1.8431000e-01
   1.9568600e-01
   1.9817300e-01
   1.9458900e-01
   1.8446800e-01
   1.7049100e-01
   1.6043200e-01
   1.5909600e-01
   1.6515900e-01
   1.7137600e-01
   1.6390800e-01
   1.3116100e-01
   7.6479300e-02
   1.5291600e-02
  -3.7906900e-02
  -7.5147200e-02
  -9.3834500e-02
  -9.5117900e-02
  -8.4201000e-02
  -6.8243600e-02
  -5.5623600e-02
  -5.0090600e-02
  -4.6930500e-02
  -3.9487800e-02
  -2.6382600e-02
  -7.3433500e-03
   1.6549800e-02
   4.1611600e-02
   6.3574500e-02
   8.0261000e-02
   9.3324200e-02
   1.0550900e-01
   1.1851900e-01
   1.3031300e-01
   1.3576500e-01
   1.2951200e-01
   1.1076700e-01
   8.7612700e-02
   6.9105600e-02
   5.7636400e-02
   5.2242300e-02
   4.9500300e-02
   4.3040300e-02
   2.8051400e-02
   4.8797100e-03
  -2.3800600e-02
  -5.2125600e-02
  -7.1181300e-02
  -7.6818600e-02
  -7.0501300e-02
  -5.5981600e-02
  -3.8596500e-02
  -2.1578500e-02
  -3.9641200e-03
   1.6518700e-02
   4.1685800e-02
   6.8510400e-02
   8.9074000e-02
   9.7445300e-02
   8.9339300e-02
   6.1823000e-02
   2.0714300e-02
  -1.9948300e-02
  -4.8025300e-02
  -5.9646300e-02
  -5.7388500e-02
  -4.6984100e-02
  -3.2968700e-02
  -1.4868200e-02
   7.0837400e-03
   2.7776900e-02
   4.3979200e-02
   5.7457700e-02
   7.2412100e-02
   9.2760000e-02
   1.1720500e-01
   1.3768900e-01
   1.4715500e-01
   1.4664600e-01
   1.3746600e-01
   1.1759700e-01
   9.2176300e-02
   7.0695200e-02
   5.7840000e-02
   5.4212800e-02
   5.6948100e-02
   6.1177500e-02
   6.3921500e-02
   6.6228200e-02
   7.2170900e-02
   7.9738700e-02
   8.2564100e-02
   7.9520400e-02
   7.4953600e-02
   7.4794300e-02
   8.2691600e-02
   9.5736500e-02
   1.0557200e-01
   1.0919500e-01
   1.1115300e-01
   1.1229000e-01
   1.0575100e-01
   7.8564600e-02
   1.8205000e-02
  -7.5817400e-02
  -1.8903600e-01
  -3.0248600e-01
  -3.9926500e-01
  -4.6619800e-01
  -4.9908600e-01
  -5.0274900e-01
  -4.8261500e-01
  -4.4090400e-01
  -3.8317600e-01
  -3.1989600e-01
  -2.6135100e-01
  -2.1231000e-01
  -1.6781000e-01
  -1.1371600e-01
  -4.4696800e-02
   2.4037200e-02
   7.2114800e-02
   9.6240400e-02
   1.0695100e-01
   1.1083500e-01
   1.0693300e-01
   9.5522400e-02
   7.9374800e-02
   6.4533900e-02
   5.7980600e-02
   6.3568600e-02
   8.5039300e-02
   1.2178900e-01
   1.6364100e-01
   1.9386300e-01
   1.9986600e-01
   1.8150500e-01
   1.4897200e-01
   1.1608400e-01
   9.4983100e-02
   9.0014500e-02
   9.7532600e-02
   1.1028000e-01
   1.2038100e-01
   1.2276300e-01
   1.1506400e-01
   9.6052400e-02
   7.1634600e-02
   5.2526700e-02
   4.1079600e-02
   3.0571600e-02
   1.4219300e-02
  -1.1190700e-02
  -4.5955100e-02
  -8.8179200e-02
  -1.3334800e-01
  -1.7558800e-01
  -2.0880100e-01
  -2.2959400e-01
  -2.3881100e-01
  -2.3968700e-01
  -2.3814900e-01
  -2.3939000e-01
  -2.4022200e-01
  -2.3265500e-01
  -2.1157600e-01
  -1.7360500e-01
  -1.2069900e-01
  -6.4471500e-02
  -1.8207000e-02
   1.4002300e-02
   3.3977000e-02
   4.3118700e-02
   4.1608400e-02
   3.0626500e-02
   1.6174200e-02
   6.3910300e-03
   2.9717300e-03
   3.5143000e-03
   8.6423100e-03
   2.0048000e-02
   3.7527300e-02
   6.0054400e-02
   8.1410000e-02
   9.1215300e-02
   7.7501400e-02
   3.4863700e-02
  -2.7284700e-02
  -8.7367500e-02
  -1.3034100e-01
  -1.5873300e-01
  -1.8375300e-01
  -2.0993800e-01
  -2.3222100e-01
  -2.4325900e-01
  -2.4116400e-01
  -2.3218600e-01
  -2.2455000e-01
  -2.2198100e-01
  -2.2312400e-01
  -2.2099600e-01
  -2.0651200e-01
  -1.7143000e-01
  -1.1282900e-01
  -4.3789900e-02
   1.3461800e-02
   5.1583200e-02
   8.1909500e-02
   1.1420600e-01
   1.5048300e-01
   1.9152600e-01
   2.3394700e-01
   2.7030200e-01
   2.9255200e-01
   2.9520600e-01
   2.7957500e-01
   2.5509000e-01
   2.3482100e-01
   2.2638500e-01
   2.2928800e-01
   2.3739400e-01
   2.4576400e-01
   2.5208100e-01
   2.5458100e-01
   2.5514100e-01
   2.5677900e-01
   2.5824200e-01
   2.5689300e-01
   2.5157100e-01
   2.4003300e-01
   2.1590200e-01
   1.7470000e-01
   1.1946500e-01
   5.9494600e-02
   3.2847700e-04
  -5.7780200e-02
  -1.1099300e-01
  -1.5354500e-01
  -1.8581000e-01
  -2.1296800e-01
  -2.3695400e-01
  -2.5460900e-01
  -2.5944000e-01
  -2.4821700e-01
  -2.2544800e-01
  -2.0148900e-01
  -1.8496300e-01
  -1.7800700e-01
  -1.8130500e-01
  -1.9666400e-01
  -2.2176400e-01
  -2.4415000e-01
  -2.5042300e-01
  -2.3473400e-01
  -2.0482700e-01
  -1.7252400e-01
  -1.4437600e-01
  -1.2283100e-01
  -1.0345400e-01
  -8.1948400e-02
  -5.6801800e-02
  -3.0593200e-02
  -9.3984600e-03
   8.0660600e-03
   2.7799300e-02
   5.0149600e-02
   7.6702200e-02
   1.1343300e-01
   1.5889600e-01
   2.0252200e-01
   2.3333700e-01
   2.4716800e-01
   2.4981800e-01
   2.5000100e-01
   2.4690700e-01
   2.3385300e-01
   2.1014100e-01
   1.8001600e-01
   1.4506000e-01
   1.0546600e-01
   6.5449200e-02
   2.9958400e-02
   9.5800800e-04
  -2.1292700e-02
  -3.5672200e-02
  -3.7517100e-02
  -2.3094300e-02
   3.4911200e-03
   3.2835300e-02
   5.5636600e-02
   6.5878600e-02
   6.4729400e-02
   5.7636900e-02
   4.5934000e-02
   2.7210300e-02
   5.6008700e-03
  -1.2030900e-02
  -2.1519800e-02
  -2.2158200e-02
  -1.4519600e-02
   7.5707700e-04
   2.3228000e-02
   4.9550800e-02
   7.1460900e-02
   8.1720600e-02
   7.9066000e-02
   6.7716600e-02
   4.8815500e-02
   1.9510600e-02
  -1.9671400e-02
  -6.2428200e-02
  -1.0065900e-01
  -1.3212300e-01
  -1.5819800e-01
  -1.8001100e-01
  -1.9937500e-01
  -2.1190300e-01
  -2.0785600e-01
  -1.8585300e-01
  -1.5574300e-01
  -1.2163400e-01
  -7.9337400e-02
  -3.0973100e-02
   1.4026000e-02
   4.7759200e-02
   6.4572300e-02
   6.4163100e-02
   5.0665900e-02
   2.5847900e-02
  -1.2433700e-02
  -6.4917200e-02
  -1.2547900e-01
  -1.8141400e-01
  -2.2220200e-01
  -2.4610400e-01
  -2.5471900e-01
  -2.4802700e-01
  -2.2943700e-01
  -2.0572500e-01
  -1.8136600e-01
  -1.5552600e-01
  -1.2183300e-01
  -7.5826300e-02
  -2.3709800e-02
   2.0790800e-02
   5.1167000e-02
   7.3437900e-02
   1.0050400e-01
   1.3978400e-01
   1.8462800e-01
   2.2211200e-01
   2.4968100e-01
   2.7365900e-01
   2.9790000e-01
   3.1889100e-01
   3.2624900e-01
   3.1311900e-01
   2.8654800e-01
   2.5810800e-01
   2.3027000e-01
   2.0040000e-01
   1.6993600e-01
   1.3925200e-01
   1.0681600e-01
   7.2971200e-02
   3.7340400e-02
  -3.4816500e-04
  -3.7161100e-02
  -7.0791800e-02
  -9.6109800e-02
  -1.0670400e-01
  -1.0302500e-01
  -9.2978100e-02
  -8.6382700e-02
  -9.0016100e-02
  -1.0231800e-01
  -1.1377900e-01
  -1.1624300e-01
  -1.0773000e-01
  -8.6940500e-02
  -5.5348900e-02
  -2.1607900e-02
   1.4914300e-03
   4.5697200e-03
  -1.0457000e-02
  -3.1443500e-02
  -5.2011300e-02
  -7.6119400e-02
  -1.0517500e-01
  -1.3132000e-01
  -1.4293000e-01
  -1.2850600e-01
  -8.6588200e-02
  -3.0741300e-02
   2.3565800e-02
   6.8275400e-02
   1.0219300e-01
   1.2483200e-01
   1.3647100e-01
   1.3791700e-01
   1.3113100e-01
   1.1721600e-01
   9.5385600e-02
   6.6885200e-02
   3.7107500e-02
   1.2452200e-02
  -3.9243700e-04
   9.4625300e-04
   1.3721300e-02
   3.5261400e-02
   6.3765800e-02
   9.6865000e-02
   1.3071600e-01
   1.6297400e-01
   1.9231200e-01
   2.1699100e-01
   2.3725800e-01
   2.5265500e-01
   2.6058700e-01
   2.5535600e-01
   2.2641300e-01
   1.6571800e-01
   7.4293100e-02
  -3.5150300e-02
  -1.3822900e-01
  -2.1226000e-01
  -2.5107800e-01
  -2.6556400e-01
  -2.6899500e-01
  -2.6544000e-01
  -2.5072400e-01
  -2.2066100e-01
  -1.7541600e-01
  -1.2189600e-01
  -7.3791200e-02
  -3.9773300e-02
  -1.5164700e-02
   9.4543600e-03
   4.0278400e-02
   7.5009500e-02
   1.0083700e-01
   1.0947500e-01
   1.0457000e-01
   9.5048100e-02
   8.6613200e-02
   8.0027500e-02
   7.3731600e-02
   6.6114600e-02
   5.3399600e-02
   3.1143400e-02
   2.0346700e-04
  -3.0697200e-02
  -5.2344700e-02
  -6.5120500e-02
  -7.5475700e-02
  -8.9590200e-02
  -1.0668100e-01
  -1.2158900e-01
  -1.3063900e-01
  -1.3230800e-01
  -1.2598200e-01
  -1.1160500e-01
  -8.9116400e-02
  -6.1308600e-02
  -3.3421600e-02
  -8.1225300e-03
   1.4908900e-02
   3.3988800e-02
   4.3764400e-02
   3.7804200e-02
   1.4034100e-02
  -1.9966000e-02
  -5.3950000e-02
  -8.2861800e-02
  -1.0549600e-01
  -1.2519900e-01
  -1.4471200e-01
  -1.6402800e-01
  -1.8207400e-01
  -1.9677400e-01
  -2.0432300e-01
  -2.0091100e-01
  -1.8291300e-01
  -1.4835900e-01
  -1.0316600e-01
  -5.7769300e-02
  -1.8198000e-02
   1.4653000e-02
   4.1363800e-02
   6.1796500e-02
   7.6392600e-02
   8.3929200e-02
   8.1539100e-02
   6.9141600e-02
   5.4196200e-02
   4.7379900e-02
   5.5345600e-02
   7.6693000e-02
   1.0218100e-01
   1.2119800e-01
   1.2973700e-01
   1.3382600e-01
   1.4172400e-01
   1.5636900e-01
   1.7452700e-01
   1.8990700e-01
   1.9759300e-01
   1.9657100e-01
   1.9175400e-01
   1.8760200e-01
   1.8132400e-01
   1.7082200e-01
   1.5688000e-01
   1.4050800e-01
   1.2363900e-01
   1.0979600e-01
   1.0192000e-01
   9.9504600e-02
   9.8554200e-02
   9.5644400e-02
   8.9629100e-02
   8.0812800e-02
   6.5336100e-02
   3.7558200e-02
   7.5774000e-04
  -3.6873200e-02
  -6.9374400e-02
  -9.4239100e-02
  -1.1532800e-01
  -1.3793100e-01
  -1.6252200e-01
  -1.8601900e-01
  -2.0709600e-01
  -2.2418700e-01
  -2.2926500e-01
  -2.0686800e-01
  -1.5277100e-01
  -8.9155400e-02
  -4.6693200e-02
  -3.8319700e-02
  -5.1610900e-02
  -6.2555400e-02
  -5.5419700e-02
  -3.2812300e-02
  -6.0532500e-03
   1.6913500e-02
   3.2784900e-02
   4.2025400e-02
   4.5960300e-02
   4.6066600e-02
   4.7110400e-02
   5.7041400e-02
   7.3625100e-02
   8.4632200e-02
   8.4557800e-02
   7.6034000e-02
   6.3164200e-02
   4.9381900e-02
   3.5836600e-02
   2.1438900e-02
   7.3769000e-03
  -5.2011900e-04
   2.2881200e-04
   5.4521800e-03
   8.0362700e-03
   6.8976000e-03
   8.8463000e-03
   2.0990600e-02
   4.4495600e-02
   7.6489000e-02
   1.0907200e-01
   1.3494800e-01
   1.4990400e-01
   1.5117300e-01
   1.4099200e-01
   1.2761100e-01
   1.2009100e-01
   1.1977800e-01
   1.2241200e-01
   1.2017500e-01
   1.0870900e-01
   9.4992300e-02
   8.9518500e-02
   9.4386700e-02
   1.0453400e-01
   1.1173800e-01
   1.1052000e-01
   1.0254700e-01
   9.2844700e-02
   8.3603300e-02
   7.1852200e-02
   5.3965300e-02
   2.9207000e-02
   3.3810200e-03
  -1.5328700e-02
  -2.5339400e-02
  -3.0339600e-02
  -3.6802200e-02
  -5.0823300e-02
  -7.1419500e-02
  -9.3263400e-02
  -1.1124600e-01
  -1.2221200e-01
  -1.2734500e-01
  -1.3159000e-01
  -1.3616800e-01
  -1.3606800e-01
  -1.2877100e-01
  -1.1694800e-01
  -1.0376900e-01
  -9.3547200e-02
  -8.9177200e-02
  -8.7636500e-02
  -8.2806900e-02
  -7.0523600e-02
  -5.1483700e-02
  -3.2446900e-02
  -2.0238400e-02
  -1.7356700e-02
  -2.3999800e-02
  -3.5309900e-02
  -4.4877900e-02
  -4.9468300e-02
  -5.1107500e-02
  -5.1875200e-02
  -5.4221700e-02
  -5.9940400e-02
  -6.7585400e-02
  -7.3423100e-02
  -7.4419000e-02
  -7.0346500e-02
  -6.2831700e-02
  -5.5502900e-02
  -5.0672100e-02
  -4.8709600e-02
  -4.9213800e-02
  -5.1666600e-02
  -5.5499500e-02
  -6.0003200e-02
  -6.3100500e-02
  -6.3894000e-02
  -6.2426100e-02
  -5.8564100e-02
  -5.2397500e-02
  -4.6713900e-02
  -4.3965400e-02
  -4.1068900e-02
  -3.3664900e-02
  -1.9902400e-02
   1.0139800e-03
   2.6224600e-02
   5.0810100e-02
   7.1537100e-02
   8.5573300e-02
   9.2765800e-02
   9.6422100e-02
   1.0095700e-01
   1.0755700e-01
   1.1242300e-01
   1.0709900e-01
   8.7408900e-02
   5.9775100e-02
   3.5407000e-02
   2.2009000e-02
   1.9421200e-02
   2.0509400e-02
   1.7300500e-02
   5.9665100e-03
  -1.1414400e-02
  -2.9074000e-02
  -4.6456900e-02
  -6.8058400e-02
  -9.2004600e-02
  -1.1023000e-01
  -1.1571500e-01
  -1.0686700e-01
  -8.8295400e-02
  -6.8464400e-02
  -5.1543100e-02
  -3.6616500e-02
  -2.1099000e-02
  -3.2030400e-03
   1.3375300e-02
   2.4647400e-02
   3.0098600e-02
   2.8644900e-02
   2.0286000e-02
   6.8370400e-03
  -9.0118700e-03
  -2.0745400e-02
  -2.0969000e-02
  -8.6240800e-03
   8.4844000e-03
   1.9452600e-02
   2.1702000e-02
   2.0371100e-02
   2.1224200e-02
   2.3146600e-02
   1.9374600e-02
   2.4243300e-03
  -2.4412600e-02
  -4.5416100e-02
  -4.8472100e-02
  -3.4830400e-02
  -1.7092100e-02
  -7.4189500e-03
  -7.6128500e-03
  -1.0987300e-02
  -1.0837500e-02
  -3.7850400e-03
   5.9066300e-03
   1.0155400e-02
   6.2878600e-03
  -3.3214500e-03
  -1.5157700e-02
  -2.5530100e-02
  -3.2951900e-02
  -3.9614700e-02
  -4.8313000e-02
  -5.7841800e-02
  -6.4758600e-02
  -6.6128100e-02
  -6.2401200e-02
  -5.5023100e-02
  -4.3584100e-02
  -2.9897000e-02
  -1.8531900e-02
  -1.1633700e-02
  -7.5940700e-03
  -3.5030200e-03
  -1.1864000e-03
  -3.5598200e-03
  -7.7080900e-03
  -8.2125300e-03
  -1.7709600e-03
   9.4679700e-03
   2.2069600e-02
   3.3496400e-02
   4.1942000e-02
   4.4937700e-02
   4.1438400e-02
   3.5181700e-02
   2.9005500e-02
   2.1346900e-02
   1.1091300e-02
  -1.7288400e-03
  -1.5851200e-02
  -2.7602900e-02
  -3.4440700e-02
  -3.6433300e-02
  -3.9072800e-02
  -4.6513300e-02
  -5.5388500e-02
  -6.0757800e-02
  -6.1969800e-02
  -6.2414700e-02
  -6.4102600e-02
  -6.4934500e-02
  -6.2457300e-02
  -5.8612500e-02
  -5.6206800e-02
  -5.5709500e-02
  -5.6835900e-02
  -5.5545500e-02
  -4.7018600e-02
  -3.2091300e-02
  -1.6090400e-02
  -2.9313500e-03
   6.1535000e-03
   1.3215000e-02
   1.9323100e-02
   2.4568600e-02
   3.0257300e-02
   3.7068000e-02
   4.0420800e-02
   3.5588800e-02
   2.5303900e-02
   1.5430600e-02
   1.1134000e-02
   1.4169800e-02
   1.9242200e-02
   2.2046600e-02
   2.3963000e-02
   2.7585500e-02
   3.3410700e-02
   4.0072800e-02
   4.5140100e-02
   4.6888100e-02
   4.4343100e-02
   3.7002300e-02
   2.6709800e-02
   1.7198900e-02
   1.0468500e-02
   7.0409000e-03
   7.2061300e-03
   8.8743200e-03
   1.0160600e-02
   1.0616000e-02
   9.9466500e-03
   1.0091600e-02
   1.2990200e-02
   1.8320400e-02
   2.3925700e-02
   2.7871200e-02
   2.9100500e-02
   2.7912700e-02
   2.5999100e-02
   2.3994900e-02
   2.3809400e-02
   2.8710500e-02
   3.6649400e-02
   4.3329300e-02
   4.7121700e-02
   4.9432500e-02
   5.1988600e-02
   5.5299200e-02
   5.8788000e-02
   6.1788800e-02
   6.3726300e-02
   6.2194200e-02
   5.4240400e-02
   4.0418100e-02
   2.2482500e-02
   3.8962500e-03
  -1.1407200e-02
  -2.3833400e-02
  -3.4624500e-02
  -4.2329100e-02
  -4.5568100e-02
  -4.5082400e-02
  -4.3078200e-02
  -3.8699200e-02
  -3.0946800e-02
  -2.2031400e-02
  -1.5551000e-02
  -1.4280100e-02
  -1.9140300e-02
  -2.9874800e-02
  -4.4380700e-02
  -5.8955600e-02
  -7.2200500e-02
  -8.2492900e-02
  -8.6074600e-02
  -8.2037700e-02
  -7.4272700e-02
  -6.7330100e-02
  -6.3062300e-02
  -6.0305400e-02
  -5.8336300e-02
  -5.8701100e-02
  -6.3341100e-02
  -7.1135800e-02
  -8.0784500e-02
  -8.9941700e-02
  -9.4081900e-02
  -9.2471100e-02
  -8.8817300e-02
  -8.3755800e-02
  -7.6503400e-02
  -6.9514200e-02
  -6.4052800e-02
  -5.8474300e-02
  -5.1435400e-02
  -4.3669200e-02
  -3.6299400e-02
  -2.9686600e-02
  -2.3526500e-02
  -1.8939100e-02
  -1.5978300e-02
  -1.1175200e-02
  -3.6209600e-03
   5.3887400e-03
   1.5369400e-02
   2.5304400e-02
   3.4689900e-02
   4.3968400e-02
   5.2659100e-02
   5.7688900e-02
   5.7173000e-02
   5.2817900e-02
   4.7286200e-02
   4.2381400e-02
   3.6301000e-02
   2.6680900e-02
   1.5507300e-02
   7.1633200e-03
   4.0018000e-03
   5.6846400e-03
   1.1295300e-02
   1.9913100e-02
   2.9135000e-02
   3.6675200e-02
   4.2630900e-02
   4.6714100e-02
   4.7709800e-02
   4.6173500e-02
   4.3363900e-02
   3.9412800e-02
   3.5993900e-02
   3.5018400e-02
   3.6656800e-02
   3.9981400e-02
   4.3907500e-02
   4.6754100e-02
   4.7365800e-02
   4.2939700e-02
   3.1757900e-02
   1.7548100e-02
   5.1646800e-03
  -4.3263200e-03
  -1.1764200e-02
  -1.6980800e-02
  -1.9320500e-02
  -1.7787300e-02
  -1.2213100e-02
  -3.1158200e-03
   8.7966100e-03
   2.0520400e-02
   2.7984600e-02
   2.9986800e-02
   2.7210100e-02
   2.1185000e-02
   1.4694100e-02
   9.1376000e-03
   4.5474600e-03
   1.3518900e-04
  -3.6405500e-03
  -4.6250700e-03
  -2.6593000e-03
  -1.2552200e-03
  -2.0908700e-03
  -2.1671600e-03
   3.9421600e-04
   4.7407800e-03
   8.7054000e-03
   9.5156400e-03
   6.7710600e-03
   1.5251700e-03
  -4.6528100e-03
  -9.7537200e-03
  -1.3196800e-02
  -1.5133100e-02
  -1.3410600e-02
  -6.1131000e-03
   4.8129200e-03
   1.5411600e-02
   2.6545400e-02
   4.1159000e-02
   5.8836600e-02
   7.6801300e-02
   9.1426000e-02
   1.0269000e-01
   1.1248200e-01
   1.2049400e-01
   1.2757800e-01
   1.3359200e-01
   1.3734500e-01
   1.3768200e-01
   1.3245900e-01
   1.1850400e-01
   9.5207900e-02
   6.6150700e-02
   3.6951300e-02
   1.0951400e-02
  -1.0914500e-02
  -2.8926100e-02
  -4.3192300e-02
  -5.5019200e-02
  -6.6385000e-02
  -7.5432900e-02
  -7.8146500e-02
  -7.2560400e-02
  -5.8595300e-02
  -4.0628700e-02
  -2.3874800e-02
  -1.2163700e-02
  -6.6508400e-03
  -2.8593900e-03
   3.2696100e-03
   8.6559700e-03
   7.0304000e-03
  -3.4154900e-03
  -1.8446500e-02
  -3.2339400e-02
  -4.2361400e-02
  -4.9005400e-02
  -5.1608900e-02
  -5.1063600e-02
  -4.7033800e-02
  -3.8202700e-02
  -2.5450500e-02
  -1.0610800e-02
   2.8232100e-03
   1.3261400e-02
   2.2907900e-02
   3.1791000e-02
   3.7272900e-02
   3.6996800e-02
   2.9125200e-02
   1.4863100e-02
  -2.2654600e-03
  -1.7046300e-02
  -2.6683300e-02
  -3.4207500e-02
  -4.3613200e-02
  -5.3802000e-02
  -5.9322000e-02
  -5.5827300e-02
  -4.3608000e-02
  -2.7732000e-02
  -1.4797600e-02
  -9.1188200e-03
  -1.0253100e-02
  -1.3792400e-02
  -1.4233000e-02
  -9.8630900e-03
  -1.4029400e-03
   1.0841500e-02
   2.5630100e-02
   3.9204500e-02
   4.9418400e-02
   5.8490600e-02
   6.8710300e-02
   7.9440700e-02
   8.9475000e-02
   9.5312000e-02
   9.4254100e-02
   8.6885000e-02
   7.5826800e-02
   6.5188300e-02
   5.7623900e-02
   5.3831300e-02
   5.4491900e-02
   5.9146300e-02
   6.3382200e-02
   6.1456400e-02
   5.1180000e-02
   3.5449300e-02
   1.9210600e-02
   5.5926000e-03
  -4.3055500e-03
  -1.0970600e-02
  -1.6319400e-02
  -2.1026900e-02
  -2.3324100e-02
  -2.1878100e-02
  -1.7352500e-02
  -1.0763700e-02
  -3.4953900e-03
   2.4653800e-03
   7.2721000e-03
   1.0182500e-02
   8.6382400e-03
   2.7730500e-03
  -4.5036800e-03
  -1.1315000e-02
  -1.7860400e-02
  -2.4677600e-02
  -3.2977800e-02
  -4.2139900e-02
  -5.0394800e-02
  -5.7467100e-02
  -6.3514800e-02
  -6.6877700e-02
  -6.7647800e-02
  -6.5153300e-02
  -5.7582800e-02
  -4.6798100e-02
  -3.5580700e-02
  -2.5065200e-02
  -1.5524400e-02
  -6.2698300e-03
   3.2226900e-03
   1.1644300e-02
   1.7357100e-02
   1.8355000e-02
   1.5623900e-02
   1.1020600e-02
   5.1530900e-03
  -2.0174600e-03
  -1.1587900e-02
  -2.3237800e-02
  -3.5387800e-02
  -4.6468700e-02
  -5.5540600e-02
  -6.2390700e-02
  -6.4690900e-02
  -5.8501300e-02
  -4.4127200e-02
  -2.6054200e-02
  -9.2307200e-03
   4.1267800e-03
   1.3812800e-02
   2.1103500e-02
   2.5985300e-02
   2.5469800e-02
   1.9086600e-02
   1.0689600e-02
   3.6658600e-03
   2.7352800e-03
   1.0100300e-02
   2.3183700e-02
   3.7900200e-02
   5.0643500e-02
   5.6630700e-02
   5.4683300e-02
   4.7834500e-02
   3.9231300e-02
   3.1523300e-02
   2.5839600e-02
   2.0985500e-02
   1.5555900e-02
   9.2401000e-03
   1.4195200e-03
  -7.1119200e-03
  -1.5095900e-02
  -2.1018100e-02
  -2.3066800e-02
  -2.1982400e-02
  -2.1316900e-02
  -2.4330800e-02
  -3.1635900e-02
  -4.3784800e-02
  -5.9856300e-02
  -7.5293500e-02
  -8.5425900e-02
  -8.7692700e-02
  -8.3858900e-02
  -7.8541800e-02
  -7.3877100e-02
  -7.0081800e-02
  -6.6339000e-02
  -6.1179500e-02
  -5.5204600e-02
  -5.0053300e-02
  -4.6327800e-02
  -4.3251500e-02
  -3.8880200e-02
  -3.0579300e-02
  -1.7910200e-02
  -3.4049400e-03
   1.0213900e-02
   2.1806700e-02
   3.2389600e-02
   4.4703300e-02
   5.8518200e-02
   7.1856600e-02
   8.1907000e-02
   8.5211100e-02
   8.1587700e-02
   7.3542900e-02
   6.4186800e-02
   5.5471700e-02
   4.7365200e-02
   3.6840200e-02
   2.1952200e-02
   4.6673500e-03
  -1.2062600e-02
  -2.6013600e-02
  -3.5402900e-02
  -4.0950400e-02
  -4.3768400e-02
  -4.2983700e-02
  -3.7933100e-02
  -2.8179600e-02
  -1.4169800e-02
   1.9237800e-03
   1.7418300e-02
   2.9563900e-02
   3.7330800e-02
   3.8832900e-02
   3.3740400e-02
   2.5360500e-02
   1.6059000e-02
   4.0152500e-03
  -1.1246700e-02
  -2.5650900e-02
  -3.3975500e-02
  -3.4217500e-02
  -2.7191200e-02
  -1.5333600e-02
  -5.4008200e-04
   1.6279800e-02
   3.3711900e-02
   5.1371000e-02
   6.6954000e-02
   7.8764800e-02
   8.7717000e-02
   9.3476700e-02
   9.4442800e-02
   8.8111300e-02
   7.4977000e-02
   5.9759000e-02
   4.6513000e-02
   3.5703300e-02
   2.5087000e-02
   1.3297500e-02
   1.2388600e-03
  -8.4314700e-03
  -1.4730500e-02
  -1.9858600e-02
  -2.4619600e-02
  -2.8445700e-02
  -3.0654700e-02
  -2.9789200e-02
  -2.4726500e-02
  -1.4133200e-02
   2.2708100e-03
   2.1301300e-02
   3.9506800e-02
   5.4087500e-02
   6.4513600e-02
   7.2264300e-02
   7.7960300e-02
   8.0088600e-02
   7.6697600e-02
   6.7984600e-02
   5.6376100e-02
   4.3241100e-02
   2.8280000e-02
   1.1902200e-02
  -4.5329400e-03
  -2.1892700e-02
  -4.0028600e-02
  -5.4911600e-02
  -6.3566800e-02
  -6.6252900e-02
  -6.4204200e-02
  -5.7968800e-02
  -4.9177200e-02
  -4.0471800e-02
  -3.1897700e-02
  -2.2447700e-02
  -1.3566500e-02
  -4.5774600e-03
   5.0057600e-03
   1.5338000e-02
   2.6041200e-02
   3.3403700e-02
   3.4634000e-02
   3.0043300e-02
   2.0497500e-02
   7.5211800e-03
  -6.2044900e-03
  -1.8532600e-02
  -2.7143800e-02
  -3.2490600e-02
  -3.8361700e-02
  -4.6224500e-02
  -5.2299900e-02
  -5.3022000e-02
  -4.7973700e-02
  -3.9733400e-02
  -3.1920000e-02
  -2.5483500e-02
  -2.0049800e-02
  -1.5635700e-02
  -1.2831600e-02
  -1.1978800e-02
  -1.2732400e-02
  -1.4218200e-02
  -1.6852400e-02
  -1.9628600e-02
  -2.0815700e-02
  -2.0781000e-02
  -2.0335000e-02
  -1.9552800e-02
  -2.0182000e-02
  -2.1774500e-02
  -2.2740400e-02
  -2.3877800e-02
  -2.6130100e-02
  -2.8265000e-02
  -2.8815800e-02
  -2.7519700e-02
  -2.4324600e-02
  -1.9827300e-02
  -1.4746700e-02
  -8.5899900e-03
  -2.6244100e-03
   2.0986100e-03
   6.9440500e-03
   1.2429300e-02
   1.7281900e-02
   2.0893200e-02
   2.2999700e-02
   2.5100900e-02
   2.8847100e-02
   3.2377500e-02
   3.3826400e-02
   3.3344800e-02
   3.1269900e-02
   2.7491000e-02
   2.2506100e-02
   1.3924800e-02
  -6.5679100e-04
  -1.7874700e-02
  -3.3494800e-02
  -4.6201200e-02
  -5.4977500e-02
  -6.1487700e-02
  -6.7245000e-02
  -7.0895800e-02
  -7.1572800e-02
  -6.9896800e-02
  -6.6756500e-02
  -6.2203800e-02
  -5.6287900e-02
  -4.8811700e-02
  -3.9921500e-02
  -3.0846500e-02
  -2.2000900e-02
  -1.2729400e-02
  -2.2961400e-03
   1.0324000e-02
   2.3810100e-02
   3.4063800e-02
   3.9817400e-02
   4.1168900e-02
   3.8044100e-02
   3.1448100e-02
   2.4124400e-02
   1.8279000e-02
   1.4488900e-02
   1.2073100e-02
   8.5440000e-03
   3.4410500e-03
  -6.9544000e-04
   3.0074200e-04
   7.8667300e-03
   1.9113700e-02
   3.0289500e-02
   3.9645900e-02
   4.7187600e-02
   5.0301100e-02
   4.7907700e-02
   4.2309600e-02
   3.4801100e-02
   2.6530200e-02
   1.9524600e-02
   1.3723600e-02
   9.5913400e-03
   9.1774700e-03
   1.1293200e-02
   1.4142300e-02
   1.7891500e-02
   2.2157100e-02
   2.5740900e-02
   3.0151900e-02
   3.5164000e-02
   3.7676800e-02
   3.7935200e-02
   3.8675600e-02
   4.1399000e-02
