  -4.2353100e-02
  -4.0963200e-02
  -3.8325000e-02
  -3.5687800e-02
  -3.4805600e-02
  -3.6399300e-02
  -3.9479900e-02
  -4.2094200e-02
  -4.2910700e-02
  -4.2284600e-02
  -4.1713700e-02
  -4.2389000e-02
  -4.4232300e-02
  -4.6340000e-02
  -4.8062400e-02
  -4.9220800e-02
  -4.9751700e-02
  -4.9870000e-02
  -5.0179300e-02
  -5.0900600e-02
  -5.1424400e-02
  -5.1090900e-02
  -4.9760400e-02
  -4.7592900e-02
  -4.5084500e-02
  -4.3021600e-02
  -4.1666700e-02
  -4.0653800e-02
  -3.9826100e-02
  -3.9572500e-02
  -4.0228900e-02
  -4.1491200e-02
  -4.2717900e-02
  -4.3532700e-02
  -4.4019800e-02
  -4.4461500e-02
  -4.5115800e-02
  -4.5968100e-02
  -4.6783400e-02
  -4.7213800e-02
  -4.6932800e-02
  -4.5798900e-02
  -4.3803300e-02
  -4.1400800e-02
  -3.9720600e-02
  -3.9860400e-02
  -4.1990300e-02
  -4.5075000e-02
  -4.7510700e-02
  -4.8456800e-02
  -4.8772200e-02
  -5.0106500e-02
  -5.2883500e-02
  -5.5602300e-02
  -5.6267000e-02
  -5.4035800e-02
  -4.9477000e-02
  -4.4173400e-02
  -3.9910900e-02
  -3.7294200e-02
  -3.5263200e-02
  -3.2272700e-02
  -2.7484500e-02
  -2.1214100e-02
  -1.4983400e-02
  -1.0368800e-02
  -7.5920600e-03
  -5.7228400e-03
  -3.8645600e-03
  -1.9069400e-03
  -3.9855800e-04
  -1.4270500e-04
  -1.5257800e-03
  -4.1484900e-03
  -7.4468900e-03
  -1.1123600e-02
  -1.4544200e-02
  -1.6574200e-02
  -1.6447000e-02
  -1.4773200e-02
  -1.3159400e-02
  -1.2620500e-02
  -1.2683400e-02
  -1.2044500e-02
  -1.0020600e-02
  -7.6635700e-03
  -7.0081800e-03
  -8.7277200e-03
  -1.1078900e-02
  -1.1389700e-02
  -8.4480800e-03
  -3.6327800e-03
   4.0633900e-04
   1.9941900e-03
   1.6519800e-03
   1.3826900e-03
   2.9551000e-03
   7.0039400e-03
   1.2778500e-02
   1.8327700e-02
   2.1694500e-02
   2.2401000e-02
   2.1621000e-02
   2.1044600e-02
   2.1882100e-02
   2.4554200e-02
   2.8309900e-02
   3.0943600e-02
   2.9997100e-02
   2.4825700e-02
   1.7406200e-02
   1.0929000e-02
   7.2717000e-03
   5.8844100e-03
   5.1289500e-03
   4.1931400e-03
   3.4292300e-03
   3.2294100e-03
   3.3889500e-03
   3.8127900e-03
   4.8211500e-03
   6.7932400e-03
   9.9309000e-03
   1.3881500e-02
   1.7499200e-02
   1.9855100e-02
   2.1329400e-02
   2.2841500e-02
   2.4610200e-02
   2.6299300e-02
   2.8006800e-02
   2.9703600e-02
   2.9654700e-02
   2.5907200e-02
   1.9842200e-02
   1.5678900e-02
   1.5547500e-02
   1.7179200e-02
   1.7115300e-02
   1.4351300e-02
   1.0250000e-02
   6.3169500e-03
   3.1944200e-03
   1.0345800e-03
  -7.2738600e-05
  -2.1385200e-04
  -2.2804500e-05
  -3.4698400e-04
  -1.2873800e-03
  -2.0190900e-03
  -1.9146700e-03
  -1.3620400e-03
  -8.9179700e-04
   4.2368900e-05
   2.6819400e-03
   7.2901500e-03
   1.2610200e-02
   1.7319000e-02
   2.1243900e-02
   2.5138900e-02
   2.9811000e-02
   3.5455600e-02
   4.0675900e-02
   4.2663600e-02
   3.9849800e-02
   3.4148600e-02
   2.9713400e-02
   2.8618700e-02
   2.8458300e-02
   2.5276500e-02
   1.8343800e-02
   1.0777100e-02
   5.6989700e-03
   3.0230900e-03
   1.6223500e-04
  -4.8220400e-03
  -1.0965500e-02
  -1.5279800e-02
  -1.6166900e-02
  -1.5210600e-02
  -1.4780700e-02
  -1.5147800e-02
  -1.5209600e-02
  -1.4889600e-02
  -1.5107300e-02
  -1.6011600e-02
  -1.7008900e-02
  -1.8160600e-02
  -1.9973800e-02
  -2.1857600e-02
  -2.1963100e-02
  -1.8682900e-02
  -1.2442300e-02
  -6.2175100e-03
  -3.4964000e-03
  -5.0476900e-03
  -8.0814200e-03
  -8.7365500e-03
  -5.1186600e-03
   1.2061000e-03
   6.0875600e-03
   5.8099400e-03
   5.5199200e-04
  -5.3598300e-03
  -7.0393000e-03
  -3.4631600e-03
   1.5279100e-03
   2.5786100e-03
  -2.2519500e-03
  -9.8845200e-03
  -1.5447800e-02
  -1.6504600e-02
  -1.4410100e-02
  -1.2259100e-02
  -1.2039600e-02
  -1.3932800e-02
  -1.7367600e-02
  -2.1619200e-02
  -2.5453100e-02
  -2.7437300e-02
  -2.6887900e-02
  -2.4269200e-02
  -2.1377000e-02
  -2.0745000e-02
  -2.3082100e-02
  -2.5458800e-02
  -2.3685500e-02
  -1.6103800e-02
  -4.9762100e-03
   5.1620100e-03
   1.1196700e-02
   1.3991800e-02
   1.7031200e-02
   2.2922700e-02
   3.1603800e-02
   4.0635900e-02
   4.6741400e-02
   4.8206000e-02
   4.6233600e-02
   4.3807800e-02
   4.2876800e-02
   4.3194800e-02
   4.3674600e-02
   4.3639800e-02
   4.3079600e-02
   4.2304400e-02
   4.1460100e-02
   4.0189400e-02
   3.7866300e-02
   3.3976400e-02
   2.8355500e-02
   2.1356800e-02
   1.3498200e-02
   4.8999600e-03
  -4.3578900e-03
  -1.2942400e-02
  -1.8350900e-02
  -1.9498900e-02
  -1.8563300e-02
  -1.8906300e-02
  -2.1504400e-02
  -2.4344700e-02
  -2.4583400e-02
  -1.9941900e-02
  -9.2672200e-03
   6.1327000e-03
   2.1806300e-02
   3.2997700e-02
   3.8825300e-02
   4.2782600e-02
   4.8978500e-02
   5.8032900e-02
   6.6044500e-02
   6.7179700e-02
   5.7725900e-02
   3.9263700e-02
   1.8688200e-02
   3.6135200e-03
  -3.8771900e-03
  -8.1191200e-03
  -1.4392700e-02
  -2.3385800e-02
  -3.0889000e-02
  -3.2639600e-02
  -2.8645500e-02
  -2.2463500e-02
  -1.8111000e-02
  -1.7578300e-02
  -1.9737300e-02
  -2.1650900e-02
  -2.1281700e-02
  -1.8564200e-02
  -1.4372800e-02
  -9.4189600e-03
  -4.0445000e-03
   1.5359000e-03
   7.1542800e-03
   1.2187600e-02
   1.4886000e-02
   1.3674200e-02
   9.3973700e-03
   4.9185000e-03
   2.7870100e-03
   4.3066700e-03
   1.0261500e-02
   2.0587000e-02
   3.3062200e-02
   4.4158800e-02
   5.1995100e-02
   5.7698000e-02
   6.3379900e-02
   6.8778600e-02
   7.0603300e-02
   6.5869900e-02
   5.5145000e-02
   4.1548400e-02
   2.7776500e-02
   1.5568600e-02
   6.9132500e-03
   2.9563800e-03
   1.4162100e-03
  -2.5117300e-03
  -1.1058600e-02
  -2.0971200e-02
  -2.6671400e-02
  -2.6056200e-02
  -2.2510700e-02
  -2.0752200e-02
  -2.1838100e-02
  -2.3694600e-02
  -2.5035500e-02
  -2.6292600e-02
  -2.7695100e-02
  -2.8895700e-02
  -3.0387400e-02
  -3.3578000e-02
  -3.9358200e-02
  -4.7039100e-02
  -5.4982200e-02
  -6.2368200e-02
  -6.9599200e-02
  -7.7080800e-02
  -8.4036000e-02
  -8.8821800e-02
  -9.0373200e-02
  -8.9078500e-02
  -8.6433800e-02
  -8.3781200e-02
  -8.1147600e-02
  -7.7542900e-02
  -7.2640800e-02
  -6.7094300e-02
  -6.0852500e-02
  -5.2697400e-02
  -4.2430000e-02
  -3.2196800e-02
  -2.4254200e-02
  -1.8258100e-02
  -1.1990500e-02
  -4.5368200e-03
   2.4771500e-03
   6.6910700e-03
   7.2992400e-03
   5.8146200e-03
   4.9807400e-03
   6.9336800e-03
   1.1805000e-02
   1.7769600e-02
   2.2825700e-02
   2.6644600e-02
   3.0353100e-02
   3.4954300e-02
   4.0555600e-02
   4.6486000e-02
   5.1572300e-02
   5.4689900e-02
   5.5605500e-02
   5.5025000e-02
   5.3696300e-02
   5.1742100e-02
   4.9228400e-02
   4.6803400e-02
   4.5031100e-02
   4.3223400e-02
   4.0034800e-02
   3.5274500e-02
   3.0343300e-02
   2.7085100e-02
   2.6522100e-02
   2.8425500e-02
   3.2040200e-02
   3.6989400e-02
   4.3058100e-02
   4.9668300e-02
   5.5875100e-02
   6.1045000e-02
   6.5294500e-02
   6.9566700e-02
   7.5152100e-02
   8.2434900e-02
   9.0411600e-02
   9.7668200e-02
   1.0327300e-01
   1.0660400e-01
   1.0775500e-01
   1.0797700e-01
   1.0804000e-01
   1.0683500e-01
   1.0274300e-01
   9.5431400e-02
   8.5912000e-02
   7.6236500e-02
   6.8953200e-02
   6.4987300e-02
   6.1915500e-02
   5.6300100e-02
   4.7669200e-02
   3.8375300e-02
   3.0184900e-02
   2.2816400e-02
   1.5198200e-02
   7.2645400e-03
  -5.9607300e-05
  -6.0507600e-03
  -1.0794200e-02
  -1.4409500e-02
  -1.6086600e-02
  -1.4407800e-02
  -9.3007700e-03
  -3.0778400e-03
   1.9246100e-03
   5.6947900e-03
   9.5625200e-03
   1.4588600e-02
   2.1365700e-02
   2.9271700e-02
   3.5759400e-02
   3.8120500e-02
   3.6152500e-02
   3.2687400e-02
   3.2039200e-02
   3.7065900e-02
   4.6544400e-02
   5.5888200e-02
   6.0649100e-02
   5.9399100e-02
   5.4331300e-02
   4.9701100e-02
   4.8598200e-02
   4.9924500e-02
   4.9286900e-02
   4.3960000e-02
   3.5933300e-02
   2.9570700e-02
   2.7395500e-02
   2.8680400e-02
   3.1277000e-02
   3.4453600e-02
   3.9985200e-02
   5.0123300e-02
   6.3980400e-02
   7.7073500e-02
   8.5596100e-02
   8.9274200e-02
   8.9154800e-02
   8.5422000e-02
   7.8990600e-02
   7.3150900e-02
   7.2114700e-02
   7.8131600e-02
   8.9588100e-02
   1.0144700e-01
   1.0816000e-01
   1.0730500e-01
   1.0034600e-01
   9.0290700e-02
   7.9396300e-02
   6.8531600e-02
   5.7769300e-02
   4.6985300e-02
   3.5604600e-02
   2.2775300e-02
   8.9361600e-03
  -3.2806200e-03
  -1.0681000e-02
  -1.2241000e-02
  -1.0214900e-02
  -8.7328700e-03
  -1.1299800e-02
  -1.8565300e-02
  -2.7927000e-02
  -3.6226100e-02
  -4.2536800e-02
  -4.7607700e-02
  -5.1667000e-02
  -5.4099400e-02
  -5.4417200e-02
  -5.2561700e-02
  -4.8878300e-02
  -4.4429600e-02
  -4.0647600e-02
  -3.7938400e-02
  -3.4884600e-02
  -2.9487300e-02
  -2.1323500e-02
  -1.1231400e-02
   6.3348600e-04
   1.4302200e-02
   2.8370000e-02
   4.1125700e-02
   5.2614000e-02
   6.3663700e-02
   7.3632700e-02
   8.1238300e-02
   8.6267700e-02
   8.8487600e-02
   8.6657900e-02
   8.0587700e-02
   7.2971300e-02
   6.7868700e-02
   6.7501500e-02
   7.0389500e-02
   7.2294900e-02
   6.9294900e-02
   6.0147700e-02
   4.6284100e-02
   3.1101600e-02
   1.8686700e-02
   1.0739700e-02
   5.0511400e-03
  -8.9815800e-04
  -6.3614000e-03
  -9.9197500e-03
  -1.3207100e-02
  -1.9170300e-02
  -2.8081700e-02
  -3.7272100e-02
  -4.3398100e-02
  -4.4414800e-02
  -4.0243300e-02
  -3.2147600e-02
  -2.2257700e-02
  -1.3093800e-02
  -6.0236400e-03
  -1.7156100e-04
   6.1833900e-03
   1.3660200e-02
   2.1860300e-02
   3.0319500e-02
   3.8750500e-02
   4.6415400e-02
   5.2238400e-02
   5.6400200e-02
   6.0564700e-02
   6.5405400e-02
   6.9168100e-02
   6.9838500e-02
   6.7302600e-02
   6.2140500e-02
   5.4189900e-02
   4.4028000e-02
   3.4602300e-02
   2.8888800e-02
   2.6876800e-02
   2.6507900e-02
   2.5710200e-02
   2.2327000e-02
   1.4411100e-02
   2.8351000e-03
  -7.5994600e-03
  -1.1418100e-02
  -7.1842500e-03
   8.4574800e-04
   5.9777900e-03
   5.1831300e-03
   1.5395400e-03
  -2.6598400e-04
   4.3926900e-04
   5.2589400e-04
  -1.9957300e-03
  -5.4875100e-03
  -6.6884300e-03
  -3.5892900e-03
   3.6549500e-03
   1.2766000e-02
   2.0089900e-02
   2.3126300e-02
   2.2858400e-02
   2.3029800e-02
   2.7047600e-02
   3.4737700e-02
   4.1468800e-02
   4.1943000e-02
   3.5759800e-02
   2.8128100e-02
   2.4216000e-02
   2.4154900e-02
   2.4967000e-02
   2.5394300e-02
   2.6816600e-02
   3.0748300e-02
   3.7168600e-02
   4.4668300e-02
   5.1544900e-02
   5.6850600e-02
   6.0590300e-02
   6.3269200e-02
   6.5474300e-02
   6.7614600e-02
   6.9236700e-02
   6.8773100e-02
   6.5033800e-02
   5.9264200e-02
   5.4980500e-02
   5.4923000e-02
   5.7796900e-02
   5.9473600e-02
   5.8057200e-02
   5.6053300e-02
   5.6151500e-02
   5.6995200e-02
   5.4946000e-02
   4.8944300e-02
   4.1979000e-02
   3.8096100e-02
   3.9058800e-02
   4.3454400e-02
   4.8344500e-02
   5.1497100e-02
   5.2570100e-02
   5.2884700e-02
   5.4149900e-02
   5.6854200e-02
   5.9499400e-02
   5.9357900e-02
   5.4629800e-02
   4.5933000e-02
   3.5855000e-02
   2.6933800e-02
   1.9913100e-02
   1.3357300e-02
   4.9490400e-03
  -5.7070800e-03
  -1.5814000e-02
  -2.2039500e-02
  -2.4012500e-02
  -2.4302000e-02
  -2.5599600e-02
  -2.8722000e-02
  -3.2761900e-02
  -3.6084800e-02
  -3.7234300e-02
  -3.5954800e-02
  -3.3808200e-02
  -3.2694700e-02
  -3.2053300e-02
  -2.8757100e-02
  -2.0476400e-02
  -8.0328100e-03
   5.6082900e-03
   1.7708200e-02
   2.7347400e-02
   3.5920000e-02
   4.6361600e-02
   5.9960100e-02
   7.3566600e-02
   8.1893800e-02
   8.2614400e-02
   7.8239000e-02
   7.3318200e-02
   7.1060300e-02
   7.2342700e-02
   7.6010200e-02
   7.9815000e-02
   8.1758400e-02
   8.0670200e-02
   7.5809900e-02
   6.6748000e-02
   5.4805100e-02
   4.3907100e-02
   3.7859000e-02
   3.6106200e-02
   3.4002300e-02
   2.7943700e-02
   1.8830800e-02
   1.0378700e-02
   5.6707900e-03
   5.6813200e-03
   8.7081100e-03
   1.0419600e-02
   7.1402500e-03
  -3.3099900e-04
  -7.2659100e-03
  -9.0255800e-03
  -4.2405800e-03
   4.4055100e-03
   1.1943600e-02
   1.4593200e-02
   1.2034100e-02
   6.2603000e-03
  -5.7668100e-04
  -6.5469000e-03
  -9.9675100e-03
  -1.0408500e-02
  -8.8026000e-03
  -6.1538600e-03
  -2.7005500e-03
   1.3905000e-03
   5.0626800e-03
   6.5873200e-03
   4.9198900e-03
   9.0952800e-04
  -3.5313200e-03
  -7.6239500e-03
  -1.1828800e-02
  -1.5244500e-02
  -1.4651900e-02
  -7.3501100e-03
   5.5425400e-03
   1.8834100e-02
   2.6801900e-02
   2.7397700e-02
   2.3016900e-02
   1.7452400e-02
   1.2429500e-02
   7.2189500e-03
   6.4936700e-04
  -7.1826000e-03
  -1.4819300e-02
  -2.0280600e-02
  -2.1783500e-02
  -1.8897600e-02
  -1.3939300e-02
  -1.1459500e-02
  -1.4979200e-02
  -2.3922700e-02
  -3.4146900e-02
  -4.1423200e-02
  -4.4454400e-02
  -4.4938100e-02
  -4.5335600e-02
  -4.6454600e-02
  -4.7067500e-02
  -4.5596200e-02
  -4.1675900e-02
  -3.5993100e-02
  -2.9038800e-02
  -2.0899200e-02
  -1.2035700e-02
  -3.4787800e-03
   4.0242800e-03
   1.0603700e-02
   1.6593000e-02
   2.1510400e-02
   2.4092800e-02
   2.3646400e-02
   2.1558600e-02
   2.1570500e-02
   2.7433800e-02
   3.8930000e-02
   5.0800400e-02
   5.7000900e-02
   5.5700100e-02
   4.9715100e-02
   4.2976200e-02
   3.7524100e-02
   3.2969300e-02
   2.7250900e-02
   1.8277900e-02
   6.0870100e-03
  -6.8565700e-03
  -1.7653200e-02
  -2.4029900e-02
  -2.4713000e-02
  -2.0824500e-02
  -1.6299500e-02
  -1.4646300e-02
  -1.5483900e-02
  -1.6175300e-02
  -1.6055100e-02
  -1.6463800e-02
  -1.7171800e-02
  -1.5749800e-02
  -1.0591800e-02
  -2.8749500e-03
   4.6822600e-03
   1.0045400e-02
   1.2519500e-02
   1.2649000e-02
   1.1938900e-02
   1.1725900e-02
   1.2145600e-02
   1.3229900e-02
   1.5902300e-02
   2.0300000e-02
   2.4697300e-02
   2.7590900e-02
   2.9648100e-02
   3.2040000e-02
   3.3993100e-02
   3.3923800e-02
   3.2055500e-02
   3.0069200e-02
   2.8687200e-02
   2.7130300e-02
   2.4902800e-02
   2.3163200e-02
   2.3780100e-02
   2.7348400e-02
   3.2391500e-02
   3.6409300e-02
   3.8072000e-02
   3.8539800e-02
   4.0584200e-02
   4.6011200e-02
   5.4037400e-02
   6.2746600e-02
   7.1353800e-02
   7.9961300e-02
   8.8061400e-02
   9.4616600e-02
   9.9541500e-02
   1.0361500e-01
   1.0611200e-01
   1.0375800e-01
   9.3583800e-02
   7.6789900e-02
   5.8825300e-02
   4.5451600e-02
   3.8572500e-02
   3.5242900e-02
   3.0921100e-02
   2.3820500e-02
   1.6066200e-02
   1.0641100e-02
   8.0639200e-03
   6.5526300e-03
   4.4086800e-03
   9.6466600e-04
  -3.5697900e-03
  -8.1064100e-03
  -1.1402800e-02
  -1.3231600e-02
  -1.3819700e-02
  -1.2758200e-02
  -1.0090300e-02
  -7.6716900e-03
  -8.2004800e-03
  -1.2584500e-02
  -1.9676100e-02
  -2.9018400e-02
  -4.1265900e-02
  -5.5006100e-02
  -6.5801900e-02
  -7.0126000e-02
  -6.8636600e-02
  -6.4555500e-02
  -6.0496000e-02
  -5.7645900e-02
  -5.5785400e-02
  -5.3381200e-02
  -4.9246100e-02
  -4.4100600e-02
  -3.9603300e-02
  -3.6241100e-02
  -3.3370100e-02
  -3.0745400e-02
  -2.8612800e-02
  -2.6471100e-02
  -2.2998200e-02
  -1.7516100e-02
  -1.0797800e-02
  -4.3271800e-03
   7.7028200e-04
   3.9507400e-03
   5.1643500e-03
   4.8805900e-03
   4.2959200e-03
   4.7693800e-03
   6.5738700e-03
   8.7319400e-03
   1.0176000e-02
   9.9733000e-03
   7.0677300e-03
   1.8876100e-03
  -2.5211200e-03
  -3.5094300e-03
  -2.0662600e-03
  -1.1741400e-03
  -2.8582000e-03
  -8.1972100e-03
  -1.7492700e-02
  -2.8872600e-02
  -3.9171300e-02
  -4.6782100e-02
  -5.2279400e-02
  -5.6350400e-02
  -5.8453500e-02
  -5.7916900e-02
  -5.5465100e-02
  -5.2650000e-02
  -5.0330600e-02
  -4.8555400e-02
  -4.7235400e-02
  -4.6126600e-02
  -4.4828400e-02
  -4.3187200e-02
  -4.1571000e-02
  -4.0684200e-02
  -4.0762300e-02
  -4.0991600e-02
  -3.9773900e-02
  -3.5856100e-02
  -2.9239000e-02
  -2.1257600e-02
  -1.4551100e-02
  -1.2087700e-02
  -1.4858600e-02
  -2.0207500e-02
  -2.3247300e-02
  -2.0833600e-02
  -1.3936600e-02
  -5.7177100e-03
   1.4352700e-03
   6.5604200e-03
   9.9283200e-03
   1.3295600e-02
   1.8776600e-02
   2.6508300e-02
   3.3918100e-02
   3.7750700e-02
   3.6123100e-02
   2.9191500e-02
   1.9597300e-02
   1.1648500e-02
   8.4610500e-03
   1.0108700e-02
   1.4341500e-02
   1.8629800e-02
   2.1791500e-02
   2.3793800e-02
   2.4328100e-02
   2.2561800e-02
   1.8485600e-02
   1.3488100e-02
   9.0913000e-03
   5.4969300e-03
   1.6650800e-03
  -3.3888600e-03
  -9.6388600e-03
  -1.6269200e-02
  -2.2615400e-02
  -2.8896100e-02
  -3.5576000e-02
  -4.2174300e-02
  -4.8082500e-02
  -5.4451800e-02
  -6.3116600e-02
  -7.3918400e-02
  -8.5177600e-02
  -9.5694900e-02
  -1.0428300e-01
  -1.0877500e-01
  -1.0770600e-01
  -1.0177500e-01
  -9.2825500e-02
  -8.2565900e-02
  -7.2601700e-02
  -6.3808500e-02
  -5.4519400e-02
  -4.1212600e-02
  -2.2786700e-02
  -2.7306900e-03
   1.4070800e-02
   2.5085200e-02
   3.0085500e-02
   2.9861100e-02
   2.6350700e-02
   2.1709600e-02
   1.5675700e-02
   5.9695000e-03
  -7.1674300e-03
  -1.9248700e-02
  -2.6443100e-02
  -2.9747200e-02
  -3.2252800e-02
  -3.4198900e-02
  -3.2859600e-02
  -2.6424500e-02
  -1.6309400e-02
  -5.4660000e-03
   4.6154200e-03
   1.3742200e-02
   2.0978800e-02
   2.4390800e-02
   2.3078300e-02
   1.8466200e-02
   1.2948600e-02
   7.9826500e-03
   3.5599500e-03
  -1.1466700e-03
  -6.0156500e-03
  -9.9159600e-03
  -1.3884600e-02
  -2.2741200e-02
  -4.0670200e-02
  -6.5105300e-02
  -8.7739300e-02
  -1.0306000e-01
  -1.1321700e-01
  -1.2317100e-01
  -1.3374400e-01
  -1.4116600e-01
  -1.4214600e-01
  -1.3762800e-01
  -1.3057300e-01
  -1.2133900e-01
  -1.0813200e-01
  -9.2733300e-02
  -8.2013600e-02
  -8.0291100e-02
  -8.2840500e-02
  -7.9983900e-02
  -6.6029600e-02
  -4.3246800e-02
  -1.9523400e-02
  -2.8085300e-03
   4.2287900e-03
   5.3089900e-03
   6.1744300e-03
   9.3053300e-03
   1.3422100e-02
   1.6637200e-02
   1.7993100e-02
   1.7013800e-02
   1.4041900e-02
   1.0658700e-02
   7.9156900e-03
   4.1229000e-03
  -4.4980500e-03
  -2.0094800e-02
  -4.0406700e-02
  -6.0571900e-02
  -7.7482100e-02
  -9.1486500e-02
  -1.0406600e-01
  -1.1572200e-01
  -1.2669200e-01
  -1.3722900e-01
  -1.4596900e-01
  -1.4990000e-01
  -1.4716700e-01
  -1.3862700e-01
  -1.2661000e-01
  -1.1320700e-01
  -9.9480000e-02
  -8.5968400e-02
  -7.3266600e-02
  -6.1477900e-02
  -5.0514400e-02
  -4.1226800e-02
  -3.4575600e-02
  -3.0159800e-02
  -2.6924200e-02
  -2.4271000e-02
  -2.1878700e-02
  -1.9562800e-02
  -1.7853000e-02
  -1.8052000e-02
  -2.1124600e-02
  -2.6218300e-02
  -3.1007000e-02
  -3.4273500e-02
  -3.6559100e-02
  -3.8011900e-02
  -3.8109300e-02
  -3.7577100e-02
  -3.8157500e-02
  -3.9495800e-02
  -3.8469500e-02
  -3.3466500e-02
  -2.7553000e-02
  -2.5188100e-02
  -2.7632400e-02
  -3.2819200e-02
  -3.7751700e-02
  -3.9915000e-02
  -3.8138300e-02
  -3.3985400e-02
  -3.1195300e-02
  -3.2044300e-02
  -3.4782500e-02
  -3.5503900e-02
  -3.2218800e-02
  -2.6344000e-02
  -2.1012100e-02
  -1.8260100e-02
  -1.8034600e-02
  -1.9401200e-02
  -2.1771700e-02
  -2.4679600e-02
  -2.7459100e-02
  -2.9886700e-02
  -3.2516400e-02
  -3.5728200e-02
  -3.9138300e-02
  -4.2264100e-02
  -4.5168300e-02
  -4.8540500e-02
  -5.3242700e-02
  -5.8664400e-02
  -6.2080400e-02
  -6.1681000e-02
  -5.9932700e-02
  -6.1671500e-02
  -6.8662700e-02
  -7.7928100e-02
  -8.5522100e-02
  -9.0071600e-02
  -9.2201100e-02
  -9.2662200e-02
  -9.2033500e-02
  -9.0588300e-02
  -8.7846900e-02
  -8.3358000e-02
  -7.7647900e-02
  -7.1328300e-02
  -6.4330700e-02
  -5.6537400e-02
  -4.8028400e-02
  -3.8845700e-02
  -2.9582400e-02
  -2.1738900e-02
  -1.6506800e-02
  -1.4013500e-02
  -1.3994600e-02
  -1.5724800e-02
  -1.7277300e-02
  -1.6364400e-02
  -1.2633400e-02
  -8.4186300e-03
  -6.8204900e-03
  -9.2525300e-03
  -1.4665800e-02
  -2.1104400e-02
  -2.7677600e-02
  -3.3899400e-02
  -3.8123800e-02
  -3.8894100e-02
  -3.6804100e-02
  -3.3113700e-02
  -2.8075600e-02
  -2.2113100e-02
  -1.6767500e-02
  -1.3291200e-02
  -1.1364700e-02
  -9.9176800e-03
  -8.3957500e-03
  -6.7895300e-03
  -4.5985800e-03
  -7.6418300e-04
   5.2134100e-03
   1.3073300e-02
   2.2175800e-02
   3.1193900e-02
   3.7975300e-02
   4.0442700e-02
   3.7607500e-02
   2.9409200e-02
   1.6698500e-02
   2.3521800e-03
  -9.1687400e-03
  -1.5108900e-02
  -1.6850100e-02
  -1.7660800e-02
  -1.8801200e-02
  -1.9251600e-02
  -1.8534500e-02
  -1.7546500e-02
  -1.7231100e-02
  -1.8378700e-02
  -2.1605000e-02
  -2.5966800e-02
  -2.9234100e-02
  -3.0960500e-02
  -3.3630500e-02
  -3.8927200e-02
  -4.4265400e-02
  -4.4685600e-02
  -3.6940000e-02
  -2.2121000e-02
  -6.1912300e-03
   3.0328900e-03
   2.0625600e-03
  -5.3282800e-03
  -1.2251800e-02
  -1.4876600e-02
  -1.4528300e-02
  -1.4892400e-02
  -1.7810400e-02
  -2.1828700e-02
  -2.4142500e-02
  -2.3075000e-02
  -1.8455400e-02
  -1.1039000e-02
  -2.8864500e-03
   2.6019600e-03
   2.3895600e-03
  -3.9628900e-03
  -1.3293000e-02
  -2.0481600e-02
  -2.2247200e-02
  -1.9323900e-02
  -1.4473700e-02
  -9.3232500e-03
  -3.7985200e-03
   2.3709500e-03
   8.8771300e-03
   1.4916300e-02
   1.9012600e-02
   2.0044600e-02
   1.9242100e-02
   1.9642100e-02
   2.2518300e-02
   2.5781400e-02
   2.6816700e-02
   2.5340200e-02
   2.3322400e-02
   2.3257300e-02
   2.6596100e-02
   3.2759300e-02
   3.8894100e-02
   4.1072800e-02
   3.6857900e-02
   2.7355600e-02
   1.6965600e-02
   1.0858900e-02
   1.0829700e-02
   1.3184200e-02
   1.2712100e-02
   8.6437800e-03
   4.7342500e-03
   4.0815700e-03
   6.1372000e-03
   8.4600000e-03
   9.1274300e-03
   7.3714300e-03
   3.9286000e-03
   1.2159100e-03
   1.5793600e-03
   5.0682600e-03
   9.5871500e-03
   1.3355500e-02
   1.5974900e-02
   1.7285900e-02
   1.7665500e-02
   1.9032300e-02
   2.3119300e-02
   2.8707500e-02
   3.2841100e-02
   3.4429500e-02
   3.4492900e-02
   3.3665000e-02
   3.1884200e-02
   2.9711900e-02
   2.7834200e-02
   2.5732800e-02
   2.2310300e-02
   1.7277900e-02
   1.1284900e-02
   5.1987800e-03
  -5.6109000e-04
  -6.3822200e-03
  -1.3100500e-02
  -2.1052600e-02
  -2.9812100e-02
  -3.8772100e-02
  -4.7244800e-02
  -5.3896800e-02
  -5.6725700e-02
  -5.4493400e-02
  -4.7515100e-02
  -3.6727000e-02
  -2.3058700e-02
  -8.3476500e-03
   4.5064500e-03
   1.3623200e-02
   1.9503800e-02
   2.3698700e-02
   2.7472600e-02
   3.1965600e-02
   3.8102100e-02
   4.5736600e-02
   5.3375900e-02
   5.9457300e-02
   6.3504800e-02
   6.5724600e-02
   6.6202900e-02
   6.5157100e-02
   6.3129300e-02
   6.0203500e-02
   5.5238300e-02
   4.6446600e-02
   3.3494700e-02
   1.8638000e-02
   5.3346300e-03
  -3.9574700e-03
  -8.9433400e-03
  -1.1152400e-02
  -1.2907300e-02
  -1.6193200e-02
  -2.1402600e-02
  -2.6763000e-02
  -3.0125600e-02
  -3.1607800e-02
  -3.3539900e-02
  -3.7776800e-02
  -4.4131500e-02
  -5.0938700e-02
  -5.6221000e-02
  -5.8113800e-02
  -5.5049200e-02
  -4.6398200e-02
  -3.2727100e-02
  -1.6289100e-02
  -6.8952900e-04
   1.1543600e-02
   2.0055500e-02
   2.4611900e-02
   2.4123100e-02
   1.9130600e-02
   1.3002800e-02
   9.5254100e-03
   1.0072600e-02
   1.3287600e-02
   1.6866600e-02
   1.8978800e-02
   1.8953800e-02
   1.7577900e-02
   1.6657100e-02
   1.7261300e-02
   1.8644900e-02
   1.9621200e-02
   1.9490800e-02
   1.7070200e-02
   1.0660300e-02
   8.0303500e-04
  -7.6044700e-03
  -7.9466300e-03
   2.4140600e-03
   2.0022200e-02
   3.8499700e-02
   5.2232600e-02
   5.7674400e-02
   5.3816600e-02
   4.2849800e-02
   2.9584200e-02
   1.8999500e-02
   1.3396100e-02
   1.1476600e-02
   1.0342800e-02
   8.4017800e-03
   6.3528600e-03
   5.7404400e-03
   6.7061100e-03
   7.3800000e-03
   5.7135300e-03
   1.7240200e-03
  -2.1926300e-03
  -3.6259300e-03
  -2.8763400e-03
  -2.7009900e-03
  -4.9566900e-03
  -8.1676300e-03
  -8.9120200e-03
  -5.2207600e-03
   1.8598600e-03
   8.9974400e-03
   1.2402800e-02
   9.9449000e-03
   2.6318400e-03
  -6.0697900e-03
  -1.2847800e-02
  -1.5903000e-02
  -1.4350000e-02
  -8.0751800e-03
   9.7808700e-04
   8.9795700e-03
   1.3246800e-02
   1.4476500e-02
   1.4791900e-02
   1.4716000e-02
   1.3293700e-02
   1.0060800e-02
   5.5959600e-03
   8.6782400e-04
  -2.5140200e-03
  -2.4029500e-03
   2.3161200e-03
   1.0184900e-02
   1.7425800e-02
   2.0102500e-02
   1.6575000e-02
   8.9095200e-03
   1.5671800e-03
  -2.3323400e-03
  -3.1882200e-03
  -3.2082800e-03
  -3.4060500e-03
  -3.1336100e-03
  -1.9986400e-03
  -8.4353300e-04
  -4.4411800e-04
  -3.6392900e-04
  -5.1030500e-05
  -5.1047100e-04
  -3.3161500e-03
  -8.1346200e-03
  -1.2627600e-02
  -1.5191700e-02
  -1.6356800e-02
  -1.6937500e-02
  -1.6478100e-02
  -1.4181000e-02
  -1.0200200e-02
  -5.5623200e-03
  -1.6796200e-03
   5.2447800e-04
   1.9027500e-03
   4.1050600e-03
   6.8001500e-03
   7.4351200e-03
   4.4487100e-03
  -8.1824900e-04
  -5.7863700e-03
  -8.7122200e-03
  -9.8552800e-03
  -1.1638500e-02
  -1.7045500e-02
  -2.6880800e-02
  -3.8225500e-02
  -4.6184000e-02
  -4.7804600e-02
  -4.4174300e-02
  -3.8619300e-02
  -3.3935600e-02
  -3.1153400e-02
  -2.9388900e-02
  -2.6423400e-02
  -2.0171000e-02
  -1.0472800e-02
   6.8669100e-04
   1.0909100e-02
   1.9034100e-02
   2.5625700e-02
   3.1902400e-02
   3.8330900e-02
   4.4367400e-02
   4.9188300e-02
   5.1938100e-02
   5.1772000e-02
   4.8760600e-02
   4.4155000e-02
   3.8935700e-02
   3.2988100e-02
   2.6339100e-02
   1.9839300e-02
   1.4185900e-02
   9.4335400e-03
   5.8470900e-03
   4.0881700e-03
   4.1684900e-03
   4.8491300e-03
   4.5840900e-03
   2.7829800e-03
  -1.6460100e-04
  -4.1896700e-03
  -1.0305300e-02
  -1.9055200e-02
  -2.8446100e-02
  -3.4627600e-02
  -3.4798500e-02
  -2.8965900e-02
  -1.9383000e-02
  -9.2105000e-03
  -1.5222900e-03
   1.9692900e-03
   1.6990700e-03
  -2.2984300e-04
  -9.4466200e-04
   1.8436100e-03
   7.9872800e-03
   1.4475400e-02
   1.7745100e-02
   1.6215200e-02
   1.0434900e-02
   2.5223400e-03
  -3.5662500e-03
  -3.6830800e-03
   2.7702600e-03
   1.1501400e-02
   1.7096500e-02
   1.7785000e-02
   1.5695800e-02
   1.3273200e-02
   1.0975100e-02
   7.8914400e-03
   3.2824600e-03
  -2.4169000e-03
  -7.5073700e-03
  -9.4338500e-03
  -6.1543400e-03
   2.0840900e-03
   1.2590000e-02
   2.2045300e-02
   2.8497200e-02
   3.1552000e-02
   3.1643200e-02
   2.9766100e-02
   2.7153400e-02
   2.4507600e-02
   2.1578200e-02
   1.7962400e-02
   1.4208300e-02
   1.1811900e-02
   1.2088900e-02
   1.4988100e-02
   1.8864200e-02
   2.1351200e-02
   2.0696800e-02
   1.6774500e-02
   1.1001800e-02
   5.1781200e-03
   4.8293800e-04
  -2.6706100e-03
  -4.6107700e-03
  -6.5709500e-03
  -1.0109600e-02
  -1.5448200e-02
  -2.0978600e-02
  -2.5068000e-02
  -2.7814000e-02
  -3.0544900e-02
  -3.4193300e-02
  -3.8158800e-02
  -4.0689400e-02
  -4.0499900e-02
  -3.7985200e-02
  -3.4957700e-02
  -3.3034400e-02
  -3.2487300e-02
  -3.2529700e-02
  -3.1772700e-02
  -2.8629800e-02
  -2.2405000e-02
  -1.4363000e-02
  -7.3228800e-03
  -3.4429400e-03
  -2.1725300e-03
  -7.0226800e-04
   3.3688600e-03
   9.7683900e-03
   1.5928900e-02
   1.9688300e-02
   2.1065300e-02
   2.1347800e-02
   2.1760900e-02
   2.3319300e-02
   2.6764100e-02
   3.1305100e-02
   3.4221300e-02
   3.3309000e-02
   2.9450000e-02
   2.5895100e-02
   2.5017600e-02
   2.6191700e-02
   2.6564000e-02
   2.3665000e-02
   1.7574800e-02
   1.0594000e-02
   4.7698100e-03
   4.0042100e-04
  -2.5083400e-03
  -3.0842800e-03
  -1.4637700e-03
  -1.7404000e-05
  -7.3172400e-04
  -2.5597100e-03
  -3.2913100e-03
  -3.0757600e-03
  -4.0977300e-03
  -7.6752300e-03
  -1.2799000e-02
  -1.6931900e-02
  -1.7811800e-02
  -1.5477700e-02
  -1.2321000e-02
  -1.0474600e-02
  -9.8001800e-03
  -9.0810600e-03
  -8.3013000e-03
  -8.3586400e-03
  -8.9751000e-03
  -8.4785400e-03
  -5.4678100e-03
  -3.0415600e-04
   5.1574400e-03
   9.6252100e-03
   1.3506400e-02
   1.7855200e-02
   2.2797900e-02
   2.7078400e-02
   2.8681100e-02
   2.6306900e-02
   2.0892300e-02
   1.5547700e-02
   1.3025900e-02
   1.3158900e-02
   1.3316900e-02
   1.0994700e-02
   5.7492800e-03
  -4.5180000e-04
  -4.6162500e-03
  -5.5092600e-03
  -5.3468400e-03
  -7.5933800e-03
  -1.3220900e-02
  -2.0104300e-02
  -2.5280700e-02
  -2.6798200e-02
  -2.4452300e-02
  -2.0225500e-02
  -1.7416600e-02
  -1.7843300e-02
  -2.0192100e-02
  -2.1324400e-02
  -1.8957900e-02
  -1.3430600e-02
  -7.4792400e-03
  -3.9618200e-03
  -3.6128300e-03
  -5.3483100e-03
  -7.6390800e-03
  -9.0559300e-03
  -8.2875700e-03
  -4.7207700e-03
   7.5088200e-04
   6.1365600e-03
   9.7616900e-03
   1.1210600e-02
   1.1065400e-02
   9.6784700e-03
   6.3874600e-03
   3.6275000e-04
  -7.8034600e-03
  -1.6410000e-02
  -2.4444800e-02
  -3.2002100e-02
  -3.8568500e-02
  -4.2397700e-02
  -4.1973300e-02
  -3.7567100e-02
  -3.1494100e-02
  -2.6649800e-02
  -2.4101500e-02
  -2.2273400e-02
  -1.9105700e-02
  -1.3988100e-02
  -7.4490500e-03
  -5.8310100e-04
   4.9902800e-03
   8.1157900e-03
   9.7884700e-03
   1.2443900e-02
   1.6904100e-02
   2.1565000e-02
   2.4658100e-02
   2.5218800e-02
   2.1817700e-02
   1.2812400e-02
  -6.5953900e-04
  -1.3752800e-02
  -2.1344100e-02
  -2.1533200e-02
  -1.6161000e-02
  -9.6892300e-03
  -6.8274600e-03
  -8.9650300e-03
  -1.2777400e-02
  -1.3721600e-02
  -1.0610500e-02
  -5.4727200e-03
  -5.4098500e-04
   2.6771000e-03
   2.8426600e-03
  -3.4518300e-04
  -5.0604000e-03
  -8.2210200e-03
  -7.7888000e-03
  -4.9021600e-03
  -3.3606200e-03
  -6.1407800e-03
  -1.2538600e-02
  -1.8797600e-02
  -2.1579700e-02
  -2.0233600e-02
  -1.6001300e-02
  -1.0815600e-02
  -6.9457900e-03
  -5.9489700e-03
  -7.2985500e-03
  -8.9305200e-03
  -9.4767000e-03
  -9.2834300e-03
  -9.4390700e-03
  -1.0956100e-02
  -1.4416100e-02
  -1.9261100e-02
  -2.3649800e-02
  -2.6013600e-02
  -2.6269700e-02
  -2.5465900e-02
  -2.4685500e-02
  -2.4445200e-02
  -2.4819500e-02
  -2.5414000e-02
  -2.5152700e-02
  -2.2507700e-02
  -1.6669600e-02
  -8.4987700e-03
   2.6171400e-04
   8.1897700e-03
   1.4151500e-02
   1.7219800e-02
   1.7584700e-02
   1.6432900e-02
   1.4002200e-02
   9.0122200e-03
   8.1824800e-04
  -9.0282900e-03
  -1.8160800e-02
  -2.5527400e-02
  -3.1594100e-02
  -3.7006100e-02
  -4.1733300e-02
  -4.4884200e-02
  -4.5480600e-02
  -4.3399900e-02
  -3.9271400e-02
  -3.3998300e-02
  -2.8643200e-02
  -2.4184500e-02
  -2.0679500e-02
  -1.7027700e-02
  -1.1945300e-02
  -5.1521000e-03
   2.4405400e-03
   9.6582200e-03
   1.5484700e-02
   1.8657700e-02
   1.8313600e-02
   1.5172400e-02
   1.0949500e-02
   6.5970900e-03
   2.0947600e-03
  -2.1999700e-03
  -5.6259800e-03
  -8.5516400e-03
  -1.1868800e-02
  -1.5145900e-02
  -1.6659000e-02
  -1.5068500e-02
  -1.0774600e-02
  -5.9855300e-03
  -3.3041600e-03
  -3.8777600e-03
  -6.6863800e-03
  -9.5553000e-03
  -1.0775600e-02
  -9.7733900e-03
  -7.0930900e-03
  -3.9068300e-03
  -1.3618400e-03
   5.3527700e-05
   7.9262900e-04
   1.9291500e-03
   4.2565200e-03
   7.3337600e-03
   9.6631000e-03
   1.0145900e-02
   9.1173500e-03
   7.8880100e-03
   7.3121100e-03
   7.0486000e-03
   6.0832600e-03
   3.6741300e-03
  -9.1167900e-06
  -4.1121500e-03
  -7.5378300e-03
  -9.3756500e-03
  -9.5360900e-03
  -9.1878700e-03
  -1.0088100e-02
  -1.2946800e-02
  -1.6407100e-02
  -1.8252800e-02
  -1.7495400e-02
  -1.4625900e-02
  -1.0600600e-02
  -6.0825500e-03
  -1.3005000e-03
   3.3922100e-03
   7.2166200e-03
   9.6521300e-03
   1.1392200e-02
   1.3817800e-02
   1.7524300e-02
   2.1591400e-02
   2.4495900e-02
   2.5555700e-02
   2.5174800e-02
   2.4088500e-02
   2.2887400e-02
   2.2125600e-02
   2.1741100e-02
   2.0444300e-02
   1.6879900e-02
   1.1405300e-02
   6.0531000e-03
   2.6400200e-03
   1.1877900e-03
   1.4051800e-04
  -1.9974500e-03
  -5.2729100e-03
  -8.5300500e-03
  -1.0788800e-02
  -1.1736800e-02
  -1.1270300e-02
  -9.7284100e-03
  -8.2079000e-03
  -7.3563000e-03
  -6.3038600e-03
  -3.7869400e-03
   9.9165600e-05
   4.1230800e-03
   7.4833800e-03
   1.0050300e-02
   1.1617900e-02
   1.2259900e-02
   1.2627400e-02
   1.3527800e-02
   1.5403200e-02
   1.8239500e-02
   2.1448500e-02
   2.3937000e-02
   2.4653700e-02
   2.3393500e-02
   2.1100400e-02
   1.9350900e-02
   1.9288200e-02
   2.0729400e-02
   2.2065200e-02
   2.1339300e-02
   1.7967900e-02
   1.3408400e-02
   1.0155200e-02
   9.8360200e-03
   1.2091200e-02
   1.5285800e-02
   1.7743200e-02
   1.8239100e-02
   1.6482800e-02
   1.3442500e-02
   1.0709300e-02
   9.3811400e-03
   9.4047000e-03
   9.7968900e-03
   9.2689100e-03
   7.4954300e-03
   6.0439100e-03
   6.8120000e-03
   9.8912000e-03
   1.3694800e-02
   1.6439900e-02
   1.7180200e-02
   1.6399200e-02
   1.5710700e-02
   1.6443200e-02
   1.8270400e-02
   1.9803600e-02
   2.0361200e-02
   2.0216500e-02
   1.9611400e-02
   1.8592800e-02
   1.7522600e-02
   1.7002300e-02
   1.7262000e-02
   1.7911200e-02
   1.8266500e-02
   1.7784700e-02
   1.6597900e-02
   1.5733600e-02
   1.6247000e-02
   1.7862100e-02
   1.9025400e-02
   1.8559000e-02
   1.6804900e-02
   1.4741000e-02
   1.2878100e-02
   1.1289500e-02
   9.9691000e-03
   8.5807000e-03
   6.5580700e-03
   3.9727300e-03
   1.5771200e-03
   5.4104200e-05
  -7.2955500e-04
  -1.4730400e-03
  -2.4232600e-03
  -2.7502900e-03
  -1.3496600e-03
   1.8804200e-03
   6.1784200e-03
   1.0754700e-02
   1.4826600e-02
   1.7744000e-02
   1.9637200e-02
   2.1258800e-02
   2.2962300e-02
   2.4436400e-02
   2.5302800e-02
   2.5176300e-02
   2.3573100e-02
   2.0433100e-02
   1.6479500e-02
   1.2831200e-02
   1.0242800e-02
   8.8122800e-03
   7.9371500e-03
   6.3648200e-03
   3.1356300e-03
  -1.1277300e-03
  -4.5388700e-03
  -5.6536000e-03
  -4.3775900e-03
  -1.6485300e-03
   1.2576600e-03
   3.2673800e-03
   3.8426400e-03
   3.4987600e-03
   3.7250200e-03
   5.6230100e-03
   8.6467000e-03
   1.0964300e-02
   1.1476300e-02
   1.1041500e-02
   1.1443700e-02
   1.3106800e-02
   1.4397200e-02
   1.3578000e-02
   1.0464400e-02
   6.2878100e-03
   2.7158800e-03
   8.6084500e-04
   5.1549900e-04
   2.3236900e-05
  -2.2984900e-03
  -6.7242500e-03
  -1.2302100e-02
  -1.7693000e-02
  -2.1749600e-02
  -2.4199900e-02
  -2.5646000e-02
  -2.6523900e-02
  -2.6672500e-02
  -2.5942300e-02
  -2.4304300e-02
  -2.1728500e-02
  -1.8575000e-02
  -1.5369400e-02
  -1.1650500e-02
  -5.7691800e-03
   3.1357700e-03
   1.3710900e-02
   2.3439600e-02
   3.0366000e-02
   3.4185200e-02
   3.6290600e-02
   3.8508700e-02
   4.1325000e-02
   4.3613300e-02
   4.4127700e-02
   4.2824500e-02
   4.0334000e-02
   3.6945700e-02
   3.2965800e-02
   2.8992200e-02
   2.5221000e-02
   2.1201400e-02
   1.6479000e-02
   1.1233100e-02
   6.5081600e-03
   3.4313600e-03
   2.2002800e-03
   2.1230400e-03
   2.4138200e-03
   2.6579600e-03
   2.7813800e-03
   2.9896600e-03
   3.5713900e-03
   4.4397600e-03
   4.8469200e-03
   4.2203400e-03
   2.9488800e-03
   1.9843500e-03
   2.0298500e-03
   2.9777200e-03
   3.9613400e-03
   4.0147800e-03
   3.0282900e-03
   2.1708100e-03
   2.7527000e-03
   4.6071500e-03
   6.0502600e-03
   5.2489400e-03
   1.9370500e-03
  -2.1876700e-03
  -5.0976600e-03
  -6.1251500e-03
  -6.1188400e-03
  -6.4714700e-03
  -8.0641000e-03
  -1.0592500e-02
  -1.2724000e-02
  -1.3086200e-02
  -1.1196900e-02
  -7.5464400e-03
  -3.4089800e-03
  -5.2362900e-04
   2.3079800e-04
  -1.1824900e-04
   7.4135600e-04
   4.5096600e-03
   1.0868000e-02
   1.7449300e-02
   2.1509700e-02
   2.1998800e-02
   1.9990400e-02
   1.7246800e-02
   1.4506100e-02
   1.1426500e-02
   7.7000000e-03
   3.8312400e-03
   4.8551300e-04
  -2.3757900e-03
  -5.0371700e-03
  -7.5016800e-03
  -9.7508000e-03
  -1.1796900e-02
  -1.3447500e-02
  -1.4195000e-02
  -1.3545400e-02
  -1.1681100e-02
  -9.5811300e-03
  -8.2739900e-03
  -7.4657500e-03
  -5.5540400e-03
  -1.4614900e-03
   4.3462900e-03
   1.0525200e-02
   1.5725100e-02
   1.9123100e-02
   2.0773300e-02
   2.1480300e-02
   2.2049300e-02
   2.3066900e-02
   2.4835400e-02
   2.6883400e-02
   2.7981600e-02
   2.7089800e-02
   2.4588600e-02
   2.2513900e-02
   2.2814000e-02
   2.5187100e-02
   2.6985800e-02
   2.5564000e-02
   2.0438300e-02
   1.2993800e-02
   4.7319300e-03
  -3.8211700e-03
  -1.3174800e-02
  -2.3677100e-02
  -3.4125800e-02
  -4.2055400e-02
  -4.6049800e-02
  -4.6964200e-02
  -4.6136600e-02
  -4.3929800e-02
  -4.0698800e-02
  -3.7373700e-02
  -3.4077400e-02
  -2.9530500e-02
  -2.2833900e-02
  -1.4461300e-02
  -5.4098000e-03
   3.4306100e-03
   1.1223000e-02
   1.7807100e-02
   2.4206800e-02
   3.1547600e-02
   3.9126900e-02
   4.4686800e-02
   4.6573700e-02
   4.4782300e-02
   4.0279200e-02
   3.4231100e-02
   2.7620700e-02
   2.0834500e-02
   1.3729400e-02
   6.0976300e-03
  -1.8500900e-03
  -9.5714100e-03
  -1.6506100e-02
  -2.2149800e-02
  -2.6027300e-02
  -2.7755000e-02
  -2.7574400e-02
  -2.6326200e-02
  -2.4720000e-02
  -2.3026200e-02
  -2.1502600e-02
  -2.0444500e-02
  -1.9293900e-02
  -1.6970500e-02
  -1.3267000e-02
  -8.8195100e-03
  -3.9247200e-03
   1.3965900e-03
   6.7303400e-03
   1.1305600e-02
   1.4549400e-02
   1.6491200e-02
   1.7748300e-02
   1.9155500e-02
   2.1009500e-02
   2.2648900e-02
   2.2890700e-02
   2.0882500e-02
   1.6848900e-02
   1.2153300e-02
   8.6586300e-03
   7.4758800e-03
   7.7666600e-03
   7.0350200e-03
   3.0492000e-03
  -3.9034300e-03
  -1.0837300e-02
  -1.4572100e-02
  -1.4338800e-02
  -1.1743600e-02
  -8.9272300e-03
  -7.2790500e-03
  -6.9948700e-03
  -7.0471300e-03
  -5.9890100e-03
  -3.0267100e-03
   1.5217500e-03
   6.6178400e-03
   1.1168500e-02
   1.4221200e-02
   1.5188400e-02
   1.4063300e-02
   1.1738600e-02
   9.7212500e-03
   8.7277700e-03
   7.7476100e-03
   4.9684200e-03
  -1.2958000e-04
  -6.1377900e-03
  -1.1298500e-02
  -1.4824400e-02
  -1.6506500e-02
  -1.5975500e-02
  -1.3322900e-02
  -9.9315300e-03
  -7.6879500e-03
  -7.2005700e-03
  -7.1802800e-03
  -5.8237400e-03
  -2.3980200e-03
   2.3518100e-03
   7.0140300e-03
   1.0650300e-02
   1.3131100e-02
   1.4773900e-02
   1.5907900e-02
   1.6983300e-02
   1.8524700e-02
   2.0308700e-02
   2.1203100e-02
   1.9978700e-02
   1.6324700e-02
   1.1279700e-02
   6.6283900e-03
   3.8208800e-03
   3.0403200e-03
   3.0630500e-03
   2.2074500e-03
  -3.7584200e-04
  -4.5181000e-03
  -9.2698500e-03
  -1.3263000e-02
  -1.5510000e-02
  -1.6047500e-02
  -1.5582200e-02
  -1.4898700e-02
  -1.4712500e-02
  -1.5256400e-02
  -1.5743500e-02
  -1.4687100e-02
  -1.1477000e-02
  -6.9545900e-03
  -2.2661900e-03
   1.9655700e-03
   5.4602100e-03
   7.9836100e-03
   9.5841200e-03
   1.0707200e-02
   1.1774800e-02
   1.2891900e-02
   1.4133100e-02
   1.5488000e-02
   1.6366300e-02
   1.6221100e-02
   1.5274400e-02
   1.4345400e-02
   1.3851200e-02
   1.3341800e-02
   1.2167700e-02
   9.9706300e-03
   6.5703600e-03
   1.9595900e-03
  -3.5218300e-03
  -9.3212800e-03
  -1.4749600e-02
  -1.8870000e-02
  -2.0700400e-02
  -2.0037900e-02
  -1.7979000e-02
  -1.5967700e-02
  -1.4461100e-02
  -1.3058200e-02
  -1.1549100e-02
  -9.9473800e-03
  -7.9189800e-03
  -5.0981200e-03
  -1.5958300e-03
   2.2083200e-03
   6.1501000e-03
   1.0269700e-02
   1.4498800e-02
   1.8441700e-02
   2.1156800e-02
   2.1709400e-02
   2.0422600e-02
   1.8926100e-02
   1.8351400e-02
   1.8005800e-02
   1.6598800e-02
   1.4142500e-02
   1.1762500e-02
   9.9991200e-03
   8.1733700e-03
   5.3846700e-03
   1.8179500e-03
  -1.1595500e-03
  -2.4995000e-03
  -2.3329000e-03
  -1.4200600e-03
  -7.6632000e-04
  -1.3554900e-03
  -3.3283000e-03
  -5.7237300e-03
  -7.4756900e-03
  -8.3700400e-03
  -8.9358100e-03
  -9.6605300e-03
  -1.0697400e-02
  -1.1958800e-02
  -1.2949400e-02
  -1.2714400e-02
  -1.0702600e-02
  -7.7240500e-03
  -5.4989800e-03
  -5.1429100e-03
  -6.0947400e-03
  -6.6302300e-03
  -5.3938400e-03
  -2.3334800e-03
   1.5335600e-03
   4.5581400e-03
   5.5158700e-03
   5.0053100e-03
   4.9191700e-03
   6.2388500e-03
   8.0715200e-03
   8.9667300e-03
   8.2576700e-03
   6.1345000e-03
   3.1671400e-03
  -1.5908600e-04
  -3.4939900e-03
  -6.4746500e-03
  -8.6457200e-03
  -9.6242200e-03
  -9.4082100e-03
  -8.4565400e-03
  -7.4591200e-03
  -6.8262200e-03
  -6.7176600e-03
  -7.3272600e-03
  -8.5971600e-03
  -9.5650300e-03
  -9.0153000e-03
  -6.9302700e-03
  -4.5498800e-03
  -2.8318300e-03
  -1.5184900e-03
   9.4445300e-05
   2.2085100e-03
   4.6388700e-03
   6.9793600e-03
   8.3211000e-03
   7.8427900e-03
   6.0108600e-03
   4.4551400e-03
   4.3226100e-03
   5.5982200e-03
   7.6941400e-03
   9.8639900e-03
   1.1469000e-02
   1.2289700e-02
   1.2644700e-02
   1.3016000e-02
   1.3635700e-02
   1.4469000e-02
   1.5245400e-02
   1.5494900e-02
   1.4905000e-02
   1.3685900e-02
   1.2365100e-02
   1.1042700e-02
   9.3454900e-03
   7.1368200e-03
   4.8053700e-03
   2.8488600e-03
   1.2876700e-03
  -4.3937900e-04
  -2.7813100e-03
  -5.4907800e-03
  -7.9030200e-03
  -9.7285000e-03
  -1.1097900e-02
  -1.1965500e-02
  -1.2095600e-02
  -1.1452100e-02
  -1.0127700e-02
  -8.0186400e-03
  -5.2514100e-03
  -2.8796400e-03
  -2.0572300e-03
  -2.5494800e-03
  -2.7739000e-03
  -1.2528900e-03
   2.2354500e-03
   6.5698500e-03
   9.9486500e-03
   1.1024200e-02
   9.7440400e-03
   7.4081900e-03
   5.8465400e-03
   6.2709300e-03
   8.3533200e-03
   1.0575100e-02
   1.1440400e-02
   1.0417200e-02
   8.1685000e-03
   5.7117600e-03
   3.7821000e-03
   2.7228600e-03
   2.2678500e-03
   1.5304300e-03
  -5.7391600e-04
  -4.1552900e-03
  -7.8111400e-03
  -9.7096000e-03
  -9.1229900e-03
  -6.8312900e-03
  -4.3355700e-03
  -2.7134900e-03
  -2.1511400e-03
  -2.2209500e-03
  -2.5165200e-03
  -2.6883500e-03
  -2.1786500e-03
  -3.9385800e-04
   2.9169200e-03
   7.2072500e-03
   1.1209200e-02
   1.3791400e-02
   1.4646300e-02
   1.4186300e-02
   1.3119200e-02
   1.1981600e-02
   1.0889600e-02
   9.6021800e-03
   7.7994400e-03
   5.5169200e-03
   3.4485100e-03
   2.4651300e-03
   2.4155400e-03
   2.0288100e-03
   2.9633500e-04
  -2.5115500e-03
  -5.2427400e-03
  -7.0015500e-03
  -7.5705300e-03
  -7.1040900e-03
  -6.1544300e-03
  -5.5803200e-03
  -5.9693900e-03
  -7.0241300e-03
  -7.7412100e-03
  -7.0844500e-03
  -4.7332300e-03
  -1.5327800e-03
   8.8551100e-04
   1.3157000e-03
   3.6880800e-05
  -1.3033200e-03
  -9.2191600e-04
   1.9789800e-03
   6.8812100e-03
   1.2290300e-02
   1.6483500e-02
   1.8281100e-02
   1.7738400e-02
   1.6358300e-02
