   1.1531600e-01
   1.5267500e-01
   3.4487400e-01
   3.7118000e-01
   2.8824700e-01
   2.4614600e-01
   2.5260700e-01
   2.9517100e-01
   2.7224900e-01
   1.8013600e-01
   8.5029200e-02
   2.6347200e-04
  -4.4471200e-02
  -6.8604400e-02
  -1.1888500e-01
  -1.3790300e-01
  -1.2408800e-01
  -1.7261300e-01
  -2.5657800e-01
  -3.2108200e-01
  -3.8125500e-01
  -4.4586300e-01
  -4.7985600e-01
  -4.6154900e-01
  -4.3765300e-01
  -4.0760900e-01
  -2.8455600e-01
  -1.2898600e-01
  -4.6835800e-03
   3.1952800e-02
   2.4354500e-02
   2.5781100e-02
   2.2014100e-02
   1.8971500e-02
   1.5865500e-02
   2.2056700e-02
   3.5613800e-02
   6.3238400e-02
   7.8156800e-02
   7.2498100e-02
   4.4956400e-02
   3.2637500e-02
   3.5255700e-02
   6.4470600e-02
   1.2027900e-01
   1.7381600e-01
   2.2318800e-01
   2.7329500e-01
   3.1504100e-01
   3.3078200e-01
   3.2092200e-01
   3.0365900e-01
   2.9307200e-01
   2.6463300e-01
   2.0769000e-01
   1.4508600e-01
   1.2096200e-01
   1.2382700e-01
   1.5074500e-01
   1.8178700e-01
   1.8642400e-01
   1.8367400e-01
   1.8137800e-01
   1.3415700e-01
   6.3830400e-02
  -4.2224200e-05
  -3.7593700e-02
  -5.1316200e-02
  -7.3524600e-02
  -1.3843600e-01
  -2.1355700e-01
  -2.7891900e-01
  -3.4368300e-01
  -4.0833400e-01
  -4.4241500e-01
  -4.2735400e-01
  -4.0398500e-01
  -3.7596400e-01
  -3.5362300e-01
  -3.3540100e-01
  -3.1674000e-01
  -3.0104600e-01
  -2.8914700e-01
  -2.8150500e-01
  -2.7252200e-01
  -2.5781200e-01
  -2.1398600e-01
  -1.5044600e-01
  -9.5049300e-02
  -5.5553500e-02
  -1.4244300e-02
   4.8341900e-02
   1.4137600e-01
   2.2939000e-01
   3.0883800e-01
   3.9313900e-01
   4.5023900e-01
   4.8773200e-01
   5.1645700e-01
   4.9407600e-01
   4.6555600e-01
   4.5188000e-01
   4.3374400e-01
   4.0608800e-01
   3.8781400e-01
   4.0832000e-01
   3.9090000e-01
   3.1700700e-01
   2.4909700e-01
   1.9143300e-01
   1.4180400e-01
   9.5941300e-02
   8.1715800e-02
   8.5583300e-02
   8.1045300e-02
   7.1982700e-02
   6.3153400e-02
   5.8092800e-02
   5.0111600e-02
   1.5815300e-02
  -2.5583200e-02
  -6.1512700e-02
  -9.6434800e-02
  -1.2978100e-01
  -1.5085800e-01
  -1.4864600e-01
  -1.4478400e-01
  -1.4444300e-01
  -1.5450800e-01
  -2.0343800e-01
  -2.5906600e-01
  -3.0772800e-01
  -3.5618700e-01
  -4.0357700e-01
  -4.4638900e-01
  -4.5751100e-01
  -4.3878900e-01
  -4.2779800e-01
  -4.0629000e-01
  -3.9055200e-01
  -2.9675700e-01
  -1.4989300e-01
  -1.8484600e-02
   2.7980900e-02
   4.6849700e-02
   8.2117200e-02
   9.0467400e-02
   8.7762400e-02
   8.1959600e-02
   7.3231400e-02
   7.5484500e-02
   1.0747100e-01
   1.8269200e-01
   2.6412100e-01
   3.2405200e-01
   3.7212400e-01
   4.1584100e-01
   4.2388200e-01
   4.0520900e-01
   3.8813700e-01
   3.5922800e-01
   3.2344700e-01
   2.7728000e-01
   2.3302500e-01
   2.0092300e-01
   1.6913500e-01
   1.2644500e-01
   5.6892200e-02
  -3.3088800e-02
  -7.8890500e-02
  -8.2906800e-02
  -9.3413900e-02
  -1.1154000e-01
  -1.2632800e-01
  -1.4190100e-01
  -1.7593900e-01
  -2.3423100e-01
  -2.8288500e-01
  -3.3261000e-01
  -3.5058400e-01
  -3.4101700e-01
  -3.3649200e-01
  -2.9407400e-01
  -1.8903900e-01
  -1.7640400e-01
  -1.8710900e-01
  -2.0448300e-01
  -2.3778300e-01
  -2.4982400e-01
  -2.5864900e-01
  -2.7532600e-01
  -2.8965100e-01
  -2.9080300e-01
  -2.8774500e-01
  -2.7840900e-01
  -2.6225800e-01
  -2.4298800e-01
  -2.2057700e-01
  -1.9538700e-01
  -1.5658000e-01
  -7.0739500e-02
  -3.9672600e-03
   1.1995800e-02
   5.2506900e-02
   1.1694600e-01
   1.7262100e-01
   2.2463700e-01
   2.7608400e-01
   3.2768100e-01
   3.5318200e-01
   3.3595400e-01
   3.0900800e-01
   2.9668900e-01
   3.0129200e-01
   2.9950500e-01
   2.9715100e-01
   2.8683500e-01
   2.6318800e-01
   2.3170500e-01
   1.9423700e-01
   1.6146800e-01
   1.2225900e-01
   8.3402400e-02
   5.7621100e-02
   5.1457000e-02
   5.0143100e-02
   4.8582700e-02
   6.3062200e-02
   7.4415500e-02
   7.1565600e-02
   5.8480400e-02
   3.7124600e-02
   1.3481600e-02
  -8.1266400e-03
  -3.9331000e-02
  -9.2336300e-02
  -1.0649700e-01
  -1.0773100e-01
  -1.4925600e-01
  -1.9561900e-01
  -1.9681800e-01
  -1.8865300e-01
  -1.8175000e-01
  -1.6833000e-01
  -1.5734900e-01
  -1.4893500e-01
  -1.5332200e-01
  -1.6720600e-01
  -1.8267800e-01
  -1.8561000e-01
  -1.8415400e-01
  -1.7530500e-01
  -1.4540900e-01
  -1.1424700e-01
  -8.5850100e-02
  -5.9388300e-02
  -5.0073300e-02
  -4.8705900e-02
  -4.0751400e-02
  -3.1075000e-02
   7.4477800e-03
   6.7343400e-02
   1.2040600e-01
   1.7219100e-01
   2.1516200e-01
   2.3139600e-01
   2.3301600e-01
   2.3138600e-01
   2.1713600e-01
   1.5815200e-01
   7.8973200e-02
   4.3139900e-02
   4.0086500e-02
   3.7820500e-02
   3.6756500e-02
   4.0275700e-02
   3.9685400e-02
   3.4032700e-02
   2.8473900e-02
   2.6249100e-02
   2.8852500e-02
   3.8602700e-02
   6.1085300e-02
   5.1639100e-02
   6.8626300e-03
  -3.1215600e-02
  -6.8288900e-02
  -9.2177800e-02
  -1.0546600e-01
  -1.1784600e-01
  -1.1188200e-01
  -1.0424100e-01
  -1.1026700e-01
  -1.1008300e-01
  -1.1239000e-01
  -1.1051100e-01
  -7.8447900e-02
  -3.9012300e-02
  -7.9490800e-03
   2.5509000e-02
   4.2395100e-02
   4.7794900e-02
   6.5596900e-02
   8.8201700e-02
   1.0563900e-01
   1.2517500e-01
   1.3132100e-01
   1.2919800e-01
   1.3015300e-01
   1.3844500e-01
   1.5255700e-01
   1.6989600e-01
   1.7561100e-01
   1.7274500e-01
   1.6827200e-01
   1.6189100e-01
   1.5250100e-01
   1.3469400e-01
   1.0855500e-01
   8.6828200e-02
   8.1805300e-02
   8.8755500e-02
   9.3595800e-02
   9.1885000e-02
   8.2803500e-02
   6.9556600e-02
   5.1815100e-02
   2.6876100e-02
  -5.6233500e-04
  -6.8692000e-02
  -1.4916600e-01
  -1.7402100e-01
  -1.8066500e-01
  -1.9072500e-01
  -1.7781400e-01
  -1.4742800e-01
  -1.3029000e-01
  -1.2501400e-01
  -1.3568300e-01
  -1.5734100e-01
  -1.8019400e-01
  -2.0161500e-01
  -2.2232100e-01
  -2.4029500e-01
  -2.3794800e-01
  -1.6817000e-01
  -7.0353400e-02
  -3.4691600e-03
   8.1623100e-03
  -3.4030500e-02
  -1.3551400e-01
  -2.2270100e-01
  -2.2202100e-01
  -2.0610700e-01
  -2.0036700e-01
  -1.8442100e-01
  -1.6381000e-01
  -1.3863600e-01
  -7.2683400e-02
   2.3614000e-03
   6.8758500e-02
   1.1128900e-01
   1.2112700e-01
   1.2520900e-01
   1.2326100e-01
   1.0230500e-01
   5.0907800e-02
   1.1292300e-03
  -1.2408700e-02
  -1.0804000e-02
   6.4998200e-03
   7.5978900e-02
   1.5041800e-01
   2.1563100e-01
   2.7973700e-01
   3.0639100e-01
   3.0188700e-01
   2.7855500e-01
   2.3737400e-01
   2.0153200e-01
   1.6425100e-01
   1.3839400e-01
   1.5464600e-01
   1.3992600e-01
   6.4330700e-02
   1.1875600e-03
  -6.3229500e-02
  -1.0356700e-01
  -1.1180700e-01
  -1.0765000e-01
  -1.0072900e-01
  -8.2474300e-03
   1.4063300e-02
  -1.0313800e-02
  -3.6036900e-02
  -5.8808200e-02
  -7.5065000e-02
  -9.2227500e-02
  -1.1037800e-01
  -1.2926500e-01
  -1.3506300e-01
  -1.3044600e-01
  -1.2505800e-01
  -1.1613100e-01
  -1.1243500e-01
  -1.1252100e-01
  -1.4759600e-01
  -1.6343900e-01
  -1.5757700e-01
  -1.5288000e-01
  -1.4508500e-01
  -1.2947100e-01
  -1.0606300e-01
  -7.8637700e-02
  -5.2496600e-02
  -3.2046700e-02
   8.3911000e-03
   7.1694500e-02
   9.9051300e-02
   1.0718900e-01
   1.1109200e-01
   1.1134600e-01
   1.0216100e-01
   9.4083700e-02
   1.1129700e-02
  -4.8990200e-02
  -4.2251500e-02
   2.9016600e-02
   8.1042500e-02
   8.3121500e-02
   9.9160500e-02
   1.1697100e-01
   1.3629900e-01
   1.5324400e-01
   1.7016700e-01
   1.7847000e-01
   1.7873400e-01
   1.7039100e-01
   1.6411600e-01
   1.2166300e-01
   5.0632300e-02
  -1.2673800e-02
  -7.3614800e-02
  -1.0808000e-01
  -1.1242100e-01
  -1.1002300e-01
  -1.0979400e-01
  -7.6130300e-02
   3.9207900e-03
   7.8491100e-02
   1.0309800e-01
   9.4470300e-02
   8.8192100e-02
   6.9226900e-02
   3.9654600e-02
  -3.9714900e-03
  -1.6268600e-02
   8.6416300e-03
   1.0884300e-01
   1.6585700e-01
   1.3775500e-01
   1.0212300e-01
   7.8579900e-02
   7.1434200e-02
   6.2341300e-02
   8.2182900e-02
   1.3862300e-01
   1.8820800e-01
   2.1769500e-01
   2.4516700e-01
   2.6830500e-01
   2.7281400e-01
   2.8250200e-01
   2.9444900e-01
   3.0308100e-01
   3.0880100e-01
   3.0169900e-01
   2.8888000e-01
   2.7344500e-01
   2.5080500e-01
   2.2360600e-01
   1.8241700e-01
   1.3952800e-01
   1.0988800e-01
   9.3703500e-02
   5.2715500e-02
   8.5445500e-03
  -1.3092000e-02
  -5.1437800e-02
  -1.0904800e-01
  -1.6273000e-01
  -2.1201100e-01
  -2.6148700e-01
  -3.0745900e-01
  -3.4117500e-01
  -3.6308400e-01
  -3.7624900e-01
  -3.7680000e-01
  -3.7558400e-01
  -3.6885300e-01
  -3.5833100e-01
  -3.4357000e-01
  -3.2484600e-01
  -3.0320000e-01
  -2.8167100e-01
  -2.6056800e-01
  -2.4180000e-01
  -2.2945200e-01
  -2.2210700e-01
  -2.1642200e-01
  -2.1329900e-01
  -2.0768900e-01
  -1.9974800e-01
  -1.9013600e-01
  -1.8167500e-01
  -1.7375100e-01
  -1.7153300e-01
  -1.7195500e-01
  -1.7388300e-01
  -1.7642400e-01
  -1.7968200e-01
  -1.8006100e-01
  -1.8294900e-01
  -1.8919400e-01
  -2.0029200e-01
  -2.1288500e-01
  -2.2668700e-01
  -2.3658900e-01
  -2.4748800e-01
  -2.5655700e-01
  -2.6616000e-01
  -2.6851200e-01
  -2.6246400e-01
  -2.5097400e-01
  -2.3609100e-01
  -2.1296100e-01
  -1.8013700e-01
  -1.3578000e-01
  -9.3566600e-02
  -5.8155700e-02
  -3.1942800e-02
  -1.0914500e-02
   8.1000100e-03
   2.4834200e-02
   4.1183900e-02
   5.9834600e-02
   7.9491200e-02
   1.0101700e-01
   1.2571400e-01
   1.4971700e-01
   1.7305600e-01
   2.0186200e-01
   2.2581700e-01
   2.4233000e-01
   2.6042600e-01
   2.7910100e-01
   2.9405700e-01
   3.0846600e-01
   3.2605300e-01
   3.3836600e-01
   3.5279400e-01
   3.8568700e-01
   4.1211600e-01
   4.3527100e-01
   4.0846800e-01
   3.6319000e-01
   3.1892900e-01
   3.2313400e-01
   3.1195400e-01
   2.3110600e-01
   1.6679400e-01
   1.0264900e-01
   1.2266700e-01
   1.6131900e-01
   1.3746300e-01
   1.2040000e-01
   1.2783000e-01
   1.6700100e-01
   2.3231200e-01
   2.7203100e-01
   2.5870900e-01
   2.3917700e-01
   2.1446200e-01
   1.2945500e-01
   2.6106500e-02
  -1.9623500e-03
   3.2737400e-03
  -1.6288500e-04
   1.6620900e-03
   5.9940700e-03
  -6.4278900e-03
  -2.8640900e-02
  -4.9218000e-02
  -6.2533800e-02
  -6.1158200e-02
  -5.5966400e-02
  -4.7765200e-02
  -4.0618700e-02
  -3.7691100e-02
  -3.5649300e-02
  -3.7305600e-02
  -4.1176200e-02
  -4.2206600e-02
  -4.4834200e-02
  -4.8289400e-02
  -5.0480800e-02
  -5.7589800e-02
  -6.4372800e-02
  -7.1382000e-02
  -7.9367200e-02
  -9.2161600e-02
  -1.0351200e-01
  -1.1429400e-01
  -1.2372800e-01
  -1.3161400e-01
  -1.3701200e-01
  -1.3464700e-01
  -1.2877100e-01
  -1.1742500e-01
  -1.0420600e-01
  -8.8798700e-02
  -7.2020400e-02
  -5.3865000e-02
  -3.2753700e-02
  -1.8814200e-02
  -6.0465500e-03
   1.0538700e-02
   2.5981200e-02
   3.8203800e-02
   5.0648400e-02
   6.4911700e-02
   7.6211400e-02
   8.6431400e-02
   9.3520900e-02
   1.0218300e-01
   1.1183100e-01
   1.1394800e-01
   1.1694300e-01
   1.1935700e-01
   1.1453800e-01
   1.0974800e-01
   1.0733800e-01
   1.0365200e-01
   9.6270600e-02
   8.8530000e-02
   7.7939700e-02
   5.1779800e-02
   3.5876800e-02
   4.6595100e-02
   4.9379900e-02
   5.5685100e-02
   7.3015900e-02
   6.6397200e-02
  -1.7513500e-02
  -1.1704100e-01
  -1.5106000e-01
  -1.5617100e-01
  -1.5768200e-01
  -1.5505100e-01
  -1.5009400e-01
  -1.4523300e-01
  -1.3394700e-01
  -1.2009000e-01
  -1.1075600e-01
  -1.0282800e-01
  -9.4212600e-02
  -8.2799300e-02
  -6.5490500e-02
  -5.3375400e-02
  -4.2929900e-02
  -3.1546200e-02
  -2.1744700e-02
  -1.6899900e-02
  -1.6711800e-02
  -1.7223300e-02
  -2.0291500e-02
  -3.4223800e-02
  -5.9545800e-02
  -8.4226600e-02
  -1.0512600e-01
  -1.0807100e-01
  -1.0543100e-01
  -1.0534600e-01
  -1.0424000e-01
  -1.0280700e-01
  -1.0402200e-01
  -1.0735000e-01
  -1.0862700e-01
  -1.0697000e-01
  -1.0076300e-01
  -9.3667900e-02
  -8.5005800e-02
  -7.5344600e-02
  -6.2971700e-02
  -5.2492400e-02
  -4.4698300e-02
  -3.5551600e-02
  -2.8199500e-02
  -2.2349500e-02
  -1.5691700e-02
  -9.6891900e-03
  -3.7689400e-03
  -3.9901700e-05
   3.8792300e-03
   9.6465900e-03
   1.6076900e-02
   2.3200400e-02
   3.3051300e-02
   3.9178000e-02
   4.2024400e-02
   5.4461300e-02
   7.8161900e-02
   8.4063900e-02
   7.5355500e-02
   6.1341600e-02
   3.4858200e-02
   2.1333800e-02
   2.1539700e-02
   3.0395800e-02
   5.6186600e-02
   7.6965000e-02
   8.5796600e-02
   8.8492400e-02
   7.4811300e-02
   5.2258900e-02
   3.6403000e-02
   3.4053900e-02
   3.5749800e-02
   4.0177500e-02
   4.6060800e-02
   4.8605800e-02
   4.6571600e-02
   4.4426200e-02
   3.9681800e-02
   2.8929400e-02
   8.4950200e-03
  -1.4469100e-02
  -3.8484200e-02
  -6.4164200e-02
  -8.9756500e-02
  -1.1151500e-01
  -1.2599200e-01
  -1.3457900e-01
  -1.4122700e-01
  -1.4408800e-01
  -1.4364700e-01
  -1.4393700e-01
  -1.3992800e-01
  -1.3221600e-01
  -1.2212100e-01
  -1.1321200e-01
  -1.0417100e-01
  -9.2278700e-02
  -8.0688700e-02
  -6.7244800e-02
  -4.9640600e-02
  -2.5679000e-02
  -5.7731300e-04
   2.3913300e-02
   4.6175700e-02
   6.1602100e-02
   7.1889400e-02
   8.1570100e-02
   9.1716000e-02
   9.9342400e-02
   1.0434800e-01
   1.1061200e-01
   1.1670300e-01
   1.2431800e-01
   1.3136400e-01
   1.3873700e-01
   1.4710400e-01
   1.4956100e-01
   1.4922700e-01
   1.4815100e-01
   1.4436100e-01
   1.4049400e-01
   1.3915900e-01
   1.3990500e-01
   1.4228900e-01
   1.4341000e-01
   1.4475500e-01
   1.4046100e-01
   1.2931000e-01
   1.1483100e-01
   1.0087100e-01
   8.8160700e-02
   7.7510400e-02
   6.3240600e-02
   4.7449600e-02
   3.0469800e-02
   1.3862700e-02
  -1.5629500e-03
  -1.9388100e-02
  -3.5769700e-02
  -4.6412500e-02
  -5.6648200e-02
  -7.0312700e-02
  -8.2915000e-02
  -9.5214000e-02
  -1.1139800e-01
  -1.2649600e-01
  -1.4324600e-01
  -1.6037300e-01
  -1.7199700e-01
  -1.8192000e-01
  -1.8999800e-01
  -1.8792400e-01
  -1.8642800e-01
  -1.8279800e-01
  -1.7586200e-01
  -1.6642300e-01
  -1.5704100e-01
  -1.4753600e-01
  -1.3930800e-01
  -1.3361600e-01
  -1.2564300e-01
  -1.1498000e-01
  -9.9900700e-02
  -8.1585900e-02
  -6.3169100e-02
  -4.5928800e-02
  -3.2344000e-02
  -2.1035600e-02
  -1.5630100e-02
  -1.3952400e-02
  -1.5171400e-02
  -1.8551600e-02
  -2.1260600e-02
  -2.4249200e-02
  -2.5722500e-02
  -2.7050300e-02
  -2.6424900e-02
  -2.4748400e-02
  -2.3400900e-02
  -2.3008400e-02
  -2.4424600e-02
  -2.5068000e-02
  -2.4543700e-02
  -2.3695500e-02
  -2.0597500e-02
  -1.3083500e-02
  -2.4926500e-03
   7.7647000e-03
   2.1096400e-02
   3.9921400e-02
   5.6326700e-02
   7.0231400e-02
   8.2008500e-02
   8.7122400e-02
   9.3259600e-02
   1.0247600e-01
   1.1029100e-01
   1.1528800e-01
   1.2239300e-01
   1.3432800e-01
   1.4556500e-01
   1.5751300e-01
   1.6907400e-01
   1.7600400e-01
   1.7610000e-01
   1.7141200e-01
   1.6547200e-01
   1.5964200e-01
   1.5242800e-01
   1.4505900e-01
   1.3470800e-01
   1.2552400e-01
   1.1981200e-01
   1.1602500e-01
   1.1598300e-01
   1.2006900e-01
   1.2570600e-01
   1.3215000e-01
   1.3177500e-01
   1.2647800e-01
   1.2010900e-01
   1.1310000e-01
   1.0010300e-01
   8.3214500e-02
   6.4669700e-02
   4.3194600e-02
   2.1464400e-02
   3.0597000e-03
  -1.1245100e-02
  -2.3418700e-02
  -3.5953400e-02
  -4.6865800e-02
  -5.2382000e-02
  -5.2727100e-02
  -5.1818500e-02
  -5.1531300e-02
  -5.2704800e-02
  -5.4571700e-02
  -5.5861300e-02
  -5.8582600e-02
  -5.9473000e-02
  -5.9727400e-02
  -6.0547200e-02
  -5.9206600e-02
  -5.7566100e-02
  -5.6193000e-02
  -5.4562400e-02
  -5.1410000e-02
  -5.0426700e-02
  -5.0877600e-02
  -4.9406800e-02
  -4.9622700e-02
  -4.9106800e-02
  -4.7656100e-02
  -4.5190000e-02
  -4.2566600e-02
  -4.0115100e-02
  -3.9647200e-02
  -3.8927700e-02
  -3.4485000e-02
  -2.7251100e-02
  -1.9996100e-02
  -1.4476500e-02
  -6.8559400e-03
   6.7799300e-04
   5.7944300e-03
   9.1565900e-03
   9.7191300e-03
   6.8719600e-03
   1.9145200e-03
  -1.5970900e-03
  -3.5749600e-03
   1.0438800e-04
   8.2046900e-03
   2.1953800e-02
   3.9351600e-02
   5.2418500e-02
   6.1795200e-02
   6.6488100e-02
   6.0670700e-02
   4.8549100e-02
   3.5940400e-02
   2.0073000e-02
   7.4224900e-03
   3.1170200e-03
   2.8860900e-03
   3.4052500e-03
   3.6107200e-03
  -3.4945600e-05
  -3.5036700e-03
  -6.6909100e-03
  -5.5909500e-03
  -1.2771600e-03
   5.0037600e-03
   1.0569900e-02
   1.6389600e-02
   1.3879400e-02
   6.3950500e-03
  -8.2001000e-04
  -1.0324000e-02
  -2.1779800e-02
  -3.0862200e-02
  -3.8209800e-02
  -4.4065600e-02
  -4.6536300e-02
  -4.8232600e-02
  -5.1366800e-02
  -5.4436400e-02
  -5.7020900e-02
  -6.0253400e-02
  -6.4629800e-02
  -6.7866100e-02
  -7.1465800e-02
  -7.4465300e-02
  -7.7075800e-02
  -7.6176000e-02
  -7.5077200e-02
  -7.2401200e-02
  -6.8787700e-02
  -6.3952700e-02
  -5.5273400e-02
  -4.2909300e-02
  -3.1012100e-02
  -1.9584100e-02
  -8.3809500e-03
   1.0565100e-03
   3.1528400e-03
   4.9777700e-03
   7.3340900e-03
   6.6174600e-03
   3.6326000e-03
   1.5977400e-03
   2.1187600e-04
   1.0605700e-05
   2.4695100e-03
   5.3184500e-03
   8.9294100e-03
   1.1380500e-02
   1.0696800e-02
   5.7857400e-03
  -7.6821500e-04
  -8.5650200e-03
  -1.9449400e-02
  -2.8608900e-02
  -3.5366800e-02
  -4.2222400e-02
  -4.5903500e-02
  -4.7942700e-02
  -4.9171000e-02
  -4.8835300e-02
  -4.7834700e-02
  -4.5669300e-02
  -4.3917100e-02
  -4.3067800e-02
  -4.3895200e-02
  -4.2757700e-02
  -4.0807000e-02
  -3.8134900e-02
  -3.5241100e-02
  -3.0775000e-02
  -2.6980700e-02
  -2.4912500e-02
  -2.0398700e-02
  -1.9693700e-02
  -2.3088700e-02
  -2.2839500e-02
  -2.4295500e-02
  -2.6091200e-02
  -2.4809000e-02
  -2.2944200e-02
  -2.0151100e-02
  -1.6199600e-02
  -1.3379700e-02
  -8.6218100e-03
  -2.5078700e-03
   4.7719900e-03
   1.0578800e-02
   1.4946500e-02
   2.0188000e-02
   2.2597100e-02
   2.3049700e-02
   2.4803800e-02
   2.5362600e-02
   2.4764400e-02
   2.1662000e-02
   2.0254000e-02
   1.7441800e-02
   1.5001300e-02
   1.1955600e-02
   1.0415100e-02
   8.5478500e-03
   7.2700800e-03
   6.2847900e-03
   4.0457200e-03
   4.0328900e-03
   3.9993600e-03
   3.0778600e-03
   4.9314700e-03
   8.3149500e-03
   1.1895300e-02
   1.6251500e-02
   1.9302700e-02
   2.1805300e-02
   2.5773400e-02
   2.8669900e-02
   2.7938800e-02
   2.4917200e-02
   2.2074800e-02
   1.9377100e-02
   1.8560200e-02
   2.0209800e-02
   2.1773800e-02
   2.6643400e-02
   3.1682200e-02
   3.5775400e-02
   3.8673400e-02
   4.1277200e-02
   4.0752200e-02
   4.0436700e-02
   4.0925700e-02
