   3.3313700e-02
   3.0267200e-02
   2.5187800e-02
   1.8649200e-02
   1.1560000e-02
   4.6308200e-03
  -1.6190100e-03
  -6.9864800e-03
  -1.1784200e-02
  -1.6437500e-02
  -2.0865700e-02
  -2.4552700e-02
  -2.7059600e-02
  -2.8248500e-02
  -2.8130400e-02
  -2.6977600e-02
  -2.5463400e-02
  -2.4077100e-02
  -2.2423600e-02
  -1.9507500e-02
  -1.4788000e-02
  -8.6892600e-03
  -2.1371900e-03
   3.9682100e-03
   8.8956600e-03
   1.2501600e-02
   1.5431700e-02
   1.8295900e-02
   2.0918000e-02
   2.2570200e-02
   2.2885200e-02
   2.2200800e-02
   2.0858900e-02
   1.8854800e-02
   1.6519300e-02
   1.4655100e-02
   1.3572700e-02
   1.2556900e-02
   1.0376500e-02
   6.6311800e-03
   2.3883000e-03
  -1.0109100e-03
  -3.3640100e-03
  -5.5018000e-03
  -8.2309400e-03
  -1.1582600e-02
  -1.5132600e-02
  -1.8277500e-02
  -2.0166900e-02
  -2.0149500e-02
  -1.8511100e-02
  -1.6318900e-02
  -1.4162500e-02
  -1.1755000e-02
  -8.8930400e-03
  -5.7730100e-03
  -2.5513500e-03
   6.3237800e-04
   3.1885600e-03
   4.4623900e-03
   5.0642500e-03
   6.7095500e-03
   1.0261000e-02
   1.4489500e-02
   1.7290300e-02
   1.7938500e-02
   1.7419500e-02
   1.6725100e-02
   1.5611900e-02
   1.3179900e-02
   9.1690600e-03
   4.2798000e-03
  -6.2606100e-04
  -5.3074400e-03
  -1.0111200e-02
  -1.5197400e-02
  -2.0138300e-02
  -2.4087500e-02
  -2.5929400e-02
  -2.4788500e-02
  -2.0838700e-02
  -1.5565900e-02
  -1.0923700e-02
  -7.7645400e-03
  -5.1999300e-03
  -1.9644700e-03
   2.0157100e-03
   5.5683000e-03
   7.7668400e-03
   8.6857000e-03
   8.8220800e-03
   8.4566700e-03
   7.6797400e-03
   6.4892100e-03
   4.7620300e-03
   2.7626100e-03
   1.5873000e-03
   2.1766900e-03
   3.7154800e-03
   3.9451400e-03
   1.5776500e-03
  -2.4094200e-03
  -6.2185100e-03
  -8.8336200e-03
  -9.5700000e-03
  -7.7191300e-03
  -3.9233400e-03
  -5.3763300e-04
   7.5804800e-04
   9.8953800e-04
   2.3663800e-03
   5.2677000e-03
   7.8250800e-03
   8.3036400e-03
   6.7162800e-03
   4.3034000e-03
   2.0740800e-03
   1.7335400e-04
  -1.5194600e-03
  -2.7647900e-03
  -3.2792600e-03
  -3.5053300e-03
  -4.4047400e-03
  -6.2351200e-03
  -7.9353600e-03
  -8.2149200e-03
  -7.0376800e-03
  -5.2034500e-03
  -3.1424000e-03
  -9.1266000e-04
   1.2324100e-03
   3.3615200e-03
   6.3389000e-03
   1.0834600e-02
   1.6319300e-02
   2.1500200e-02
   2.5149600e-02
   2.6241500e-02
   2.4082800e-02
   1.9136300e-02
   1.3230800e-02
   8.2378900e-03
   4.6259700e-03
   1.5650700e-03
  -2.1906900e-03
  -7.3967100e-03
  -1.3489700e-02
  -1.8721800e-02
  -2.1705100e-02
  -2.2588000e-02
  -2.2393400e-02
  -2.1897000e-02
  -2.1081200e-02
  -1.9313400e-02
  -1.5984300e-02
  -1.1123400e-02
  -5.4824100e-03
   1.8909000e-04
   5.6521500e-03
   1.0773000e-02
   1.4947400e-02
   1.7216300e-02
   1.7302000e-02
   1.6423500e-02
   1.6184800e-02
   1.6708300e-02
   1.6399900e-02
   1.3704100e-02
   8.7575700e-03
   2.8346100e-03
  -3.1173000e-03
  -8.8609300e-03
  -1.4147800e-02
  -1.8483700e-02
  -2.1652700e-02
  -2.3707100e-02
  -2.3918400e-02
  -2.0895500e-02
  -1.4537200e-02
  -7.1952100e-03
  -1.8281800e-03
   7.3536900e-04
   1.9550900e-03
   3.5340300e-03
   5.6833700e-03
   7.4713100e-03
   8.3078300e-03
   8.6532300e-03
   9.4807300e-03
   1.1391900e-02
   1.4380300e-02
   1.8181600e-02
   2.2557200e-02
   2.6634100e-02
   2.8924300e-02
   2.8502200e-02
   2.5644100e-02
   2.1156400e-02
   1.5658400e-02
   9.7049300e-03
   4.1324800e-03
  -4.5833000e-04
  -4.1081400e-03
  -6.9876900e-03
  -9.1561900e-03
  -1.0795600e-02
  -1.2018800e-02
  -1.2768400e-02
  -1.3115800e-02
  -1.3465900e-02
  -1.4159900e-02
  -1.5076300e-02
  -1.6247000e-02
  -1.7846300e-02
  -1.9328000e-02
  -1.9581400e-02
  -1.8194000e-02
  -1.5750300e-02
  -1.2946100e-02
  -9.9396600e-03
  -6.6161300e-03
  -2.9804500e-03
   1.0167400e-03
   5.4910600e-03
   1.0150000e-02
   1.3986000e-02
   1.5913200e-02
   1.5898700e-02
   1.5050400e-02
   1.4388200e-02
   1.3633600e-02
   1.1766100e-02
   8.6393900e-03
   5.4190400e-03
   3.1701400e-03
   1.4594900e-03
  -8.5705100e-04
  -3.5701200e-03
  -4.8675300e-03
  -3.8031300e-03
  -2.0186000e-03
  -2.0371100e-03
  -4.4480500e-03
  -7.7064000e-03
  -1.0396500e-02
  -1.2322700e-02
  -1.3573900e-02
  -1.3820600e-02
  -1.2717400e-02
  -1.0445900e-02
  -7.3630200e-03
  -3.4421000e-03
   1.1633900e-03
   5.3931100e-03
   8.0039900e-03
   8.8970700e-03
   9.0514300e-03
   9.2847800e-03
   9.4337300e-03
   8.9735200e-03
   7.9555900e-03
   6.9887000e-03
   6.6912400e-03
   6.7591400e-03
   6.0225500e-03
   3.9930100e-03
   1.9740100e-03
   2.1465100e-03
   5.0075300e-03
   7.9401400e-03
   7.6378600e-03
   3.8524300e-03
  -3.3131200e-04
  -2.5306900e-03
  -3.8144000e-03
  -6.4672200e-03
  -1.0298100e-02
  -1.3031500e-02
  -1.3928000e-02
  -1.4800000e-02
  -1.7000600e-02
  -1.9134400e-02
  -1.8901900e-02
  -1.6014900e-02
  -1.2025900e-02
  -8.1663600e-03
  -4.9553700e-03
  -2.8294800e-03
  -1.7137600e-03
  -6.2333300e-04
   1.3316100e-03
   3.6162700e-03
   4.6624200e-03
   3.8917700e-03
   2.7513800e-03
   3.3638400e-03
   6.5413900e-03
   1.1187600e-02
   1.5101600e-02
   1.6587900e-02
   1.6200800e-02
   1.6503500e-02
   1.9467700e-02
   2.3780800e-02
   2.5634800e-02
   2.2913600e-02
   1.7601100e-02
   1.3022800e-02
   1.0011700e-02
   7.2800600e-03
   4.0461500e-03
   6.2001800e-04
  -2.7557300e-03
  -6.0941500e-03
  -8.8335300e-03
  -9.9647600e-03
  -9.4097100e-03
  -8.4153300e-03
  -8.2955200e-03
  -8.9995400e-03
  -9.3117000e-03
  -8.3797200e-03
  -6.7403200e-03
  -5.3507600e-03
  -3.9213700e-03
  -9.9616300e-04
   3.8821900e-03
   9.2179700e-03
   1.3314800e-02
   1.5825400e-02
   1.7191300e-02
   1.7550100e-02
   1.6779400e-02
   1.5034600e-02
   1.2635200e-02
   9.5610900e-03
   5.4558000e-03
   2.5126000e-04
  -5.0333800e-03
  -8.7566400e-03
  -1.0021400e-02
  -9.2724700e-03
  -7.5394200e-03
  -5.7589400e-03
  -4.6171600e-03
  -4.5821000e-03
  -5.8509000e-03
  -7.9305700e-03
  -9.6167900e-03
  -9.7186800e-03
  -7.9769300e-03
  -5.3060400e-03
  -2.5218500e-03
   1.2559300e-03
   7.6886900e-03
   1.6313200e-02
   2.3760200e-02
   2.6753300e-02
   2.5288900e-02
   2.1829300e-02
   1.7999500e-02
   1.3277800e-02
   6.9231600e-03
  -1.9933100e-04
  -6.1815600e-03
  -9.3905300e-03
  -8.8558400e-03
  -4.9771500e-03
  -2.3913000e-04
   2.0541800e-03
   7.7789700e-04
  -1.7862500e-03
  -2.6276500e-03
  -1.1593300e-03
   1.0930900e-03
   2.8575600e-03
   4.0109100e-03
   4.4745900e-03
   3.4861900e-03
   8.2960000e-04
  -2.0691400e-03
  -3.2678500e-03
  -2.0782900e-03
   9.4696600e-04
   5.0005500e-03
   8.8609800e-03
   1.0410300e-02
   8.1873500e-03
   3.6757900e-03
   4.1013300e-04
   1.8337900e-04
   1.1695400e-03
   7.6990200e-04
  -7.9975900e-04
  -1.2642400e-03
   8.1677500e-06
   9.0732000e-04
  -2.0623000e-04
  -1.6967600e-03
  -6.9633900e-04
   2.5640900e-03
   4.2611000e-03
   1.4872300e-03
  -4.3868700e-03
  -9.8506600e-03
  -1.3410300e-02
  -1.6518800e-02
  -2.1120500e-02
  -2.7528600e-02
  -3.4279900e-02
  -3.8698200e-02
  -3.7734000e-02
  -2.9838100e-02
  -1.7122200e-02
  -4.7203700e-03
   3.1405300e-03
   6.1116000e-03
   6.2853400e-03
   4.5890600e-03
   2.3089200e-04
  -6.2249700e-03
  -1.1411800e-02
  -1.2105900e-02
  -8.6325100e-03
  -4.2575500e-03
  -1.7178400e-03
  -1.0843100e-03
  -5.8098100e-04
   1.1691300e-03
   3.8303000e-03
   6.0932000e-03
   6.9479600e-03
   6.0470300e-03
   3.3996400e-03
  -9.3654600e-05
  -2.5473900e-03
  -3.1336600e-03
  -3.2608900e-03
  -3.8931300e-03
  -2.7189700e-03
   3.0540200e-03
   1.1522900e-02
   1.6855000e-02
   1.6287000e-02
   1.3540600e-02
   1.3661000e-02
   1.7175200e-02
   2.1067100e-02
   2.3354800e-02
   2.4325200e-02
   2.4568800e-02
   2.4103900e-02
   2.3277500e-02
   2.3011700e-02
   2.3805800e-02
   2.5212300e-02
   2.6405200e-02
   2.6707400e-02
   2.5699700e-02
   2.3329500e-02
   2.0115800e-02
   1.6590100e-02
   1.2560500e-02
   7.5709900e-03
   1.4277200e-03
  -6.1664800e-03
  -1.5978500e-02
  -2.7635900e-02
  -3.8108300e-02
  -4.4064500e-02
  -4.5769000e-02
  -4.7135000e-02
  -5.1032700e-02
  -5.5517400e-02
  -5.5804000e-02
  -4.9820200e-02
  -4.0375700e-02
  -3.1202400e-02
  -2.3008100e-02
  -1.4920900e-02
  -7.7202800e-03
  -3.0454000e-03
  -1.7175800e-04
   4.0524000e-03
   1.1890700e-02
   2.2438500e-02
   3.2751400e-02
   4.0377100e-02
   4.4505200e-02
   4.5239300e-02
   4.2784600e-02
   3.8051600e-02
   3.2770100e-02
   2.7970500e-02
   2.3252700e-02
   1.7830500e-02
   1.1764500e-02
   5.5653300e-03
  -4.7187000e-04
  -5.6138800e-03
  -8.4359500e-03
  -8.2042600e-03
  -6.3582600e-03
  -5.5682500e-03
  -7.1997600e-03
  -1.0051300e-02
  -1.1733200e-02
  -1.0809300e-02
  -7.3768100e-03
  -2.6378300e-03
   1.7653000e-03
   4.5035000e-03
   5.3181100e-03
   5.5169400e-03
   7.2340100e-03
   1.1289900e-02
   1.5907700e-02
   1.8453300e-02
   1.8664400e-02
   1.8598700e-02
   1.9469600e-02
   2.0149100e-02
   1.9000800e-02
   1.6026500e-02
   1.2448500e-02
   9.1515900e-03
   6.1985300e-03
   3.5716300e-03
   1.2137200e-03
  -1.3827900e-03
  -4.5004400e-03
  -6.9296500e-03
  -7.0325800e-03
  -5.4220000e-03
  -5.0977000e-03
  -8.0665600e-03
  -1.3033300e-02
  -1.7282000e-02
  -1.9711600e-02
  -2.1076400e-02
  -2.1836400e-02
  -2.1378800e-02
  -1.9429800e-02
  -1.7002200e-02
  -1.5289400e-02
  -1.4653300e-02
  -1.5195200e-02
  -1.7340000e-02
  -2.1350800e-02
  -2.6591800e-02
  -3.1444400e-02
  -3.4433500e-02
  -3.4716400e-02
  -3.1829900e-02
  -2.5909900e-02
  -1.8003000e-02
  -9.6230700e-03
  -1.9056100e-03
   4.8841500e-03
   1.0856200e-02
   1.5456500e-02
   1.7704200e-02
   1.7955000e-02
   1.8813400e-02
   2.2524200e-02
   2.7601500e-02
   3.0078400e-02
   2.7869200e-02
   2.1975700e-02
   1.3792100e-02
   4.2044400e-03
  -4.8886200e-03
  -1.1213400e-02
  -1.4906700e-02
  -1.8705600e-02
  -2.4710500e-02
  -3.2226200e-02
  -3.9252500e-02
  -4.4722700e-02
  -4.8142600e-02
  -4.8238300e-02
  -4.3633100e-02
  -3.5318200e-02
  -2.7613500e-02
  -2.5393100e-02
  -2.9497800e-02
  -3.4958200e-02
  -3.5513500e-02
  -3.0184800e-02
  -2.3433800e-02
  -1.9395800e-02
  -1.8515000e-02
  -1.9360700e-02
  -2.0923400e-02
  -2.2761100e-02
  -2.4759100e-02
  -2.7017600e-02
  -2.9055700e-02
  -2.9715700e-02
  -2.8462700e-02
  -2.5974700e-02
  -2.2793100e-02
  -1.8387100e-02
  -1.2346700e-02
  -5.8136100e-03
  -6.0614200e-04
   2.8615200e-03
   5.7067700e-03
   9.2637400e-03
   1.4415600e-02
   2.0960700e-02
   2.6810500e-02
   2.9065700e-02
   2.7040500e-02
   2.3380300e-02
   2.1058100e-02
   2.0714700e-02
   2.1538700e-02
   2.2951900e-02
   2.4456000e-02
   2.4830200e-02
   2.2918400e-02
   1.8676300e-02
   1.2534700e-02
   4.5249400e-03
  -5.0183600e-03
  -1.4406000e-02
  -2.1539600e-02
  -2.6189500e-02
  -3.0332900e-02
  -3.5822600e-02
  -4.2278800e-02
  -4.7474800e-02
  -4.9154600e-02
  -4.6280100e-02
  -3.9444400e-02
  -3.1190200e-02
  -2.5096200e-02
  -2.2841400e-02
  -2.2334300e-02
  -2.0057600e-02
  -1.5173800e-02
  -9.7435300e-03
  -5.0378800e-03
  -7.7916600e-05
   5.9361800e-03
   1.1877100e-02
   1.5956500e-02
   1.7005600e-02
   1.4502600e-02
   9.3285100e-03
   4.4796000e-03
   2.9061500e-03
   4.4757400e-03
   6.1684100e-03
   5.5275400e-03
   3.2197500e-03
   1.8372600e-03
   2.5903300e-03
   3.7104200e-03
   2.8841000e-03
   2.4344600e-04
  -2.2563400e-03
  -3.4455900e-03
  -3.7060600e-03
  -3.3010900e-03
  -1.3246400e-03
   2.9680000e-03
   8.4788700e-03
   1.3072400e-02
   1.5741400e-02
   1.6867000e-02
   1.6828500e-02
   1.5308100e-02
   1.2260300e-02
   8.6138700e-03
   5.0827600e-03
   1.1545400e-03
  -4.1846200e-03
  -1.0844400e-02
  -1.7035000e-02
  -2.0405100e-02
  -2.0034700e-02
  -1.7658400e-02
  -1.6163500e-02
  -1.6372600e-02
  -1.6173100e-02
  -1.3343500e-02
  -8.1382700e-03
  -2.5524900e-03
   1.8768900e-03
   4.5673800e-03
   5.0863600e-03
   2.8835000e-03
  -1.8228400e-03
  -7.2336700e-03
  -1.0571900e-02
  -1.0011000e-02
  -6.3360400e-03
  -2.4653200e-03
  -1.1051400e-03
  -2.9271800e-03
  -6.7151000e-03
  -1.0504800e-02
  -1.2726900e-02
  -1.3059500e-02
  -1.3017500e-02
  -1.4799200e-02
  -1.8875600e-02
  -2.3311700e-02
  -2.5788600e-02
  -2.5503800e-02
  -2.3039300e-02
  -1.9409300e-02
  -1.5291100e-02
  -1.1018000e-02
  -7.2853900e-03
  -5.1364700e-03
  -5.0867300e-03
  -6.7299400e-03
  -8.9108500e-03
  -1.0104000e-02
  -9.1890700e-03
  -6.5816800e-03
  -4.2176900e-03
  -3.4848200e-03
  -3.2032200e-03
  -1.0356700e-03
   3.3100300e-03
   7.8655900e-03
   1.0858300e-02
   1.1727000e-02
   1.0066900e-02
   5.5895400e-03
  -4.4618300e-04
  -5.3613500e-03
  -7.6647000e-03
  -8.7127400e-03
  -1.0838500e-02
  -1.4399800e-02
  -1.7388700e-02
  -1.7868200e-02
  -1.6045800e-02
  -1.3792400e-02
  -1.2947000e-02
  -1.4073900e-02
  -1.6042300e-02
  -1.6571200e-02
  -1.4025800e-02
  -8.9130700e-03
  -3.3662400e-03
   6.0307000e-04
   2.7283400e-03
   4.4862400e-03
   7.3108300e-03
   1.1073600e-02
   1.4700800e-02
   1.7634100e-02
   1.9813900e-02
   2.0914500e-02
   2.0301800e-02
   1.7422900e-02
   1.2455600e-02
   6.5826000e-03
   1.1888300e-03
  -3.2781700e-03
  -7.4476300e-03
  -1.2022100e-02
  -1.7133900e-02
  -2.2504500e-02
  -2.7505200e-02
  -3.0978000e-02
  -3.1965100e-02
  -3.0560700e-02
  -2.7330100e-02
  -2.2199200e-02
  -1.5203100e-02
  -8.2389100e-03
  -3.8009100e-03
  -1.9086700e-03
  -1.5983000e-04
   3.6172700e-03
   9.8476600e-03
   1.7664200e-02
   2.5425300e-02
   3.1189600e-02
   3.3690300e-02
   3.2878200e-02
   2.9720700e-02
   2.5757000e-02
   2.2587600e-02
   2.0648300e-02
   1.8647100e-02
   1.4854900e-02
   9.0107700e-03
   2.8570000e-03
  -1.3804900e-03
  -2.8775500e-03
  -2.5039400e-03
  -1.4357100e-03
  -2.9095600e-04
   2.1930100e-04
  -7.2716800e-04
  -3.1331600e-03
  -5.9520200e-03
  -8.1157100e-03
  -9.1307200e-03
  -8.6458100e-03
  -6.5270700e-03
  -3.3331000e-03
  -2.7735600e-04
   1.6496600e-03
   2.6836900e-03
   3.9904500e-03
   6.2327700e-03
   8.6483900e-03
   9.5747400e-03
   7.9567300e-03
   4.3202700e-03
   3.2129400e-04
  -2.4167100e-03
  -2.9828300e-03
  -1.0349500e-03
   3.4553000e-03
   9.4234700e-03
   1.4222900e-02
   1.5361800e-02
   1.3051700e-02
   1.0207000e-02
   9.0411200e-03
   8.6073000e-03
   6.9139700e-03
   4.2033300e-03
   2.7792400e-03
   3.8973900e-03
   5.8771700e-03
   5.9640300e-03
   3.5687700e-03
   9.4802800e-04
   6.2845800e-04
   2.7049400e-03
   5.1552700e-03
   5.8872300e-03
   3.9591300e-03
  -2.3762100e-04
  -5.2526100e-03
  -9.1428900e-03
  -1.0385800e-02
  -8.8338400e-03
  -5.8142100e-03
  -2.8766200e-03
  -3.1052900e-04
   2.5446100e-03
   5.5649000e-03
   7.5832900e-03
   7.7957300e-03
   6.5448900e-03
   4.7976700e-03
   3.5846600e-03
   3.6336400e-03
   4.3984400e-03
   3.8863400e-03
   6.7446100e-04
  -4.2213600e-03
  -8.7167200e-03
  -1.2287200e-02
  -1.5643300e-02
  -1.8510200e-02
  -1.9385900e-02
  -1.7855300e-02
  -1.5505600e-02
  -1.3880700e-02
  -1.2529100e-02
  -1.0066700e-02
  -6.4765500e-03
  -3.3252400e-03
  -1.9988700e-03
  -2.2464100e-03
  -2.7008100e-03
  -2.2980200e-03
  -9.2423500e-04
   1.1168900e-03
   3.7100300e-03
   6.6526100e-03
   9.4753500e-03
   1.1928900e-02
   1.4189400e-02
   1.6030800e-02
   1.6960500e-02
   1.7734700e-02
   1.9945100e-02
   2.3238300e-02
   2.4639800e-02
   2.1863000e-02
   1.6337400e-02
   1.1824100e-02
   1.0736700e-02
   1.3040200e-02
   1.7375400e-02
   2.1657400e-02
   2.3226900e-02
   2.0629100e-02
   1.5415000e-02
   1.0969800e-02
   9.4969200e-03
   1.0786200e-02
   1.3550200e-02
   1.6260600e-02
   1.6911000e-02
   1.3857900e-02
   7.5472800e-03
   5.8129400e-04
  -4.1362400e-03
  -5.1635100e-03
  -3.1624500e-03
  -4.7994900e-04
   8.1420400e-04
   5.6947400e-04
   1.7279400e-04
   8.9446000e-04
   2.9167200e-03
   5.8108100e-03
   9.1121600e-03
   1.2149500e-02
   1.3816600e-02
   1.3365800e-02
   1.1313500e-02
   9.0174800e-03
   7.6556500e-03
   7.9326400e-03
   1.0145600e-02
   1.3718300e-02
   1.7015200e-02
   1.8373500e-02
   1.7349400e-02
   1.4924600e-02
   1.2590000e-02
   1.1121200e-02
   1.0140800e-02
   8.6769000e-03
   6.1688400e-03
   3.1109000e-03
   6.1909200e-04
  -8.5517500e-04
  -2.0088100e-03
  -3.6586800e-03
  -5.6787100e-03
  -7.3379700e-03
  -8.5692800e-03
  -1.0007300e-02
  -1.1799800e-02
  -1.3363900e-02
  -1.4372100e-02
  -1.4884900e-02
  -1.4433100e-02
  -1.1926900e-02
  -6.8347400e-03
   5.4213600e-05
   7.0317200e-03
   1.2514800e-02
   1.6111900e-02
   1.8879300e-02
   2.1872300e-02
   2.4623300e-02
   2.5455900e-02
   2.3560000e-02
   2.0195200e-02
   1.7267700e-02
   1.5487700e-02
   1.4242400e-02
   1.2540500e-02
   9.9259400e-03
   6.3756800e-03
   1.7898000e-03
  -3.7866300e-03
  -9.6982200e-03
  -1.5104100e-02
  -1.9568000e-02
  -2.3181700e-02
  -2.6487800e-02
  -2.9990300e-02
  -3.3294000e-02
  -3.4851400e-02
  -3.3220800e-02
  -2.8572000e-02
  -2.2914900e-02
  -1.8802500e-02
  -1.7151600e-02
  -1.6682800e-02
  -1.5832400e-02
  -1.4446400e-02
  -1.3003600e-02
  -1.1343200e-02
  -8.9999600e-03
  -6.3145500e-03
  -4.2886100e-03
  -3.4885400e-03
  -3.3276100e-03
  -2.8331000e-03
  -2.0620000e-03
  -2.0041400e-03
  -3.3570700e-03
  -6.1326700e-03
  -1.0281300e-02
  -1.5935300e-02
  -2.2728200e-02
  -2.9495400e-02
  -3.5041200e-02
  -3.9157500e-02
  -4.2451100e-02
  -4.4899000e-02
  -4.5270200e-02
  -4.2609900e-02
  -3.7793000e-02
  -3.2749800e-02
  -2.8420500e-02
  -2.4157500e-02
  -1.8899900e-02
  -1.2352400e-02
  -5.1600800e-03
   1.4475300e-03
   6.3280900e-03
   9.3368800e-03
   1.1504900e-02
   1.4304900e-02
   1.8330600e-02
   2.2451200e-02
   2.4359800e-02
   2.2702200e-02
   1.8744900e-02
   1.4959700e-02
   1.2208500e-02
   9.5686900e-03
   6.5815700e-03
   4.1310800e-03
   2.8156500e-03
   1.6100000e-03
  -1.1215300e-03
  -5.8221900e-03
  -1.1202500e-02
  -1.5314800e-02
  -1.7311200e-02
  -1.7946900e-02
  -1.8634600e-02
  -2.0211300e-02
  -2.2223500e-02
  -2.3043800e-02
  -2.1167100e-02
  -1.6682800e-02
  -1.1055800e-02
  -5.3122700e-03
   9.1487500e-04
   7.9061100e-03
   1.4007200e-02
   1.6720100e-02
   1.5900400e-02
   1.4643100e-02
   1.6350500e-02
   2.1522500e-02
   2.7774900e-02
   3.2109400e-02
   3.3035000e-02
   3.1056000e-02
   2.7714300e-02
   2.4403700e-02
   2.1606400e-02
   1.8572700e-02
   1.3754000e-02
   6.4869000e-03
  -1.7042200e-03
  -8.0580300e-03
  -1.1223600e-02
  -1.2534200e-02
  -1.3851600e-02
  -1.4765100e-02
  -1.3428700e-02
  -1.0106900e-02
  -7.8368000e-03
  -8.6433800e-03
  -1.0898700e-02
  -1.1545700e-02
  -9.7169100e-03
  -6.8995800e-03
  -4.3644800e-03
  -2.2602500e-03
  -7.4639000e-04
  -1.0607900e-04
   5.3056700e-04
   2.7763500e-03
   6.6701100e-03
   1.0107300e-02
   1.1068800e-02
   9.6755900e-03
   7.4755400e-03
   5.5234500e-03
   3.9524000e-03
   2.8446500e-03
   2.6592800e-03
   3.5938100e-03
   5.0573600e-03
   5.7493900e-03
   4.8224400e-03
   3.1826500e-03
   2.7154500e-03
   3.7068600e-03
   4.3687100e-03
   3.6200300e-03
   2.8086800e-03
   3.2505600e-03
   4.1233400e-03
   4.2911700e-03
   4.4815900e-03
   5.9127900e-03
   7.7816400e-03
   8.2678100e-03
   7.6161700e-03
   7.9538400e-03
   1.0067700e-02
   1.2408900e-02
   1.3546500e-02
   1.3861800e-02
   1.4145200e-02
   1.4144200e-02
   1.3165500e-02
   1.1369800e-02
   9.9061900e-03
   1.0275000e-02
   1.3210400e-02
   1.7208100e-02
   1.9207100e-02
   1.7877300e-02
   1.5022600e-02
   1.2882100e-02
   1.1863000e-02
   1.1592200e-02
   1.2431400e-02
   1.4266400e-02
   1.4797100e-02
   1.1517000e-02
   5.2814100e-03
  -4.2868400e-04
  -4.0421200e-03
  -7.5933700e-03
  -1.3335400e-02
  -2.0284900e-02
  -2.5752400e-02
  -2.8877700e-02
  -3.0950200e-02
  -3.2645300e-02
  -3.2531400e-02
  -2.9082900e-02
  -2.3456000e-02
  -1.8579000e-02
  -1.5571200e-02
  -1.2904600e-02
  -9.0972500e-03
  -4.5975100e-03
  -8.9641700e-04
   8.6594000e-04
   6.3734200e-04
  -4.5044100e-04
  -8.3590100e-04
   3.2171100e-04
   2.9453400e-03
   6.4499700e-03
   9.6383800e-03
   1.1196200e-02
   1.0979400e-02
   9.6777000e-03
   6.6016500e-03
  -4.8680800e-04
  -1.2370800e-02
  -2.6109100e-02
  -3.7056200e-02
  -4.3234200e-02
  -4.6775100e-02
  -5.0615600e-02
  -5.5242800e-02
  -5.9452900e-02
  -6.2720000e-02
  -6.5633400e-02
  -6.8702800e-02
  -7.1760100e-02
  -7.4212100e-02
  -7.5057200e-02
  -7.2957300e-02
  -6.7143500e-02
  -5.8463200e-02
  -4.8526200e-02
  -3.6826700e-02
  -2.0249500e-02
   2.1149000e-03
   2.5874800e-02
   4.5455300e-02
   5.9191700e-02
   6.8920900e-02
   7.6648900e-02
   8.2991900e-02
   8.7856900e-02
   9.1260700e-02
   9.3202300e-02
   9.3426400e-02
   9.0915500e-02
   8.3694600e-02
   7.0630900e-02
   5.3537900e-02
   3.6415400e-02
   2.2403200e-02
   1.2403000e-02
   5.9415400e-03
   1.8496100e-03
  -1.2015600e-03
  -4.1929200e-03
  -7.9064700e-03
  -1.2570500e-02
  -1.6600100e-02
  -1.7073000e-02
  -1.2444300e-02
  -4.5837800e-03
   2.6609500e-03
   7.1345000e-03
   9.2553100e-03
   9.7180100e-03
   8.9335200e-03
   8.4624700e-03
   1.0031500e-02
   1.3052600e-02
   1.4604500e-02
   1.1622300e-02
   3.1439200e-03
  -8.7829200e-03
  -2.0450900e-02
  -2.8995000e-02
  -3.3761700e-02
  -3.5506500e-02
  -3.4299500e-02
  -2.8972900e-02
  -1.9106500e-02
  -6.4413200e-03
   6.4699200e-03
   1.8342900e-02
   2.9093800e-02
   3.7857600e-02
   4.2792100e-02
   4.3665600e-02
   4.2872500e-02
   4.1640400e-02
   3.7549700e-02
   2.8817500e-02
   1.9365300e-02
   1.5752400e-02
   1.8873200e-02
   2.2570400e-02
   2.0713700e-02
   1.2648800e-02
   1.5790000e-03
  -9.1454600e-03
  -1.6768600e-02
  -1.9075400e-02
  -1.5781600e-02
  -9.5182700e-03
  -3.8676000e-03
  -5.8866200e-04
   8.8374600e-04
   1.9692900e-03
   3.6955300e-03
   6.5439200e-03
   1.0166100e-02
   1.3275500e-02
   1.4591800e-02
   1.3900600e-02
   1.1656500e-02
   8.4782400e-03
   5.3806400e-03
   3.6429200e-03
   3.6889000e-03
   4.3431600e-03
   4.1594700e-03
   2.9588700e-03
   1.3082100e-03
  -7.7526100e-04
  -3.7354100e-03
  -7.6276000e-03
  -1.2184900e-02
  -1.7336500e-02
  -2.2895800e-02
  -2.8116500e-02
  -3.2201000e-02
  -3.5367800e-02
  -3.8899800e-02
  -4.3817800e-02
  -5.0185600e-02
  -5.7449100e-02
  -6.4518000e-02
  -6.9891300e-02
  -7.2566900e-02
  -7.2807000e-02
  -7.1518500e-02
  -6.8925000e-02
  -6.4780800e-02
  -5.9372600e-02
  -5.3687200e-02
  -4.8267600e-02
  -4.2159300e-02
  -3.3506800e-02
  -2.1688500e-02
  -8.4822300e-03
   3.5177900e-03
   1.3144700e-02
   2.0746400e-02
   2.7024200e-02
   3.2523000e-02
   3.7467400e-02
   4.1464700e-02
   4.3349800e-02
   4.1777900e-02
   3.6151100e-02
   2.7065100e-02
   1.5877600e-02
   4.0499200e-03
  -7.1735000e-03
  -1.7466300e-02
  -2.7941000e-02
  -3.9840000e-02
  -5.2898300e-02
  -6.6097100e-02
  -7.8825400e-02
  -9.0374800e-02
  -9.9616900e-02
  -1.0583900e-01
  -1.0929900e-01
  -1.1026100e-01
  -1.0809600e-01
  -1.0197200e-01
  -9.2180700e-02
  -8.0435500e-02
  -6.9012000e-02
  -5.9564600e-02
  -5.2071900e-02
  -4.4891600e-02
  -3.6154700e-02
  -2.5052000e-02
  -1.2486100e-02
  -1.0138100e-03
   7.0533400e-03
   1.1930600e-02
   1.6205700e-02
   2.2350200e-02
   3.0608900e-02
   3.8986700e-02
   4.4974600e-02
   4.7536000e-02
   4.7737700e-02
   4.7403400e-02
   4.7132800e-02
   4.6262700e-02
   4.4404600e-02
   4.2168300e-02
   4.0714900e-02
   4.1079200e-02
   4.3279600e-02
   4.5905400e-02
   4.6862100e-02
   4.4872200e-02
   4.0729300e-02
   3.6725700e-02
   3.4052400e-02
   3.1411300e-02
   2.7466500e-02
   2.3682700e-02
   2.2545300e-02
   2.3180800e-02
   2.1118100e-02
   1.3319900e-02
   2.3260700e-03
  -5.8791600e-03
  -7.6523000e-03
  -4.2632000e-03
   7.5562600e-04
   5.5404900e-03
   1.1304100e-02
   2.0390800e-02
   3.3131100e-02
   4.7163300e-02
   5.9640600e-02
   6.9667200e-02
   7.8542900e-02
   8.8555900e-02
   1.0145700e-01
   1.1671600e-01
   1.3082700e-01
   1.3953900e-01
   1.4100700e-01
   1.3607100e-01
   1.2603000e-01
   1.1127900e-01
   9.2212600e-02
   7.0804800e-02
   5.0438300e-02
   3.3259600e-02
   1.8068700e-02
   1.8474100e-03
  -1.6611000e-02
  -3.5333200e-02
  -5.1850800e-02
  -6.6683800e-02
  -8.3234800e-02
  -1.0363100e-01
  -1.2512600e-01
  -1.4127000e-01
  -1.4641100e-01
  -1.3908500e-01
  -1.2160600e-01
  -9.7492400e-02
  -6.9571000e-02
  -3.9660400e-02
  -8.6198900e-03
   2.2864800e-02
   5.3108500e-02
   7.9440800e-02
   9.8942600e-02
   1.0923400e-01
   1.1027000e-01
   1.0582200e-01
   1.0138300e-01
   9.9214900e-02
   9.6694100e-02
   9.0563400e-02
   8.0694400e-02
   6.8813900e-02
   5.6113900e-02
   4.3022200e-02
   2.9514600e-02
   1.4892300e-02
  -1.2347900e-03
  -1.7642200e-02
  -3.1678400e-02
  -4.0883200e-02
  -4.4856200e-02
  -4.5355200e-02
  -4.3739800e-02
  -3.8877000e-02
  -2.8932800e-02
  -1.4900100e-02
  -5.5013700e-04
   1.0883900e-02
   1.8975900e-02
   2.5818500e-02
   3.3780300e-02
   4.2712300e-02
   4.8889400e-02
   4.7882300e-02
   3.9519000e-02
   2.9255300e-02
   2.3668000e-02
   2.4671000e-02
   2.8794000e-02
   3.1247500e-02
   2.9088400e-02
   2.1692800e-02
   1.1183800e-02
   1.8164400e-03
  -3.2832800e-03
  -4.4205400e-03
  -3.5910000e-03
  -1.7283400e-03
   1.6944200e-03
   7.2398700e-03
   1.3925200e-02
   1.8914400e-02
   2.0083400e-02
   1.9012000e-02
   1.9425200e-02
   2.3185300e-02
   2.9201500e-02
   3.4554000e-02
   3.5625500e-02
   2.9918800e-02
   1.8469700e-02
   5.2574500e-03
  -6.3871200e-03
  -1.5811200e-02
  -2.4144000e-02
  -3.2384500e-02
  -4.0322200e-02
  -4.6625600e-02
  -4.9988300e-02
  -5.0156400e-02
  -4.7936100e-02
  -4.4164900e-02
  -3.8421500e-02
  -2.9671500e-02
  -1.8343800e-02
  -5.9754700e-03
   7.1505700e-03
   2.1504800e-02
   3.5999400e-02
   4.9243900e-02
   6.2385300e-02
   7.7234800e-02
   9.1650600e-02
   9.9805700e-02
   9.8468200e-02
   9.0802800e-02
   8.2262400e-02
   7.4475200e-02
   6.4922300e-02
   5.0883300e-02
   3.2222700e-02
   1.1596900e-02
  -6.3290700e-03
  -1.7271800e-02
  -2.1190300e-02
  -2.3338700e-02
  -2.9241000e-02
  -3.8422500e-02
  -4.4472800e-02
  -4.1955500e-02
  -3.2144100e-02
  -2.1218300e-02
  -1.3953000e-02
  -1.0201000e-02
  -6.4188100e-03
   6.5802600e-04
   1.1411300e-02
   2.3356900e-02
   3.3178700e-02
   3.8738900e-02
   3.9733700e-02
   3.7408200e-02
   3.3540400e-02
   2.8867800e-02
   2.2517100e-02
   1.3766700e-02
   4.1265400e-03
  -3.4513700e-03
  -7.8918900e-03
  -1.1404600e-02
  -1.6410700e-02
  -2.1799900e-02
  -2.4276000e-02
  -2.3034100e-02
  -2.0421000e-02
  -1.8156700e-02
  -1.6100400e-02
  -1.4353900e-02
  -1.3749500e-02
  -1.3638800e-02
  -1.1876600e-02
  -7.9828900e-03
  -4.2392100e-03
  -3.0635600e-03
  -4.1103400e-03
  -4.3582800e-03
  -1.3564900e-03
   3.6259300e-03
   6.7653000e-03
   5.9305100e-03
   2.6070800e-03
  -2.0007500e-04
  -6.0775000e-04
   1.4132400e-03
   4.3368700e-03
   6.0495600e-03
   5.1957800e-03
   2.3199800e-03
  -5.2191300e-04
  -1.3227000e-03
   3.1466200e-04
   2.7070600e-03
   4.1307900e-03
   5.2450700e-03
   8.3532100e-03
   1.4269300e-02
   2.1394400e-02
   2.8137600e-02
   3.4964300e-02
   4.3219700e-02
   5.2729600e-02
   6.1553300e-02
   6.7925700e-02
   7.1175700e-02
   7.0954300e-02
   6.7521700e-02
   6.3185800e-02
   6.1247400e-02
   6.2002500e-02
   6.1032600e-02
   5.3575800e-02
   4.0190900e-02
   2.6668800e-02
   1.8624000e-02
   1.7029000e-02
   1.7568800e-02
   1.3473400e-02
   1.0501000e-03
  -1.6213400e-02
  -3.0555700e-02
  -3.7506700e-02
  -3.8782300e-02
  -3.7881100e-02
  -3.5482400e-02
  -3.0763300e-02
  -2.4905600e-02
  -1.9942500e-02
  -1.5508700e-02
  -9.1706000e-03
   6.2796400e-04
   1.3431600e-02
   2.6801100e-02
   3.6351000e-02
   3.8296500e-02
   3.3008800e-02
   2.5051400e-02
   2.0155900e-02
   2.2175700e-02
   3.0804800e-02
   4.0907000e-02
   4.5082600e-02
   3.8987000e-02
   2.5141800e-02
   1.1072800e-02
   3.1899000e-03
   2.6341200e-03
   6.2784800e-03
   9.8248900e-03
   1.0306700e-02
   7.3952600e-03
   3.1497900e-03
   1.4349600e-04
  -3.9219800e-04
   1.1173100e-03
   3.5711000e-03
   6.0914100e-03
   7.8857100e-03
   8.5695900e-03
   9.2258700e-03
   1.2184800e-02
   1.9008600e-02
   2.8356700e-02
   3.6100100e-02
   3.8272100e-02
   3.4473200e-02
   2.7796500e-02
   2.1268600e-02
   1.5998900e-02
   1.3013600e-02
   1.3911400e-02
   1.7821100e-02
   2.0104700e-02
   1.6601700e-02
   8.2715000e-03
  -4.1239700e-04
  -7.1190500e-03
  -1.3536000e-02
  -2.1451000e-02
  -2.9257400e-02
  -3.3520400e-02
  -3.2813000e-02
  -2.8869900e-02
  -2.4525000e-02
  -2.0879900e-02
  -1.6582700e-02
  -1.0220200e-02
  -2.3891400e-03
   5.5905100e-03
   1.3556300e-02
   2.1538200e-02
   2.8707100e-02
   3.5288800e-02
   4.4189900e-02
   5.8462900e-02
   7.7771500e-02
   9.8305300e-02
   1.1518100e-01
   1.2473500e-01
   1.2619800e-01
   1.2253700e-01
   1.1837300e-01
   1.1539800e-01
   1.1012000e-01
   9.7487700e-02
   7.6849600e-02
   5.3593500e-02
   3.4479900e-02
   2.1880600e-02
   1.2760500e-02
   2.2687500e-03
  -1.2782400e-02
  -3.2927500e-02
  -5.5714900e-02
  -7.5971300e-02
  -8.9058700e-02
  -9.4367000e-02
  -9.4490500e-02
  -9.2854300e-02
  -9.2614500e-02
  -9.4694000e-02
  -9.5903800e-02
  -9.1420600e-02
  -7.9941300e-02
  -6.4698400e-02
  -4.9549200e-02
  -3.6218800e-02
  -2.4905100e-02
  -1.4513800e-02
  -2.3076900e-03
   1.3999700e-02
   3.2950000e-02
   4.9801500e-02
   6.1133000e-02
   6.7799800e-02
   7.2931200e-02
   7.7881300e-02
   8.1246800e-02
   8.1207500e-02
   7.7257300e-02
   7.0238700e-02
   6.1953100e-02
   5.3980600e-02
   4.6316400e-02
   3.8613800e-02
   3.2176800e-02
   2.8973800e-02
   2.8668800e-02
   2.8237100e-02
   2.5373600e-02
   2.1329200e-02
   1.8902800e-02
   1.8357200e-02
   1.7381000e-02
   1.4339900e-02
   9.6860600e-03
   5.0524300e-03
   2.5393100e-03
   3.7551500e-03
   8.0967900e-03
   1.2604000e-02
   1.4320300e-02
   1.2238700e-02
   7.3098000e-03
   1.9235200e-03
  -1.0898600e-03
  -6.2180900e-04
   1.3137300e-03
   1.6080300e-03
  -1.4177700e-04
  -1.1152500e-03
   6.9561900e-04
   4.0294700e-03
   6.8199000e-03
   8.5058600e-03
   8.8741500e-03
   7.1948900e-03
   4.0183500e-03
   1.8906900e-03
   2.6754500e-03
   5.3577500e-03
   7.7233700e-03
   8.7419800e-03
   8.3414600e-03
   6.2731500e-03
   2.1679300e-03
  -4.5396300e-03
  -1.5054600e-02
  -2.9859700e-02
  -4.6784500e-02
  -6.1885900e-02
  -7.2186100e-02
  -7.7444600e-02
  -7.9580900e-02
  -8.0445500e-02
  -8.0593700e-02
  -7.9628400e-02
  -7.6796300e-02
  -7.1422600e-02
  -6.3914000e-02
  -5.6220400e-02
  -4.9919900e-02
  -4.4202900e-02
  -3.7383900e-02
  -2.9940100e-02
  -2.4478100e-02
  -2.2803400e-02
  -2.4311200e-02
  -2.6672900e-02
  -2.6588400e-02
  -2.1251000e-02
  -1.1211400e-02
  -1.3088000e-03
   2.4884600e-03
  -2.5865700e-03
  -1.4199200e-02
  -2.6877900e-02
  -3.6225600e-02
  -4.1573000e-02
  -4.5327100e-02
  -5.0531900e-02
  -5.8537000e-02
  -6.8146900e-02
  -7.7190600e-02
  -8.4752800e-02
  -9.0846000e-02
  -9.4262800e-02
  -9.2222200e-02
  -8.2636400e-02
  -6.6679400e-02
  -4.8535200e-02
  -3.2636000e-02
  -2.1228700e-02
  -1.3538700e-02
  -6.8444200e-03
   9.6754500e-04
   1.0056300e-02
   1.9827000e-02
   2.9544300e-02
   3.7154000e-02
   3.9504000e-02
   3.5596300e-02
   2.8423100e-02
   2.2529800e-02
   2.0228400e-02
   2.0555900e-02
   2.0527900e-02
   1.6886600e-02
   8.6727400e-03
  -1.2221200e-03
  -8.4474900e-03
  -1.1326600e-02
  -1.1105500e-02
  -9.0971800e-03
  -5.7354200e-03
  -1.3823300e-03
   3.5779800e-03
   8.6151400e-03
   1.2272700e-02
   1.2426100e-02
   8.4531100e-03
   2.3848700e-03
  -2.7905700e-03
  -5.7761900e-03
  -7.0593200e-03
  -7.2621600e-03
  -6.8460800e-03
  -6.6906100e-03
  -8.0820000e-03
  -1.2485600e-02
  -2.0840800e-02
  -3.2061400e-02
  -4.3160400e-02
  -5.1428100e-02
  -5.6155100e-02
  -5.8591800e-02
  -6.0723000e-02
  -6.3383500e-02
  -6.4902500e-02
  -6.2459000e-02
  -5.5413900e-02
  -4.6970700e-02
  -4.1299600e-02
  -3.9069400e-02
  -3.7407200e-02
  -3.4309800e-02
  -3.1017900e-02
  -2.9978700e-02
  -3.2067000e-02
  -3.5703900e-02
  -3.7617100e-02
  -3.4668200e-02
  -2.6041500e-02
  -1.4053800e-02
  -3.0363200e-03
   3.5343100e-03
   5.8869000e-03
   7.4743800e-03
   1.0769500e-02
   1.4830500e-02
   1.7876600e-02
   2.0169900e-02
   2.3082200e-02
   2.6635200e-02
   2.9521300e-02
   3.1962200e-02
   3.6553800e-02
   4.4214800e-02
   5.0393600e-02
   4.8201400e-02
   3.5680400e-02
   1.7871100e-02
   1.5117600e-03
  -1.0623500e-02
  -1.9208000e-02
  -2.4418100e-02
  -2.5836100e-02
  -2.4838200e-02
  -2.3930600e-02
  -2.4083600e-02
  -2.4705300e-02
  -2.5241400e-02
  -2.5273500e-02
  -2.3931900e-02
  -2.0495200e-02
  -1.4988400e-02
  -7.2285600e-03
   4.0006600e-03
   1.9253400e-02
   3.6175900e-02
   5.1118100e-02
   6.2330100e-02
   6.9920700e-02
   7.4510000e-02
   7.7911900e-02
   8.3232000e-02
   9.2086000e-02
   1.0231000e-01
   1.0904800e-01
   1.0830200e-01
   1.0045300e-01
   9.0483900e-02
   8.3005700e-02
   7.6841800e-02
   6.5949900e-02
   4.6016100e-02
   1.9099800e-02
  -8.1270500e-03
  -2.9432900e-02
  -4.2869900e-02
  -5.1113500e-02
  -5.7390600e-02
  -6.1852700e-02
  -6.3155100e-02
  -6.1913900e-02
  -6.0518700e-02
  -6.0511900e-02
  -6.1312600e-02
  -6.0463900e-02
  -5.4535900e-02
  -4.1853700e-02
  -2.5298100e-02
  -1.0092300e-02
   2.9497200e-03
   1.9538100e-02
   4.4847000e-02
   7.6667700e-02
   1.0750300e-01
   1.3107100e-01
   1.4518500e-01
   1.5020100e-01
   1.4737000e-01
   1.3918400e-01
   1.2927700e-01
   1.1971500e-01
   1.0873600e-01
   9.3204600e-02
   7.3361000e-02
   5.2551100e-02
   3.1999000e-02
   9.1344500e-03
  -1.7920600e-02
  -4.7448000e-02
  -7.6563000e-02
  -1.0430100e-01
  -1.3113600e-01
  -1.5583900e-01
  -1.7580900e-01
  -1.9089100e-01
  -2.0333000e-01
  -2.1354000e-01
  -2.1883600e-01
  -2.1631100e-01
  -2.0520100e-01
  -1.8752500e-01
  -1.6721600e-01
  -1.4733700e-01
  -1.2779000e-01
  -1.0675900e-01
  -8.3845700e-02
  -6.0397800e-02
  -3.7633200e-02
  -1.6706600e-02
   4.8789900e-04
   1.3378700e-02
   2.4049800e-02
   3.4187500e-02
   4.2208700e-02
   4.5019700e-02
   4.1434200e-02
   3.2281400e-02
   1.9276900e-02
   5.5259300e-03
  -5.9398800e-03
  -1.5331800e-02
  -2.5296500e-02
  -3.7059100e-02
  -4.9254000e-02
  -5.9322000e-02
  -6.5556300e-02
  -6.8160100e-02
  -6.8140200e-02
  -6.6366600e-02
  -6.4362500e-02
  -6.4676600e-02
  -6.8686800e-02
  -7.3750200e-02
  -7.4352800e-02
  -6.6876900e-02
  -5.1928900e-02
  -3.2335900e-02
  -1.1604000e-02
   7.0969400e-03
   2.2837300e-02
   3.6900500e-02
   5.0218900e-02
   6.1865400e-02
   6.9757800e-02
   7.2096000e-02
   6.8966900e-02
   6.3034100e-02
   5.8111200e-02
   5.6144700e-02
   5.5593000e-02
   5.3497400e-02
   4.8587400e-02
   4.1891400e-02
   3.4866400e-02
   2.7578300e-02
   1.8656200e-02
   6.8050000e-03
  -7.2562600e-03
  -2.0405600e-02
  -2.9134500e-02
  -3.1578400e-02
  -2.7887500e-02
  -1.9767800e-02
  -9.5984800e-03
   8.5257400e-04
   1.1297100e-02
   2.2296200e-02
   3.3741200e-02
   4.4689800e-02
   5.4269500e-02
   6.2071200e-02
   6.8054200e-02
   7.2633600e-02
   7.6675900e-02
   8.0389400e-02
   8.1672500e-02
   7.6716300e-02
   6.4064900e-02
   4.7782700e-02
   3.4345100e-02
   2.6524000e-02
   2.1724400e-02
   1.5345000e-02
   4.9523400e-03
  -8.1164200e-03
  -2.0718100e-02
  -3.1082100e-02
  -3.9851400e-02
  -4.8611700e-02
  -5.7339200e-02
  -6.3392400e-02
  -6.3305700e-02
  -5.5301800e-02
  -4.0157700e-02
  -2.1168800e-02
  -2.8572700e-03
   1.2216600e-02
   2.5367900e-02
   3.9519800e-02
   5.5487500e-02
   7.1428800e-02
   8.5281100e-02
   9.5948500e-02
   1.0212000e-01
   1.0208000e-01
   9.5874400e-02
   8.6294700e-02
   7.6567300e-02
   6.7561200e-02
   5.8450700e-02
   4.9282900e-02
   4.1224100e-02
   3.5267400e-02
   3.1422100e-02
   2.7964700e-02
   2.1793200e-02
   1.0611000e-02
  -4.6443000e-03
  -2.0026600e-02
  -3.0997200e-02
  -3.4585100e-02
  -3.0934300e-02
  -2.3459300e-02
  -1.6228300e-02
  -1.0976400e-02
  -7.1396900e-03
  -4.2624500e-03
  -2.8273200e-03
  -2.8518900e-03
  -2.8625000e-03
  -1.1512200e-03
   2.1358200e-03
   5.1197400e-03
   6.4959100e-03
   6.7068300e-03
   6.3840000e-03
   4.7666700e-03
   3.6352500e-04
  -7.1553800e-03
  -1.6446700e-02
  -2.5820000e-02
  -3.4397700e-02
  -4.1739200e-02
  -4.6645700e-02
  -4.7069700e-02
  -4.1777100e-02
  -3.1615000e-02
  -1.9076500e-02
  -7.3691900e-03
   7.2350500e-04
   4.2142500e-03
   4.3029600e-03
   3.2721100e-03
   2.6691100e-03
   1.7407000e-03
  -1.6875900e-03
  -8.1575300e-03
  -1.5179200e-02
  -1.9102400e-02
  -1.7986100e-02
  -1.2861300e-02
  -7.0546500e-03
  -4.3851300e-03
  -7.0933700e-03
  -1.4791700e-02
  -2.5213100e-02
  -3.5354000e-02
  -4.2345000e-02
  -4.4628800e-02
  -4.2732900e-02
  -3.8455500e-02
  -3.3253800e-02
  -2.7767900e-02
  -2.2400100e-02
  -1.7559600e-02
  -1.3814100e-02
  -1.1923300e-02
  -1.2393400e-02
  -1.4761700e-02
  -1.7349900e-02
  -1.8118200e-02
  -1.6478900e-02
  -1.4067800e-02
  -1.3752300e-02
  -1.7706700e-02
  -2.5687500e-02
  -3.5152600e-02
  -4.3709100e-02
  -5.0819500e-02
  -5.6875100e-02
  -6.1717700e-02
  -6.5008200e-02
  -6.7172200e-02
  -6.8753200e-02
  -6.9112000e-02
  -6.6677800e-02
  -6.0106500e-02
  -4.9293400e-02
  -3.6294600e-02
  -2.4445600e-02
  -1.5489600e-02
  -8.4675300e-03
  -1.8070300e-03
   4.4074200e-03
   8.6897200e-03
   9.9522100e-03
   8.8463400e-03
   7.8159600e-03
   9.8147500e-03
   1.6553900e-02
   2.7619000e-02
   4.0771200e-02
   5.3202400e-02
   6.3252000e-02
   7.1176700e-02
   7.7839200e-02
   8.2541900e-02
   8.2800600e-02
   7.6470600e-02
   6.3825200e-02
   4.7650300e-02
   3.2173300e-02
   2.1252500e-02
   1.5405200e-02
   1.0551000e-02
   1.9719700e-03
  -1.0207800e-02
  -2.1255000e-02
  -2.7482400e-02
  -2.9672000e-02
  -3.1322800e-02
  -3.5323500e-02
  -4.2845000e-02
  -5.3341100e-02
  -6.4270900e-02
  -7.2125000e-02
  -7.4504500e-02
  -7.0569900e-02
  -6.0466400e-02
  -4.5849100e-02
  -3.0481600e-02
  -1.8392600e-02
  -1.0658200e-02
  -5.6466200e-03
  -1.7087100e-03
   2.1207500e-03
   6.5716900e-03
   1.1115200e-02
   1.3559600e-02
   1.2384200e-02
   8.9982700e-03
   6.4974400e-03
   6.5769400e-03
   8.0980200e-03
   8.1448000e-03
   4.2812300e-03
  -3.6933800e-03
  -1.3655800e-02
  -2.3105700e-02
  -3.1169000e-02
  -3.8540000e-02
  -4.5565700e-02
  -5.1037900e-02
  -5.3065500e-02
  -5.0678600e-02
  -4.4170200e-02
  -3.4156400e-02
  -2.1497200e-02
  -7.9176200e-03
   4.2089200e-03
   1.3384400e-02
   1.9647600e-02
   2.3302200e-02
   2.4341500e-02
   2.3748300e-02
   2.4018900e-02
   2.6959100e-02
   3.1560700e-02
   3.5477200e-02
   3.8090400e-02
   4.0762400e-02
   4.4319900e-02
   4.7624400e-02
   4.8958200e-02
   4.7280700e-02
   4.1280500e-02
   2.8915400e-02
   9.3588200e-03
  -1.5157100e-02
  -4.0399300e-02
  -6.2465500e-02
  -7.9044400e-02
  -8.9137700e-02
  -9.1303300e-02
  -8.3133200e-02
  -6.4111400e-02
  -3.8676600e-02
  -1.5322400e-02
  -1.3068100e-03
   2.5116500e-03
   5.8655800e-04
  -2.5266700e-03
  -4.3474800e-03
  -3.8411100e-03
  -1.1736900e-03
   2.9451100e-03
   8.4223600e-03
   1.5464700e-02
   2.3196300e-02
   2.9747200e-02
   3.3579700e-02
   3.3746600e-02
   2.9445400e-02
   2.1145800e-02
   1.1152300e-02
   1.8689400e-03
  -5.6119100e-03
  -1.0779100e-02
  -1.2465100e-02
  -9.7253100e-03
  -3.5222200e-03
   3.4606200e-03
   8.4374300e-03
   1.0079700e-02
   8.9028300e-03
   6.2065700e-03
   2.4547100e-03
  -2.5086700e-03
  -7.7669300e-03
  -1.1559500e-02
  -1.3136500e-02
  -1.3244600e-02
  -1.2967800e-02
  -1.3031300e-02
  -1.3650300e-02
  -1.4290200e-02
  -1.4262600e-02
  -1.3608700e-02
  -1.2855400e-02
  -1.2392500e-02
  -1.2639700e-02
  -1.3843300e-02
  -1.5412700e-02
  -1.6556700e-02
  -1.7419500e-02
  -1.9073300e-02
  -2.2587200e-02
  -2.7484400e-02
  -3.1069700e-02
  -3.0588800e-02
  -2.6534600e-02
  -2.2532300e-02
  -2.1383000e-02
  -2.2256400e-02
  -2.2224800e-02
  -1.9551700e-02
  -1.4751600e-02
  -9.3111800e-03
  -4.1718100e-03
   5.8084100e-04
   4.9390100e-03
   8.4233800e-03
   1.0636600e-02
   1.2283700e-02
   1.5190300e-02
   2.0535300e-02
   2.7634400e-02
   3.4976200e-02
   4.1442900e-02
   4.5698800e-02
   4.5030900e-02
   3.6703400e-02
   2.1604800e-02
   5.0568100e-03
  -7.0877700e-03
  -1.2667100e-02
  -1.3658600e-02
  -1.3402000e-02
  -1.4013200e-02
  -1.5732800e-02
  -1.7413000e-02
  -1.7213700e-02
  -1.3554900e-02
  -6.5881500e-03
   1.4671500e-03
   8.2461400e-03
   1.2891200e-02
   1.5474500e-02
   1.5980100e-02
   1.4562800e-02
   1.2085100e-02
   1.0053200e-02
   1.0243800e-02
   1.3253400e-02
   1.7042300e-02
   1.7816300e-02
   1.2668800e-02
   1.6649100e-03
  -1.2534600e-02
  -2.6480500e-02
  -3.7500700e-02
  -4.5066000e-02
  -5.1218100e-02
  -5.8725100e-02
  -6.8600000e-02
  -7.9788800e-02
  -9.0460600e-02
  -9.8791700e-02
  -1.0274500e-01
  -9.9973400e-02
  -8.8880400e-02
  -7.0484100e-02
  -4.8628100e-02
  -2.7586500e-02
  -9.6296800e-03
   6.0133700e-03
   2.1865700e-02
   3.9287400e-02
   5.6889500e-02
   7.1525200e-02
   8.0474900e-02
   8.3122900e-02
   8.1286400e-02
   7.8063900e-02
   7.5734300e-02
   7.4433200e-02
   7.2969000e-02
   7.0120100e-02
   6.4791500e-02
   5.6111900e-02
   4.4593700e-02
   3.2724000e-02
   2.3192600e-02
   1.5877400e-02
   7.7630200e-03
  -3.4790600e-03
  -1.7389300e-02
  -3.2126600e-02
  -4.5859900e-02
  -5.6060500e-02
  -5.9438600e-02
  -5.4011700e-02
  -4.0968300e-02
  -2.4300600e-02
  -8.6895300e-03
   2.7803300e-03
   9.4904700e-03
   1.2969300e-02
   1.6185000e-02
   2.1902200e-02
   3.0452700e-02
   3.9500600e-02
   4.6075400e-02
   4.8307200e-02
   4.5931200e-02
   4.0565000e-02
   3.5001100e-02
   3.1149800e-02
   2.9126700e-02
   2.8113900e-02
   2.7104300e-02
   2.4636300e-02
   1.9040700e-02
   1.0152000e-02
   1.7089200e-04
  -8.1806000e-03
  -1.3797700e-02
  -1.7313800e-02
  -1.9911900e-02
  -2.2539500e-02
  -2.5911500e-02
  -3.0260500e-02
  -3.4734200e-02
  -3.7803400e-02
  -3.8553900e-02
  -3.7349400e-02
  -3.4935800e-02
  -3.1600400e-02
  -2.7722200e-02
  -2.4019800e-02
  -2.0742300e-02
  -1.7528600e-02
  -1.4123300e-02
  -1.0365300e-02
  -6.2453600e-03
  -2.0351600e-03
   1.9691000e-03
   5.1290200e-03
   6.0767900e-03
   3.7723700e-03
  -1.0029500e-03
  -5.8932000e-03
  -8.6964500e-03
  -8.5559600e-03
  -6.2909600e-03
  -3.8210800e-03
  -2.9675400e-03
  -4.3275500e-03
  -7.3217500e-03
  -1.0786900e-02
  -1.3341300e-02
  -1.3853200e-02
  -1.2192000e-02
  -9.2407600e-03
  -5.9855800e-03
  -2.8745400e-03
  -1.1341500e-04
   1.9593400e-03
   3.2234200e-03
   4.0426800e-03
   5.2212400e-03
   7.5721900e-03
   1.0992400e-02
   1.3948300e-02
   1.4319200e-02
   1.1448400e-02
   7.5098000e-03
   5.6523300e-03
   6.6822400e-03
   8.5521000e-03
   8.8479400e-03
   7.1187700e-03
   4.5284900e-03
   2.0196300e-03
  -3.4462200e-04
  -2.5894400e-03
  -4.3604700e-03
  -5.1675000e-03
  -4.7000600e-03
  -3.0007300e-03
  -7.0937700e-04
   9.9363500e-04
   1.3851600e-03
   1.2199100e-03
   1.9475500e-03
   3.6805200e-03
   5.0799800e-03
   5.2428300e-03
   4.8181600e-03
   4.7478200e-03
   4.7607500e-03
   4.1893000e-03
   3.6349600e-03
   4.4193200e-03
   6.4519900e-03
   8.3605000e-03
   9.8117100e-03
   1.1939500e-02
   1.5032900e-02
   1.7546100e-02
   1.8158500e-02
   1.7390300e-02
   1.6777500e-02
   1.7145600e-02
   1.7991200e-02
   1.8154600e-02
   1.6959200e-02
   1.4343400e-02
   9.9473300e-03
   3.5096800e-03
  -3.9324400e-03
  -1.0090000e-02
  -1.2993800e-02
  -1.2675100e-02
  -1.1251200e-02
  -1.1154600e-02
  -1.2991600e-02
  -1.5545200e-02
  -1.7637200e-02
  -1.9438000e-02
  -2.1591000e-02
  -2.3832500e-02
  -2.5298200e-02
  -2.5771600e-02
  -2.5836900e-02
  -2.5826900e-02
  -2.5258000e-02
  -2.3252700e-02
  -1.9112100e-02
  -1.2534600e-02
  -3.8390400e-03
   5.8138500e-03
   1.4447200e-02
   2.0055100e-02
   2.1903100e-02
   2.0744900e-02
   1.8253000e-02
   1.6622200e-02
   1.7916900e-02
   2.2595000e-02
   2.8413100e-02
   3.1748900e-02
   3.0533500e-02
   2.5899300e-02
   2.0726400e-02
   1.6762000e-02
   1.3616500e-02
   9.9880900e-03
   4.9994800e-03
  -1.3958300e-03
  -8.4701600e-03
  -1.4926200e-02
  -1.9299100e-02
  -2.0834900e-02
  -2.0234300e-02
  -1.9202500e-02
  -1.8793000e-02
  -1.8503600e-02
  -1.7487400e-02
  -1.6092800e-02
  -1.5651100e-02
  -1.6812700e-02
  -1.8570100e-02
  -1.9564000e-02
  -1.9586200e-02
  -1.9192700e-02
  -1.8492800e-02
  -1.6611500e-02
  -1.2257800e-02
  -5.0178900e-03
   3.5905700e-03
   1.0571000e-02
   1.3440700e-02
   1.1406400e-02
   4.9874600e-03
  -4.0095400e-03
  -1.2128000e-02
  -1.5588500e-02
  -1.3508700e-02
  -9.3242400e-03
  -7.8633400e-03
  -1.0881700e-02
  -1.5917000e-02
  -1.9129800e-02
  -1.8320600e-02
  -1.3812600e-02
  -8.1461200e-03
  -4.8099200e-03
  -5.8937100e-03
  -1.0049600e-02
  -1.3563800e-02
  -1.3587400e-02
  -9.8017500e-03
  -3.6564500e-03
   2.8206400e-03
   7.5703300e-03
   9.1715000e-03
   7.8442500e-03
   5.5493000e-03
   4.4425400e-03
   5.0497100e-03
   6.0410400e-03
   5.6202100e-03
   3.2175500e-03
  -6.1815300e-05
  -2.4763700e-03
  -3.1579600e-03
  -2.5478000e-03
  -1.7698000e-03
  -2.0694900e-03
  -4.3424300e-03
  -8.3797600e-03
  -1.2821800e-02
  -1.5621500e-02
  -1.4712600e-02
  -9.3371300e-03
  -1.2460100e-03
   6.0716000e-03
   1.0221900e-02
   1.1681800e-02
   1.2547900e-02
   1.4136600e-02
   1.6414500e-02
   1.8743700e-02
   2.0533400e-02
   2.1688500e-02
   2.2364900e-02
   2.2182000e-02
   2.0317100e-02
   1.6901500e-02
   1.3460600e-02
   1.0940500e-02
   8.0359600e-03
   2.9514100e-03
  -3.7169500e-03
  -9.2847900e-03
  -1.1829200e-02
  -1.1757800e-02
  -1.0587800e-02
  -9.1873900e-03
  -7.2204600e-03
  -4.0960500e-03
   2.1893100e-04
   5.1901800e-03
   1.0102300e-02
   1.4472100e-02
   1.8245500e-02
   2.1803600e-02
   2.5477600e-02
   2.9034400e-02
   3.1985400e-02
   3.4401300e-02
   3.6689000e-02
   3.8588700e-02
   3.9047600e-02
   3.7413800e-02
   3.4336400e-02
   3.0951900e-02
   2.7552600e-02
   2.3455500e-02
   1.8101100e-02
   1.1654400e-02
   4.5326000e-03
  -2.9045000e-03
  -9.9988200e-03
  -1.5475400e-02
  -1.8121200e-02
  -1.7913800e-02
  -1.6242500e-02
  -1.4872900e-02
  -1.4646300e-02
  -1.5280700e-02
  -1.6019500e-02
  -1.6135900e-02
  -1.5020700e-02
  -1.2478200e-02
  -9.2651500e-03
  -6.5904200e-03
  -4.8107600e-03
  -3.0806100e-03
  -4.6237800e-04
   3.0094200e-03
   6.3754500e-03
   8.4552800e-03
   8.6419800e-03
   7.2809500e-03
   5.4542800e-03
   3.9226300e-03
   2.3080300e-03
  -2.8188100e-04
  -3.8435200e-03
  -7.3632700e-03
  -1.0087700e-02
  -1.2121300e-02
  -1.3660700e-02
  -1.4462000e-02
  -1.4709800e-02
  -1.5526500e-02
  -1.7699700e-02
  -2.0339000e-02
  -2.1591900e-02
  -2.0476600e-02
  -1.7638900e-02
  -1.4494500e-02
  -1.1880300e-02
  -9.8262600e-03
  -8.3343900e-03
  -7.5578200e-03
  -7.1228400e-03
  -6.0561700e-03
  -3.7232100e-03
  -7.8896200e-04
   1.1665200e-03
   9.6338800e-04
  -1.5079600e-03
  -5.2879800e-03
  -8.6738300e-03
  -9.9016500e-03
  -8.1430900e-03
  -4.4413900e-03
  -1.2877000e-03
  -8.1782600e-04
  -3.2322200e-03
  -6.8708700e-03
  -9.5591700e-03
  -1.0129800e-02
  -9.1095400e-03
  -7.8063000e-03
  -7.1159100e-03
  -7.3459100e-03
  -8.7338500e-03
  -1.1317600e-02
  -1.4185300e-02
  -1.5681300e-02
  -1.5032900e-02
  -1.3354300e-02
  -1.2674900e-02
  -1.3962900e-02
  -1.6235000e-02
  -1.7820500e-02
  -1.8258000e-02
  -1.8578500e-02
  -1.9850600e-02
  -2.2171700e-02
  -2.4901600e-02
  -2.7240900e-02
  -2.8222700e-02
  -2.7000100e-02
  -2.3502400e-02
  -1.8674600e-02
  -1.3692200e-02
  -9.1516400e-03
  -4.9530500e-03
  -9.1952200e-04
   2.6012700e-03
   4.9166500e-03
   5.8883000e-03
   6.3472100e-03
   7.3931600e-03
   9.5682200e-03
   1.2558900e-02
   1.5801600e-02
   1.8904200e-02
   2.1437700e-02
   2.2985700e-02
   2.3530600e-02
   2.3823800e-02
   2.4751600e-02
   2.6183100e-02
   2.7044300e-02
   2.6496000e-02
   2.4481800e-02
   2.1223800e-02
   1.7088600e-02
   1.3225800e-02
   1.1071300e-02
   1.0637200e-02
   1.0268600e-02
   8.2963600e-03
   4.6199100e-03
   5.2786600e-04
  -2.7746300e-03
  -4.8144800e-03
  -5.4202000e-03
  -4.6903400e-03
  -3.4884900e-03
  -3.3228800e-03
  -5.1295700e-03
  -8.3257400e-03
  -1.1208300e-02
  -1.2111400e-02
  -1.0529600e-02
  -7.3985300e-03
  -4.3116200e-03
  -2.4369100e-03
  -2.2872400e-03
  -3.6926100e-03
  -5.5813500e-03
  -6.2210300e-03
  -4.3028700e-03
  -3.4824700e-04
   3.1774100e-03
   3.8975700e-03
   1.8208200e-03
  -7.5068800e-04
  -1.5610500e-03
  -3.7130300e-04
   1.4882300e-03
   2.8094100e-03
   3.1592400e-03
   2.4335600e-03
   6.7947600e-04
  -1.5176300e-03
  -3.2497000e-03
  -4.0913300e-03
  -4.3501700e-03
  -4.7062300e-03
  -5.4526100e-03
  -6.0975700e-03
  -5.8659100e-03
  -4.4164100e-03
  -2.1152400e-03
   8.9001600e-05
   1.2716900e-03
   1.2869400e-03
   9.3174100e-04
   1.0496200e-03
   1.8813600e-03
   3.2402500e-03
   4.8053600e-03
   6.2458800e-03
   7.2172900e-03
   7.3805600e-03
   6.5318700e-03
   4.9100400e-03
   3.3855700e-03
   2.6249700e-03
   2.4371600e-03
   2.2032300e-03
   1.3366800e-03
  -6.3168500e-04
  -3.8375900e-03
  -7.6663400e-03
  -1.1033900e-02
  -1.3193300e-02
  -1.4225400e-02
  -1.4558300e-02
  -1.4286700e-02
  -1.3243200e-02
  -1.1731000e-02
  -1.0656500e-02
  -1.0560200e-02
  -1.0757700e-02
  -1.0132500e-02
  -8.3493200e-03
  -6.0871800e-03
  -4.4208300e-03
  -3.9420200e-03
  -4.3804900e-03
  -4.6856300e-03
  -3.7436400e-03
  -1.5368600e-03
   3.9818200e-04
   2.6734100e-04
  -2.1504600e-03
  -5.4670000e-03
  -8.3132800e-03
  -1.0573800e-02
  -1.2791500e-02
  -1.4713600e-02
  -1.5138400e-02
  -1.3459800e-02
  -1.0528400e-02
  -7.4891900e-03
  -4.6047200e-03
  -1.7039100e-03
   8.8004000e-04
   2.3791300e-03
   2.7026000e-03
   2.8056600e-03
   3.7907100e-03
   5.9955600e-03
   8.9969900e-03
   1.2037500e-02
   1.4334900e-02
   1.5508700e-02
   1.5710700e-02
   1.5456400e-02
   1.5333300e-02
   1.5427600e-02
   1.5005400e-02
   1.3129100e-02
   9.7669100e-03
   5.8276100e-03
   1.9878200e-03
  -1.9487800e-03
  -6.1090200e-03
  -9.6170300e-03
  -1.1192600e-02
  -1.0557900e-02
  -8.8933800e-03
  -7.4895700e-03
  -6.3662700e-03
  -4.6609700e-03
  -1.8928900e-03
   1.4779800e-03
   4.3355600e-03
   5.7319700e-03
   5.3325700e-03
   3.1749100e-03
  -2.7376200e-04
  -3.6952400e-03
  -5.3366200e-03
  -4.3691600e-03
  -1.3290300e-03
   2.3755900e-03
   5.0358200e-03
   5.4006900e-03
   3.3971100e-03
   1.6737800e-04
  -3.0165500e-03
  -5.3649200e-03
  -6.0058700e-03
  -4.4058700e-03
  -1.1970800e-03
   2.2239300e-03
   5.0398200e-03
   7.5785700e-03
   1.0337500e-02
   1.3240400e-02
   1.6086600e-02
   1.8950600e-02
   2.1706200e-02
   2.3868900e-02
   2.5238700e-02
   2.5920100e-02
   2.5662400e-02
   2.3787400e-02
   2.0362000e-02
   1.6304200e-02
   1.1902500e-02
   6.6050000e-03
   3.7231200e-04
  -5.7066300e-03
  -1.0629900e-02
  -1.4747700e-02
  -1.9146300e-02
  -2.4076900e-02
  -2.8491200e-02
  -3.1096700e-02
  -3.1351100e-02
  -2.9466300e-02
  -2.5820800e-02
  -2.0881500e-02
  -1.5788600e-02
  -1.2250900e-02
  -1.1208500e-02
  -1.1838300e-02
  -1.2435000e-02
  -1.1853300e-02
  -9.9529400e-03
  -7.1852400e-03
  -4.2872100e-03
  -1.9079400e-03
  -2.8038100e-04
   9.7921000e-04
   2.6389500e-03
   5.0079800e-03
   7.1836100e-03
   7.7253600e-03
   6.3429400e-03
   3.9775600e-03
   1.5294300e-03
  -6.8553000e-04
  -2.3538900e-03
  -2.8977100e-03
  -2.0966800e-03
  -3.6962100e-04
   1.5985300e-03
   3.5509600e-03
   5.5111500e-03
   7.0987000e-03
   7.4118600e-03
   5.9554900e-03
   3.3499400e-03
   6.7013800e-04
  -1.8057000e-03
  -4.5218500e-03
  -7.1825900e-03
  -8.4186500e-03
  -7.2983000e-03
  -4.9132300e-03
  -3.6966900e-03
  -5.0732600e-03
  -8.2125400e-03
  -1.1211000e-02
  -1.3000700e-02
  -1.3530400e-02
  -1.2558800e-02
  -9.5540000e-03
  -5.0313800e-03
  -9.1091900e-04
   8.4816900e-04
  -2.5108200e-04
  -2.7308700e-03
  -4.0365000e-03
  -2.3432000e-03
   1.6941300e-03
   5.2834700e-03
   5.9262500e-03
   3.4540300e-03
  -1.2649500e-04
  -2.3903500e-03
  -1.7245100e-03
   2.3809500e-03
   8.9373100e-03
   1.5890700e-02
   2.1504800e-02
   2.5071400e-02
   2.6513300e-02
   2.5799600e-02
   2.3141600e-02
   1.9426500e-02
   1.5537100e-02
   1.1814400e-02
   8.2346900e-03
   4.5928300e-03
   7.9129600e-04
  -2.8058400e-03
  -5.4836100e-03
  -6.8353400e-03
  -7.3801100e-03
  -8.2056000e-03
  -9.8939200e-03
  -1.1777800e-02
  -1.2566500e-02
  -1.1892900e-02
  -1.0693400e-02
  -1.0115300e-02
  -1.0429700e-02
  -1.0921900e-02
  -1.0376000e-02
  -7.9380200e-03
  -3.6708100e-03
   1.7384700e-03
   7.4405300e-03
   1.2676400e-02
   1.6768400e-02
   1.9052900e-02
   1.8833200e-02
   1.5416700e-02
   8.7577600e-03
   2.3983400e-04
  -7.6138700e-03
  -1.2643800e-02
  -1.4759000e-02
  -1.5790000e-02
  -1.7388300e-02
  -1.9795400e-02
  -2.2703400e-02
  -2.5959300e-02
  -2.9041500e-02
  -3.1039300e-02
  -3.1727200e-02
  -3.1707800e-02
  -3.1103100e-02
  -2.8926800e-02
  -2.3887800e-02
  -1.5748400e-02
  -6.0496900e-03
   2.6172600e-03
   8.2696500e-03
   1.0684800e-02
   1.1311800e-02
   1.1661700e-02
   1.2134000e-02
   1.2619400e-02
   1.3385100e-02
   1.4839900e-02
   1.6480700e-02
   1.6589700e-02
   1.3909200e-02
   9.3845300e-03
   5.3323100e-03
   2.8653100e-03
   1.0268100e-03
  -1.7640600e-03
  -6.1485900e-03
  -1.1462000e-02
  -1.6364700e-02
  -1.9487500e-02
  -1.9529800e-02
  -1.5878800e-02
  -9.5263400e-03
  -2.7944300e-03
   2.4978700e-03
   6.1613100e-03
   9.0819400e-03
   1.2298300e-02
   1.6630000e-02
   2.2308600e-02
   2.8588600e-02
   3.4040100e-02
   3.7055600e-02
   3.6420100e-02
   3.2172900e-02
   2.6059800e-02
   2.0475500e-02
   1.6544800e-02
   1.3508700e-02
   1.0042400e-02
   5.6731800e-03
   5.1943100e-04
  -5.2358600e-03
  -1.1063100e-02
  -1.5629000e-02
  -1.7444800e-02
  -1.6407400e-02
  -1.4070300e-02
  -1.2235700e-02
  -1.1476100e-02
  -1.0953700e-02
  -9.2741400e-03
  -5.5858600e-03
  -4.8469500e-04
   4.5298800e-03
   8.3945600e-03
   1.0904900e-02
   1.2084100e-02
   1.2049300e-02
   1.1756000e-02
   1.2704500e-02
   1.5427900e-02
   1.8692300e-02
   2.0362800e-02
   1.9089700e-02
   1.5116700e-02
   9.4470500e-03
   2.8952700e-03
  -3.8470100e-03
  -9.7575900e-03
  -1.3753200e-02
  -1.5277100e-02
  -1.4700500e-02
  -1.3164100e-02
  -1.2075400e-02
  -1.2180800e-02
  -1.2946400e-02
  -1.3165200e-02
  -1.2047900e-02
  -9.6584600e-03
  -6.7110100e-03
  -4.0517400e-03
  -1.7603800e-03
   1.0271600e-03
   4.7075500e-03
   8.2330400e-03
   9.9887400e-03
   9.4936500e-03
   7.9398200e-03
   7.1022200e-03
   7.8591800e-03
   9.7885500e-03
   1.1676800e-02
   1.2162800e-02
   1.0492000e-02
   7.1977000e-03
   3.8760900e-03
   1.8625000e-03
   1.4117300e-03
   2.1529100e-03
   3.6818200e-03
   5.3919000e-03
   6.2880900e-03
   5.5265500e-03
   3.3429100e-03
   1.3245600e-03
   1.1288100e-03
   2.9825100e-03
   5.5419700e-03
   7.0653400e-03
   6.6818000e-03
   4.9674700e-03
   3.3996800e-03
   3.1305700e-03
   4.2629500e-03
   6.0143900e-03
   7.6594300e-03
   9.1331500e-03
   1.0602100e-02
   1.1759000e-02
   1.1717900e-02
   1.0073600e-02
   7.8450400e-03
   6.8397600e-03
   7.7237700e-03
   9.2483100e-03
   9.5478400e-03
   7.7467200e-03
   4.3832400e-03
   8.4633200e-04
  -1.5196800e-03
  -2.3788000e-03
  -2.5284400e-03
  -3.0849400e-03
  -4.5445200e-03
  -6.6086200e-03
  -8.7344500e-03
  -1.0497300e-02
  -1.1465900e-02
  -1.1131600e-02
  -9.6078900e-03
  -7.8085400e-03
  -6.5340400e-03
  -5.4308000e-03
  -3.3919600e-03
  -1.4829600e-04
   3.2239700e-03
   5.3712800e-03
   6.1007400e-03
   6.3422500e-03
   6.7330800e-03
   6.8250100e-03
   5.8758000e-03
   4.0139100e-03
   1.8024100e-03
  -6.6729200e-04
  -3.3760900e-03
  -5.6981200e-03
  -6.9411300e-03
  -7.1418000e-03
  -6.8113500e-03
  -6.1648400e-03
  -4.9517700e-03
  -2.7827900e-03
   3.2431400e-04
   3.8757100e-03
   7.2640200e-03
   1.0142200e-02
   1.2607900e-02
   1.5219100e-02
   1.8281000e-02
   2.1298200e-02
   2.3440800e-02
   2.4315800e-02
   2.4073700e-02
   2.3138200e-02
   2.2150000e-02
   2.1532500e-02
   2.1193800e-02
   2.0921100e-02
   2.0460400e-02
   1.9227000e-02
   1.6726100e-02
