   1.7857500e-01
   1.3482100e-01
   7.6512900e-02
   3.9537400e-02
   1.3760000e-02
  -5.8993000e-03
  -1.8744100e-02
  -2.7191400e-02
  -3.3691100e-02
  -3.8832000e-02
  -4.7023800e-02
  -4.8494000e-02
  -2.5108500e-02
   7.8546700e-03
   3.3048600e-02
   5.9135400e-02
   8.3053900e-02
   8.8268400e-02
   8.1430200e-02
   6.7905200e-02
   3.0350500e-02
  -2.3544800e-02
  -7.1148100e-02
  -9.7745900e-02
  -1.0176400e-01
  -1.0491900e-01
  -1.1296700e-01
  -1.1795600e-01
  -1.2037400e-01
  -1.1589900e-01
  -1.0033200e-01
  -7.4293100e-02
  -1.8983500e-02
   8.4686700e-02
   1.7468300e-01
   1.7539100e-01
   1.2615400e-01
   7.8405900e-02
   2.5832700e-02
  -2.0860100e-03
  -6.2831900e-04
  -2.0549700e-02
  -5.3952700e-02
  -8.6023800e-02
  -1.0329400e-01
  -6.6042600e-02
  -1.2077100e-02
   1.9713100e-02
   5.9472500e-02
   1.0428700e-01
   1.1932800e-01
   1.3568100e-01
   1.5530900e-01
   1.2688600e-01
   1.0814200e-01
   1.1566400e-01
   9.5044200e-02
   5.6222000e-02
   8.9484100e-03
  -4.5414900e-02
  -8.3521100e-02
  -6.9953700e-02
  -3.2610800e-02
  -1.8396400e-02
  -2.1207400e-02
  -5.9093800e-02
  -1.3219300e-01
  -1.6196600e-01
  -1.6911800e-01
  -2.4512800e-01
  -2.5696400e-01
  -1.1831000e-01
  -3.3264400e-02
  -5.6427900e-02
  -6.7967700e-02
  -7.1038300e-02
  -8.0822200e-02
  -6.5061900e-02
  -3.1558600e-02
  -1.3117600e-02
  -2.7167800e-02
  -5.4642000e-02
  -6.0649700e-02
  -4.8443500e-02
  -3.1309200e-02
   6.9023600e-04
   2.3747600e-02
   2.6462200e-02
   5.1349000e-02
   6.9107200e-02
   4.4354400e-02
   4.6841700e-02
   8.6816900e-02
   1.1291200e-01
   1.3870200e-01
   1.7687400e-01
   2.2801800e-01
   2.8740200e-01
   2.7999800e-01
   1.6926100e-01
   4.2595700e-02
   6.8786800e-03
   6.1730200e-02
   1.5160800e-01
   2.3717100e-01
   1.9332500e-01
   1.5155800e-02
  -1.1017900e-01
  -1.5424500e-01
  -1.8287600e-01
  -1.0442900e-01
   7.2244400e-02
   1.2987900e-01
   7.5280700e-02
   4.1886400e-02
   2.3561000e-02
   2.8583000e-02
   5.0008100e-02
   6.4627200e-02
   8.4967900e-02
   1.0253000e-01
   9.8506800e-02
   6.7071800e-02
   3.1782700e-02
   1.2512000e-03
  -5.5744600e-02
  -1.3343300e-01
  -2.0264500e-01
  -2.4847100e-01
  -2.4623200e-01
  -1.9179800e-01
  -1.0686800e-01
  -2.9895200e-02
  -1.2050800e-03
  -3.3594000e-03
   8.4181600e-04
  -3.0080000e-03
  -2.7112900e-02
  -2.8461700e-02
   8.9052800e-03
   4.2655600e-02
   3.1403200e-02
  -2.9158000e-02
  -9.9720700e-02
  -1.6361400e-01
  -2.1110200e-01
  -2.1386100e-01
  -1.8914700e-01
  -1.6027500e-01
  -1.3911500e-01
  -1.1541800e-01
  -3.5983600e-02
   6.4588900e-02
   1.0206100e-01
   9.8515700e-02
   9.2561400e-02
   6.5471000e-02
   2.1583500e-02
  -1.6058900e-02
  -5.2980600e-02
  -7.9959700e-02
  -7.6889300e-02
  -5.7760200e-02
  -4.0754900e-02
  -4.1502400e-02
  -7.0178900e-02
  -9.6280400e-02
  -8.6541700e-02
  -9.3788900e-03
   1.1198400e-01
   1.4241400e-01
   9.1641200e-02
   9.2190900e-02
   1.1033500e-01
   9.4222900e-02
   7.2088000e-02
   4.4568300e-02
   7.9464000e-03
  -3.5584500e-02
  -6.3805200e-02
  -4.6882900e-02
  -5.8191500e-03
   2.2458100e-02
   2.8413100e-02
   3.5850300e-02
   6.2873400e-02
   9.1506300e-02
   9.8065500e-02
   7.0576000e-02
   2.3752900e-02
  -1.9431800e-02
  -3.7496400e-02
  -2.3885200e-02
  -3.5571900e-03
   1.4359000e-02
   2.8630700e-02
   3.1288700e-02
   2.8702100e-02
   1.9567300e-02
   3.0467400e-03
  -3.7695700e-03
   5.7500300e-03
   3.2663500e-02
   6.2562100e-02
   6.0678200e-02
   4.7549400e-02
   6.0461400e-02
   7.5338500e-02
   6.0249000e-02
   1.5419200e-02
  -4.1219200e-02
  -8.7799500e-02
  -9.4447900e-02
  -4.7769900e-02
   2.5855500e-02
   8.1243000e-02
   9.4362200e-02
   8.9817200e-02
   8.1757900e-02
   4.8222700e-02
   1.1313700e-03
  -1.1761100e-02
   1.9130400e-02
   5.5847700e-02
   7.0247600e-02
   6.7264700e-02
   5.6758200e-02
   3.7164500e-02
   1.8893300e-02
   1.6176600e-02
   2.1559300e-02
   1.1397200e-02
  -2.3876100e-02
  -6.9443600e-02
  -1.1031300e-01
  -1.1606900e-01
  -8.0017800e-02
  -5.0695200e-02
  -5.6150400e-02
  -9.1965200e-02
  -1.2605200e-01
  -1.2904400e-01
  -1.1846900e-01
  -8.9269300e-02
  -4.1078300e-02
  -3.0155900e-02
  -5.4063300e-02
  -4.1029100e-02
   2.9718400e-02
   1.0491800e-01
   1.1801200e-01
   6.5095200e-02
  -3.6700900e-03
  -4.8706900e-02
  -4.0592200e-02
   4.0774300e-03
   2.5898100e-02
   1.2466600e-02
  -1.8458300e-02
  -4.7208400e-02
  -4.4877000e-02
  -2.4808900e-02
  -2.3158100e-02
  -3.8854200e-02
  -5.8313300e-02
  -7.2544300e-02
  -5.9718000e-02
  -3.2236700e-04
   7.0746200e-02
   9.1390800e-02
   6.2322900e-02
   1.4622800e-02
  -2.2653200e-02
  -9.7032000e-03
   3.5844300e-02
   5.3636000e-02
   3.6109800e-02
   9.8303300e-03
  -1.1362100e-02
  -1.4382800e-02
   6.7107600e-03
   4.7480700e-02
   8.7429600e-02
   9.1304300e-02
   6.9580500e-02
   6.7028000e-02
   8.3313000e-02
   9.4958400e-02
   1.0355900e-01
   1.1819700e-01
   1.2375300e-01
   9.0414100e-02
   2.7433200e-02
  -3.4562600e-02
  -7.5036700e-02
  -8.6178100e-02
  -8.6270700e-02
  -8.9587200e-02
  -1.0590000e-01
  -1.1493300e-01
  -7.8700200e-02
  -2.0966600e-02
   2.4675100e-02
   4.8114000e-02
   4.6119700e-02
   2.7230000e-02
  -2.3865100e-03
  -1.9460000e-02
  -7.4468800e-03
   9.8126700e-03
   1.1774800e-02
   1.3027700e-02
   1.0334500e-02
  -2.3564200e-02
  -6.4579600e-02
  -7.2144400e-02
  -6.9354200e-02
  -1.0068300e-01
  -8.9966800e-02
   5.5965700e-03
   3.7410400e-02
   1.7755600e-02
   5.7185600e-02
   6.5137700e-02
   6.8413300e-03
  -4.1531800e-02
  -6.4124700e-02
  -5.9066300e-02
  -3.4192500e-02
  -1.5109100e-02
   1.7621300e-02
   7.9635700e-02
   1.2301500e-01
   1.2009800e-01
   9.3287800e-02
   5.4154800e-02
   1.0242600e-02
  -2.5328600e-02
  -5.8166200e-02
  -8.7099800e-02
  -8.5535800e-02
  -6.5868700e-02
  -6.4836300e-02
  -7.0256400e-02
  -8.2310900e-02
  -1.0699400e-01
  -1.1139400e-01
  -1.0693700e-01
  -1.1025800e-01
  -9.1837500e-02
  -5.1573300e-02
  -6.6128900e-03
   3.6952000e-02
   6.2803700e-02
   6.1615700e-02
   5.5938400e-02
   6.7761400e-02
   7.5148100e-02
   6.7471400e-02
   4.3833300e-02
  -6.3012700e-04
  -4.6304200e-03
   3.1213200e-02
   2.9495200e-02
   2.9143300e-02
   8.1416300e-02
   1.2580800e-01
   1.2437800e-01
   1.1091300e-01
   1.0165700e-01
   8.7466000e-02
   6.7458900e-02
   4.8108000e-02
   4.0612700e-02
   3.4847100e-02
   8.2725000e-03
  -2.8983100e-02
  -6.6582400e-02
  -7.3555800e-02
  -1.8290900e-02
   1.2473900e-02
  -1.1558000e-02
   7.3390500e-03
   5.3943000e-02
   6.0958600e-02
   5.0599200e-02
   4.7050200e-02
   4.8778600e-02
   4.5496100e-02
   1.1041600e-02
  -3.4631300e-02
  -3.7604700e-02
  -9.8258600e-03
   1.1466900e-02
   3.4174800e-02
   5.5909700e-02
   5.7923100e-02
   4.8448300e-02
   2.7710800e-02
   2.3949500e-03
   4.6443300e-03
   2.7047100e-03
  -3.2324300e-02
  -5.1790100e-02
  -4.1009700e-02
  -2.4825100e-02
  -1.7117800e-02
  -1.8152900e-02
  -2.0983100e-02
  -3.1142900e-02
  -4.6501500e-02
  -4.8705800e-02
  -4.0460300e-02
  -2.9963300e-02
   1.9768300e-03
   3.7079600e-02
   4.2520100e-03
  -9.9476600e-02
  -1.9013800e-01
  -2.1447100e-01
  -1.8483600e-01
  -1.3867100e-01
  -8.2657600e-02
  -3.1768000e-02
  -3.1078900e-02
  -6.7872400e-03
   6.4316000e-02
   7.9292800e-02
   7.5286400e-02
   8.6666400e-02
   5.8117700e-02
  -2.1571400e-03
  -4.7702100e-02
  -6.4833800e-02
  -8.7773700e-02
  -1.1952400e-01
  -1.3220000e-01
  -1.3952300e-01
  -1.6647200e-01
  -2.0113800e-01
  -1.9964700e-01
  -1.4005200e-01
  -6.2155500e-02
  -1.5303400e-02
   6.8420400e-03
   1.1006600e-02
   3.2240800e-03
   3.0071700e-02
   7.7412500e-02
   1.0607200e-01
   1.2969500e-01
   1.4694600e-01
   1.2190600e-01
   5.6135500e-02
   3.6482900e-03
  -4.0948100e-02
  -9.9510600e-02
  -1.4934800e-01
  -1.4844700e-01
  -6.8932900e-02
  -1.1355500e-04
  -1.2254500e-02
  -3.8373700e-02
  -1.7605500e-02
   2.7967400e-02
   5.0066300e-02
   5.7318100e-02
   8.1908100e-02
   1.2192300e-01
   1.5366100e-01
   1.5320000e-01
   1.2971700e-01
   8.0372500e-02
   1.1439600e-02
  -5.5024400e-03
   1.7692200e-02
   1.8900600e-02
   2.5357100e-02
   4.2695500e-02
   4.0045500e-02
   2.2983400e-02
  -3.2891900e-03
  -3.5028600e-02
  -5.6642600e-02
  -6.4565000e-02
  -4.3847500e-02
   1.6516900e-02
   6.9786000e-02
   8.0998400e-02
   6.8533400e-02
   5.1755100e-02
   4.5965900e-02
   5.9020300e-02
   8.5618600e-02
   1.0945100e-01
   1.1729900e-01
   1.2181500e-01
   1.1613700e-01
   8.0492900e-02
   3.6159300e-02
  -1.0671000e-02
  -7.5687700e-02
  -1.4180400e-01
  -1.8860700e-01
  -1.9934500e-01
  -1.6349900e-01
  -1.0636700e-01
  -6.1114400e-02
  -2.2636900e-02
   2.0328700e-02
   5.3274900e-02
   8.4939600e-02
   1.0882500e-01
   9.6011900e-02
   6.7541700e-02
   4.9006100e-02
   3.7406100e-02
   2.0658400e-02
  -1.2087800e-02
  -4.4707700e-02
  -5.4961400e-02
  -5.4016100e-02
  -3.5501100e-02
  -8.8076600e-03
   1.3126700e-02
   9.5938700e-02
   1.4684000e-01
   7.0892100e-02
   5.6261500e-02
   7.2874900e-02
   1.8085300e-02
   7.4115400e-02
   1.3670400e-01
   1.0420700e-01
   1.1776300e-01
   8.7702500e-02
   4.9175000e-02
   6.3839600e-02
  -5.2747800e-03
  -9.4908300e-02
  -1.2309900e-01
  -1.2676400e-01
  -9.8999100e-02
  -4.0483900e-02
   5.9461300e-03
   3.9149200e-02
   9.3805500e-02
   1.5590400e-01
   2.0249800e-01
   2.2226400e-01
   2.1877700e-01
   2.0615600e-01
   1.7261800e-01
   1.1502600e-01
   4.1578600e-02
  -3.7208500e-02
  -1.0979500e-01
  -1.7322300e-01
  -2.1475300e-01
  -2.1791300e-01
  -1.8643600e-01
  -1.5685900e-01
  -1.5311700e-01
  -1.4684200e-01
  -1.1621300e-01
  -8.2034500e-02
  -4.3809800e-02
   2.1906800e-02
   1.0071400e-01
   1.6710300e-01
   1.8278600e-01
   1.1362500e-01
   4.2375600e-03
  -8.4847700e-02
  -1.4304600e-01
  -1.7174700e-01
  -1.6662400e-01
  -1.4470900e-01
  -1.2822100e-01
  -1.0857600e-01
  -9.1113200e-02
  -7.3573700e-02
  -3.2075800e-02
   1.3813300e-02
   6.8418100e-02
   1.4059500e-01
   1.6985100e-01
   1.5114500e-01
   1.6362000e-01
   1.9922600e-01
   1.7233300e-01
   9.3543700e-02
   9.7967400e-03
  -6.1647200e-02
  -9.8075500e-02
  -1.1822700e-01
  -1.4490700e-01
  -1.6389400e-01
  -1.6251000e-01
  -1.5355200e-01
  -1.4830200e-01
  -1.3345100e-01
  -9.8894900e-02
  -5.1498900e-02
   6.4884700e-03
   8.5869200e-02
   1.5141300e-01
   1.5195800e-01
   1.0357000e-01
   4.0169300e-02
  -1.0256200e-02
  -2.3237300e-02
  -1.5621500e-02
  -7.7778000e-03
   2.9630100e-03
   5.8172900e-03
  -2.2497300e-02
  -6.7727400e-02
  -7.4291700e-02
  -1.1245100e-01
  -2.0023400e-01
  -1.2648800e-01
   2.0603300e-02
   4.0589700e-03
  -8.1200200e-03
   1.1028600e-01
   1.7513700e-01
   1.3316500e-01
   1.0145100e-01
   8.7973000e-02
   6.5571700e-02
   5.2288000e-02
   2.9377300e-02
  -1.6952800e-02
  -6.8692500e-02
  -1.1201200e-01
  -1.2274500e-01
  -1.0892100e-01
  -1.0783300e-01
  -1.1614800e-01
  -1.0583000e-01
  -1.0162400e-01
  -1.2530300e-01
  -7.9072100e-02
   4.5246300e-03
  -3.6719000e-02
  -1.2107800e-01
  -9.9959700e-02
  -4.3534000e-02
  -3.7520300e-02
  -2.0321900e-02
   2.7833600e-02
   4.3875900e-02
   5.3576000e-02
   7.0216100e-02
   5.7651800e-02
   6.0950200e-02
   7.2541500e-02
   4.6380000e-02
   2.5388500e-02
   3.4824800e-02
   2.4203100e-02
  -1.8632600e-02
  -2.6445400e-02
  -1.3926800e-02
  -3.3563400e-02
  -6.7582400e-02
  -9.9685000e-02
  -9.9096300e-02
  -5.1856900e-02
  -8.0628500e-03
  -1.9271500e-03
  -1.9468800e-02
  -2.4938700e-02
   3.3644900e-03
   4.5468900e-02
   7.5110000e-02
   8.7761100e-02
   9.9544200e-02
   1.1662200e-01
   1.1223200e-01
   8.5338900e-02
   6.2308200e-02
   4.9215700e-02
   4.6556000e-02
   4.5751300e-02
   3.3619600e-02
   1.6798800e-02
   7.1580300e-03
   1.5688100e-02
   3.0499000e-02
   3.3302000e-02
   4.2364100e-02
   4.8447500e-02
   2.3745200e-02
   2.9304900e-03
   9.4171100e-04
  -2.2222900e-02
  -6.1692100e-02
  -9.0002800e-02
  -1.0132000e-01
  -9.6026600e-02
  -8.4704700e-02
  -6.9111200e-02
  -4.5440300e-02
  -2.1598200e-02
  -1.0195500e-02
  -1.0459300e-02
  -3.1277300e-03
   2.1364300e-02
   4.9726700e-02
   6.5113200e-02
   7.2708800e-02
   8.3675900e-02
   9.3619900e-02
   1.0444200e-01
   1.0872400e-01
   8.8575700e-02
   5.7095200e-02
   3.2722200e-02
   1.7296400e-02
   9.8257100e-03
   2.7550500e-03
  -1.0828900e-02
  -2.6226600e-02
  -3.9990600e-02
  -5.4979200e-02
  -5.9378700e-02
  -4.5209900e-02
  -3.3585200e-02
  -3.3692400e-02
  -2.8316900e-02
  -1.3826000e-02
   4.7958300e-03
   1.6794400e-02
   2.8545100e-03
  -2.9220700e-02
  -6.2083800e-02
  -7.9406400e-02
  -5.8427200e-02
  -5.9119900e-03
   5.0541800e-02
   8.1595300e-02
   7.0188600e-02
   4.6955100e-02
   4.8165700e-02
   6.2776500e-02
   7.2516900e-02
   7.1188200e-02
   5.2837300e-02
   2.5471000e-02
  -1.3104400e-03
  -1.2145000e-02
   7.2504300e-03
   3.1005500e-02
   3.5838700e-02
   2.4052100e-02
  -4.9239500e-04
  -2.4802100e-02
  -3.7548400e-02
  -2.1721200e-02
   1.6473400e-02
   3.6711200e-02
   4.4813400e-02
   7.0574200e-02
   1.0096100e-01
   1.1628500e-01
   1.2312500e-01
   1.1693200e-01
   8.2143000e-02
   3.4098900e-02
  -9.5485500e-03
  -5.0084100e-02
  -6.6176600e-02
  -4.5514200e-02
  -2.2436200e-02
  -9.7089500e-03
   2.1255300e-04
  -6.4637600e-03
  -2.5921400e-02
  -4.5264700e-02
  -5.7413700e-02
  -4.4057300e-02
  -8.4623500e-03
   2.8223100e-02
   5.2543200e-02
   4.8666900e-02
   2.0131400e-02
  -1.1984200e-02
  -4.2610400e-02
  -6.0592100e-02
  -5.4874300e-02
  -4.3072100e-02
  -3.6127600e-02
  -3.1977600e-02
  -3.4040200e-02
  -3.8757200e-02
  -4.1292200e-02
  -4.6279100e-02
  -4.9041600e-02
  -3.5716700e-02
  -1.2534900e-02
   7.8981800e-03
   1.9379300e-02
   1.2488800e-02
  -2.8047300e-03
  -7.8846900e-03
  -8.4571600e-03
  -1.4454800e-02
  -1.9271500e-02
  -1.2743300e-02
   1.6489900e-03
   3.9265700e-03
  -5.9395200e-03
  -7.6077300e-03
  -8.2521200e-03
  -1.7362600e-02
  -2.4276500e-02
  -2.7101000e-02
  -2.8380800e-02
  -2.6799400e-02
  -2.4099100e-02
  -2.1463700e-02
  -1.5204100e-02
  -3.0096100e-03
   1.3100500e-02
   2.9074200e-02
   4.1904400e-02
   5.4286900e-02
   6.6642600e-02
   7.0804400e-02
   6.5223600e-02
   5.6106900e-02
   3.4975500e-02
  -1.6772100e-03
  -3.3728300e-02
  -4.6491400e-02
  -4.0820900e-02
  -3.0871500e-02
  -2.8566500e-02
  -2.7115500e-02
  -2.0145600e-02
  -9.2451300e-03
  -2.1156600e-03
  -1.2559200e-02
  -3.7799400e-02
  -6.3286800e-02
  -8.2115500e-02
  -8.9302800e-02
  -8.9801400e-02
  -8.6653000e-02
  -6.8300500e-02
  -3.5988400e-02
  -4.0463000e-03
   1.8998000e-02
   2.7848000e-02
   2.3063300e-02
   1.3522400e-02
   4.2789200e-03
  -4.1897900e-03
  -1.2786600e-02
  -2.0774700e-02
  -2.0438700e-02
  -1.1230200e-02
  -2.3017600e-03
   1.9848200e-03
   5.1667500e-03
   1.4362200e-02
   2.3495100e-02
   1.9401700e-02
   6.6711300e-03
  -5.4486100e-03
  -1.6925400e-02
  -2.7349300e-02
  -3.3584400e-02
  -3.2640400e-02
  -2.4053700e-02
  -1.2302300e-02
  -5.9047000e-03
  -6.9789800e-03
  -1.1412100e-02
  -1.7653200e-02
  -1.5989800e-02
  -4.6172000e-04
   1.6964700e-02
   3.1117600e-02
   4.5663000e-02
   5.7690300e-02
   5.9163100e-02
   4.9789100e-02
   4.0161200e-02
   2.8265900e-02
   8.1281700e-03
  -2.4674000e-03
   2.7118500e-03
   2.2372300e-03
  -9.0405600e-03
  -2.0197600e-02
  -2.5953900e-02
  -2.8682800e-02
  -2.9729100e-02
  -2.5632700e-02
  -1.2142100e-02
   1.6997400e-02
   4.4872500e-02
   5.4218700e-02
   6.2683800e-02
   7.3888500e-02
   7.6893900e-02
   7.6721000e-02
   6.8967900e-02
   4.7618400e-02
   2.4201000e-02
   4.4541200e-03
  -1.5287200e-02
  -3.1879600e-02
  -3.8861300e-02
  -3.5025700e-02
  -2.3468800e-02
  -8.2901300e-03
   3.4114100e-03
   4.0534200e-03
  -3.5642400e-03
  -6.7354300e-03
  -4.1564600e-04
   1.2427700e-02
   3.4470800e-02
   6.4318000e-02
   9.4203900e-02
   1.0818000e-01
   9.1166500e-02
   7.0323700e-02
   7.1705900e-02
   6.9266200e-02
   5.1929400e-02
   3.5892700e-02
   1.4073200e-02
  -1.8604500e-02
  -4.4486200e-02
  -5.4879200e-02
  -5.8545400e-02
  -6.0425900e-02
  -6.3698200e-02
  -7.5427000e-02
  -8.8048700e-02
  -8.7404900e-02
  -7.4986600e-02
  -6.0562600e-02
  -4.7938200e-02
  -3.5559600e-02
  -2.3981800e-02
  -2.1367400e-02
  -3.4295400e-02
  -4.8132300e-02
  -5.0879800e-02
  -5.7187000e-02
  -6.5795000e-02
  -5.9437700e-02
  -4.1063000e-02
  -1.4352300e-02
   1.2359000e-02
   1.8512200e-02
   4.1167000e-03
  -1.8161800e-02
  -4.1008600e-02
  -5.0497700e-02
  -3.7660600e-02
  -1.3545400e-02
   6.9429600e-03
   1.9983300e-02
   3.0357100e-02
   3.8771100e-02
   4.1145200e-02
   4.1467900e-02
   5.1487700e-02
   6.4949500e-02
   6.4591900e-02
   5.7163200e-02
   4.6847800e-02
   2.4056200e-02
  -2.1280200e-03
  -1.9169400e-02
  -3.0878800e-02
  -4.2509200e-02
  -5.1124500e-02
  -5.4362600e-02
  -5.4672100e-02
  -5.5855400e-02
  -5.9045600e-02
  -5.1978800e-02
  -2.8167600e-02
  -1.1571900e-02
  -1.2519300e-02
  -2.3427800e-03
   2.7137500e-02
   4.9961400e-02
   5.1904800e-02
   3.7904700e-02
   2.2794600e-02
   2.1722700e-02
   2.8870400e-02
   2.6928900e-02
   1.4392500e-02
  -1.9912500e-03
  -7.7226600e-03
   1.1850400e-02
   1.6356000e-02
  -1.9723500e-02
  -3.2464600e-02
  -2.7295900e-02
  -5.2530100e-02
  -5.6595800e-02
  -2.9187300e-02
  -2.0777500e-02
  -2.7315600e-02
  -2.8319300e-02
  -1.5636200e-02
   1.6632200e-02
   6.1662500e-02
   9.5457400e-02
   1.0252600e-01
   9.9062000e-02
   9.8125900e-02
   1.0520800e-01
   1.2693300e-01
   1.4166300e-01
   1.3565900e-01
   1.1855700e-01
   8.6368800e-02
   4.4344600e-02
   5.7880900e-03
  -2.5178600e-02
  -4.3932500e-02
  -5.5200500e-02
  -6.0109000e-02
  -5.2343300e-02
  -3.2743500e-02
  -8.5614500e-03
   6.5033300e-03
   7.2672700e-03
   1.3083700e-03
  -5.8578400e-03
  -5.6404600e-03
   9.6543100e-03
   2.8426400e-02
   3.8250700e-02
   4.0719300e-02
   3.7320100e-02
   2.5486600e-02
   3.9797000e-03
  -2.4635600e-02
  -5.4769900e-02
  -6.5857500e-02
  -4.3673900e-02
  -9.8484700e-03
   1.2048600e-02
   1.6047900e-02
   7.2803200e-03
  -1.8929200e-03
  -5.4569100e-03
  -2.1298000e-03
   7.0368900e-03
   7.0064600e-03
  -1.3026900e-02
  -4.1407700e-02
  -6.8331500e-02
  -7.7033100e-02
  -5.4120800e-02
  -2.7568000e-02
  -2.0834000e-02
  -2.3510700e-02
  -2.7090700e-02
  -3.2282600e-02
  -3.4673600e-02
  -3.0937900e-02
  -2.2213300e-02
  -7.5101500e-03
   6.4907000e-03
   9.9284400e-03
   9.1233100e-03
   7.4305600e-03
  -8.1285700e-03
  -3.4903500e-02
  -5.4804700e-02
  -6.3654300e-02
  -6.7884400e-02
  -6.8620000e-02
  -5.4834500e-02
  -2.0307600e-02
   1.2403300e-02
   2.8395000e-02
   4.3726200e-02
   6.4669300e-02
   7.9802700e-02
   7.2572600e-02
   3.5056100e-02
   1.8772300e-03
   1.3280400e-02
   3.2918200e-02
   1.7498100e-02
  -8.7939400e-03
  -2.8599100e-02
  -3.9148400e-02
  -3.2057800e-02
  -1.6047000e-02
   1.3720100e-03
   1.5782900e-02
   2.1518800e-02
   2.2354600e-02
   2.0063300e-02
   1.2869600e-02
   2.2549800e-03
  -5.9652900e-03
  -3.1083000e-03
   6.6862200e-03
   1.4464000e-02
   1.9997000e-02
   2.4295300e-02
   2.5568100e-02
   1.9028100e-02
   7.4228200e-03
  -2.3485300e-03
  -9.4986700e-03
  -1.3841700e-02
  -1.4710300e-02
  -1.3152400e-02
  -1.0963600e-02
  -9.3273900e-03
  -9.7333700e-03
  -1.3942900e-02
  -2.2205000e-02
  -3.2362700e-02
  -3.8378200e-02
  -3.3810700e-02
  -1.9944600e-02
  -3.5776200e-03
   7.8254100e-03
   1.1042100e-02
   1.1820500e-02
   1.2503500e-02
   8.9433600e-03
   6.6921300e-03
   1.4135200e-02
   2.7244300e-02
   4.0625500e-02
