  -2.4022500e-02
  -2.8997000e-02
  -3.1351500e-02
  -3.1553000e-02
  -3.0057400e-02
  -2.6838400e-02
  -2.1111600e-02
  -1.1998900e-02
  -1.0242800e-03
   8.9765100e-03
   1.5771500e-02
   1.7057200e-02
   1.2990700e-02
   7.5927100e-03
   5.2527900e-03
   7.1136700e-03
   1.0988000e-02
   1.4218800e-02
   1.5523300e-02
   1.5699300e-02
   1.6307700e-02
   1.6626900e-02
   1.4906100e-02
   1.1002700e-02
   6.5955400e-03
   3.5045900e-03
   1.4385100e-03
  -6.7995100e-04
  -2.7277200e-03
  -3.9490800e-03
  -4.5673500e-03
  -7.4069700e-03
  -1.5596500e-02
  -2.7389500e-02
  -3.7128300e-02
  -4.1110200e-02
  -3.9807900e-02
  -3.6360200e-02
  -3.3790300e-02
  -3.2553500e-02
  -3.0628300e-02
  -2.5516300e-02
  -1.6314800e-02
  -4.4684500e-03
   6.7362500e-03
   1.2836800e-02
   1.1162300e-02
   4.4682300e-03
  -1.8305000e-03
  -5.9227500e-03
  -1.0609600e-02
  -1.8895700e-02
  -3.0034500e-02
  -4.0155100e-02
  -4.6279900e-02
  -4.8527800e-02
  -4.8952000e-02
  -4.9452200e-02
  -5.0498400e-02
  -5.0669100e-02
  -4.6886200e-02
  -3.7742200e-02
  -2.5510900e-02
  -1.2372000e-02
   3.2999000e-04
   1.0219900e-02
   1.6358500e-02
   1.9670500e-02
   2.0086200e-02
   1.6727900e-02
   9.6816500e-03
   5.6962900e-04
  -7.4964700e-03
  -1.1119100e-02
  -8.5732000e-03
  -1.4462100e-03
   6.4091300e-03
   1.0751600e-02
   7.7675500e-03
  -2.0491900e-03
  -1.3102400e-02
  -2.0213500e-02
  -2.0181800e-02
  -1.1381700e-02
   4.0966000e-03
   2.1905300e-02
   3.8299700e-02
   5.0377100e-02
   5.6714300e-02
   5.8049900e-02
   5.6437200e-02
   5.4019000e-02
   5.1376600e-02
   4.6971000e-02
   3.7824100e-02
   2.2723400e-02
   3.9312100e-03
  -1.6596800e-02
  -3.6923000e-02
  -5.4035600e-02
  -6.5720900e-02
  -7.0448300e-02
  -6.8997500e-02
  -6.4026100e-02
  -5.6220500e-02
  -4.4765100e-02
  -2.9023000e-02
  -9.6393600e-03
   9.3347800e-03
   2.3520100e-02
   3.2471600e-02
   3.8352200e-02
   4.3865000e-02
   5.0256700e-02
   5.6269200e-02
   6.0884400e-02
   6.4635100e-02
   6.6756000e-02
   6.4516300e-02
   5.7838600e-02
   5.0812400e-02
   4.5774900e-02
   4.0210600e-02
   3.1027500e-02
   1.9334100e-02
   9.5759900e-03
   4.6206100e-03
   4.8775000e-03
   1.0425100e-02
   1.9536300e-02
   2.8764400e-02
   3.6261600e-02
   4.0862500e-02
   4.0175700e-02
   3.4162600e-02
   2.6938700e-02
   2.1172800e-02
   1.6041200e-02
   1.1267900e-02
   7.1641000e-03
   3.0085700e-03
  -1.7001800e-03
  -6.2495100e-03
  -9.0461000e-03
  -9.6769400e-03
  -8.9616400e-03
  -6.7032200e-03
  -2.7658900e-03
   1.0330600e-03
   3.2788700e-03
   5.9290100e-03
   1.1455500e-02
   1.9372000e-02
   2.8666900e-02
   3.8476500e-02
   4.6444900e-02
   5.0816300e-02
   5.1995800e-02
   5.1529500e-02
   5.0716700e-02
   5.0042100e-02
   4.9522800e-02
   4.9326100e-02
   5.0036800e-02
   5.1955400e-02
   5.3803500e-02
   5.3870900e-02
   5.1641800e-02
   4.7093000e-02
   4.0695900e-02
   3.2193700e-02
   2.1058900e-02
   8.6684800e-03
  -2.8321300e-03
  -1.0555400e-02
  -1.2787300e-02
  -1.1947400e-02
  -1.1944900e-02
  -1.4449300e-02
  -1.8935100e-02
  -2.4782900e-02
  -3.0965600e-02
  -3.5959300e-02
  -4.0021500e-02
  -4.3554600e-02
  -4.4363700e-02
  -3.9665000e-02
  -2.8236400e-02
  -1.1830700e-02
   6.6390300e-03
   2.5813600e-02
   4.2905600e-02
   5.4414400e-02
   5.9331900e-02
   5.9862400e-02
   6.0071300e-02
   6.1594300e-02
   6.3589800e-02
   6.4735500e-02
   6.4389500e-02
   6.3960800e-02
   6.4798100e-02
   6.5110500e-02
   6.1747200e-02
   5.3628900e-02
   4.1666600e-02
   2.7018200e-02
   9.8514100e-03
  -9.5499700e-03
  -3.0434700e-02
  -5.2792400e-02
  -7.5331500e-02
  -9.5551700e-02
  -1.1218800e-01
  -1.2441900e-01
  -1.3250600e-01
  -1.3828700e-01
  -1.4237200e-01
  -1.4424700e-01
  -1.4442300e-01
  -1.4361500e-01
  -1.4102400e-01
  -1.3432100e-01
  -1.2283900e-01
  -1.0961100e-01
  -9.7288600e-02
  -8.5775200e-02
  -7.3526100e-02
  -5.9742600e-02
  -4.5039800e-02
  -2.9059700e-02
  -1.2407300e-02
   2.4221400e-03
   1.4433800e-02
   2.3596900e-02
   2.9430200e-02
   3.2316500e-02
   3.3471100e-02
   3.3475300e-02
   3.1384800e-02
   2.6181800e-02
   1.9183900e-02
   1.1987700e-02
   4.9413300e-03
  -1.7063800e-03
  -7.3364200e-03
  -1.0696500e-02
  -1.1438000e-02
  -1.0995800e-02
  -1.1147700e-02
  -1.2939500e-02
  -1.5889700e-02
  -1.9443300e-02
  -2.4952000e-02
  -3.4027300e-02
  -4.6007500e-02
  -5.8591200e-02
  -7.0883300e-02
  -8.3191400e-02
  -9.4922900e-02
  -1.0457500e-01
  -1.1143200e-01
  -1.1693800e-01
  -1.2309700e-01
  -1.2980700e-01
  -1.3538000e-01
  -1.3783400e-01
  -1.3684500e-01
  -1.3518500e-01
  -1.3466000e-01
  -1.3387100e-01
  -1.3014600e-01
  -1.1974300e-01
  -9.8284100e-02
  -6.4018200e-02
  -2.1857800e-02
   1.8980800e-02
   5.1873500e-02
   7.4142400e-02
   8.6806100e-02
   9.3091800e-02
   9.4388100e-02
   9.0144000e-02
   8.0078700e-02
   6.4116400e-02
   4.3457700e-02
   2.2157200e-02
   4.1752200e-03
  -9.2308200e-03
  -1.8633900e-02
  -2.4815800e-02
  -2.8006400e-02
  -2.7983000e-02
  -2.5758500e-02
  -2.3397200e-02
  -2.2157200e-02
  -2.2447700e-02
  -2.3811300e-02
  -2.5944300e-02
  -2.8446600e-02
  -2.9489700e-02
  -2.5352000e-02
  -1.3852300e-02
   1.1924800e-03
   1.4214900e-02
   2.3012700e-02
   2.9038300e-02
   3.5079300e-02
   4.2452300e-02
   5.0769600e-02
   5.8397800e-02
   6.4667200e-02
   7.0498200e-02
   7.5267200e-02
   7.6557900e-02
   7.3146300e-02
   6.6007600e-02
   5.6958200e-02
   4.6476400e-02
   3.4559600e-02
   2.1826600e-02
   5.3109700e-03
  -1.9762300e-02
  -5.2045000e-02
  -8.4357000e-02
  -1.0889200e-01
  -1.2142300e-01
  -1.2277000e-01
  -1.1595100e-01
  -1.0436000e-01
  -8.9228900e-02
  -6.9197800e-02
  -4.6702500e-02
  -2.6838000e-02
  -1.0856600e-02
   2.4466400e-03
   1.4446900e-02
   2.6944800e-02
   4.1112900e-02
   5.5558500e-02
   6.8048900e-02
   7.7786400e-02
   8.2656400e-02
   8.0106600e-02
   7.2050500e-02
   6.2293800e-02
   5.1348100e-02
   3.8063100e-02
   2.3083900e-02
   8.2762700e-03
  -4.9550500e-03
  -1.5937300e-02
  -2.4235500e-02
  -2.9488300e-02
  -3.1251500e-02
  -2.8389000e-02
  -2.0390600e-02
  -8.5653200e-03
   4.6806900e-03
   1.7183600e-02
   2.6706800e-02
   3.0547600e-02
   2.6899900e-02
   1.6394900e-02
   2.5233200e-03
  -1.1724600e-02
  -2.5657300e-02
  -3.8204600e-02
  -4.8202700e-02
  -5.6509200e-02
  -6.3857600e-02
  -6.9273200e-02
  -7.1361700e-02
  -6.9095500e-02
  -6.1905200e-02
  -4.8884200e-02
  -2.8798700e-02
  -2.6164300e-03
   2.5358100e-02
   5.0516800e-02
   7.0368000e-02
   8.3093000e-02
   8.7019500e-02
   8.3250600e-02
   7.5493300e-02
   6.6218600e-02
   5.4206800e-02
   3.7000900e-02
   1.5889800e-02
  -5.3653100e-03
  -2.4739400e-02
  -3.9830100e-02
  -4.7687700e-02
  -4.8615300e-02
  -4.5847700e-02
  -4.2886900e-02
  -4.1285000e-02
  -4.0472200e-02
  -3.9865300e-02
  -4.0430100e-02
  -4.3838000e-02
  -4.9847200e-02
  -5.5740000e-02
  -5.7988500e-02
  -5.4516600e-02
  -4.6764800e-02
  -3.6867700e-02
  -2.5777000e-02
  -1.6107400e-02
  -1.1476900e-02
  -1.3762100e-02
  -2.1497300e-02
  -3.0374200e-02
  -3.5006600e-02
  -3.0848900e-02
  -1.6840700e-02
   3.5188600e-03
   2.5382000e-02
   4.6357800e-02
   6.5849600e-02
   8.3002600e-02
   9.5009000e-02
   9.7879200e-02
   8.9900000e-02
   7.4314600e-02
   5.6920800e-02
   4.2113800e-02
   3.2771200e-02
   2.9161500e-02
   2.8189300e-02
   2.7172100e-02
   2.6231100e-02
   2.4988700e-02
   2.1033900e-02
   1.3025700e-02
   2.6584000e-03
  -7.7203400e-03
  -1.5540000e-02
  -1.6646300e-02
  -1.0845600e-02
  -2.9584300e-03
   3.2312400e-03
   6.5984700e-03
   7.8986100e-03
   8.8509600e-03
   1.3047200e-02
   2.4430900e-02
   4.1714000e-02
   6.0318400e-02
   7.6912800e-02
   8.9075400e-02
   9.3951900e-02
   8.8760800e-02
   7.5690800e-02
   6.1324000e-02
   4.9750000e-02
   4.2051200e-02
   3.7894900e-02
   3.5813600e-02
   3.5805100e-02
   3.9076900e-02
   4.5041200e-02
   4.9811900e-02
   4.8382500e-02
   3.9189200e-02
   2.5305900e-02
   1.2146300e-02
   3.8962600e-03
   2.7364400e-03
   9.8327700e-03
   2.4470400e-02
   4.3659400e-02
   6.3853000e-02
   8.2742700e-02
   9.8395600e-02
   1.0947300e-01
   1.1732100e-01
   1.2313900e-01
   1.2595500e-01
   1.2658200e-01
   1.2765500e-01
   1.2992600e-01
   1.3242200e-01
   1.3473900e-01
   1.3684700e-01
   1.3834100e-01
   1.3892000e-01
   1.3842200e-01
   1.3537500e-01
   1.2693400e-01
   1.0865800e-01
   7.3648400e-02
   1.6450200e-02
  -5.3818000e-02
  -1.1048100e-01
  -1.3640800e-01
  -1.3799900e-01
  -1.2816700e-01
  -1.1593500e-01
  -1.0523400e-01
  -9.4653200e-02
  -8.1843900e-02
  -6.4039800e-02
  -3.9485300e-02
  -1.2530600e-02
   9.8709200e-03
   2.4083700e-02
   3.0524600e-02
   3.2036300e-02
   3.2916600e-02
   3.6121100e-02
   4.1746700e-02
   4.9132200e-02
   5.6294000e-02
   5.8283800e-02
   5.0089200e-02
   3.2692400e-02
   9.9313200e-03
  -1.6113200e-02
  -4.0343800e-02
  -5.7267100e-02
  -6.5709700e-02
  -6.4345200e-02
  -5.1720800e-02
  -2.9015700e-02
   3.2179500e-04
   2.7764300e-02
   4.1011500e-02
   3.4179500e-02
   1.4342700e-02
  -6.5285100e-03
  -2.2295600e-02
  -3.2497600e-02
  -3.9057600e-02
  -4.2839700e-02
  -4.3455700e-02
  -4.3364900e-02
  -4.5960300e-02
  -5.0171000e-02
  -5.3033500e-02
  -5.6594800e-02
  -6.4349500e-02
  -7.2991000e-02
  -7.6301800e-02
  -7.3258900e-02
  -6.7988200e-02
  -6.5051600e-02
  -6.6389100e-02
  -7.0574600e-02
  -7.2521100e-02
  -6.5432500e-02
  -4.6488500e-02
  -1.8942400e-02
   1.2445100e-02
   4.2284400e-02
   6.5704100e-02
   8.0886900e-02
   8.5496100e-02
   7.9052200e-02
   6.7689000e-02
   5.8032200e-02
   5.1080700e-02
   4.4364100e-02
   3.5386300e-02
   2.2521700e-02
   5.6428700e-03
  -1.2385000e-02
  -2.7529500e-02
  -3.8062900e-02
  -4.4481000e-02
  -4.7948600e-02
  -4.9546500e-02
  -5.0833400e-02
  -5.1186700e-02
  -4.8161500e-02
  -4.1450200e-02
  -3.1440600e-02
  -1.7794600e-02
  -9.4510800e-04
   1.6619400e-02
   3.2658600e-02
   4.7374500e-02
   6.1985700e-02
   7.6521100e-02
   8.9847500e-02
   1.0117900e-01
   1.0920000e-01
   1.1048100e-01
   1.0317400e-01
   8.9720900e-02
   7.2908900e-02
   5.4273600e-02
   3.3885300e-02
   1.0818500e-02
  -1.4778400e-02
  -4.1237700e-02
  -6.4935700e-02
  -8.2642800e-02
  -9.3440800e-02
  -9.7403600e-02
  -9.7194600e-02
  -9.6753400e-02
  -9.7220400e-02
  -9.7030500e-02
  -9.4338100e-02
  -8.9057500e-02
  -8.1305900e-02
  -7.0330800e-02
  -5.6588400e-02
  -4.2353500e-02
  -2.9902300e-02
  -2.0453800e-02
  -1.4230500e-02
  -1.1698700e-02
  -1.2567900e-02
  -1.4358800e-02
  -1.7205600e-02
  -2.3099600e-02
  -3.0119800e-02
  -3.4872500e-02
  -3.5933600e-02
  -3.1807500e-02
  -2.0611100e-02
  -2.8992300e-03
   1.7200300e-02
   3.4363000e-02
   4.6577100e-02
   5.5935200e-02
   6.5012700e-02
   7.4435600e-02
   8.3974300e-02
   9.2969800e-02
   1.0049000e-01
   1.0627600e-01
   1.1054600e-01
   1.1318800e-01
   1.1236900e-01
   1.0623300e-01
   9.5492000e-02
   8.1706600e-02
   6.5517500e-02
   4.7536900e-02
   2.7268200e-02
   2.4278100e-03
  -2.7771900e-02
  -5.9001400e-02
  -8.3458600e-02
  -9.6101700e-02
  -9.5605700e-02
  -8.3353100e-02
  -6.4920700e-02
  -4.5444400e-02
  -2.5974600e-02
  -7.5354600e-03
   7.6370600e-03
   1.7530800e-02
   2.1678300e-02
   2.2987000e-02
   2.5523100e-02
   3.0986500e-02
   3.7840800e-02
   4.1367100e-02
   3.6272800e-02
   2.1228900e-02
  -9.9986300e-04
  -2.7380800e-02
  -5.5346300e-02
  -8.1017300e-02
  -1.0008700e-01
  -1.1035500e-01
  -1.1271900e-01
  -1.1119300e-01
  -1.1045800e-01
  -1.1174300e-01
  -1.1443000e-01
  -1.1834500e-01
  -1.2178300e-01
  -1.2188900e-01
  -1.1775900e-01
  -1.1187400e-01
  -1.0677800e-01
  -1.0231600e-01
  -9.8612400e-02
  -9.6935400e-02
  -9.6153300e-02
  -9.1916500e-02
  -7.9335300e-02
  -5.6182800e-02
  -2.5480400e-02
   4.7615500e-03
   2.7944100e-02
   4.3618200e-02
   5.3064200e-02
   5.6259500e-02
   5.4551300e-02
   5.0574700e-02
   4.6665300e-02
   4.3856600e-02
   4.1341100e-02
   3.8168600e-02
   3.3832500e-02
   2.8192600e-02
   2.1052300e-02
   1.2101200e-02
   2.1852300e-03
  -5.2440100e-03
  -7.2243000e-03
  -6.1877400e-03
  -4.9759500e-03
  -2.0091500e-03
   4.1078300e-03
   1.1339300e-02
   1.6898200e-02
   2.0192300e-02
   2.2033200e-02
   2.3813200e-02
   2.8407900e-02
   3.6731700e-02
   4.5462800e-02
   5.1879100e-02
   5.5593400e-02
   5.6008800e-02
   5.3588100e-02
   5.0717300e-02
   4.9218000e-02
   4.9462500e-02
   5.0050000e-02
   4.9179500e-02
   4.6206000e-02
   4.0222400e-02
   3.2035100e-02
   2.4415200e-02
   1.7837700e-02
   1.2079900e-02
   7.4926200e-03
   4.4773700e-03
   4.1652300e-03
   5.8618700e-03
   7.5992800e-03
   8.9295200e-03
   9.5926300e-03
   8.8386300e-03
   6.9891800e-03
   5.4326300e-03
   6.1564900e-03
   1.0956800e-02
   1.9656900e-02
   3.0432200e-02
   4.1779100e-02
   5.1497300e-02
   5.5506400e-02
   5.1710100e-02
   4.3308700e-02
   3.4790800e-02
   2.7232300e-02
   1.8986000e-02
   8.9352400e-03
  -1.4046700e-03
  -1.0257300e-02
  -1.8103300e-02
  -2.6365500e-02
  -3.4253600e-02
  -3.8966900e-02
  -3.9672600e-02
  -3.7990400e-02
  -3.5242900e-02
  -3.0597400e-02
  -2.3398800e-02
  -1.6318900e-02
  -1.5067600e-02
  -2.3188200e-02
  -3.7499000e-02
  -5.2710400e-02
  -6.6658900e-02
  -7.9327800e-02
  -8.9743000e-02
  -9.6022000e-02
  -9.6988100e-02
  -9.3226200e-02
  -8.7952400e-02
  -8.3928100e-02
  -8.1505900e-02
  -8.0218300e-02
  -7.7191000e-02
  -6.6462600e-02
  -4.4759900e-02
  -1.5826400e-02
   1.2969500e-02
   3.7027200e-02
   5.6187000e-02
   7.1764400e-02
   8.4696000e-02
   9.3858900e-02
   9.7176600e-02
   9.5560200e-02
   9.1889900e-02
   8.7635300e-02
   8.1475100e-02
   7.2083500e-02
   6.0958500e-02
   4.9587900e-02
   3.7340300e-02
   2.1983700e-02
   2.6286300e-03
  -1.7377000e-02
  -3.4126500e-02
  -4.7185300e-02
  -5.7444400e-02
  -6.4305700e-02
  -6.5498200e-02
  -5.9931800e-02
  -5.0037000e-02
  -3.8564400e-02
  -2.6142200e-02
  -1.2871400e-02
   1.1655300e-03
   1.5350700e-02
   2.8337600e-02
   4.0063700e-02
   5.1008200e-02
   6.0949600e-02
   6.9698600e-02
   7.7333700e-02
   8.3115200e-02
   8.5013800e-02
   8.0802700e-02
   7.0137900e-02
   5.5911000e-02
   4.1680800e-02
   2.9541600e-02
   2.0007800e-02
   1.2310500e-02
   5.2426900e-03
  -2.1471800e-03
  -9.5289500e-03
  -1.5451300e-02
  -1.7815700e-02
  -1.5934800e-02
  -1.2215100e-02
  -9.6188100e-03
  -1.0831700e-02
  -1.6902200e-02
  -2.5494300e-02
  -3.4701000e-02
  -4.4055700e-02
  -5.1153600e-02
  -5.2157300e-02
  -4.5160800e-02
  -3.2664100e-02
  -1.9559500e-02
  -9.3225300e-03
  -4.0789700e-03
  -5.4982400e-03
  -1.2241300e-02
  -1.8976200e-02
  -2.1659500e-02
  -2.0674200e-02
  -1.7563900e-02
  -1.2023900e-02
  -4.0905700e-03
   1.7889400e-03
  -6.3799400e-04
  -1.1921600e-02
  -2.6862400e-02
  -4.1860800e-02
  -5.7294500e-02
  -7.2211400e-02
  -8.3369700e-02
  -8.8968400e-02
  -8.8960200e-02
  -8.5231900e-02
  -8.1080300e-02
  -7.8233400e-02
  -7.5534400e-02
  -7.0082100e-02
  -5.9302700e-02
  -4.3565300e-02
  -2.6823600e-02
  -1.4066800e-02
  -8.4476400e-03
  -1.0425700e-02
  -1.6786000e-02
  -2.0993100e-02
  -1.8210800e-02
  -8.5956200e-03
   3.8443200e-03
   1.4041100e-02
   2.0033200e-02
   2.2598400e-02
   2.1187400e-02
   1.5845400e-02
   9.2739400e-03
   3.9643300e-03
   5.8913200e-04
  -1.6406400e-03
  -3.0588900e-03
  -2.4823900e-03
   5.4023900e-04
   3.9762500e-03
   6.5309100e-03
   9.1829400e-03
   1.0886200e-02
   8.4395600e-03
   7.5442900e-04
  -1.0046500e-02
  -2.1547100e-02
  -3.3173400e-02
  -4.5009600e-02
  -5.5841600e-02
  -6.3919300e-02
  -6.9186400e-02
  -7.2543300e-02
  -7.4363400e-02
  -7.3812300e-02
  -6.8234800e-02
  -5.5296700e-02
  -3.6156600e-02
  -1.4557500e-02
   6.3835000e-03
   2.5016200e-02
   4.0292500e-02
   5.2355800e-02
   6.2070400e-02
   6.9335500e-02
   7.4131000e-02
   7.7122800e-02
   7.8787200e-02
   7.7812300e-02
   7.1702400e-02
   6.0297400e-02
   4.5868700e-02
   3.1237200e-02
   1.8264900e-02
   7.3401900e-03
  -1.9656700e-03
  -8.9169200e-03
  -1.1495900e-02
  -9.9651100e-03
  -6.0246300e-03
  -1.0012700e-03
   3.6466500e-03
   7.6334600e-03
   1.0940200e-02
   1.3233600e-02
   1.5675900e-02
   1.8934200e-02
   2.1754700e-02
   2.2584900e-02
   2.1189700e-02
   2.0198000e-02
   2.2052000e-02
   2.6167500e-02
   3.1275700e-02
   3.6625900e-02
   4.1409700e-02
   4.4653100e-02
   4.5894000e-02
   4.5876900e-02
   4.5575500e-02
   4.4933200e-02
   4.5064700e-02
   4.9304200e-02
   5.8111700e-02
   6.8282700e-02
   7.6870600e-02
   8.1165200e-02
   7.9916600e-02
   7.4875500e-02
   6.8199000e-02
   6.0979500e-02
   5.3428400e-02
   4.4516300e-02
   3.3438400e-02
   2.1133000e-02
   9.4612100e-03
   1.1642600e-04
  -7.9233300e-03
  -1.7880000e-02
  -2.9943700e-02
  -4.1616400e-02
  -5.1059700e-02
  -5.7482700e-02
  -6.1476000e-02
  -6.5337600e-02
  -7.1642400e-02
  -8.0546300e-02
  -8.9440400e-02
  -9.5722300e-02
  -9.7814500e-02
  -9.4296200e-02
  -8.5738300e-02
  -7.4467400e-02
  -6.2024900e-02
  -4.9603800e-02
  -3.8521600e-02
  -2.9865300e-02
  -2.3997600e-02
  -1.9842800e-02
  -1.6363000e-02
  -1.4118300e-02
  -1.5151200e-02
  -2.0914200e-02
  -2.9476400e-02
  -3.8472500e-02
  -4.7975000e-02
  -5.8458200e-02
  -6.8739500e-02
  -7.6233900e-02
  -7.9594400e-02
  -8.0118600e-02
  -7.9857100e-02
  -7.8984100e-02
  -7.6046600e-02
  -6.9929900e-02
  -6.0823100e-02
  -4.9590900e-02
  -3.6630700e-02
  -2.2761000e-02
  -9.4962900e-03
   2.7766300e-03
   1.3965400e-02
   2.3843600e-02
   3.3020300e-02
   4.3080600e-02
   5.6042700e-02
   7.0183500e-02
   8.1224800e-02
   8.7464300e-02
   8.9338500e-02
   8.8468600e-02
   8.5200400e-02
   7.8315300e-02
   6.8139300e-02
   5.6201000e-02
   4.3427900e-02
   3.0537800e-02
   1.9629700e-02
   1.1950900e-02
   6.7108800e-03
   3.5253800e-03
   2.6200600e-03
   3.1920900e-03
   3.7344200e-03
   4.2671400e-03
   6.4874400e-03
   1.1329400e-02
   1.6937500e-02
   1.9942600e-02
   1.9248500e-02
   1.7344800e-02
   1.7151300e-02
   1.8904500e-02
   2.1205800e-02
   2.3679600e-02
   2.5869100e-02
   2.7067900e-02
   2.7536400e-02
   2.7355000e-02
   2.6368200e-02
   2.4901600e-02
   2.3950200e-02
   2.4777100e-02
   2.9236500e-02
   3.8360100e-02
   5.0178100e-02
   6.1075600e-02
   6.9341000e-02
   7.5473200e-02
   7.8723100e-02
   7.7985400e-02
   7.4269100e-02
   6.8144800e-02
   5.9337400e-02
   4.8245200e-02
   3.4990400e-02
   2.0707600e-02
   7.7827100e-03
  -1.9148400e-03
  -8.4828000e-03
  -1.3508500e-02
  -1.7547100e-02
  -1.9781800e-02
  -2.0514100e-02
  -2.1982500e-02
  -2.4822400e-02
  -2.6839600e-02
  -2.6153500e-02
  -2.2997300e-02
  -1.7850400e-02
  -1.0870200e-02
  -3.4159400e-03
   2.6201200e-03
   5.8539400e-03
   5.6858800e-03
   2.6593100e-03
  -2.2413900e-03
  -8.8239300e-03
  -1.7370600e-02
  -2.7969000e-02
  -4.0947600e-02
  -5.5370600e-02
  -6.9538200e-02
  -8.1978300e-02
  -9.0857200e-02
  -9.6651800e-02
  -1.0165300e-01
  -1.0755400e-01
  -1.1388300e-01
  -1.1790900e-01
  -1.1818900e-01
  -1.1512100e-01
  -1.0933900e-01
  -1.0194500e-01
  -9.4880300e-02
  -8.9453200e-02
  -8.3696000e-02
  -7.4357500e-02
  -6.2227300e-02
  -5.1277600e-02
  -4.5542900e-02
  -4.9133500e-02
  -6.1840800e-02
  -7.6343300e-02
  -8.4380100e-02
  -8.3416300e-02
  -7.6971500e-02
  -7.0633000e-02
  -6.8399300e-02
  -6.8941600e-02
  -6.6555300e-02
  -5.8155700e-02
  -4.5963700e-02
  -3.4006700e-02
  -2.4329800e-02
  -1.6441400e-02
  -9.0592300e-03
  -1.8073700e-04
   1.2770400e-02
   2.9752300e-02
   4.6836200e-02
   5.9805800e-02
   6.7116400e-02
   6.9035600e-02
   6.7234700e-02
   6.4097200e-02
   6.0091300e-02
   5.4494300e-02
   4.7658400e-02
   4.0811500e-02
   3.3997100e-02
   2.6651600e-02
   1.9975700e-02
   1.6486700e-02
   1.9103100e-02
   2.7724900e-02
   3.7163400e-02
   4.3470200e-02
   4.6839200e-02
   4.6971400e-02
   4.2273700e-02
   3.3174700e-02
   2.3614000e-02
   1.7657600e-02
   1.6842800e-02
   2.0446600e-02
   2.5595400e-02
   2.9607100e-02
   3.0081200e-02
   2.5440400e-02
   1.7693600e-02
   9.9198400e-03
   3.6147100e-03
  -4.6384800e-04
  -2.4508300e-03
  -3.2497000e-03
  -4.3898800e-03
  -7.8076600e-03
  -1.2940200e-02
  -1.8424900e-02
  -2.4820700e-02
  -3.2673800e-02
  -4.1331100e-02
  -4.9732400e-02
  -5.7615100e-02
  -6.4888400e-02
  -7.1097300e-02
  -7.4826600e-02
  -7.4230700e-02
  -6.8254900e-02
  -5.6655000e-02
  -4.1317000e-02
  -2.4751200e-02
  -7.9070000e-03
   8.5156100e-03
   2.2724000e-02
   3.1964900e-02
   3.5165300e-02
   3.4430000e-02
   3.2881700e-02
   3.1327700e-02
   2.7215400e-02
   1.8463400e-02
   6.0067900e-03
  -8.0543000e-03
  -2.1259400e-02
  -3.1374200e-02
  -3.7974100e-02
  -4.0643400e-02
  -3.8723200e-02
  -3.3733700e-02
  -2.6383800e-02
  -1.6229500e-02
  -4.5832400e-03
   6.9016900e-03
   1.6566000e-02
   2.3647000e-02
   3.0048800e-02
   3.8428400e-02
   4.8909100e-02
   5.9089500e-02
   6.6059600e-02
   6.7769800e-02
   6.5967200e-02
   6.4750700e-02
   6.6533200e-02
   7.1947000e-02
   7.9313400e-02
   8.5737800e-02
   8.9885800e-02
   9.0273700e-02
   8.4893600e-02
   7.4309000e-02
   5.9608700e-02
   4.1348700e-02
   2.1824000e-02
   4.3184400e-03
  -9.8181800e-03
  -2.0746800e-02
  -2.7014600e-02
  -2.7405500e-02
  -2.3062800e-02
  -1.5460800e-02
  -6.2114800e-03
   2.7500700e-03
   1.0218200e-02
   1.5162900e-02
   1.6958500e-02
   1.6582900e-02
   1.6253400e-02
   1.6556400e-02
   1.7163800e-02
   1.9569600e-02
   2.4154300e-02
   2.8608900e-02
   2.9192300e-02
   2.3646800e-02
   1.3708800e-02
   2.2925600e-03
  -9.3075900e-03
  -2.0763700e-02
  -2.9881200e-02
  -3.4016900e-02
  -3.1852400e-02
  -2.4136700e-02
  -1.4303700e-02
  -6.1558900e-03
  -3.9627900e-03
  -9.0597800e-03
  -1.6354400e-02
  -2.0421200e-02
  -2.1078600e-02
  -2.0413300e-02
  -2.0308100e-02
  -2.1793000e-02
  -2.3495400e-02
  -2.2975100e-02
  -1.8966400e-02
  -1.1549600e-02
  -1.5638500e-03
   8.9981400e-03
   1.8026500e-02
   2.4943400e-02
   3.0170500e-02
   3.3140000e-02
   3.2736300e-02
   2.8362800e-02
   1.9762100e-02
   8.6563200e-03
  -1.8185100e-03
  -9.4869700e-03
  -1.3857000e-02
  -1.5385900e-02
  -1.5164400e-02
  -1.3749300e-02
  -1.0846500e-02
  -7.3653100e-03
  -4.2577100e-03
  -3.2318100e-03
  -6.9870500e-03
  -1.3203500e-02
  -1.7540100e-02
  -1.9923900e-02
  -2.0451800e-02
  -1.8675800e-02
  -1.6380800e-02
  -1.6008400e-02
  -1.8290600e-02
  -2.2317900e-02
  -2.6338900e-02
  -2.7543600e-02
  -2.5292000e-02
  -2.2798000e-02
  -2.1575600e-02
  -2.0768900e-02
  -1.9142800e-02
  -1.5144100e-02
  -8.2715600e-03
   2.4905300e-03
   1.7044100e-02
   3.2704000e-02
   4.6957700e-02
   5.8018000e-02
   6.5324000e-02
   6.8780700e-02
   6.6738400e-02
   5.9841000e-02
   5.1954400e-02
   4.6183900e-02
   4.3119700e-02
   3.9524600e-02
   3.2699100e-02
   2.3792900e-02
   1.4652800e-02
   7.1450600e-03
   2.9756200e-03
   2.0507000e-03
   2.8135200e-03
   1.3723200e-03
  -5.1186600e-03
  -1.4904700e-02
  -2.6074400e-02
  -3.6622500e-02
  -4.3616300e-02
  -4.6537300e-02
  -4.7335100e-02
  -4.7406900e-02
  -4.6130500e-02
  -4.2621100e-02
  -3.8095000e-02
  -3.3569400e-02
  -2.8440800e-02
  -2.2926600e-02
  -1.7683500e-02
  -1.5467600e-02
  -1.9193100e-02
  -2.7755800e-02
  -3.8359200e-02
  -4.8033200e-02
  -5.4561700e-02
  -5.6864400e-02
  -5.6539600e-02
  -5.6832100e-02
  -5.8642400e-02
  -6.1176000e-02
  -6.1812400e-02
  -5.7479700e-02
  -4.7584900e-02
  -3.3598500e-02
  -1.7636700e-02
  -1.8286000e-03
   1.3279900e-02
   2.8195500e-02
   4.3881500e-02
   6.0558200e-02
   7.5099300e-02
   8.2890400e-02
   8.0070400e-02
   6.8796200e-02
   5.7507400e-02
   5.2239900e-02
   5.3376500e-02
   5.6840800e-02
   5.8509900e-02
   5.7434900e-02
   5.4523500e-02
   5.1945400e-02
   5.1052900e-02
   5.2042000e-02
   5.4129900e-02
   5.4963500e-02
   5.1938800e-02
   4.4327400e-02
   3.4818200e-02
   2.7002900e-02
   2.3850400e-02
   2.7923200e-02
   3.7822300e-02
   4.8888800e-02
   5.8720400e-02
   6.5520200e-02
   6.5886600e-02
   6.0780400e-02
   5.4834100e-02
   5.1316000e-02
   5.2788500e-02
   5.9607000e-02
   7.0036400e-02
   8.2342700e-02
   9.5257900e-02
   1.0652700e-01
   1.1302200e-01
   1.1558600e-01
   1.1638800e-01
   1.1729200e-01
   1.2126200e-01
   1.2909600e-01
   1.3984000e-01
   1.5134500e-01
   1.6162500e-01
   1.6953600e-01
   1.7370700e-01
   1.7276900e-01
   1.6707100e-01
   1.5924200e-01
   1.5162000e-01
   1.4548200e-01
   1.4027100e-01
   1.3413700e-01
   1.2856500e-01
   1.2549200e-01
   1.2157300e-01
   1.1396700e-01
   1.0488800e-01
   9.8293600e-02
   9.8893100e-02
   1.1079500e-01
   1.3222700e-01
   1.5400200e-01
   1.6736200e-01
   1.6820500e-01
   1.5659300e-01
   1.3878600e-01
   1.2154200e-01
   1.0489400e-01
   8.2851400e-02
   5.1849200e-02
   1.8032900e-02
  -9.0072600e-03
  -2.7477500e-02
  -3.8562400e-02
  -4.2715900e-02
  -4.3689000e-02
  -4.4796700e-02
  -4.6442100e-02
  -4.8160600e-02
  -5.0557400e-02
  -5.2359100e-02
  -5.3921000e-02
  -5.7907300e-02
  -6.4866600e-02
  -7.4202600e-02
  -8.2106300e-02
  -8.4049200e-02
  -7.8377400e-02
  -6.7853900e-02
  -5.9099700e-02
  -5.5910400e-02
  -5.6964800e-02
  -5.7509300e-02
  -5.6621900e-02
  -5.8317200e-02
  -6.3143700e-02
  -6.9268400e-02
  -7.4732500e-02
  -7.6735700e-02
  -7.3134900e-02
  -6.4766600e-02
  -5.3851400e-02
  -4.2246400e-02
  -3.0062800e-02
  -1.5836400e-02
   6.2107900e-04
   1.6813500e-02
   2.7478800e-02
   2.5790300e-02
   7.8008000e-03
  -2.0209100e-02
  -4.7574500e-02
  -6.7388100e-02
  -7.6714400e-02
  -7.8254600e-02
  -7.6367100e-02
  -7.1133400e-02
  -5.9310500e-02
  -3.8098300e-02
  -7.7851300e-03
   2.5225000e-02
   5.2403800e-02
   7.0797800e-02
   7.9868300e-02
   8.0121600e-02
   7.4953700e-02
   6.6748700e-02
   5.6940900e-02
   4.6267900e-02
   3.3561000e-02
   1.8900900e-02
   3.5803400e-03
  -1.0634000e-02
  -2.2442200e-02
  -3.2637500e-02
  -4.2675700e-02
  -5.3040500e-02
  -6.1958700e-02
  -6.7961200e-02
  -7.0893500e-02
  -7.2482400e-02
  -7.5852900e-02
  -8.2060800e-02
  -8.8652300e-02
  -9.2922800e-02
  -9.5737700e-02
  -9.9759600e-02
  -1.0620700e-01
  -1.1240100e-01
  -1.1659400e-01
  -1.2174800e-01
  -1.3141700e-01
  -1.4554800e-01
  -1.6053400e-01
  -1.7293100e-01
  -1.8086900e-01
  -1.8464700e-01
  -1.8533700e-01
  -1.8604500e-01
  -1.8879300e-01
  -1.9067800e-01
  -1.8962400e-01
  -1.8509500e-01
  -1.7727400e-01
  -1.6749500e-01
  -1.5743300e-01
  -1.4810000e-01
  -1.3899600e-01
  -1.2994300e-01
  -1.2152500e-01
  -1.1207400e-01
  -9.7396800e-02
  -7.2571900e-02
  -3.8589600e-02
  -4.4780000e-03
   2.3133800e-02
   4.2730700e-02
   5.6740400e-02
   6.9533800e-02
   8.1635300e-02
   9.0927200e-02
   9.6292100e-02
   9.9024100e-02
   1.0065100e-01
   9.9481700e-02
   9.3738700e-02
   8.5034300e-02
   7.5908900e-02
   6.7708900e-02
   6.0839900e-02
   5.7072800e-02
   5.6600200e-02
   5.8043900e-02
   6.4431100e-02
   7.7612600e-02
   9.4866200e-02
   1.1346200e-01
   1.3271400e-01
   1.5352300e-01
   1.7392000e-01
   1.9055700e-01
   2.0222600e-01
   2.0862300e-01
   2.1085900e-01
   2.0920500e-01
   2.0231100e-01
   1.8826800e-01
   1.6725300e-01
   1.4089400e-01
   1.1019600e-01
   7.7638400e-02
   4.2573900e-02
   3.0990900e-03
  -3.5915000e-02
  -6.7796300e-02
  -9.1273800e-02
  -1.0888900e-01
  -1.2363400e-01
  -1.3771200e-01
  -1.5151100e-01
  -1.6257000e-01
  -1.6920100e-01
  -1.7266100e-01
  -1.7370400e-01
  -1.7237100e-01
  -1.6904600e-01
  -1.6351100e-01
  -1.5490400e-01
  -1.4399800e-01
  -1.3458900e-01
  -1.3151000e-01
  -1.3688200e-01
  -1.4769700e-01
  -1.5914800e-01
  -1.6831600e-01
  -1.7503800e-01
  -1.7962600e-01
  -1.8233000e-01
  -1.8480800e-01
  -1.8548600e-01
  -1.8203700e-01
  -1.7471400e-01
  -1.6330400e-01
  -1.4921600e-01
  -1.3441900e-01
  -1.1895200e-01
  -1.0360400e-01
  -8.8146700e-02
  -7.1400500e-02
  -5.4722500e-02
  -4.0731000e-02
  -3.2425300e-02
  -3.2373200e-02
  -3.8775500e-02
  -4.6243200e-02
  -5.3418100e-02
  -6.2296100e-02
  -7.3493800e-02
  -8.6126300e-02
  -9.7661600e-02
  -1.0603700e-01
  -1.1035800e-01
  -1.0832200e-01
  -9.7599400e-02
  -7.7863600e-02
  -5.1214500e-02
  -2.1239000e-02
   8.2921600e-03
   3.3128200e-02
   5.0815100e-02
   6.1570100e-02
   6.5841300e-02
   6.4034800e-02
   5.8237600e-02
   5.0290900e-02
   4.0465600e-02
   3.0313700e-02
   2.0711500e-02
   1.1869700e-02
   5.0595000e-03
   6.6079900e-04
  -1.2182500e-04
   3.8996200e-03
   1.3331600e-02
   2.8513700e-02
   4.6405700e-02
   6.2320500e-02
   7.4757000e-02
   8.4324500e-02
   9.1253700e-02
   9.5638500e-02
   9.5931100e-02
   9.0032900e-02
   7.7789700e-02
   6.1407600e-02
   4.4874300e-02
   3.1628900e-02
   2.3752100e-02
   2.1363600e-02
   2.0772300e-02
   1.8409200e-02
   1.3879300e-02
   8.8460100e-03
   5.9095700e-03
   5.3014600e-03
   6.3164200e-03
   9.6970700e-03
   1.7033100e-02
   2.8809200e-02
   4.2287700e-02
   5.5881400e-02
   6.9500800e-02
   8.0893400e-02
   8.8477900e-02
   9.2278500e-02
   9.2482900e-02
   9.0641100e-02
   8.9624900e-02
   9.0062500e-02
   9.0999400e-02
   9.1790500e-02
   9.2386900e-02
   9.4171600e-02
   9.8267500e-02
   1.0380000e-01
   1.0756000e-01
   1.0755600e-01
   1.0430500e-01
   9.9377700e-02
   9.5553400e-02
   9.5300000e-02
   9.9208600e-02
   1.0647000e-01
   1.1484400e-01
   1.2149300e-01
   1.2519700e-01
   1.2634400e-01
   1.2632100e-01
   1.2595800e-01
   1.2263400e-01
   1.1306000e-01
   9.8094500e-02
   8.1822500e-02
   6.8146000e-02
   5.9939600e-02
   5.8899900e-02
   6.4673600e-02
   7.4440800e-02
   8.3256900e-02
   8.8743700e-02
   9.1454300e-02
   9.2531200e-02
   9.4010400e-02
   9.7342300e-02
   1.0166000e-01
   1.0569500e-01
   1.1085700e-01
   1.1802000e-01
   1.2658200e-01
   1.3515600e-01
   1.4047500e-01
   1.4027500e-01
   1.3527800e-01
   1.2762500e-01
   1.1780800e-01
   1.0564700e-01
   9.2614000e-02
   8.0182000e-02
   6.9825800e-02
   6.3513700e-02
   6.1752400e-02
   6.2456800e-02
   6.2743600e-02
   6.2334900e-02
   6.2656300e-02
   6.4660400e-02
   6.7927200e-02
   7.1286000e-02
   7.4122300e-02
   7.6892500e-02
   8.2065100e-02
   8.9943000e-02
   9.5987000e-02
   9.6136700e-02
   9.0854400e-02
   8.2343000e-02
   7.4369200e-02
   7.0089100e-02
   6.8496900e-02
   6.7858500e-02
   6.6042700e-02
   6.1567200e-02
   5.4762300e-02
   4.6642600e-02
   3.8963600e-02
   3.3091900e-02
   2.9266100e-02
   2.7866100e-02
   2.9425900e-02
   3.1461800e-02
   2.9001600e-02
   1.9804500e-02
   7.8774500e-03
  -2.0471800e-03
  -1.0642000e-02
  -1.9879200e-02
  -3.0013000e-02
  -4.1495400e-02
  -5.4218200e-02
  -6.7194700e-02
  -8.0669200e-02
  -9.4999000e-02
  -1.0859500e-01
  -1.2037200e-01
  -1.3189300e-01
  -1.4591800e-01
  -1.6195700e-01
  -1.7617800e-01
  -1.8507100e-01
  -1.8622100e-01
  -1.7975000e-01
  -1.6944800e-01
  -1.5959100e-01
  -1.5041200e-01
  -1.3971400e-01
  -1.2575100e-01
  -1.0938100e-01
  -9.4013400e-02
  -8.2648200e-02
  -7.6715900e-02
  -7.5488600e-02
  -7.6698100e-02
  -7.7342500e-02
  -7.6042100e-02
  -7.4312100e-02
  -7.5304500e-02
  -8.2078500e-02
  -9.3632000e-02
  -1.0665100e-01
  -1.1871100e-01
  -1.2826000e-01
  -1.3670400e-01
  -1.4570300e-01
  -1.5558200e-01
  -1.6462400e-01
  -1.6956500e-01
  -1.7108400e-01
  -1.7169300e-01
  -1.7269000e-01
  -1.7434600e-01
  -1.7629600e-01
  -1.7831600e-01
  -1.7853300e-01
  -1.7492600e-01
  -1.6780000e-01
  -1.5892000e-01
  -1.4991400e-01
  -1.4172800e-01
  -1.3374700e-01
  -1.2411700e-01
  -1.1235000e-01
  -9.9610000e-02
  -8.8305000e-02
  -8.1230200e-02
  -7.9884800e-02
  -8.2563900e-02
  -8.5738500e-02
  -8.8191400e-02
  -9.0392800e-02
  -9.2034100e-02
  -9.1769400e-02
  -8.7306800e-02
  -7.7537200e-02
  -6.4616000e-02
  -5.1341100e-02
  -3.8856900e-02
  -2.7545300e-02
  -1.9045700e-02
  -1.6412300e-02
  -1.8911400e-02
  -2.0931800e-02
  -1.9704700e-02
  -1.5292200e-02
  -8.0151000e-03
  -8.0352700e-04
   3.4686600e-03
   4.0826900e-03
   2.8896300e-03
   2.7743000e-03
   3.7163200e-03
   4.2580700e-03
   4.3142600e-03
   4.2007200e-03
   3.1230600e-03
   8.5573300e-04
  -1.3282100e-03
  -2.8134800e-03
  -3.3720200e-03
  -3.1441300e-03
  -2.0567400e-03
   6.2195900e-04
   5.1068400e-03
   1.1379800e-02
   1.7299700e-02
   2.0206000e-02
   2.0566500e-02
   2.0075200e-02
   2.0097000e-02
   2.1731900e-02
   2.4559000e-02
   2.8308500e-02
   3.1935700e-02
   3.2812800e-02
   3.2046700e-02
   3.1456100e-02
   3.1630600e-02
   3.4243800e-02
   3.9555500e-02
   4.7315800e-02
   5.6550300e-02
   6.4423100e-02
   6.9544600e-02
   7.2706700e-02
   7.4672000e-02
   7.4490600e-02
   7.0048600e-02
   6.2639800e-02
   5.6337400e-02
   5.3234300e-02
   5.3066700e-02
   5.4763500e-02
   5.7369800e-02
   6.0110900e-02
   6.2719700e-02
   6.6309900e-02
   7.2598000e-02
   8.1056900e-02
   8.9911600e-02
   9.9046900e-02
   1.0895200e-01
   1.1813500e-01
   1.2444000e-01
   1.2832600e-01
   1.3077100e-01
   1.3165200e-01
   1.2966800e-01
   1.2487400e-01
   1.2094800e-01
   1.1847700e-01
   1.1624900e-01
   1.1661900e-01
   1.1934700e-01
   1.2129000e-01
   1.2221200e-01
   1.2214600e-01
   1.1939400e-01
   1.1275200e-01
   1.0267300e-01
   9.1489800e-02
   8.2224400e-02
   7.6025700e-02
   7.2717700e-02
   7.2919100e-02
   7.5820300e-02
   8.0275400e-02
   8.7605600e-02
   9.7446300e-02
   1.0771400e-01
   1.1672300e-01
   1.2157600e-01
   1.2191400e-01
   1.2096500e-01
   1.2145400e-01
   1.2327100e-01
   1.2358600e-01
   1.1951300e-01
   1.1114300e-01
   1.0136700e-01
   9.3243300e-02
   8.8272900e-02
   8.6274300e-02
   8.7524000e-02
   9.2586700e-02
   9.9479800e-02
   1.0504900e-01
   1.0935100e-01
   1.1332200e-01
   1.1652800e-01
   1.1950900e-01
   1.2302400e-01
   1.2761700e-01
   1.3224100e-01
   1.3462500e-01
   1.3439800e-01
   1.3154800e-01
   1.2438600e-01
   1.1221900e-01
   9.7301600e-02
   8.1884300e-02
   6.6132400e-02
   4.9818300e-02
   3.5320600e-02
   2.4692700e-02
   1.6825900e-02
   1.1688100e-02
   1.0252600e-02
   1.1246000e-02
   1.2465800e-02
   1.3882500e-02
   1.6159900e-02
   1.8966400e-02
   2.1888200e-02
   2.4799100e-02
   2.7617200e-02
   2.9029500e-02
   2.6526100e-02
   1.8866600e-02
   8.1838600e-03
  -2.6116500e-03
  -1.2109800e-02
  -1.9720300e-02
  -2.4044600e-02
  -2.2898000e-02
  -1.7343100e-02
  -9.2423000e-03
   2.6466200e-04
   9.1738600e-03
   1.6771000e-02
   2.1166700e-02
   2.0128000e-02
   1.4701900e-02
   7.4619600e-03
   9.0976700e-04
  -4.6795500e-03
  -1.0621900e-02
  -1.6413600e-02
  -2.2075700e-02
  -2.8353200e-02
  -3.4927100e-02
  -4.2013300e-02
  -5.0738000e-02
  -6.0878500e-02
  -7.0484100e-02
  -7.7461700e-02
  -8.0028100e-02
  -7.8124600e-02
  -7.3539800e-02
  -6.9047100e-02
  -6.6054800e-02
  -6.3015200e-02
  -5.8119900e-02
  -5.2959700e-02
  -4.9595200e-02
  -4.6843400e-02
  -4.5884700e-02
  -4.9991100e-02
  -5.9805200e-02
  -7.3125400e-02
  -8.6979500e-02
  -1.0099600e-01
  -1.1546700e-01
  -1.3010300e-01
  -1.4558100e-01
  -1.6196600e-01
  -1.7716900e-01
  -1.8811100e-01
  -1.9310200e-01
  -1.9445900e-01
  -1.9589000e-01
  -1.9747400e-01
  -1.9797400e-01
  -1.9564300e-01
  -1.9013900e-01
  -1.8383000e-01
  -1.7714700e-01
  -1.6872000e-01
  -1.5437100e-01
  -1.3171300e-01
  -1.0484800e-01
  -7.7812000e-02
  -5.3962900e-02
  -3.5952600e-02
  -2.2710400e-02
  -1.3475900e-02
  -9.6470000e-03
  -1.2804000e-02
  -1.8795200e-02
  -2.1554500e-02
  -2.0956900e-02
  -1.7951700e-02
  -1.5269600e-02
  -1.4758500e-02
  -1.5670400e-02
  -1.8702800e-02
  -2.4487900e-02
  -3.2354400e-02
  -4.1058100e-02
  -5.1063200e-02
  -6.1211600e-02
  -6.9516400e-02
  -7.4797100e-02
  -7.6068700e-02
  -7.5487100e-02
  -7.3932300e-02
  -7.1474600e-02
  -6.9704500e-02
  -6.7607500e-02
  -6.3635700e-02
  -5.8751000e-02
  -5.5072000e-02
  -5.4986900e-02
  -5.8440000e-02
  -6.1499000e-02
  -6.1581700e-02
  -5.8676300e-02
  -5.4908200e-02
  -5.3812400e-02
  -5.5603400e-02
  -5.9548400e-02
  -6.4545800e-02
  -6.8478400e-02
  -7.0820200e-02
  -6.9458000e-02
  -6.0527200e-02
  -4.3703200e-02
  -2.3310300e-02
  -4.3021800e-03
   9.3232200e-03
   1.4469900e-02
   1.3320000e-02
   1.1347400e-02
   1.1970600e-02
   1.6456700e-02
   2.4704300e-02
   3.5903900e-02
   4.7550400e-02
   5.6769800e-02
   6.2982600e-02
   6.6856100e-02
   6.9613400e-02
   7.1935200e-02
   7.4333900e-02
   7.6139400e-02
   7.4835100e-02
   6.8437500e-02
   5.4687600e-02
   3.3980900e-02
   9.5092600e-03
  -1.4102300e-02
  -3.4575100e-02
  -5.0799700e-02
  -6.0871500e-02
  -6.6759200e-02
  -6.8707500e-02
  -6.5639900e-02
  -5.7864400e-02
  -4.4922200e-02
  -2.6911900e-02
  -6.9384000e-03
   1.0457800e-02
   2.4490200e-02
   3.4818100e-02
   4.2004100e-02
   4.9162600e-02
   5.7170900e-02
   6.3445500e-02
   6.2697800e-02
   5.2613300e-02
   3.7021700e-02
   2.0166100e-02
   3.6892500e-03
  -9.9650900e-03
  -1.8882100e-02
  -2.4598600e-02
  -2.9499600e-02
  -3.5013600e-02
  -4.1212100e-02
  -4.5957000e-02
  -4.7044500e-02
  -4.3794600e-02
  -3.5632700e-02
  -2.2209500e-02
  -4.7328200e-03
   1.3077900e-02
   2.8700500e-02
   4.2205200e-02
   5.3367100e-02
   6.2109600e-02
   6.9039300e-02
   7.4913500e-02
   7.7898800e-02
   7.5703800e-02
   6.9024100e-02
   6.0255900e-02
   5.2002300e-02
   4.4601000e-02
   3.8755700e-02
   3.5718300e-02
   3.4979700e-02
   3.4871400e-02
   3.6254500e-02
   4.1343400e-02
   4.7938800e-02
   5.5533700e-02
   6.5989100e-02
   7.9075500e-02
   9.2076000e-02
   1.0257200e-01
   1.1089200e-01
   1.1590300e-01
   1.1435900e-01
   1.0654600e-01
   9.8791400e-02
   9.4554000e-02
   9.3631300e-02
   9.4367900e-02
   9.4428300e-02
   9.4428600e-02
   9.3007600e-02
   9.1250100e-02
   9.3283300e-02
   9.9442600e-02
   1.0864400e-01
   1.1828000e-01
   1.2704900e-01
   1.3565000e-01
   1.4398600e-01
   1.5155800e-01
   1.5559100e-01
   1.5519500e-01
   1.5245500e-01
   1.4772300e-01
   1.3806800e-01
   1.1815900e-01
   8.6152200e-02
   4.5391900e-02
  -1.3275500e-03
  -4.9424300e-02
  -8.9170400e-02
  -1.1441000e-01
  -1.2961100e-01
  -1.4167500e-01
  -1.5267800e-01
  -1.6105400e-01
  -1.6358800e-01
  -1.6142100e-01
  -1.5838300e-01
  -1.5501200e-01
  -1.4941200e-01
  -1.3982500e-01
  -1.2641900e-01
  -1.1227200e-01
  -1.0168500e-01
  -9.9562600e-02
  -1.0671600e-01
  -1.1770800e-01
  -1.2685300e-01
  -1.3245600e-01
  -1.3816300e-01
  -1.4748200e-01
  -1.5999600e-01
  -1.7234700e-01
  -1.7985300e-01
  -1.7998400e-01
  -1.7340100e-01
  -1.6296500e-01
  -1.5001700e-01
  -1.3528400e-01
  -1.1892900e-01
  -9.8285200e-02
  -7.1284400e-02
  -3.8956300e-02
  -8.5600500e-03
   1.4031500e-02
   2.9328700e-02
   3.6101300e-02
   3.5926800e-02
   3.6415000e-02
   4.0803200e-02
   4.9558400e-02
   6.0961100e-02
   7.1257700e-02
   7.9665100e-02
   8.7258600e-02
   9.4555600e-02
   1.0091300e-01
   1.0588600e-01
   1.0911900e-01
   1.1151200e-01
   1.1253600e-01
   1.0985300e-01
   1.0210300e-01
   8.9529500e-02
   7.2399700e-02
   4.8022500e-02
   1.4103800e-02
  -2.6830500e-02
  -6.4528200e-02
  -8.5175400e-02
  -8.6725500e-02
  -7.5562100e-02
  -5.7363600e-02
  -3.9214200e-02
  -2.2999900e-02
  -7.9781000e-03
   3.2825800e-03
   1.2880800e-02
   2.1472400e-02
   2.5404200e-02
   2.6582600e-02
   2.6871500e-02
   2.5097300e-02
   2.0977500e-02
   1.2482100e-02
  -1.3229600e-03
  -1.7443900e-02
  -3.5753700e-02
  -5.4380000e-02
  -7.1756100e-02
  -8.9274100e-02
  -1.0411700e-01
  -1.1592100e-01
  -1.2505400e-01
  -1.3108300e-01
  -1.3469000e-01
  -1.3444800e-01
  -1.2939600e-01
  -1.2004300e-01
  -1.0798600e-01
  -9.5225000e-02
  -8.4068000e-02
  -7.6277400e-02
  -7.1673700e-02
  -7.1100200e-02
  -7.5641800e-02
  -8.2602900e-02
  -9.0496200e-02
  -1.0005200e-01
  -1.1027500e-01
  -1.2008700e-01
  -1.2912700e-01
  -1.3710100e-01
  -1.4391700e-01
  -1.4959500e-01
  -1.5352000e-01
  -1.5531100e-01
  -1.5519800e-01
  -1.5459800e-01
  -1.5397500e-01
  -1.5199800e-01
  -1.4884300e-01
  -1.4456900e-01
  -1.3925400e-01
  -1.3424200e-01
  -1.2934700e-01
  -1.2333400e-01
  -1.1511900e-01
  -1.0667600e-01
  -9.9767800e-02
  -9.3722600e-02
  -9.0907300e-02
  -9.0690400e-02
  -9.2391900e-02
  -9.5907900e-02
  -9.8573400e-02
  -1.0061800e-01
  -1.0192500e-01
  -1.0339500e-01
  -1.0455100e-01
  -1.0359700e-01
  -1.0075600e-01
  -9.6413200e-02
  -9.2111300e-02
  -8.8663600e-02
  -8.7207900e-02
  -8.7025400e-02
  -8.5420400e-02
  -8.1132700e-02
  -7.2137000e-02
  -6.0502100e-02
  -5.1757300e-02
  -4.6161400e-02
  -4.1047600e-02
  -3.7580700e-02
  -3.4934200e-02
  -2.9240500e-02
  -2.2901700e-02
  -1.8549700e-02
  -1.0962400e-02
   2.5247600e-03
   1.2544700e-02
   1.2318200e-02
   7.3083500e-03
   7.3009800e-03
   1.2128400e-02
   1.4255100e-02
   1.0881900e-02
   1.0431200e-03
  -1.0195400e-02
  -1.9190500e-02
  -2.7516600e-02
  -3.2528000e-02
  -3.3856600e-02
  -3.2575800e-02
  -2.7707600e-02
  -2.1030000e-02
  -1.2740800e-02
  -3.6214300e-03
   2.4944100e-03
   6.3898400e-03
   9.3859000e-03
   1.0617300e-02
   1.2736300e-02
   1.5906400e-02
   2.0073300e-02
   2.6424300e-02
   3.0099000e-02
   3.0652600e-02
   3.0415900e-02
   2.8781600e-02
   2.7329000e-02
   2.6964800e-02
   2.8584800e-02
   3.1453000e-02
   3.2809200e-02
   3.4189900e-02
   3.6783900e-02
   3.9313900e-02
   4.1354000e-02
   4.1129200e-02
   3.7566200e-02
   3.0701300e-02
   1.8347500e-02
   2.5537900e-03
  -1.0959900e-02
  -2.0344600e-02
  -2.3193300e-02
  -2.0170000e-02
  -1.6668600e-02
  -1.5045100e-02
  -1.4940100e-02
  -1.4135900e-02
  -1.1986400e-02
  -9.2707600e-03
  -4.2152400e-03
   2.6005100e-03
   9.8224000e-03
   1.7072500e-02
   2.1875500e-02
   2.4059000e-02
   2.4726800e-02
   2.3775400e-02
   2.0956200e-02
   1.7942200e-02
   1.7430400e-02
   1.8065800e-02
   1.8027400e-02
   1.8722800e-02
   2.0500600e-02
   2.3927200e-02
   2.8696800e-02
   3.2362700e-02
   3.3476000e-02
   3.3109100e-02
   3.3508700e-02
   3.4792400e-02
   3.7581900e-02
   4.1853300e-02
   4.8459600e-02
   5.6542800e-02
   6.3768900e-02
   7.0183300e-02
   7.3925300e-02
   7.5412900e-02
   7.4974000e-02
   7.1508300e-02
   6.7366100e-02
   6.3280900e-02
   5.6669800e-02
   4.7255200e-02
   3.7326800e-02
   2.7209000e-02
   1.6390600e-02
   5.6923800e-03
  -5.2620700e-03
  -1.6787000e-02
  -2.8536600e-02
  -4.0370400e-02
  -4.9672600e-02
  -5.3698600e-02
  -5.2458400e-02
  -4.8404000e-02
  -4.5196300e-02
  -4.4033600e-02
  -4.4506900e-02
  -4.5219100e-02
  -4.4605700e-02
  -4.5706200e-02
  -4.6921500e-02
  -4.4560700e-02
  -4.0483600e-02
  -3.4477000e-02
  -2.6017900e-02
  -1.5217200e-02
  -4.0595200e-03
   3.9497000e-03
   8.3448100e-03
   1.0064300e-02
   8.4312600e-03
   6.5685400e-03
   6.7915000e-03
   6.2938100e-03
   6.1444300e-03
   6.9665200e-03
   9.4075900e-03
   1.3263800e-02
   1.4806800e-02
   1.5796800e-02
   1.5401000e-02
   1.0863200e-02
   4.7966500e-03
  -2.4888500e-03
  -8.8158500e-03
  -1.0879900e-02
  -1.0662100e-02
  -1.0112100e-02
  -7.7645300e-03
  -2.9062200e-03
   5.1059500e-03
   1.5317000e-02
   2.3782400e-02
   2.9569300e-02
   3.5142800e-02
   4.1112900e-02
   4.5855500e-02
   4.9733400e-02
   5.3415400e-02
   5.6135500e-02
   5.7395900e-02
   5.9533500e-02
   6.3131600e-02
   6.7009100e-02
   7.0804400e-02
   7.2935200e-02
   7.4903200e-02
   7.7287900e-02
   7.8036100e-02
   7.8020200e-02
   7.8646800e-02
   8.0617800e-02
   8.3582400e-02
   8.5788800e-02
   8.7449200e-02
   8.8221100e-02
   8.8906800e-02
   9.0863200e-02
   9.2264500e-02
   9.1780600e-02
   9.0970300e-02
   9.1187100e-02
   9.0267900e-02
   8.8977900e-02
   8.9365000e-02
   8.9496000e-02
   8.9645100e-02
   8.9815700e-02
   8.9457400e-02
   9.0733400e-02
   9.2659200e-02
   9.4266400e-02
   9.5585900e-02
   9.6475800e-02
   9.5365300e-02
   9.0779200e-02
   8.3855500e-02
   7.7166800e-02
   7.2226200e-02
   6.7520900e-02
   6.3275800e-02
   5.9215800e-02
   5.5824000e-02
   5.4699000e-02
   5.4977900e-02
   5.6239500e-02
   5.7140900e-02
   5.6524600e-02
   5.5302200e-02
   5.2885600e-02
   5.0135600e-02
   4.7905600e-02
   4.6088900e-02
   4.4384100e-02
   4.0489800e-02
   3.5215500e-02
   3.0658400e-02
   2.7792000e-02
   2.8114500e-02
   2.9800300e-02
   3.1781900e-02
   3.3994300e-02
   3.3779300e-02
   3.0849900e-02
   2.6950200e-02
   2.3868200e-02
   2.0222100e-02
   1.6095400e-02
   1.4078100e-02
   1.3488400e-02
   1.2894000e-02
   1.2039300e-02
   1.1347700e-02
   9.0987700e-03
   5.3794900e-03
   3.6018000e-03
   3.6568600e-03
   3.3476500e-03
   1.4743700e-03
  -6.0361300e-04
  -1.6157400e-03
  -2.6246300e-03
  -1.9228100e-03
   5.6882700e-04
   2.2336100e-03
   3.8173800e-03
   5.1203100e-03
   3.0280200e-03
  -1.3123600e-03
  -6.5217200e-03
  -1.2437200e-02
  -1.6164900e-02
  -1.7444900e-02
  -1.8178100e-02
  -2.0639000e-02
  -2.2618100e-02
  -2.2289200e-02
  -2.2893300e-02
  -2.5452000e-02
  -3.0357800e-02
  -3.6947900e-02
  -4.2454300e-02
  -4.4696700e-02
  -4.3679800e-02
  -4.0823100e-02
  -3.6758700e-02
  -3.2372400e-02
  -2.9199800e-02
  -2.6857200e-02
  -2.3651800e-02
  -1.8790300e-02
  -1.2350100e-02
  -6.4643200e-03
  -3.5055200e-03
  -3.2471200e-03
  -3.8498400e-03
  -3.8147600e-03
  -3.0300700e-03
  -2.8936700e-03
  -5.2395300e-03
  -8.0020800e-03
  -7.3672400e-03
  -3.4554400e-03
  -1.2268100e-03
  -4.8942600e-03
  -1.2184300e-02
  -1.9517000e-02
  -2.5314500e-02
  -2.9201200e-02
  -3.2039900e-02
  -3.4649000e-02
  -3.5963900e-02
  -3.5598500e-02
  -3.4316600e-02
  -3.3019400e-02
  -3.1766700e-02
  -2.8131100e-02
  -2.0830600e-02
  -9.9128900e-03
   1.4474000e-03
   8.6488200e-03
   1.1231200e-02
   1.0103700e-02
   8.4268200e-03
   8.5261300e-03
   9.2925300e-03
   1.1677000e-02
   1.3935800e-02
   1.5584100e-02
   1.7801200e-02
   2.0455400e-02
   2.5420000e-02
   3.0744200e-02
   3.4230600e-02
   3.6259400e-02
   3.7147800e-02
   3.7724600e-02
   3.8321100e-02
   3.8955400e-02
   3.8973200e-02
   4.1051700e-02
   4.6354200e-02
   5.0536600e-02
   5.3775200e-02
   5.5949000e-02
   5.5371600e-02
   5.2323400e-02
   4.6998400e-02
   4.1131300e-02
   3.5116600e-02
   2.9809200e-02
   2.6143700e-02
   2.4207200e-02
   2.5496900e-02
   2.9866200e-02
   3.6185100e-02
   4.2387400e-02
   4.4638100e-02
   4.0752500e-02
   3.3896400e-02
   2.9839900e-02
   2.9639200e-02
   3.0687500e-02
   3.2242900e-02
   3.3238000e-02
   3.2859100e-02
   3.0976600e-02
   2.7633500e-02
   2.3109800e-02
   1.7961700e-02
   1.4922400e-02
   1.2725600e-02
   1.0065400e-02
   7.4487500e-03
   3.8720500e-03
   6.7906500e-04
  -5.7985300e-04
   7.5195900e-04
   2.5455400e-03
   3.7531700e-03
   6.2283400e-03
   1.0118800e-02
   1.5231700e-02
   2.1480700e-02
   2.6245300e-02
   2.7929200e-02
   2.8154200e-02
   2.7315100e-02
   2.6921700e-02
   2.7391500e-02
   2.8383900e-02
   2.9949800e-02
   3.1729400e-02
   3.2957600e-02
   3.1622000e-02
   2.9335800e-02
   2.9419700e-02
   3.1778500e-02
   3.4765100e-02
   3.7892500e-02
   3.9680400e-02
   3.8533000e-02
   3.2690900e-02
   2.2722900e-02
   1.2166200e-02
   2.1849400e-03
  -6.2036300e-03
  -1.2782100e-02
  -1.7827200e-02
  -2.0989200e-02
  -2.2229700e-02
  -2.2211200e-02
  -2.2602200e-02
  -2.3036900e-02
  -2.3174400e-02
  -2.3509000e-02
  -2.3497600e-02
  -2.3050300e-02
  -2.2352500e-02
  -2.0864600e-02
  -1.8026700e-02
  -1.4011200e-02
  -1.1490700e-02
  -1.0760700e-02
  -9.7273700e-03
  -9.1880900e-03
  -9.8126800e-03
  -1.1602300e-02
  -1.3823400e-02
  -1.5923700e-02
  -1.8395800e-02
  -2.0977000e-02
  -2.2561800e-02
  -2.3246500e-02
  -2.3623600e-02
  -2.3094700e-02
  -2.1198900e-02
  -1.9887200e-02
  -2.0352800e-02
  -2.0451100e-02
  -2.1076800e-02
  -2.2387100e-02
  -2.3041100e-02
  -2.3327500e-02
  -2.3054100e-02
  -2.2703600e-02
  -2.1673000e-02
  -2.1005300e-02
  -2.2826100e-02
  -2.7094600e-02
  -3.1071900e-02
  -3.3405200e-02
  -3.5231800e-02
  -3.6594800e-02
  -3.6967100e-02
  -3.4785700e-02
  -2.8429100e-02
  -1.7647000e-02
  -5.9904200e-03
   3.9258600e-03
   1.0030600e-02
   9.2126900e-03
   2.7572200e-03
  -6.4067500e-03
  -1.4177200e-02
  -1.9290300e-02
  -2.4103200e-02
  -2.8257000e-02
  -3.0972900e-02
  -3.2956200e-02
  -3.4692900e-02
  -3.6369200e-02
  -3.7302200e-02
  -3.7644500e-02
  -3.9368500e-02
  -4.3609700e-02
  -4.8539500e-02
  -5.2427900e-02
  -5.6064400e-02
  -5.9857800e-02
  -6.3443800e-02
  -6.4966300e-02
  -6.4753500e-02
  -6.4866400e-02
  -6.3879600e-02
  -6.0746400e-02
  -5.5415900e-02
  -4.8060000e-02
  -4.1401800e-02
  -3.6843100e-02
  -3.4284700e-02
  -3.3983700e-02
  -3.3458900e-02
  -3.1798600e-02
  -2.9948400e-02
  -2.6158000e-02
  -2.0379400e-02
  -1.3041900e-02
  -2.8627600e-03
   8.9790800e-03
   2.0429100e-02
   2.9910600e-02
   3.6035900e-02
   3.9449300e-02
   4.0760600e-02
   4.0064100e-02
   3.9137900e-02
   3.8439000e-02
   3.7155800e-02
   3.3980900e-02
   2.7952300e-02
   2.1999500e-02
   1.9036300e-02
   1.8852900e-02
   1.9914700e-02
   2.0857400e-02
   2.0283600e-02
   1.7891300e-02
   1.4707800e-02
   1.0632600e-02
   6.1226200e-03
   2.2461700e-03
  -3.7054700e-04
  -2.0982400e-03
  -3.7627800e-03
  -5.3565800e-03
  -6.3049800e-03
  -5.9066700e-03
  -5.6903700e-03
  -7.0573500e-03
  -9.8773700e-03
  -1.3262300e-02
  -1.6159100e-02
  -1.8682600e-02
  -2.1298200e-02
  -2.3487700e-02
  -2.3623900e-02
  -2.2264200e-02
  -1.9739600e-02
  -1.5362600e-02
  -1.0047900e-02
  -4.4310400e-03
   8.3229800e-04
   6.8523500e-03
   1.4589200e-02
   2.1672600e-02
   2.7898700e-02
   3.3404300e-02
   3.5442500e-02
   3.4742300e-02
   3.2692900e-02
   2.8884300e-02
   2.4094600e-02
   1.6606300e-02
   7.7654600e-03
   1.4975600e-03
  -3.8241200e-03
  -7.1618500e-03
  -6.3295900e-03
  -3.5182000e-03
  -1.0276800e-04
   2.1110400e-03
   2.3565000e-03
  -1.1167500e-04
  -5.9753600e-03
  -1.2231400e-02
  -1.7089100e-02
  -2.1574300e-02
  -2.6130400e-02
  -3.0385700e-02
  -3.4050100e-02
  -3.7141300e-02
  -4.0294900e-02
  -4.2648500e-02
  -4.3636400e-02
  -4.4585000e-02
  -4.5485900e-02
  -4.5711400e-02
  -4.6878200e-02
  -4.8576700e-02
  -4.8562200e-02
  -4.7952200e-02
  -4.7850600e-02
  -4.8121500e-02
  -4.8433700e-02
  -4.8465000e-02
  -4.8457800e-02
  -4.8278500e-02
  -4.8365600e-02
  -4.7896900e-02
  -4.5336700e-02
  -4.1416400e-02
  -3.6276300e-02
  -2.8927200e-02
  -2.0595100e-02
  -1.4222400e-02
  -1.0115800e-02
  -6.4509500e-03
  -3.8814700e-03
  -3.5912300e-03
  -3.6828200e-03
  -3.6363000e-03
  -3.4197000e-03
  -3.5450500e-03
  -5.5571700e-03
  -6.8989600e-03
  -6.0628900e-03
  -5.1417500e-03
  -5.5180100e-03
  -6.1377900e-03
  -6.3303300e-03
  -6.2496000e-03
  -5.7818600e-03
  -5.8366500e-03
  -4.8899000e-03
  -3.0647000e-03
  -3.7203600e-03
  -6.9857900e-03
  -1.0789300e-02
  -1.3637600e-02
  -1.5537400e-02
  -1.7684500e-02
  -2.1138900e-02
  -2.4273500e-02
  -2.5668200e-02
  -2.4564000e-02
  -1.9246200e-02
  -1.1220300e-02
  -2.3435000e-03
   6.0613500e-03
   1.2166000e-02
   1.6393400e-02
   1.9457600e-02
   2.1231300e-02
   2.2388000e-02
   2.1043200e-02
   1.7600900e-02
   1.5595200e-02
   1.3659200e-02
   1.1691100e-02
   1.1172200e-02
   1.1705800e-02
   1.1804500e-02
   9.9707700e-03
   7.2103600e-03
   4.6079900e-03
   2.6085500e-03
   2.6377600e-03
   4.0079400e-03
   7.5156600e-03
   1.5567000e-02
   2.5017700e-02
   3.3192300e-02
   4.1098300e-02
   4.7896400e-02
   5.2231900e-02
   5.6241800e-02
   6.0340900e-02
   6.2300700e-02
   6.3536400e-02
   6.4607300e-02
   6.4462900e-02
   6.3819900e-02
   6.2166100e-02
   5.9387700e-02
   5.6100200e-02
   5.2159600e-02
   4.8406500e-02
   4.4087200e-02
   3.8654800e-02
   3.3346600e-02
   2.7770300e-02
   2.1677000e-02
   1.4456900e-02
   6.1273200e-03
  -2.5776900e-03
  -1.1749600e-02
  -2.1495400e-02
  -3.0610100e-02
  -3.8380700e-02
  -4.3463200e-02
  -4.4853900e-02
  -4.4226600e-02
  -4.0699900e-02
  -3.4220800e-02
  -2.6554400e-02
  -1.9033200e-02
  -1.3309400e-02
  -9.5375100e-03
  -7.0277700e-03
  -5.7100200e-03
  -3.6919700e-03
  -1.6110500e-03
  -1.9848000e-03
  -4.5528400e-03
  -9.0517600e-03
  -1.3748300e-02
  -1.8440200e-02
  -2.4049200e-02
  -2.9862700e-02
  -3.5359100e-02
  -4.0259500e-02
  -4.3282900e-02
  -4.5022200e-02
  -4.6583800e-02
  -4.6498300e-02
  -4.3871900e-02
  -3.9262300e-02
  -3.1898200e-02
  -2.0104600e-02
  -5.2332800e-03
   1.0509400e-02
   2.5884700e-02
   3.9921000e-02
   4.9772900e-02
   5.3848100e-02
   5.3784100e-02
   5.1729100e-02
   4.9744000e-02
   4.7574500e-02
   4.3945700e-02
   3.7647600e-02
   2.8670400e-02
   1.9328200e-02
   1.0068600e-02
  -2.3127000e-04
  -1.1606500e-02
  -2.1767500e-02
  -2.8355200e-02
  -3.1245200e-02
  -3.0929800e-02
  -2.8810200e-02
  -2.5177400e-02
  -2.1325200e-02
  -1.7457200e-02
  -1.2825800e-02
  -8.3444000e-03
  -3.8274900e-03
  -6.3623500e-05
   5.0882000e-03
   1.1565900e-02
   1.6726100e-02
   2.2614600e-02
   2.7961600e-02
   2.9744700e-02
   3.0248100e-02
   3.0612100e-02
   2.8869800e-02
   2.7475300e-02
   2.7560100e-02
   2.7792800e-02
   2.9505000e-02
   3.1249900e-02
   3.1619800e-02
   3.2756200e-02
   3.5420900e-02
   3.7443500e-02
   3.8864000e-02
   4.0960500e-02
   4.3982800e-02
   4.7436700e-02
   5.0024200e-02
   5.2526900e-02
   5.5137100e-02
   5.8284700e-02
   6.1836300e-02
   6.3571500e-02
   6.4734900e-02
   6.6303300e-02
   6.7008600e-02
   6.7932100e-02
   6.8487900e-02
   6.6780100e-02
   6.4643000e-02
   6.2518400e-02
   5.8011900e-02
   5.2580900e-02
   4.7055900e-02
   3.9965700e-02
   3.2101000e-02
   2.2662000e-02
   1.3437400e-02
   7.1201200e-03
   3.0722100e-03
   1.2985700e-03
   2.2005200e-03
   4.9360300e-03
   7.5613500e-03
   9.9592900e-03
   1.3547100e-02
   1.8101600e-02
   2.1367400e-02
   2.3655700e-02
   2.4845000e-02
   2.6055900e-02
   2.9090500e-02
   3.0414300e-02
   3.1166100e-02
   3.2804100e-02
   3.2718900e-02
   3.1648900e-02
   2.9347100e-02
   2.6355100e-02
   2.2845000e-02
   1.8236000e-02
   1.5517800e-02
   1.3238100e-02
   1.0303900e-02
   7.5872200e-03
   3.3486700e-03
   2.5728500e-04
  -7.2131800e-04
  -1.3149300e-03
   1.4999700e-03
   6.5557000e-03
   1.1459100e-02
   1.7477700e-02
   2.2822600e-02
   2.7621300e-02
   3.1253300e-02
   3.2290000e-02
   3.0768000e-02
   2.6463000e-02
   2.2239900e-02
   1.8875700e-02
   1.4948000e-02
   1.1231100e-02
   9.5795600e-03
   9.8575000e-03
   1.0835000e-02
   1.2677700e-02
   1.4311800e-02
   1.6182900e-02
   1.8878200e-02
   2.1444300e-02
   2.4781800e-02
   2.7404500e-02
   2.8594500e-02
   2.9755100e-02
   3.1162800e-02
   3.2954300e-02
   3.3829200e-02
   3.2773400e-02
   3.1427700e-02
   3.0725900e-02
   3.0185000e-02
   2.9778800e-02
   2.9094500e-02
   2.8440900e-02
   2.8671000e-02
   3.0402400e-02
   3.1158700e-02
   2.9662800e-02
   2.9357600e-02
   2.9015500e-02
   2.7078800e-02
   2.5985900e-02
   2.5854100e-02
   2.4787400e-02
   2.3320000e-02
   2.2420900e-02
   2.0473500e-02
   1.5632600e-02
   8.5609900e-03
   1.6506600e-03
  -4.1978100e-03
  -7.5588800e-03
  -9.1075000e-03
  -9.1458200e-03
  -7.1787700e-03
  -5.7254100e-03
  -5.2923500e-03
  -5.8240500e-03
  -6.2123500e-03
  -4.4315300e-03
  -2.1404600e-03
   3.5287100e-04
   4.9275600e-03
   1.0519200e-02
   1.6320600e-02
   2.3400400e-02
   3.0262900e-02
   3.5585900e-02
   4.1214500e-02
   4.6772600e-02
   5.0325800e-02
   5.2341500e-02
   5.4157300e-02
   5.5763800e-02
   5.7284100e-02
   5.8826800e-02
   5.9581900e-02
   5.9451600e-02
   5.7618200e-02
   5.4730400e-02
   5.2581800e-02
   4.9785000e-02
   4.6209300e-02
   4.2688800e-02
   3.9077500e-02
   3.5308800e-02
   3.0427300e-02
   2.6058000e-02
   2.3494300e-02
   2.1316500e-02
   1.8526100e-02
   1.5423000e-02
   1.2731200e-02
   1.1773700e-02
   1.2535600e-02
   1.2185500e-02
   1.1615200e-02
   1.3196900e-02
   1.5036600e-02
   1.5968100e-02
   1.7489500e-02
   1.9189100e-02
   1.9761900e-02
   2.1272600e-02
   2.4426000e-02
   2.7059600e-02
   2.9503700e-02
   3.1134700e-02
   3.1083400e-02
   3.1058400e-02
   3.1608100e-02
   3.1564500e-02
   3.1940400e-02
   3.3659600e-02
   3.4925900e-02
   3.6216800e-02
   3.8356300e-02
   3.9752000e-02
   3.9419100e-02
   3.9574400e-02
   4.0266700e-02
   3.7618800e-02
   3.2553000e-02
   2.7649000e-02
   2.2415900e-02
   1.7316700e-02
   1.2040100e-02
   6.2571800e-03
   7.1128800e-04
  -5.6436500e-03
  -1.1270100e-02
  -1.4705100e-02
  -1.7910900e-02
  -2.0264300e-02
  -2.2906900e-02
  -2.5965300e-02
  -2.7142900e-02
  -2.8384200e-02
  -2.9704300e-02
  -3.0948700e-02
  -3.4215700e-02
  -3.7653900e-02
  -4.0207300e-02
  -4.3092800e-02
  -4.5272200e-02
  -4.7540100e-02
  -4.8828300e-02
  -4.8450100e-02
  -4.8614200e-02
  -4.7967700e-02
  -4.5810500e-02
  -4.3334200e-02
  -4.2126000e-02
  -4.0848700e-02
  -3.7260900e-02
  -3.2373800e-02
  -2.6809500e-02
  -2.2329300e-02
  -1.8447400e-02
  -1.3884600e-02
  -9.9949000e-03
  -5.5981400e-03
  -1.7106800e-03
   7.3832300e-04
   3.7531000e-03
   5.7237500e-03
   6.2808900e-03
   5.9414200e-03
   5.9614200e-03
   8.0364100e-03
   9.4519200e-03
   1.1549500e-02
   1.4309500e-02
   1.5747000e-02
   1.8347600e-02
   2.1777600e-02
   2.5064800e-02
   2.7169300e-02
   2.8475000e-02
   2.9459700e-02
   2.9095900e-02
   2.9373900e-02
   3.0384400e-02
   3.0647400e-02
   3.1039800e-02
   3.2561100e-02
   3.2685300e-02
   2.9730300e-02
   2.6606500e-02
   2.6381000e-02
   2.7584500e-02
   2.6359300e-02
   2.4510300e-02
   2.5535100e-02
   2.7197000e-02
   2.6936300e-02
   2.6125100e-02
   2.6006000e-02
   2.6388200e-02
   2.5686800e-02
   2.3678700e-02
   2.2964600e-02
   2.3878800e-02
   2.4684300e-02
   2.5872500e-02
   2.7139600e-02
   2.6536300e-02
   2.5205700e-02
   2.3995500e-02
   2.2566400e-02
   2.0485600e-02
   1.7668700e-02
   1.4477100e-02
   9.2626600e-03
   3.5897700e-03
  -1.4423000e-03
  -6.9527100e-03
  -1.1095500e-02
  -1.5227300e-02
  -1.9499500e-02
  -2.2514100e-02
  -2.6195800e-02
  -2.9693200e-02
  -3.2333300e-02
  -3.4081600e-02
  -3.4612200e-02
  -3.4531400e-02
  -3.5043200e-02
  -3.5833600e-02
  -3.5402600e-02
  -3.4733100e-02
  -3.4163900e-02
  -3.4169300e-02
  -3.5308200e-02
  -3.6040100e-02
  -3.5529000e-02
  -3.6041500e-02
  -3.8165300e-02
  -4.0726400e-02
  -4.3003900e-02
  -4.4390200e-02
  -4.5914800e-02
  -4.7023900e-02
  -4.7416100e-02
  -4.7941900e-02
  -4.6913700e-02
  -4.2991600e-02
  -3.7935400e-02
  -3.2807800e-02
  -2.7754400e-02
  -2.3796600e-02
  -2.0411300e-02
  -1.8179200e-02
  -1.8006600e-02
  -1.7978600e-02
  -1.7218400e-02
  -1.6623900e-02
  -1.7352100e-02
  -1.9246200e-02
  -2.1437700e-02
  -2.3624100e-02
  -2.6215700e-02
  -2.8920100e-02
  -3.1379700e-02
  -3.3851800e-02
  -3.4452200e-02
  -3.3866800e-02
  -3.4589700e-02
  -3.5955600e-02
  -3.6031300e-02
  -3.4275400e-02
  -3.2467000e-02
  -3.1421500e-02
  -3.0607600e-02
  -2.9626900e-02
  -2.8502900e-02
  -2.7036400e-02
  -2.5673500e-02
  -2.5379000e-02
  -2.6015600e-02
  -2.7671000e-02
  -2.9128100e-02
  -3.1103800e-02
  -3.4252500e-02
  -3.6880700e-02
  -3.9767900e-02
  -4.2349900e-02
  -4.3468300e-02
  -4.4122400e-02
  -4.4725000e-02
  -4.5606500e-02
  -4.6057900e-02
  -4.5755000e-02
  -4.5199000e-02
  -4.4163900e-02
  -4.3433700e-02
  -4.2807400e-02
  -4.2046700e-02
  -4.0617100e-02
  -3.8825900e-02
  -3.7106500e-02
  -3.5208600e-02
  -3.3312300e-02
  -3.0767900e-02
  -2.7674300e-02
  -2.3020700e-02
  -1.8818200e-02
  -1.5433600e-02
  -1.1857600e-02
  -9.6396600e-03
  -6.8119800e-03
  -3.7252600e-03
  -5.7311000e-04
   3.3821400e-03
   6.2966100e-03
   8.0915700e-03
   9.2808300e-03
   1.1136200e-02
   1.3389100e-02
   1.4359500e-02
   1.5496700e-02
   1.6702700e-02
   1.6912800e-02
   1.6756700e-02
   1.5917000e-02
   1.3975200e-02
   1.1543100e-02
   9.0238600e-03
   6.1123100e-03
   3.4181000e-03
   1.9727000e-03
   9.6066400e-04
   3.0393300e-04
   1.0932300e-03
   1.9292800e-03
   2.5785200e-03
   3.5869700e-03
   2.9819500e-03
  -5.1258400e-05
  -3.5824800e-03
  -7.3911600e-03
  -1.2498600e-02
  -1.8664200e-02
  -2.4790300e-02
  -2.9330400e-02
  -3.3795300e-02
  -3.8565100e-02
  -4.1815700e-02
  -4.3718700e-02
  -4.5187900e-02
  -4.6208900e-02
  -4.7477000e-02
  -4.8856200e-02
  -4.9171700e-02
  -5.0497700e-02
  -5.1241000e-02
  -5.0483400e-02
  -4.9842300e-02
  -4.7691000e-02
  -4.5574300e-02
  -4.5008500e-02
  -4.4402600e-02
  -4.3161500e-02
  -4.2288000e-02
  -4.2352200e-02
  -4.3256300e-02
  -4.3523100e-02
  -4.2420700e-02
  -4.0469400e-02
  -3.7915300e-02
  -3.5089200e-02
  -3.1012100e-02
  -2.5857100e-02
  -2.0656600e-02
  -1.4988800e-02
  -9.1429700e-03
  -4.2303900e-03
   3.7207400e-05
   3.0200800e-03
   4.6730100e-03
   5.9454500e-03
   5.8945600e-03
   4.3548100e-03
   2.4896500e-03
   6.0559100e-04
  -2.6560800e-03
  -7.5419000e-03
  -1.1865100e-02
  -1.4148700e-02
  -1.4941200e-02
  -1.6123700e-02
  -1.8379700e-02
  -1.9583600e-02
  -1.9390000e-02
  -1.9089100e-02
  -1.8495400e-02
  -1.7380700e-02
  -1.5192800e-02
  -1.2875500e-02
  -1.2327700e-02
  -1.2760500e-02
  -1.3080400e-02
  -1.3428700e-02
  -1.3778500e-02
  -1.3928100e-02
  -1.4500800e-02
  -1.5323100e-02
  -1.5410100e-02
  -1.5364500e-02
  -1.5465400e-02
  -1.5285900e-02
  -1.5587200e-02
  -1.5773500e-02
  -1.5088700e-02
  -1.3507000e-02
  -1.0924500e-02
  -9.0099900e-03
  -7.3711000e-03
  -5.2538400e-03
  -3.1904800e-03
  -1.4920400e-03
  -9.7500900e-04
  -1.7855500e-03
  -3.3605400e-03
  -4.1732000e-03
  -3.3010900e-03
  -1.6207400e-03
  -9.2304700e-05
   1.5084900e-03
   4.0210900e-03
   7.6461500e-03
   1.0653700e-02
   1.2139000e-02
   1.4089200e-02
   1.6500800e-02
   1.8434200e-02
   2.0206100e-02
   2.2077200e-02
   2.4648100e-02
   2.6878900e-02
   2.7833100e-02
   2.8320700e-02
   2.8907800e-02
   3.0144400e-02
   3.1039300e-02
   3.0448100e-02
   2.9746900e-02
   2.9884500e-02
   3.0865300e-02
   3.1717900e-02
   3.3157100e-02
   3.5293200e-02
   3.6277900e-02
   3.7425000e-02
   3.8529800e-02
   3.9565400e-02
   4.1567200e-02
   4.3419700e-02
   4.4723200e-02
   4.5378200e-02
   4.6207900e-02
   4.6932700e-02
   4.6084100e-02
   4.3834200e-02
   4.1649000e-02
   3.8795100e-02
   3.3336400e-02
   2.7884700e-02
   2.2778800e-02
   1.6974200e-02
   1.1548500e-02
   7.0015900e-03
   3.8185200e-03
   5.7198400e-04
  -2.2095800e-03
  -3.4561900e-03
  -3.9122500e-03
  -3.5550100e-03
  -2.9561600e-03
  -2.5795700e-03
  -1.5391200e-03
   1.2992000e-03
   4.9654000e-03
   7.4625800e-03
   9.3364600e-03
   1.0584000e-02
   1.1569500e-02
   1.2947100e-02
   1.3835500e-02
   1.5422500e-02
   1.6598100e-02
   1.6209100e-02
   1.5846400e-02
   1.6055200e-02
   1.5988100e-02
   1.4728200e-02
   1.3490600e-02
   1.2526500e-02
   1.1932800e-02
   1.0922700e-02
   8.2709700e-03
   6.6855400e-03
   6.6764000e-03
   7.1350000e-03
   8.1070100e-03
   8.4139000e-03
   8.7332500e-03
   9.5266400e-03
   9.9270200e-03
   1.0539000e-02
   1.0217600e-02
   8.2617100e-03
   6.6205100e-03
   5.2922200e-03
   4.1702600e-03
   3.3409800e-03
   1.9684900e-03
   1.1855000e-03
   4.7212100e-04
  -1.1283900e-03
  -2.3861100e-03
  -3.9235400e-03
  -6.7426300e-03
  -1.0335000e-02
  -1.3550300e-02
  -1.6347600e-02
  -1.8969300e-02
  -2.0531900e-02
  -2.1416000e-02
  -2.2348900e-02
  -2.2234200e-02
  -2.0616700e-02
  -1.9454100e-02
  -1.8743200e-02
  -1.7475500e-02
  -1.5622500e-02
  -1.3005100e-02
  -1.1050800e-02
  -9.8453500e-03
  -8.8646300e-03
  -8.5413800e-03
  -7.9155900e-03
  -6.4238700e-03
  -5.4231500e-03
  -6.2848100e-03
  -8.1137800e-03
  -8.9789700e-03
  -9.2822000e-03
  -9.0386300e-03
  -8.2535700e-03
  -8.7893300e-03
  -8.9786200e-03
  -7.6645700e-03
  -7.2905500e-03
  -7.2926900e-03
  -6.4507000e-03
  -5.5636000e-03
  -5.1193500e-03
  -5.0847600e-03
  -4.2392600e-03
  -2.8174700e-03
  -1.5901100e-03
   6.9227300e-04
   2.7313700e-03
   2.8204800e-03
   1.9920300e-03
   7.8337100e-04
  -7.9041600e-04
  -2.5802500e-03
  -3.9612000e-03
  -4.7461900e-03
  -5.3994100e-03
  -6.1808600e-03
  -7.7519700e-03
  -8.7230000e-03
  -7.9026000e-03
  -7.6881700e-03
  -7.8099200e-03
  -7.1100000e-03
  -7.2077100e-03
  -8.0170000e-03
  -7.5571000e-03
  -6.2292900e-03
  -4.9911500e-03
  -3.8429100e-03
  -3.4081300e-03
  -2.8429000e-03
  -2.2226400e-03
  -2.5526100e-03
  -4.3218500e-03
  -6.1562300e-03
  -6.3539000e-03
  -6.7335500e-03
  -8.4428800e-03
  -9.5392000e-03
  -8.9019100e-03
  -8.4026100e-03
  -8.6380300e-03
  -8.5893900e-03
  -8.8713400e-03
  -8.9466600e-03
  -9.0778400e-03
  -1.2014800e-02
  -1.5426200e-02
  -1.6130200e-02
  -1.7292400e-02
  -1.9976600e-02
  -2.1982700e-02
  -2.3645100e-02
  -2.5826700e-02
  -2.7689900e-02
  -2.9107600e-02
  -3.0592000e-02
  -3.2407800e-02
  -3.4462700e-02
  -3.5783500e-02
  -3.6326500e-02
  -3.7707700e-02
  -4.0955800e-02
  -4.3478200e-02
  -4.3287300e-02
  -4.1489100e-02
  -3.8775400e-02
  -3.5777400e-02
  -3.3425900e-02
  -3.1078900e-02
  -2.8039900e-02
  -2.5099400e-02
  -2.3124800e-02
  -2.2673000e-02
  -2.3226600e-02
  -2.3185500e-02
  -2.2022400e-02
  -1.9898800e-02
  -1.8744900e-02
  -1.8856400e-02
  -1.7225900e-02
  -1.3946000e-02
  -1.0763000e-02
  -8.5491400e-03
  -6.7104500e-03
  -5.0437400e-03
  -3.4977200e-03
  -5.6721900e-04
   3.4841800e-03
   6.9096700e-03
   9.3236000e-03
   1.1727500e-02
   1.4234900e-02
   1.7215900e-02
   2.0198500e-02
   2.1893800e-02
   2.2807600e-02
   2.3720400e-02
   2.4713400e-02
   2.5535900e-02
   2.5790100e-02
   2.4720200e-02
   2.3785000e-02
   2.3980600e-02
   2.3141100e-02
   2.1012600e-02
   1.9594700e-02
   1.9526900e-02
   1.9404900e-02
   1.8063100e-02
   1.7369100e-02
   1.8604000e-02
   2.0183500e-02
   2.1303600e-02
   2.2803500e-02
   2.4791000e-02
   2.5342700e-02
   2.4947900e-02
   2.5749700e-02
   2.7090200e-02
   2.8240300e-02
   2.9167600e-02
   2.9793100e-02
   3.0612900e-02
   3.0242500e-02
   2.8857200e-02
   2.7751900e-02
   2.7019600e-02
   2.5846600e-02
   2.3216100e-02
   2.0179300e-02
   1.7616900e-02
   1.6591500e-02
   1.5839800e-02
   1.4006200e-02
   1.2837000e-02
   1.2042300e-02
   1.1303200e-02
   1.1001600e-02
   9.4767200e-03
   7.2145700e-03
   5.8630600e-03
   5.5844000e-03
   5.9876100e-03
   6.4493900e-03
   6.7413300e-03
   6.4164900e-03
   6.4894200e-03
   8.1472300e-03
   1.0350200e-02
   1.2652100e-02
   1.4130300e-02
   1.5455400e-02
   1.8226300e-02
   2.0170600e-02
   2.1383700e-02
   2.2797900e-02
   2.3544900e-02
   2.3232400e-02
   2.1717300e-02
   2.0791000e-02
   2.0639800e-02
   2.0219200e-02
   1.9197100e-02
   1.7239600e-02
   1.5461700e-02
   1.4619800e-02
   1.3777200e-02
   1.1883100e-02
   9.5160100e-03
   7.6130300e-03
   6.2383500e-03
   5.7141800e-03
   5.5421600e-03
   3.9214500e-03
   2.2526200e-03
   1.6058600e-03
   1.0799000e-04
  -1.3955500e-03
  -4.0287300e-03
  -8.1927300e-03
  -1.1255500e-02
  -1.3969100e-02
  -1.6131000e-02
  -1.7445300e-02
  -1.8701000e-02
  -1.9598000e-02
  -2.1186700e-02
  -2.2635800e-02
  -2.2264800e-02
  -2.1863800e-02
  -2.1953200e-02
  -2.0890800e-02
  -1.9331000e-02
  -1.7130700e-02
  -1.3882600e-02
  -1.0716900e-02
  -8.3097800e-03
  -6.7853600e-03
  -5.2074900e-03
  -3.6090800e-03
  -1.7698300e-03
  -8.4214000e-05
   5.6012800e-04
   1.7132100e-03
   3.0647900e-03
   3.3391800e-03
   2.7713100e-03
   2.4073500e-03
   2.7119500e-03
   2.6450100e-03
   2.4716800e-03
   3.2415800e-03
   3.7679000e-03
   3.1271200e-03
   1.9489700e-03
   8.8692600e-04
   1.1162400e-03
   2.2212500e-03
   2.4240700e-03
   2.2950300e-03
   2.3717200e-03
   1.2537700e-03
  -7.6040000e-04
  -2.5907000e-03
  -4.4137500e-03
  -6.6858400e-03
  -8.5704000e-03
  -8.8350300e-03
  -8.2978800e-03
  -7.4580300e-03
  -6.1599600e-03
  -4.9741600e-03
  -4.0154700e-03
  -2.8648300e-03
  -7.9036100e-04
   1.1148100e-03
   1.7173100e-03
   1.1167500e-03
   3.7981600e-04
   5.7753500e-04
   6.0591500e-04
  -4.8639800e-04
  -1.6566900e-03
  -2.5656100e-03
  -3.7502700e-03
  -4.0281300e-03
  -3.0983500e-03
  -1.7816100e-03
  -1.2263600e-03
  -1.8698400e-03
  -2.2462600e-03
  -1.4693300e-03
  -6.8945100e-04
  -5.7084400e-04
  -2.8510400e-04
   5.9332800e-04
   1.7135000e-03
   3.1207000e-03
   4.2481300e-03
   3.8498800e-03
   3.6732700e-03
   3.5242400e-03
   1.5629900e-03
  -5.6115000e-04
  -2.8410800e-03
  -6.4501100e-03
  -1.0799100e-02
  -1.4527800e-02
  -1.7064800e-02
  -2.0376800e-02
  -2.4350100e-02
  -2.7543400e-02
  -3.0329900e-02
  -3.3009700e-02
  -3.6291000e-02
  -3.9613300e-02
  -4.2133800e-02
  -4.4310200e-02
  -4.5146000e-02
  -4.4440900e-02
  -4.4223000e-02
  -4.4804600e-02
  -4.5240400e-02
  -4.4682500e-02
  -4.3995200e-02
  -4.3852600e-02
  -4.2877500e-02
  -4.1622800e-02
  -4.1210700e-02
  -4.1220100e-02
  -4.1158300e-02
  -4.0146900e-02
  -3.9005400e-02
  -3.7885800e-02
  -3.6541300e-02
  -3.6522600e-02
  -3.6633600e-02
  -3.7241100e-02
  -3.9190300e-02
  -4.0070000e-02
  -3.9230200e-02
  -3.9616600e-02
  -4.1824900e-02
  -4.2817100e-02
  -4.2522400e-02
  -4.2697600e-02
  -4.2612200e-02
  -4.1950600e-02
  -4.1616300e-02
  -4.0799900e-02
  -3.8905600e-02
  -3.6781200e-02
  -3.5177600e-02
  -3.3291600e-02
  -3.0797300e-02
  -2.8836400e-02
  -2.6966100e-02
  -2.5303200e-02
  -2.4170600e-02
  -2.2690500e-02
  -2.0590900e-02
  -1.7971000e-02
  -1.6146500e-02
  -1.4862400e-02
  -1.2728000e-02
  -9.4613100e-03
  -7.3190300e-03
  -7.6163400e-03
  -7.0262700e-03
  -5.1241000e-03
  -4.1789100e-03
  -3.1810400e-03
  -1.8498000e-03
  -9.3838400e-04
   1.3254800e-03
   3.2595300e-03
   3.3818300e-03
   3.8536200e-03
   5.1077400e-03
   6.2332700e-03
   7.0156200e-03
   8.2100900e-03
   9.2451400e-03
   9.2675600e-03
   8.6144100e-03
   9.4169500e-03
   1.1040200e-02
   1.2155500e-02
   1.4458500e-02
   1.5959400e-02
   1.6908300e-02
   1.9451100e-02
   2.0602000e-02
   2.0394000e-02
   2.0823200e-02
   2.1491100e-02
   2.1178300e-02
   2.0000200e-02
   1.9834400e-02
   2.0295100e-02
   2.0517700e-02
   2.0389200e-02
   2.0110300e-02
   1.9375000e-02
   1.7767400e-02
   1.6818800e-02
   1.7125100e-02
   1.6039500e-02
   1.4130900e-02
   1.2421600e-02
   1.0047700e-02
   8.5217200e-03
   7.0465200e-03
   4.9694200e-03
   1.8478300e-03
  -1.6535100e-03
  -3.0938900e-03
  -3.4819200e-03
  -4.6096100e-03
  -6.6037800e-03
  -8.3136500e-03
  -9.2698500e-03
  -1.0262500e-02
  -1.0631800e-02
  -1.0742800e-02
  -1.2188600e-02
  -1.4782000e-02
  -1.7564500e-02
  -1.8613800e-02
  -1.9301300e-02
  -2.1013600e-02
  -2.2762900e-02
  -2.4530500e-02
  -2.5963900e-02
  -2.7568500e-02
  -2.7819800e-02
  -2.7321900e-02
  -2.8980100e-02
  -3.0741200e-02
  -3.1238200e-02
  -3.1339200e-02
  -3.0259700e-02
  -2.8707500e-02
  -2.7785800e-02
  -2.6434500e-02
  -2.5028100e-02
  -2.4084000e-02
  -2.2748100e-02
  -2.2357600e-02
  -2.3646700e-02
  -2.4680400e-02
  -2.5054300e-02
  -2.5182900e-02
  -2.5304100e-02
  -2.6482500e-02
  -2.7784100e-02
  -2.7519100e-02
  -2.6377800e-02
  -2.5352100e-02
  -2.4903300e-02
  -2.5208300e-02
  -2.4966800e-02
  -2.4454800e-02
  -2.4926700e-02
  -2.5385700e-02
  -2.5370000e-02
  -2.5254000e-02
  -2.5135100e-02
  -2.5353900e-02
  -2.6747900e-02
  -2.7771600e-02
  -2.7568100e-02
  -2.8130400e-02
  -2.8916800e-02
  -2.9760300e-02
  -3.0760300e-02
  -3.0647700e-02
  -3.0364800e-02
  -3.0922000e-02
  -3.1288500e-02
  -3.0273200e-02
  -2.8534000e-02
  -2.6773500e-02
  -2.5654400e-02
  -2.5200600e-02
  -2.3407800e-02
  -2.2138500e-02
  -2.1416100e-02
  -1.9394200e-02
  -1.7954000e-02
  -1.7184800e-02
  -1.7182700e-02
  -1.6903300e-02
  -1.5839200e-02
  -1.5779000e-02
  -1.6211700e-02
  -1.6280800e-02
  -1.5786400e-02
  -1.4301800e-02
  -1.3020000e-02
  -1.2710500e-02
  -1.1989900e-02
  -1.0227100e-02
  -8.0173700e-03
  -6.0881800e-03
  -3.7635100e-03
  -1.5681700e-03
   6.2020500e-04
   3.7706700e-03
   6.4331100e-03
   8.3365800e-03
   9.4553000e-03
   1.0095200e-02
   1.1166000e-02
   1.2134900e-02
   1.3037800e-02
   1.3825400e-02
   1.2629800e-02
   1.0433500e-02
   1.0187900e-02
   1.2071100e-02
   1.3811600e-02
   1.3437300e-02
   1.2726400e-02
   1.3247800e-02
   1.4240200e-02
   1.4417700e-02
   1.3966100e-02
   1.4548000e-02
   1.5525900e-02
   1.6797300e-02
   1.8316400e-02
   1.9220600e-02
   1.9541200e-02
   1.9162100e-02
   1.9303000e-02
   1.9268500e-02
   1.8876700e-02
   1.9008700e-02
   1.8094500e-02
   1.7132200e-02
   1.6206800e-02
   1.4464900e-02
   1.3205600e-02
   1.1722500e-02
   1.0301700e-02
   9.7095000e-03
   8.2876600e-03
   6.5516400e-03
   4.9774300e-03
   3.5246900e-03
   2.5690500e-03
   1.7372200e-03
   1.4021300e-03
   3.4911500e-04
  -1.0215300e-03
  -1.5445400e-03
  -2.0958100e-03
  -1.6680600e-03
  -4.7222600e-04
  -3.6224200e-04
  -7.2922500e-04
  -1.2857400e-03
  -2.2811000e-03
  -3.4393000e-03
  -4.0228800e-03
  -3.8600900e-03
  -3.4557300e-03
  -3.2939100e-03
  -3.8450200e-03
  -4.0639900e-03
  -5.0651700e-03
  -6.7291200e-03
  -7.4530900e-03
  -8.6192400e-03
  -9.7545600e-03
  -9.4167100e-03
  -9.2510300e-03
  -1.0711300e-02
  -1.2265800e-02
  -1.2676000e-02
  -1.2285400e-02
  -1.2192800e-02
  -1.3647900e-02
  -1.5398500e-02
  -1.5808900e-02
  -1.5719500e-02
  -1.5360200e-02
  -1.5288000e-02
  -1.5829800e-02
  -1.5671800e-02
  -1.5454500e-02
  -1.5378100e-02
  -1.5388800e-02
  -1.5525700e-02
  -1.5101400e-02
  -1.5000300e-02
  -1.5138800e-02
  -1.5257100e-02
  -1.5188100e-02
  -1.5000700e-02
  -1.4818800e-02
  -1.4084300e-02
  -1.2876700e-02
  -1.1868500e-02
  -1.2079100e-02
  -1.2780700e-02
  -1.2492600e-02
  -1.1246200e-02
  -9.8287900e-03
  -9.3575000e-03
  -9.4301600e-03
  -8.2005900e-03
  -6.8510500e-03
  -6.6235700e-03
  -6.3853200e-03
  -5.4159300e-03
  -3.6997000e-03
  -3.1696200e-03
  -3.8016600e-03
  -3.1172300e-03
  -2.2655600e-03
  -2.5198300e-03
  -3.5250800e-03
  -3.8536800e-03
  -3.1951000e-03
  -3.2350500e-03
  -2.9762000e-03
  -2.9324300e-03
  -3.7074400e-03
  -4.0921600e-03
  -4.1833500e-03
  -4.3752400e-03
  -5.3421200e-03
  -6.6450100e-03
  -7.6766500e-03
  -9.0714000e-03
  -1.1259800e-02
  -1.2461800e-02
  -1.2300200e-02
  -1.2696300e-02
  -1.3254300e-02
  -1.3278200e-02
  -1.2792800e-02
  -1.2545300e-02
  -1.2683300e-02
  -1.2473200e-02
  -1.2900900e-02
  -1.3950800e-02
  -1.4730900e-02
  -1.5226500e-02
  -1.5284100e-02
  -1.4173700e-02
  -1.2498900e-02
  -1.1323900e-02
  -9.9896600e-03
  -7.8741200e-03
  -5.3503000e-03
  -3.3120500e-03
  -9.1972700e-04
   2.3172000e-03
   5.4105500e-03
   7.6869300e-03
   8.8037500e-03
   1.0329000e-02
   1.3663500e-02
   1.7211700e-02
   1.8767100e-02
   1.9492600e-02
   2.1651400e-02
   2.3959700e-02
   2.4823400e-02
   2.5832700e-02
   2.7354500e-02
   2.8042500e-02
   2.8594900e-02
   2.9847600e-02
   3.1678600e-02
   3.3562100e-02
   3.5297300e-02
   3.6764400e-02
   3.8392100e-02
   4.0664900e-02
   4.2934000e-02
   4.4514900e-02
   4.5651800e-02
   4.7484400e-02
   5.0153900e-02
   5.2723800e-02
   5.3884900e-02
   5.4236000e-02
   5.4765900e-02
   5.5140700e-02
   5.5507800e-02
   5.6306200e-02
   5.7304400e-02
   5.7362900e-02
   5.6914400e-02
   5.6478900e-02
   5.5873300e-02
   5.5894500e-02
   5.5609200e-02
   5.4382500e-02
   5.3631800e-02
   5.3235200e-02
   5.2648600e-02
   5.2466100e-02
   5.2484200e-02
   5.2464500e-02
   5.2396200e-02
   5.2144000e-02
   5.1682400e-02
   5.1194800e-02
   5.0459000e-02
   4.9782400e-02
   4.9943100e-02
   4.9099700e-02
   4.8297500e-02
