   1.0538500e-01
   9.7167100e-02
   9.2090600e-02
   9.2691900e-02
   9.5071700e-02
   9.3936100e-02
   8.5884800e-02
   6.8128000e-02
   4.8980800e-02
   4.4783400e-02
   6.5733600e-02
   8.0340200e-02
   6.6630100e-02
   3.6359800e-02
   9.8223000e-03
  -1.2424200e-02
  -3.3119700e-02
  -4.4293400e-02
  -3.9536700e-02
  -3.1347900e-02
  -3.5495800e-02
  -1.1112900e-01
  -1.8331000e-01
  -1.6568100e-01
  -1.0033300e-01
  -8.8376800e-02
  -1.4109200e-01
  -1.5342100e-01
  -9.7634700e-02
  -5.0166000e-02
  -5.3954000e-02
  -6.8321400e-02
  -5.1066100e-02
  -1.4479000e-02
  -1.3863400e-03
  -1.9523500e-02
  -2.5206400e-02
  -4.2384600e-02
  -9.6094100e-02
  -1.5510300e-01
  -1.8044300e-01
  -1.6967900e-01
  -1.5594500e-01
  -1.5995900e-01
  -1.4098600e-01
  -7.3778300e-02
   1.2437200e-02
   8.9003900e-02
   1.3511200e-01
   1.4963800e-01
   1.4732200e-01
   1.4283000e-01
   1.8112600e-01
   2.0552200e-01
   1.6768600e-01
   1.0822400e-01
   6.5742600e-02
   6.1971100e-02
   5.9795200e-02
   6.4920700e-03
  -8.5668800e-02
  -1.4339700e-01
  -1.2248700e-01
  -5.7625500e-02
   1.1627100e-03
   4.6839900e-02
   8.9009600e-02
   1.0381000e-01
   5.7165600e-02
  -9.2714200e-03
  -2.7623800e-02
  -2.3679900e-03
  -6.2404900e-03
  -8.4518900e-02
  -2.0022700e-01
  -2.5315100e-01
  -1.8425400e-01
  -5.9188600e-02
  -1.6608900e-02
  -6.6557500e-02
  -1.1442800e-01
  -8.4884100e-02
  -2.3278300e-03
   2.5498100e-02
  -3.0343900e-02
  -1.0823800e-01
  -1.2281000e-01
  -5.7716100e-02
   1.0931500e-02
   8.0300400e-04
  -6.2570900e-02
  -5.9300500e-02
   2.6835700e-02
   1.1407200e-01
   1.1130100e-01
   4.2400100e-02
   4.9375200e-02
   1.5209000e-01
   2.4494700e-01
   2.3705000e-01
   1.5866100e-01
   8.3493600e-02
   2.8887900e-02
  -2.1743800e-02
  -7.8077200e-02
  -1.2763600e-01
  -1.2663100e-01
  -7.6348100e-02
  -2.0606300e-02
   2.3932900e-02
   6.2804600e-02
   1.0010900e-01
   7.4468600e-02
  -1.9698400e-02
  -6.3746600e-02
  -2.2954700e-02
   8.3058200e-03
  -1.1457400e-02
  -4.3755900e-02
  -5.2929300e-02
  -4.6457800e-02
  -4.2445100e-02
  -4.5011100e-02
  -4.7719200e-02
  -4.2320900e-02
  -8.5988800e-03
   4.8359800e-02
   1.0419300e-01
   1.1512800e-01
   8.1691500e-02
   4.2443500e-02
   1.2971100e-02
  -1.2036900e-02
  -3.9411200e-02
  -6.3376500e-02
  -7.5478800e-02
  -7.8381300e-02
  -8.0637600e-02
  -8.2789000e-02
  -8.3166600e-02
  -8.2298300e-02
  -8.6031700e-02
  -9.9005200e-02
  -1.1745300e-01
  -1.3551700e-01
  -1.5002000e-01
  -1.4594100e-01
  -1.1587700e-01
  -7.4922800e-02
  -3.7038700e-02
  -3.4469400e-03
   2.8884300e-02
   5.2696400e-02
   6.5938200e-02
   7.5281500e-02
   7.5159300e-02
   5.9936600e-02
   3.7202600e-02
   1.6015700e-02
   2.6404200e-03
   1.7763500e-03
   8.8938200e-03
   1.3665800e-02
   1.5621900e-02
   2.4716800e-02
   3.5902700e-02
   2.5623500e-02
  -5.1185100e-03
  -3.4990000e-02
  -1.5293800e-02
   4.4385600e-02
   6.4320000e-02
   3.0995200e-02
  -1.1408100e-02
  -3.4161600e-02
  -2.6205700e-02
  -1.1513700e-02
  -1.8910200e-02
  -4.0929100e-02
  -5.2933500e-02
  -4.2651000e-02
  -3.8310600e-02
  -6.0648900e-02
  -7.6851700e-02
  -3.9748300e-02
   2.4603300e-02
   4.5337700e-02
   2.0740500e-02
   1.9463500e-02
   6.3300500e-02
   9.5294100e-02
   9.9317400e-02
   9.1384100e-02
   6.4148200e-02
   3.4922200e-02
   4.0954400e-02
   6.8673300e-02
   7.7415100e-02
   6.4754200e-02
   5.0262600e-02
   4.9157200e-02
   6.3561700e-02
   8.3900700e-02
   9.3389100e-02
   7.9394300e-02
   4.9921000e-02
   2.1426400e-02
  -7.6907300e-04
  -1.8510400e-02
  -3.6256200e-02
  -5.3796700e-02
  -7.0677700e-02
  -8.6130200e-02
  -9.9904600e-02
  -9.1001000e-02
  -5.5094500e-02
  -4.1622800e-02
  -9.4795900e-02
  -1.1897600e-01
  -6.2171600e-02
  -1.2120900e-02
  -1.7614800e-02
  -4.6286800e-02
  -5.3883900e-02
  -2.0536500e-02
   3.3890300e-02
   5.4067800e-02
   2.6498100e-02
  -1.4527300e-02
  -2.5154500e-02
   1.4628700e-02
   7.6771100e-02
   9.3659000e-02
   6.9996800e-02
   9.6564800e-02
   1.8771700e-01
   2.8674300e-01
   3.4229600e-01
   3.4771200e-01
   3.5072800e-01
   3.7553600e-01
   4.0631200e-01
   4.3040400e-01
   4.4632600e-01
   4.1118100e-01
   2.9094800e-01
   1.7330700e-01
   1.2051400e-01
   9.8983600e-02
   6.6738200e-02
   2.0454300e-02
  -2.3336400e-02
  -5.9328500e-02
  -8.0547500e-02
  -8.4572100e-02
  -8.7128100e-02
  -9.8627700e-02
  -1.1318500e-01
  -1.1625900e-01
  -1.0644400e-01
  -9.5231700e-02
  -9.3884800e-02
  -1.2318800e-01
  -1.6402400e-01
  -1.7138900e-01
  -1.4674500e-01
  -1.1896200e-01
  -9.9767400e-02
  -8.3801700e-02
  -7.0405000e-02
  -5.7954400e-02
  -3.2537500e-02
   5.4898700e-03
   3.1207400e-02
   3.7740600e-02
   3.6766900e-02
   2.7352000e-02
   9.8500100e-03
   2.1961300e-03
   1.2695200e-02
   3.0262400e-02
   4.4571000e-02
   4.8042700e-02
   4.9942500e-02
   5.9519700e-02
   7.1488000e-02
   8.1453700e-02
   8.9559600e-02
   9.6617200e-02
   9.0134500e-02
   6.2443400e-02
   2.5645200e-02
  -4.6466800e-03
  -2.2064200e-02
  -3.1950900e-02
  -4.1999200e-02
  -4.9561600e-02
  -4.5767300e-02
  -3.2709800e-02
  -3.2141000e-02
  -5.2675900e-02
  -8.8233400e-02
  -1.2767800e-01
  -1.6467700e-01
  -1.9925700e-01
  -2.3307600e-01
  -2.6605700e-01
  -2.9635400e-01
  -3.0467200e-01
  -2.8802800e-01
  -2.6932500e-01
  -2.8843100e-01
  -3.2617100e-01
  -3.0609700e-01
  -2.2669200e-01
  -1.4334700e-01
  -1.0487900e-01
  -1.0660800e-01
  -8.7485500e-02
  -2.8883300e-02
   3.7874700e-02
   5.9010200e-02
   3.5070800e-02
   1.3248300e-02
   3.6123300e-02
   9.3572900e-02
   1.4994100e-01
   1.9614900e-01
   2.3790200e-01
   2.7370000e-01
   2.9976600e-01
   3.1983100e-01
   3.3893500e-01
   3.5689000e-01
   3.5077800e-01
   2.8530200e-01
   1.7883700e-01
   9.3631000e-02
   6.3358700e-02
   5.4855700e-02
   2.4220000e-02
  -2.0254200e-02
  -4.0304600e-02
  -3.1925700e-02
  -1.9974800e-02
  -1.4807600e-02
  -1.3697200e-02
  -2.6880600e-02
  -6.0727800e-02
  -9.0479500e-02
  -1.0551400e-01
  -1.3847800e-01
  -2.0150100e-01
  -2.6934400e-01
  -3.1349200e-01
  -3.0346900e-01
  -2.6110600e-01
  -2.4526700e-01
  -2.6355300e-01
  -2.5689800e-01
  -1.8999000e-01
  -1.1508800e-01
  -8.2980400e-02
  -7.4864300e-02
  -4.9872600e-02
  -3.7551800e-03
   3.4104400e-02
   5.1737000e-02
   6.0172900e-02
   6.9885300e-02
   6.8622500e-02
   5.2545600e-02
   2.3842900e-02
  -1.2353600e-02
  -4.9092900e-02
  -8.2183800e-02
  -9.1869600e-02
  -6.9428800e-02
  -6.2648600e-02
  -9.7935000e-02
  -1.1521000e-01
  -7.5244900e-02
  -1.0023200e-02
   4.5902700e-02
   7.5136400e-02
   7.7738000e-02
   7.4494600e-02
   8.8302100e-02
   1.1532900e-01
   1.4042700e-01
   1.4328800e-01
   1.1578900e-01
   8.9370100e-02
   8.3271300e-02
   6.4583100e-02
   2.0386900e-02
  -3.0412800e-02
  -7.3648000e-02
  -1.0765200e-01
  -1.2235800e-01
  -1.1588400e-01
  -1.0043900e-01
  -8.5441800e-02
  -5.6411700e-02
   8.5841400e-04
   7.1687000e-02
   1.0680700e-01
   8.6093700e-02
   4.2501000e-02
   1.4950900e-02
   1.6149600e-03
  -1.8308800e-02
  -4.5886300e-02
  -6.5539100e-02
  -7.3117500e-02
  -7.7913300e-02
  -8.2082700e-02
  -7.4340100e-02
  -5.3369800e-02
  -3.0825800e-02
  -1.5945600e-02
  -2.2807900e-02
  -3.3261800e-02
  -1.9778400e-02
   6.8754400e-03
   1.0751400e-02
  -1.1795000e-02
  -3.6548000e-02
  -4.2020400e-02
  -2.2806600e-02
  -9.0538100e-04
   5.7934000e-03
   5.8159600e-03
   7.4302300e-03
   3.0050000e-03
  -7.8489900e-03
  -1.4780100e-02
  -4.5798200e-03
  -1.1865900e-03
  -1.8842100e-02
  -4.2715900e-02
  -4.9274600e-02
  -3.6394800e-02
  -1.9530300e-02
  -1.8538200e-03
   2.9232300e-02
   5.6421500e-02
   5.2224400e-02
   2.7722000e-02
   2.8698500e-02
   7.0953300e-02
   1.2637400e-01
   1.6951600e-01
   1.6879000e-01
   1.3144500e-01
   9.6418100e-02
   6.9232600e-02
   3.8397500e-02
   4.1880400e-03
  -5.1784200e-04
   3.0042800e-02
   6.7926900e-02
   9.6646700e-02
   9.5207400e-02
   6.2112200e-02
   3.4833000e-02
   2.3301100e-02
   9.4186600e-03
  -1.1625700e-02
  -2.5404500e-02
  -2.2794700e-02
  -1.9124400e-02
  -2.9880500e-02
  -3.1846400e-02
   9.9585500e-03
   8.1900400e-02
   1.4439100e-01
   1.6893900e-01
   1.6676700e-01
   1.6388000e-01
   1.5524700e-01
   1.2052200e-01
   6.5594100e-02
   1.1233200e-02
  -3.5935400e-02
  -7.5960700e-02
  -1.1218000e-01
  -1.4675600e-01
  -1.7784400e-01
  -1.7715300e-01
  -1.4192300e-01
  -9.9973900e-02
  -6.5859400e-02
  -4.4546800e-02
  -3.9039700e-02
  -3.5444100e-02
  -3.9267000e-03
   4.9476300e-02
   8.2385300e-02
   7.3487000e-02
   4.4553700e-02
   2.8370300e-02
   4.0680200e-02
   6.9104800e-02
   9.5043400e-02
   1.1630500e-01
   1.3696900e-01
   1.5653500e-01
   1.4195100e-01
   1.1280800e-01
   1.0281200e-01
   9.4149600e-02
   6.8270600e-02
   3.1160400e-02
  -2.9104100e-03
  -2.8411400e-02
  -4.2774700e-02
  -5.0808200e-02
  -5.7731100e-02
  -6.0978400e-02
  -6.1627000e-02
  -6.9762900e-02
  -8.5219000e-02
  -9.4617200e-02
  -8.6527600e-02
  -6.8398500e-02
  -6.1668100e-02
  -7.0245700e-02
  -6.5309200e-02
  -3.7207900e-02
  -3.8100900e-03
   1.8944200e-02
   2.1828400e-02
   2.7840600e-02
   5.1360900e-02
   8.0203900e-02
   1.0420300e-01
   1.1525200e-01
   9.4804700e-02
   4.8643000e-02
   6.5452800e-03
  -1.6502200e-02
  -2.6893800e-02
  -2.0782500e-02
   5.6402800e-03
   3.7289500e-02
   4.7782300e-02
   2.2496800e-02
   1.0671900e-02
   3.7523500e-02
   7.6340400e-02
   8.7639700e-02
   5.1172300e-02
  -2.9627400e-03
  -2.5817100e-02
  -2.4382700e-02
  -3.5378700e-02
  -6.4342200e-02
  -9.3939300e-02
  -1.0653200e-01
  -7.9121900e-02
  -2.1878000e-02
   3.5800100e-02
   7.4373700e-02
   8.9604700e-02
   9.4727400e-02
   1.0019300e-01
   9.3676300e-02
   5.6833700e-02
   1.7060200e-03
  -2.4216800e-02
  -1.1285000e-02
   9.4000400e-03
   1.4819100e-02
   6.6454000e-03
   6.2418800e-03
   1.7621300e-02
   2.5673500e-02
   1.8916300e-02
  -3.7633800e-03
  -3.4447400e-02
  -6.3222600e-02
  -8.7187200e-02
  -8.5830100e-02
  -5.9556300e-02
  -3.1174200e-02
  -4.0126800e-02
  -8.6663500e-02
  -1.2068500e-01
  -1.0627300e-01
  -6.2256800e-02
  -3.0480400e-02
  -2.7412200e-02
  -3.3215500e-02
  -3.8747200e-02
  -4.9870800e-02
  -6.4251900e-02
  -7.3217600e-02
  -6.4335900e-02
  -4.3247300e-02
  -2.2158900e-02
  -1.2623700e-02
  -4.2884300e-02
  -9.4969700e-02
  -9.4773800e-02
  -3.9776100e-02
   8.1522700e-03
   9.4387500e-03
  -1.3509100e-02
   1.0781000e-03
   6.7980700e-02
   1.0273100e-01
   7.1009600e-02
   2.1044500e-02
   7.9538400e-03
   4.0946900e-02
   7.1482600e-02
   7.0631300e-02
   5.2524600e-02
   3.6591100e-02
   2.6016000e-02
   1.7665200e-02
   1.9737900e-02
   3.3389200e-02
   4.9260000e-02
   6.2655100e-02
   7.4394100e-02
   8.4019500e-02
   5.8780700e-02
   6.6710600e-04
  -2.3871100e-02
  -1.4899100e-02
  -3.7310200e-02
  -7.6512300e-02
  -8.5043000e-02
  -9.0306600e-02
  -1.0463500e-01
  -1.0341200e-01
  -8.3801600e-02
  -6.5411700e-02
  -7.0010600e-02
  -9.2015700e-02
  -1.0619800e-01
  -9.4244300e-02
  -6.5224100e-02
  -3.6196200e-02
   5.8640300e-03
   5.5026400e-02
   7.3951700e-02
   6.1981100e-02
   5.9133100e-02
   8.3397600e-02
   1.1825500e-01
   1.4726300e-01
   1.4913900e-01
   1.0046400e-01
   2.9529000e-02
   1.7904500e-02
   6.9594800e-02
   9.3487200e-02
   5.5598400e-02
   2.9264100e-03
  -1.4974700e-02
   5.7980200e-03
   3.7347300e-02
   6.0164000e-02
   5.0086600e-02
   5.5716100e-03
  -2.9825300e-02
  -3.0336500e-02
  -1.3330600e-02
  -4.6126500e-03
   3.3783200e-03
   2.0950200e-03
  -2.2584000e-02
  -5.9028700e-02
  -6.9261700e-02
  -4.6400600e-02
  -1.7687500e-02
   3.2884400e-03
   3.0136800e-02
   7.0166300e-02
   1.1242100e-01
   1.4182300e-01
   1.2083100e-01
   5.8203700e-02
   3.8287000e-02
   6.3128200e-02
   6.2752600e-02
   2.5480700e-02
   1.0151300e-03
   1.0253000e-02
   2.9226400e-02
   3.9698700e-02
   2.4839500e-02
  -1.3642700e-02
  -5.7584400e-02
  -9.6936900e-02
  -1.3305400e-01
  -1.6732000e-01
  -1.7082000e-01
  -1.2372100e-01
  -5.3543700e-02
  -1.1651600e-02
  -3.1170500e-02
  -6.2038700e-02
  -4.7936800e-02
  -3.3207000e-03
   3.1408100e-02
   1.6668500e-02
  -2.2866700e-02
  -2.2688100e-02
   1.8695600e-02
   6.1194300e-02
   5.7575500e-02
   1.1977100e-02
  -3.3345200e-03
   2.9999500e-02
   6.9470500e-02
   4.4286900e-02
  -3.0073800e-02
  -5.8175400e-02
  -2.8336800e-02
   4.5953100e-04
  -1.6971900e-02
  -6.2584400e-02
  -9.2253600e-02
  -7.6637500e-02
  -3.5051800e-02
  -2.0811100e-02
  -5.4452100e-02
  -7.9261000e-02
  -4.9573300e-02
   5.1868400e-03
   1.7733500e-02
  -1.6120500e-02
  -5.4558900e-02
  -7.7535500e-02
  -8.7265200e-02
  -9.3873500e-02
  -1.0125400e-01
  -9.7829100e-02
  -6.8856500e-02
  -2.3638400e-02
   5.8102200e-03
  -3.2544300e-03
  -2.7770200e-02
  -1.4629200e-02
   3.6028300e-02
   8.6833600e-02
   8.0982700e-02
   1.9163100e-02
  -3.1942900e-02
  -1.5389000e-02
   1.6429200e-02
   6.5039200e-04
  -4.2218200e-02
  -6.3663200e-02
  -2.4940600e-02
   4.7863100e-02
   7.4190300e-02
   3.6617700e-02
  -1.3078000e-02
  -3.5505800e-02
  -2.2090900e-02
   2.2012400e-03
   8.4998300e-03
  -3.2269100e-02
  -1.0247500e-01
  -1.4704700e-01
  -1.0739300e-01
  -1.0788200e-02
   5.0844100e-02
   2.6047000e-02
  -4.2632400e-02
  -9.2791600e-02
  -5.9003800e-02
   4.1598900e-02
   1.3977600e-01
   1.4195200e-01
   5.4443900e-02
  -2.8490800e-02
  -4.3371200e-02
  -1.0727600e-02
  -1.4332400e-02
  -2.1668700e-02
   1.2456100e-02
   3.5478800e-02
   1.7607400e-02
   1.3164900e-02
   5.9034700e-02
   1.2653200e-01
   1.4202700e-01
   8.4569000e-02
   3.6670300e-02
   6.0547500e-02
   1.2475500e-01
   1.7332300e-01
   1.5186900e-01
   7.4621500e-02
  -1.9419500e-03
  -3.7598700e-02
  -2.5545000e-02
  -3.2123800e-02
  -9.0729600e-02
  -1.6663600e-01
  -1.8153700e-01
  -1.3230200e-01
  -7.6035500e-02
  -4.3969200e-02
  -3.6873800e-02
  -3.1353300e-02
  -6.5320600e-03
   3.1289200e-02
   6.6238500e-02
   7.8954600e-02
   7.9535300e-02
   9.0696100e-02
   1.0952200e-01
   9.7457300e-02
   5.6363300e-02
   4.3150300e-02
   6.8355100e-02
   1.0014300e-01
   1.1457500e-01
   9.5066200e-02
   6.4932000e-02
   5.7877500e-02
   6.8106700e-02
   7.0453800e-02
   4.4512500e-02
   6.7611600e-04
  -4.1626100e-02
  -7.6548200e-02
  -9.2326100e-02
  -8.7839900e-02
  -7.8054200e-02
  -7.1292500e-02
  -7.8208400e-02
  -1.1669100e-01
  -1.5473000e-01
  -1.2932500e-01
  -5.3009500e-02
   1.5207100e-02
   8.7758200e-04
  -8.2243600e-02
  -1.3422100e-01
  -1.0926800e-01
  -4.9496000e-02
  -1.5613100e-02
  -2.3216800e-02
  -3.0214500e-02
  -3.9596400e-03
  -2.2793200e-03
  -4.8592200e-02
  -7.5234500e-02
  -5.5441900e-02
  -2.3146200e-02
  -1.1942700e-02
  -3.4382300e-02
  -7.2328700e-02
  -9.4030400e-02
  -7.0565400e-02
  -1.6946100e-02
   1.2772600e-02
  -1.3615600e-02
  -6.7455300e-02
  -6.9743800e-02
  -3.3907300e-03
   3.3896600e-02
   5.4046900e-03
  -1.8260500e-02
  -1.0270000e-02
  -4.8128100e-03
  -2.9131500e-03
   1.1670500e-02
   3.6195900e-02
   5.9666800e-02
   7.7279100e-02
   9.2039000e-02
   1.0731500e-01
   1.2159700e-01
   1.1932900e-01
   9.6060200e-02
   8.0299300e-02
   8.4726400e-02
   9.6706400e-02
   1.0340500e-01
   9.0063700e-02
   5.6291400e-02
   4.6778900e-02
   8.4466600e-02
   1.3568400e-01
   1.2258300e-01
   4.5201700e-02
  -2.2317500e-02
  -2.0415800e-02
   2.9307800e-02
   6.2354700e-02
   2.3281800e-02
  -3.3219700e-02
  -2.2273400e-02
   3.6145100e-02
   6.4739100e-02
   3.8213900e-02
  -3.2438400e-03
  -3.3160900e-02
  -4.0016700e-02
  -3.3644300e-02
  -2.6873500e-02
  -2.3246900e-02
  -1.9351900e-02
  -1.7179400e-02
  -2.4347300e-02
  -2.8020400e-02
  -4.2837100e-03
   3.8640500e-02
   8.1779800e-02
   1.1687400e-01
   1.3758400e-01
   1.3615400e-01
   1.2332700e-01
   1.1249800e-01
   1.1657100e-01
   1.3111100e-01
   1.4282100e-01
   1.0387100e-01
   2.6891000e-02
  -7.1830700e-03
   1.2436200e-02
   3.9116300e-02
   2.0902200e-02
  -2.4410000e-02
  -3.2684500e-02
  -7.8261500e-04
   3.4681800e-02
   4.2591700e-02
   1.9382900e-02
  -1.4629300e-02
  -4.2494600e-02
  -6.3265300e-02
  -8.7702500e-02
  -1.2707000e-01
  -1.7576600e-01
  -2.2178700e-01
  -2.5335000e-01
  -2.5057600e-01
  -2.2088400e-01
  -1.9133400e-01
  -1.7036000e-01
  -1.4648000e-01
  -1.0525200e-01
  -6.7432500e-02
  -6.2097500e-02
  -8.1077500e-02
  -9.9768500e-02
  -1.0934100e-01
  -1.1431200e-01
  -1.2084200e-01
  -1.2831400e-01
  -1.3308900e-01
  -9.7533900e-02
  -5.5942700e-03
   6.9086400e-02
   7.1927600e-02
   3.8217400e-02
   3.3936200e-02
   8.1360500e-02
   1.2598900e-01
   1.2289500e-01
   9.1450000e-02
   8.0047800e-02
   1.0198300e-01
   1.3428200e-01
   1.4978500e-01
   1.2696900e-01
   7.8191300e-02
   4.6835600e-02
   4.7483100e-02
   5.8875000e-02
   2.6932400e-02
  -2.2322600e-02
  -3.0100700e-02
  -2.4565300e-02
  -4.9685400e-02
  -7.0272700e-02
  -5.6947400e-02
  -2.9669700e-02
  -8.4617800e-03
   2.1407100e-04
  -5.2339700e-04
  -7.0993000e-03
  -2.1511400e-02
  -4.2325300e-02
  -6.3489000e-02
  -8.2667900e-02
  -1.0061200e-01
  -1.1790700e-01
  -1.3400300e-01
  -1.3701300e-01
  -1.1980900e-01
  -9.3800500e-02
  -6.9746400e-02
  -4.8969200e-02
  -2.7538100e-02
  -4.4021800e-03
   2.6396300e-02
   6.9864700e-02
   1.1900100e-01
   1.5548000e-01
   1.7144000e-01
   1.8268100e-01
   1.9828500e-01
   2.0378000e-01
   1.9442200e-01
   1.8141900e-01
   1.7138800e-01
   1.6347600e-01
   1.5575200e-01
   1.4931300e-01
   1.4429000e-01
   1.3944500e-01
   1.2846200e-01
   1.1016300e-01
   9.0208800e-02
   7.2800400e-02
   6.9529300e-02
   8.0364700e-02
   8.9122100e-02
   7.1704800e-02
   3.2675300e-02
   3.8837000e-03
  -4.9125700e-03
  -1.7371700e-02
  -6.1766600e-02
  -1.2732600e-01
  -1.7022500e-01
  -1.7267000e-01
  -1.6273600e-01
  -1.6648200e-01
  -1.7647300e-01
  -1.6865300e-01
  -1.4502700e-01
  -1.3779500e-01
  -1.5562700e-01
  -1.7778800e-01
  -1.9425100e-01
  -2.0770000e-01
  -2.1982800e-01
  -2.0005700e-01
  -1.4424600e-01
  -8.0247100e-02
  -1.3357400e-02
   3.8270700e-02
   5.8634600e-02
   7.8083900e-02
   1.1517300e-01
   1.5897400e-01
   1.9575500e-01
   2.0421800e-01
   1.6293400e-01
   1.1151300e-01
   9.3328000e-02
   9.7147700e-02
   8.5124800e-02
   5.0768600e-02
   2.0504300e-02
   1.4835600e-02
   1.5691000e-02
   2.8568300e-03
  -1.7111100e-02
  -2.3747100e-02
  -1.4567900e-02
  -1.2015900e-02
  -2.7214900e-02
  -5.0381300e-02
  -7.0434700e-02
  -8.6964800e-02
  -1.0257400e-01
  -1.1853900e-01
  -1.3684800e-01
  -1.5563200e-01
  -1.6292700e-01
  -1.4980500e-01
  -1.2582400e-01
  -1.0900900e-01
  -1.0487900e-01
  -9.2817900e-02
  -6.3995700e-02
  -3.2768700e-02
  -2.2778200e-02
  -2.3617500e-02
  -7.7868900e-03
   2.2902400e-02
   5.3758700e-02
   7.8030700e-02
   8.7749500e-02
   8.1451300e-02
   7.6297000e-02
   7.9445200e-02
   7.8161800e-02
   6.1390400e-02
   3.6021600e-02
   1.2136400e-02
  -7.1008400e-03
  -8.4734600e-03
   1.3630800e-02
   4.4358500e-02
   6.9522200e-02
   6.5736500e-02
   3.7939600e-02
   3.5569600e-02
   7.4296200e-02
   1.2480300e-01
   1.6491900e-01
   1.6809000e-01
   1.3075000e-01
   8.1538700e-02
   6.1898500e-02
   8.7151900e-02
   1.0058900e-01
   7.9231200e-02
   7.3672300e-02
   8.2935600e-02
   8.0840800e-02
   7.8784700e-02
   8.8221500e-02
   1.0061100e-01
   8.1056300e-02
   2.9498100e-02
  -4.2218800e-04
   1.4024600e-02
   4.5037500e-02
   5.6533700e-02
   4.0067300e-02
   2.7708700e-02
   3.6027100e-02
   5.1227600e-02
   6.0625700e-02
   4.9669500e-02
   1.6773800e-02
  -2.3200400e-02
  -5.8638100e-02
  -7.2331300e-02
  -7.8495800e-02
  -1.0922700e-01
  -1.5948900e-01
  -1.9036000e-01
  -1.6115000e-01
  -9.2388900e-02
  -4.9029100e-02
  -5.1458500e-02
  -6.5481200e-02
  -5.3415200e-02
  -2.5731200e-02
  -2.5676900e-02
  -4.7939800e-02
  -6.2342300e-02
  -6.5361700e-02
  -6.2577700e-02
  -4.6821000e-02
  -1.9424300e-02
   3.1283700e-03
   8.0558800e-03
   1.7312900e-03
  -4.3119100e-03
  -1.0700300e-02
  -2.1507800e-02
  -3.5056400e-02
  -4.7532200e-02
  -4.9072100e-02
  -2.4959300e-02
   1.5669100e-02
   4.5349900e-02
   5.9359600e-02
   6.9718400e-02
   7.5049300e-02
   5.2084200e-02
   9.9787500e-03
  -1.0854300e-02
  -1.5459200e-02
  -2.7627000e-02
  -4.7997100e-02
  -6.6420800e-02
  -6.6036500e-02
  -4.9370600e-02
  -3.1360500e-02
  -1.6033500e-02
   3.0018500e-03
   2.7285000e-02
   5.1901500e-02
   7.3117800e-02
   7.5287300e-02
   5.4172000e-02
   3.8186000e-02
   3.9342700e-02
   3.1799100e-02
   1.1308300e-03
  -2.6782500e-02
  -2.2499500e-02
   4.9275000e-03
   3.1552200e-02
   5.0836400e-02
   6.0700400e-02
   6.2966900e-02
   5.5725800e-02
   3.7883300e-02
   1.6364100e-02
  -6.5884400e-04
  -1.5447800e-02
  -3.8289200e-02
  -6.8131100e-02
  -9.2759900e-02
  -9.5762000e-02
  -8.1721800e-02
  -6.8088600e-02
  -6.0096600e-02
  -5.2446300e-02
  -3.9167500e-02
  -2.4334000e-02
  -2.2798100e-02
  -3.4991600e-02
  -4.8794700e-02
  -5.9292000e-02
  -6.8051200e-02
  -7.7005100e-02
  -8.5422100e-02
  -9.0063100e-02
  -8.8141600e-02
  -8.7210000e-02
  -9.9106900e-02
  -1.2053100e-01
  -1.2884900e-01
  -1.1885300e-01
  -1.0425300e-01
  -9.3936700e-02
  -9.2359500e-02
  -9.8054400e-02
  -1.0512200e-01
  -1.1148400e-01
  -1.1586500e-01
  -1.0103900e-01
  -6.0191700e-02
  -2.1581800e-02
  -1.9747300e-03
   8.3506000e-03
   2.0901700e-02
   3.4918600e-02
   4.2444600e-02
   4.0276700e-02
   2.3993100e-02
  -3.5935500e-03
  -3.1509700e-02
  -5.5600600e-02
  -5.7253400e-02
  -3.5658900e-02
  -8.5322800e-03
   1.8299700e-02
   5.9091300e-02
   1.1415600e-01
   1.6602600e-01
   1.8854200e-01
   1.9390800e-01
   2.0652300e-01
   2.2431900e-01
   2.2003500e-01
   1.6441700e-01
   8.3610000e-02
   3.1647500e-02
   1.2897000e-02
  -1.2055800e-03
  -2.2734500e-02
  -4.5159800e-02
  -5.1356000e-02
  -3.1895500e-02
   3.4811300e-04
   3.0581200e-02
   5.6436400e-02
   7.9948800e-02
   7.9513900e-02
   5.0280600e-02
   1.3925400e-02
  -1.6967500e-02
  -4.3729000e-02
  -7.0463800e-02
  -8.8469500e-02
  -7.9830600e-02
  -5.0120100e-02
  -1.9452000e-02
   4.2083000e-03
   1.7187500e-02
   2.3422000e-02
   3.5766400e-02
   5.7724100e-02
   7.8059400e-02
   7.3012500e-02
   4.4936600e-02
   2.6783500e-02
   2.7392900e-02
   2.4919900e-02
   9.3324900e-03
  -8.4807300e-03
  -4.7250500e-03
   2.4919800e-02
   6.0654300e-02
   9.1404600e-02
   1.1835800e-01
   1.4461800e-01
   1.5276000e-01
   1.4253300e-01
   1.3791000e-01
   1.4425700e-01
   1.3844000e-01
   1.1421400e-01
   8.6132900e-02
   6.7358400e-02
   6.2769600e-02
   6.4572000e-02
   4.9094600e-02
   1.0344100e-02
  -3.4146800e-02
  -6.2431100e-02
  -6.5525100e-02
  -6.3121500e-02
  -7.5415700e-02
  -9.8333100e-02
  -1.1867400e-01
  -1.3354800e-01
  -1.4738400e-01
  -1.6241000e-01
  -1.7655100e-01
  -1.8082600e-01
  -1.6218100e-01
  -1.2835600e-01
  -9.5655000e-02
  -7.6130300e-02
  -6.7785900e-02
  -5.6248200e-02
  -3.1943800e-02
  -4.5304600e-05
   2.9537300e-02
   4.5582200e-02
   4.3477300e-02
   3.3024900e-02
   2.1056400e-02
   1.6737700e-03
  -1.8331600e-02
  -1.5368800e-02
   7.8902300e-03
   2.0081300e-02
   1.1395000e-02
   2.4495500e-03
   8.1254700e-03
   2.2660100e-02
   3.5017100e-02
   4.1299800e-02
   4.0615300e-02
   3.6626900e-02
   3.5816900e-02
   4.1252300e-02
   4.8981300e-02
   5.1419500e-02
   3.9382400e-02
   1.7149800e-02
  -5.0582100e-03
  -2.4097900e-02
  -4.2088800e-02
  -5.9993900e-02
  -7.3635700e-02
  -7.8857300e-02
  -6.6629500e-02
  -3.2096700e-02
   1.2235800e-02
   5.1299500e-02
   6.8000500e-02
   6.5909900e-02
   5.9939900e-02
   4.6331600e-02
   2.2797400e-02
  -3.3654900e-03
  -2.7234000e-02
  -4.7648300e-02
  -4.9945700e-02
  -2.8919300e-02
  -3.2183200e-04
   2.5166200e-02
   4.7014800e-02
   6.7132000e-02
   6.0023500e-02
   2.2908900e-02
  -1.9224400e-02
  -5.0256600e-02
  -6.4923400e-02
  -7.0992200e-02
  -7.6830600e-02
  -7.7881200e-02
  -6.4126000e-02
  -3.9563100e-02
  -1.5240900e-02
   3.3029700e-03
   1.1213500e-02
   1.1298800e-02
   1.0537500e-02
   1.1147100e-02
   1.1269100e-02
  -7.2080600e-04
  -2.6572800e-02
  -5.4539700e-02
  -7.0358800e-02
  -6.2737700e-02
  -4.0939000e-02
  -1.8488000e-02
   3.9935200e-03
   2.9323300e-02
   5.5419300e-02
   7.8888400e-02
   8.0333300e-02
   5.9850900e-02
   4.4372400e-02
   4.7831100e-02
   5.7264900e-02
   5.7398000e-02
   5.3049200e-02
   5.7734600e-02
   7.1556000e-02
   8.5522400e-02
   9.1883500e-02
   9.0341300e-02
   8.9592600e-02
   9.4327900e-02
   1.0150400e-01
   1.0713900e-01
   1.1143300e-01
   1.1455700e-01
   1.1465500e-01
   1.1016600e-01
   9.8334500e-02
   8.0921200e-02
   6.3400200e-02
   4.6123200e-02
   2.6270900e-02
   4.8165700e-03
  -7.0555300e-03
  -5.5464200e-03
   6.0359400e-04
   5.0529700e-03
   7.4042800e-03
   8.5284700e-03
   8.6954100e-03
   8.6678900e-03
   8.3891800e-03
   5.4576900e-03
  -8.8394800e-03
  -3.3038300e-02
  -5.7919000e-02
  -7.9599900e-02
  -9.7821500e-02
  -1.1135900e-01
  -1.2136300e-01
  -1.3037900e-01
  -1.3915300e-01
  -1.4247500e-01
  -1.3839300e-01
  -1.3152700e-01
  -1.2330400e-01
  -1.1140900e-01
  -9.6633000e-02
  -8.1829900e-02
  -6.7900500e-02
  -4.9301700e-02
  -2.4570700e-02
   1.3444900e-03
   2.5089900e-02
   4.3135700e-02
