   1.6660200e-01
   1.1320900e-01
   1.7788600e-02
  -9.4438800e-02
  -1.6262300e-01
  -1.5561100e-01
  -5.1296200e-02
   9.9369300e-02
   1.2378600e-01
   6.0866100e-03
  -8.1069100e-02
  -5.8195400e-02
   1.4201300e-02
   7.4992500e-02
   5.6108400e-02
  -6.7498800e-03
  -1.7275100e-02
  -6.0806400e-02
  -6.1594700e-02
   8.6844100e-02
   1.5426000e-01
   7.9207700e-02
  -4.2117000e-02
  -1.0202600e-01
  -1.1137800e-01
  -5.9624800e-02
  -3.0432200e-02
  -8.2621300e-02
  -1.1121900e-01
  -3.4509600e-02
   7.5294600e-02
   9.0135700e-02
   7.6132300e-02
   5.7287000e-02
  -7.6453200e-02
  -1.4198500e-01
   2.5144800e-03
   1.1825600e-01
   8.2855100e-02
  -9.9147700e-03
  -2.9635300e-02
   1.7232800e-02
   7.0636100e-02
  -2.4481800e-02
  -1.2174700e-01
  -1.0401700e-01
  -9.4870500e-02
  -1.0014500e-01
  -6.6229700e-02
   7.6840800e-02
   8.8998300e-02
  -1.9200100e-02
  -5.5819600e-03
   9.7365800e-02
   1.4874800e-01
   1.2860200e-01
   9.2386500e-02
   8.4472400e-02
   4.8515500e-02
  -2.6419700e-02
  -4.3943100e-02
  -1.0414300e-01
  -2.1156800e-01
  -1.5361800e-01
  -8.1692300e-03
   2.5296100e-02
   2.8642800e-02
   3.0041300e-02
   4.2377300e-02
   5.2217400e-02
   5.7402100e-02
   6.2101400e-02
   6.7336100e-02
   4.4238300e-02
  -1.7446100e-02
  -4.2533900e-02
  -5.4390300e-02
  -6.9889100e-02
  -3.9712300e-02
   2.0992100e-02
   5.4861300e-03
  -3.0433100e-02
  -4.6349100e-02
  -8.3233900e-03
   6.1359000e-02
   7.8720500e-02
   1.5666200e-02
  -5.0608200e-02
  -3.8281400e-02
  -4.0769100e-02
  -6.9874700e-02
  -3.3615700e-02
   4.2759900e-02
   8.5357200e-02
   1.1677600e-01
   9.9255900e-02
   5.0293900e-02
   4.7412500e-02
   4.6545600e-02
   2.5886600e-02
   1.4518700e-02
   4.0939800e-02
   2.1446700e-02
  -4.4345300e-02
  -1.2741600e-02
   2.0009700e-02
   2.3980600e-02
  -2.3145400e-02
  -8.8873100e-02
  -1.0198800e-01
  -6.7732500e-02
   1.9474500e-02
   3.7783500e-02
   3.7172600e-02
   3.0976100e-02
  -4.5065700e-03
  -2.8281700e-02
  -3.3467300e-02
  -2.9671900e-02
  -3.2974600e-02
   5.0306400e-02
   1.5555200e-01
   1.8053100e-01
   1.2210500e-01
   5.4058100e-02
   6.0402500e-02
  -1.4425700e-02
  -1.6915400e-01
  -1.9261900e-01
  -1.4582300e-01
  -1.0955600e-01
  -1.3509500e-01
  -1.9720600e-01
  -2.0873700e-01
  -1.6577600e-01
   3.7504700e-02
   1.9413900e-01
   2.1109500e-01
   2.2895800e-01
   2.0542500e-01
   3.7284500e-02
  -6.5505000e-02
  -2.9335800e-02
   4.2497600e-03
  -2.5887200e-02
  -1.3145400e-01
  -1.3223400e-01
  -2.8483000e-02
   4.0708700e-02
   4.3313700e-02
   2.8127000e-02
   1.6322500e-02
   2.3821500e-02
   4.6841900e-02
   2.2807600e-02
  -2.6629700e-02
  -3.3433100e-02
  -4.2338800e-02
  -5.4292200e-02
  -6.4794100e-02
  -7.3284600e-02
  -3.9943900e-02
  -2.5222200e-02
  -3.3360800e-02
  -5.4628800e-02
  -5.8279800e-03
   1.1307900e-01
   1.6780800e-01
   1.2153600e-01
   1.4650500e-02
  -9.8270700e-02
  -1.4230400e-01
  -7.1177500e-02
  -4.6009000e-02
  -4.8256100e-02
  -2.6967700e-02
   1.5951800e-02
   6.2247600e-02
   1.2113300e-01
   1.4061600e-01
   1.2005100e-01
   9.6928400e-02
   9.1266400e-02
   6.8017500e-02
  -3.7812700e-02
  -7.5539400e-02
  -9.5008200e-02
  -6.7509100e-02
   1.2592600e-01
   2.1257400e-01
   1.1995800e-01
  -5.2417300e-02
  -1.2486900e-01
  -2.8810500e-02
   1.0094400e-01
   2.1443700e-01
   2.2104600e-01
   1.2731300e-01
   8.9578000e-03
  -1.0087400e-01
  -1.4521000e-01
  -1.3319200e-01
  -5.2543300e-02
   1.9601200e-02
   1.7135800e-02
  -2.7313800e-02
  -1.1338100e-01
  -1.6898500e-01
  -1.8117500e-01
  -1.8263700e-01
  -1.6914700e-01
  -7.0764100e-02
   4.7678200e-02
   1.3101200e-01
   1.5493500e-01
   1.5837800e-01
   1.3378500e-01
   7.1941700e-02
   6.0911300e-02
   8.8429800e-02
   1.2940100e-01
   1.6942600e-01
   1.9404800e-01
   2.0508400e-01
   1.9332200e-01
   1.3825500e-01
   2.7430200e-02
  -1.6103000e-01
  -2.3447500e-01
  -2.9023700e-01
  -3.9892400e-01
  -5.0606300e-01
  -4.4212800e-01
   5.2718600e-02
   6.0993400e-01
   7.5290800e-01
   5.8847800e-01
   3.2579900e-01
   1.9515000e-01
  -7.3128500e-02
  -6.5745000e-01
  -8.8321900e-01
  -7.1007400e-01
  -3.6162900e-01
  -1.2951600e-01
  -1.1765900e-01
  -1.9693400e-02
   2.2331000e-01
   2.5090600e-01
   4.8455600e-02
  -1.1126900e-01
  -1.4440400e-01
  -1.3998700e-01
  -1.5154600e-01
  -8.6955000e-02
   3.3623200e-02
   1.3005600e-01
   1.6580500e-01
   1.7707500e-01
   2.3087800e-01
   2.8232700e-01
   4.3510500e-02
  -2.3402100e-01
  -3.2355000e-01
  -2.3733800e-01
   4.3032700e-02
   3.2634300e-01
   3.1421600e-01
   1.1069500e-01
   7.1715700e-02
   1.1584500e-01
   8.8159000e-02
  -2.2866100e-02
  -1.5191300e-01
  -2.3315900e-01
  -2.6388000e-01
  -2.2850200e-01
  -6.9660200e-02
   7.1089800e-03
  -5.4936700e-02
  -1.4462600e-01
  -1.1290400e-01
   3.6887400e-02
   1.9112800e-01
   3.3648500e-01
   3.5634600e-01
   2.3673000e-01
   2.2069300e-02
  -1.2378600e-01
  -7.4970700e-02
   8.5738400e-02
   1.3609500e-01
   5.7128200e-02
   1.8703600e-02
   3.2767300e-02
   9.2929800e-02
   1.1452100e-01
   6.8302700e-02
   2.4803600e-02
   5.9381400e-04
  -5.4681100e-02
  -1.0108300e-01
  -8.8897300e-02
  -2.2361600e-03
   5.9977600e-02
   2.4339700e-02
  -2.9248200e-02
  -4.4768600e-02
  -4.0616300e-02
  -3.5302300e-02
  -2.7534100e-02
  -3.3903100e-02
  -4.8706500e-02
  -7.6202700e-02
  -2.8426100e-02
   3.8201200e-02
   8.0407100e-03
  -6.4496700e-02
  -1.0472200e-01
  -6.9809200e-02
  -3.9420400e-02
  -3.4348100e-02
  -3.4936800e-02
  -7.5570400e-03
   4.2813500e-02
   6.6251900e-02
   7.5378700e-02
   7.4147500e-02
   4.8913600e-02
   1.6316300e-02
   1.3688600e-02
   8.9209900e-03
  -1.2944900e-02
  -2.7021000e-02
   3.7593700e-03
   3.1150300e-02
   1.2852400e-02
  -2.0476500e-04
   1.0333700e-02
   3.4843200e-02
   5.2437000e-02
   7.2971500e-02
   6.3792400e-02
  -3.9941700e-02
  -9.4254900e-02
  -6.7775800e-02
  -4.2671700e-02
  -3.3734600e-02
  -6.9286700e-04
   3.8548400e-02
   4.8912500e-02
   2.8214500e-02
  -2.3336000e-03
  -2.0267300e-03
   2.5134700e-02
   3.9337000e-02
   3.9698000e-02
   5.9439800e-03
  -7.4669800e-02
  -1.0393400e-01
  -4.6624200e-02
   2.0233600e-02
  -4.3247300e-02
  -1.1771000e-01
  -1.2871100e-01
  -1.2750100e-01
  -7.5746100e-02
  -2.1951400e-02
  -1.9046600e-02
  -3.7337400e-02
  -5.7743700e-02
  -6.4260600e-02
  -6.2949100e-02
  -5.6844500e-02
  -5.9796500e-02
  -7.7469200e-02
  -9.1891100e-02
  -9.4493300e-02
  -8.6894500e-02
  -8.2614700e-02
  -8.5194400e-02
  -8.6339000e-02
  -8.0261000e-02
  -6.3920800e-02
   4.9576600e-03
   5.6767400e-02
   5.4823100e-02
   2.6651600e-02
  -1.6035600e-02
  -4.8444200e-02
  -6.5476300e-02
  -5.9754300e-02
  -1.4068600e-02
   2.2620600e-02
   2.1854500e-02
   1.4750000e-02
   9.7446900e-03
   1.6538800e-02
   3.0453400e-02
   4.9232500e-02
   5.6686500e-02
   4.6129400e-02
   3.1312700e-02
   3.4032900e-02
   4.7330400e-02
   6.5192500e-02
   7.8277900e-02
   8.3079900e-02
   8.1545700e-02
   8.4269000e-02
   8.7694000e-02
   9.2473500e-02
   6.9560100e-02
   2.9521900e-02
   3.3506800e-02
   5.4208600e-02
   7.5605000e-02
   8.6572900e-02
   8.3412800e-02
   6.8891900e-02
   5.3784500e-02
   4.6940100e-02
   4.8066100e-02
   5.1623700e-02
   4.5888000e-02
   3.5070800e-02
   2.7243100e-02
   3.2932500e-02
   4.5859800e-02
   4.9233900e-02
   4.6111500e-02
   5.9501900e-02
   7.4045900e-02
   6.9837200e-02
   5.7461400e-02
   4.6900100e-02
   5.0615800e-02
   7.0703600e-02
   9.8726900e-02
   1.1666800e-01
   1.1792500e-01
   1.1112200e-01
   1.1340600e-01
   1.1452100e-01
   1.0979900e-01
   1.0278400e-01
   1.0221600e-01
   1.0555400e-01
   1.0136100e-01
   8.5591600e-02
   4.5578800e-02
  -1.2901000e-02
  -9.2261200e-02
  -1.2713800e-01
  -1.2182100e-01
  -9.6069400e-02
  -7.1650700e-02
  -6.3662300e-02
  -5.9523200e-02
  -7.2511100e-02
  -9.5002200e-02
  -1.2521500e-01
  -1.4979000e-01
  -1.6592200e-01
  -1.7219900e-01
  -1.6897600e-01
  -1.6433200e-01
  -1.6103500e-01
  -1.4896000e-01
  -1.2095800e-01
  -9.3322900e-02
  -8.0520000e-02
  -7.5105000e-02
  -6.8533300e-02
  -5.4848100e-02
  -2.4121800e-02
   6.2883100e-03
   1.1320800e-02
   5.3903900e-03
  -4.2824300e-03
  -9.3020200e-03
  -3.3229800e-04
   1.4658500e-02
   3.2397100e-02
   3.8861700e-02
   3.0868900e-02
  -2.3041400e-02
  -6.5015500e-02
  -6.4857600e-02
  -3.6340600e-02
   5.9270100e-03
   1.9417400e-02
   2.0502500e-02
   1.5591000e-02
   2.0326700e-02
   2.7347200e-02
   3.9045400e-02
   5.1046600e-02
   6.2262400e-02
   7.0064200e-02
   7.0800500e-02
   6.0685000e-02
   3.8074500e-02
   1.7721200e-02
   7.1242700e-03
   9.0162200e-03
   2.3810100e-02
   4.7375000e-02
   6.8058400e-02
   7.3653000e-02
   5.4240200e-02
   1.5719700e-02
  -8.0117600e-03
  -1.3033400e-02
  -5.0724400e-03
   1.4669500e-02
   3.4847000e-02
   4.4181900e-02
   3.7343600e-02
   2.2544300e-02
   8.2886100e-03
   1.2504500e-03
  -3.8364500e-03
  -8.5418700e-03
  -6.4775500e-03
  -6.7021000e-03
  -1.3412800e-02
  -2.3560000e-02
  -2.4801400e-02
  -1.2761500e-02
   2.4128500e-03
   1.3119600e-02
   1.1117200e-02
  -1.8257200e-03
  -1.8412100e-02
  -2.9983100e-02
  -3.0284200e-02
  -2.0255700e-02
  -7.2284200e-03
   2.2482500e-03
  -4.1483300e-03
  -1.6402800e-02
  -2.5651300e-02
  -2.3509400e-02
  -9.3550300e-03
   8.7875600e-03
   2.3951700e-02
   2.2170700e-02
   5.8474600e-03
  -1.2120000e-02
  -2.4477500e-02
  -2.5524100e-02
  -1.9396100e-02
  -2.0352000e-02
  -2.9265900e-02
  -3.4105000e-02
  -3.3267700e-02
  -3.0031400e-02
  -2.1106600e-02
  -8.8361000e-03
  -2.6693300e-03
  -1.3644700e-02
  -2.9723100e-02
  -3.8534000e-02
  -3.7752800e-02
  -3.9165700e-02
  -4.6032500e-02
  -5.6961900e-02
  -6.1259300e-02
  -4.4575300e-02
  -2.1026800e-02
  -7.7720000e-03
  -1.1211600e-02
  -1.4408400e-02
  -7.6816700e-03
   5.8260400e-03
   1.7029600e-02
   1.7574100e-02
   1.4741400e-02
   1.7660500e-02
   2.6519100e-02
   3.5347000e-02
   3.9659400e-02
   4.1020000e-02
   4.3051700e-02
   3.7978000e-02
   2.7870700e-02
   1.8490700e-02
   1.2139000e-02
   8.4301000e-03
   4.3305800e-03
  -3.6408700e-03
  -1.7296800e-02
  -3.2003300e-02
  -4.6452700e-02
  -4.9529200e-02
  -3.9006000e-02
  -2.7505600e-02
  -1.9058100e-02
  -1.7045800e-02
  -1.5484400e-02
  -9.0788900e-03
   7.9049200e-04
   9.1390500e-03
   1.3824800e-02
   1.7826100e-02
   2.3715400e-02
   2.8001400e-02
   3.1390700e-02
   3.9505700e-02
   4.8047000e-02
   5.4597300e-02
   5.3485400e-02
   4.4554100e-02
   3.5031200e-02
   2.8539800e-02
   3.2520800e-02
   3.9572900e-02
   4.6748500e-02
