   1.5113500e-01
   1.5970900e-01
   1.6499100e-01
   1.6686600e-01
   1.6576900e-01
   1.6166000e-01
   1.5430200e-01
   1.4417700e-01
   1.3154700e-01
   1.1605600e-01
   9.7432200e-02
   7.5975600e-02
   5.3107600e-02
   3.0654600e-02
   1.0181100e-02
  -6.2834000e-03
  -1.6155400e-02
  -1.8325700e-02
  -1.4884200e-02
  -8.8280300e-03
  -1.6611000e-03
   5.4492000e-03
   1.1927600e-02
   1.8210900e-02
   2.4437600e-02
   2.9739600e-02
   3.1988900e-02
   2.9547900e-02
   2.2933900e-02
   1.2961000e-02
  -2.4547000e-04
  -1.6078600e-02
  -3.3887000e-02
  -5.3190500e-02
  -7.3064900e-02
  -9.1484800e-02
  -1.0535200e-01
  -1.1301200e-01
  -1.1540000e-01
  -1.1348700e-01
  -1.0612700e-01
  -9.2343000e-02
  -7.4602100e-02
  -5.7134400e-02
  -4.3257000e-02
  -3.4309200e-02
  -2.8864500e-02
  -2.4605300e-02
  -2.0624300e-02
  -1.7210500e-02
  -1.4403600e-02
  -1.1531400e-02
  -7.7172800e-03
  -2.3589700e-03
   4.1956600e-03
   1.0791500e-02
   1.5924200e-02
   1.8678000e-02
   1.9219200e-02
   1.7633500e-02
   1.3987700e-02
   8.4214600e-03
   8.8653400e-04
  -8.0241300e-03
  -1.7538100e-02
  -2.6506000e-02
  -3.2337500e-02
  -3.2984600e-02
  -2.8781500e-02
  -2.1178300e-02
  -1.2254800e-02
  -4.5564700e-03
   3.7780000e-04
   2.6294000e-03
   3.1543700e-03
   2.4788300e-03
   3.0095400e-04
  -3.2483500e-03
  -7.1150500e-03
  -9.8879900e-03
  -1.0472600e-02
  -8.3880200e-03
  -3.4359600e-03
   4.0372900e-03
   1.3386300e-02
   2.2782400e-02
   2.9204400e-02
   3.1064400e-02
   2.8696600e-02
   2.2391300e-02
   1.1705000e-02
  -3.2889700e-03
  -2.2286000e-02
  -4.4780000e-02
  -6.7016900e-02
  -8.3558300e-02
  -9.2031400e-02
  -9.3151500e-02
  -8.9519300e-02
  -8.3924000e-02
  -7.7692600e-02
  -7.1457100e-02
  -6.5721500e-02
  -6.0459400e-02
  -5.5128200e-02
  -4.8599900e-02
  -3.8593300e-02
  -2.2476200e-02
   3.2933800e-04
   2.8444500e-02
   5.9883400e-02
   9.0917300e-02
   1.1684700e-01
   1.3493100e-01
   1.4519800e-01
   1.4879800e-01
   1.4669200e-01
   1.4021000e-01
   1.3090000e-01
   1.2024500e-01
   1.0925600e-01
   9.8005200e-02
   8.6184000e-02
   7.3921000e-02
   6.2979800e-02
   5.4798600e-02
   4.8461100e-02
   4.2535700e-02
   3.5885200e-02
   2.8138900e-02
   1.9834700e-02
   1.1739100e-02
   4.6861600e-03
  -2.9749100e-04
  -2.1246400e-03
  -1.2400400e-03
   9.7166700e-04
   3.8502400e-03
   7.1966500e-03
   1.1925800e-02
   1.9613800e-02
   3.0141500e-02
   4.0832400e-02
   4.8040900e-02
   4.9694300e-02
   4.6704400e-02
   4.1296900e-02
   3.5236000e-02
   2.9481100e-02
   2.4120800e-02
   1.8078800e-02
   8.1937600e-03
  -8.9499700e-03
  -3.4296600e-02
  -6.4142000e-02
  -9.1448500e-02
  -1.1074400e-01
  -1.2024100e-01
  -1.2095000e-01
  -1.1658700e-01
  -1.1140000e-01
  -1.0793000e-01
  -1.0734800e-01
  -1.0871600e-01
  -1.1029100e-01
  -1.1014200e-01
  -1.0656100e-01
  -9.9019100e-02
  -8.7674400e-02
  -7.2750600e-02
  -5.5275400e-02
  -3.6205300e-02
  -1.4630800e-02
   9.1538600e-03
   3.2360000e-02
   5.3151100e-02
   7.2076200e-02
   8.8410100e-02
   9.9281200e-02
   1.0342400e-01
   1.0225800e-01
   9.9089100e-02
   9.7476900e-02
   9.8859700e-02
   1.0332700e-01
   1.1006100e-01
   1.1675300e-01
   1.2044700e-01
   1.1911500e-01
   1.1282100e-01
   1.0244700e-01
   8.8964900e-02
   7.3705600e-02
   5.8555800e-02
   4.4975200e-02
   3.2739100e-02
   2.0393000e-02
   5.8336400e-03
  -1.2790400e-02
  -3.5134200e-02
  -5.8818000e-02
  -8.0896500e-02
  -9.9077000e-02
  -1.1197800e-01
  -1.1891400e-01
  -1.2126000e-01
  -1.2099300e-01
  -1.1817400e-01
  -1.1157700e-01
  -9.9178600e-02
  -7.9235400e-02
  -5.1388300e-02
  -1.7763000e-02
   1.6242000e-02
   4.5524600e-02
   6.8476900e-02
   8.6718600e-02
   1.0215500e-01
   1.1583800e-01
   1.2834900e-01
   1.3844500e-01
   1.4347300e-01
   1.4169400e-01
   1.3317500e-01
   1.1947300e-01
   1.0265200e-01
   8.4251100e-02
   6.6704300e-02
   5.1462300e-02
   3.7305900e-02
   2.3129300e-02
   8.2621300e-03
  -7.2453100e-03
  -2.1771200e-02
  -3.4105100e-02
  -4.4178300e-02
  -5.1920200e-02
  -5.7718000e-02
  -6.2437900e-02
  -6.6601200e-02
  -7.0383500e-02
  -7.3293800e-02
  -7.4053400e-02
  -7.1899100e-02
  -6.6990900e-02
  -6.0023500e-02
  -5.1467500e-02
  -4.1012900e-02
  -2.8275400e-02
  -1.3508700e-02
   1.6323000e-03
   1.5278700e-02
   2.5634300e-02
   3.0749000e-02
   3.0033700e-02
   2.4654500e-02
   1.6114400e-02
   4.7700100e-03
  -8.7445800e-03
  -2.2404500e-02
  -3.4270400e-02
  -4.3403600e-02
  -4.9793800e-02
  -5.4364700e-02
  -5.8726200e-02
  -6.3406300e-02
  -6.7882900e-02
  -7.2581000e-02
  -7.8037300e-02
  -8.4546100e-02
  -9.2376000e-02
  -1.0065600e-01
  -1.0801900e-01
  -1.1349800e-01
  -1.1577500e-01
  -1.1399100e-01
  -1.0860100e-01
  -1.0011600e-01
  -8.9121700e-02
  -7.6314300e-02
  -6.1789600e-02
  -4.5609600e-02
  -2.8757100e-02
  -1.2708400e-02
   1.9800600e-03
   1.6233700e-02
   3.0973900e-02
   4.5324500e-02
   5.8213300e-02
   7.0589100e-02
   8.5232400e-02
   1.0384500e-01
   1.2383200e-01
   1.4076000e-01
   1.5134700e-01
   1.5400100e-01
   1.4943900e-01
   1.3898100e-01
   1.2373000e-01
   1.0478400e-01
   8.2828900e-02
   5.8738300e-02
   3.3563200e-02
   8.9517800e-03
  -1.2223200e-02
  -2.7271000e-02
  -3.5407100e-02
  -3.8808900e-02
  -4.0129500e-02
  -3.9310700e-02
  -3.4285300e-02
  -2.3618500e-02
  -7.9676400e-03
   1.0725400e-02
   2.9180500e-02
   4.3970800e-02
   5.3147700e-02
   5.6559200e-02
   5.6158300e-02
   5.4985000e-02
   5.5688000e-02
   5.8768300e-02
   6.3224200e-02
   6.8004200e-02
   7.2400000e-02
   7.6141300e-02
   7.8577400e-02
   7.9901200e-02
   8.1185900e-02
   8.3771500e-02
   8.8236500e-02
   9.3587100e-02
   9.8288100e-02
   1.0045300e-01
   9.8982000e-02
   9.4038100e-02
   8.5447700e-02
   7.2176500e-02
   5.3874000e-02
   3.2401500e-02
   1.0871200e-02
  -9.6716600e-03
  -3.1736400e-02
  -5.6584700e-02
  -8.0545000e-02
  -9.9668800e-02
  -1.1134900e-01
  -1.1268700e-01
  -1.0237000e-01
  -8.2070400e-02
  -5.6508500e-02
  -3.0534700e-02
  -5.7252400e-03
   1.6967100e-02
   3.5713500e-02
   4.9779900e-02
   5.9695000e-02
   6.6785300e-02
   7.1790700e-02
   7.4833500e-02
   7.6081100e-02
   7.5934000e-02
   7.4340100e-02
   6.9921600e-02
   6.1517900e-02
   4.9157600e-02
   3.5116100e-02
   2.3245400e-02
   1.5221900e-02
   9.1860200e-03
   1.9248400e-03
  -8.4447100e-03
  -2.1854300e-02
  -3.6851700e-02
  -5.0727200e-02
  -5.9967900e-02
  -6.2554900e-02
  -6.0085400e-02
  -5.5397900e-02
  -4.8445600e-02
  -3.8368000e-02
  -2.5739400e-02
  -1.1225200e-02
   4.9466600e-03
   2.2606000e-02
   4.1068300e-02
   5.8375800e-02
   7.2859600e-02
   8.4675300e-02
   9.3443400e-02
   9.7608300e-02
   9.5074400e-02
   8.5834600e-02
   7.1678000e-02
   5.3965400e-02
   3.5199100e-02
   1.8188300e-02
   3.5631900e-03
  -9.5925900e-03
  -2.1718700e-02
  -3.3250900e-02
  -4.5427600e-02
  -5.8802100e-02
  -7.1685900e-02
  -8.1731400e-02
  -8.7260300e-02
  -8.7341900e-02
  -8.2292100e-02
  -7.3751800e-02
  -6.3210700e-02
  -5.1315100e-02
  -4.0071200e-02
  -3.1801700e-02
  -2.6414500e-02
  -2.2521300e-02
  -1.9196600e-02
  -1.5702900e-02
  -1.1026000e-02
  -4.3602700e-03
   4.4380200e-03
   1.4330300e-02
   2.2859000e-02
   2.8297200e-02
   3.1200700e-02
   3.3556100e-02
   3.7584400e-02
   4.5047100e-02
   5.7766000e-02
   7.5070400e-02
   9.3296500e-02
   1.0967100e-01
   1.2369900e-01
   1.3709000e-01
   1.5010900e-01
   1.5976700e-01
   1.6259000e-01
   1.5535900e-01
   1.3566300e-01
   1.0384700e-01
   6.4970400e-02
   2.6994900e-02
  -5.0242200e-03
  -2.9626100e-02
  -4.6477500e-02
  -5.6093400e-02
  -5.8953500e-02
  -5.6113500e-02
  -4.9697300e-02
  -4.1290800e-02
  -3.1548500e-02
  -2.0848400e-02
  -8.7240600e-03
   5.0931100e-03
   1.8936100e-02
   3.1012800e-02
   4.0527600e-02
   4.7148800e-02
   5.0674300e-02
   4.9301600e-02
   4.1084200e-02
   2.5503900e-02
   2.2605700e-03
  -2.7115500e-02
  -5.9514800e-02
  -9.2627500e-02
  -1.2380200e-01
  -1.4953400e-01
  -1.6784000e-01
  -1.7884300e-01
  -1.8495000e-01
  -1.8947100e-01
  -1.9395700e-01
  -1.9815400e-01
  -2.0100900e-01
  -2.0194700e-01
  -2.0093800e-01
  -1.9817700e-01
  -1.9430400e-01
  -1.9058800e-01
  -1.8805200e-01
  -1.8669900e-01
  -1.8616900e-01
  -1.8525700e-01
  -1.8212200e-01
  -1.7605100e-01
  -1.6742100e-01
  -1.5540600e-01
  -1.3857400e-01
  -1.1801300e-01
  -9.5966800e-02
  -7.3163600e-02
  -4.7133600e-02
  -1.5761200e-02
   1.7098700e-02
   4.5403900e-02
   6.4785000e-02
   7.3309600e-02
   7.1679800e-02
   6.1209200e-02
   4.3360600e-02
   2.2430500e-02
   4.7787300e-03
  -7.4547300e-03
  -1.5795800e-02
  -2.1283500e-02
  -2.3320600e-02
  -2.0851300e-02
  -1.5395100e-02
  -9.3452000e-03
  -3.8309500e-03
   2.0479800e-03
   1.0452600e-02
   2.2108200e-02
   3.6058600e-02
   5.0913800e-02
   6.6051500e-02
   8.0288800e-02
   9.2479300e-02
   1.0353500e-01
   1.1374400e-01
   1.2101000e-01
   1.2245400e-01
   1.1639600e-01
   1.0218400e-01
   7.9201800e-02
   4.8063200e-02
   1.1054000e-02
  -2.8104400e-02
  -6.6186800e-02
  -1.0072400e-01
  -1.2803000e-01
  -1.4600000e-01
  -1.5564200e-01
  -1.5788400e-01
  -1.5210600e-01
  -1.3722500e-01
  -1.1496500e-01
  -9.1310100e-02
  -7.0564000e-02
  -5.0759400e-02
  -2.8167100e-02
  -2.5094600e-03
   2.3747300e-02
   4.8037300e-02
   6.9741800e-02
   8.8977800e-02
   1.0467100e-01
   1.1493100e-01
   1.1837300e-01
   1.1635300e-01
   1.1025000e-01
   9.8676600e-02
   7.9424000e-02
   5.2937000e-02
   2.3847300e-02
  -3.1840800e-03
  -2.6171000e-02
  -4.4035100e-02
  -5.6888100e-02
  -6.6398300e-02
  -7.3303600e-02
  -7.5359300e-02
  -6.8269100e-02
  -5.0657300e-02
  -2.5187500e-02
   5.6157100e-03
   3.9068900e-02
   7.1185300e-02
   9.8655100e-02
   1.1939800e-01
   1.3280900e-01
   1.4063700e-01
   1.4503300e-01
   1.4630900e-01
   1.4365400e-01
   1.3586900e-01
   1.2248500e-01
   1.0428900e-01
   8.1588000e-02
   5.4406500e-02
   2.5014700e-02
  -2.6754700e-03
  -2.5981800e-02
  -4.4231300e-02
  -5.7785600e-02
  -6.7012300e-02
  -7.2365900e-02
  -7.4049300e-02
  -7.2042400e-02
  -6.5888700e-02
  -5.5239700e-02
  -4.1278900e-02
  -2.6002400e-02
  -1.2165800e-02
  -2.3542200e-03
   1.6981700e-03
  -1.1247700e-03
  -1.0287300e-02
  -2.4096800e-02
  -4.1397200e-02
  -6.1778800e-02
  -8.4071900e-02
  -1.0485500e-01
  -1.2086700e-01
  -1.3136900e-01
  -1.3609400e-01
  -1.3413500e-01
  -1.2427700e-01
  -1.0721100e-01
  -8.6827400e-02
  -6.7520400e-02
  -5.1350600e-02
  -3.7881300e-02
  -2.6824800e-02
  -1.8847800e-02
  -1.3911400e-02
  -1.1192100e-02
  -1.0063900e-02
  -9.3329100e-03
  -7.2735000e-03
  -2.1840500e-03
   8.0211000e-03
   2.5077600e-02
   4.9443100e-02
   7.8245400e-02
   1.0716800e-01
   1.3305200e-01
   1.5323400e-01
   1.6633600e-01
   1.7140000e-01
   1.6828400e-01
   1.5915600e-01
   1.4774700e-01
   1.3733100e-01
   1.2881400e-01
   1.2102200e-01
   1.1204600e-01
   1.0104500e-01
   8.8386400e-02
   7.5663200e-02
   6.5843300e-02
   6.0419000e-02
   5.8747700e-02
   5.9908000e-02
   6.3221300e-02
   6.7941800e-02
   7.3356700e-02
   7.8829600e-02
   8.3435100e-02
   8.6401600e-02
   8.7610200e-02
   8.7659200e-02
   8.7387700e-02
   8.7479400e-02
   8.8340700e-02
   8.9971000e-02
   9.1730900e-02
   9.2140300e-02
   8.9478800e-02
   8.1710500e-02
   6.6619800e-02
   4.3339500e-02
   1.3565000e-02
  -1.7941100e-02
  -4.7218400e-02
  -7.4961800e-02
  -1.0159800e-01
  -1.2408200e-01
  -1.3936900e-01
  -1.4641600e-01
  -1.4509300e-01
  -1.3534100e-01
  -1.1913800e-01
  -9.9479000e-02
  -7.7788700e-02
  -5.6446700e-02
  -3.9645900e-02
  -2.9173600e-02
  -2.3304000e-02
  -1.9190100e-02
  -1.4001800e-02
  -6.1157700e-03
   4.5545400e-03
   1.7897500e-02
   3.3846500e-02
   5.1203700e-02
   6.8254500e-02
   8.4414200e-02
   9.9604300e-02
   1.1307800e-01
   1.2281900e-01
   1.2621300e-01
   1.2235800e-01
   1.1203400e-01
   9.6524700e-02
   7.7661000e-02
   5.7646400e-02
   3.8984000e-02
   2.4000900e-02
   1.2964700e-02
   4.8788000e-03
  -4.7507000e-04
  -3.8482100e-03
  -6.0567000e-03
  -7.8500700e-03
  -1.0545500e-02
  -1.4615300e-02
  -1.9903800e-02
  -2.5895100e-02
  -3.1675000e-02
  -3.6375900e-02
  -3.8848400e-02
  -3.8317800e-02
  -3.5414000e-02
  -3.0725700e-02
  -2.4253800e-02
  -1.6163400e-02
  -6.3128300e-03
   5.6293600e-03
   1.8578700e-02
   3.0594700e-02
   4.0849400e-02
   4.9229400e-02
   5.5685000e-02
   5.9810300e-02
   6.1137900e-02
   6.0252500e-02
   5.8496000e-02
   5.7073200e-02
   5.6916300e-02
   5.7676300e-02
   5.8390300e-02
   5.9201500e-02
   6.0066000e-02
   6.0463300e-02
   6.0315800e-02
   5.9726700e-02
   5.8557500e-02
   5.6354000e-02
   5.1892000e-02
   4.4047000e-02
   3.4684000e-02
   2.8284500e-02
   2.7327400e-02
   2.8882700e-02
   2.2811300e-02
  -2.6255900e-03
  -3.9800100e-02
  -6.4665300e-02
  -7.0270000e-02
  -6.9861600e-02
  -7.3284400e-02
  -7.8741100e-02
  -8.1094200e-02
  -7.9438800e-02
  -7.6061200e-02
  -7.2958800e-02
  -7.0353600e-02
  -6.7516400e-02
  -6.4768200e-02
  -6.3198300e-02
  -6.3833200e-02
  -6.6603200e-02
  -7.0084600e-02
  -7.3423800e-02
  -7.5753200e-02
  -7.5879800e-02
  -7.3930200e-02
  -7.0318900e-02
  -6.5625700e-02
  -6.1186500e-02
  -5.7815100e-02
  -5.5616900e-02
  -5.4029100e-02
  -5.2152700e-02
  -4.8427100e-02
  -4.1889500e-02
  -3.2822500e-02
  -2.1583100e-02
  -1.0023200e-02
  -3.8360100e-04
   5.9692700e-03
   8.5047800e-03
   7.8739600e-03
   4.3033100e-03
  -2.6837700e-03
  -1.2881700e-02
  -2.5098200e-02
  -3.8744800e-02
  -5.3516500e-02
  -6.8356900e-02
  -8.1598800e-02
  -9.1035100e-02
  -9.6156500e-02
  -9.8074000e-02
  -9.7408400e-02
  -9.5280000e-02
  -9.2769800e-02
  -9.0564100e-02
  -8.9727800e-02
  -8.9965200e-02
  -8.9859900e-02
  -8.8067700e-02
  -8.4130800e-02
  -7.8075700e-02
  -7.1079600e-02
  -6.5020700e-02
  -5.9900200e-02
  -5.5324200e-02
  -5.1180900e-02
  -4.7606500e-02
  -4.5006800e-02
  -4.3178900e-02
  -4.2569000e-02
  -4.3969500e-02
  -4.6709000e-02
  -5.0726800e-02
  -5.5668500e-02
  -5.9500400e-02
  -6.1808800e-02
  -6.2389100e-02
  -6.0167100e-02
  -5.4946100e-02
  -4.6919800e-02
  -3.6869500e-02
  -2.6713400e-02
  -1.9079600e-02
  -1.5570400e-02
  -1.5713100e-02
  -1.8462700e-02
  -2.2838700e-02
  -2.8388000e-02
  -3.5000200e-02
  -4.1162000e-02
  -4.5115500e-02
  -4.6323600e-02
  -4.4528000e-02
  -3.9107700e-02
  -2.9716400e-02
  -1.7085700e-02
  -3.0612900e-03
   9.5571800e-03
   2.0178000e-02
   3.1461700e-02
   4.3385700e-02
   5.2995300e-02
   5.9242900e-02
   6.3154000e-02
   6.6300300e-02
   6.9082800e-02
   7.0260300e-02
   6.8909800e-02
   6.4499700e-02
   5.5872800e-02
   4.2807300e-02
   2.6326300e-02
   7.2965000e-03
  -1.2974000e-02
  -3.2845500e-02
  -5.1501100e-02
  -6.8370700e-02
  -8.2975200e-02
  -9.4924200e-02
  -1.0323200e-01
  -1.0640300e-01
  -1.0427700e-01
  -9.8184000e-02
  -8.8324100e-02
  -7.4399800e-02
  -5.7077900e-02
  -3.8862400e-02
  -2.3223000e-02
  -1.0809800e-02
   5.7447800e-04
   1.3201400e-02
   2.7607500e-02
   4.3339600e-02
   6.0399400e-02
   7.8677900e-02
   9.6955400e-02
   1.1354000e-01
   1.2814700e-01
   1.4082100e-01
   1.5098500e-01
   1.5670700e-01
   1.5679500e-01
   1.5173100e-01
   1.4150700e-01
   1.2650600e-01
   1.0873100e-01
   9.2386400e-02
   7.9539600e-02
   6.8518800e-02
   5.6717000e-02
   4.1990600e-02
   2.4658100e-02
   7.2596100e-03
  -8.2000900e-03
  -2.1177200e-02
  -3.1331800e-02
  -3.7001300e-02
  -3.7143500e-02
  -3.3939700e-02
  -2.9743400e-02
  -2.5563000e-02
  -2.1978700e-02
  -1.8790300e-02
  -1.6189500e-02
  -1.5046100e-02
  -1.5355400e-02
  -1.6559300e-02
  -1.7872600e-02
  -1.7814700e-02
  -1.5279700e-02
  -1.0043600e-02
  -2.5717700e-03
   6.5180100e-03
   1.6421600e-02
   2.5606800e-02
   3.3909300e-02
   4.1047800e-02
   4.5101400e-02
   4.5945900e-02
   4.3811000e-02
   3.8585500e-02
   3.1511600e-02
   2.3956100e-02
   1.7557300e-02
   1.3127600e-02
   1.0417400e-02
   8.4251700e-03
   6.0618800e-03
   2.4325100e-03
  -3.4022800e-03
  -1.1767100e-02
  -2.4797900e-02
  -4.2938000e-02
  -6.3293400e-02
  -8.1566600e-02
  -9.3463500e-02
  -9.8119000e-02
  -9.6407800e-02
  -9.0259100e-02
  -8.1861300e-02
  -7.2078700e-02
  -6.2174300e-02
  -5.3732300e-02
  -4.7658500e-02
  -4.4119800e-02
  -4.3283800e-02
  -4.5115900e-02
  -4.8640100e-02
  -5.2165600e-02
  -5.4033000e-02
  -5.3303300e-02
  -4.9935400e-02
  -4.5180900e-02
  -4.0355700e-02
  -3.6585800e-02
  -3.4456800e-02
  -3.4381000e-02
  -3.6675300e-02
  -3.9870600e-02
  -4.2429400e-02
  -4.2987500e-02
  -4.1458700e-02
  -3.9125800e-02
  -3.6301200e-02
  -3.3548000e-02
  -3.0024400e-02
  -2.4334300e-02
  -1.6616800e-02
  -6.5553500e-03
   4.8466700e-03
   1.5540800e-02
   2.4747300e-02
   3.2303600e-02
   3.9939600e-02
   4.8824300e-02
   5.8605200e-02
   6.9893100e-02
   8.1995600e-02
   9.3531200e-02
   1.0294700e-01
   1.0777200e-01
   1.0727600e-01
   1.0294100e-01
   9.6279200e-02
   8.7912100e-02
   7.9537900e-02
   7.3036400e-02
   6.8146200e-02
   6.4346700e-02
   6.1427800e-02
   5.8898600e-02
   5.7176800e-02
   5.7508700e-02
   6.0396400e-02
   6.5953300e-02
   7.3360300e-02
   8.1176200e-02
   8.7244400e-02
   8.9601900e-02
   8.7787800e-02
   8.1611000e-02
   7.1711900e-02
   5.9027700e-02
   4.4777000e-02
   2.9430500e-02
   1.2295100e-02
  -6.1627500e-03
  -2.3891900e-02
  -3.7658000e-02
  -4.4812400e-02
  -4.6385500e-02
  -4.4703600e-02
  -4.1349000e-02
  -3.6454600e-02
  -2.9259100e-02
  -2.1137400e-02
  -1.3074200e-02
  -5.0083800e-03
   2.4335800e-03
   9.2935300e-03
   1.5591600e-02
   2.0615900e-02
   2.4184200e-02
   2.5313900e-02
   2.2787500e-02
   1.6547100e-02
   7.0038600e-03
  -5.3663700e-03
  -1.9416100e-02
  -3.3729000e-02
  -4.6937300e-02
  -5.6433600e-02
  -6.0422100e-02
  -5.9217600e-02
  -5.3298000e-02
  -4.3419400e-02
  -3.0829000e-02
  -1.7696800e-02
  -6.7291400e-03
   1.2331700e-03
   5.1161200e-03
   4.0233100e-03
  -6.4989200e-04
  -7.7474600e-03
  -1.7425700e-02
  -3.0271000e-02
  -4.5449700e-02
  -5.9963400e-02
  -7.1691800e-02
  -7.9674300e-02
  -8.3053700e-02
  -8.2376500e-02
  -7.8018000e-02
  -7.0120700e-02
  -5.9051400e-02
  -4.4204100e-02
  -2.6320400e-02
  -7.6624600e-03
   1.1345100e-02
   3.0888300e-02
   4.9092400e-02
   6.3547000e-02
   7.4013500e-02
   8.1732300e-02
   8.7048000e-02
   8.9929300e-02
   9.0182000e-02
   8.6870600e-02
   7.9080500e-02
   6.6458400e-02
   5.0075900e-02
   3.1576400e-02
   1.1554600e-02
  -8.0762500e-03
  -2.5405500e-02
  -4.2902000e-02
  -6.2015900e-02
  -7.9075600e-02
  -8.9968600e-02
  -9.3162100e-02
  -8.8610500e-02
  -7.6600500e-02
  -5.8412100e-02
  -3.5097300e-02
  -8.8283600e-03
   1.4636700e-02
   3.0455800e-02
   3.9308000e-02
   4.4166900e-02
   4.6133600e-02
   4.5081700e-02
   4.1585900e-02
   3.7483600e-02
   3.4877400e-02
   3.5165900e-02
   3.8211000e-02
   4.2846100e-02
   4.7726600e-02
   5.1581700e-02
   5.4162400e-02
   5.5612500e-02
   5.5806400e-02
   5.4540700e-02
   5.1287300e-02
   4.6558700e-02
   4.1112900e-02
   3.4957800e-02
   2.8607700e-02
   2.2622300e-02
   1.7122900e-02
   1.1883800e-02
   6.0075400e-03
  -1.8103700e-03
  -1.2196400e-02
  -2.4903700e-02
  -3.8398900e-02
  -5.0092800e-02
  -5.8333300e-02
  -6.2212000e-02
  -6.1621900e-02
  -5.8288500e-02
  -5.4196100e-02
  -5.0249200e-02
  -4.6866600e-02
  -4.3687800e-02
  -4.0274500e-02
  -3.7265000e-02
  -3.5043400e-02
  -3.3917500e-02
  -3.4343300e-02
  -3.6687600e-02
  -4.1907300e-02
  -5.0045100e-02
  -5.9160100e-02
  -6.7061700e-02
  -7.2273600e-02
  -7.4398400e-02
  -7.3313500e-02
  -6.8330900e-02
  -6.0185300e-02
  -4.9982900e-02
  -3.8260400e-02
  -2.6354200e-02
  -1.6275100e-02
  -9.5026100e-03
  -5.5274200e-03
  -2.6882200e-03
   6.5297300e-04
   5.1535100e-03
   1.0066300e-02
   1.4159000e-02
   1.6486600e-02
   1.6666300e-02
   1.4923000e-02
   1.2112400e-02
   9.7472800e-03
   8.5097200e-03
   8.2097500e-03
   9.2817300e-03
   1.2107200e-02
   1.7156700e-02
   2.3625600e-02
   2.9761400e-02
   3.4623900e-02
   3.8051300e-02
   4.0220000e-02
   4.1126100e-02
   4.1578700e-02
   4.1619800e-02
   4.0780100e-02
   3.9241900e-02
   3.7414700e-02
   3.6539100e-02
   3.6844900e-02
   3.7580500e-02
   3.8671200e-02
   3.9758000e-02
   4.0050700e-02
   3.9025800e-02
   3.6650100e-02
   3.3480000e-02
   3.0301100e-02
   2.8144700e-02
   2.7478900e-02
   2.7805500e-02
   2.8189100e-02
   2.7413400e-02
   2.5041000e-02
   2.1361400e-02
   1.7567800e-02
   1.4881500e-02
   1.2985700e-02
   1.0865300e-02
   7.1007100e-03
   7.6412100e-04
  -8.4488600e-03
  -2.0698900e-02
  -3.4244800e-02
  -4.5318200e-02
  -5.1969200e-02
  -5.6016000e-02
  -5.9455100e-02
  -6.2806000e-02
  -6.5825100e-02
  -6.7567600e-02
  -6.7105100e-02
  -6.2821200e-02
  -5.3685000e-02
  -4.0732000e-02
  -2.5105700e-02
  -8.8914300e-03
   5.0873300e-03
   1.5020900e-02
   2.1124500e-02
   2.5617300e-02
   3.0073200e-02
   3.5916500e-02
   4.3169600e-02
   4.9766400e-02
   5.4300900e-02
   5.5307700e-02
   5.1571500e-02
   4.3110300e-02
   3.0893400e-02
   1.7278600e-02
   4.4231500e-03
  -6.4793500e-03
  -1.4821900e-02
  -2.1468700e-02
  -2.7167500e-02
  -3.1912200e-02
  -3.5638900e-02
  -3.6928900e-02
  -3.5171800e-02
  -3.1994200e-02
  -2.9323500e-02
  -2.8307200e-02
  -2.9765500e-02
  -3.4003500e-02
  -3.9678000e-02
  -4.5141400e-02
  -4.8997200e-02
  -5.1127200e-02
  -5.2104700e-02
  -5.2208800e-02
  -5.2676800e-02
  -5.4217400e-02
  -5.6330800e-02
  -5.8377400e-02
  -5.9746300e-02
  -5.9879500e-02
  -5.8565500e-02
  -5.5416100e-02
  -4.9396800e-02
  -3.9982100e-02
  -2.8640300e-02
  -1.8039300e-02
  -1.0234100e-02
  -6.2967800e-03
  -6.1342800e-03
  -8.5167300e-03
  -1.1951100e-02
  -1.5006500e-02
  -1.6568100e-02
  -1.5712900e-02
  -1.1488500e-02
  -4.4479600e-03
   3.6635600e-03
   1.1216100e-02
   1.6787000e-02
   2.0696800e-02
   2.3936400e-02
   2.6487400e-02
   2.8721100e-02
   3.0959600e-02
   3.3216700e-02
   3.5783900e-02
   3.9025300e-02
   4.3539900e-02
   4.9610600e-02
   5.6205000e-02
   6.1183400e-02
   6.2265800e-02
   5.7606800e-02
   4.7821300e-02
   3.5436500e-02
   2.2938500e-02
   1.3005800e-02
   7.1948800e-03
   4.7145900e-03
   3.4954600e-03
   2.3711200e-03
   1.1348000e-03
  -3.4421900e-04
  -2.7569800e-03
  -6.6213600e-03
  -1.1304300e-02
  -1.6194900e-02
  -2.0629700e-02
  -2.4018500e-02
  -2.5929800e-02
  -2.5304800e-02
  -2.1927500e-02
  -1.7025100e-02
  -1.1822300e-02
  -6.7436500e-03
  -1.9085400e-03
   2.3759400e-03
   5.9839500e-03
   8.6448200e-03
   9.8518100e-03
   9.5130500e-03
   8.0999000e-03
   6.6010700e-03
   6.4772400e-03
   9.3032200e-03
   1.7338900e-02
   3.2229400e-02
   5.1343200e-02
   6.8575000e-02
   7.9627700e-02
   8.3919600e-02
   8.3021500e-02
   7.8757900e-02
   7.1304400e-02
   5.9934300e-02
   4.5245300e-02
   3.0079300e-02
   1.7136400e-02
   6.8472900e-03
  -1.2392100e-03
  -7.0294500e-03
  -9.9449100e-03
  -1.0309000e-02
  -9.5223000e-03
  -8.9674400e-03
  -9.9249000e-03
  -1.3064200e-02
  -1.8154900e-02
  -2.4528700e-02
  -3.1348300e-02
  -3.8215200e-02
  -4.5339700e-02
  -5.2898900e-02
  -6.0545200e-02
  -6.8194200e-02
  -7.6377600e-02
  -8.4287900e-02
  -9.0651600e-02
  -9.5988700e-02
  -1.0095100e-01
  -1.0544900e-01
  -1.0940200e-01
  -1.1266700e-01
  -1.1506600e-01
  -1.1634800e-01
  -1.1582300e-01
  -1.1277200e-01
  -1.0669600e-01
  -9.7209700e-02
  -8.4066600e-02
  -6.7480200e-02
  -4.8984800e-02
  -3.0492500e-02
  -1.3428100e-02
   1.1302000e-03
   1.2982800e-02
   2.1751700e-02
   2.7044400e-02
   3.0013800e-02
   3.2084700e-02
   3.4628700e-02
   3.8829100e-02
   4.4882200e-02
   5.2458200e-02
   6.0569700e-02
   6.8300000e-02
   7.4563600e-02
   7.8122000e-02
   7.9549800e-02
   8.0434900e-02
   8.2032600e-02
   8.5053300e-02
   8.9525600e-02
   9.5157100e-02
   1.0094300e-01
   1.0601800e-01
   1.1039900e-01
   1.1411400e-01
   1.1705000e-01
   1.1847200e-01
   1.1727600e-01
   1.1273300e-01
   1.0479300e-01
   9.3065300e-02
   7.7220200e-02
   5.8794900e-02
   4.0335600e-02
   2.4513900e-02
   1.2800400e-02
   5.4226500e-03
   2.7634800e-03
   4.9780000e-03
   1.0948700e-02
   1.8724200e-02
   2.6640100e-02
   3.3286300e-02
   3.7810200e-02
   3.9802700e-02
   3.8671100e-02
   3.4011100e-02
   2.6648000e-02
   1.7295100e-02
   5.4781600e-03
  -8.1129400e-03
  -2.1911800e-02
  -3.4683900e-02
  -4.4840000e-02
  -5.0529800e-02
  -5.0147500e-02
  -4.3767100e-02
  -3.3556900e-02
  -2.2052100e-02
  -1.0956700e-02
  -9.7829800e-04
   7.7317700e-03
   1.5279600e-02
   2.1690800e-02
   2.6503100e-02
   2.9526200e-02
   3.1678200e-02
   3.4614100e-02
   3.9248200e-02
   4.4927100e-02
   4.9941700e-02
   5.2380200e-02
   5.0950900e-02
   4.4841400e-02
   3.3590400e-02
   1.6903900e-02
  -4.8747700e-03
  -2.9295200e-02
  -5.3223500e-02
  -7.4959300e-02
  -9.3312100e-02
  -1.0702300e-01
  -1.1581900e-01
  -1.2011400e-01
  -1.2001100e-01
  -1.1603100e-01
  -1.0985300e-01
  -1.0404000e-01
  -1.0125800e-01
  -1.0288300e-01
  -1.0809600e-01
  -1.1513500e-01
  -1.2305600e-01
  -1.3123900e-01
  -1.3796600e-01
  -1.4105800e-01
  -1.4012600e-01
  -1.3604400e-01
  -1.2858300e-01
  -1.1684000e-01
  -1.0202400e-01
  -8.6939900e-02
  -7.1955400e-02
  -5.5866200e-02
  -3.8827300e-02
  -2.2584000e-02
  -1.0423000e-02
  -3.7712300e-03
  -9.9371200e-04
  -7.2377600e-04
  -3.0441100e-03
  -8.6594600e-03
  -1.7279200e-02
  -2.7460600e-02
  -3.8495200e-02
  -5.0721900e-02
  -6.3697800e-02
  -7.5680900e-02
  -8.3800200e-02
  -8.5599100e-02
  -8.0130300e-02
  -6.6743400e-02
  -4.5982200e-02
  -2.1135600e-02
   3.0225300e-03
   2.3046200e-02
   3.6446100e-02
   4.1551800e-02
   3.9935600e-02
   3.4863900e-02
   2.8333200e-02
   2.1216800e-02
   1.4268100e-02
   8.1270100e-03
   2.9413900e-03
  -1.1466200e-03
  -3.7011700e-03
  -4.4207900e-03
  -3.5299300e-03
  -1.9086700e-03
  -3.9751100e-04
   3.9804800e-04
  -1.6665100e-05
  -1.7006100e-03
  -4.6603000e-03
  -8.3546500e-03
  -1.1507700e-02
  -1.3579000e-02
  -1.4715800e-02
  -1.5359600e-02
  -1.6019600e-02
  -1.6396300e-02
  -1.5889000e-02
  -1.3765200e-02
  -8.9349400e-03
  -8.6581200e-04
   1.0018000e-02
   2.2407300e-02
   3.5078200e-02
   4.7814700e-02
   6.0837100e-02
   7.4355200e-02
   8.8179600e-02
   1.0071300e-01
   1.0982800e-01
   1.1481300e-01
   1.1592200e-01
   1.1342500e-01
   1.0764400e-01
   9.8875100e-02
   8.7109600e-02
   7.3331700e-02
   5.9949200e-02
   4.8553300e-02
   3.8602700e-02
   2.8991800e-02
   1.9942400e-02
   1.1956900e-02
   5.7811600e-03
   2.1515300e-03
   7.1963300e-04
   1.0717600e-03
   2.3268700e-03
   3.1440500e-03
   2.3993500e-03
  -6.5843800e-04
  -6.0859700e-03
  -1.3111000e-02
  -2.0182000e-02
  -2.5936600e-02
  -2.9767400e-02
  -3.1827500e-02
  -3.2289000e-02
  -3.0527100e-02
  -2.4860400e-02
  -1.3739200e-02
   2.3876600e-03
   2.0455500e-02
   3.6072500e-02
   4.6599800e-02
   5.1613100e-02
   5.1914600e-02
   4.9050600e-02
   4.3927800e-02
   3.6883800e-02
   2.8114600e-02
   1.8508400e-02
   1.0187000e-02
   5.0411900e-03
   3.4622800e-03
   4.5600900e-03
   7.0875000e-03
   1.0216900e-02
   1.3192700e-02
   1.4824000e-02
   1.4326800e-02
   1.1317500e-02
   6.1422100e-03
   1.1055300e-04
  -4.8762600e-03
  -7.8898300e-03
  -8.7832700e-03
  -7.5031300e-03
  -4.9565100e-03
  -2.2471800e-03
  -8.1390600e-04
  -1.8247800e-03
  -6.2175000e-03
  -1.5148900e-02
  -2.8730700e-02
  -4.5244400e-02
  -6.1901100e-02
  -7.6476100e-02
  -8.7028000e-02
  -9.1680000e-02
  -8.9295100e-02
  -7.9474800e-02
  -6.2475200e-02
  -3.8289600e-02
  -8.2741300e-03
   2.0891300e-02
   4.0762300e-02
   4.8353800e-02
   4.6009000e-02
   3.7614900e-02
   2.6757400e-02
   1.7034100e-02
   9.9979300e-03
   4.9635800e-03
   2.3652600e-03
   2.9210000e-03
   6.3340100e-03
   1.2377700e-02
   2.0538600e-02
   2.9957100e-02
   3.9973900e-02
   4.9724800e-02
   5.9005600e-02
   6.7436800e-02
   7.4726700e-02
   8.1285000e-02
   8.6889400e-02
   9.1441400e-02
   9.4525300e-02
   9.5135800e-02
   9.3913600e-02
   9.2093800e-02
   8.9968800e-02
   8.7375400e-02
   8.4562900e-02
   8.1865700e-02
   7.8796400e-02
   7.5928900e-02
   7.3382900e-02
   7.0425700e-02
   6.6036400e-02
   5.8956500e-02
   4.8065800e-02
   3.2400700e-02
   1.2385400e-02
  -1.0693400e-02
  -3.3299300e-02
  -5.2975000e-02
  -6.9983200e-02
  -8.2598100e-02
  -8.8772400e-02
  -8.8908200e-02
  -8.5643400e-02
  -8.1754600e-02
  -7.7149000e-02
  -7.0856300e-02
  -6.3423200e-02
  -5.5793700e-02
  -4.8179900e-02
  -3.9884600e-02
  -3.0101100e-02
  -1.8292200e-02
  -5.1749900e-03
   7.9387100e-03
   2.0036200e-02
   2.9895700e-02
   3.7151900e-02
   4.1432600e-02
   4.3119200e-02
   4.2847100e-02
   4.0166600e-02
   3.6206700e-02
   3.2152100e-02
   2.8004500e-02
   2.4254700e-02
   2.0964500e-02
   1.7658200e-02
   1.4336400e-02
   1.1154200e-02
   8.6520200e-03
   6.7684800e-03
   5.4444800e-03
   5.4987500e-03
   7.5197300e-03
   1.1971100e-02
   1.8706900e-02
   2.7255100e-02
   3.6622700e-02
   4.5405500e-02
   5.3241800e-02
   5.9097600e-02
   6.2230600e-02
   6.3598700e-02
   6.2017300e-02
   5.7214900e-02
   5.0799500e-02
   4.3611900e-02
   3.6742300e-02
   3.0709600e-02
   2.5959000e-02
   2.2178500e-02
   1.9467300e-02
   1.8342500e-02
   1.7916100e-02
   1.7009800e-02
   1.5219700e-02
   1.2864800e-02
   9.9439600e-03
   8.1355000e-03
   7.5908200e-03
   7.5519300e-03
   8.7722400e-03
   9.9512100e-03
   1.0531600e-02
   1.0859900e-02
   1.0704600e-02
   9.0984200e-03
   6.0380400e-03
   1.6574400e-03
  -5.4781300e-03
  -1.4648700e-02
  -2.5588000e-02
  -3.7602900e-02
  -4.8129700e-02
  -5.7100100e-02
  -6.4615600e-02
  -6.9487500e-02
  -7.0537400e-02
  -6.8253600e-02
  -6.2683800e-02
  -5.3581300e-02
  -4.3010600e-02
  -3.2607500e-02
  -2.4789300e-02
  -2.1065200e-02
  -2.0419000e-02
  -2.2643100e-02
  -2.6356700e-02
  -2.9512400e-02
  -3.1499100e-02
  -3.2121800e-02
  -3.0944400e-02
  -2.8514100e-02
  -2.5756700e-02
  -2.1611000e-02
  -1.5406600e-02
  -6.4558400e-03
   5.1340200e-03
   1.7392500e-02
   2.7589700e-02
   3.3726700e-02
   3.6339600e-02
   3.6337400e-02
   3.4856000e-02
   3.2047300e-02
   2.6835000e-02
   2.0119100e-02
   1.3240600e-02
   7.7863000e-03
   4.9033400e-03
   3.6095700e-03
   3.9627800e-03
   5.3642800e-03
   6.9853300e-03
   9.9719700e-03
   1.4718500e-02
   2.1607500e-02
   3.0009200e-02
   3.8479600e-02
   4.6796200e-02
   5.3314800e-02
   5.6321700e-02
   5.6305200e-02
   5.2921000e-02
   4.6177000e-02
   3.7451000e-02
   2.8293600e-02
   2.0256100e-02
   1.4399800e-02
   1.1621000e-02
   1.1175200e-02
   1.3624500e-02
   1.8500800e-02
   2.3045300e-02
   2.6455700e-02
   2.6914500e-02
   2.2742900e-02
   1.4251200e-02
   2.8838300e-03
  -8.4492200e-03
  -1.8950500e-02
  -3.0095100e-02
  -4.1468700e-02
  -5.2159900e-02
  -5.9792800e-02
  -6.1613700e-02
  -5.7844200e-02
  -4.8069900e-02
  -3.1657900e-02
  -1.1562800e-02
   7.4012600e-03
   2.2793600e-02
   3.4299700e-02
   4.2969600e-02
   5.0168900e-02
   5.6109500e-02
   6.0262500e-02
   6.2461700e-02
   6.4407300e-02
   6.6783900e-02
   6.8375000e-02
   6.9953100e-02
   7.1836600e-02
   7.2800400e-02
   7.2576500e-02
   7.1013500e-02
   6.8152400e-02
   6.3256400e-02
   5.6152900e-02
   4.7679200e-02
   3.8127100e-02
   2.8315900e-02
   1.9217500e-02
   1.0731900e-02
   2.9233600e-03
  -3.7905000e-03
  -1.0473900e-02
  -1.7869800e-02
  -2.5444400e-02
  -3.2833900e-02
  -4.0252800e-02
  -4.7437900e-02
  -5.4000300e-02
  -6.0405200e-02
  -6.5617500e-02
  -6.9002000e-02
  -7.1957800e-02
  -7.4118400e-02
  -7.4683600e-02
  -7.4036600e-02
  -7.1400700e-02
  -6.6105600e-02
  -5.9343400e-02
  -5.1968600e-02
  -4.4334700e-02
  -3.7856500e-02
  -3.2822400e-02
  -2.7772200e-02
  -2.2472100e-02
  -1.6937900e-02
  -1.0420400e-02
  -3.1126800e-03
   5.5340000e-03
   1.5915200e-02
   2.6126300e-02
   3.3041100e-02
   3.4655000e-02
   3.1461400e-02
   2.4395600e-02
   1.5042500e-02
   4.5391700e-03
  -6.3765600e-03
  -1.4882600e-02
  -1.9789700e-02
  -2.1228000e-02
  -1.8389200e-02
  -1.0540700e-02
   3.0772700e-03
   2.1024000e-02
   4.0086800e-02
   5.8548200e-02
   7.5600500e-02
   9.0075900e-02
   1.0096500e-01
   1.0797200e-01
   1.1151100e-01
   1.1154900e-01
   1.0821300e-01
   1.0161200e-01
   9.2771900e-02
   8.3729900e-02
   7.5062900e-02
   6.8094200e-02
   6.4381100e-02
   6.2787000e-02
   6.2007000e-02
   6.2900300e-02
   6.4474700e-02
   6.5036300e-02
   6.4638700e-02
   6.2879100e-02
   5.9399500e-02
   5.3768700e-02
   4.5699700e-02
   3.5405100e-02
   2.4521500e-02
   1.4332100e-02
   4.8623700e-03
  -3.1039400e-03
  -9.7604400e-03
  -1.5298000e-02
  -1.8698200e-02
  -1.9070900e-02
  -1.6648700e-02
  -1.1788200e-02
  -4.4669000e-03
   4.1007600e-03
   1.3189600e-02
   2.1802900e-02
   2.9294800e-02
   3.6785800e-02
   4.3760400e-02
   4.9429400e-02
   5.3806200e-02
   5.6164200e-02
   5.5813900e-02
   5.1619200e-02
   4.3347600e-02
   3.2954700e-02
   2.3154600e-02
   1.4936500e-02
   8.2954400e-03
   5.1017300e-03
   5.4100700e-03
   7.9826400e-03
   1.3480200e-02
   2.0778200e-02
   2.7433600e-02
   3.2202400e-02
   3.3885800e-02
   3.2228000e-02
   2.8240000e-02
   2.2136600e-02
   1.4201600e-02
   5.5507900e-03
  -3.8296200e-03
  -1.3217800e-02
  -2.1538400e-02
  -2.9194900e-02
  -3.6167100e-02
  -4.2442200e-02
  -4.8203600e-02
  -5.2835600e-02
  -5.5781000e-02
  -5.7150900e-02
  -5.5839900e-02
  -5.1436300e-02
  -4.4206100e-02
  -3.4546200e-02
  -2.4936800e-02
  -1.7121000e-02
  -1.1101100e-02
  -6.4894100e-03
  -3.3603700e-03
  -1.0877500e-03
   1.6840900e-03
   5.2368400e-03
   8.7446500e-03
   1.1978800e-02
   1.5466400e-02
   1.9309500e-02
   2.3535000e-02
   2.7454800e-02
   3.0221000e-02
   3.1607100e-02
   3.1743900e-02
   3.0760600e-02
   2.8637400e-02
   2.5747800e-02
   2.1933200e-02
   1.7132600e-02
   1.1990500e-02
   6.2201400e-03
  -8.2097800e-04
  -9.2037500e-03
  -1.7945600e-02
  -2.5517700e-02
  -3.0491500e-02
  -3.2162800e-02
  -3.1330300e-02
  -2.8497300e-02
  -2.3442400e-02
  -1.7190300e-02
  -1.1012300e-02
  -5.4485100e-03
  -2.6368900e-03
  -3.3840800e-03
  -6.2941900e-03
  -1.1072200e-02
  -1.6626500e-02
  -2.1241600e-02
  -2.4034200e-02
  -2.5326900e-02
  -2.6266400e-02
  -2.7748600e-02
  -3.0425500e-02
  -3.3811300e-02
  -3.7332500e-02
  -4.1054800e-02
  -4.3914200e-02
  -4.5132300e-02
  -4.5482100e-02
  -4.4624700e-02
  -4.3040700e-02
  -4.1772600e-02
  -4.0633600e-02
  -3.9858000e-02
  -3.9400900e-02
  -3.9404700e-02
  -3.9750900e-02
  -4.0361700e-02
  -4.2021100e-02
  -4.4715200e-02
  -4.7543200e-02
  -4.9852300e-02
  -5.1171200e-02
  -5.1135900e-02
  -4.9351400e-02
  -4.6349900e-02
  -4.3079300e-02
  -3.9190600e-02
  -3.4723000e-02
  -3.0609900e-02
  -2.6791300e-02
  -2.3105200e-02
  -1.9261300e-02
  -1.5201800e-02
  -1.1561400e-02
  -7.7077200e-03
  -3.3503500e-03
   8.1123300e-04
   4.5379900e-03
   7.2945900e-03
   8.2200500e-03
   6.9183000e-03
   4.0090700e-03
   4.4212200e-04
  -3.2694900e-03
  -7.0082200e-03
  -1.1332900e-02
  -1.5964500e-02
  -2.1040000e-02
  -2.5999100e-02
  -2.9494900e-02
  -3.1753800e-02
  -3.3003000e-02
  -3.3490800e-02
  -3.3735400e-02
  -3.4299700e-02
  -3.4570200e-02
  -3.3970000e-02
  -3.2656300e-02
  -2.9913800e-02
  -2.5621000e-02
  -2.0078600e-02
  -1.3921900e-02
  -7.7158500e-03
  -1.4655700e-03
   4.1078400e-03
   8.4941700e-03
   1.1023300e-02
   1.1563800e-02
   1.0958400e-02
   9.4421500e-03
   7.1129200e-03
   4.2243000e-03
   1.3220600e-03
  -1.2334200e-03
  -3.5875600e-03
  -6.2481300e-03
  -1.0511700e-02
  -1.6566800e-02
  -2.3520700e-02
  -3.0544400e-02
  -3.6631000e-02
  -4.1726700e-02
  -4.5863600e-02
  -4.8907800e-02
  -5.0666700e-02
  -4.9876300e-02
  -4.5781000e-02
  -3.9029600e-02
  -2.9761600e-02
  -1.8506500e-02
  -7.0922300e-03
   3.1424400e-03
   1.1441900e-02
   1.7814700e-02
   2.2163800e-02
   2.4252100e-02
   2.4966700e-02
   2.5343600e-02
   2.5243100e-02
   2.4267700e-02
   2.2023900e-02
   1.8116900e-02
   1.3352200e-02
   8.3819300e-03
   3.2650500e-03
  -1.6329200e-03
  -5.5017200e-03
  -7.6143200e-03
  -7.7863500e-03
  -6.2830900e-03
  -3.7479200e-03
  -1.8381300e-04
   3.9216700e-03
   6.8198100e-03
   7.3566800e-03
   5.0498500e-03
   1.9789100e-04
  -6.7702100e-03
  -1.5690800e-02
  -2.6227400e-02
  -3.7742000e-02
  -4.8638300e-02
  -5.7828700e-02
  -6.5168400e-02
  -7.1273900e-02
  -7.6419300e-02
  -7.9901400e-02
  -8.1134700e-02
  -7.9654300e-02
  -7.5916900e-02
  -7.0333400e-02
  -6.2596400e-02
  -5.3099300e-02
  -4.2646300e-02
  -3.2056900e-02
  -2.2440900e-02
  -1.4295400e-02
  -7.4282000e-03
  -2.2332100e-03
   7.3358700e-04
   9.4766500e-04
  -1.9825400e-03
  -7.2035600e-03
  -1.3537800e-02
  -2.0984200e-02
  -2.9295600e-02
  -3.7484100e-02
  -4.4878300e-02
  -5.0466200e-02
  -5.4345100e-02
  -5.7098000e-02
  -5.7957100e-02
  -5.5946900e-02
  -5.0944800e-02
  -4.3203200e-02
  -3.2391600e-02
  -1.8915400e-02
  -4.3236300e-03
   9.5164200e-03
   2.1263700e-02
   3.0297000e-02
   3.5865600e-02
   3.6951300e-02
   3.3669000e-02
   2.7732100e-02
   2.0603100e-02
   1.3292000e-02
   7.2278700e-03
   3.9116700e-03
   4.0455200e-03
   7.7111900e-03
   1.4485100e-02
   2.3240100e-02
   3.2830600e-02
   4.3008300e-02
   5.3741500e-02
   6.3713600e-02
   7.1369600e-02
   7.6201900e-02
   7.7978000e-02
   7.6987400e-02
   7.4188500e-02
   6.9554200e-02
   6.3360700e-02
   5.6902200e-02
   5.0970800e-02
   4.6162100e-02
   4.2641200e-02
   3.9450900e-02
   3.6323700e-02
   3.3306900e-02
   2.9742900e-02
   2.5902700e-02
   2.2009100e-02
   1.8332300e-02
   1.5662900e-02
   1.4037400e-02
   1.3628800e-02
   1.3940400e-02
   1.4256300e-02
   1.4552100e-02
   1.4101000e-02
   1.2462800e-02
   9.6170800e-03
   5.8213100e-03
   1.7715300e-03
  -1.8294100e-03
  -4.6634300e-03
  -6.8096000e-03
  -8.2050200e-03
  -8.6354100e-03
  -7.9272500e-03
  -6.2379800e-03
  -3.4668100e-03
   6.1340800e-04
   5.2925400e-03
   9.5178700e-03
   1.3237900e-02
   1.7139700e-02
   2.1115800e-02
   2.5000600e-02
   2.9299300e-02
   3.4084900e-02
   3.9043200e-02
   4.3804700e-02
   4.7335300e-02
   4.8985300e-02
   4.8859300e-02
   4.6834400e-02
   4.3089700e-02
   3.7911500e-02
   3.1733400e-02
   2.4646800e-02
   1.6361400e-02
   6.8231500e-03
  -4.0259100e-03
  -1.4785800e-02
  -2.3486900e-02
  -3.0255800e-02
  -3.6096200e-02
  -4.1287600e-02
  -4.5322500e-02
  -4.7225300e-02
  -4.6851300e-02
  -4.4586400e-02
  -4.0550800e-02
  -3.4802100e-02
  -2.7701400e-02
  -2.0306300e-02
  -1.3879100e-02
  -9.1728800e-03
  -6.0945700e-03
  -4.3265200e-03
  -3.7499000e-03
  -4.2433900e-03
  -6.2767500e-03
  -9.9404400e-03
  -1.3952100e-02
  -1.7768500e-02
  -2.1125600e-02
  -2.2918500e-02
  -2.2868800e-02
  -2.0933400e-02
  -1.7027300e-02
  -1.1442800e-02
  -4.8388500e-03
   1.5889900e-03
   7.5443900e-03
   1.2352400e-02
   1.4648800e-02
   1.4320000e-02
   1.1255400e-02
   6.4886900e-03
   1.7237700e-03
  -2.6369700e-03
  -5.9329300e-03
  -8.0566400e-03
  -9.3869600e-03
  -9.8665400e-03
  -9.7909100e-03
  -9.4722500e-03
  -9.1514400e-03
  -9.5211400e-03
  -1.0604200e-02
  -1.1811600e-02
  -1.2892300e-02
  -1.3370300e-02
  -1.2944600e-02
  -1.1991100e-02
  -1.0409000e-02
  -8.2807800e-03
  -6.5781100e-03
  -5.9406000e-03
  -6.7904100e-03
  -9.5047300e-03
  -1.3941300e-02
  -1.9870200e-02
  -2.6939800e-02
  -3.4419000e-02
  -4.2104400e-02
  -4.9238700e-02
  -5.4812200e-02
  -5.8632600e-02
  -6.0836800e-02
  -6.1620100e-02
  -6.1020800e-02
  -5.9171000e-02
  -5.6044100e-02
  -5.1928100e-02
  -4.7532600e-02
  -4.3089900e-02
  -3.8789500e-02
  -3.4878300e-02
  -3.1801100e-02
  -2.9908800e-02
  -2.8847000e-02
  -2.8145700e-02
  -2.6861300e-02
  -2.4681600e-02
  -2.1721200e-02
  -1.7657000e-02
  -1.2675400e-02
  -7.3941400e-03
  -2.5335400e-03
   1.6031400e-03
   5.1282600e-03
   7.8196000e-03
   9.8155800e-03
   1.1667800e-02
   1.3524900e-02
   1.5624900e-02
   1.7880000e-02
   2.0088000e-02
   2.2249000e-02
   2.4419900e-02
   2.6619300e-02
   2.9055200e-02
   3.1954500e-02
   3.4905900e-02
   3.7777300e-02
   4.0329800e-02
   4.2098900e-02
   4.3353300e-02
   4.4187700e-02
   4.4378200e-02
   4.4426600e-02
   4.4449300e-02
   4.4062100e-02
   4.3803700e-02
   4.3638700e-02
   4.3001500e-02
   4.2289900e-02
   4.1593800e-02
   4.0959000e-02
   4.0798400e-02
   4.0925000e-02
   4.1278400e-02
   4.1774200e-02
   4.2132200e-02
   4.2352000e-02
   4.2302500e-02
   4.1745200e-02
   4.0406500e-02
   3.8020300e-02
   3.4748000e-02
   3.0931000e-02
   2.6571200e-02
   2.1651500e-02
   1.5975400e-02
   9.4601600e-03
   2.2753400e-03
  -5.3604300e-03
  -1.2868200e-02
  -2.0002600e-02
  -2.6839300e-02
  -3.3016200e-02
  -3.8052000e-02
  -4.1802900e-02
  -4.4360200e-02
  -4.5602400e-02
  -4.5180900e-02
  -4.3238600e-02
  -3.9930300e-02
  -3.5568000e-02
  -3.1295700e-02
  -2.7669700e-02
  -2.4693100e-02
  -2.2343900e-02
  -2.0302700e-02
  -1.8389800e-02
  -1.6073400e-02
  -1.2986200e-02
  -8.8604900e-03
  -3.7993800e-03
   1.2025100e-03
   5.7252900e-03
   9.3759000e-03
   1.1954700e-02
   1.3343800e-02
   1.2732600e-02
   9.7654700e-03
   4.5821900e-03
  -1.7612500e-03
  -8.1018600e-03
  -1.3678100e-02
  -1.7728100e-02
  -2.0317100e-02
  -2.1806400e-02
  -2.2783600e-02
  -2.3972700e-02
  -2.6222300e-02
  -2.9589800e-02
  -3.3239600e-02
  -3.6327100e-02
  -3.8246800e-02
  -3.8820100e-02
  -3.7885400e-02
  -3.5535400e-02
  -3.1832800e-02
  -2.6833400e-02
  -2.0808300e-02
  -1.4176100e-02
  -6.7579800e-03
   1.2366300e-03
   8.4065400e-03
   1.4194100e-02
   1.8477200e-02
   2.0984500e-02
   2.1643700e-02
   2.0385600e-02
   1.8041700e-02
   1.5660800e-02
   1.3421800e-02
   1.1328700e-02
   9.0596000e-03
   6.2011500e-03
   3.0410200e-03
   1.2573800e-04
  -2.4608500e-03
  -4.8078200e-03
  -6.5428200e-03
  -7.8714100e-03
  -9.3241500e-03
  -1.0417100e-02
  -1.0933800e-02
  -1.1163100e-02
  -1.0717500e-02
  -9.3201800e-03
  -7.3512500e-03
  -5.2616800e-03
  -2.9489000e-03
  -1.5775500e-04
   3.3263900e-03
   7.8686000e-03
   1.3255200e-02
   1.9050000e-02
   2.5310900e-02
   3.1734400e-02
   3.7841200e-02
   4.3195800e-02
   4.7322200e-02
   5.0382200e-02
   5.2242000e-02
   5.2808700e-02
   5.2150500e-02
   5.0213900e-02
   4.6507600e-02
   4.0123600e-02
   3.1351600e-02
   2.1116200e-02
   1.1010900e-02
   2.3796500e-03
  -4.4074100e-03
  -8.8138500e-03
  -1.0675400e-02
  -1.0092300e-02
  -7.6395500e-03
  -3.9982400e-03
   5.7509600e-04
   5.4275900e-03
   9.3999000e-03
   1.1350400e-02
   1.0760700e-02
   7.4910700e-03
   2.0610500e-03
  -4.6688200e-03
  -1.2165200e-02
  -1.9019200e-02
  -2.4401000e-02
  -2.8567000e-02
  -3.1245300e-02
  -3.2252100e-02
  -3.1679400e-02
  -3.0195100e-02
  -2.8851400e-02
  -2.8175900e-02
  -2.8253200e-02
  -2.9001200e-02
  -3.0411100e-02
  -3.2150800e-02
  -3.3577500e-02
  -3.3734500e-02
  -3.2123100e-02
  -2.9752800e-02
  -2.7308300e-02
  -2.5118400e-02
  -2.4029100e-02
  -2.4174800e-02
  -2.5175700e-02
  -2.6813900e-02
  -2.8266700e-02
  -2.8573200e-02
  -2.7480500e-02
  -2.4462500e-02
  -1.9502500e-02
  -1.3401000e-02
  -6.9798600e-03
  -1.2429100e-03
   3.4897200e-03
   7.2127900e-03
   9.9198500e-03
   1.2319900e-02
   1.4676400e-02
   1.7267500e-02
   2.0917700e-02
   2.5363600e-02
   2.9810100e-02
   3.4140400e-02
   3.8695300e-02
   4.3179000e-02
   4.7010800e-02
   4.9887600e-02
   5.1518200e-02
   5.2001500e-02
   5.1165900e-02
   4.8855800e-02
   4.5502100e-02
   4.1802200e-02
   3.7938600e-02
   3.3518300e-02
   2.9013000e-02
   2.4693800e-02
   2.0509100e-02
   1.6728200e-02
   1.2905600e-02
   8.5703400e-03
   3.8677400e-03
  -4.4438600e-04
  -4.0080400e-03
  -6.7899200e-03
  -8.2986100e-03
  -8.9955100e-03
  -9.9419300e-03
  -1.1627400e-02
  -1.4338000e-02
  -1.8003700e-02
  -2.1582300e-02
  -2.4266000e-02
  -2.5902300e-02
  -2.6378100e-02
  -2.5446500e-02
  -2.3092300e-02
  -2.0050700e-02
  -1.5931800e-02
  -1.0349400e-02
  -3.8904700e-03
   3.1568600e-03
   1.0151400e-02
   1.6102100e-02
   2.0687500e-02
   2.4465500e-02
   2.7405800e-02
   2.9303200e-02
   2.9799000e-02
   2.8256300e-02
   2.4609700e-02
   1.9327800e-02
   1.3361300e-02
   7.3582100e-03
   2.0871700e-03
  -1.7611000e-03
  -4.3333800e-03
  -6.0220500e-03
  -7.2124400e-03
  -8.2964500e-03
  -9.5468600e-03
  -1.0753400e-02
  -1.1444600e-02
  -1.1209300e-02
  -9.8090200e-03
  -7.5210200e-03
  -4.1893300e-03
   6.7241700e-04
   6.5408100e-03
   1.2701100e-02
   1.8588300e-02
   2.3981900e-02
   2.8658700e-02
   3.1441800e-02
   3.2356700e-02
   3.2012200e-02
   3.0046700e-02
   2.6608200e-02
   2.2183600e-02
   1.7272900e-02
   1.2410500e-02
   8.1006300e-03
   4.8542500e-03
   2.9434400e-03
   2.2420600e-03
   1.9448400e-03
   1.3370600e-03
   9.8137700e-05
  -1.7277400e-03
  -3.6122600e-03
  -5.1485100e-03
  -5.8926300e-03
  -5.9093200e-03
  -5.4429700e-03
  -4.6262300e-03
  -3.7025100e-03
  -2.8452700e-03
  -2.5962300e-03
  -3.4498800e-03
  -5.3319300e-03
  -7.7119800e-03
  -1.0552300e-02
  -1.3772200e-02
  -1.6958000e-02
  -2.0227900e-02
  -2.3720100e-02
  -2.7384600e-02
  -3.1366500e-02
  -3.5603800e-02
  -4.0007500e-02
  -4.4856800e-02
  -4.9875600e-02
  -5.4375100e-02
  -5.7867600e-02
  -6.0104700e-02
  -6.1110800e-02
  -6.1199300e-02
  -6.0302500e-02
  -5.8302600e-02
  -5.5475200e-02
  -5.1708000e-02
  -4.7086100e-02
  -4.2343600e-02
  -3.7627200e-02
  -3.2749200e-02
  -2.8245500e-02
  -2.4338900e-02
  -2.0939900e-02
  -1.7521600e-02
  -1.3970000e-02
  -1.0547300e-02
  -6.8441800e-03
  -3.4011500e-03
  -9.5398300e-04
   5.8999400e-04
   1.3406700e-03
   1.4479500e-03
   1.0295000e-03
   4.6979900e-05
  -1.4495400e-03
  -2.9516300e-03
  -4.3626900e-03
  -6.5277100e-03
  -9.2850500e-03
  -1.2483800e-02
  -1.6279000e-02
  -1.9880400e-02
  -2.3145400e-02
  -2.5891900e-02
  -2.7551300e-02
  -2.7963900e-02
  -2.7064200e-02
  -2.5191400e-02
  -2.2677600e-02
  -1.9756400e-02
  -1.6794600e-02
  -1.4013900e-02
  -1.2036100e-02
  -1.1065100e-02
  -1.0841800e-02
  -1.1175900e-02
  -1.1447900e-02
  -1.1486900e-02
  -1.1187600e-02
  -1.0387600e-02
  -9.2540700e-03
  -8.2057200e-03
  -7.6334000e-03
  -7.5770500e-03
  -8.3030100e-03
  -9.5499500e-03
  -1.0767100e-02
  -1.1561400e-02
  -1.1943400e-02
  -1.2238900e-02
  -1.2132200e-02
  -1.1418900e-02
  -1.0009900e-02
  -7.7715600e-03
  -4.5983900e-03
  -3.4269900e-04
   4.9648400e-03
   1.0901500e-02
   1.6886000e-02
   2.2858500e-02
   2.8638800e-02
   3.3756600e-02
   3.8447100e-02
   4.3211200e-02
   4.7487300e-02
   5.0081900e-02
   5.0395400e-02
   4.7878300e-02
   4.2228000e-02
   3.3926400e-02
   2.3778700e-02
   1.3349000e-02
   3.8318300e-03
  -4.8722200e-03
  -1.2503900e-02
  -1.7957200e-02
  -2.0856300e-02
  -2.1529000e-02
  -2.0060300e-02
  -1.6696300e-02
  -1.2197000e-02
  -7.6072500e-03
  -3.7947800e-03
  -1.2444300e-03
   1.2231300e-04
   5.6923200e-04
   9.1678600e-05
  -1.3680700e-03
  -3.5005500e-03
  -6.0111800e-03
  -8.6350400e-03
  -1.1212000e-02
  -1.3871800e-02
  -1.6007700e-02
  -1.7080200e-02
  -1.7171900e-02
  -1.6462200e-02
  -1.5033300e-02
  -1.2846300e-02
  -1.0301800e-02
  -7.6848200e-03
  -4.7382000e-03
  -1.8898000e-03
   6.6153400e-04
   3.4578700e-03
   6.3923400e-03
   8.9612900e-03
   1.0812000e-02
   1.1434700e-02
   1.0217100e-02
   7.4921200e-03
   3.2335500e-03
  -2.3649500e-03
  -7.5725400e-03
  -1.1143100e-02
  -1.2247600e-02
  -1.0393200e-02
  -6.2954000e-03
  -5.9916200e-04
   6.5399700e-03
   1.4053400e-02
   2.0639600e-02
   2.6006500e-02
   3.0185500e-02
   3.2802000e-02
   3.3347500e-02
   3.1801400e-02
   2.8428200e-02
   2.3764400e-02
   1.8473000e-02
   1.2870900e-02
   6.8519100e-03
   1.3147000e-04
  -7.5369400e-03
  -1.5928600e-02
  -2.3970900e-02
  -3.0960900e-02
  -3.6416000e-02
  -3.9963100e-02
  -4.1939300e-02
  -4.3196200e-02
  -4.4152800e-02
  -4.4815300e-02
  -4.5555600e-02
  -4.5943600e-02
  -4.5884000e-02
  -4.5624300e-02
  -4.5130000e-02
  -4.4696100e-02
  -4.4505400e-02
  -4.4333400e-02
  -4.3844600e-02
  -4.3211300e-02
  -4.1886800e-02
  -3.9615800e-02
  -3.6893800e-02
  -3.3499800e-02
  -2.9536100e-02
  -2.5615500e-02
  -2.1873600e-02
  -1.8541100e-02
  -1.6044900e-02
  -1.4313900e-02
  -1.3360600e-02
  -1.3068800e-02
  -1.2714500e-02
  -1.2230800e-02
  -1.1895000e-02
  -1.1600900e-02
  -1.1111600e-02
  -1.0029400e-02
  -8.1384000e-03
  -5.0491300e-03
  -6.5210500e-04
   4.5639000e-03
   1.0431100e-02
   1.6857200e-02
   2.3158100e-02
   2.8451700e-02
   3.2472300e-02
   3.5128800e-02
   3.5977300e-02
   3.5186500e-02
   3.3135000e-02
   3.0536000e-02
   2.8553700e-02
   2.7467000e-02
   2.7369300e-02
   2.8171300e-02
   2.9700000e-02
   3.1958100e-02
   3.4434800e-02
   3.6729500e-02
   3.8717400e-02
   4.0453100e-02
   4.1916300e-02
   4.2707000e-02
   4.2613300e-02
   4.1528700e-02
   3.9398900e-02
   3.6101900e-02
   3.1340800e-02
   2.5184300e-02
   1.8290300e-02
   1.1123200e-02
   3.9973100e-03
  -2.0391200e-03
  -6.3692300e-03
  -8.9754200e-03
  -9.9498400e-03
  -9.5477600e-03
  -7.8989000e-03
  -5.1885100e-03
  -1.6971300e-03
   1.8635700e-03
   4.8745900e-03
   7.1904000e-03
   9.0894800e-03
   1.0789500e-02
   1.2201500e-02
   1.3609800e-02
   1.4954200e-02
   1.5809700e-02
   1.5983300e-02
   1.5333000e-02
   1.3770600e-02
   1.1532200e-02
   8.8393900e-03
   5.6778600e-03
   2.1113300e-03
  -1.6889400e-03
  -5.1749300e-03
  -7.8460500e-03
  -9.7145800e-03
  -1.0855100e-02
  -1.1489700e-02
  -1.2030800e-02
  -1.2373800e-02
  -1.2512600e-02
  -1.2999300e-02
  -1.4015800e-02
  -1.5281200e-02
  -1.6736400e-02
  -1.8103200e-02
  -1.8639400e-02
  -1.8465400e-02
  -1.7806700e-02
  -1.6458500e-02
  -1.4949400e-02
  -1.3790600e-02
  -1.3053200e-02
  -1.2797300e-02
  -1.2960100e-02
  -1.3177500e-02
  -1.3114500e-02
  -1.2934000e-02
  -1.2723900e-02
  -1.2386000e-02
  -1.1881300e-02
  -1.1139600e-02
  -9.9456900e-03
  -8.2581900e-03
  -6.3452400e-03
  -4.3187400e-03
  -2.4960900e-03
  -1.3202700e-03
  -1.2090300e-03
  -2.0250100e-03
  -3.3019200e-03
  -4.8990900e-03
  -6.2580500e-03
  -7.0301900e-03
  -7.3038600e-03
  -6.7745200e-03
  -5.0411400e-03
  -2.1345500e-03
   1.7206400e-03
   6.1759100e-03
   1.0835700e-02
   1.5618500e-02
   2.0492500e-02
   2.5165400e-02
   2.9320400e-02
   3.2623200e-02
   3.4907000e-02
   3.6369200e-02
   3.7135600e-02
   3.7250000e-02
   3.6970900e-02
   3.6418100e-02
   3.5549600e-02
   3.4509700e-02
   3.3350800e-02
   3.2060400e-02
   3.0565700e-02
   2.8550800e-02
   2.5711800e-02
   2.2488200e-02
   1.9864700e-02
   1.8600200e-02
   1.8920000e-02
   2.0499700e-02
   2.2821100e-02
   2.5214100e-02
   2.7259800e-02
   2.8984200e-02
   3.0151900e-02
   3.0507500e-02
   3.0223300e-02
   2.9345700e-02
   2.8017100e-02
   2.6560600e-02
   2.4915000e-02
   2.2781200e-02
   2.0229200e-02
   1.7417100e-02
   1.4584300e-02
   1.1976900e-02
   9.0050700e-03
   5.1290600e-03
   7.4307100e-04
  -3.2226500e-03
  -6.1494600e-03
  -7.7223100e-03
  -7.8251700e-03
  -6.9010800e-03
  -5.2332400e-03
  -3.0265000e-03
  -3.9583300e-04
   2.5441700e-03
   5.3203500e-03
   7.7638200e-03
   9.8675900e-03
   1.1477000e-02
   1.2646300e-02
   1.3748400e-02
   1.4738100e-02
   1.5764700e-02
   1.7091200e-02
   1.8574200e-02
   2.0312700e-02
   2.2404300e-02
   2.4624400e-02
   2.6907100e-02
   2.9338300e-02
   3.1590000e-02
   3.3390900e-02
   3.4282000e-02
   3.3900700e-02
   3.2133300e-02
   2.9188300e-02
   2.5719200e-02
   2.1781000e-02
   1.7406100e-02
   1.2772500e-02
   8.2504600e-03
   4.3962600e-03
   1.3104400e-03
  -1.0735200e-03
  -2.9039000e-03
  -4.1482400e-03
  -4.7656700e-03
  -4.7068600e-03
  -4.2320400e-03
  -3.6635100e-03
  -2.8357700e-03
  -2.1094800e-03
  -1.5677600e-03
  -1.0008600e-03
  -5.9835200e-04
  -4.0580400e-04
  -6.5037200e-04
  -1.2433600e-03
  -1.7558900e-03
  -2.2431000e-03
  -2.6791100e-03
  -3.0269100e-03
  -3.2960000e-03
  -3.2606800e-03
  -3.0914100e-03
  -3.0797900e-03
  -3.2625300e-03
  -3.5938500e-03
  -3.9194900e-03
  -4.3561300e-03
  -4.8995200e-03
  -5.4058900e-03
  -6.1798100e-03
  -6.7933900e-03
  -6.9520900e-03
  -7.2305000e-03
  -7.7825800e-03
  -8.3618500e-03
  -8.9826000e-03
  -9.6854400e-03
  -1.0143700e-02
  -1.0621600e-02
  -1.1083300e-02
  -1.1261000e-02
  -1.1433100e-02
  -1.1522400e-02
  -1.1639800e-02
  -1.1665000e-02
  -1.1353800e-02
  -1.0943300e-02
  -1.0312200e-02
  -9.4222900e-03
  -8.5138700e-03
  -7.8037100e-03
  -7.4512200e-03
  -7.1846100e-03
  -7.0368800e-03
  -7.3782000e-03
  -7.9654600e-03
  -8.6589000e-03
  -9.7652500e-03
  -1.1150300e-02
  -1.2685800e-02
  -1.4430500e-02
  -1.6016300e-02
  -1.7264700e-02
  -1.8125600e-02
  -1.8508400e-02
  -1.8362100e-02
  -1.7650500e-02
  -1.6320400e-02
  -1.4250100e-02
  -1.1649800e-02
  -8.9351300e-03
  -6.3639400e-03
  -4.0687800e-03
  -2.1600400e-03
  -4.6648700e-04
   8.5206900e-04
   1.6155700e-03
   1.8123000e-03
   1.4666800e-03
   9.4227200e-04
   3.0464300e-04
  -4.7527300e-04
  -1.2072000e-03
  -1.6252900e-03
  -1.9683500e-03
  -2.3805500e-03
  -2.7696100e-03
  -3.2480200e-03
  -3.8369700e-03
  -4.8867400e-03
  -6.1853500e-03
  -7.4360900e-03
  -8.7722900e-03
  -1.0011400e-02
  -1.0974900e-02
  -1.1420700e-02
  -1.1404700e-02
  -1.1355700e-02
  -1.1472200e-02
  -1.1721200e-02
  -1.2198300e-02
  -1.2822800e-02
  -1.3824800e-02
  -1.5198500e-02
  -1.6298800e-02
  -1.7379400e-02
  -1.8314900e-02
  -1.8855100e-02
  -1.9121700e-02
  -1.8589200e-02
  -1.7511700e-02
  -1.6207200e-02
  -1.4357200e-02
  -1.2122500e-02
  -9.5986200e-03
  -6.9662300e-03
  -4.6352800e-03
  -2.6401100e-03
  -9.4017600e-04
   5.9611300e-04
   1.5022100e-03
   1.8984000e-03
   2.5046700e-03
   3.2300000e-03
   4.3728200e-03
   6.1033200e-03
   8.3343700e-03
   1.0702200e-02
   1.2841300e-02
   1.4477400e-02
   1.5172300e-02
   1.5326400e-02
   1.4876800e-02
   1.3509400e-02
   1.2040800e-02
   1.0868700e-02
   9.6240900e-03
   8.7355400e-03
   8.5894400e-03
   8.9484900e-03
   9.9013600e-03
   1.1310900e-02
   1.2903200e-02
   1.4288700e-02
   1.5203400e-02
   1.5547400e-02
   1.5446600e-02
   1.5229200e-02
   1.4733400e-02
   1.3699900e-02
   1.1859400e-02
   9.6914400e-03
   7.0678800e-03
   3.6174500e-03
  -2.2629400e-04
  -4.4139200e-03
  -8.3189600e-03
  -1.1496800e-02
  -1.3438600e-02
  -1.3985300e-02
  -1.3637700e-02
  -1.2270100e-02
  -1.0438800e-02
  -8.6408700e-03
  -6.7866100e-03
  -4.8871300e-03
  -2.8616900e-03
  -1.1339700e-03
   3.2685100e-04
   2.0012500e-03
   3.5453500e-03
   4.8219900e-03
   5.8802800e-03
   6.5814600e-03
   6.8195200e-03
   6.3294100e-03
   5.2553500e-03
   3.9437800e-03
   2.5721200e-03
   1.8480100e-03
   1.8499300e-03
   2.2479900e-03
   3.5169300e-03
   5.3661700e-03
   7.4210600e-03
   1.0005400e-02
   1.2873100e-02
   1.5657200e-02
   1.8420700e-02
   2.1071900e-02
   2.3345000e-02
   2.4690000e-02
   2.4906700e-02
   2.4529900e-02
   2.3876100e-02
   2.2709800e-02
   2.1135000e-02
   1.9472600e-02
   1.7473400e-02
   1.5180600e-02
   1.3042100e-02
   1.1087900e-02
   9.2264400e-03
   7.7822800e-03
   6.5763000e-03
   5.2868700e-03
   4.4461100e-03
   4.0756400e-03
   3.8428800e-03
   4.1751800e-03
   5.4946100e-03
   7.5355900e-03
   9.9545000e-03
   1.2813200e-02
   1.5895600e-02
   1.8869400e-02
   2.1800800e-02
   2.4787500e-02
   2.7479300e-02
   2.9296400e-02
   3.0545700e-02
   3.1417200e-02
   3.1455400e-02
   3.0768000e-02
   2.9054700e-02
   2.6466600e-02
   2.3092300e-02
   1.8864200e-02
   1.4426500e-02
   9.6860700e-03
   4.7323300e-03
   2.4349500e-04
  -3.0720700e-03
  -5.2946000e-03
  -6.8782300e-03
  -8.0014600e-03
  -8.6589800e-03
  -8.7275600e-03
  -8.2043500e-03
  -7.2087200e-03
  -6.4247400e-03
  -5.9825400e-03
  -5.8507500e-03
  -6.2482100e-03
  -6.7484700e-03
  -7.5240100e-03
  -8.7633100e-03
  -1.0171700e-02
  -1.1836400e-02
  -1.3500100e-02
  -1.4874100e-02
  -1.5948200e-02
  -1.6580400e-02
  -1.6760900e-02
  -1.6087900e-02
  -1.4630700e-02
  -1.2919100e-02
  -1.0982200e-02
  -8.9011300e-03
  -6.9607300e-03
  -5.2475800e-03
  -3.6298800e-03
  -2.4849100e-03
  -2.0216400e-03
  -2.1678300e-03
  -3.0083400e-03
  -4.3650000e-03
  -6.0222100e-03
  -7.8742700e-03
  -9.6905400e-03
  -1.1011800e-02
  -1.1261100e-02
  -1.0717300e-02
  -9.9078500e-03
  -8.4520600e-03
  -6.6543800e-03
  -4.7677200e-03
  -2.2321600e-03
   7.2209400e-04
   3.8678100e-03
   7.2014000e-03
   1.0381100e-02
   1.2847400e-02
   1.4417500e-02
   1.5281100e-02
   1.5148400e-02
   1.3919300e-02
   1.1771100e-02
   8.8917300e-03
   5.5849600e-03
   2.1393200e-03
  -1.1844500e-03
  -3.9157500e-03
  -5.4906100e-03
  -5.7694000e-03
  -4.9098000e-03
  -3.1846300e-03
  -7.8563800e-04
   1.8792000e-03
   4.6108900e-03
   7.9938300e-03
   1.1846300e-02
   1.5555300e-02
   1.8729800e-02
   2.0900000e-02
   2.2473600e-02
   2.3891700e-02
   2.5159500e-02
   2.6233800e-02
   2.6826600e-02
   2.6931100e-02
   2.6657400e-02
   2.5638400e-02
   2.3711600e-02
   2.1443300e-02
   1.9166000e-02
   1.7127800e-02
   1.5420100e-02
   1.3500700e-02
   1.1201900e-02
   9.0795900e-03
   7.8804900e-03
   7.6617100e-03
   8.4269000e-03
   1.0078300e-02
   1.1958000e-02
   1.3813200e-02
   1.5833300e-02
   1.7765400e-02
   1.9302300e-02
   2.0863400e-02
   2.2204000e-02
   2.2868700e-02
   2.3083400e-02
   2.2956000e-02
   2.2245500e-02
   2.1271300e-02
   2.0252900e-02
   1.9018200e-02
   1.8247500e-02
   1.7999900e-02
   1.7952600e-02
   1.8382500e-02
   1.9009600e-02
   1.9421200e-02
   2.0006700e-02
   2.0776900e-02
   2.1439700e-02
   2.1900400e-02
   2.2001400e-02
   2.1773000e-02
   2.1003100e-02
   1.9808400e-02
   1.8188000e-02
   1.6497100e-02
   1.5414600e-02
   1.5174200e-02
   1.6072400e-02
   1.7545000e-02
   1.8959500e-02
   2.0382300e-02
   2.1933500e-02
   2.3293900e-02
   2.4279200e-02
   2.5093300e-02
   2.5604600e-02
   2.5592800e-02
   2.5269000e-02
   2.4595900e-02
   2.3334000e-02
   2.1797700e-02
   2.0179700e-02
   1.8485100e-02
   1.6635500e-02
   1.4724100e-02
   1.3237800e-02
   1.2185300e-02
   1.1320600e-02
   1.0753700e-02
   1.0481800e-02
   1.0643000e-02
   1.1238400e-02
   1.2061100e-02
   1.3278900e-02
   1.4399100e-02
   1.5168700e-02
   1.6194000e-02
   1.7139600e-02
   1.7773400e-02
   1.8349600e-02
   1.8659900e-02
   1.8757700e-02
   1.8897700e-02
   1.9194900e-02
   1.9632300e-02
   2.0309900e-02
   2.1029800e-02
   2.1685700e-02
   2.2403200e-02
   2.2842600e-02
   2.2765800e-02
   2.2397800e-02
   2.1631100e-02
   2.0328400e-02
   1.8955800e-02
   1.7380300e-02
   1.5547900e-02
   1.3464800e-02
   1.1053600e-02
   9.0665300e-03
   7.3965600e-03
   5.5897800e-03
   4.1774500e-03
   2.9286300e-03
   1.6694200e-03
   6.7988600e-04
  -2.9347400e-04
  -1.2081500e-03
  -1.9988600e-03
  -2.9584500e-03
  -4.5622400e-03
  -6.6333600e-03
  -9.2611200e-03
  -1.2441400e-02
  -1.5388400e-02
  -1.8466300e-02
  -2.1716700e-02
  -2.4579600e-02
  -2.6808500e-02
  -2.7953400e-02
  -2.8011700e-02
  -2.7324500e-02
  -2.6325400e-02
  -2.5118300e-02
  -2.3345200e-02
  -2.1639800e-02
  -2.0364400e-02
  -1.8655500e-02
  -1.6736800e-02
  -1.4877800e-02
  -1.2918700e-02
  -1.0911200e-02
  -8.7545100e-03
  -6.6747200e-03
  -4.5032100e-03
  -2.4807500e-03
  -1.0031300e-03
   1.6451700e-04
   8.1510900e-04
   9.7271100e-04
   8.6169300e-04
   4.1998200e-04
  -5.5715300e-04
  -2.1773900e-03
  -4.2818900e-03
  -6.4901900e-03
  -8.5140800e-03
  -1.0278500e-02
  -1.1834600e-02
  -1.3473100e-02
  -1.4882800e-02
  -1.5457000e-02
  -1.5328300e-02
  -1.4749000e-02
  -1.3741400e-02
  -1.2102100e-02
  -9.9061100e-03
  -7.4013400e-03
  -4.3019000e-03
  -8.9956800e-04
   2.2938100e-03
   5.3546000e-03
   8.3330600e-03
   1.1058900e-02
   1.3556600e-02
   1.5720900e-02
   1.7103300e-02
   1.7795600e-02
   1.7723900e-02
   1.6423500e-02
   1.4199700e-02
   1.1297000e-02
   7.9428600e-03
   4.6949400e-03
   1.8290500e-03
  -2.3420900e-04
  -1.3571000e-03
  -1.8443200e-03
  -1.7993900e-03
  -1.0868300e-03
  -6.0160700e-05
   6.6898100e-04
   1.1716500e-03
   1.6661400e-03
   2.1680000e-03
   2.6002600e-03
   2.8081900e-03
   2.9720800e-03
   3.5003600e-03
   4.0740000e-03
   4.5062400e-03
   4.7425200e-03
   4.7490800e-03
   4.9217800e-03
   4.8485000e-03
   4.3518000e-03
   3.3974300e-03
   1.4763700e-03
  -9.2821500e-04
  -3.3206000e-03
  -6.1761000e-03
  -9.4024900e-03
  -1.2806000e-02
  -1.6599000e-02
  -2.0778000e-02
  -2.5012800e-02
  -2.8663600e-02
  -3.1986500e-02
  -3.4992500e-02
  -3.7333700e-02
  -3.9497100e-02
  -4.1247700e-02
  -4.2613600e-02
  -4.3727600e-02
  -4.4405800e-02
  -4.4835700e-02
  -4.4864000e-02
  -4.4641900e-02
  -4.4326200e-02
  -4.3690700e-02
  -4.2699700e-02
  -4.1698800e-02
  -4.0831900e-02
  -3.9897900e-02
  -3.8829700e-02
  -3.7489200e-02
  -3.5879100e-02
  -3.4106900e-02
  -3.2203800e-02
  -3.0189700e-02
  -2.8023100e-02
  -2.6064300e-02
  -2.4318800e-02
  -2.2618200e-02
  -2.1043300e-02
  -1.9527300e-02
  -1.8053900e-02
  -1.6543600e-02
  -1.4866400e-02
  -1.3176700e-02
  -1.1714600e-02
  -1.0365400e-02
  -9.1032400e-03
  -8.0544100e-03
  -7.4471900e-03
  -7.3112000e-03
  -7.3456100e-03
  -7.5470200e-03
  -7.8110100e-03
  -7.7497000e-03
  -7.6200400e-03
  -7.4436700e-03
  -7.0101000e-03
  -6.1701700e-03
  -4.9494300e-03
  -3.9980300e-03
  -2.9736300e-03
  -1.8559100e-03
  -1.1248800e-03
  -5.0110400e-04
   3.7092000e-05
   6.0436300e-04
   1.1231100e-03
   1.5610000e-03
   2.0734300e-03
   2.6179700e-03
   3.3758700e-03
   4.1708500e-03
   5.0040900e-03
   5.9136200e-03
   6.4784000e-03
   6.4453500e-03
   5.7064200e-03
   4.5398500e-03
   3.1686000e-03
   1.6304400e-03
   4.5715400e-04
  -6.7237100e-05
   5.2607000e-06
   3.8375300e-04
   7.9313600e-04
   1.5203900e-03
   2.0691300e-03
   2.5311500e-03
   3.2088600e-03
   3.4459800e-03
   3.3094700e-03
   2.6416900e-03
   1.1524500e-03
  -9.4333700e-04
  -3.0824400e-03
  -5.2574700e-03
  -7.6894500e-03
  -1.0000400e-02
  -1.2243900e-02
  -1.4745900e-02
  -1.7700700e-02
  -2.0608600e-02
  -2.3073300e-02
  -2.5339200e-02
  -2.7125200e-02
  -2.8243500e-02
  -2.9033300e-02
  -2.9350500e-02
  -2.9017300e-02
  -2.8970600e-02
  -2.9192100e-02
  -2.9325800e-02
  -2.9924600e-02
  -3.0609200e-02
  -3.1597300e-02
  -3.2799900e-02
  -3.3512700e-02
  -3.4223200e-02
  -3.4683000e-02
  -3.4406600e-02
  -3.3874700e-02
  -3.3139900e-02
  -3.2130100e-02
  -3.0915700e-02
  -2.9445000e-02
  -2.7884900e-02
  -2.6478500e-02
  -2.5151100e-02
  -2.3672100e-02
  -2.1795500e-02
  -1.9069100e-02
  -1.6125200e-02
  -1.3481900e-02
  -1.0704000e-02
  -8.3676900e-03
  -6.7157200e-03
  -5.5433100e-03
  -5.1251400e-03
  -5.0847600e-03
  -5.1734400e-03
  -5.4432000e-03
  -5.6539500e-03
  -5.8090600e-03
  -5.8899300e-03
  -5.7006400e-03
  -5.2346600e-03
  -4.4397600e-03
  -3.5914000e-03
  -2.9184700e-03
  -2.3216700e-03
  -1.9493900e-03
  -1.4804500e-03
  -7.6323200e-04
  -6.0752700e-04
  -6.0600400e-04
  -3.1219200e-05
   4.0787000e-04
   4.3234800e-04
   2.9099700e-04
  -1.0097200e-04
  -7.5310300e-04
  -1.2029500e-03
  -1.7368200e-03
  -2.6221400e-03
  -3.4222200e-03
  -4.3452400e-03
  -5.6060200e-03
  -7.1877700e-03
  -8.9966300e-03
  -1.0473300e-02
  -1.1417900e-02
  -1.1887800e-02
  -1.2032800e-02
  -1.2004600e-02
  -1.1640200e-02
  -1.0971000e-02
  -9.8080900e-03
  -8.3529800e-03
  -6.5143800e-03
  -4.2250900e-03
  -2.0523500e-03
  -3.1482900e-06
   1.6147100e-03
   2.5759500e-03
   3.5222700e-03
   4.6396000e-03
   5.4226000e-03
   6.3333400e-03
   7.2763200e-03
   7.9811500e-03
   8.6429100e-03
   8.7753600e-03
   9.3084400e-03
   1.0209700e-02
   1.0377800e-02
   1.0481000e-02
   1.0936900e-02
   1.1184600e-02
   1.1438100e-02
   1.2400500e-02
   1.3325100e-02
   1.3786800e-02
   1.4615700e-02
   1.5469900e-02
   1.5645900e-02
   1.4812200e-02
   1.2733200e-02
   9.4198100e-03
   5.1940900e-03
   7.7893400e-04
  -3.6413200e-03
  -7.8182800e-03
  -1.1282400e-02
  -1.4140200e-02
  -1.6971400e-02
  -1.9654200e-02
  -2.1593100e-02
  -2.3058600e-02
  -2.4356300e-02
  -2.5320600e-02
  -2.5863800e-02
  -2.5847000e-02
  -2.5265000e-02
  -2.3990900e-02
  -2.2063300e-02
  -1.9961500e-02
  -1.7879500e-02
  -1.5736800e-02
  -1.3227800e-02
  -1.0708900e-02
  -7.8691600e-03
  -4.9662500e-03
  -2.8305900e-03
  -1.4692800e-03
  -7.0453900e-04
   1.9147400e-04
   7.8327100e-04
   1.2318300e-03
   1.9466600e-03
   2.6906000e-03
   3.6855900e-03
   4.7176000e-03
   5.5198800e-03
   6.2271100e-03
   6.7824800e-03
   6.8884900e-03
   6.5866000e-03
   5.8737200e-03
   4.6089900e-03
   3.0850200e-03
   1.8709500e-03
   1.2937700e-03
   1.5360100e-03
   2.0917500e-03
   2.7861700e-03
   3.4055300e-03
   3.8277500e-03
   4.5532300e-03
   5.1611100e-03
   5.1088600e-03
   4.6662900e-03
   4.2504500e-03
   3.4272400e-03
   2.4510500e-03
   1.5213400e-03
   2.8211800e-04
  -8.1073200e-04
  -1.4934800e-03
  -2.0550300e-03
  -2.3004800e-03
  -2.3751200e-03
  -2.7070000e-03
  -2.6224600e-03
  -2.7233000e-03
  -3.7102600e-03
  -4.7091500e-03
  -5.6253800e-03
  -7.0387300e-03
  -8.6230800e-03
  -1.0012400e-02
  -1.1416900e-02
  -1.2626500e-02
  -1.3949800e-02
  -1.5543500e-02
  -1.7108700e-02
  -1.9019200e-02
  -2.0905700e-02
  -2.2483400e-02
  -2.3995200e-02
  -2.4770300e-02
  -2.5130200e-02
  -2.5592500e-02
  -2.5567200e-02
  -2.5323200e-02
  -2.5214700e-02
  -2.4982200e-02
  -2.4559600e-02
  -2.3917300e-02
  -2.3005600e-02
  -2.1911100e-02
  -2.0740200e-02
  -1.9525300e-02
  -1.7998300e-02
  -1.6258700e-02
  -1.4301400e-02
  -1.1827000e-02
  -9.3222100e-03
  -6.9752700e-03
  -4.5528800e-03
  -2.3591000e-03
  -8.4586700e-04
   2.9744700e-04
   1.1035600e-03
   1.0820500e-03
   5.5083200e-04
  -3.3841400e-04
  -1.5780400e-03
  -2.8656500e-03
  -4.3819300e-03
  -5.9879600e-03
  -7.1692400e-03
  -8.2881100e-03
  -9.4182800e-03
  -1.0320500e-02
  -1.1001400e-02
  -1.1278700e-02
  -1.1542900e-02
  -1.1876100e-02
  -1.1675200e-02
  -1.1152000e-02
  -1.0510600e-02
  -9.3447700e-03
  -7.8915500e-03
  -6.3585000e-03
  -5.0360500e-03
  -3.9281500e-03
  -2.9618200e-03
  -2.2723900e-03
  -1.6424800e-03
  -1.3127000e-03
  -9.8638500e-04
  -5.2890400e-04
  -2.6614200e-04
   1.4748000e-04
   6.4981800e-04
   1.2467600e-03
   2.2125500e-03
   2.9493700e-03
   3.1898800e-03
   3.4685000e-03
   4.1201500e-03
   4.6520800e-03
   4.5292500e-03
   4.1034500e-03
   3.5729500e-03
   2.9061000e-03
   2.2189400e-03
   1.7625000e-03
   1.2811300e-03
   7.3292700e-04
   8.0946600e-04
   1.1098300e-03
   1.3296700e-03
   1.8022500e-03
   2.3024900e-03
   2.5551500e-03
   2.5447700e-03
   2.5116200e-03
   2.8642300e-03
   3.5838500e-03
   4.4118100e-03
   5.6969700e-03
   7.3815300e-03
   9.0331000e-03
   1.0828100e-02
   1.2545000e-02
   1.4015600e-02
   1.5244800e-02
   1.5552700e-02
   1.4967100e-02
   1.3921500e-02
   1.2383600e-02
   1.0528800e-02
   8.4966600e-03
   6.4641600e-03
   4.2606500e-03
   2.0939100e-03
   3.3350900e-04
  -1.2852800e-03
  -2.6910700e-03
  -4.1393500e-03
  -5.7715000e-03
  -7.4399400e-03
  -9.1926800e-03
  -1.0840000e-02
  -1.2570500e-02
  -1.4343400e-02
  -1.5719100e-02
  -1.6865500e-02
  -1.7844900e-02
  -1.8557200e-02
  -1.9045500e-02
  -1.9402800e-02
  -1.9540600e-02
  -1.9334000e-02
  -1.8924600e-02
  -1.8350900e-02
  -1.7452000e-02
  -1.6186800e-02
  -1.4838000e-02
  -1.3329200e-02
  -1.1602600e-02
  -9.8129800e-03
  -7.8952100e-03
  -5.9626800e-03
  -3.9675200e-03
  -1.9693900e-03
  -3.5268800e-04
   8.5716000e-04
   1.7336900e-03
   2.3589300e-03
   2.9057700e-03
   3.5285600e-03
   4.4218700e-03
   5.4725400e-03
   6.3342700e-03
   7.1123000e-03
   8.1358800e-03
   9.4091300e-03
   1.0657300e-02
   1.1972500e-02
   1.3595900e-02
   1.5393600e-02
   1.7207900e-02
   1.8977300e-02
   2.1096100e-02
   2.3290400e-02
   2.5175600e-02
   2.6632200e-02
   2.7180500e-02
   2.7463400e-02
   2.7584300e-02
   2.7156600e-02
   2.6431300e-02
   2.5410900e-02
