  -4.5172300e-02
  -4.8966300e-02
  -5.0665300e-02
  -4.9224500e-02
  -4.4988300e-02
  -3.9909300e-02
  -3.5722700e-02
  -3.2510200e-02
  -2.9540000e-02
  -2.7228000e-02
  -2.6661100e-02
  -2.8269400e-02
  -3.1834300e-02
  -3.5948300e-02
  -3.8859500e-02
  -4.0210100e-02
  -4.0606600e-02
  -4.0143600e-02
  -3.8906500e-02
  -3.7522100e-02
  -3.5828800e-02
  -3.3427200e-02
  -3.0439600e-02
  -2.6776000e-02
  -2.2461600e-02
  -1.7725000e-02
  -1.2171700e-02
  -5.7029600e-03
   2.1683800e-04
   4.1675200e-03
   5.7831200e-03
   5.5027000e-03
   5.5496200e-03
   7.7414200e-03
   1.1209600e-02
   1.4644000e-02
   1.7247200e-02
   1.9098600e-02
   2.1584400e-02
   2.5892300e-02
   3.2605400e-02
   4.0827400e-02
   4.8138300e-02
   5.1981400e-02
   4.9709600e-02
   4.0195600e-02
   2.4762500e-02
   5.4797300e-03
  -1.2882800e-02
  -2.3714500e-02
  -2.6040700e-02
  -2.4923800e-02
  -2.5313100e-02
  -2.8085500e-02
  -3.1245200e-02
  -3.3754700e-02
  -3.5379500e-02
  -3.4996800e-02
  -3.1911600e-02
  -2.6688100e-02
  -2.0433700e-02
  -1.4633700e-02
  -1.0027400e-02
  -5.1765100e-03
   2.2155100e-03
   1.2170900e-02
   2.2404400e-02
   3.0846500e-02
   3.6761200e-02
   4.0143400e-02
   4.0809000e-02
   3.9501200e-02
   3.8283500e-02
   3.8193300e-02
   3.8638000e-02
   3.9163500e-02
   3.9966100e-02
   4.0626900e-02
   4.1289500e-02
   4.3785000e-02
   4.9069400e-02
   5.5181800e-02
   5.7709200e-02
   5.2925100e-02
   4.0023500e-02
   2.0464400e-02
  -3.9737100e-04
  -1.4219500e-02
  -1.7003000e-02
  -1.0872200e-02
   8.1905600e-04
   1.7207100e-02
   3.6576000e-02
   5.2939800e-02
   6.1709600e-02
   6.2961400e-02
   5.9666100e-02
   5.5271600e-02
   5.0614100e-02
   4.3389200e-02
   3.1257900e-02
   1.4842000e-02
  -2.9348900e-03
  -1.8428900e-02
  -2.9101400e-02
  -3.5471900e-02
  -3.9003500e-02
  -3.9106500e-02
  -3.4562000e-02
  -2.6451300e-02
  -1.8014800e-02
  -1.1223600e-02
  -4.3737600e-03
   4.4866900e-03
   1.4465100e-02
   2.3913600e-02
   3.0564700e-02
   3.1840200e-02
   2.8130800e-02
   2.2850200e-02
   1.9280000e-02
   1.7200000e-02
   1.4249400e-02
   1.1109100e-02
   9.9656500e-03
   1.0350400e-02
   1.0700900e-02
   1.0467600e-02
   1.0313100e-02
   1.0864600e-02
   1.1453500e-02
   1.1557800e-02
   1.1397000e-02
   1.0568200e-02
   7.8239500e-03
   2.4447300e-03
  -4.7860400e-03
  -1.2257000e-02
  -1.8717800e-02
  -2.3298600e-02
  -2.5853800e-02
  -2.7243600e-02
  -2.7578600e-02
  -2.6391900e-02
  -2.4133300e-02
  -2.1405100e-02
  -1.7546800e-02
  -1.0876300e-02
  -5.3349800e-04
   1.2956700e-02
   2.8748700e-02
   4.5029900e-02
   5.8157200e-02
   6.4945100e-02
   6.5176400e-02
   6.1173700e-02
   5.4765200e-02
   4.5474500e-02
   3.1922200e-02
   1.5130300e-02
  -1.0744100e-03
  -1.4023600e-02
  -2.2667000e-02
  -2.7156600e-02
  -2.8723900e-02
  -2.7234000e-02
  -2.2094600e-02
  -1.4004600e-02
  -4.8920700e-03
   3.6288700e-03
   1.1595900e-02
   1.9532300e-02
   2.6981100e-02
   3.2413200e-02
   3.5515500e-02
   3.7708500e-02
   3.9451400e-02
   3.9321800e-02
   3.6150600e-02
   3.1220200e-02
   2.6617100e-02
   2.2481100e-02
   1.7892600e-02
   1.2072300e-02
   4.8735500e-03
  -1.9763900e-03
  -6.6642200e-03
  -1.0511500e-02
  -1.7159000e-02
  -2.8000400e-02
  -4.0207200e-02
  -5.0272400e-02
  -5.6838700e-02
  -5.9791200e-02
  -5.8811400e-02
  -5.4214300e-02
  -4.7703200e-02
  -4.1159300e-02
  -3.5676800e-02
  -3.0670400e-02
  -2.5293500e-02
  -2.0201300e-02
  -1.5877000e-02
  -1.1440900e-02
  -5.3315800e-03
   1.9042600e-03
   7.0320700e-03
   8.2993000e-03
   6.7625900e-03
   4.4878900e-03
   3.0922900e-03
   3.2334300e-03
   5.3946700e-03
   9.6508900e-03
   1.5452500e-02
   2.2345400e-02
   2.9995700e-02
   3.7624700e-02
   4.3155000e-02
   4.4361800e-02
   3.9861500e-02
   2.9016700e-02
   1.4046200e-02
  -3.5082200e-04
  -1.0515900e-02
  -1.4095800e-02
  -1.0196000e-02
  -1.3115600e-03
   8.7777100e-03
   1.8199100e-02
   2.7044100e-02
   3.5795700e-02
   4.2668600e-02
   4.4111700e-02
   3.9793900e-02
   3.3247800e-02
   2.7728400e-02
   2.3612100e-02
   1.8477700e-02
   9.7880900e-03
  -2.3603100e-03
  -1.5645100e-02
  -2.7680000e-02
  -3.6552800e-02
  -4.1768600e-02
  -4.4673900e-02
  -4.6642500e-02
  -4.8078000e-02
  -4.7682500e-02
  -4.3554600e-02
  -3.6079100e-02
  -2.6934100e-02
  -1.7629100e-02
  -1.0285500e-02
  -5.9572500e-03
  -4.2439200e-03
  -4.9180500e-03
  -7.2401100e-03
  -8.7209100e-03
  -6.7687200e-03
  -8.1791900e-04
   8.1768100e-03
   1.7388900e-02
   2.2715000e-02
   2.1418600e-02
   1.3895300e-02
   3.1846900e-03
  -7.5234500e-03
  -1.6278800e-02
  -2.2593700e-02
  -2.6954700e-02
  -2.8882800e-02
  -2.6337000e-02
  -1.8574400e-02
  -8.2899700e-03
  -4.1209600e-04
   1.9722000e-03
   5.8224800e-04
  -5.4759700e-04
  -9.9990100e-05
   1.0180800e-03
   3.2112300e-03
   6.3000700e-03
   8.1109100e-03
   7.3661100e-03
   4.5219600e-03
   3.6151900e-04
  -4.4141400e-03
  -9.9769000e-03
  -1.7516500e-02
  -2.7732000e-02
  -3.9513000e-02
  -5.0036800e-02
  -5.6790700e-02
  -5.9581500e-02
  -6.0160700e-02
  -6.0052900e-02
  -6.0286000e-02
  -6.1764400e-02
  -6.3550600e-02
  -6.3194800e-02
  -5.9401200e-02
  -5.3176500e-02
  -4.6413200e-02
  -4.0377000e-02
  -3.5910600e-02
  -3.2328800e-02
  -2.6273100e-02
  -1.3404300e-02
   7.2981100e-03
   3.0922000e-02
   5.0932300e-02
   6.4618400e-02
   7.3701400e-02
   8.0935900e-02
   8.7256500e-02
   9.2466600e-02
   9.5891100e-02
   9.6637300e-02
   9.4390000e-02
   8.9244700e-02
   8.0930700e-02
   6.8881700e-02
   5.4353800e-02
   4.0013900e-02
   2.5925900e-02
   1.1649400e-02
   4.5676200e-04
  -3.2669700e-03
   9.4133900e-04
   9.4920800e-03
   1.9359300e-02
   2.9315300e-02
   3.8935900e-02
   4.7554300e-02
   5.3430100e-02
   5.5932100e-02
   5.6230700e-02
   5.5299100e-02
   5.3053800e-02
   4.9139500e-02
   4.2900600e-02
   3.3671100e-02
   2.2551500e-02
   1.0578100e-02
  -4.0756900e-03
  -2.2670400e-02
  -4.2426400e-02
  -5.9686200e-02
  -7.2800600e-02
  -8.1451000e-02
  -8.5486100e-02
  -8.4087000e-02
  -7.7067100e-02
  -6.6110400e-02
  -5.3453400e-02
  -4.0363800e-02
  -2.6917100e-02
  -1.3786100e-02
  -3.9075300e-03
   9.2502300e-05
  -1.7356300e-03
  -7.7266900e-03
  -1.5314700e-02
  -2.2033700e-02
  -2.6936700e-02
  -3.0745900e-02
  -3.4211600e-02
  -3.6604800e-02
  -3.6716400e-02
  -3.4181800e-02
  -2.9547200e-02
  -2.4366900e-02
  -2.1133400e-02
  -2.0890300e-02
  -2.1637300e-02
  -2.1682600e-02
  -2.2119900e-02
  -2.5400400e-02
  -3.3109200e-02
  -4.4693000e-02
  -5.7023800e-02
  -6.5914600e-02
  -7.0187400e-02
  -7.1153800e-02
  -6.9625900e-02
  -6.6004000e-02
  -6.0789300e-02
  -5.4905600e-02
  -4.8736600e-02
  -4.2009800e-02
  -3.4785300e-02
  -2.6567000e-02
  -1.6498700e-02
  -4.9182000e-03
   6.0996100e-03
   1.4468600e-02
   1.9401800e-02
   2.0262700e-02
   1.6871600e-02
   1.0523500e-02
   3.9637500e-03
  -8.8569000e-04
  -4.7745200e-03
  -8.0707000e-03
  -9.8938400e-03
  -1.0548000e-02
  -1.0545100e-02
  -9.2065500e-03
  -6.0693600e-03
  -2.4001800e-03
   2.1400800e-04
   1.8759900e-03
   4.2063000e-03
   8.5321200e-03
   1.3670200e-02
   1.7177900e-02
   1.8112500e-02
   1.7700700e-02
   1.8686900e-02
   2.2603800e-02
   2.8019200e-02
   3.1969300e-02
   3.2899300e-02
   3.3055600e-02
   3.6087100e-02
   4.2618700e-02
   5.0043600e-02
   5.5727800e-02
   5.9194000e-02
   6.1352800e-02
   6.2646900e-02
   6.2907500e-02
   6.2170200e-02
   5.9902100e-02
   5.4430000e-02
   4.4869900e-02
   3.2947800e-02
   2.2355700e-02
   1.5597200e-02
   1.2089800e-02
   1.0808900e-02
   1.1521300e-02
   1.3713800e-02
   1.7025400e-02
   2.1333400e-02
   2.6076800e-02
   2.9932000e-02
   3.0181000e-02
   2.4097600e-02
   1.1681300e-02
  -4.9112500e-03
  -2.3153000e-02
  -4.0750400e-02
  -5.5306800e-02
  -6.4010100e-02
  -6.5694100e-02
  -6.1722200e-02
  -5.3576800e-02
  -4.2983400e-02
  -3.2213800e-02
  -2.2496800e-02
  -1.5081900e-02
  -1.0927900e-02
  -9.4692300e-03
  -9.5320600e-03
  -1.0323100e-02
  -1.1075600e-02
  -9.3446500e-03
  -3.2987600e-03
   5.6151700e-03
   1.4394900e-02
   2.1426500e-02
   2.7248600e-02
   3.2067300e-02
   3.5175700e-02
   3.6335300e-02
   3.5465200e-02
   3.1729300e-02
   2.4244600e-02
   1.4073400e-02
   4.5649600e-03
  -1.8870300e-03
  -6.3654600e-03
  -1.1394600e-02
  -1.7748800e-02
  -2.4095900e-02
  -2.8277100e-02
  -2.8817900e-02
  -2.5680400e-02
  -2.0185400e-02
  -1.4833500e-02
  -1.1324100e-02
  -1.0342400e-02
  -1.1890100e-02
  -1.4225600e-02
  -1.5641700e-02
  -1.5116100e-02
  -1.1208300e-02
  -3.4740200e-03
   6.4987500e-03
   1.5791600e-02
   2.0720600e-02
   1.9307700e-02
   1.3969500e-02
   8.7439100e-03
   5.8378400e-03
   5.7324900e-03
   7.9423800e-03
   1.2067700e-02
   1.7449200e-02
   2.1153900e-02
   1.9838500e-02
   1.4280700e-02
   8.0781600e-03
   3.3783400e-03
   1.1668100e-03
   3.0602500e-03
   8.8134200e-03
   1.3607300e-02
   1.2048600e-02
   3.3714800e-03
  -8.8810000e-03
  -1.9791400e-02
  -2.6024700e-02
  -2.8116100e-02
  -2.9622500e-02
  -3.2838100e-02
  -3.7407500e-02
  -4.2007000e-02
  -4.4232800e-02
  -4.2201600e-02
  -3.6949900e-02
  -3.0252200e-02
  -2.2421200e-02
  -1.3600800e-02
  -4.6596800e-03
   4.0889800e-03
   1.2626500e-02
   2.0057000e-02
   2.5725500e-02
   2.9547500e-02
   3.2582600e-02
   3.6157300e-02
   3.9345200e-02
   4.0816400e-02
   4.1398300e-02
   4.2257500e-02
   4.2769500e-02
   4.1343500e-02
   3.6304500e-02
   2.6637900e-02
   1.3370200e-02
  -7.7257600e-04
  -1.2610800e-02
  -1.9843000e-02
  -2.2946600e-02
  -2.4147800e-02
  -2.5121300e-02
  -2.6906500e-02
  -2.9637100e-02
  -3.2375800e-02
  -3.3076600e-02
  -2.9426400e-02
  -2.1060900e-02
  -1.0383300e-02
  -1.6722800e-04
   8.6843800e-03
   1.5320500e-02
   1.8432500e-02
   1.8068600e-02
   1.5335000e-02
   1.0976700e-02
   5.6034600e-03
   5.9997800e-04
  -3.3241700e-03
  -6.5056200e-03
  -9.0625200e-03
  -1.1300100e-02
  -1.3019000e-02
  -1.3607000e-02
  -1.3818800e-02
  -1.4115600e-02
  -1.3111300e-02
  -1.0248900e-02
  -7.6162700e-03
  -7.8499600e-03
  -1.1528400e-02
  -1.6996500e-02
  -2.1694300e-02
  -2.3867200e-02
  -2.2824300e-02
  -1.8640000e-02
  -1.2069400e-02
  -3.0566100e-03
   8.0127700e-03
   1.9083700e-02
   2.9203500e-02
   3.8609100e-02
   4.6600200e-02
   5.2067200e-02
   5.5637000e-02
   5.9352500e-02
   6.4132200e-02
   6.9633000e-02
   7.5047300e-02
   7.8418200e-02
   7.7208300e-02
   7.0368600e-02
   5.7746600e-02
   3.8440200e-02
   1.2898400e-02
  -1.5902300e-02
  -4.3879500e-02
  -6.4602000e-02
  -7.2335800e-02
  -6.7884000e-02
  -5.5541600e-02
  -3.9547300e-02
  -2.4565900e-02
  -1.4372500e-02
  -1.0063100e-02
  -1.0736100e-02
  -1.4356800e-02
  -1.6417300e-02
  -1.2742900e-02
  -5.3955900e-03
  -5.6433000e-04
  -1.1392900e-03
  -5.9750800e-03
  -1.2720700e-02
  -1.9136400e-02
  -2.4381100e-02
  -2.8665900e-02
  -3.1976500e-02
  -3.4026800e-02
  -3.4906700e-02
  -3.4465300e-02
  -3.3021700e-02
  -3.1778200e-02
  -3.0180000e-02
  -2.6566100e-02
  -2.1144300e-02
  -1.6156600e-02
  -1.4542400e-02
  -1.7820900e-02
  -2.5020500e-02
  -3.3864200e-02
  -4.1978000e-02
  -4.8102700e-02
  -5.2599200e-02
  -5.6424200e-02
  -5.9694400e-02
  -6.0871500e-02
  -5.8432600e-02
  -5.2637400e-02
  -4.4262900e-02
  -3.4250400e-02
  -2.3148700e-02
  -1.0476400e-02
   3.4522700e-03
   1.8363400e-02
   3.4371300e-02
   4.9666300e-02
   6.1543200e-02
   6.8771800e-02
   7.1002000e-02
   6.8032100e-02
   6.0695900e-02
   5.1500500e-02
   4.2581800e-02
   3.3724200e-02
   2.4257000e-02
   1.4485600e-02
   5.1528900e-03
  -2.4548500e-03
  -6.6731500e-03
  -7.2697600e-03
  -6.0575700e-03
  -5.5813000e-03
  -7.5190500e-03
  -1.1289100e-02
  -1.4847600e-02
  -1.6632800e-02
  -1.6520400e-02
  -1.5908500e-02
  -1.5960800e-02
  -1.6326700e-02
  -1.6868700e-02
  -1.7507700e-02
  -1.7325300e-02
  -1.5665900e-02
  -1.2680900e-02
  -9.7677100e-03
  -7.9400900e-03
  -5.6395400e-03
  -9.4671000e-04
   6.5486000e-03
   1.5425500e-02
   2.2513600e-02
   2.4473800e-02
   1.9200200e-02
   8.6456100e-03
  -1.9816100e-03
  -9.0061400e-03
  -1.2336000e-02
  -1.4711300e-02
  -1.9054200e-02
  -2.5607000e-02
  -3.2605300e-02
  -3.7800400e-02
  -3.8385000e-02
  -3.3531400e-02
  -2.5434700e-02
  -1.5672400e-02
  -3.6921900e-03
   9.2552300e-03
   1.8559800e-02
   2.0564700e-02
   1.5897900e-02
   8.7994900e-03
   2.9585700e-03
  -1.2056700e-03
  -5.2665700e-03
  -9.9499900e-03
  -1.4405000e-02
  -1.8037700e-02
  -2.0919300e-02
  -2.2740400e-02
  -2.2327000e-02
  -1.8655600e-02
  -1.1717300e-02
  -1.8347400e-03
   1.0347500e-02
   2.2506300e-02
   3.1001200e-02
   3.3693900e-02
   3.2080600e-02
   3.0890500e-02
   3.4303200e-02
   4.2099700e-02
   4.9833300e-02
   5.2084200e-02
   4.6211600e-02
   3.2871000e-02
   1.5463100e-02
  -2.0316000e-03
  -1.8297400e-02
  -3.3607200e-02
  -4.6930800e-02
  -5.5554000e-02
  -5.6549700e-02
  -4.8835800e-02
  -3.4909700e-02
  -1.7912500e-02
   1.2748700e-03
   2.1915400e-02
   4.1296800e-02
   5.5626400e-02
   6.2523900e-02
   6.1914700e-02
   5.6311600e-02
   4.9345800e-02
   4.2309200e-02
   3.4342000e-02
   2.5662100e-02
   1.8271800e-02
   1.2508900e-02
   6.3830700e-03
  -9.8304300e-04
  -8.8833500e-03
  -1.5338700e-02
  -1.7906100e-02
  -1.5041400e-02
  -6.8971900e-03
   3.2859200e-03
   1.1930900e-02
   1.8071200e-02
   2.3157500e-02
   2.8483000e-02
   3.3679000e-02
   3.8562800e-02
   4.2897900e-02
   4.6577100e-02
   4.9872300e-02
   5.2397100e-02
   5.3413800e-02
   5.2099700e-02
   4.8222200e-02
   4.3064600e-02
   3.7783700e-02
   3.2232500e-02
   2.6091300e-02
   1.8911800e-02
   1.0950300e-02
   3.0383200e-03
  -4.3849200e-03
  -1.0242100e-02
  -1.3357800e-02
  -1.2714100e-02
  -7.9849800e-03
  -1.6323900e-03
   2.7414800e-03
   3.7611800e-03
   3.0811100e-03
   2.8792900e-03
   3.6466300e-03
   6.0262600e-03
   1.0590400e-02
   1.6542200e-02
   2.3358300e-02
   3.0709500e-02
   3.8897800e-02
   4.7927000e-02
   5.5315200e-02
   5.8739700e-02
   5.8342800e-02
   5.6739600e-02
   5.6507600e-02
   5.7841600e-02
   5.9403600e-02
   5.9153100e-02
   5.6290500e-02
   5.2389100e-02
   4.9875900e-02
   4.9521500e-02
   5.0194000e-02
   4.9922900e-02
   4.7537900e-02
   4.4340200e-02
   4.1383800e-02
   4.0165600e-02
   4.2462900e-02
   4.7683600e-02
   5.3637800e-02
   5.6807000e-02
   5.6387300e-02
   5.4602500e-02
   5.3402800e-02
   5.3423400e-02
   5.3644700e-02
   5.2541700e-02
   4.8648100e-02
   4.2038200e-02
   3.4394400e-02
   2.7487800e-02
   2.3200600e-02
   2.2655900e-02
   2.4446400e-02
   2.6216800e-02
   2.6455600e-02
   2.5133300e-02
   2.4244500e-02
   2.6309100e-02
   3.2263600e-02
   4.0340100e-02
   4.6320800e-02
   4.6620000e-02
   4.1201500e-02
   3.2488700e-02
   2.3444300e-02
   1.5966400e-02
   9.8255000e-03
   3.8098200e-03
  -3.4582400e-03
  -1.3614800e-02
  -2.6331700e-02
  -3.9649100e-02
  -5.1620100e-02
  -6.0126100e-02
  -6.4906500e-02
  -6.8495400e-02
  -7.2708300e-02
  -7.5668800e-02
  -7.5767300e-02
  -7.2581600e-02
  -6.5092600e-02
  -5.3727000e-02
  -3.9700800e-02
  -2.4815700e-02
  -1.1182800e-02
  -4.0931700e-04
   7.5457600e-03
   1.4700500e-02
   2.1800200e-02
   2.6836200e-02
   2.6959500e-02
   2.1173000e-02
   1.0474900e-02
  -3.9028700e-03
  -2.1084100e-02
  -3.9595100e-02
  -5.6323200e-02
  -6.8969200e-02
  -7.7898700e-02
  -8.4329900e-02
  -8.9881200e-02
  -9.5781700e-02
  -1.0134200e-01
  -1.0405600e-01
  -1.0140700e-01
  -9.3620000e-02
  -8.3658500e-02
  -7.4317200e-02
  -6.5781800e-02
  -5.6166600e-02
  -4.5363800e-02
  -3.3431400e-02
  -1.8676800e-02
  -3.0428400e-03
   9.0677800e-03
   1.4749000e-02
   1.4047500e-02
   9.7900800e-03
   4.4209500e-03
  -5.8150100e-04
  -4.4066600e-03
  -7.9223000e-03
  -1.3408600e-02
  -2.2181400e-02
  -3.3355300e-02
  -4.3373100e-02
  -4.9413000e-02
  -5.1669000e-02
  -5.1032700e-02
  -4.8523300e-02
  -4.4985200e-02
  -3.9966900e-02
  -3.2121800e-02
  -2.2138000e-02
  -1.0890900e-02
   1.8144300e-03
   1.4779400e-02
   2.5751300e-02
   3.1454300e-02
   3.0589000e-02
   2.7022200e-02
   2.6780400e-02
   3.0886200e-02
   3.4861600e-02
   3.5588000e-02
   3.3727400e-02
   3.2177400e-02
   3.2288100e-02
   3.3580500e-02
   3.5717200e-02
   3.7478100e-02
   3.8409900e-02
   3.8679100e-02
   3.8887500e-02
   4.0099500e-02
   4.1909100e-02
   4.3216800e-02
   4.2246200e-02
   3.7025100e-02
   2.6843900e-02
   1.3200500e-02
  -1.8260300e-03
  -1.6402700e-02
  -2.7567300e-02
  -3.3669900e-02
  -3.5805800e-02
  -3.4676000e-02
  -3.1122900e-02
  -2.8861900e-02
  -3.0246400e-02
  -3.4489000e-02
  -4.1992500e-02
  -5.2108400e-02
  -6.1977600e-02
  -6.8567400e-02
  -6.9497200e-02
  -6.4358500e-02
  -5.3059300e-02
  -3.6449600e-02
  -1.8111800e-02
  -3.5532600e-03
   4.6069100e-03
   9.2848500e-03
   1.4906100e-02
   2.2157700e-02
   2.8351200e-02
   3.2086500e-02
   3.4097800e-02
   3.6095100e-02
   3.9228000e-02
   4.2435200e-02
   4.2496600e-02
   3.6801200e-02
   2.6409300e-02
   1.5160800e-02
   6.1032700e-03
  -1.2852700e-03
  -9.4845300e-03
  -1.9246300e-02
  -2.9184700e-02
  -3.7688200e-02
  -4.3485500e-02
  -4.3525800e-02
  -3.4184100e-02
  -1.5749400e-02
   6.6340600e-03
   2.7329000e-02
   4.4082700e-02
   5.7135300e-02
   6.8250300e-02
   7.9040300e-02
   8.7575400e-02
   9.0368400e-02
   8.6997600e-02
   8.0627500e-02
   7.5301900e-02
   7.3053700e-02
   7.2828300e-02
   7.2586800e-02
   7.1596000e-02
   7.0012200e-02
   6.8823500e-02
   6.8267700e-02
   6.8837800e-02
   7.1783300e-02
   7.6576400e-02
   8.1260700e-02
   8.2718300e-02
   7.9902500e-02
   7.4596400e-02
   6.8139200e-02
   6.1458400e-02
   5.5116700e-02
   4.9204400e-02
   4.3813500e-02
   3.8266300e-02
   3.1210500e-02
   2.3154700e-02
   1.5907900e-02
   9.7677800e-03
   4.9084300e-03
   2.2350600e-03
   1.3665300e-03
   1.0847600e-03
   9.4869200e-04
   6.3967600e-04
   4.2168500e-04
  -5.6192000e-05
  -2.1202700e-03
  -5.9368700e-03
  -1.1225100e-02
  -1.7610000e-02
  -2.5259800e-02
  -3.4202000e-02
  -4.2916500e-02
  -4.9954500e-02
  -5.4691800e-02
  -5.6735400e-02
  -5.6294300e-02
  -5.3939200e-02
  -5.0687800e-02
  -4.6546300e-02
  -3.9825700e-02
  -3.1958100e-02
  -2.7808200e-02
  -2.9842300e-02
  -3.6925500e-02
  -4.5781500e-02
  -5.3188200e-02
  -5.6937100e-02
  -5.4770100e-02
  -4.6189600e-02
  -3.2139700e-02
  -1.5079200e-02
   4.2901900e-04
   1.1360800e-02
   1.8153200e-02
   2.2586100e-02
   2.5529800e-02
   2.6618700e-02
   2.5416200e-02
   2.4596400e-02
   2.8031300e-02
   3.6093100e-02
   4.6249500e-02
   5.5662200e-02
   6.2251700e-02
   6.4730500e-02
   6.4418700e-02
   6.3576500e-02
   6.3036800e-02
   6.3771400e-02
   6.6695000e-02
   7.1356200e-02
   7.5290900e-02
   7.5086300e-02
   6.8767600e-02
   5.5913900e-02
   3.7225500e-02
   1.5132300e-02
  -7.9369600e-03
  -3.0339500e-02
  -5.0009300e-02
  -6.5946400e-02
  -7.8373200e-02
  -8.7315900e-02
  -9.4160800e-02
  -1.0019500e-01
  -1.0469300e-01
  -1.0667600e-01
  -1.0634300e-01
  -1.0593200e-01
  -1.0638100e-01
  -1.0527900e-01
  -1.0074200e-01
  -9.3927900e-02
  -8.7492500e-02
  -8.3683000e-02
  -8.3859500e-02
  -8.8627500e-02
  -9.6845300e-02
  -1.0485500e-01
  -1.0947800e-01
  -1.0922200e-01
  -1.0416700e-01
  -9.7220400e-02
  -9.0578600e-02
  -8.3438100e-02
  -7.4722000e-02
  -6.5172500e-02
  -5.6587300e-02
  -4.9732200e-02
  -4.4097300e-02
  -3.9383000e-02
  -3.5933000e-02
  -3.3396400e-02
  -3.1746200e-02
  -3.1571300e-02
  -3.2589100e-02
  -3.4868700e-02
  -3.9959000e-02
  -4.8915200e-02
  -5.9863700e-02
  -6.9260100e-02
  -7.5306300e-02
  -7.9756900e-02
  -8.4961600e-02
  -9.0757300e-02
  -9.5724000e-02
  -9.8351900e-02
  -9.9047700e-02
  -9.9157100e-02
  -9.8260400e-02
  -9.5992700e-02
  -9.2753400e-02
  -8.9465600e-02
  -8.7528700e-02
  -8.6741400e-02
  -8.5172600e-02
  -8.1666100e-02
  -7.6963700e-02
  -7.2349100e-02
  -6.7654900e-02
  -6.2112800e-02
  -5.5648200e-02
  -4.9051700e-02
  -4.4212200e-02
  -4.2501100e-02
  -4.3209400e-02
  -4.4601600e-02
  -4.5475100e-02
  -4.5456100e-02
  -4.4404200e-02
  -4.2049800e-02
  -3.9701600e-02
  -3.7927300e-02
  -3.5187700e-02
  -3.2430800e-02
  -3.1069700e-02
  -3.0460400e-02
  -3.0008800e-02
  -2.9258300e-02
  -2.7369000e-02
  -2.4139600e-02
  -2.0825900e-02
  -1.8065700e-02
  -1.4884300e-02
  -1.0473300e-02
  -5.2729700e-03
  -8.1655300e-06
   3.9167000e-03
   4.9756600e-03
   3.0117900e-03
  -1.3158800e-03
  -5.6524300e-03
  -7.8483200e-03
  -8.3786900e-03
  -7.9306700e-03
  -6.3749800e-03
  -3.6954900e-03
  -6.2086200e-04
   2.0732700e-03
   5.4447000e-03
   1.0436500e-02
   1.5600800e-02
   1.7700300e-02
   1.4791200e-02
   8.2066000e-03
   1.1032300e-03
  -3.9827800e-03
  -6.8663900e-03
  -7.7162800e-03
  -7.3294300e-03
  -7.3957100e-03
  -8.3636400e-03
  -1.0292200e-02
  -1.2542000e-02
  -1.3078300e-02
  -9.6948500e-03
  -2.3271700e-03
   7.2283000e-03
   1.6544400e-02
   2.2272400e-02
   2.2999900e-02
   2.1532100e-02
   2.1427400e-02
   2.3256900e-02
   2.5894400e-02
   2.7414100e-02
   2.6392400e-02
   2.5050200e-02
   2.6756300e-02
   3.1303900e-02
   3.6243800e-02
   3.9814700e-02
   4.2290000e-02
   4.5568400e-02
   5.0176100e-02
   5.5201400e-02
   6.0160500e-02
   6.5315500e-02
   7.1428400e-02
   7.9216800e-02
   8.8598400e-02
   9.7886300e-02
   1.0444000e-01
   1.0688400e-01
   1.0519600e-01
   9.9204800e-02
   9.0053500e-02
   7.8550700e-02
   6.4966900e-02
   5.1183500e-02
   3.8599300e-02
   2.9551300e-02
   2.6048600e-02
   2.6998200e-02
   2.9946100e-02
   3.3317400e-02
   3.8101700e-02
   4.5605400e-02
   5.4867000e-02
   6.3875800e-02
   7.1544400e-02
   7.7431300e-02
   8.1999800e-02
   8.6552400e-02
   9.1335900e-02
   9.6268800e-02
   1.0040800e-01
   1.0286000e-01
   1.0445900e-01
   1.0478300e-01
   1.0263000e-01
   9.8411300e-02
   9.3264100e-02
   8.8583500e-02
   8.5559300e-02
   8.4158700e-02
   8.3536700e-02
   8.2679400e-02
   8.1298600e-02
   7.9315500e-02
   7.7128000e-02
   7.5717600e-02
   7.5572000e-02
   7.7236800e-02
   8.0240600e-02
   8.3443500e-02
   8.6115100e-02
   8.9453900e-02
   9.4998900e-02
   1.0207500e-01
   1.0974700e-01
   1.1654300e-01
   1.2177300e-01
   1.2602000e-01
   1.2861500e-01
   1.2956400e-01
   1.2980400e-01
   1.2999500e-01
   1.3033800e-01
   1.2965500e-01
   1.2808300e-01
   1.2615300e-01
   1.2314200e-01
   1.1945300e-01
   1.1553900e-01
   1.1124800e-01
   1.0647900e-01
   1.0185800e-01
   9.7969900e-02
   9.4788000e-02
   9.2869700e-02
   9.1876800e-02
   9.1306000e-02
   9.0823300e-02
   8.9244800e-02
   8.6744700e-02
   8.4136600e-02
   8.1120800e-02
   7.6318500e-02
   6.8647200e-02
   5.9733400e-02
   5.1259900e-02
   4.2912200e-02
   3.3549900e-02
   2.3040300e-02
   1.2439000e-02
   1.6160700e-03
  -8.1419100e-03
  -1.3445900e-02
  -1.3810600e-02
  -1.2625400e-02
  -1.2477900e-02
  -1.3070600e-02
  -1.3340600e-02
  -1.3181400e-02
  -1.3000400e-02
  -1.3214300e-02
  -1.4484900e-02
  -1.6272000e-02
  -1.8240600e-02
  -2.0820700e-02
  -2.2217800e-02
  -1.9832500e-02
  -1.3700100e-02
  -7.4296400e-03
  -3.2375000e-03
   1.1291100e-03
   7.6991900e-03
   1.5675900e-02
   2.2055300e-02
   2.4625700e-02
   2.4382600e-02
   2.4771900e-02
   2.8784600e-02
   3.5116800e-02
   3.9689900e-02
   4.0017300e-02
   3.6500700e-02
   3.2051100e-02
   3.0045500e-02
   3.1589900e-02
   3.5311500e-02
   3.9874700e-02
   4.4687900e-02
   4.9762900e-02
   5.5384900e-02
   6.1217600e-02
   6.7247800e-02
   7.3764800e-02
   8.1109800e-02
   9.0073400e-02
   1.0104200e-01
   1.1257000e-01
   1.2241600e-01
   1.2990900e-01
   1.3485900e-01
   1.3649600e-01
   1.3503000e-01
   1.3184000e-01
   1.2819900e-01
   1.2424700e-01
   1.1938100e-01
   1.1349100e-01
   1.0726000e-01
   1.0089900e-01
   9.3732300e-02
   8.5812600e-02
   7.6973300e-02
   6.6889800e-02
   5.6597200e-02
   4.6408100e-02
   3.6281400e-02
   2.7704900e-02
   2.2227500e-02
   1.9705500e-02
   1.8807400e-02
   1.7920500e-02
   1.7055900e-02
   1.7037900e-02
   1.7486400e-02
   1.9254700e-02
   2.3048600e-02
   2.7597900e-02
   3.1875700e-02
   3.5759700e-02
   3.9339600e-02
   4.2394500e-02
   4.4681400e-02
   4.4814800e-02
   4.1906100e-02
   3.7101900e-02
   3.1374400e-02
   2.5399100e-02
   1.8990100e-02
   1.2001700e-02
   4.4357200e-03
  -3.8636500e-03
  -1.2698500e-02
  -2.1708700e-02
  -3.0645100e-02
  -4.0287200e-02
  -5.1142100e-02
  -6.3488700e-02
  -7.8091700e-02
  -9.5845700e-02
  -1.1718000e-01
  -1.4112000e-01
  -1.6524700e-01
  -1.8900800e-01
  -2.1355500e-01
  -2.3622400e-01
  -2.5183800e-01
  -2.5833200e-01
  -2.5739800e-01
  -2.5288200e-01
  -2.4860700e-01
  -2.4510900e-01
  -2.4123000e-01
  -2.3735700e-01
  -2.3528700e-01
  -2.3539700e-01
  -2.3620100e-01
  -2.3684200e-01
  -2.3728600e-01
  -2.3752300e-01
  -2.3713800e-01
  -2.3516300e-01
  -2.3179600e-01
  -2.2608500e-01
  -2.1372000e-01
  -1.8827700e-01
  -1.4308300e-01
  -7.8564100e-02
  -5.6773500e-03
   5.9085300e-02
   1.0325700e-01
   1.2526300e-01
   1.3283000e-01
   1.3350900e-01
   1.2830300e-01
   1.1675300e-01
   1.0138300e-01
   8.5989100e-02
   7.2885200e-02
   6.1418700e-02
   5.0060800e-02
   3.7627200e-02
   2.3842100e-02
   9.2032500e-03
  -4.3954600e-03
  -1.4074700e-02
  -1.9361600e-02
  -2.0709600e-02
  -1.9983100e-02
  -1.9300400e-02
  -1.9113000e-02
  -1.9225900e-02
  -1.9102800e-02
  -1.9503400e-02
  -2.1004800e-02
  -2.1690200e-02
  -1.9301900e-02
  -1.3530000e-02
  -7.3449700e-03
  -5.1626100e-03
  -8.0736300e-03
  -1.5453600e-02
  -2.7729700e-02
  -4.2187700e-02
  -5.3498000e-02
  -5.8268000e-02
  -5.6644000e-02
  -5.0917900e-02
  -4.4309600e-02
  -4.0742400e-02
  -3.9767900e-02
  -3.9243000e-02
  -3.8280500e-02
  -3.6730400e-02
  -3.5907900e-02
  -3.5897600e-02
  -3.8062300e-02
  -4.4237500e-02
  -5.3557600e-02
  -6.4773400e-02
  -7.7985000e-02
  -9.2482900e-02
  -1.0412500e-01
  -1.1026600e-01
  -1.1375000e-01
  -1.1716100e-01
  -1.2002700e-01
  -1.2229600e-01
  -1.2364400e-01
  -1.2359000e-01
  -1.2293600e-01
  -1.2265500e-01
  -1.2344700e-01
  -1.2523000e-01
  -1.2778100e-01
  -1.3073900e-01
  -1.3305100e-01
  -1.3416800e-01
  -1.3531100e-01
  -1.3775200e-01
  -1.4087800e-01
  -1.4443600e-01
  -1.4893500e-01
  -1.5443300e-01
  -1.5962600e-01
  -1.6386700e-01
  -1.6708400e-01
  -1.6797900e-01
  -1.6763600e-01
  -1.6668600e-01
  -1.6349200e-01
  -1.5982800e-01
  -1.5840800e-01
  -1.5791500e-01
  -1.5727000e-01
  -1.5598200e-01
  -1.5156700e-01
  -1.4393400e-01
  -1.3494600e-01
  -1.2399600e-01
  -1.1031800e-01
  -9.4700000e-02
  -7.7499100e-02
  -6.1382100e-02
  -4.8949700e-02
  -3.7977600e-02
  -2.7738500e-02
  -1.8037500e-02
  -9.0708700e-03
  -3.0249800e-03
   7.1355200e-04
   4.7981100e-03
   8.9751400e-03
   1.0289500e-02
   1.0225400e-02
   8.7236800e-03
   3.0857100e-03
  -5.0470700e-03
  -1.3498000e-02
  -2.3643400e-02
  -3.6616200e-02
  -5.1531100e-02
  -6.7276600e-02
  -8.1009700e-02
  -9.2277200e-02
  -1.0073400e-01
  -1.0450800e-01
  -1.0532600e-01
  -1.0529500e-01
  -1.0413500e-01
  -1.0245300e-01
  -1.0196700e-01
  -1.0141000e-01
  -9.8788200e-02
  -9.5525300e-02
  -9.1688000e-02
  -8.6679500e-02
  -8.1898600e-02
  -7.6920100e-02
  -7.2950200e-02
  -7.1716900e-02
  -7.1495400e-02
  -7.1616600e-02
  -7.1587000e-02
  -7.1293500e-02
  -7.2082900e-02
  -7.2300200e-02
  -7.0631600e-02
  -6.7336200e-02
  -6.3881400e-02
  -6.1746200e-02
  -5.8922300e-02
  -5.4495000e-02
  -4.8629000e-02
  -4.1200600e-02
  -3.3796700e-02
  -2.7215800e-02
  -2.1850100e-02
  -1.7849800e-02
  -1.4302300e-02
  -1.1114800e-02
  -7.6412000e-03
  -4.7265000e-03
  -3.6753900e-03
  -2.5261000e-03
   4.2612600e-04
   3.5757000e-03
   5.9549500e-03
   9.2707600e-03
   1.4035500e-02
   1.9420900e-02
   2.5004200e-02
   3.1257000e-02
   3.6904100e-02
   4.2137000e-02
   4.8390100e-02
   5.3536300e-02
   5.8247600e-02
   6.4698800e-02
   7.2098600e-02
   7.9519400e-02
   8.6441900e-02
   9.3132100e-02
   9.8699800e-02
   1.0218800e-01
   1.0448700e-01
   1.0502900e-01
   1.0297400e-01
   1.0057400e-01
   9.8372300e-02
   9.3447500e-02
   8.3891400e-02
   6.8596200e-02
   4.3809700e-02
   6.4705700e-03
  -3.8302500e-02
  -8.1777800e-02
  -1.1404500e-01
  -1.2863300e-01
  -1.2815400e-01
  -1.1830100e-01
  -1.0236300e-01
  -8.1162900e-02
  -5.7589000e-02
  -3.6033000e-02
  -2.1515600e-02
  -1.4278500e-02
  -9.0511100e-03
  -4.1485300e-03
   1.5379500e-03
   9.5185400e-03
   2.0286500e-02
   3.2593500e-02
   4.3235000e-02
   5.1093400e-02
   5.5858000e-02
   6.0301800e-02
   6.6011200e-02
   7.2015400e-02
   8.0149400e-02
   9.0452200e-02
   1.0182000e-01
   1.1136700e-01
   1.1869700e-01
   1.2616100e-01
   1.3119700e-01
   1.3444800e-01
   1.3735200e-01
   1.3798400e-01
   1.3686200e-01
   1.3420800e-01
   1.2916000e-01
   1.2286700e-01
   1.1740700e-01
   1.1201100e-01
   1.0415300e-01
   9.0970100e-02
   7.0339800e-02
   4.1370900e-02
   9.8051500e-03
  -1.6070900e-02
  -3.4385800e-02
  -4.3246100e-02
  -4.2489400e-02
  -3.4988200e-02
  -2.2580100e-02
  -7.6674100e-03
   7.1154600e-03
   1.9857000e-02
   2.7764300e-02
   2.8791400e-02
   2.4913700e-02
   2.0155000e-02
   1.7567300e-02
   1.8965800e-02
   2.3340800e-02
   2.8645900e-02
   3.4638900e-02
   3.9697800e-02
   4.2132400e-02
   4.2166500e-02
   4.1105400e-02
   4.1308000e-02
   4.2041400e-02
   4.3083600e-02
   4.6681700e-02
   5.2501400e-02
   5.8596800e-02
   6.3220700e-02
   6.7041700e-02
   7.0566500e-02
   7.2748500e-02
   7.3384800e-02
   7.2293100e-02
   6.9443100e-02
   6.4569000e-02
   5.7930000e-02
   5.0806400e-02
   4.4357900e-02
   3.9581100e-02
   3.6722200e-02
   3.5592200e-02
   3.4823700e-02
   3.3982400e-02
   3.4293500e-02
   3.7557800e-02
   4.3894300e-02
   5.0932300e-02
   5.8212900e-02
   6.3439200e-02
   6.6903600e-02
   7.1127700e-02
   7.4327000e-02
   7.6729100e-02
   7.9834800e-02
   8.3369900e-02
   8.6002600e-02
   8.7130200e-02
   8.6839100e-02
   8.6031400e-02
   8.6128500e-02
   8.5689200e-02
   8.4174700e-02
   8.2543400e-02
   8.1051400e-02
   8.0838300e-02
   8.1162000e-02
   8.0903800e-02
   8.0223500e-02
   8.0635700e-02
   8.2661800e-02
   8.4346200e-02
   8.6368800e-02
   8.9523700e-02
   9.3635400e-02
   9.7700900e-02
   1.0019300e-01
   1.0053200e-01
   9.6436800e-02
   8.6431000e-02
   7.1130900e-02
   5.1186200e-02
   2.7663500e-02
   2.8554400e-03
  -1.9888700e-02
  -3.6561100e-02
  -4.6445700e-02
  -5.0856000e-02
  -4.9044700e-02
  -4.2986000e-02
  -3.5149600e-02
  -2.6794000e-02
  -1.9802700e-02
  -1.3806000e-02
  -8.9115800e-03
  -5.7243000e-03
  -3.6658200e-03
  -3.9142200e-03
  -6.5562600e-03
  -9.7575500e-03
  -1.4375800e-02
  -2.0407100e-02
  -2.5042200e-02
  -2.8136500e-02
  -3.1271200e-02
  -3.2994100e-02
  -3.3076000e-02
  -3.2043000e-02
  -2.6997900e-02
  -1.7945600e-02
  -6.7388100e-03
   7.5777000e-03
   2.3383900e-02
   3.7606800e-02
   4.9060300e-02
   5.6536500e-02
   6.0946400e-02
   6.3237300e-02
   6.2000300e-02
   5.7394700e-02
   5.1328400e-02
   4.3583000e-02
   3.4478500e-02
   2.4646400e-02
   1.3939300e-02
   3.9182400e-03
  -6.4084600e-03
  -1.7464800e-02
  -2.7524200e-02
  -3.5453400e-02
  -4.0813000e-02
  -4.5316300e-02
  -4.8846800e-02
  -5.1101100e-02
  -5.3066000e-02
  -5.4274700e-02
  -5.4634500e-02
  -5.3897200e-02
  -5.1324900e-02
  -4.6625000e-02
  -3.9359600e-02
  -3.0223400e-02
  -2.1406600e-02
  -1.4509500e-02
  -8.8041300e-03
  -3.9292300e-03
  -1.2728900e-03
  -8.8495100e-04
  -1.6349600e-03
  -1.1702800e-03
   2.4418300e-04
   9.6992800e-04
   1.9848100e-03
   5.0822900e-03
   1.0383800e-02
   1.5567500e-02
   2.0987700e-02
   2.6697000e-02
   3.2117700e-02
   3.7647300e-02
   4.2167300e-02
   4.5507000e-02
   4.8648200e-02
   5.0763900e-02
   5.1401400e-02
   5.1993400e-02
   5.2998200e-02
   5.5134300e-02
   5.7568600e-02
   5.8623900e-02
   5.7958800e-02
   5.5552600e-02
   5.1060900e-02
   4.4334100e-02
   3.5743900e-02
   2.4561900e-02
   1.0259900e-02
  -4.9939900e-03
  -1.9751600e-02
  -3.2527800e-02
  -4.0774800e-02
  -4.4970400e-02
  -4.6233400e-02
  -4.5298600e-02
  -4.1321300e-02
  -3.5666300e-02
  -3.2707500e-02
  -3.3477400e-02
  -3.6822000e-02
  -4.1393600e-02
  -4.5605500e-02
  -4.9280400e-02
  -5.3395200e-02
  -5.6078400e-02
  -5.6798100e-02
  -5.7446400e-02
  -5.8076200e-02
  -5.8860900e-02
  -5.8382900e-02
  -5.4541500e-02
  -4.8676000e-02
  -4.2066300e-02
  -3.5397700e-02
  -2.8828400e-02
  -2.1898300e-02
  -1.4892100e-02
  -7.7383100e-03
  -2.8860300e-03
  -1.2652000e-03
  -1.6540500e-03
  -3.2119500e-03
  -4.9221900e-03
  -6.9762800e-03
  -9.3202900e-03
  -1.1435800e-02
  -1.3688800e-02
  -1.6585100e-02
  -1.9982300e-02
  -2.4234300e-02
  -2.8305600e-02
  -3.1309200e-02
  -3.3537300e-02
  -3.3615100e-02
  -3.0148600e-02
  -2.4666900e-02
  -1.8692600e-02
  -1.1748800e-02
  -4.6996300e-03
   2.2675700e-03
   1.0166700e-02
   1.8071000e-02
   2.5476700e-02
   3.0934100e-02
   3.2909400e-02
   3.2637100e-02
   2.9704600e-02
   2.3675600e-02
   1.5270800e-02
   6.0086600e-03
  -1.0340200e-03
  -5.8548700e-03
  -9.6874100e-03
  -1.2330200e-02
  -1.3578800e-02
  -1.3593800e-02
  -1.3528200e-02
  -1.2883900e-02
  -1.0565600e-02
  -8.5406300e-03
  -7.6866600e-03
  -7.2383000e-03
  -7.5410400e-03
  -8.3720900e-03
  -1.0338700e-02
  -1.4189700e-02
  -1.9483700e-02
  -2.5064300e-02
  -2.9853000e-02
  -3.2909600e-02
  -3.2199000e-02
  -2.6064000e-02
  -1.4937100e-02
  -5.3286400e-04
   1.5389200e-02
   2.9799500e-02
   4.0345200e-02
   4.6697400e-02
   5.0173500e-02
   5.2528900e-02
   5.4547400e-02
   5.6506400e-02
   5.7334800e-02
   5.7319400e-02
   5.8353000e-02
   5.9510800e-02
   5.9893300e-02
   5.9294900e-02
   5.7646500e-02
   5.3611200e-02
   4.4592500e-02
   2.9530400e-02
   6.6960100e-03
  -2.1383000e-02
  -4.9006100e-02
  -7.0585300e-02
  -8.2577800e-02
  -8.5180900e-02
  -7.8910000e-02
  -6.5070600e-02
  -4.6090200e-02
  -2.4371800e-02
  -1.0730700e-03
   2.2964200e-02
   4.6355600e-02
   6.6954100e-02
   8.1768400e-02
   9.0180300e-02
   9.3354600e-02
   9.1365900e-02
   8.5991600e-02
   7.9712200e-02
   7.3602900e-02
   6.8957600e-02
   6.5290800e-02
   6.1516700e-02
   5.7969300e-02
   5.5479900e-02
   5.4881400e-02
   5.3485500e-02
   4.9548200e-02
   4.4734600e-02
   3.8888800e-02
   3.1333600e-02
   2.1630000e-02
   1.1449900e-02
   3.3069200e-03
  -4.1974800e-03
  -1.1441200e-02
  -1.6691100e-02
  -1.9678900e-02
  -2.0393900e-02
  -1.9687600e-02
  -1.8236300e-02
  -1.7068800e-02
  -1.7084500e-02
  -1.6071900e-02
  -1.3447800e-02
  -1.1751200e-02
  -1.0823700e-02
  -9.3412400e-03
  -7.6949200e-03
  -5.5105400e-03
  -3.5209700e-03
  -2.6593300e-03
  -3.0418500e-03
  -5.9086700e-03
  -9.8219000e-03
  -1.2278300e-02
  -1.2429500e-02
  -9.2418100e-03
  -4.0593100e-03
   2.6457900e-04
   1.8123500e-03
   1.0881300e-04
  -3.7738100e-03
  -8.7651200e-03
  -1.3988800e-02
  -1.9351100e-02
  -2.4877900e-02
  -3.0151100e-02
  -3.4650900e-02
  -3.7892300e-02
  -3.9056100e-02
  -3.7561000e-02
  -3.4356800e-02
  -3.0776500e-02
  -2.6733900e-02
  -2.2858200e-02
  -2.0818300e-02
  -2.0572700e-02
  -2.0531100e-02
  -1.8550300e-02
  -1.4846300e-02
  -1.1224900e-02
  -8.3948000e-03
  -6.2126100e-03
  -4.4611400e-03
  -2.1963500e-03
   2.0078800e-03
   6.6407000e-03
   9.7922500e-03
   1.1397000e-02
   1.1568900e-02
   1.1240600e-02
   1.0308300e-02
   8.5174900e-03
   5.6759900e-03
  -1.8298200e-04
  -9.3482600e-03
  -1.9852400e-02
  -3.0085700e-02
  -3.7751800e-02
  -4.0871800e-02
  -4.1000800e-02
  -4.0802600e-02
  -4.0610800e-02
  -3.9610800e-02
  -3.7922100e-02
  -3.6318000e-02
  -3.3967200e-02
  -2.9343400e-02
  -2.3579900e-02
  -1.8408800e-02
  -1.4251300e-02
  -1.1963900e-02
  -1.1874200e-02
  -1.3034600e-02
  -1.4673100e-02
  -1.6021900e-02
  -1.6317900e-02
  -1.5492200e-02
  -1.3837900e-02
  -1.0743100e-02
  -6.7371800e-03
  -3.1962400e-03
  -1.4620000e-04
   2.0955800e-03
   3.0493300e-03
   1.7770400e-03
  -1.8250300e-03
  -7.2373100e-03
  -1.3700600e-02
  -2.0013800e-02
  -2.6246100e-02
  -3.1643300e-02
  -3.5129300e-02
  -3.5783800e-02
  -3.4737800e-02
  -3.5378700e-02
  -3.6430600e-02
  -3.4070100e-02
  -2.8190200e-02
  -2.1655000e-02
  -1.6507300e-02
  -1.2429800e-02
  -9.5350500e-03
  -8.2587600e-03
  -8.2863200e-03
  -9.0361600e-03
  -1.0299900e-02
  -1.2149000e-02
  -1.4304800e-02
  -1.6304600e-02
  -1.7617400e-02
  -1.8210400e-02
  -1.8069100e-02
  -1.7994900e-02
  -1.8303700e-02
  -1.8187300e-02
  -1.7570700e-02
  -1.6361900e-02
  -1.5132800e-02
  -1.4016000e-02
  -1.2620700e-02
  -1.1991000e-02
  -1.1088400e-02
  -9.4073700e-03
  -7.9684400e-03
  -6.3629500e-03
  -5.3585100e-03
  -5.3126300e-03
  -4.8900900e-03
  -3.9686900e-03
  -3.8437800e-03
  -4.3280200e-03
  -5.2908800e-03
  -6.7581200e-03
  -6.8333200e-03
  -5.6279100e-03
  -4.7845900e-03
  -4.0803900e-03
  -3.4940600e-03
  -2.2467400e-03
   6.8638200e-04
   3.7152600e-03
   4.5189800e-03
   3.5521800e-03
   2.9832900e-03
   3.4669500e-03
   4.3813800e-03
   4.4463500e-03
   4.8066700e-03
   7.2878300e-03
   1.1248100e-02
   1.6887400e-02
   2.3407200e-02
   2.9167400e-02
   3.4303200e-02
   3.8246300e-02
   4.0110300e-02
   3.9808200e-02
   3.7932700e-02
   3.4532400e-02
   2.9407000e-02
   2.3543800e-02
   1.8607800e-02
   1.4816100e-02
   1.1070800e-02
   7.4730100e-03
   4.6334900e-03
   3.0983200e-03
   3.3320300e-03
   5.9320800e-03
   1.1123900e-02
   1.7352400e-02
   2.2992200e-02
   2.8311900e-02
   3.3813200e-02
   3.7797000e-02
   3.8812400e-02
   3.7412500e-02
   3.4468800e-02
   3.1393000e-02
   2.7955400e-02
   2.2984100e-02
   1.6445100e-02
   9.0221900e-03
   1.6234300e-03
  -5.8326700e-03
  -1.3031100e-02
  -1.9525900e-02
  -2.4475200e-02
  -2.6922700e-02
  -2.6839800e-02
  -2.3119100e-02
  -1.5986500e-02
  -8.4033200e-03
  -1.3845800e-03
   5.4567600e-03
   1.1595900e-02
   1.7283300e-02
   2.2414200e-02
   2.6332500e-02
   2.9456000e-02
   3.2175800e-02
   3.3593000e-02
   3.3490300e-02
   3.2744400e-02
   3.1359100e-02
   2.8418900e-02
   2.4206600e-02
   1.9989700e-02
   1.5875800e-02
   1.2543800e-02
   1.0113100e-02
   8.4722200e-03
   8.1680600e-03
   7.8932000e-03
   7.1390600e-03
   6.2380700e-03
   4.9472700e-03
   3.6297800e-03
   2.2924600e-03
   1.5980800e-03
   1.4502600e-03
   2.1998300e-03
   5.1307300e-03
   9.5869400e-03
   1.4638300e-02
   1.8695800e-02
   2.1589900e-02
   2.4814700e-02
   2.8776000e-02
   3.1764800e-02
   3.2772300e-02
   3.4420700e-02
   3.6632400e-02
   3.7434900e-02
   3.7968400e-02
   3.9759700e-02
   4.2497500e-02
   4.5567200e-02
   4.8466900e-02
   5.0292900e-02
   5.1105300e-02
   5.0929700e-02
   5.0776400e-02
   5.1334800e-02
   5.1586100e-02
   5.1894400e-02
   5.2736800e-02
   5.2752800e-02
   5.0868100e-02
   4.7451800e-02
   4.3219400e-02
   3.9278900e-02
   3.5147700e-02
   2.9045300e-02
   2.0069900e-02
   8.2097700e-03
  -4.8420500e-03
  -1.7164400e-02
  -2.7097600e-02
  -3.2721100e-02
  -3.4390300e-02
  -3.4242000e-02
  -3.2892700e-02
  -3.0607300e-02
  -2.7702100e-02
  -2.4054500e-02
  -1.9317000e-02
  -1.3570900e-02
  -8.1396300e-03
  -4.9921000e-03
  -4.5655000e-03
  -5.6231600e-03
  -7.9356700e-03
  -1.1388900e-02
  -1.5591200e-02
  -1.9682500e-02
  -2.3402000e-02
  -2.6661300e-02
  -2.8811800e-02
  -3.0221400e-02
  -2.9783400e-02
  -2.6107600e-02
  -1.9788400e-02
  -1.2256000e-02
  -6.0014900e-03
  -1.9464700e-03
   9.0173000e-04
   2.4459000e-03
   2.0508800e-03
  -5.9716700e-04
  -4.8599300e-03
  -8.7267900e-03
  -1.1814300e-02
  -1.4677100e-02
  -1.6755400e-02
  -1.8368300e-02
  -1.9666100e-02
  -2.0494600e-02
  -2.2220600e-02
  -2.5259600e-02
  -2.8538700e-02
  -3.1810200e-02
  -3.5268900e-02
  -3.8534600e-02
  -4.1532800e-02
  -4.4936800e-02
  -4.7552800e-02
  -4.7885600e-02
  -4.6490800e-02
  -4.4466600e-02
  -4.3216100e-02
  -4.2814900e-02
  -4.2059200e-02
  -4.0822800e-02
  -3.9061300e-02
  -3.5933000e-02
  -3.1640900e-02
  -2.7342300e-02
  -2.3228100e-02
  -1.9090500e-02
  -1.5997900e-02
  -1.5714800e-02
  -1.7171700e-02
  -1.8729000e-02
  -2.0414000e-02
  -2.1037300e-02
  -2.1077500e-02
  -2.1944200e-02
  -2.2843100e-02
  -2.3688900e-02
  -2.4501500e-02
  -2.4163400e-02
  -2.2070300e-02
  -1.8716300e-02
  -1.5768500e-02
  -1.3202200e-02
  -1.0549900e-02
  -8.0352500e-03
  -4.9899400e-03
  -1.7129400e-03
   1.6909800e-03
   4.4344400e-03
   5.2017600e-03
   4.7990500e-03
   4.6459300e-03
   4.8159200e-03
   4.3086500e-03
   2.3770400e-03
  -7.7941000e-04
  -4.2390900e-03
  -6.9420600e-03
  -8.0003100e-03
  -7.7196800e-03
  -7.3571400e-03
  -6.9292600e-03
  -5.0653900e-03
  -8.6959200e-04
   4.2546900e-03
   8.8281000e-03
   1.2697900e-02
   1.4740900e-02
   1.5019300e-02
   1.4370600e-02
   1.2865000e-02
   1.1327700e-02
   1.0037200e-02
   8.6806000e-03
   7.4004600e-03
   6.2521400e-03
   5.1507100e-03
   4.3744400e-03
   3.7630900e-03
   2.2233100e-03
  -8.2986900e-04
  -4.9363500e-03
  -9.1122200e-03
  -1.3405900e-02
  -1.7517600e-02
  -2.0868500e-02
  -2.3722100e-02
  -2.5836400e-02
  -2.7779000e-02
  -2.8596800e-02
  -2.8339200e-02
  -2.8186200e-02
  -2.6526800e-02
  -2.4087900e-02
  -2.2478000e-02
  -2.1755500e-02
  -2.1544900e-02
  -2.1279200e-02
  -2.1214100e-02
  -2.1218200e-02
  -2.1028200e-02
  -2.0972400e-02
  -2.1890200e-02
  -2.3240600e-02
  -2.4067900e-02
  -2.5230300e-02
  -2.7524100e-02
  -3.0942500e-02
  -3.4425000e-02
  -3.7451500e-02
  -3.9951600e-02
  -4.1005600e-02
  -4.0959700e-02
  -4.0754500e-02
  -4.0847300e-02
  -4.1327300e-02
  -4.2098500e-02
  -4.3371900e-02
  -4.4365800e-02
  -4.4933900e-02
  -4.5520100e-02
  -4.5091700e-02
  -4.4120600e-02
  -4.3931900e-02
  -4.4743500e-02
  -4.6280200e-02
  -4.7496300e-02
  -4.7492200e-02
  -4.6972300e-02
  -4.6754500e-02
  -4.6471700e-02
  -4.5986800e-02
  -4.4891300e-02
  -4.2959500e-02
  -4.1850300e-02
  -4.1958500e-02
  -4.1233200e-02
  -3.8340500e-02
  -3.3864600e-02
  -2.9655800e-02
  -2.5722100e-02
  -2.1800600e-02
  -1.9415000e-02
  -1.8824200e-02
  -1.9722000e-02
  -2.2591000e-02
  -2.7127800e-02
  -3.2286000e-02
  -3.7209600e-02
  -4.1458800e-02
  -4.5008700e-02
  -4.7936200e-02
  -5.0092500e-02
  -5.1485000e-02
  -5.2375600e-02
  -5.2391500e-02
  -5.1691100e-02
  -5.0919700e-02
  -4.9927700e-02
  -4.9029700e-02
  -4.8276100e-02
  -4.7239500e-02
  -4.5962900e-02
  -4.4636200e-02
  -4.4180700e-02
  -4.4542500e-02
  -4.4126100e-02
  -4.1899700e-02
  -3.8247900e-02
  -3.3744500e-02
  -2.8065000e-02
  -2.1109400e-02
  -1.2957300e-02
  -4.6349900e-03
   2.5042300e-03
   9.2750500e-03
   1.7010800e-02
   2.5105100e-02
   3.1585500e-02
   3.6357600e-02
   4.0101500e-02
   4.2082100e-02
   4.2857400e-02
   4.2777000e-02
   4.0616200e-02
   3.6578300e-02
   3.1488500e-02
   2.5156300e-02
   1.7268400e-02
   8.7792400e-03
   1.2382700e-03
  -4.6134700e-03
  -8.9313100e-03
  -1.2320500e-02
  -1.4930500e-02
  -1.7238900e-02
  -1.8724200e-02
  -1.8916900e-02
  -1.8965100e-02
  -1.8693600e-02
  -1.7909800e-02
  -1.6684600e-02
  -1.4238300e-02
  -1.0624500e-02
  -6.8629300e-03
  -3.5261300e-03
   5.3207500e-04
   5.5153300e-03
   9.3727700e-03
   1.1155400e-02
   1.1370100e-02
   1.0395800e-02
   8.6973900e-03
   6.9863500e-03
   5.5698400e-03
   3.9196600e-03
   1.2902900e-03
  -2.1873900e-03
  -5.9378100e-03
  -9.4304800e-03
  -1.2397200e-02
  -1.4914700e-02
  -1.7049600e-02
  -1.8641500e-02
  -1.9082800e-02
  -1.8254700e-02
  -1.7308300e-02
  -1.7457600e-02
  -1.7469100e-02
  -1.4924700e-02
  -1.0281800e-02
  -5.5068800e-03
  -1.3413900e-03
   2.5097400e-03
   6.4334200e-03
   1.1022900e-02
   1.6487200e-02
   2.1518000e-02
   2.5619400e-02
   2.9374500e-02
   3.3283200e-02
   3.6913700e-02
   3.8893500e-02
   3.9874900e-02
   4.1906200e-02
   4.5335000e-02
   4.8537000e-02
   5.0782300e-02
   5.3004700e-02
   5.6025700e-02
   5.9920400e-02
   6.3545500e-02
   6.5861800e-02
   6.7100500e-02
   6.7563900e-02
   6.7417600e-02
   6.7384100e-02
   6.7383500e-02
   6.6959600e-02
   6.6171100e-02
   6.4918000e-02
   6.3903900e-02
   6.3965100e-02
   6.4370400e-02
   6.4436600e-02
   6.4259100e-02
   6.3546600e-02
   6.1654300e-02
   5.8699000e-02
   5.5282900e-02
   5.1761300e-02
   4.8317500e-02
   4.4158300e-02
   3.9515400e-02
   3.5866400e-02
   3.3611600e-02
   3.1616700e-02
   2.8863400e-02
   2.4788800e-02
   1.9716500e-02
   1.5624800e-02
   1.2716000e-02
   1.0520600e-02
   9.5897300e-03
   9.5994200e-03
   1.0180200e-02
   1.1443200e-02
   1.2652400e-02
   1.2977000e-02
   1.3825500e-02
   1.6156700e-02
   1.8584400e-02
   2.0239400e-02
   2.1171300e-02
   2.1218300e-02
   2.1482700e-02
   2.3098000e-02
   2.5658500e-02
   2.8961400e-02
   3.2729200e-02
   3.6333400e-02
   3.9184500e-02
   4.1748500e-02
   4.4489700e-02
   4.6939700e-02
   4.8659600e-02
   4.9424600e-02
   4.9329800e-02
   4.8680100e-02
   4.7524300e-02
   4.6033700e-02
   4.3597900e-02
   4.0021200e-02
   3.6821200e-02
   3.2934500e-02
   2.7400500e-02
   2.2041800e-02
   1.7591300e-02
   1.3117500e-02
   8.0148000e-03
   2.7309100e-03
  -2.6607300e-03
  -8.1366300e-03
  -1.3300100e-02
  -1.8483500e-02
  -2.3829300e-02
  -2.8060300e-02
  -3.0625400e-02
  -3.3255300e-02
  -3.5888500e-02
  -3.7397300e-02
  -3.9002900e-02
  -4.0658300e-02
  -4.1664200e-02
  -4.2856700e-02
  -4.3235300e-02
  -4.2253200e-02
  -4.2018300e-02
  -4.2658800e-02
  -4.1643500e-02
  -3.7921600e-02
  -3.3011400e-02
  -2.7778400e-02
  -2.2406500e-02
  -1.7011300e-02
  -1.1269200e-02
  -4.6570200e-03
   2.7625800e-03
   9.3361400e-03
   1.5065900e-02
   2.0272500e-02
   2.4234500e-02
   2.7537300e-02
   2.8838100e-02
   2.6826800e-02
   2.2698400e-02
   1.7405600e-02
   1.1936800e-02
   6.9858000e-03
   2.4877200e-03
  -1.3033600e-03
  -4.4650200e-03
  -7.6215700e-03
  -1.0178300e-02
  -1.2402400e-02
  -1.5234300e-02
  -1.8251200e-02
  -2.1287300e-02
  -2.3425800e-02
  -2.4213500e-02
  -2.4271900e-02
  -2.4003700e-02
  -2.3477400e-02
  -2.2444300e-02
  -2.0655300e-02
  -1.8553600e-02
  -1.8220600e-02
  -1.7991300e-02
  -1.6077100e-02
  -1.4585700e-02
  -1.3418300e-02
  -1.2165900e-02
  -1.0623500e-02
  -8.5481800e-03
  -6.4569700e-03
  -4.8537600e-03
  -4.0747500e-03
  -3.5784700e-03
  -2.9776600e-03
  -1.9849200e-03
  -1.3066000e-03
  -1.8221900e-03
  -3.5016100e-03
  -6.6427200e-03
  -1.0235900e-02
  -1.2599000e-02
  -1.4945700e-02
  -1.8085500e-02
  -2.1097500e-02
  -2.4276400e-02
  -2.8666500e-02
  -3.2928400e-02
  -3.5670300e-02
  -3.8132000e-02
  -3.9707800e-02
  -4.0036600e-02
  -3.9920300e-02
  -3.9182800e-02
  -3.8690300e-02
  -3.9087800e-02
  -3.8308500e-02
  -3.6840300e-02
  -3.6162800e-02
  -3.5563900e-02
  -3.5199100e-02
  -3.4247100e-02
  -3.3406800e-02
  -3.2410200e-02
  -3.0819100e-02
  -3.0801000e-02
  -3.0301800e-02
  -2.7310300e-02
  -2.3882300e-02
  -2.1374800e-02
  -1.9526800e-02
  -1.7100900e-02
  -1.3184300e-02
  -8.5539700e-03
  -3.7990200e-03
   1.6640500e-03
   7.6257500e-03
   1.3921800e-02
   2.0210400e-02
   2.6143200e-02
   3.1639000e-02
   3.5910700e-02
   3.8805000e-02
   3.9938700e-02
   3.9723100e-02
   3.9450500e-02
   3.8947800e-02
   3.7472000e-02
   3.5750300e-02
   3.3912800e-02
   3.2047900e-02
   3.0201900e-02
   2.7693000e-02
   2.6079400e-02
   2.5718800e-02
   2.5393500e-02
   2.5669200e-02
   2.6925100e-02
   2.8083600e-02
   2.8526900e-02
   2.8696000e-02
   2.8722400e-02
   2.8216300e-02
   2.6802900e-02
   2.5044600e-02
   2.3093500e-02
   2.0916200e-02
   2.0293200e-02
   2.1188100e-02
   2.1546500e-02
   2.1285300e-02
   2.2044600e-02
   2.5034700e-02
   2.9587100e-02
   3.3143000e-02
   3.4260300e-02
   3.4126900e-02
   3.4128500e-02
   3.3999400e-02
   3.3645100e-02
   3.2945400e-02
   3.1871900e-02
   3.1715300e-02
   3.2092500e-02
   3.2193200e-02
   3.2286400e-02
   3.2521300e-02
   3.3166700e-02
   3.4513300e-02
   3.5755500e-02
   3.6478100e-02
   3.8223600e-02
   4.0839500e-02
   4.2544500e-02
   4.3965700e-02
   4.5777900e-02
   4.7024400e-02
   4.8251400e-02
   4.9505500e-02
   4.9401500e-02
   4.8876800e-02
   5.0408400e-02
   5.2073700e-02
   5.2298900e-02
   5.2517900e-02
   5.1978900e-02
   5.1689100e-02
   5.2100900e-02
   5.1453000e-02
   5.0596200e-02
   5.0224600e-02
   4.9635600e-02
   4.9022300e-02
   4.7973200e-02
   4.6661300e-02
   4.6226300e-02
   4.6047500e-02
   4.6142200e-02
   4.5850200e-02
   4.4571400e-02
   4.3704800e-02
   4.2153600e-02
   3.9615500e-02
   3.7791100e-02
   3.5641800e-02
   3.2781000e-02
   3.0809400e-02
   2.9397300e-02
   2.8091700e-02
   2.6991200e-02
   2.5985600e-02
   2.5763600e-02
   2.6187200e-02
   2.5783200e-02
   2.5261200e-02
   2.5713500e-02
   2.6208500e-02
   2.6129300e-02
   2.5870900e-02
   2.5942900e-02
   2.5933700e-02
   2.5724800e-02
   2.6123500e-02
   2.6694100e-02
   2.7165300e-02
   2.7906700e-02
   2.8099100e-02
   2.8727300e-02
   2.9454500e-02
   2.9403000e-02
   2.9414000e-02
   2.8572900e-02
   2.7067900e-02
   2.4659900e-02
   2.1827700e-02
   2.0422700e-02
   1.9437200e-02
   1.8025400e-02
   1.7579100e-02
   1.7757000e-02
   1.6279500e-02
   1.5317700e-02
   1.5487800e-02
   1.5883000e-02
   1.7234800e-02
   1.7946300e-02
   1.9663100e-02
   2.1702700e-02
   2.2141400e-02
   2.3843900e-02
   2.6561400e-02
   2.9385900e-02
   3.0600300e-02
   2.9668900e-02
   2.9076700e-02
   2.7757200e-02
   2.5103800e-02
   2.2022700e-02
   2.0324900e-02
   1.9614500e-02
   1.8328000e-02
   1.7114000e-02
   1.5931500e-02
   1.4592000e-02
   1.2938100e-02
   1.1960700e-02
   1.1738600e-02
   1.2268300e-02
   1.3079400e-02
   1.2385600e-02
   1.2126400e-02
   1.2277800e-02
   1.1715300e-02
   1.0363900e-02
   8.7324200e-03
   8.6105800e-03
   8.8844700e-03
   9.5286700e-03
   9.2739600e-03
   8.4870700e-03
   9.0293300e-03
   9.3674000e-03
   1.0181700e-02
   1.1191400e-02
   1.1582100e-02
   1.1970500e-02
   1.2140000e-02
   1.1549200e-02
   1.0809700e-02
   1.0731900e-02
   9.9681700e-03
   8.8155600e-03
   8.1456100e-03
   7.1760600e-03
   5.2385800e-03
   3.7831700e-03
   3.9565600e-03
   4.4136500e-03
   4.9334200e-03
   5.7257700e-03
   8.7376400e-03
   1.2931600e-02
   1.4327700e-02
   1.4414500e-02
   1.4415200e-02
   1.3992200e-02
   1.3797400e-02
   1.2081400e-02
   8.6299300e-03
   4.8926900e-03
   6.6266000e-04
  -2.9128900e-03
  -5.0064000e-03
  -6.9145300e-03
  -9.1684000e-03
  -1.1395300e-02
  -1.3866300e-02
  -1.7069500e-02
  -2.0227000e-02
  -2.3180700e-02
  -2.7550700e-02
  -3.2009100e-02
  -3.5528200e-02
  -3.9368400e-02
  -4.3021300e-02
  -4.6212800e-02
  -4.9251800e-02
  -5.2229900e-02
  -5.3584600e-02
  -5.2774000e-02
  -5.2274400e-02
  -5.2404500e-02
  -5.1333100e-02
  -4.9637800e-02
  -4.8514500e-02
  -4.7512100e-02
  -4.6753300e-02
  -4.5436500e-02
  -4.3052600e-02
  -4.0449500e-02
  -3.7323700e-02
  -3.4384300e-02
  -3.2000800e-02
  -2.9681600e-02
  -2.8443400e-02
  -2.8319000e-02
  -2.8532300e-02
  -2.8810100e-02
  -2.9295900e-02
  -3.1158200e-02
  -3.3557700e-02
  -3.4004300e-02
  -3.3944200e-02
  -3.4910900e-02
  -3.5748300e-02
  -3.5826900e-02
  -3.5927300e-02
  -3.6009200e-02
  -3.4595100e-02
  -3.2632300e-02
  -3.0394000e-02
  -2.8140600e-02
  -2.6773300e-02
  -2.4406000e-02
  -2.0745100e-02
  -1.8060200e-02
  -1.6287700e-02
  -1.5285200e-02
  -1.5113000e-02
  -1.4094300e-02
  -1.3333100e-02
  -1.3725600e-02
  -1.4703700e-02
  -1.5618700e-02
  -1.6235600e-02
  -1.6139400e-02
  -1.4574000e-02
  -1.3276800e-02
  -1.2686100e-02
  -1.2043300e-02
  -1.1409300e-02
  -1.0843400e-02
  -1.0619400e-02
  -1.0882100e-02
  -1.1288300e-02
  -1.2328900e-02
  -1.3975700e-02
  -1.6186100e-02
  -1.9095400e-02
  -2.0823100e-02
  -2.2931900e-02
  -2.6595600e-02
  -2.9731100e-02
  -3.1416700e-02
  -3.1754300e-02
  -3.1523500e-02
  -3.1400400e-02
  -3.0663700e-02
  -2.8145900e-02
  -2.5822900e-02
  -2.4417200e-02
  -2.2946900e-02
  -2.2269200e-02
  -2.1688600e-02
  -2.0533400e-02
  -1.9283200e-02
  -1.8243500e-02
  -1.7191700e-02
  -1.6331300e-02
  -1.6672300e-02
  -1.6699000e-02
  -1.6185400e-02
  -1.6147300e-02
  -1.5645000e-02
  -1.4747400e-02
  -1.3785300e-02
  -1.2784800e-02
  -1.1575600e-02
  -9.6237800e-03
  -7.5441900e-03
  -5.4291400e-03
  -4.1279100e-03
  -3.9240600e-03
  -2.9568000e-03
  -2.0438200e-03
  -1.3073100e-03
  -2.0397800e-04
   4.4294100e-04
   5.0239000e-04
   5.6703800e-04
   1.7470800e-03
   3.4845500e-03
   4.8711800e-03
   5.7869100e-03
   6.1950600e-03
   6.9005800e-03
   8.1389300e-03
   9.7227500e-03
   1.1587400e-02
   1.3387700e-02
   1.5363700e-02
   1.7545900e-02
   2.0056600e-02
   2.2251200e-02
   2.3102900e-02
   2.3457600e-02
   2.5035200e-02
   2.6591800e-02
   2.6715800e-02
   2.7233400e-02
   2.7724200e-02
   2.7779600e-02
   2.7746300e-02
   2.6581100e-02
   2.4887400e-02
   2.3931900e-02
   2.2750900e-02
   2.0749900e-02
   1.9181800e-02
   1.8594200e-02
   1.8933700e-02
   1.8351000e-02
   1.6223400e-02
   1.4841000e-02
   1.3650500e-02
   1.1506800e-02
   9.4156100e-03
   7.3230300e-03
   6.1858300e-03
   6.3426800e-03
   6.4460900e-03
   6.6164100e-03
   7.1788100e-03
   9.4928600e-03
   1.3753800e-02
   1.7039700e-02
   1.9445900e-02
   2.2623800e-02
   2.5186000e-02
   2.6452100e-02
   2.6579100e-02
   2.6156500e-02
   2.5021000e-02
   2.2756200e-02
   1.9670400e-02
   1.5703800e-02
   1.1842300e-02
   8.1582100e-03
   4.5406700e-03
   7.9441300e-04
  -2.4645800e-03
  -4.1246500e-03
  -3.9795500e-03
  -2.9336000e-03
  -2.6144500e-03
  -2.5798100e-03
  -2.3608300e-03
  -1.8240700e-03
  -1.2888000e-03
  -1.6467700e-03
  -2.7731000e-03
  -4.1405200e-03
  -4.5895500e-03
  -4.1627700e-03
  -3.9191200e-03
  -3.9197300e-03
  -4.4280200e-03
  -5.8807300e-03
  -7.2039500e-03
  -8.0195600e-03
  -9.9016300e-03
  -1.1987300e-02
  -1.3350600e-02
  -1.4584700e-02
  -1.5557100e-02
  -1.6071200e-02
  -1.5908000e-02
  -1.5404200e-02
  -1.4701000e-02
  -1.4328000e-02
  -1.4291600e-02
  -1.3684700e-02
  -1.3075700e-02
  -1.3326300e-02
  -1.3564100e-02
  -1.3346100e-02
  -1.3521800e-02
  -1.4082500e-02
  -1.5452400e-02
  -1.7004300e-02
  -1.7944100e-02
  -1.9152600e-02
  -2.0648300e-02
  -2.2003600e-02
  -2.1911000e-02
  -2.0927800e-02
  -2.1221400e-02
  -2.1879100e-02
  -2.1848900e-02
  -2.1243500e-02
  -2.0425900e-02
  -1.9866800e-02
  -1.9369400e-02
  -1.8776400e-02
  -1.8815500e-02
  -1.9303600e-02
  -1.9022100e-02
  -1.8916800e-02
  -1.8957400e-02
  -1.9007100e-02
  -2.0282600e-02
  -2.1721100e-02
  -2.2389100e-02
  -2.3419200e-02
  -2.4865000e-02
  -2.6311000e-02
  -2.8102800e-02
  -2.9578500e-02
  -3.0187300e-02
  -3.0361100e-02
  -3.0554400e-02
  -3.1011500e-02
  -3.1800900e-02
  -3.1681300e-02
  -3.0770800e-02
  -3.0661900e-02
  -3.0669700e-02
  -3.0072800e-02
  -2.9579000e-02
  -2.8850100e-02
  -2.7923400e-02
  -2.7299200e-02
  -2.7370500e-02
  -2.8284500e-02
  -2.9135200e-02
  -2.9166800e-02
  -2.7660500e-02
  -2.5821300e-02
  -2.4568900e-02
  -2.3493300e-02
  -2.2310400e-02
  -2.0490500e-02
  -1.8179200e-02
  -1.7175400e-02
  -1.7373000e-02
  -1.6547000e-02
  -1.6041900e-02
  -1.6700100e-02
  -1.7675900e-02
  -1.8473000e-02
  -1.8783500e-02
  -1.8665300e-02
  -1.8595400e-02
  -1.8610400e-02
  -1.7702200e-02
  -1.7557100e-02
  -1.7760900e-02
  -1.6063100e-02
  -1.4211700e-02
  -1.2856700e-02
  -1.0778300e-02
  -7.2749800e-03
  -3.4059500e-03
  -4.0197400e-05
   4.5053900e-03
   9.4254600e-03
   1.2565600e-02
   1.4571300e-02
   1.6289700e-02
   1.8040900e-02
   1.9969500e-02
   2.1049600e-02
   2.2132900e-02
   2.4334700e-02
   2.5585000e-02
   2.5922900e-02
   2.7158500e-02
   2.8672500e-02
   3.0044400e-02
   3.1406100e-02
   3.2845200e-02
   3.4048000e-02
   3.5054800e-02
   3.6470200e-02
   3.7716000e-02
   3.8648800e-02
   3.9039000e-02
   3.8878500e-02
   3.9071300e-02
   3.9797100e-02
   4.0494600e-02
   4.0746700e-02
   4.1056100e-02
   4.1925900e-02
   4.1975200e-02
   4.1259800e-02
   4.1544200e-02
   4.1786900e-02
   4.1403600e-02
   4.1426400e-02
   4.0909000e-02
   3.8768200e-02
   3.6399600e-02
   3.4457100e-02
   3.2083400e-02
   2.9300300e-02
   2.5869900e-02
   2.2845600e-02
   2.1935500e-02
   2.1858600e-02
   2.1727000e-02
   2.1994300e-02
   2.2073100e-02
   2.1827600e-02
   2.1548900e-02
   2.1297600e-02
   2.1466300e-02
   2.1950700e-02
   2.1978200e-02
   2.1683200e-02
   2.1590100e-02
   2.1485000e-02
   2.0461900e-02
   1.8711500e-02
   1.7998700e-02
   1.8273200e-02
   1.8585800e-02
   1.8850300e-02
   1.8437400e-02
   1.8079200e-02
   1.8565600e-02
   1.8723000e-02
   1.8202700e-02
   1.7297300e-02
   1.6516600e-02
   1.6166100e-02
   1.6027400e-02
   1.6162000e-02
   1.5781200e-02
   1.4672400e-02
   1.3187200e-02
   1.1370800e-02
   9.9723500e-03
   9.3479300e-03
   8.6752200e-03
   7.2549500e-03
   5.8081600e-03
   4.8659100e-03
   4.5499600e-03
   4.1343200e-03
   3.0466300e-03
   2.1280700e-03
   1.4761200e-03
   6.6544800e-04
  -2.2023300e-04
  -9.0148700e-04
  -1.8429800e-03
  -2.3980200e-03
  -2.2874900e-03
  -2.1171400e-03
  -1.3554600e-03
  -8.2005100e-04
  -6.4062500e-04
   7.2589500e-04
   2.0738300e-03
   2.4341800e-03
   3.4712600e-03
   5.2185100e-03
   6.9837200e-03
   7.7946200e-03
   7.9242000e-03
   8.5267500e-03
   9.1501800e-03
   1.0417200e-02
   1.1844900e-02
   1.2230100e-02
   1.2082200e-02
   1.1900000e-02
   1.1704800e-02
   1.1675900e-02
   1.2009200e-02
   1.1949800e-02
   1.1439800e-02
   1.0461000e-02
   9.1743500e-03
   8.2763400e-03
   7.4961200e-03
   6.4197800e-03
   4.9317800e-03
   3.8215100e-03
   3.1428500e-03
   2.1719100e-03
   1.1979600e-03
   6.5832900e-04
   6.0232500e-04
   1.5207500e-03
   2.7341900e-03
   3.3090100e-03
   4.0997900e-03
   4.9320600e-03
   5.6827500e-03
   6.5629900e-03
   7.3382600e-03
   8.7979200e-03
   1.1244100e-02
   1.3294400e-02
   1.4411600e-02
   1.4468900e-02
   1.3188600e-02
   1.1762100e-02
   1.0206400e-02
   7.4459600e-03
   3.7620800e-03
  -9.1889500e-05
  -3.5584900e-03
  -5.7764100e-03
  -7.3408000e-03
  -8.9016200e-03
  -9.8184900e-03
  -1.0001000e-02
  -9.3364700e-03
  -8.6009200e-03
  -8.3256500e-03
  -7.9132600e-03
  -7.8033000e-03
  -7.7853900e-03
  -7.7310600e-03
  -8.1784700e-03
  -8.7319200e-03
  -9.5553500e-03
  -1.0736700e-02
  -1.1702900e-02
  -1.2610300e-02
  -1.4296900e-02
  -1.6408300e-02
  -1.8057700e-02
  -1.9393500e-02
  -2.0729700e-02
  -2.2744200e-02
  -2.5115800e-02
  -2.6847200e-02
  -2.8693600e-02
  -3.1540700e-02
  -3.4145100e-02
  -3.5241500e-02
  -3.6133400e-02
  -3.8158300e-02
  -4.0754600e-02
  -4.3442300e-02
  -4.5860900e-02
  -4.6950500e-02
  -4.7268400e-02
  -4.8392600e-02
  -4.9899400e-02
  -5.1562400e-02
  -5.3340200e-02
  -5.4176400e-02
  -5.4235000e-02
  -5.3419900e-02
  -5.2502600e-02
  -5.2361700e-02
  -5.1547700e-02
  -5.0476400e-02
  -5.0013400e-02
  -4.9025000e-02
  -4.6823600e-02
  -4.3752100e-02
  -4.0334900e-02
  -3.6857600e-02
  -3.3086800e-02
  -2.8652900e-02
  -2.3794300e-02
  -1.9085100e-02
  -1.4799200e-02
  -1.0394100e-02
  -5.7312000e-03
  -2.4931800e-03
  -1.9435600e-03
  -2.8806400e-03
  -3.1615300e-03
  -2.4219300e-03
  -2.1052200e-03
  -2.2223200e-03
  -3.1893800e-03
  -4.9749300e-03
  -5.6198300e-03
  -5.4847200e-03
  -5.0174500e-03
  -4.9543100e-03
  -5.9391900e-03
  -6.8866700e-03
  -7.5180700e-03
  -7.7125400e-03
  -8.0404100e-03
  -8.3989300e-03
  -8.1780800e-03
  -8.1615200e-03
  -8.1862700e-03
  -8.0959900e-03
  -7.6568100e-03
  -6.5476600e-03
  -6.2579500e-03
  -6.2609700e-03
  -5.4967900e-03
  -5.0295300e-03
  -5.1810700e-03
  -5.4448100e-03
  -5.4441800e-03
  -5.3850800e-03
  -5.0675600e-03
  -4.3966900e-03
  -3.6904400e-03
  -2.6624300e-03
  -1.5199400e-03
  -7.8547700e-04
   1.3639800e-04
   1.5327300e-03
   2.4675700e-03
   3.0080100e-03
   4.2631100e-03
   6.7560800e-03
   9.3979800e-03
   9.7603300e-03
   8.3838900e-03
   6.9854400e-03
   4.8935300e-03
   2.6807700e-03
   8.3837900e-04
  -6.3189800e-04
  -1.4886500e-03
  -1.8470300e-03
  -1.5234400e-03
  -1.2952900e-03
  -1.1418200e-03
   3.2283300e-04
   2.9744500e-03
   5.5843500e-03
   7.5578900e-03
   9.8581900e-03
   1.3260400e-02
   1.5829400e-02
   1.6860300e-02
   1.7395100e-02
   1.8640600e-02
   2.0320600e-02
   2.0919000e-02
   2.1304200e-02
   2.2015800e-02
   2.3173700e-02
   2.3816400e-02
   2.3460600e-02
   2.3639400e-02
   2.3574100e-02
   2.1925800e-02
   1.8816500e-02
   1.6219300e-02
   1.5403100e-02
   1.5374400e-02
   1.5019400e-02
   1.3731500e-02
   1.1911700e-02
   1.0432800e-02
   9.6485000e-03
   8.4352900e-03
   6.1935400e-03
   2.7121400e-03
  -1.5549900e-03
  -4.4786200e-03
  -5.8229100e-03
  -7.1383000e-03
  -9.4119500e-03
  -1.2796700e-02
  -1.6138600e-02
  -1.8878500e-02
  -2.1412100e-02
  -2.3898800e-02
  -2.6773400e-02
  -2.9457200e-02
  -3.1056300e-02
  -3.2091400e-02
  -3.3660100e-02
  -3.5181700e-02
  -3.6302400e-02
  -3.7146500e-02
  -3.7049100e-02
  -3.6536700e-02
  -3.6440800e-02
  -3.6370200e-02
  -3.5862600e-02
  -3.5497800e-02
  -3.4544200e-02
  -3.1753400e-02
  -2.8105200e-02
  -2.4236200e-02
  -2.0359000e-02
  -1.7874400e-02
  -1.5837100e-02
  -1.1297500e-02
  -4.7904200e-03
   1.2061900e-03
   6.2513100e-03
   1.0926300e-02
   1.5154300e-02
   1.9139500e-02
   2.3143100e-02
   2.6557300e-02
   2.9492700e-02
   3.1949400e-02
   3.3258900e-02
   3.3820000e-02
   3.4299800e-02
   3.5129400e-02
   3.5892900e-02
   3.6526300e-02
   3.7962900e-02
   3.8618500e-02
   3.8249100e-02
   3.7822800e-02
   3.7188700e-02
   3.6480500e-02
   3.5677800e-02
   3.5001400e-02
   3.4243600e-02
   3.3062000e-02
   3.0815800e-02
   2.7622200e-02
   2.4087200e-02
   2.0480900e-02
   1.6501700e-02
   1.2598500e-02
   9.0421400e-03
   5.0085100e-03
   7.7533400e-04
  -2.5643200e-03
  -4.2054200e-03
  -5.9763600e-03
  -8.1580800e-03
  -1.0112100e-02
  -1.2139500e-02
  -1.3582200e-02
  -1.5288200e-02
  -1.6770300e-02
  -1.7342800e-02
  -1.8261800e-02
  -1.9711700e-02
  -2.1045900e-02
  -2.2214900e-02
  -2.3026300e-02
  -2.3903900e-02
  -2.5302700e-02
  -2.5704500e-02
  -2.4456200e-02
  -2.3532100e-02
  -2.3757200e-02
  -2.3925500e-02
  -2.2900300e-02
  -2.0103700e-02
  -1.6526300e-02
  -1.3054400e-02
  -9.7941100e-03
  -7.0288000e-03
  -3.8256300e-03
  -5.2173200e-04
   8.3976600e-04
   7.1050400e-04
   1.6803100e-03
   3.9893700e-03
   5.2820100e-03
   5.9786700e-03
   6.9276800e-03
   7.4054700e-03
   8.2056900e-03
   8.7522000e-03
   8.0437000e-03
   7.1063500e-03
   6.3755700e-03
   5.2890200e-03
   4.2201500e-03
   3.1945000e-03
   1.8141300e-03
   5.1289600e-04
  -9.3550800e-04
  -2.8774200e-03
  -5.2816300e-03
  -7.0781200e-03
  -7.3719800e-03
  -7.5248600e-03
  -8.0636400e-03
  -8.4111000e-03
  -8.6431100e-03
  -8.5427000e-03
  -8.6592700e-03
  -9.0223900e-03
  -8.8571700e-03
  -8.7493400e-03
  -8.9770300e-03
  -8.9194200e-03
  -8.7540700e-03
  -8.7658600e-03
  -8.0731200e-03
  -6.7105400e-03
  -5.9118100e-03
  -6.0584900e-03
  -6.5115300e-03
  -6.6618500e-03
  -6.2309200e-03
  -5.1923900e-03
  -3.9231100e-03
  -3.2502200e-03
  -2.6933000e-03
  -1.9642500e-03
  -1.2131800e-03
  -2.6430000e-04
  -6.1820400e-05
  -6.1464000e-04
  -1.6158600e-03
  -2.3370500e-03
  -2.6484600e-03
  -2.8567000e-03
  -2.7954500e-03
  -3.1861100e-03
  -3.9063600e-03
  -3.7084700e-03
  -2.5391000e-03
  -1.7688600e-03
  -1.6313200e-03
  -1.4981000e-03
  -2.1060100e-03
  -4.2938000e-03
  -7.2902100e-03
  -1.0497000e-02
  -1.3158500e-02
  -1.4375500e-02
  -1.5604900e-02
  -1.8039400e-02
  -2.0154300e-02
  -2.1233500e-02
  -2.2039300e-02
  -2.2319700e-02
  -2.2598900e-02
  -2.3350800e-02
  -2.3437000e-02
  -2.3103600e-02
  -2.2959000e-02
  -2.2542900e-02
  -2.1745000e-02
  -2.0643800e-02
  -2.0199300e-02
  -2.0249300e-02
  -1.9669100e-02
  -1.9587500e-02
  -1.9882300e-02
  -2.0005100e-02
  -2.0229400e-02
  -1.9675700e-02
  -1.8939900e-02
  -1.9018300e-02
  -1.8606600e-02
  -1.7501400e-02
  -1.7662100e-02
  -1.8648400e-02
  -1.9747400e-02
  -2.0828900e-02
  -2.1331800e-02
  -2.2258100e-02
  -2.3509000e-02
  -2.4990200e-02
  -2.6292900e-02
  -2.6033800e-02
  -2.5129000e-02
  -2.5052000e-02
  -2.4851300e-02
  -2.3174800e-02
  -2.0031500e-02
  -1.6514400e-02
  -1.4061700e-02
  -1.1354100e-02
  -7.6718000e-03
  -3.5835400e-03
   7.2960400e-04
   3.5619800e-03
   3.9859700e-03
   3.5198000e-03
   3.3273500e-03
   3.2068800e-03
   2.8590200e-03
   2.0793200e-03
   1.3018500e-03
   6.6226100e-04
  -1.9158900e-04
  -4.5627200e-04
  -1.1942300e-04
  -6.6414800e-04
  -2.1149600e-03
  -3.5859600e-03
  -3.4236100e-03
  -2.0247800e-03
  -1.0715900e-03
   2.6557800e-07
   1.0958300e-04
  -3.2169200e-04
   1.0436700e-03
   2.8854500e-03
   4.7330500e-03
   6.4749600e-03
   6.8747700e-03
   7.4962200e-03
   9.1870100e-03
   1.1063600e-02
   1.2960000e-02
   1.3685500e-02
   1.3919800e-02
   1.5550200e-02
   1.6978200e-02
   1.7538400e-02
   1.8420500e-02
   1.9525000e-02
   2.0390700e-02
   2.1052800e-02
   2.2116200e-02
   2.3610900e-02
   2.4858700e-02
   2.5339000e-02
   2.5900500e-02
   2.7096700e-02
   2.7601900e-02
   2.8031500e-02
   2.9301500e-02
   3.0291800e-02
   3.0251900e-02
   2.9124600e-02
   2.8145100e-02
   2.8182900e-02
   2.8757100e-02
   2.8964300e-02
   2.8491200e-02
   2.8359300e-02
   2.8447000e-02
   2.8470600e-02
   2.8583300e-02
   2.8682100e-02
   2.8857100e-02
   2.9159100e-02
   2.9357500e-02
   2.9425700e-02
   2.9065100e-02
   2.8032900e-02
   2.7675700e-02
   2.7979800e-02
   2.7900800e-02
   2.8027000e-02
   2.8828700e-02
   2.9609000e-02
   2.9534600e-02
   2.9085900e-02
   2.9229800e-02
   3.0149200e-02
   3.1104600e-02
   3.0615600e-02
   2.9932700e-02
   3.0191100e-02
   2.9828100e-02
   2.8871500e-02
   2.7970000e-02
   2.7552400e-02
   2.6764000e-02
   2.5402800e-02
   2.4890600e-02
   2.4761600e-02
   2.4294500e-02
   2.3448900e-02
   2.2567800e-02
   2.1318200e-02
   2.0183700e-02
   2.0218300e-02
   2.0302400e-02
   1.9518900e-02
   1.8875400e-02
   1.9018300e-02
   1.9877400e-02
   2.0772300e-02
   2.0793500e-02
   2.1257200e-02
   2.3458300e-02
   2.7355200e-02
   3.0382400e-02
   3.1136900e-02
   3.1961300e-02
   3.2868500e-02
   3.3345900e-02
   3.4497900e-02
   3.5989000e-02
   3.6217000e-02
   3.5734000e-02
   3.5526000e-02
   3.5759000e-02
   3.6868000e-02
   3.7558400e-02
   3.7450500e-02
   3.7153300e-02
   3.6219800e-02
   3.4673400e-02
   3.2297200e-02
   2.9577600e-02
   2.7772800e-02
   2.5936600e-02
   2.3959800e-02
   2.1157800e-02
   1.6609300e-02
   1.2598400e-02
   9.9657200e-03
   7.6284200e-03
   4.8126500e-03
   2.0181100e-03
  -6.1551800e-04
  -3.0443400e-03
  -4.6268300e-03
  -5.7762300e-03
  -6.5676200e-03
  -6.7229100e-03
  -6.7013900e-03
  -6.7998200e-03
  -6.8426800e-03
  -6.9710000e-03
  -6.9936900e-03
  -6.9748800e-03
  -7.1293000e-03
  -6.6653300e-03
  -5.6085800e-03
  -4.5404300e-03
  -3.9260100e-03
  -4.2386700e-03
  -4.5133800e-03
  -4.1513700e-03
  -3.9056600e-03
  -3.9206300e-03
  -4.0265700e-03
  -3.9680300e-03
  -3.7161300e-03
  -3.8681200e-03
  -4.1755600e-03
  -4.6643900e-03
  -5.6870900e-03
  -6.3264100e-03
  -6.9076100e-03
  -7.9950100e-03
  -8.4686200e-03
  -8.6892700e-03
  -9.1710100e-03
  -9.0284900e-03
  -8.1785800e-03
  -7.4486000e-03
  -6.7905600e-03
  -6.6303600e-03
  -7.1135400e-03
  -6.7677100e-03
  -6.0869000e-03
  -6.2733200e-03
  -7.8477400e-03
  -1.0283100e-02
  -1.1833700e-02
  -1.2355400e-02
  -1.3311900e-02
  -1.5627100e-02
  -1.7725900e-02
  -1.8377000e-02
  -1.9421700e-02
  -2.1121200e-02
  -2.2392200e-02
  -2.3288500e-02
  -2.3848400e-02
  -2.4291200e-02
  -2.4600600e-02
  -2.4189900e-02
  -2.3478200e-02
  -2.3735700e-02
  -2.4004900e-02
  -2.3576400e-02
  -2.3454400e-02
  -2.3815200e-02
  -2.4627300e-02
  -2.5482600e-02
  -2.6395000e-02
  -2.7514200e-02
  -2.8612200e-02
  -2.9396700e-02
  -2.9813400e-02
  -3.0104000e-02
  -3.0200000e-02
  -3.0276500e-02
  -3.0384500e-02
  -3.0320800e-02
  -3.0109400e-02
  -3.0236100e-02
  -3.0313400e-02
  -3.0062300e-02
  -2.9982500e-02
  -2.9926300e-02
  -2.9784400e-02
  -3.0086600e-02
  -2.9980500e-02
  -2.9572000e-02
  -2.9876600e-02
  -2.9885300e-02
  -2.9868900e-02
  -3.0115200e-02
  -3.0692600e-02
  -3.1599200e-02
  -3.2431200e-02
  -3.3098300e-02
  -3.3090800e-02
  -3.3057600e-02
  -3.3706000e-02
  -3.4397600e-02
  -3.4877500e-02
  -3.5517600e-02
  -3.5667000e-02
  -3.5270100e-02
  -3.5195300e-02
  -3.5174300e-02
  -3.5178700e-02
  -3.4606500e-02
  -3.3237200e-02
  -3.2656100e-02
  -3.2866300e-02
  -3.2942500e-02
  -3.3022400e-02
  -3.2877500e-02
  -3.1960500e-02
  -3.1217400e-02
  -3.0563600e-02
  -2.9377700e-02
  -2.8356200e-02
  -2.7304900e-02
  -2.5909400e-02
  -2.4828000e-02
  -2.4465600e-02
  -2.4170200e-02
  -2.3570300e-02
  -2.3009200e-02
  -2.2795300e-02
  -2.3218000e-02
  -2.4385200e-02
  -2.5099200e-02
  -2.4692600e-02
  -2.4104800e-02
  -2.4094500e-02
  -2.4646800e-02
  -2.4204600e-02
  -2.3177300e-02
  -2.1736500e-02
  -1.9008600e-02
  -1.7341100e-02
  -1.7122300e-02
  -1.6366700e-02
  -1.3901100e-02
  -1.0507300e-02
  -8.2776100e-03
  -7.0321900e-03
  -6.1668200e-03
  -5.4915200e-03
  -4.4291600e-03
  -3.0331300e-03
  -1.5315100e-03
  -9.2907200e-04
  -1.4361500e-03
  -1.8278500e-03
  -1.6654900e-03
  -1.4380600e-03
  -1.3078800e-03
  -1.3447900e-03
  -1.6311500e-03
  -1.9551300e-03
  -2.5828200e-03
  -3.5544800e-03
  -4.8823400e-03
  -6.4244200e-03
  -8.2808000e-03
  -1.0126300e-02
  -1.1915200e-02
  -1.4004400e-02
  -1.5777300e-02
  -1.7256500e-02
  -1.8904100e-02
  -2.0077600e-02
  -2.0447000e-02
  -2.1377400e-02
  -2.1802400e-02
  -2.1277200e-02
  -2.1459700e-02
  -2.1559000e-02
  -2.1342500e-02
  -2.1405200e-02
  -2.1088500e-02
  -2.0685800e-02
  -2.1174500e-02
  -2.2474200e-02
  -2.3292900e-02
  -2.3213400e-02
  -2.3843800e-02
  -2.5041100e-02
  -2.6244200e-02
  -2.7525600e-02
  -2.8013900e-02
  -2.8630900e-02
  -2.9610500e-02
  -3.0166300e-02
  -3.1079900e-02
  -3.1955400e-02
  -3.1249900e-02
  -2.9865200e-02
  -2.9578500e-02
  -2.9368200e-02
  -2.8611200e-02
  -2.8060000e-02
  -2.6675300e-02
  -2.5095600e-02
  -2.5120100e-02
  -2.4684700e-02
  -2.2704100e-02
  -2.0308100e-02
  -1.8050700e-02
  -1.6458300e-02
  -1.4803400e-02
  -1.3328900e-02
  -1.2598800e-02
  -1.2164600e-02
  -1.2209300e-02
  -1.2061900e-02
  -1.1235900e-02
  -1.0497900e-02
  -9.5580500e-03
  -8.2891900e-03
  -7.4969900e-03
  -6.5329900e-03
  -5.0396800e-03
  -3.1505600e-03
  -1.3589500e-03
  -1.3004200e-04
   1.7013800e-03
   3.5527200e-03
   4.0119800e-03
   4.3122100e-03
   5.5734600e-03
   6.9036800e-03
   8.2177800e-03
   9.3962500e-03
   9.9083200e-03
   1.0210400e-02
   1.0474100e-02
   1.0832700e-02
   1.1226300e-02
   1.1149700e-02
   1.0941800e-02
   1.0682300e-02
   9.7292200e-03
   9.1116500e-03
   8.2842400e-03
   6.2128700e-03
   4.9992800e-03
   5.0159200e-03
   5.2306000e-03
   5.5388500e-03
   5.0353900e-03
   4.0374300e-03
   3.5434400e-03
   3.2574700e-03
   2.6412400e-03
   1.6587900e-03
   6.4129200e-04
  -4.5143200e-04
  -1.4924500e-03
  -2.2177900e-03
  -2.2087000e-03
  -2.6772400e-03
  -3.6522400e-03
  -3.7960700e-03
  -3.7451300e-03
  -3.7381600e-03
  -4.3849000e-03
  -5.2222200e-03
  -5.1893300e-03
  -4.9216300e-03
  -5.1191700e-03
  -5.9072600e-03
  -6.7037500e-03
  -7.2948300e-03
  -7.7806000e-03
  -7.7745700e-03
  -8.4311100e-03
  -9.8766100e-03
  -1.0470200e-02
  -1.0506200e-02
  -1.1060200e-02
  -1.2520800e-02
  -1.3880500e-02
  -1.3855600e-02
  -1.2896000e-02
  -1.2211300e-02
  -1.1709400e-02
  -1.1300900e-02
  -1.0637600e-02
  -9.4446500e-03
  -8.5445000e-03
  -8.7282300e-03
  -9.5939100e-03
  -9.2650700e-03
  -8.1973500e-03
  -7.5170800e-03
  -6.5748700e-03
  -5.6074700e-03
  -4.8032600e-03
  -4.1252600e-03
  -3.6593500e-03
  -2.8810100e-03
  -2.2614400e-03
  -2.1479300e-03
  -2.3499100e-03
  -2.6318600e-03
  -3.0577600e-03
  -3.9069800e-03
  -3.7963100e-03
  -3.0797900e-03
  -3.3076300e-03
  -3.4380400e-03
  -3.3437500e-03
  -3.4036600e-03
  -3.3141100e-03
  -3.3637500e-03
  -3.1350600e-03
  -2.5219400e-03
  -1.8400900e-03
  -8.0947600e-04
   4.6239800e-04
   1.1298100e-03
   1.3752900e-03
   2.5321000e-03
   4.8065400e-03
   6.7869300e-03
   7.0744100e-03
   7.2167200e-03
   8.6046000e-03
   9.8371900e-03
   1.0368600e-02
   1.0261900e-02
   1.0128200e-02
   9.8168500e-03
   9.0473900e-03
   8.6460700e-03
   8.4530700e-03
   8.2017200e-03
   8.3163200e-03
   8.3808700e-03
   7.6829300e-03
   6.9640800e-03
   6.8703800e-03
   7.3146900e-03
   7.5717200e-03
   7.3613300e-03
   7.2256200e-03
   7.5524800e-03
   8.4683300e-03
   9.0504700e-03
   9.0866900e-03
   8.4737600e-03
   6.5561800e-03
   5.2949600e-03
   4.6968700e-03
   3.7661100e-03
   2.7106800e-03
   1.1444900e-03
  -1.5103700e-04
  -1.2988500e-03
  -2.2422600e-03
  -2.5023600e-03
  -2.0952800e-03
  -1.8184100e-03
  -1.8017200e-03
  -1.3133000e-03
  -9.3880800e-04
  -5.5234700e-04
   1.0773700e-03
   2.6409900e-03
   2.5345100e-03
   2.3878600e-03
   2.8705600e-03
   3.8196900e-03
   5.0802400e-03
   5.2209200e-03
   4.5297100e-03
   4.3558000e-03
   4.8507800e-03
   6.0832400e-03
   7.6574300e-03
   8.2033600e-03
   7.5667800e-03
   7.2831100e-03
   7.5844300e-03
   7.7370400e-03
   7.5987400e-03
   7.1793200e-03
   7.2593500e-03
   7.4901400e-03
   7.2461000e-03
   7.2255200e-03
   7.0495800e-03
   5.7463700e-03
   4.3760000e-03
   3.7327200e-03
   2.6596700e-03
   1.2312000e-03
  -1.3147000e-04
  -4.2926900e-04
  -3.3574700e-04
  -7.4338200e-04
  -9.1684400e-04
  -1.4618900e-03
  -1.3797100e-03
  -5.0868400e-04
  -1.1023300e-04
   6.6166800e-04
   2.6705900e-03
   5.0948100e-03
   6.8575100e-03
   7.7932000e-03
   8.3543400e-03
   9.6550900e-03
   1.2108600e-02
   1.4610800e-02
   1.6576000e-02
   1.7010300e-02
   1.6647500e-02
   1.8150600e-02
   1.9757100e-02
   1.9793600e-02
   1.9247500e-02
   1.8977900e-02
   1.9299200e-02
   1.9284100e-02
   1.8964900e-02
   1.8143000e-02
   1.7188100e-02
   1.6828300e-02
   1.6397000e-02
   1.5449200e-02
   1.4548200e-02
   1.4365400e-02
   1.4154500e-02
   1.3404200e-02
   1.3642600e-02
   1.5144900e-02
   1.6014200e-02
   1.6059900e-02
   1.5824100e-02
   1.5342900e-02
   1.5838800e-02
   1.7097600e-02
   1.6508800e-02
   1.4487000e-02
   1.3312500e-02
   1.3309800e-02
   1.3400400e-02
   1.2525300e-02
   1.1502400e-02
   1.0575600e-02
   9.2545000e-03
   8.0026100e-03
   6.8626000e-03
   5.8272400e-03
   5.0474200e-03
   4.3191500e-03
   3.1354700e-03
   2.3080000e-03
   2.3428300e-03
   2.5477200e-03
   2.8952000e-03
   2.4820400e-03
   1.2505800e-03
   1.1569800e-05
  -7.2458500e-04
  -8.4370200e-04
  -1.2582300e-03
  -1.8513700e-03
  -1.8017300e-03
  -8.3606800e-04
   9.3378700e-05
   8.3542800e-04
   1.9184700e-03
   2.6523600e-03
   3.4114200e-03
   4.8598900e-03
   6.1646900e-03
   6.4727600e-03
   6.3306800e-03
   7.0346100e-03
   8.5634900e-03
   9.6374200e-03
   9.6679500e-03
   9.9268300e-03
   1.1333100e-02
   1.2537800e-02
   1.2388400e-02
   1.1804000e-02
   1.1869300e-02
   1.2042600e-02
   1.1583700e-02
   1.0711200e-02
   1.0024700e-02
   9.2018300e-03
   8.8218800e-03
   9.2228700e-03
   9.4741700e-03
   9.1055200e-03
   8.2030700e-03
   7.7992400e-03
   7.9784900e-03
   8.6106500e-03
   9.2316900e-03
   9.1660300e-03
   8.8962100e-03
   8.7700600e-03
   8.8113500e-03
   8.7516000e-03
   8.3116800e-03
   7.4353600e-03
   6.2840600e-03
   5.1985300e-03
   4.5490400e-03
   4.5157300e-03
   4.3758500e-03
   3.8081300e-03
   2.7760200e-03
   1.4198600e-03
   5.1566800e-04
   2.5524800e-05
  -6.4581800e-04
  -1.5761700e-03
  -1.7895700e-03
  -2.2427200e-03
  -4.2456800e-03
  -5.9004800e-03
  -6.9474700e-03
  -7.6526600e-03
  -7.9969600e-03
  -8.5929600e-03
  -8.6611100e-03
  -8.6727400e-03
  -8.0903100e-03
  -6.7450400e-03
  -5.8722400e-03
  -5.0206000e-03
  -3.9907300e-03
  -3.1725500e-03
  -2.3060800e-03
  -1.0066600e-03
  -7.3700200e-05
   7.3421300e-04
   2.4154400e-03
   3.7685900e-03
   4.2546100e-03
   4.7927400e-03
   5.6190000e-03
   7.0205100e-03
   8.0187800e-03
   8.1561900e-03
   8.3646200e-03
   8.8479000e-03
   1.0315300e-02
   1.1527200e-02
   1.1142600e-02
   1.0645700e-02
   1.1168700e-02
   1.2575100e-02
   1.3895000e-02
   1.4911600e-02
   1.5791400e-02
   1.6253400e-02
   1.6712400e-02
   1.7188100e-02
   1.6986600e-02
   1.7050100e-02
   1.7871000e-02
   1.7958200e-02
   1.8089900e-02
   1.8554300e-02
   1.8200800e-02
   1.7212700e-02
   1.5876200e-02
   1.4860700e-02
   1.4132700e-02
   1.2915100e-02
   1.0317800e-02
   7.5014700e-03
   5.6970200e-03
   4.0716000e-03
   3.4912500e-03
   3.6346000e-03
   3.6845100e-03
   4.6420100e-03
   5.5917300e-03
   5.7085900e-03
   6.8807800e-03
   8.1758900e-03
   8.0105600e-03
   7.8792900e-03
   7.5870700e-03
   7.7023100e-03
   9.0848900e-03
   9.9211400e-03
   1.0112300e-02
   1.0240000e-02
   1.0173200e-02
   1.0958200e-02
   1.1457700e-02
   1.1559200e-02
   1.1833800e-02
   1.2300400e-02
   1.3191500e-02
   1.2976800e-02
   1.2347500e-02
   1.2381000e-02
   1.3810000e-02
   1.5333000e-02
   1.4817400e-02
   1.3991100e-02
   1.4124700e-02
   1.4262900e-02
   1.4255600e-02
   1.4467300e-02
   1.4635700e-02
   1.5206300e-02
   1.6635000e-02
   1.7531500e-02
   1.7219800e-02
   1.6946500e-02
   1.6932100e-02
   1.7442500e-02
   1.8521000e-02
   1.9035100e-02
   1.8662100e-02
   1.8998000e-02
   1.9858300e-02
   2.0074300e-02
   2.0153400e-02
   1.9919500e-02
   2.0106100e-02
   2.0077100e-02
   1.9485700e-02
   1.8975800e-02
   1.8080100e-02
   1.7278000e-02
   1.6599100e-02
   1.6265000e-02
   1.6402700e-02
   1.6384500e-02
   1.6316700e-02
   1.5595100e-02
   1.4888900e-02
   1.5055000e-02
   1.4837800e-02
   1.4542300e-02
   1.3297100e-02
   1.1739500e-02
   1.1321400e-02
   1.1011100e-02
   1.0659800e-02
   9.7181000e-03
   8.3999800e-03
   7.5830700e-03
   6.5765900e-03
   5.3581200e-03
   5.1547500e-03
   4.7312800e-03
   3.6824100e-03
   3.3996400e-03
   3.5797100e-03
   3.4665200e-03
   2.8594400e-03
   3.0665000e-03
   2.8949900e-03
   1.7175800e-03
   1.7971900e-03
   1.8411800e-03
   1.8805700e-03
   2.5299700e-03
   2.5221000e-03
   2.1304900e-03
   2.3262300e-03
   3.4149900e-03
   4.7600400e-03
   5.0243600e-03
   3.8499100e-03
   3.5730800e-03
   3.4914800e-03
   2.8420100e-03
   3.0123600e-03
   2.7120300e-03
   1.3661100e-03
   9.2887900e-04
   1.4057300e-03
   1.2974100e-03
   1.1623500e-03
   1.0181100e-03
   8.6414600e-04
   8.7894200e-04
   7.9870700e-04
   4.9855900e-05
  -8.2620200e-04
  -7.9355900e-04
  -8.7165100e-04
  -1.2983500e-03
  -1.8009200e-03
  -2.2505800e-03
  -1.9044400e-03
  -1.3833000e-03
  -1.6860600e-03
  -1.1711300e-03
   9.9835000e-04
   2.0241800e-03
   1.1729700e-03
   1.5221000e-03
   3.4442200e-03
   4.7325300e-03
   5.6187500e-03
   6.6686400e-03
   7.0423400e-03
   7.3412400e-03
   7.7578800e-03
   7.6065900e-03
   7.6881200e-03
   7.8312100e-03
   7.8492600e-03
   8.5980300e-03
   9.0865000e-03
   8.8898800e-03
   9.3886100e-03
   1.0132000e-02
   1.0521100e-02
   1.1243700e-02
   1.2181000e-02
   1.2951900e-02
   1.4615300e-02
   1.6156100e-02
   1.6565700e-02
   1.7652600e-02
   1.8760000e-02
   1.9149000e-02
   1.8896000e-02
   1.7849000e-02
   1.7846000e-02
   1.8995300e-02
   1.9944700e-02
   2.0281700e-02
   1.9868700e-02
   2.0764100e-02
   2.2378400e-02
   2.2967100e-02
   2.3598900e-02
   2.4428700e-02
   2.5558800e-02
   2.6366100e-02
   2.6150100e-02
   2.6331800e-02
   2.7188300e-02
   2.8117800e-02
   2.8752100e-02
   2.8645400e-02
   2.8299100e-02
   2.8030600e-02
   2.7550500e-02
   2.7625000e-02
   2.7872100e-02
   2.6074600e-02
   2.4802700e-02
   2.5117500e-02
   2.5214400e-02
   2.4858800e-02
   2.3175000e-02
   2.1844800e-02
   2.1619500e-02
   2.0961900e-02
   1.9741900e-02
   1.8086500e-02
   1.6074900e-02
   1.4611300e-02
   1.4079200e-02
   1.3543400e-02
   1.1995000e-02
   1.0886700e-02
   1.1462900e-02
   1.1054300e-02
   9.9806100e-03
   9.5595800e-03
   8.5160800e-03
   8.1029100e-03
   7.8976300e-03
   7.5997600e-03
   7.6669700e-03
   7.0701200e-03
   6.7768100e-03
   6.3214600e-03
   6.3444300e-03
   7.1636800e-03
   6.5239800e-03
   6.1104200e-03
   6.9841800e-03
   6.8544500e-03
   5.9310300e-03
   6.3339000e-03
   7.1024600e-03
   6.7674300e-03
   6.2747100e-03
   6.6822100e-03
   6.8386100e-03
   5.8290000e-03
   4.1814400e-03
   2.5711500e-03
   2.5355600e-03
   3.0109700e-03
   2.9769300e-03
   2.9071700e-03
   2.4235400e-03
   2.7327000e-03
   3.7274900e-03
   3.6721100e-03
   2.8648200e-03
   1.9295100e-03
   1.2714300e-03
   1.4770300e-03
   1.5444600e-03
   1.1719000e-03
   6.5911100e-04
  -4.7096100e-04
  -4.6467700e-04
   3.2920800e-04
  -6.8158500e-05
  -2.0955900e-04
  -5.9598800e-04
  -1.2663000e-03
  -9.0915200e-04
  -2.9402900e-04
  -3.3912200e-04
  -1.2934300e-03
  -1.3510800e-03
  -1.6807800e-03
  -2.6866600e-03
  -2.7427400e-03
  -2.8209800e-03
  -2.5820500e-03
  -2.0957000e-03
  -2.3982700e-03
  -2.7100200e-03
  -2.2810800e-03
  -1.4618500e-03
   3.5899200e-05
   4.6832500e-04
  -6.4541400e-05
   9.4870900e-04
   1.6537900e-03
   1.1921300e-03
   1.7357700e-03
   3.3377000e-03
   4.1106200e-03
   3.6399900e-03
   3.0858300e-03
   3.7087100e-03
   4.7030000e-03
   5.1642500e-03
   4.8631100e-03
   4.0844500e-03
   3.8129500e-03
   3.3955700e-03
   3.5402500e-03
   3.6677600e-03
   3.0906900e-03
   2.7684100e-03
   3.1477900e-03
   3.3793600e-03
   2.5221200e-03
   2.5706900e-03
   2.7005100e-03
   1.5167600e-03
   9.9460400e-04
   7.8326100e-04
   1.7393700e-04
  -6.3077200e-04
  -1.6777500e-03
  -1.9115100e-03
  -1.9629000e-03
  -2.9039200e-03
  -3.7772900e-03
  -4.1670400e-03
  -4.7176000e-03
  -4.8832700e-03
  -4.9158400e-03
  -5.5262400e-03
  -5.7459500e-03
  -5.5114000e-03
  -6.2165600e-03
  -7.4410400e-03
  -7.6858800e-03
  -7.8188600e-03
  -7.7348700e-03
  -7.5750800e-03
  -8.3868800e-03
  -8.3077000e-03
  -7.6844200e-03
  -8.0080200e-03
  -7.4187800e-03
  -6.0394800e-03
  -5.4978200e-03
  -5.2564200e-03
  -5.3394900e-03
  -5.0801500e-03
  -4.2161500e-03
  -2.8513100e-03
  -1.3821300e-03
  -1.1620400e-03
  -6.5154700e-04
   5.9528000e-04
   2.3777400e-03
   4.1813500e-03
   4.9931400e-03
   5.8201100e-03
   6.8500200e-03
   7.8471200e-03
   9.4358400e-03
   1.1051100e-02
   1.2319700e-02
   1.3377400e-02
   1.4382400e-02
   1.6253200e-02
   1.7882100e-02
   1.8805200e-02
   1.9594700e-02
   2.0547300e-02
   2.1430800e-02
   2.1667200e-02
   2.1837600e-02
   2.2226200e-02
   2.2406700e-02
   2.2280300e-02
   2.1874000e-02
   2.1635400e-02
   2.1098300e-02
   1.9465700e-02
   1.8484000e-02
   1.7853700e-02
   1.6332000e-02
   1.5023400e-02
   1.4224200e-02
   1.3221500e-02
   1.2247000e-02
   1.1797400e-02
   1.1483000e-02
   1.1295000e-02
   1.1492900e-02
   1.1417000e-02
   1.0607800e-02
   9.7190400e-03
   9.6883900e-03
   1.0271800e-02
   1.0547500e-02
   1.0883000e-02
   1.1375200e-02
   1.1190400e-02
   1.1128900e-02
   1.1654900e-02
   1.1787000e-02
   1.2376300e-02
   1.3396900e-02
   1.4155500e-02
   1.4985700e-02
   1.5535000e-02
   1.5789100e-02
   1.5448500e-02
   1.5213500e-02
   1.5186700e-02
   1.4817900e-02
   1.4918300e-02
   1.5125700e-02
   1.5143100e-02
   1.5646200e-02
   1.6585600e-02
   1.7264200e-02
   1.7467200e-02
   1.7488700e-02
   1.7487200e-02
   1.7828800e-02
   1.9215200e-02
   2.0638000e-02
   2.0494400e-02
   1.9823000e-02
   1.9758200e-02
   2.0013400e-02
   2.0206600e-02
   1.9745300e-02
   1.9651600e-02
   2.0157400e-02
   1.9784900e-02
   1.8891700e-02
   1.8416700e-02
   1.8020000e-02
   1.7217400e-02
   1.6454100e-02
   1.5400200e-02
   1.4456200e-02
   1.4396200e-02
   1.4462200e-02
   1.4559000e-02
   1.4664300e-02
   1.4686800e-02
   1.4874300e-02
   1.5005600e-02
   1.5107800e-02
   1.5487400e-02
   1.5762500e-02
   1.5322700e-02
   1.5279000e-02
   1.6816100e-02
   1.8666000e-02
   1.8571500e-02
   1.7452000e-02
   1.7502300e-02
   1.7225100e-02
   1.6266900e-02
   1.5851600e-02
   1.5668700e-02
   1.5641300e-02
   1.5340100e-02
   1.4340900e-02
   1.3392100e-02
   1.3132700e-02
   1.3518600e-02
   1.4134700e-02
   1.3913900e-02
   1.2946200e-02
   1.3170100e-02
   1.4877900e-02
   1.5565400e-02
   1.5236100e-02
   1.4955900e-02
   1.4655700e-02
   1.5049600e-02
   1.5104800e-02
   1.4905300e-02
   1.5060700e-02
   1.5011100e-02
   1.4983900e-02
   1.5104500e-02
   1.5196900e-02
   1.5052600e-02
   1.5139200e-02
   1.5276400e-02
   1.5326900e-02
   1.5835100e-02
   1.6622100e-02
   1.6976400e-02
   1.6909600e-02
   1.7021400e-02
   1.7095600e-02
   1.7096300e-02
   1.6701800e-02
   1.6001700e-02
   1.5639800e-02
   1.5985000e-02
   1.5465500e-02
   1.3685700e-02
   1.2459600e-02
   1.1001100e-02
   9.8565100e-03
   9.3716200e-03
   8.2841500e-03
   7.1586100e-03
   6.4632800e-03
   5.5999300e-03
   3.9429900e-03
   1.6819200e-03
  -3.6777400e-04
  -1.5769800e-03
  -1.6780700e-03
  -1.9036000e-03
  -3.0997800e-03
  -4.1878900e-03
  -4.5881100e-03
  -5.3409600e-03
  -6.3847400e-03
  -6.7659700e-03
  -7.4916000e-03
  -8.1842100e-03
  -7.8757300e-03
  -7.8591600e-03
  -7.8830300e-03
  -7.5450700e-03
  -7.8042300e-03
  -7.6934600e-03
  -6.7795700e-03
  -6.3980200e-03
  -6.7844600e-03
  -6.5479300e-03
  -5.8795300e-03
  -5.9743700e-03
  -6.0494700e-03
  -4.7097800e-03
  -3.6838300e-03
  -4.2014500e-03
  -4.3384400e-03
  -4.0496100e-03
  -4.0695200e-03
  -4.5867500e-03
  -5.3468600e-03
  -5.7296100e-03
  -6.0470400e-03
  -6.5898400e-03
  -7.0726900e-03
  -7.0694600e-03
  -6.9562300e-03
  -8.0568400e-03
  -1.0059600e-02
  -1.1685200e-02
  -1.2602600e-02
  -1.3238300e-02
  -1.4378000e-02
  -1.5130500e-02
  -1.5738000e-02
  -1.6880400e-02
  -1.7246200e-02
  -1.7371000e-02
  -1.8091700e-02
  -1.8135300e-02
  -1.7579800e-02
  -1.8058900e-02
  -1.8951800e-02
  -1.9136300e-02
  -1.9062300e-02
  -1.9618300e-02
  -2.0231500e-02
  -2.0415100e-02
  -2.0997300e-02
  -2.1749300e-02
  -2.2291700e-02
  -2.2722900e-02
  -2.2581000e-02
  -2.2631400e-02
  -2.3276900e-02
  -2.3934600e-02
  -2.4269700e-02
  -2.3742100e-02
  -2.3557400e-02
  -2.3845400e-02
  -2.3944800e-02
  -2.3662300e-02
  -2.3888400e-02
  -2.5168800e-02
  -2.5650700e-02
  -2.5212600e-02
  -2.5446000e-02
  -2.6530300e-02
  -2.7033100e-02
  -2.7313100e-02
  -2.7896200e-02
  -2.7723600e-02
  -2.7584600e-02
  -2.8366300e-02
  -2.9091300e-02
  -2.9247000e-02
  -2.8609500e-02
  -2.7190200e-02
  -2.6494500e-02
  -2.7019500e-02
  -2.7481600e-02
  -2.7499300e-02
  -2.7143700e-02
  -2.6930700e-02
  -2.6588300e-02
  -2.5272600e-02
  -2.3956600e-02
  -2.4228200e-02
  -2.4880800e-02
  -2.4331100e-02
  -2.4520400e-02
  -2.4459200e-02
  -2.3943900e-02
  -2.4442100e-02
  -2.4276000e-02
  -2.4322700e-02
  -2.4528600e-02
  -2.4291300e-02
  -2.4070900e-02
  -2.3812400e-02
  -2.3934800e-02
  -2.3829600e-02
  -2.3808200e-02
  -2.3473400e-02
  -2.3458500e-02
  -2.3840900e-02
  -2.3792600e-02
  -2.4594100e-02
  -2.5072400e-02
  -2.5045300e-02
  -2.5113900e-02
  -2.4776200e-02
  -2.5810200e-02
  -2.6823900e-02
  -2.6168700e-02
  -2.6293200e-02
  -2.6329300e-02
  -2.5465300e-02
  -2.5406700e-02
  -2.5586900e-02
  -2.5117500e-02
  -2.4860500e-02
  -2.5358500e-02
  -2.5925600e-02
  -2.5489700e-02
  -2.5381700e-02
  -2.5788400e-02
  -2.5625900e-02
  -2.5578900e-02
  -2.4820100e-02
  -2.3810200e-02
  -2.3076800e-02
  -2.2600400e-02
  -2.2185100e-02
  -2.2100300e-02
  -2.2699800e-02
  -2.3383000e-02
  -2.4062400e-02
  -2.3814000e-02
  -2.2718700e-02
  -2.1507400e-02
  -2.0950500e-02
  -2.1465800e-02
  -2.2139800e-02
  -2.2107400e-02
  -2.1296800e-02
  -2.1534400e-02
  -2.2236500e-02
  -2.2212200e-02
  -2.2879200e-02
  -2.3255700e-02
  -2.3748300e-02
  -2.4152800e-02
  -2.4011800e-02
  -2.4896500e-02
  -2.5761700e-02
  -2.5965900e-02
  -2.5722800e-02
  -2.6346700e-02
  -2.7472700e-02
  -2.7196800e-02
  -2.6957000e-02
  -2.7009900e-02
  -2.6177100e-02
  -2.5518200e-02
  -2.5444700e-02
  -2.4892800e-02
  -2.4944200e-02
  -2.5658100e-02
  -2.5297900e-02
  -2.4984700e-02
  -2.5324400e-02
  -2.4827000e-02
  -2.4179900e-02
