   8.6908800e-02
   8.3056700e-02
   7.7591100e-02
   6.1352500e-02
   4.2187000e-02
   2.9585100e-02
   1.6115000e-02
  -7.5348400e-03
  -2.5241100e-02
  -2.3072500e-02
  -1.0001100e-02
  -1.5136500e-03
  -1.2795200e-03
   1.1509800e-02
   4.2656100e-02
   7.3084800e-02
   8.6900800e-02
   7.9422500e-02
   6.7672900e-02
   6.4297400e-02
   6.1520700e-02
   5.8577100e-02
   5.8254900e-02
   5.8755400e-02
   5.8527900e-02
   5.4211400e-02
   4.9826200e-02
   5.2581000e-02
   5.8483000e-02
   5.7534500e-02
   4.9253800e-02
   3.8884300e-02
   2.4308000e-02
   9.4598200e-03
  -3.5284400e-03
  -1.8493300e-02
  -2.2845400e-02
  -9.2232500e-03
   1.4011000e-02
   3.7317800e-02
   5.3245300e-02
   6.3347500e-02
   7.1338600e-02
   7.6284100e-02
   7.8520000e-02
   7.9564700e-02
   7.9007500e-02
   8.0661600e-02
   8.6323500e-02
   8.8175300e-02
   7.7919400e-02
   5.2285900e-02
   1.3328300e-02
  -3.6581700e-02
  -9.2911100e-02
  -1.4667300e-01
  -1.9269800e-01
  -2.2549500e-01
  -2.3916800e-01
  -2.3706200e-01
  -2.2305800e-01
  -1.9237500e-01
  -1.4010600e-01
  -8.0952000e-02
  -3.6225800e-02
   1.1059600e-03
   4.3038300e-02
   7.4115300e-02
   8.3866400e-02
   7.7342900e-02
   5.0828800e-02
   1.0986300e-02
  -3.0144500e-02
  -7.1041200e-02
  -1.0852700e-01
  -1.3981600e-01
  -1.5855000e-01
  -1.6223700e-01
  -1.5840100e-01
  -1.5860300e-01
  -1.7139200e-01
  -1.8458800e-01
  -1.7586300e-01
  -1.3826400e-01
  -9.0623800e-02
  -5.9000600e-02
  -3.6494600e-02
   4.2588600e-03
   4.9490000e-02
   6.0431600e-02
   4.9780200e-02
   3.6251100e-02
   1.8549800e-02
   1.4777000e-02
   2.1614100e-02
   2.9764100e-02
   3.8126100e-02
   4.7489200e-02
   6.3913400e-02
   7.3392600e-02
   6.4882500e-02
   4.5767100e-02
   2.6899400e-02
   5.9028500e-03
  -2.0606700e-02
  -5.0431100e-02
  -7.8174400e-02
  -8.9280800e-02
  -8.2037000e-02
  -6.5999100e-02
  -4.3412100e-02
  -1.5879700e-02
   7.4776600e-03
   2.4677000e-02
   3.3792600e-02
   3.1358600e-02
   2.5123100e-02
   1.1266200e-02
  -1.1170000e-02
  -3.0056700e-02
  -4.5809200e-02
  -6.4897800e-02
  -7.7073200e-02
  -6.7328300e-02
  -4.1206300e-02
  -4.2955500e-03
   2.1954300e-02
   2.3797500e-02
   2.5280000e-02
   3.3321700e-02
   4.0233200e-02
   3.9350500e-02
   3.5470500e-02
   2.9579500e-02
   1.5966100e-02
   3.8975300e-03
  -6.8989800e-03
  -1.5669700e-02
  -1.3552000e-02
   1.8926100e-03
   2.7605000e-02
   5.9876600e-02
   9.5842200e-02
   1.3723300e-01
   1.8149100e-01
   2.1928600e-01
   2.4904900e-01
   2.6487700e-01
   2.6558000e-01
   2.5074600e-01
   2.1337600e-01
   1.6028600e-01
   1.0674500e-01
   7.9614700e-02
   7.7235700e-02
   6.5296500e-02
   6.2021200e-02
   7.9493800e-02
   7.3748900e-02
   4.8980200e-02
   3.8711000e-02
   3.3248400e-02
   2.6267200e-02
   2.2584600e-02
   1.0011200e-02
  -1.1470900e-02
  -3.8382800e-02
  -6.6650800e-02
  -8.6426400e-02
  -9.4692500e-02
  -7.9634600e-02
  -4.0732000e-02
   1.0600100e-02
   6.0118900e-02
   8.8597700e-02
   9.3172400e-02
   8.9196500e-02
   7.5787800e-02
   3.9022100e-02
  -5.6637300e-03
  -4.8603800e-02
  -9.1411000e-02
  -1.2937000e-01
  -1.6284400e-01
  -1.8196000e-01
  -1.8219100e-01
  -1.5953100e-01
  -1.1538100e-01
  -7.0166600e-02
  -4.1833400e-02
  -2.8719100e-02
  -2.1096100e-02
  -3.4574100e-02
  -6.8836300e-02
  -9.1730700e-02
  -9.3523800e-02
  -9.5442200e-02
  -1.0442300e-01
  -1.0733400e-01
  -1.0647900e-01
  -9.7922300e-02
  -8.1650100e-02
  -6.5068500e-02
  -5.3318900e-02
  -5.5180900e-02
  -6.1555500e-02
  -7.2328800e-02
  -8.8232300e-02
  -1.0400300e-01
  -1.1917300e-01
  -1.2675700e-01
  -1.2454100e-01
  -1.1554700e-01
  -1.1229200e-01
  -1.1639300e-01
  -1.1050800e-01
  -8.8735900e-02
  -5.7952200e-02
  -3.1751000e-02
  -2.0478500e-02
  -1.5244500e-02
  -7.4498400e-03
  -3.9561700e-03
  -1.2686500e-02
  -2.9272600e-02
  -4.3583300e-02
  -5.0125000e-02
  -5.1199800e-02
  -5.3073600e-02
  -5.3401100e-02
  -5.1478600e-02
  -5.0483300e-02
  -4.9968200e-02
  -4.6485300e-02
  -3.3967100e-02
  -1.8060300e-02
  -9.8712300e-03
  -9.0102800e-03
  -8.8013800e-03
  -4.3614200e-03
   5.0450500e-03
   1.8157700e-02
   3.7337200e-02
   6.8891000e-02
   1.1328500e-01
   1.5625400e-01
   1.8605200e-01
   2.0348500e-01
   2.0232200e-01
   1.7574000e-01
   1.3396600e-01
   1.0146100e-01
   9.6742400e-02
   1.0895800e-01
   1.2107100e-01
   1.3504900e-01
   1.4319300e-01
   1.3078600e-01
   1.0761700e-01
   9.1094400e-02
   8.8015800e-02
   9.0899500e-02
   8.5351800e-02
   6.6262200e-02
   3.5981200e-02
   1.4587300e-03
  -2.4194900e-02
  -3.0343200e-02
  -3.0299200e-02
  -3.7967500e-02
  -4.4434300e-02
  -4.2088700e-02
  -2.7264100e-02
  -4.0418600e-03
   1.6225900e-02
   2.6459500e-02
   2.7833400e-02
   3.4525900e-02
   5.1530800e-02
   6.5231200e-02
   6.3398300e-02
   3.9441300e-02
  -6.2396600e-03
  -5.8769300e-02
  -9.4567300e-02
  -1.0666700e-01
  -1.1251200e-01
  -1.1975600e-01
  -1.1681900e-01
  -9.3741200e-02
  -5.6287800e-02
  -2.9615500e-02
  -2.3217900e-02
  -3.0960100e-02
  -4.9306700e-02
  -5.9783400e-02
  -5.0898400e-02
  -3.2657400e-02
  -1.8119100e-02
  -4.3048700e-03
   1.6042000e-02
   3.7501200e-02
   5.2970400e-02
   5.5994500e-02
   4.9216500e-02
   3.8414100e-02
   3.4372300e-02
   4.3462600e-02
   5.5669000e-02
   6.4823500e-02
   6.7064100e-02
   5.6334700e-02
   3.0700400e-02
   1.9005300e-03
  -1.7076000e-02
  -2.4211800e-02
  -2.1557100e-02
  -9.1640600e-03
   1.3118200e-02
   3.9773500e-02
   6.7252100e-02
   8.2282100e-02
   7.2327100e-02
   4.8028900e-02
   1.7989900e-02
  -1.4996100e-02
  -3.8957600e-02
  -4.7327600e-02
  -4.9029300e-02
  -5.0202500e-02
  -5.2560900e-02
  -6.1364100e-02
  -7.4577900e-02
  -9.1982500e-02
  -1.1716600e-01
  -1.3928200e-01
  -1.3535900e-01
  -9.3244400e-02
  -4.4746000e-02
  -2.3623600e-02
  -4.2802500e-03
   2.2904800e-02
   3.5575600e-02
   4.0281700e-02
   4.1616000e-02
   4.3312500e-02
   4.4658700e-02
   3.0859200e-02
   6.8273600e-04
  -3.2475800e-02
  -4.4161500e-02
  -3.6033300e-02
  -3.1790300e-02
  -2.7022000e-02
  -1.8418100e-02
  -3.7659500e-02
  -7.1645000e-02
  -6.9537300e-02
  -4.9913700e-02
  -4.2632200e-02
  -2.1884500e-02
   1.3515800e-02
   4.7399700e-02
   9.0819000e-02
   1.3061500e-01
   1.6484700e-01
   1.8818400e-01
   1.8384700e-01
   1.5084600e-01
   8.5845600e-02
   2.5311300e-02
  -4.6865700e-03
  -1.4040600e-02
  -2.2574500e-02
  -2.8175500e-02
  -1.2691400e-02
   1.5877900e-02
   4.1923100e-02
   5.1903800e-02
   5.2260300e-02
   5.2808900e-02
   4.9509300e-02
   4.6385600e-02
   5.8178300e-02
   8.0887200e-02
   9.5881200e-02
   9.8118900e-02
   9.6235500e-02
   9.0716500e-02
   7.9795400e-02
   7.0361400e-02
   5.0307300e-02
   1.4270100e-02
  -2.6630300e-02
  -5.0865400e-02
  -5.1817400e-02
  -4.5263100e-02
  -3.6016600e-02
  -2.9029700e-02
  -2.4565100e-02
  -3.3566000e-02
  -4.9365900e-02
  -5.2611100e-02
  -5.4261700e-02
  -5.6161600e-02
  -5.5963700e-02
  -5.3272500e-02
  -4.6998000e-02
  -4.4004000e-02
  -4.4840600e-02
  -4.3789500e-02
  -3.6196900e-02
  -2.9348100e-02
  -2.8325000e-02
  -2.4703600e-02
  -1.5203300e-02
  -3.7780700e-03
   2.0546000e-03
  -7.1939300e-03
  -2.2942100e-02
  -2.2872700e-02
  -1.2674500e-02
  -1.4229500e-02
  -2.2188100e-02
  -2.2229000e-02
  -2.0185400e-02
  -2.4920500e-02
  -3.4989200e-02
  -4.4255000e-02
  -5.0989100e-02
  -5.6613100e-02
  -5.8099000e-02
  -5.7653400e-02
  -5.6341700e-02
  -5.7457600e-02
  -6.8023900e-02
  -8.1381400e-02
  -8.8947900e-02
  -8.7731400e-02
  -7.7353800e-02
  -5.9493900e-02
  -3.8560100e-02
  -1.6195000e-02
   5.1695100e-03
   1.7642600e-02
   2.0516100e-02
   1.4466700e-02
   2.1164300e-03
  -7.9615200e-03
  -1.2571100e-02
  -1.7913000e-02
  -2.4341400e-02
  -2.6855700e-02
  -2.6459200e-02
  -1.8958300e-02
  -9.3418000e-03
  -3.2204300e-03
   6.3291100e-03
   1.4366400e-02
   1.7517300e-02
   1.9886100e-02
   1.9067900e-02
   9.5577600e-03
  -3.8399500e-03
  -1.0622500e-02
  -1.3127700e-02
  -1.0166000e-02
   4.6622900e-03
   1.8531000e-02
   1.7343300e-02
   1.1683200e-02
   1.5708300e-02
   2.2814200e-02
   2.2627600e-02
   1.9997100e-02
   1.7929600e-02
   1.3902400e-02
   1.0823100e-02
   1.3523600e-02
   2.4810700e-02
   3.8396100e-02
   5.0814800e-02
   6.2822500e-02
   7.3892700e-02
   8.4620000e-02
   9.2045000e-02
   1.0133700e-01
   1.1354200e-01
   1.2383300e-01
   1.3006100e-01
   1.2739700e-01
   1.2033000e-01
   1.1526600e-01
   1.1210200e-01
   1.0538700e-01
   9.1966600e-02
   7.7102500e-02
   6.7700900e-02
   6.7061400e-02
   6.8164100e-02
   6.6031300e-02
   6.4853300e-02
   6.7066600e-02
   7.3765300e-02
   7.8571300e-02
   7.4049300e-02
   6.4929900e-02
   5.9055300e-02
   5.6517200e-02
   5.3548800e-02
   5.0579800e-02
   3.9784400e-02
   1.6659800e-02
  -1.2145300e-02
  -4.0434600e-02
  -6.4302700e-02
  -8.7967300e-02
  -1.0688900e-01
  -1.1277900e-01
  -1.0822400e-01
  -9.8032800e-02
  -8.6481800e-02
  -7.7047700e-02
  -7.0560200e-02
  -6.3633200e-02
  -5.4231600e-02
  -4.5251300e-02
  -3.8818700e-02
  -3.1502500e-02
  -2.1982800e-02
  -1.0276800e-02
   6.7714200e-03
   2.8789800e-02
   5.3937700e-02
   8.2551600e-02
   1.1420000e-01
   1.4160400e-01
   1.5617300e-01
   1.5710700e-01
   1.4283100e-01
   1.1361400e-01
   7.9233200e-02
   4.9833700e-02
   2.6552700e-02
   7.4338400e-03
  -8.5374400e-04
  -1.6216500e-03
  -8.9814400e-03
  -2.3425400e-02
  -4.2420700e-02
  -6.1276000e-02
  -7.3105600e-02
  -7.6265600e-02
  -6.6338200e-02
  -4.8349300e-02
  -3.4744100e-02
  -2.2758400e-02
  -4.6605500e-03
   1.6963800e-02
   4.3648100e-02
   7.2377600e-02
   9.0973600e-02
   9.7321700e-02
   8.9053600e-02
   6.4284600e-02
   2.9397100e-02
  -6.5211400e-03
  -3.5015200e-02
  -4.7395900e-02
  -4.2695800e-02
  -2.9890800e-02
  -1.0589700e-02
   6.7520200e-03
   6.0648700e-03
  -9.4523500e-03
  -3.1202800e-02
  -5.9348000e-02
  -8.9362600e-02
  -1.1070000e-01
  -1.1581900e-01
  -1.0588800e-01
  -8.9584200e-02
  -7.5500900e-02
  -6.5999800e-02
  -6.2302000e-02
  -6.8393500e-02
  -7.8876800e-02
  -8.4116400e-02
  -7.8202700e-02
  -6.2470900e-02
  -5.2473100e-02
  -4.7608100e-02
  -3.2445600e-02
  -9.9089800e-03
   1.2018700e-02
   2.7989100e-02
   4.0682900e-02
   5.5913400e-02
   6.9052800e-02
   7.8177700e-02
   8.1157600e-02
   7.3675700e-02
   5.9403400e-02
   4.9648300e-02
   4.6841400e-02
   4.2316600e-02
   3.2471000e-02
   1.8734300e-02
   6.6718900e-03
  -1.2967900e-03
  -1.4551600e-02
  -3.7741700e-02
  -6.3798800e-02
  -8.2773800e-02
  -9.4735600e-02
  -1.0597000e-01
  -1.0540300e-01
  -8.6082400e-02
  -5.5940700e-02
  -2.8884900e-02
  -1.5801200e-02
  -9.8368500e-03
  -5.3264100e-03
   7.2032000e-04
   8.3577700e-03
   1.5154400e-02
   2.2440100e-02
   2.5887700e-02
   2.3359900e-02
   2.0681700e-02
   2.4790200e-02
   3.3097000e-02
   4.0250900e-02
   5.0888700e-02
   6.3786000e-02
   7.4670200e-02
   8.6077000e-02
   9.9435600e-02
   1.1879700e-01
   1.3686800e-01
   1.4424200e-01
   1.4861600e-01
   1.4828600e-01
   1.4183300e-01
   1.3282900e-01
   1.1384500e-01
   8.9691500e-02
   7.1622100e-02
   6.2196600e-02
   5.8458300e-02
   5.5574800e-02
   5.1307200e-02
   4.7554900e-02
   4.9885800e-02
   5.7790000e-02
   6.7213700e-02
   7.2208500e-02
   6.5083500e-02
   4.8864200e-02
   3.0760000e-02
   1.0794300e-02
  -1.1861900e-02
  -2.8346600e-02
  -2.8581800e-02
  -1.6527200e-02
   6.9497000e-05
   1.7397300e-02
   3.4357400e-02
   4.7133900e-02
   4.9837500e-02
   4.6003000e-02
   4.4760000e-02
   4.5718100e-02
   4.2437100e-02
   3.9011300e-02
   3.8419800e-02
   3.6996200e-02
   2.8432700e-02
   5.2504100e-03
  -3.3952900e-02
  -8.2057900e-02
  -1.2513500e-01
  -1.5208900e-01
  -1.5696100e-01
  -1.5026800e-01
  -1.4088100e-01
  -1.1257700e-01
  -7.0787100e-02
  -4.6617900e-02
  -4.6182900e-02
  -5.3765600e-02
  -5.6113300e-02
  -5.0503000e-02
  -4.2495900e-02
  -4.0677500e-02
  -4.0862400e-02
  -3.3811000e-02
  -2.9552100e-02
  -3.1529600e-02
  -3.6885400e-02
  -4.1755700e-02
  -4.2054100e-02
  -4.5978900e-02
  -5.3280900e-02
  -6.0980700e-02
  -6.3769200e-02
  -5.4720100e-02
  -3.7555400e-02
  -1.6045200e-02
   1.0463500e-02
   3.6561600e-02
   5.7643800e-02
   7.8596900e-02
   9.7147300e-02
   1.0530300e-01
   1.0128900e-01
   9.4742100e-02
   9.2595400e-02
   9.1596500e-02
   8.7276300e-02
   7.9841500e-02
   7.8359800e-02
   8.3444700e-02
   8.6714200e-02
   8.5318900e-02
   7.7903300e-02
   6.4107700e-02
   5.1716700e-02
   4.3457800e-02
   2.7961400e-02
   5.5760200e-04
  -3.1563300e-02
  -6.0934200e-02
  -8.3032700e-02
  -9.6118400e-02
  -1.0447900e-01
  -1.1194400e-01
  -1.1046400e-01
  -9.1187400e-02
  -5.8501600e-02
  -2.8493500e-02
  -1.1238800e-02
  -2.0068700e-03
   1.0534000e-02
   2.5945000e-02
   2.9840200e-02
   2.6118600e-02
   2.5826000e-02
   2.7368800e-02
   3.4670100e-02
   4.7182400e-02
   5.4497700e-02
   5.2930300e-02
   4.1745300e-02
   2.0612000e-02
  -1.3060300e-03
  -1.7096700e-02
  -3.3221600e-02
  -5.0332700e-02
  -6.0455100e-02
  -6.3983900e-02
  -6.1711600e-02
  -5.5417600e-02
  -5.1326600e-02
  -4.2787600e-02
  -3.1021900e-02
  -2.5021000e-02
  -2.0087300e-02
  -2.2610500e-02
  -3.2436800e-02
  -3.1280800e-02
  -2.6785200e-02
  -3.3966200e-02
  -4.9362500e-02
  -6.7123000e-02
  -7.9574700e-02
  -8.4671800e-02
  -8.6558400e-02
  -8.5742600e-02
  -7.5642400e-02
  -5.8341400e-02
  -4.1791600e-02
  -2.6580100e-02
  -1.6011300e-02
  -7.8774400e-03
  -6.7183100e-03
  -1.6684100e-02
  -3.1489700e-02
  -4.6652500e-02
  -5.7267300e-02
  -6.8860700e-02
  -8.0371400e-02
  -8.8733100e-02
  -9.3199500e-02
  -8.4799900e-02
  -6.8477800e-02
  -4.4446000e-02
  -1.3496000e-02
   6.9363300e-03
   1.8002900e-02
   3.6279800e-02
   5.9810000e-02
   6.9201000e-02
   6.3470200e-02
   5.0657700e-02
   3.2584300e-02
   1.6542300e-02
   2.1816400e-03
  -7.1079600e-03
  -1.2137100e-02
  -2.0432100e-02
  -3.0125400e-02
  -3.5134300e-02
  -2.5046700e-02
  -9.8224700e-03
  -1.4986400e-03
   1.1604100e-03
  -2.7722100e-03
  -3.8414800e-03
  -2.8464400e-04
   2.2917400e-04
  -4.3227800e-03
  -1.0019100e-02
  -1.1940900e-02
  -1.1190500e-02
  -4.3849300e-03
   8.9537800e-03
   2.0216600e-02
   2.4467300e-02
   2.7935500e-02
   3.9441400e-02
   5.9306900e-02
   7.9438500e-02
   8.8309100e-02
   8.3036000e-02
   6.7148500e-02
   4.3211800e-02
   1.4154800e-02
  -1.5487100e-02
  -4.0729200e-02
  -6.5724100e-02
  -9.9941600e-02
  -1.3856000e-01
  -1.7133800e-01
  -1.9276500e-01
  -1.7460500e-01
  -1.0212000e-01
  -3.5191400e-02
  -1.7496200e-02
  -2.0279700e-02
  -1.6612200e-02
   1.9649500e-02
   6.0887700e-02
   5.5287400e-02
   4.2718600e-02
   3.2099600e-02
   1.2314400e-02
   7.7498800e-03
   2.0795800e-03
  -1.7394300e-02
  -3.1704700e-02
  -2.0049400e-02
  -3.9719200e-03
  -1.1867800e-03
  -2.9770100e-03
  -5.3679400e-03
   5.9608200e-04
   1.3769900e-03
  -1.0457900e-02
  -2.9568900e-02
  -4.7276300e-02
  -5.3080500e-02
  -5.3184100e-02
  -5.6824300e-02
  -6.5818700e-02
  -7.1092300e-02
  -7.0344100e-02
  -6.4884200e-02
  -5.7554100e-02
  -5.4449100e-02
  -5.3996900e-02
  -5.4815200e-02
  -5.7081900e-02
  -6.1261200e-02
  -6.4366200e-02
  -6.3291800e-02
  -5.9767000e-02
  -5.2002600e-02
  -3.3752900e-02
  -1.6110900e-02
  -1.5158800e-02
  -1.8106900e-02
  -1.8805200e-02
  -2.1565800e-02
  -2.3675800e-02
  -2.7272100e-02
  -2.9017200e-02
  -3.5457700e-02
  -3.9217500e-02
  -2.3598700e-02
  -5.9326700e-03
   4.9488300e-03
   1.0295400e-02
   1.6840500e-02
   3.8078100e-02
   5.5550200e-02
   6.5714200e-02
   7.8512700e-02
   8.0105000e-02
   7.4667200e-02
   7.4163500e-02
   7.7063100e-02
   7.5134800e-02
   7.0300400e-02
   6.9533900e-02
   6.7643200e-02
   6.7239300e-02
   6.6027100e-02
   5.7530700e-02
   4.3490700e-02
   2.2196800e-02
   3.6157000e-03
  -4.5242400e-03
  -5.3380700e-03
   4.7131900e-03
   1.8314900e-02
   2.8522200e-02
   3.5003900e-02
   3.4618500e-02
   3.2160800e-02
   3.3312400e-02
   3.9405300e-02
   4.5501600e-02
   4.9732900e-02
   5.4727000e-02
   5.6627300e-02
   5.2478900e-02
   4.4707900e-02
   3.4536200e-02
   1.8960400e-02
   1.7550600e-04
  -1.4550500e-02
  -2.2466400e-02
  -1.9551100e-02
  -5.9350300e-03
   9.4644200e-03
   2.1176100e-02
   2.5151800e-02
   2.3903500e-02
   2.4690300e-02
   2.3491300e-02
   1.5481500e-02
   8.3000700e-03
   6.4369600e-03
   5.3246900e-03
   3.6225200e-03
   3.4415600e-04
  -3.3421300e-03
  -6.4804100e-03
  -1.0302200e-02
  -1.6293000e-02
  -2.7136200e-02
  -3.8292200e-02
  -4.5391300e-02
  -4.6203100e-02
  -4.1702700e-02
  -3.6494200e-02
  -2.9578100e-02
  -2.2611600e-02
  -1.6033600e-02
  -8.5125900e-03
  -3.0875000e-03
  -1.9793200e-03
  -4.4701000e-03
  -6.1829400e-03
  -6.9283900e-03
  -4.3857100e-03
   7.6675700e-03
   2.4208800e-02
   3.7074200e-02
   4.4967200e-02
   4.7055900e-02
   4.0172000e-02
   2.2963100e-02
   3.2021500e-03
  -8.8468100e-03
  -1.1838200e-02
  -8.1258200e-03
  -2.8873100e-03
   3.5247400e-03
   1.4876800e-02
   2.6700100e-02
   3.7923400e-02
   4.6225500e-02
   4.3781100e-02
   3.1719200e-02
   1.5152300e-02
  -1.5983900e-03
  -1.2568700e-02
  -1.4292200e-02
  -1.1586200e-02
  -6.5005600e-03
  -1.9560200e-03
  -1.1474600e-02
  -2.9023100e-02
  -3.9239800e-02
  -4.7533500e-02
  -5.6111500e-02
  -5.5607900e-02
  -4.5894300e-02
  -3.5583400e-02
  -2.8747400e-02
  -2.1725500e-02
  -1.3782900e-02
  -9.5324300e-03
  -6.4666900e-03
  -4.4167800e-03
  -3.4656300e-03
  -9.2298800e-05
   1.0199000e-03
   2.6633900e-03
   9.4670300e-03
   1.7767500e-02
   2.5503100e-02
   2.8511100e-02
   2.4844700e-02
   1.7163600e-02
   4.6080200e-03
  -1.0872500e-02
  -2.1244000e-02
  -2.2881800e-02
  -1.7898600e-02
  -4.2562500e-03
   1.5727800e-02
   3.1800400e-02
   4.2336300e-02
   4.8414800e-02
   5.1368100e-02
   5.2180600e-02
   4.9911100e-02
   4.2788800e-02
   2.9454100e-02
   1.8587300e-02
   1.4990600e-02
   1.7726900e-02
   2.4533900e-02
   2.7024700e-02
   2.0805900e-02
   1.1181000e-02
   3.6497600e-03
  -4.0926100e-03
  -1.2429300e-02
  -2.0590000e-02
  -2.7736400e-02
  -3.6523600e-02
  -4.8805200e-02
  -5.3400400e-02
  -4.6973200e-02
  -3.4550100e-02
  -1.6648600e-02
   2.1837500e-04
   8.3522100e-03
   1.2104300e-02
   1.2213900e-02
   7.3678600e-03
   4.0003200e-03
  -3.8984600e-04
  -9.2008400e-03
  -1.9116900e-02
  -2.5569500e-02
  -2.4209100e-02
  -1.7727400e-02
  -1.3780400e-02
  -1.4109500e-02
  -1.7961800e-02
  -2.6345600e-02
  -3.4882700e-02
  -4.0573300e-02
  -4.7090700e-02
  -5.5387600e-02
  -6.0743800e-02
  -6.3395300e-02
  -6.6689500e-02
  -6.9057700e-02
  -6.6952900e-02
  -5.8890000e-02
  -4.5919700e-02
  -3.2579400e-02
  -2.4480300e-02
  -1.9463600e-02
  -1.7462900e-02
  -1.8146200e-02
  -1.7044200e-02
  -1.7354600e-02
  -2.0587600e-02
  -2.5514000e-02
  -3.0751800e-02
  -3.2006100e-02
  -2.9417000e-02
  -2.8651000e-02
  -2.8193100e-02
  -2.5167200e-02
  -2.4418700e-02
  -2.5719600e-02
  -2.5918000e-02
  -2.2014500e-02
  -1.4736100e-02
  -8.5895500e-03
  -6.3336700e-03
  -6.4570800e-03
  -2.8151100e-03
   3.9212800e-03
   1.2594200e-02
   2.0561900e-02
   2.3257400e-02
   2.3072700e-02
   1.8317100e-02
   8.9700200e-03
   1.0462800e-03
  -3.6905800e-03
  -7.3819300e-03
  -1.0602200e-02
  -1.0950800e-02
  -7.3731600e-03
  -2.9694400e-03
  -2.6164200e-03
  -4.6008500e-03
  -8.6761300e-03
  -1.3979600e-02
  -1.6266800e-02
  -1.9587400e-02
  -1.8923500e-02
  -1.1106400e-02
  -1.2766600e-03
   9.5867700e-03
   1.7932200e-02
   2.5113900e-02
   3.0123000e-02
   3.3750400e-02
   3.7411800e-02
   3.8190000e-02
   3.5436900e-02
   2.8633200e-02
   2.2608000e-02
   1.5573700e-02
   7.9223500e-03
   3.8514900e-03
   1.9507400e-03
   4.6573800e-03
   1.3708500e-02
   2.7976600e-02
   4.0282500e-02
   4.5898500e-02
   4.8365100e-02
   4.5986600e-02
   3.5651900e-02
   2.3966600e-02
   1.5882200e-02
   1.1236300e-02
   1.1734200e-02
   1.3518000e-02
   1.4435100e-02
   1.7605200e-02
   2.1471100e-02
   2.1301500e-02
   1.9624800e-02
   2.4446700e-02
   3.2764300e-02
   4.0884400e-02
   4.7512200e-02
   4.7640000e-02
   4.6037400e-02
   4.4572100e-02
   4.1555100e-02
   4.1044200e-02
   4.3888300e-02
   5.1896900e-02
   6.2269900e-02
   6.8857100e-02
   7.0294500e-02
   6.8555600e-02
   6.3262900e-02
   5.0486200e-02
   3.4765200e-02
   2.1744800e-02
   1.1584900e-02
   4.8055900e-03
   5.5619300e-04
  -3.3543300e-03
  -7.8704100e-03
  -1.2907900e-02
  -1.6521100e-02
  -1.5719900e-02
  -1.2045300e-02
  -8.1841200e-03
  -4.3882200e-03
   9.2656400e-04
   9.3649400e-03
   2.0501800e-02
   3.2959000e-02
   4.1319900e-02
   4.0355000e-02
   3.3621100e-02
   2.9037800e-02
   2.4219600e-02
   1.3060200e-02
  -2.3914100e-03
  -1.9963500e-02
  -3.6284400e-02
  -4.8252000e-02
  -5.5691000e-02
  -5.7619000e-02
  -5.5361500e-02
  -5.0115300e-02
  -4.2813500e-02
  -3.6824300e-02
  -2.9682600e-02
  -1.8566100e-02
  -8.9057400e-03
  -2.8743400e-03
   1.9431800e-03
   4.4577400e-03
   3.2429500e-03
  -6.3708200e-04
  -5.7409700e-03
  -9.5769800e-03
  -1.3574500e-02
  -2.1186900e-02
  -2.7068300e-02
  -2.7404300e-02
  -2.6087300e-02
  -2.5120700e-02
  -2.3780500e-02
  -2.0216900e-02
  -1.7640100e-02
  -1.7226700e-02
  -1.3990800e-02
  -8.3671100e-03
  -1.2504900e-03
   5.2453800e-03
   9.8478600e-03
   1.4065400e-02
   1.6275800e-02
   1.7246400e-02
   1.7228300e-02
   1.3696400e-02
   5.5392600e-03
  -5.1094700e-03
  -1.6271500e-02
  -2.7868000e-02
  -3.7361800e-02
  -4.3339400e-02
  -4.5871000e-02
  -4.3904800e-02
  -3.8623700e-02
  -3.5697400e-02
  -3.7477900e-02
  -3.7408900e-02
  -3.5015000e-02
  -3.2590200e-02
  -2.5247000e-02
  -1.3727200e-02
  -2.2991800e-03
   8.6236900e-03
   2.0480400e-02
   3.2692100e-02
   4.1087100e-02
   4.1201600e-02
   3.2422900e-02
   1.9234500e-02
   9.6538800e-03
   9.2732800e-03
   1.2089800e-02
   1.2256200e-02
   1.1237700e-02
   8.2740400e-03
   1.9931300e-03
  -6.1066500e-03
  -1.3677600e-02
  -2.0704800e-02
  -2.9346400e-02
  -3.7056700e-02
  -3.5735300e-02
  -2.4526800e-02
  -8.5315500e-03
   4.1667300e-03
   5.4737300e-03
   1.8685000e-03
   6.3466000e-04
  -3.0403700e-03
  -9.7244600e-03
  -1.5837800e-02
  -2.1366400e-02
  -2.3346900e-02
  -2.1287400e-02
  -2.0848900e-02
  -2.2515000e-02
  -2.1747300e-02
  -1.9002900e-02
  -1.5033600e-02
  -8.3709200e-03
  -1.1841900e-05
   1.0743000e-02
   2.2385100e-02
   2.9484900e-02
   3.1258800e-02
   3.2167800e-02
   3.3562900e-02
   3.3531900e-02
   2.8556400e-02
   1.7116200e-02
   6.1395200e-03
  -1.4088600e-03
  -9.1979600e-03
  -1.7962800e-02
  -2.6918800e-02
  -3.4658400e-02
  -4.0724100e-02
  -4.6840500e-02
  -5.1100400e-02
  -4.9014300e-02
  -4.2649400e-02
  -3.3274200e-02
  -1.8882800e-02
  -5.6545000e-03
   2.3760000e-03
   8.9657100e-03
   1.4721900e-02
   1.9064300e-02
   1.9620000e-02
   1.4214600e-02
   7.8303100e-03
   5.6652800e-03
   8.2999500e-03
   1.3406100e-02
   1.9115100e-02
   2.2347000e-02
   2.2579200e-02
   2.6894200e-02
   3.2872200e-02
   3.1803100e-02
   2.7044100e-02
   2.4014600e-02
   2.5376300e-02
   3.1266600e-02
   3.5833500e-02
   3.9313600e-02
   4.2634300e-02
   4.0152700e-02
   3.4968500e-02
   3.3020200e-02
   3.2543100e-02
   3.2865800e-02
   3.3933300e-02
   3.3762500e-02
   3.3184600e-02
   3.2308000e-02
   2.8531600e-02
   2.1845200e-02
   1.7357800e-02
   1.9482000e-02
   2.5265300e-02
   3.0043700e-02
   3.0993800e-02
   2.7603100e-02
   2.3998900e-02
   2.4295800e-02
   2.6678300e-02
   2.9069600e-02
   3.3747200e-02
   3.7873200e-02
   3.5751000e-02
   2.6051900e-02
   1.3144100e-02
   3.3187100e-03
  -3.3965200e-03
  -5.7398700e-03
  -2.7177000e-03
  -1.1655900e-03
  -4.2394700e-03
  -8.0021200e-03
  -1.0070400e-02
  -1.3079200e-02
  -1.9543300e-02
  -2.6832500e-02
  -3.0715300e-02
  -3.1488600e-02
  -3.2797600e-02
  -3.3890400e-02
  -3.1959700e-02
  -2.7531300e-02
  -2.1315900e-02
  -1.6237200e-02
  -1.5059300e-02
  -1.6374500e-02
  -1.8714800e-02
  -2.0728500e-02
  -2.2262100e-02
  -2.6204300e-02
  -3.3050900e-02
  -3.6653500e-02
  -3.4209100e-02
  -2.9831400e-02
  -2.7901100e-02
  -2.6755100e-02
  -2.0578100e-02
  -1.1141400e-02
  -1.4019100e-03
   7.2184400e-03
   1.2808300e-02
   1.6194700e-02
   1.5184100e-02
   9.2348300e-03
   7.6257400e-04
  -7.1396200e-03
  -1.2173400e-02
  -1.5908000e-02
  -1.7217600e-02
  -1.4978600e-02
  -1.0079900e-02
  -2.0107000e-03
   6.0793700e-03
   8.3057500e-03
   4.3686600e-03
  -2.2548800e-03
  -7.6487800e-03
  -7.4199000e-03
  -2.7103600e-03
   2.6968200e-03
   7.4953800e-03
   8.7540300e-03
   3.4658900e-03
  -4.8573700e-03
  -1.0838900e-02
  -1.4071200e-02
  -1.4301000e-02
  -1.1552900e-02
  -8.9493900e-03
  -6.4814500e-03
  -2.8040500e-03
  -9.9873800e-04
  -1.0151500e-03
   1.3230700e-03
   7.7515100e-03
   1.6900900e-02
   2.2546500e-02
   2.2637900e-02
   1.9847200e-02
   1.3630800e-02
   5.9202800e-03
  -1.1539000e-03
  -7.9684600e-03
  -1.5899300e-02
  -2.4236500e-02
  -3.0249300e-02
  -3.2631600e-02
  -2.9626100e-02
  -2.1137900e-02
  -1.1194000e-02
  -6.2063900e-03
  -5.9934400e-03
  -5.6000700e-03
  -3.4136900e-03
   2.0294000e-04
   1.0700700e-03
  -1.1915700e-03
  -1.3955800e-03
   9.1681100e-04
   5.3207100e-04
  -4.2106100e-03
  -6.9502600e-03
  -4.3384500e-03
   1.5484600e-03
   6.1907400e-03
   7.4641700e-03
   6.7935500e-03
   5.6043900e-03
   6.7437700e-03
   7.6891300e-03
   6.8165700e-03
   5.2032600e-03
   5.5026000e-04
  -6.0616900e-03
  -1.2108000e-02
  -1.5461900e-02
  -1.6464300e-02
  -1.6503700e-02
  -1.5006100e-02
  -1.2493100e-02
  -1.0135000e-02
  -7.1277600e-03
  -1.8930500e-03
   6.0357700e-03
   1.7417200e-02
   2.7642000e-02
