  -2.0226500e-01
  -1.5179800e-01
  -1.3978700e-01
  -7.2255600e-02
  -2.1915000e-02
   2.1527300e-02
   1.7276600e-01
   1.9658800e-01
   8.8751900e-02
   3.0937200e-02
  -1.9898900e-02
   4.5084400e-02
   1.3746900e-01
   2.4674300e-01
   3.0554600e-01
   1.9700600e-01
   3.4855300e-02
  -4.8897200e-02
  -1.1016100e-01
  -3.4194400e-01
  -4.3843900e-01
  -4.0968700e-01
  -3.5695600e-01
  -1.2853400e-01
  -3.3920900e-02
  -1.5041700e-02
   6.3929700e-02
   1.6949200e-01
   2.8855100e-01
   3.2056700e-01
   3.1763700e-01
   3.0897900e-01
   1.9366700e-01
  -3.6410100e-02
  -2.5326900e-01
  -4.0423000e-01
  -3.6768500e-01
  -6.0933300e-02
   2.1046300e-01
   2.0386200e-01
   1.6466200e-01
   4.5624900e-02
  -7.9962800e-02
   6.7198600e-02
   1.3076500e-01
   8.3886700e-02
   9.4505700e-02
   1.4777900e-01
   1.1726400e-01
   1.7693100e-01
   1.9792900e-01
   1.6862500e-01
   8.8198000e-02
  -8.8214300e-02
  -2.5697800e-01
  -3.7408500e-01
  -2.7499100e-01
  -7.7205900e-02
   8.7646300e-02
   4.1405100e-02
   4.8437100e-02
   1.1075300e-01
  -1.0437600e-02
   4.2695500e-02
   8.7403500e-02
   1.0329600e-02
  -6.0379100e-02
   1.2477800e-01
   1.5700200e-01
   2.1488700e-03
   8.1502500e-03
  -9.7736200e-02
  -1.5221500e-01
  -1.1149500e-01
  -8.6781300e-02
   3.3176300e-02
   6.2877300e-02
   4.4296100e-02
   4.1976400e-02
  -1.4190400e-02
   4.6473900e-02
  -8.9634200e-03
  -4.9767500e-02
   1.6817500e-02
   1.4293400e-02
   2.6021500e-02
   3.7614700e-02
   4.3823200e-02
   2.4851700e-02
   3.9475800e-02
   1.4260800e-01
   1.5617800e-01
   6.9846300e-02
   5.2558100e-02
  -3.0136200e-02
  -1.2417500e-01
  -8.6380200e-02
   5.4067000e-02
   7.7874600e-02
   2.7192800e-02
   1.0294600e-01
   7.2323500e-02
  -4.2657800e-02
  -2.4234600e-03
  -2.2909700e-02
  -1.3722100e-01
  -1.2296800e-01
  -2.6053000e-02
   2.0331700e-02
   5.3070700e-02
   7.4495700e-02
  -2.5500100e-02
  -1.2959500e-01
  -6.7044500e-02
  -4.4159000e-02
  -3.0999200e-02
   9.3231100e-03
  -3.2848000e-02
   3.4818500e-02
   1.0321300e-01
   8.8399200e-02
  -4.3465800e-02
  -1.3911400e-01
  -1.1377700e-01
  -9.9384800e-02
  -9.2149800e-02
  -7.4403300e-02
   3.2781200e-02
   4.9297800e-02
  -5.2603800e-02
  -8.4060000e-02
   6.0961400e-02
   1.4604700e-01
  -1.2204700e-02
  -5.3287800e-02
   1.4078600e-03
   6.2040600e-03
   2.0202300e-02
  -5.0486300e-02
  -7.9423000e-02
  -2.5121900e-02
  -5.1951800e-02
  -1.2937800e-01
  -1.3694100e-01
  -1.0121000e-01
   1.9157000e-01
   2.7045200e-01
   2.7465200e-02
  -7.3944500e-02
  -9.8557600e-02
  -5.8849600e-02
   7.6472000e-02
   8.4611700e-02
   7.5986500e-02
   2.3994600e-01
   2.4039700e-01
   6.7177500e-02
  -1.1667300e-01
  -1.4004100e-01
  -1.1387300e-02
   1.8763800e-01
   3.6760200e-02
  -2.7882200e-01
  -1.1644400e-01
  -6.4809300e-02
  -4.0986800e-02
  -5.7606500e-03
   1.5835200e-01
   3.1517800e-01
   2.7455700e-01
   2.8962000e-01
   2.0327100e-01
   1.1460800e-01
   5.6842100e-03
  -2.4128900e-02
  -2.0255800e-02
  -5.6607700e-02
  -1.2050900e-01
  -2.6559900e-01
  -3.1199100e-01
  -2.5670700e-01
   8.8719200e-02
   2.1930300e-01
   1.7295400e-01
   3.2792500e-01
   3.3907000e-01
   7.7096500e-02
  -2.3402500e-01
  -2.3915600e-01
   3.6661100e-02
  -7.5981200e-02
  -1.8988900e-01
   1.4248200e-01
   5.8786800e-02
   1.2838700e-01
  -4.7117800e-03
  -2.8908400e-01
  -1.3538700e-02
  -2.1284500e-01
  -2.6665500e-01
   1.2726400e-01
   2.1392500e-01
   1.9158600e-01
   1.2215500e-01
  -2.1374500e-01
  -3.4885900e-01
  -1.3273000e-01
   3.3712600e-02
   3.0474000e-01
   1.1306900e-01
  -4.3633200e-01
  -3.2023900e-01
  -7.2977700e-02
  -1.6638500e-01
  -2.0434000e-01
  -2.1257000e-02
  -8.1286200e-03
   4.2640900e-02
   1.5137300e-01
   1.4559500e-01
   1.3625700e-01
   2.6821600e-02
  -2.2003700e-01
  -2.1207300e-01
   2.4634700e-01
   1.1495400e-01
  -2.0329900e-01
  -7.1420900e-02
  -1.3918000e-01
   4.9306400e-02
  -4.4069200e-02
  -1.5866500e-01
   1.0438100e-01
   1.2472700e-01
  -3.3271300e-02
  -1.8630700e-01
  -2.5460600e-01
  -3.4688200e-01
  -2.9080700e-01
  -6.6523600e-02
   7.7084900e-02
   8.5690800e-02
  -8.8287400e-02
  -2.0012700e-01
  -4.4719100e-02
  -4.2496400e-02
  -1.3969800e-01
   7.3947400e-02
   1.5230400e-01
   1.1728700e-02
  -1.4131400e-01
  -1.6777800e-01
   7.7502800e-02
   3.0826100e-01
   5.1456200e-01
   4.8520300e-01
   1.0627300e-01
  -1.2683600e-01
  -2.1681000e-01
  -3.3765000e-01
  -1.8922800e-01
   2.6053000e-01
   3.5949400e-01
   2.7549700e-01
   4.2763100e-01
   2.8935900e-01
  -1.5640200e-01
  -2.7874200e-01
  -3.0940200e-01
  -2.9294400e-01
   7.9134200e-02
   1.6938000e-01
  -3.1856400e-02
   6.2918900e-02
  -6.9017900e-02
  -3.2549400e-01
  -4.1802100e-01
  -3.5518300e-01
  -2.9642600e-01
  -2.7861500e-01
   8.2159500e-02
   2.6303400e-01
   1.1416100e-02
   1.2166900e-01
   2.8178400e-01
   7.0117600e-02
  -2.4557300e-02
   1.7962000e-01
   1.6983500e-01
   2.0089800e-02
   2.1744800e-01
   2.2557500e-01
   1.1092500e-01
   1.5155500e-01
   1.3349100e-01
   1.7879200e-01
   1.1723300e-01
   8.4175200e-02
   1.0525800e-01
   9.0681200e-02
   1.0857500e-01
   1.0288600e-01
   7.6368800e-02
   7.8350600e-02
   1.4548000e-01
   8.3535600e-02
   5.1137600e-02
  -5.0207700e-04
  -9.3683300e-02
  -1.0773500e-01
  -7.5455800e-02
  -7.2017000e-02
  -1.2734100e-01
  -2.1449800e-01
  -2.2109700e-01
  -2.4302600e-01
  -1.1737100e-01
   1.7808600e-01
   2.4376500e-01
   2.2346400e-01
   5.1957300e-02
  -1.8879100e-01
  -2.8571500e-01
  -1.0389600e-01
   8.8843800e-02
   1.7523400e-01
   1.7160400e-01
   1.8018100e-01
   1.5535300e-01
   8.4366500e-02
   6.5177700e-02
   7.0828100e-02
   1.6605500e-01
   7.4223100e-02
  -5.7515900e-02
  -1.4777700e-01
  -1.6229500e-01
  -1.1476500e-02
   2.7965200e-02
  -7.4518900e-02
  -9.9793500e-02
  -7.7869400e-02
  -4.0570800e-02
   1.4132200e-01
   1.1144100e-01
  -1.6079300e-01
  -2.3237300e-01
  -2.0661000e-01
  -2.7054900e-01
  -2.4007600e-01
  -7.5897000e-02
   8.6667500e-02
   1.2255400e-01
   7.0250600e-02
   1.6242000e-01
   1.9372300e-01
   1.5505400e-01
   1.7719700e-01
   1.8195800e-02
  -1.0842900e-01
  -3.1396100e-02
  -1.2827800e-01
  -1.6518600e-01
  -3.4355100e-02
  -5.9408100e-02
  -1.0526800e-02
   2.1328200e-02
  -3.3368300e-02
  -3.3913500e-02
  -1.2901400e-01
  -1.6698800e-01
  -1.0626500e-01
  -8.9681200e-02
   4.8794100e-02
   1.3463900e-01
   8.6338300e-02
   8.9396700e-02
  -6.6326600e-03
  -1.6502900e-01
  -1.5718100e-01
  -1.0034400e-01
  -1.3634400e-01
   5.2128500e-02
   2.9450700e-01
   2.8548700e-01
   2.2693500e-01
   3.6401300e-01
   1.4549900e-01
  -3.0295600e-01
  -7.4298200e-02
   4.9008300e-02
  -5.3532300e-02
   5.0477200e-02
  -7.4972600e-02
  -1.5744900e-01
   6.7189900e-03
   5.5853300e-02
   1.0096600e-01
   1.8130200e-01
  -1.8656700e-02
  -1.1973400e-01
  -2.8562300e-03
   1.2269000e-02
  -4.0951800e-02
  -8.1781400e-02
  -1.3529000e-01
  -5.9743800e-02
  -2.9981400e-02
  -5.2330600e-02
   6.7692100e-02
   1.0191500e-01
   1.1326000e-01
   1.2123200e-01
  -4.3557200e-04
  -3.6781600e-02
   2.9706700e-02
   2.0114700e-02
   9.6102000e-02
   2.3131400e-01
   8.0926200e-02
  -2.7905300e-02
  -2.7135100e-02
  -9.1918000e-02
  -1.0030700e-01
  -3.7956100e-02
   2.1894500e-02
   3.3695500e-02
   2.8973700e-02
   2.8510100e-02
   2.2606000e-02
   8.1560900e-02
   1.0771800e-01
   7.9608900e-02
   8.0580300e-02
   3.4647000e-02
  -1.1450400e-02
  -3.1340900e-02
  -6.1999200e-02
  -9.1087400e-02
  -7.1288900e-02
   4.2716800e-03
   4.6202200e-02
   2.1777100e-02
  -7.7626300e-02
  -1.8308400e-01
  -2.5662100e-01
  -2.7225800e-01
  -1.8084900e-01
   8.2383500e-03
   2.4179000e-01
   2.7704500e-01
   2.0364400e-01
   2.6207100e-01
   2.0161700e-01
  -6.1974800e-02
  -1.1499600e-01
  -2.5061800e-02
  -9.0811200e-02
  -5.9014700e-02
   2.6009000e-02
   3.3904300e-02
   6.3425400e-03
  -5.1907000e-02
  -1.9552200e-02
   5.4042600e-02
   1.0177200e-01
   2.5451700e-02
  -1.8298800e-01
  -4.4118800e-03
   7.5213600e-02
  -2.0695100e-01
  -9.2436200e-02
   2.8273200e-02
  -9.4876300e-02
  -9.5215000e-02
  -1.2999200e-02
  -1.2934800e-01
  -1.6853600e-01
  -1.4412400e-01
  -1.3905100e-01
   8.1881100e-02
   1.3244200e-01
   2.1546500e-02
  -4.2900600e-02
  -4.4385200e-02
   1.0905100e-02
   7.7216700e-02
   1.1317300e-01
   6.9829400e-02
  -2.2160000e-02
  -7.7866100e-02
  -3.3768100e-02
   6.6225200e-02
   7.3064600e-02
   5.8792200e-02
  -9.9315200e-03
  -6.1538800e-02
  -1.5601100e-02
  -2.7796900e-02
  -6.4040100e-02
  -7.2613900e-02
  -3.3455500e-02
  -4.0578700e-03
  -3.3688400e-02
  -4.1940500e-02
   2.5217100e-03
   2.2129300e-02
   8.6977900e-03
   9.4906000e-03
   9.6336200e-03
   3.3832300e-02
   3.5385700e-02
   3.3067600e-03
  -4.1873400e-03
  -8.4677900e-03
  -2.3297400e-02
  -9.2493100e-03
  -1.1604900e-02
  -3.2063200e-02
   8.8657200e-04
  -7.4193100e-03
  -4.9960100e-02
  -3.0305100e-02
  -1.7500400e-02
  -2.7350000e-02
  -3.9992900e-03
   7.7731300e-03
   1.9218400e-03
   4.3697000e-03
  -1.9533300e-02
  -4.9272800e-02
  -4.0734900e-02
  -2.0994600e-02
  -2.5170500e-02
   1.5294700e-02
   2.8718200e-02
   3.2176400e-02
   5.0900700e-02
   1.1270100e-02
   3.1776500e-02
   4.6030600e-02
   1.5061300e-02
  -1.6946700e-02
  -2.2437100e-02
   3.5250400e-02
   9.2691100e-02
   1.0145400e-01
   9.3663000e-02
   7.5443800e-02
  -1.3383400e-02
  -6.0545400e-02
  -5.6877300e-02
  -3.8837200e-02
  -2.3494300e-02
  -5.4285100e-02
  -5.3112700e-02
  -5.7844900e-02
  -6.2303000e-02
  -2.9787700e-02
   1.1537100e-02
   2.2134400e-02
   3.3891800e-02
   2.2006500e-02
   7.4377900e-03
  -3.8439800e-03
  -2.0449100e-02
   1.4901100e-02
   1.5055000e-02
  -1.3251800e-02
  -1.0751400e-02
  -2.8632600e-02
  -1.7462900e-02
  -3.8674000e-05
   2.3782500e-03
   3.6639400e-02
   3.4310200e-02
   2.7402000e-03
   2.9777200e-02
   3.8678200e-02
   2.2696700e-02
   5.8806000e-02
   7.0863600e-02
   2.7109600e-02
  -2.4055900e-02
  -4.3831500e-02
  -2.3548500e-02
  -1.5926400e-02
  -2.8336400e-02
  -1.5086400e-02
   2.4761200e-02
   4.9520600e-02
   1.5606700e-02
  -3.8608700e-02
  -4.8701200e-02
  -1.8534900e-02
   8.3775400e-03
  -2.5960700e-03
  -3.6336600e-02
  -3.4895000e-02
  -7.5506900e-03
   1.4534700e-02
  -1.1612000e-02
  -3.0402900e-02
  -3.1573400e-03
   2.8302000e-03
  -9.9139200e-03
  -5.8781500e-03
   1.4294300e-02
   1.2576300e-02
   3.6671700e-03
   3.7072400e-02
   6.4858000e-02
   7.0199000e-02
   6.2093300e-02
   6.4980400e-02
   4.2082400e-02
   1.0035300e-02
   2.4364600e-02
   4.4526200e-02
   4.6456900e-02
   1.3599700e-02
  -4.6355500e-03
   1.4312500e-02
   3.4620900e-02
   4.1173100e-02
   2.2383000e-02
   1.1172800e-02
   3.0125600e-02
   1.3798100e-02
  -5.3186900e-03
   1.5769500e-02
   3.2696800e-02
   1.5854800e-02
  -2.8080900e-02
  -4.2425900e-02
  -4.4306400e-02
  -6.0574200e-02
  -5.5698600e-02
  -3.8593600e-02
  -1.6107100e-02
   2.5975700e-02
   3.6806600e-02
   3.6771700e-02
   2.5024100e-02
   9.6103400e-03
  -8.5382000e-03
  -2.5568300e-02
  -5.0745500e-02
  -6.0900400e-02
  -4.0399600e-02
  -5.1026700e-02
  -2.6570800e-02
  -1.4543700e-02
  -4.2523700e-02
  -6.6342300e-02
  -6.2402900e-02
  -1.5917900e-02
   3.3958800e-02
   2.7441800e-02
  -1.0572300e-02
  -5.7414700e-03
  -1.4248000e-02
   1.9910000e-03
   2.7277700e-02
   1.4357500e-02
   1.0365300e-02
  -1.1473900e-02
  -3.7654600e-02
  -3.5451900e-02
  -2.5048800e-02
   2.0239700e-03
   1.5057800e-02
   1.6333000e-02
   4.0252700e-02
   6.7165000e-02
   6.0480300e-02
   3.5663000e-02
   1.4322100e-02
  -1.3645500e-02
  -2.2123500e-02
  -1.6067700e-02
  -1.8456300e-02
  -2.7430500e-03
  -1.0647700e-02
  -8.6281700e-03
   9.2512300e-03
   1.3024600e-02
   1.4194700e-02
  -1.3083100e-02
   1.1191200e-02
   6.1353100e-02
   2.6209400e-02
  -4.1506500e-02
  -3.0838200e-02
   3.1794100e-02
   3.9638000e-02
   4.5158900e-03
  -1.8392100e-02
  -1.7501800e-02
  -1.4833700e-02
   3.5211500e-02
   4.3152800e-02
   1.1648900e-02
   3.2184300e-02
   1.1667800e-02
  -8.9009900e-03
   6.3540900e-03
  -8.1621400e-03
  -1.6667000e-02
   6.6437000e-03
   2.3965900e-02
   4.4087300e-02
   3.1985000e-02
  -1.4535100e-02
  -3.4601300e-02
  -5.7357000e-02
  -5.9346100e-02
  -2.0947600e-02
   1.3806100e-02
   7.8587900e-03
  -4.5567000e-02
  -7.0236800e-02
  -5.4005600e-02
  -5.9673200e-02
  -3.5853600e-02
   6.1855400e-03
  -8.3590800e-03
  -2.4885500e-02
  -1.6334100e-03
  -9.3110200e-03
  -4.0355300e-02
  -1.0781600e-02
   4.2889400e-03
  -2.9432500e-02
  -4.0394800e-02
  -2.1160900e-02
  -5.7980700e-04
  -1.4144300e-02
  -3.3509400e-02
   2.8456200e-03
   1.3609800e-02
  -3.7303900e-03
   1.0310600e-02
   2.7443700e-03
   3.2605100e-03
   1.9588900e-02
   3.8699200e-02
   2.4738400e-02
   3.0314200e-03
   4.2148500e-02
   6.3549000e-02
   5.1815800e-02
   2.1463400e-02
   2.1220600e-02
   3.0578600e-02
   1.2790900e-03
   4.3613700e-03
   4.0591500e-02
   2.9594000e-02
   3.1986900e-03
   9.0875800e-03
   4.8738800e-03
  -5.4174200e-03
  -9.5292800e-03
  -5.3792000e-03
   2.6462600e-02
   5.9788200e-02
   5.2068000e-02
   1.5982800e-02
   5.7705300e-03
   2.8926300e-02
   1.9575800e-02
  -1.8934700e-02
  -1.4766300e-02
   2.0338300e-02
   1.7406300e-02
  -2.0785900e-02
  -2.1436200e-02
   3.9261300e-04
  -9.9892100e-03
   3.8367300e-03
   2.6793700e-02
   1.2312500e-02
   2.3255600e-03
   1.5714500e-02
   1.0399900e-02
  -2.3829100e-03
   1.7815900e-02
   1.3366300e-02
  -2.3308000e-02
  -2.9907100e-02
  -1.2107800e-02
  -3.8097800e-03
  -1.0065800e-02
  -2.8285800e-02
  -3.5907000e-02
  -7.4009800e-03
   4.6152400e-02
   5.5891200e-02
   3.0149800e-04
  -1.8547200e-02
  -1.8069700e-02
   1.4710600e-03
   6.0178900e-02
   4.6313500e-02
   1.1374500e-02
  -1.4283700e-02
  -3.5556300e-02
  -4.2627600e-02
  -5.6193600e-02
  -1.7498600e-03
   4.7524800e-02
   2.8972900e-02
  -6.8506900e-03
  -5.1633500e-02
  -3.6252000e-02
  -3.6092500e-02
  -4.9509800e-02
  -1.4686400e-02
  -1.3590600e-02
  -1.4332500e-02
  -1.1784700e-02
   7.4879200e-04
  -7.1110000e-03
  -1.4884000e-02
   1.0993100e-02
  -7.3872100e-03
  -1.3992800e-02
   4.3459000e-03
   2.9629000e-03
  -5.0649400e-03
  -1.3704000e-02
  -7.9044000e-03
   2.1194600e-03
  -1.6939800e-02
  -1.8805000e-02
   3.0441900e-02
   4.9654300e-02
   1.4440100e-02
  -3.5997400e-02
  -3.7736700e-02
   8.4937700e-03
   2.0807000e-02
   3.1984800e-02
   2.6251100e-02
  -6.8007100e-03
  -1.5187300e-02
  -1.9700400e-02
  -1.4305200e-02
  -2.3811700e-03
   1.9807700e-02
   3.8806500e-02
   2.4465200e-02
   1.1422500e-02
  -6.2434700e-03
  -1.3803100e-02
  -6.2171600e-03
  -1.0424200e-02
  -1.2065300e-02
  -4.0807400e-03
   3.6429000e-02
   5.9709100e-02
   3.3798700e-02
  -9.5388200e-03
  -3.2859300e-02
  -1.8914800e-02
  -3.7603600e-03
   1.1320800e-02
   1.1356800e-02
  -1.3678800e-02
  -1.2687900e-02
  -2.9288400e-03
   2.9016500e-03
  -1.2518600e-03
  -2.4450200e-02
  -6.9441000e-03
   1.9525200e-02
   3.1782200e-02
   1.9305800e-02
  -3.2518400e-03
  -2.2433600e-02
  -1.8891500e-02
   2.4620500e-03
  -9.0772400e-03
  -6.5937700e-03
   2.4858500e-02
   2.1695100e-02
  -4.3672600e-03
  -4.9385800e-03
  -1.5309600e-02
  -1.7129400e-02
   1.6927000e-02
   4.8328600e-02
   3.3406000e-02
  -1.5841200e-02
  -7.2610900e-02
  -8.8057700e-02
  -3.3657600e-02
   3.4481100e-03
  -7.6362400e-03
   1.3671500e-03
   3.3502300e-02
   2.4009200e-02
  -1.0712300e-02
  -1.1168200e-02
  -1.6686600e-02
  -3.7337400e-02
  -6.8760000e-02
  -7.8043600e-02
  -3.6029300e-02
   1.4334600e-02
   4.8767100e-02
   4.1528300e-02
  -4.6420100e-03
  -1.6182000e-02
   2.5362100e-02
   3.2608200e-02
  -1.5553500e-02
  -1.9889100e-02
   2.6978600e-02
   2.5533400e-02
  -8.3616000e-03
  -1.6991100e-02
  -8.0485700e-03
   5.3128500e-03
   1.7178300e-02
   3.1191800e-02
   2.3422000e-02
   1.8034600e-03
  -9.2369500e-03
  -3.9189000e-02
  -5.0709500e-02
  -1.8621400e-02
   2.0894000e-02
   4.5455100e-02
   2.8752400e-02
  -1.7304900e-02
   5.7241000e-04
   4.3387600e-02
   2.7738500e-02
   3.2747000e-02
   4.2244400e-02
   1.5862800e-02
   8.0774700e-03
   1.3752200e-02
   2.8398300e-02
   1.8770700e-02
  -2.1351500e-02
  -8.8157100e-03
   1.2849500e-02
  -2.0920400e-02
  -1.1612600e-02
   3.4017000e-02
   2.9714600e-02
   1.8600300e-02
   4.8906400e-02
   3.1522700e-02
  -5.3710300e-02
  -5.5517700e-02
   8.5294200e-03
   4.6371300e-02
   2.4395000e-02
  -2.0453000e-02
   1.1743200e-02
  -1.1587400e-02
  -8.1264300e-02
  -6.6669600e-02
  -2.7890400e-02
  -1.1960300e-02
  -1.6748000e-02
  -3.8141400e-02
  -2.3464100e-02
   2.3588600e-02
   2.2797900e-02
   2.7610900e-02
   2.0081600e-02
  -2.2707400e-02
  -1.1634900e-02
  -7.2215900e-03
  -3.7319000e-02
  -6.1247000e-02
  -5.0557400e-02
   6.9247400e-03
   4.0562000e-02
   3.1415100e-02
   3.5114300e-02
   2.6274200e-02
   1.5214600e-02
   2.3714800e-02
  -1.2772700e-02
  -1.5396100e-02
   4.1652300e-02
   2.7344900e-02
  -1.7153900e-02
   1.4646100e-02
  -9.8779200e-03
  -6.1163000e-02
  -5.6335300e-02
  -1.7584400e-04
   6.4197200e-02
  -1.0075700e-02
  -7.0633600e-02
  -4.9781600e-02
   2.0977500e-02
   8.4360300e-02
   6.0024500e-02
   7.9397300e-03
   1.1490500e-02
   1.7267000e-02
  -1.6423100e-02
  -1.6255200e-02
  -6.4603600e-03
  -2.5132900e-02
  -3.0592100e-02
   4.2848400e-03
  -9.1144400e-03
  -3.9006700e-02
  -6.1049900e-04
   5.3408800e-02
   7.0614900e-02
  -1.0107400e-02
  -6.0956400e-02
  -1.5222500e-02
   3.4555300e-02
   5.1274100e-02
  -1.2762100e-03
  -4.3478400e-02
  -2.8905500e-02
  -1.5614200e-02
   2.1399000e-02
   4.5389200e-02
   6.7753600e-02
   5.9776200e-02
  -1.6398300e-02
  -3.1870000e-02
   1.0121300e-02
   2.3504800e-03
  -9.2096700e-03
   2.7100500e-02
   4.5541800e-02
   7.8991100e-03
  -2.5784700e-02
  -3.8391000e-02
  -3.5780800e-02
  -4.7156100e-03
  -6.1046600e-03
  -4.3122500e-02
  -3.5049200e-02
  -1.0564900e-02
  -6.8503200e-03
   2.4058900e-02
   1.7090200e-02
  -3.1952900e-02
  -1.1069100e-02
   3.5391300e-02
   1.2082600e-02
   2.3096000e-03
   4.3358900e-02
   4.8457100e-02
  -4.7548800e-03
  -2.4257800e-02
   1.7069200e-02
   2.8194900e-02
  -1.6995100e-02
  -6.6569200e-02
  -3.6029900e-02
   1.7515600e-02
   2.9455400e-03
   9.0971400e-03
   2.4784300e-02
   3.2776900e-02
   2.2998200e-02
  -2.5308300e-02
  -2.0917000e-02
   2.6355000e-02
   5.7452100e-03
  -6.9389300e-02
  -7.2062100e-02
  -7.7472800e-03
   2.3519000e-04
  -1.0980900e-02
  -7.6035900e-03
  -8.0886900e-04
   4.5789300e-02
   5.8813700e-02
   1.7447900e-02
  -3.4266700e-02
  -2.2910000e-02
   1.3876000e-02
   7.3190400e-03
   8.2069200e-03
   1.7940100e-02
   1.0015400e-03
  -1.8298900e-02
  -1.2941100e-02
  -2.2505100e-02
   6.1901400e-03
   5.9395100e-02
   8.6701600e-02
   3.5082600e-02
  -2.5717400e-02
  -4.1224500e-02
  -1.6337400e-02
   7.5456300e-03
  -2.2380800e-02
  -2.5375800e-02
  -4.1015200e-02
  -5.9343400e-02
   4.4238700e-03
   4.1333600e-02
   9.5545100e-03
   4.8750900e-03
   1.9422100e-03
  -5.8682100e-02
  -6.8146100e-02
  -2.9314400e-02
  -1.2844700e-02
   1.2068200e-02
   1.5163300e-02
  -1.1546800e-02
  -3.9696400e-02
  -2.4891000e-02
   4.9363400e-02
   7.6839100e-02
   4.4995100e-02
   2.9376800e-02
   1.1791200e-02
  -2.8276800e-02
  -1.2275800e-02
   3.9651700e-02
   1.3622700e-02
  -1.3615300e-02
   1.3890700e-03
   1.3777800e-02
   4.8665100e-02
   2.8232900e-02
  -4.7974500e-03
   1.6281700e-02
   3.4831500e-02
   2.8570500e-02
   5.2867900e-03
  -1.5503700e-02
   2.0390200e-02
   1.7997800e-02
  -2.1074100e-02
  -5.5901200e-02
  -3.9375400e-02
   1.4317100e-02
   2.7502700e-02
   1.5954400e-02
  -4.9675200e-02
  -6.2110300e-02
  -5.3204900e-02
  -6.5086700e-02
  -5.8578100e-02
  -4.7246100e-02
  -4.4484700e-02
  -7.6050100e-02
  -5.1726100e-02
  -2.1337100e-04
   9.3867400e-03
  -4.8400500e-03
  -2.5376900e-02
  -1.3019100e-02
  -5.0214700e-03
  -1.1288500e-02
  -6.4940600e-03
  -1.8462900e-03
  -3.4368200e-03
  -2.0296700e-02
  -1.8325000e-02
  -7.4615700e-03
   6.7183500e-03
   3.0666700e-02
   5.3170200e-02
   4.8237400e-02
   5.0422000e-03
  -4.2408400e-02
  -5.6658300e-02
  -5.0776200e-02
  -2.4180500e-02
   4.0381400e-02
   7.8821200e-02
   4.6046400e-02
   2.0971800e-02
   5.5676800e-02
   3.9707600e-02
  -5.8501000e-03
  -2.6461700e-02
  -2.3166100e-02
   2.0872900e-02
   3.9120500e-02
   3.8784900e-02
   6.7595000e-02
   5.6147700e-02
  -1.8150500e-02
  -3.4482600e-02
   2.8237100e-02
   4.5862000e-02
   2.1133500e-02
   1.0036900e-02
  -1.3580100e-02
  -6.2369700e-02
  -3.7443100e-02
   2.2730000e-02
   7.9776100e-03
  -5.1174500e-02
  -4.2649400e-02
   3.4954200e-02
   2.2674300e-02
  -2.2394000e-02
  -2.2763400e-02
  -1.4790800e-02
   2.7166000e-03
  -1.6182100e-02
  -3.8807600e-02
  -1.9717600e-02
   1.8617700e-02
   3.0198400e-02
   1.3899500e-02
  -1.7817000e-02
  -1.0693100e-02
   2.5901600e-02
   6.3343000e-02
   4.1512800e-02
  -7.1375100e-02
  -9.7778600e-02
  -3.1484700e-02
  -1.3750200e-02
   2.6284200e-03
   6.0057200e-02
   5.0653900e-02
  -2.2584400e-02
  -4.8936100e-02
  -3.7597800e-02
  -3.2065400e-02
   1.8980100e-02
   6.5923100e-02
   8.1003000e-02
   5.8409600e-02
  -1.3148200e-02
  -2.1094400e-02
   1.0437100e-02
  -1.7362200e-02
  -1.2947400e-02
   3.8945600e-02
   3.1717900e-02
  -7.3374800e-03
  -1.4141600e-02
   4.9817900e-03
  -9.1462300e-03
  -4.0410300e-02
  -2.8376800e-02
  -2.6295500e-02
  -5.3821400e-02
  -3.8385900e-02
  -6.2775900e-03
   2.5031600e-03
   1.3556400e-02
  -6.4611500e-04
  -2.3813100e-02
  -2.9213800e-02
  -1.2848400e-02
   1.1782900e-02
   3.0346400e-02
   3.4798100e-02
   3.7861700e-02
   6.7063600e-02
   8.0233500e-02
   7.5774400e-02
   8.4323100e-02
   8.1119900e-02
   7.2611600e-02
   7.5663800e-02
   6.9620400e-02
   6.3499700e-02
   7.2997700e-02
   5.4672900e-02
  -4.9805100e-03
  -1.1661300e-02
   3.5123500e-02
   5.3157200e-02
   6.4245500e-02
   6.2351600e-02
   3.9989200e-02
   2.0283100e-02
  -1.3313500e-02
  -4.2090500e-02
  -7.0318500e-02
  -4.6148100e-02
   4.4695300e-02
   7.1370000e-02
   3.4586200e-03
  -4.2103000e-02
   1.1115800e-03
   6.4881900e-03
  -1.4241000e-02
  -7.8687500e-03
  -6.4862800e-02
  -9.5598200e-02
  -7.4404400e-02
  -6.1000400e-02
  -6.9777700e-02
  -1.1501700e-01
  -1.4013000e-01
  -1.2132900e-01
  -1.0007900e-01
  -1.1209900e-01
  -1.2551000e-01
  -1.2179500e-01
  -8.5037300e-02
   3.0643700e-02
   1.4130300e-01
   1.4231300e-01
   6.3612000e-02
   1.2995200e-02
  -4.1014200e-03
  -3.1499400e-03
   4.6303600e-02
   3.5612200e-02
   2.2508100e-02
   7.1369500e-02
   7.9253800e-02
   1.1464700e-01
   1.2552200e-01
   8.8959300e-02
   5.7851200e-02
   1.0787100e-02
  -2.7506200e-02
  -3.8962000e-02
  -4.8395900e-02
  -2.7040600e-02
   3.6027300e-03
   2.0967400e-02
   7.1607600e-02
   3.8492700e-02
  -5.7594300e-02
  -6.0266800e-02
  -2.1963900e-02
   1.9590800e-02
   9.3426800e-02
   1.2689700e-01
   7.4060300e-02
  -1.6463000e-02
  -2.9289400e-02
   2.9934700e-02
   4.7354700e-02
   7.5500900e-03
  -1.0712300e-03
   3.6846400e-02
   3.4404600e-02
   2.0795900e-02
   1.5401400e-03
  -5.7831100e-02
  -1.1819500e-01
  -1.1939600e-01
  -7.2910800e-02
   1.1788700e-02
   1.2333000e-01
   7.3557600e-02
  -1.6453000e-02
   1.6022400e-02
   6.4436000e-03
  -5.7911600e-02
  -4.8272000e-02
  -4.1068900e-02
  -7.0361400e-02
  -5.8434300e-02
  -2.5161500e-02
   2.0664800e-02
   1.9800300e-02
  -1.4955500e-02
  -3.1384900e-02
   5.4837300e-03
   3.2966700e-02
   3.2408800e-02
  -2.2631500e-02
  -8.1981900e-02
   3.4060700e-03
   7.9819400e-02
   1.2167700e-01
   1.2036900e-01
   2.6598600e-02
  -6.3938900e-02
  -7.6781100e-02
  -8.2382100e-02
  -7.8153200e-02
  -4.2572700e-02
  -7.6218000e-04
   1.0163600e-01
   1.0211300e-01
  -1.2695000e-02
  -5.6212400e-02
   1.1160600e-03
   1.8884400e-02
  -2.3999500e-02
  -5.2256800e-02
  -6.7055400e-02
  -4.3728100e-02
  -3.5934300e-02
  -3.3013700e-02
   2.1843700e-03
   2.5399300e-03
  -2.5078000e-02
  -2.8332400e-02
  -2.0826500e-02
  -2.0599600e-02
  -1.6658400e-03
   2.0980800e-02
   2.6631600e-02
   3.2081700e-02
   6.2511300e-02
   9.9188100e-02
   1.4255100e-01
   1.2011700e-01
   3.2696000e-02
   2.5164300e-02
   1.7156700e-02
  -5.4394600e-02
  -1.0647600e-01
  -1.4746400e-01
  -1.9611800e-01
  -2.3693000e-01
  -2.3110400e-01
  -1.5772900e-01
  -6.6754700e-02
   1.7129200e-02
   1.3473400e-01
   1.5180200e-01
   8.3477200e-02
   1.0846300e-01
   1.1790000e-01
   1.4916600e-01
   1.0060200e-01
  -4.9299600e-02
  -1.2177900e-01
  -1.4067800e-01
  -1.3153300e-01
  -1.1919600e-01
  -7.2930200e-02
  -5.5829100e-03
   3.4598400e-02
   3.3838300e-02
   3.1660000e-02
   9.2238900e-02
   1.0264400e-01
   1.7256500e-02
  -2.1589400e-02
  -2.8554600e-02
  -6.2478300e-02
  -4.3034100e-02
  -5.0119700e-02
  -1.0166800e-01
  -1.0341700e-01
  -7.2729200e-02
  -7.8882800e-02
  -6.5942000e-02
   1.2377200e-02
   2.0850700e-02
  -1.7667800e-04
   3.5228100e-02
   4.1787500e-02
   1.2165000e-02
  -1.7478900e-03
   2.0640300e-03
   1.7153500e-02
   1.6079600e-02
   1.3740000e-02
   1.9650400e-02
  -2.7594700e-03
  -1.6881600e-02
  -1.0368500e-02
  -8.0754100e-03
  -1.4508200e-02
  -5.8731700e-02
  -9.7778000e-02
  -8.6103200e-02
  -1.9487500e-02
   6.1128800e-03
   3.1005000e-02
   8.9709100e-02
   6.4202100e-02
   1.2244500e-02
   1.6137400e-02
   2.8377200e-02
  -3.8478100e-03
  -1.1688600e-03
   2.6943800e-02
   2.4652700e-02
  -1.8299200e-02
  -5.0424600e-02
  -2.9192000e-02
   5.4309500e-03
  -5.6535700e-03
  -1.2550900e-02
   4.5348500e-02
   3.9400300e-02
  -2.8520700e-02
  -3.5777200e-02
  -2.6567500e-02
  -3.2650100e-02
  -2.0270700e-02
  -2.8319800e-02
  -2.7232100e-02
  -6.3416000e-03
   2.5778500e-02
   5.1416000e-02
   3.2431400e-02
   2.7299100e-03
  -5.2547600e-04
   2.6852000e-02
   2.1547400e-02
  -2.9261800e-02
  -8.1315300e-03
   4.1580800e-02
   1.9878900e-02
  -1.6261100e-02
  -1.2488000e-02
   3.3884500e-02
   6.5953700e-02
   5.8767900e-02
   2.9714800e-02
   7.0902600e-03
  -8.0453800e-03
  -1.3307200e-02
   1.8255000e-02
   5.0337100e-02
   2.8507400e-02
  -1.6002600e-02
  -4.9879700e-02
  -6.7059700e-02
  -1.7818100e-02
  -1.5938300e-02
  -4.0254600e-02
   2.9972900e-03
   1.3881700e-02
   1.3149400e-02
   1.9176600e-02
   1.4985500e-02
   4.4578300e-03
   1.2856000e-02
   6.4656500e-02
   7.1520600e-02
   3.0809000e-02
   2.9373300e-03
  -2.4086100e-02
  -4.2328700e-03
   2.2864300e-02
  -1.3077800e-03
  -2.9658300e-02
  -1.4730300e-02
   1.7565000e-02
  -3.4085300e-03
  -1.7397500e-02
   1.0912500e-03
   2.4281900e-02
   2.1300100e-02
   2.1316500e-03
   2.9566300e-02
   3.8425700e-02
  -2.7747600e-03
  -1.1392300e-02
   1.6560300e-02
   3.1794400e-02
   4.0125400e-02
   6.0409400e-02
   7.4998700e-02
   4.2579300e-02
  -1.6989500e-02
  -4.2158300e-02
  -1.4599100e-02
  -4.1796900e-03
  -2.2324800e-02
   1.7251800e-02
   6.4498000e-02
   6.3613600e-02
   4.3871000e-02
   1.9188800e-02
  -1.3867000e-03
  -3.1794700e-02
  -4.6515100e-02
  -2.3637000e-02
  -2.0663500e-02
  -3.5850100e-02
  -3.6913600e-02
  -1.6565800e-02
  -1.0030000e-02
  -2.5125200e-02
  -1.9102300e-02
   1.2368700e-02
   1.7310500e-02
   1.1976700e-02
   6.4436000e-02
   7.6853500e-02
   4.5305100e-02
   4.1152000e-02
   5.7448300e-02
   4.7053900e-02
   1.7951700e-02
   1.8438600e-02
   3.1404400e-02
   3.9043400e-02
   5.2309900e-03
  -4.1524400e-02
  -5.6688900e-02
  -1.2983100e-02
   1.3545200e-02
   3.0013000e-02
   8.5853800e-02
   9.3029000e-02
   4.8322000e-02
   1.9981100e-02
   1.3063400e-02
  -2.9137900e-02
  -2.4326500e-02
   1.0306800e-02
   3.2904600e-03
   4.4377900e-02
   5.1740100e-02
  -5.4065700e-03
  -3.2969900e-02
  -4.7520900e-05
   2.9572200e-02
  -1.3628600e-04
  -4.0771500e-02
  -2.4730800e-02
   4.8109200e-02
   4.8938200e-02
   1.2497000e-02
  -2.2463000e-03
  -6.0675700e-04
   2.8482800e-02
   1.7571600e-04
  -4.2274400e-02
  -4.4304300e-02
  -2.0442200e-02
  -1.8323600e-02
  -3.5601200e-02
  -5.7697900e-03
   3.7805100e-03
  -2.0831400e-02
  -4.4722200e-02
  -5.1433800e-02
  -4.3762700e-02
  -5.1945900e-02
  -6.7142900e-02
  -5.6460800e-02
  -1.9273700e-02
   5.6347300e-03
   3.9760800e-02
   4.4262500e-02
  -5.1127000e-03
  -5.7518100e-02
  -5.7542800e-02
  -1.1824400e-02
   1.8621400e-02
   6.0651400e-02
   9.8110400e-02
   7.4390100e-02
   1.6155800e-02
  -2.2506200e-02
  -1.0591800e-02
   4.5376700e-03
  -2.7738500e-02
  -3.2283600e-02
  -1.7356700e-03
  -3.0349000e-02
  -5.3115600e-02
  -2.2537200e-02
   2.2817500e-02
   4.3633200e-02
   2.0047300e-02
   1.1701400e-02
   3.7939500e-02
   2.6879800e-02
  -4.2322200e-02
  -4.6589600e-02
  -4.3922900e-03
   4.6645100e-03
   3.0387400e-02
   3.4070300e-02
  -1.2355200e-02
  -3.7693800e-02
  -1.0450600e-02
   2.3838000e-02
   4.3178600e-02
   5.1851900e-02
   4.4352400e-02
   1.4334900e-02
  -3.0739700e-03
   1.6484400e-02
   2.6605700e-02
   5.3954200e-03
  -4.0162600e-03
  -5.9806700e-03
  -4.7549500e-02
  -8.4930500e-02
  -8.1058400e-02
  -6.5121000e-02
  -6.6799900e-02
  -6.6706800e-02
  -7.4057200e-02
  -6.5981600e-02
  -3.6334100e-02
  -2.9177500e-02
  -3.9041100e-02
  -3.1729900e-02
   2.0076100e-02
   3.9860800e-02
   2.7351100e-02
   2.7447100e-02
   3.8090500e-02
   6.1764200e-02
   4.1794800e-02
   8.8179900e-03
   2.1353000e-04
  -1.6287200e-02
  -9.8346800e-03
  -5.5470100e-03
  -3.4943600e-02
  -4.7760100e-02
  -3.8929100e-02
  -1.0288600e-02
   2.0134800e-02
   2.4633200e-02
   7.3590700e-03
  -1.9748900e-02
  -3.3268900e-02
  -1.6125700e-02
   1.0269400e-02
   2.6758600e-02
   3.2658800e-02
   4.5907100e-02
   3.9271000e-02
  -1.2729200e-02
  -1.7552900e-02
   2.1342100e-02
   3.2197900e-02
   9.3896800e-03
  -2.0799900e-03
   1.1647000e-02
   2.5936800e-02
   2.1815400e-02
  -1.4830400e-02
  -3.5121200e-02
  -2.4320900e-04
   4.6773400e-02
   2.4730600e-02
  -7.1775600e-03
  -2.5323000e-02
  -2.1017800e-02
  -8.8118000e-03
  -4.2979300e-02
  -2.8232300e-02
   1.6588000e-02
   9.9935500e-03
  -3.4612300e-02
  -5.6079800e-02
  -4.7212100e-02
  -1.6565400e-02
  -1.4819400e-02
  -3.1672700e-03
   3.9574600e-02
   8.5271100e-03
  -2.2845000e-02
  -6.0119600e-03
  -1.6301300e-02
  -2.9692900e-02
  -8.4478700e-03
   1.1161900e-03
  -6.6180600e-03
  -1.5062700e-02
  -2.2239200e-02
