  -8.3639100e-02
  -9.2971200e-02
  -8.8227300e-02
  -7.1094700e-02
  -5.1502700e-02
  -3.6342700e-02
  -2.6376600e-02
  -1.9167100e-02
  -1.0228800e-02
   7.0327600e-03
   3.8855900e-02
   8.7256600e-02
   1.4499600e-01
   1.9704200e-01
   2.3163800e-01
   2.4613900e-01
   2.4294800e-01
   2.2645300e-01
   2.0209300e-01
   1.7289500e-01
   1.3966300e-01
   1.0239500e-01
   5.9784900e-02
   1.1408000e-02
  -4.1090800e-02
  -9.4869800e-02
  -1.4518600e-01
  -1.8517800e-01
  -2.1023500e-01
  -2.2018500e-01
  -2.1677600e-01
  -2.0359500e-01
  -1.8597800e-01
  -1.6588900e-01
  -1.3884000e-01
  -9.7976000e-02
  -4.3491100e-02
   8.7397500e-03
   3.7518800e-02
   3.9608300e-02
   3.2125000e-02
   3.1609200e-02
   3.9040300e-02
   4.5434500e-02
   4.4247800e-02
   3.4474000e-02
   1.7991800e-02
  -1.3569300e-03
  -1.8244400e-02
  -2.8733200e-02
  -3.4954000e-02
  -4.4853300e-02
  -6.4105300e-02
  -9.0713700e-02
  -1.1936600e-01
  -1.4738300e-01
  -1.7158000e-01
  -1.8089900e-01
  -1.6180500e-01
  -1.1334600e-01
  -4.8566700e-02
   1.5726900e-02
   6.5263600e-02
   9.6443400e-02
   1.1969200e-01
   1.4754500e-01
   1.8357200e-01
   2.2222800e-01
   2.5544200e-01
   2.7758900e-01
   2.8494700e-01
   2.7622600e-01
   2.5204700e-01
   2.1250900e-01
   1.6027300e-01
   1.0140800e-01
   4.2407800e-02
  -9.0980100e-03
  -4.7838600e-02
  -7.6099400e-02
  -1.0117800e-01
  -1.2800100e-01
  -1.5581600e-01
  -1.8227400e-01
  -2.0406400e-01
  -2.1345900e-01
  -2.0152500e-01
  -1.6595300e-01
  -1.1557800e-01
  -6.6631500e-02
  -3.0831200e-02
  -8.1444800e-03
   9.1522500e-03
   2.9535200e-02
   5.6859500e-02
   8.7900000e-02
   1.1508200e-01
   1.3298800e-01
   1.4179400e-01
   1.4268600e-01
   1.3310100e-01
   1.1061100e-01
   7.7961100e-02
   4.2146000e-02
   1.0426700e-02
  -1.4588700e-02
  -3.6540700e-02
  -6.0545800e-02
  -8.7012300e-02
  -1.1190400e-01
  -1.3401500e-01
  -1.5749600e-01
  -1.8314700e-01
  -2.0069400e-01
  -1.9550000e-01
  -1.6252700e-01
  -1.0911200e-01
  -4.5898700e-02
   1.6395800e-02
   6.5616200e-02
   9.5367600e-02
   1.0843200e-01
   1.0902800e-01
   9.8511500e-02
   7.8385600e-02
   5.2563600e-02
   2.4926000e-02
  -2.9482000e-03
  -2.8066800e-02
  -4.4715200e-02
  -5.1336500e-02
  -5.3901800e-02
  -6.0283100e-02
  -7.3436300e-02
  -8.5908500e-02
  -7.8688800e-02
  -3.3771400e-02
   4.4787100e-02
   1.2852900e-01
   1.9121800e-01
   2.2948900e-01
   2.5271900e-01
   2.6433500e-01
   2.6003200e-01
   2.3897500e-01
   2.0879400e-01
   1.7767800e-01
   1.4542700e-01
   1.0587600e-01
   5.7975500e-02
   9.8924100e-03
  -3.0775200e-02
  -6.6780700e-02
  -1.0712700e-01
  -1.5315100e-01
  -1.9163600e-01
  -2.0503100e-01
  -1.8707400e-01
  -1.4777300e-01
  -1.0556200e-01
  -7.3469200e-02
  -5.2402600e-02
  -3.6751400e-02
  -2.1843200e-02
  -6.4498000e-03
   7.7100000e-03
   1.7846900e-02
   2.2089700e-02
   1.9281700e-02
   9.3752400e-03
  -4.2249700e-03
  -1.5536000e-02
  -2.0874700e-02
  -2.2897900e-02
  -2.8794000e-02
  -4.3091800e-02
  -6.2512600e-02
  -7.8304200e-02
  -8.2758100e-02
  -7.4362600e-02
  -5.7597800e-02
  -3.8565900e-02
  -2.3036900e-02
  -1.6656200e-02
  -1.8594900e-02
  -1.4751600e-02
   1.1780200e-02
   6.3298400e-02
   1.2554400e-01
   1.7752100e-01
   2.0124500e-01
   1.9171500e-01
   1.6022900e-01
   1.2214200e-01
   8.3768600e-02
   4.3848200e-02
   3.6478400e-03
  -2.9665800e-02
  -4.8227500e-02
  -4.9054300e-02
  -3.8015500e-02
  -2.7798300e-02
  -2.7379000e-02
  -3.3460200e-02
  -3.6277800e-02
  -3.2509000e-02
  -2.7771300e-02
  -2.9752700e-02
  -4.1873200e-02
  -6.1312900e-02
  -8.0855000e-02
  -9.2907500e-02
  -9.4460900e-02
  -8.8161800e-02
  -7.7891200e-02
  -6.3580800e-02
  -4.1619000e-02
  -1.2921300e-02
   1.2486100e-02
   2.4777000e-02
   2.3502200e-02
   1.4538200e-02
   3.5434600e-03
  -6.9824600e-03
  -1.4830600e-02
  -1.4922500e-02
  -4.8307500e-03
   1.0081800e-02
   2.2974100e-02
   3.3601000e-02
   4.6192200e-02
   6.2221800e-02
   7.8529600e-02
   9.0447800e-02
   9.5574100e-02
   9.4544500e-02
   8.8764000e-02
   7.9040600e-02
   6.5582100e-02
   4.8229300e-02
   2.4567400e-02
  -9.9831100e-03
  -5.6491100e-02
  -1.1219100e-01
  -1.7137200e-01
  -2.1980700e-01
  -2.3906800e-01
  -2.2188700e-01
  -1.7977100e-01
  -1.3202800e-01
  -8.7459700e-02
  -4.4113900e-02
  -2.1677200e-03
   3.4978900e-02
   6.8246700e-02
   1.0405100e-01
   1.4404300e-01
   1.7794200e-01
   1.9540900e-01
   1.9654000e-01
   1.8777600e-01
   1.7597700e-01
   1.6451800e-01
   1.5187500e-01
   1.3338600e-01
   1.0492700e-01
   6.6710300e-02
   2.4606200e-02
  -1.2611600e-02
  -4.0608000e-02
  -6.4564900e-02
  -9.2818000e-02
  -1.2635500e-01
  -1.5887500e-01
  -1.8299800e-01
  -1.9027100e-01
  -1.7268000e-01
  -1.3271000e-01
  -8.6428600e-02
  -5.0875900e-02
  -3.1448700e-02
  -2.2930200e-02
  -1.5531600e-02
   5.6720800e-04
   2.9030500e-02
   6.4008600e-02
   9.4563600e-02
   1.1308900e-01
   1.1842600e-01
   1.1176700e-01
   9.3402900e-02
   6.4472900e-02
   3.0619500e-02
   7.5307300e-04
  -1.9879200e-02
  -3.2783500e-02
  -4.3663600e-02
  -5.8225900e-02
  -7.6387500e-02
  -9.0466100e-02
  -9.4045100e-02
  -9.1851200e-02
  -9.4240900e-02
  -1.0391100e-01
  -1.1395500e-01
  -1.1718300e-01
  -1.1446000e-01
  -1.1142500e-01
  -1.0788700e-01
  -9.4898200e-02
  -5.9640800e-02
   4.0611100e-03
   8.2404100e-02
   1.4704000e-01
   1.7680800e-01
   1.6999100e-01
   1.4223700e-01
   1.1442600e-01
   9.8907300e-02
   9.5050500e-02
   9.3491600e-02
   8.4756300e-02
   6.7438900e-02
   4.6821200e-02
   2.4308400e-02
  -4.9695400e-03
  -4.2346900e-02
  -8.0833600e-02
  -1.1014100e-01
  -1.2365200e-01
  -1.2046600e-01
  -1.0379600e-01
  -7.9348700e-02
  -5.1971900e-02
  -2.4856000e-02
  -1.8545900e-03
   1.2704300e-02
   1.4750300e-02
   1.8409000e-03
  -2.4099700e-02
  -5.8454300e-02
  -9.4525800e-02
  -1.2430200e-01
  -1.4625700e-01
  -1.6641300e-01
  -1.8951200e-01
  -2.1306100e-01
  -2.2744800e-01
  -2.1955300e-01
  -1.8155000e-01
  -1.1927500e-01
  -5.2284600e-02
  -5.2050800e-03
   1.1999400e-02
   1.5542000e-02
   2.9861400e-02
   6.2032600e-02
   9.8975200e-02
   1.2480100e-01
   1.3522900e-01
   1.3599000e-01
   1.3184400e-01
   1.2091100e-01
   1.0035600e-01
   7.3535900e-02
   4.8181200e-02
   3.0917600e-02
   2.3115000e-02
   1.8162700e-02
   6.4417600e-03
  -1.4636000e-02
  -3.8584100e-02
  -5.7362200e-02
  -6.8098400e-02
  -7.3818900e-02
  -8.0104000e-02
  -9.0620200e-02
  -1.0503900e-01
  -1.1986000e-01
  -1.3071000e-01
  -1.3248000e-01
  -1.1937400e-01
  -8.9618500e-02
  -4.8124500e-02
  -5.6644500e-03
   2.5198800e-02
   3.8780500e-02
   3.8617200e-02
   3.2300000e-02
   2.6755800e-02
   2.5159200e-02
   2.7004800e-02
   2.9399900e-02
   2.9208800e-02
   2.6617000e-02
   2.5305500e-02
   2.8960500e-02
   3.7830500e-02
   4.8791800e-02
   5.7844900e-02
   6.0705300e-02
   5.3844600e-02
   3.9060400e-02
   2.4641300e-02
   1.9330300e-02
   2.6010200e-02
   4.0018300e-02
   5.3613700e-02
   6.1868100e-02
   6.3935000e-02
   6.1832000e-02
   5.8494200e-02
   5.6086300e-02
   5.7135400e-02
   6.6124500e-02
   8.5464900e-02
   1.0943600e-01
   1.2672000e-01
   1.3059500e-01
   1.2351500e-01
   1.1162800e-01
   9.7992100e-02
   8.1115400e-02
   5.9484500e-02
   3.6096700e-02
   1.6640700e-02
   3.7024200e-03
  -5.3754900e-03
  -1.4453400e-02
  -2.5416200e-02
  -3.8475100e-02
  -5.2874000e-02
  -6.7408700e-02
  -8.0245000e-02
  -8.9049700e-02
  -9.2325500e-02
  -9.2171800e-02
  -9.4401100e-02
  -1.0300300e-01
  -1.1540700e-01
  -1.2401800e-01
  -1.2230300e-01
  -1.1051500e-01
  -9.4513200e-02
  -7.8579900e-02
  -6.4102600e-02
  -5.4552600e-02
  -5.4514600e-02
  -6.3581600e-02
  -7.6350300e-02
  -8.7857900e-02
  -9.5592800e-02
  -9.7032300e-02
  -8.8870600e-02
  -7.0376100e-02
  -4.5228200e-02
  -1.8915000e-02
   5.1672400e-03
   2.6692000e-02
   4.4569700e-02
   5.5234800e-02
   5.7708600e-02
   5.8680600e-02
   7.1305700e-02
   1.0465700e-01
   1.5425800e-01
   2.0777200e-01
   2.5512600e-01
   2.9133300e-01
   3.1560800e-01
   3.2753600e-01
   3.2311300e-01
   2.9783600e-01
   2.4977400e-01
   1.8298300e-01
   1.1303500e-01
   4.6275700e-02
  -3.0968000e-02
  -9.7599500e-02
  -1.0644400e-01
  -8.0312000e-02
  -8.6790800e-02
  -1.3282500e-01
  -1.6871000e-01
  -1.6512500e-01
  -1.3786600e-01
  -1.1234700e-01
  -9.6861100e-02
  -8.6881900e-02
  -7.6122700e-02
  -6.1391100e-02
  -4.4029800e-02
  -2.8987000e-02
  -2.0819800e-02
  -2.0168000e-02
  -2.4846100e-02
  -3.3339200e-02
  -4.6808600e-02
  -6.7719700e-02
  -9.4425100e-02
  -1.1363500e-01
  -1.0679700e-01
  -7.1689600e-02
  -2.8897100e-02
  -5.2558500e-03
  -1.3189700e-02
  -4.2940500e-02
  -7.6234000e-02
  -1.0407500e-01
  -1.2566500e-01
  -1.3909300e-01
  -1.4101100e-01
  -1.3214400e-01
  -1.1931000e-01
  -1.0947900e-01
  -1.0520000e-01
  -1.0720300e-01
  -1.1563200e-01
  -1.2700200e-01
  -1.3471900e-01
  -1.3635400e-01
  -1.3755000e-01
  -1.4527100e-01
  -1.5810800e-01
  -1.6459500e-01
  -1.5358100e-01
  -1.2687000e-01
  -9.5133900e-02
  -6.2744400e-02
  -2.6574400e-02
   1.6318300e-02
   6.4042400e-02
   1.0702600e-01
   1.3568700e-01
   1.5072100e-01
   1.6006300e-01
   1.6975300e-01
   1.8071000e-01
   1.9175300e-01
   2.0265200e-01
   2.1520700e-01
   2.3213800e-01
   2.5364600e-01
   2.7447600e-01
   2.8784500e-01
   2.9297700e-01
   2.9376400e-01
   2.9235300e-01
   2.8977100e-01
   2.9030400e-01
   2.9836700e-01
   3.1243800e-01
   3.2687400e-01
   3.3684200e-01
   3.4022300e-01
   3.3458800e-01
   3.1483300e-01
   2.7851200e-01
   2.3244100e-01
   1.8975200e-01
   1.5889700e-01
   1.3942900e-01
   1.2581500e-01
   1.1164100e-01
   9.3962000e-02
   7.4920400e-02
   5.9361200e-02
   5.1579300e-02
   5.1630000e-02
   5.4372500e-02
   5.4586700e-02
   5.0932300e-02
   4.2954700e-02
   2.8180900e-02
   3.6542900e-03
  -3.0942900e-02
  -7.0355200e-02
  -1.0640400e-01
  -1.3612400e-01
  -1.6480300e-01
  -1.9947700e-01
  -2.4088400e-01
  -2.8320900e-01
  -3.1891100e-01
  -3.4248900e-01
  -3.5875300e-01
  -3.8594500e-01
  -4.2543700e-01
  -4.3237400e-01
  -3.5728700e-01
  -2.2283700e-01
  -1.1701600e-01
  -9.5623100e-02
  -1.2653200e-01
  -1.4367200e-01
  -1.2395000e-01
  -9.2687200e-02
  -7.8180800e-02
  -8.3745100e-02
  -9.6210500e-02
  -1.0563200e-01
  -1.1151100e-01
  -1.1544600e-01
  -1.1757800e-01
  -1.2115500e-01
  -1.3102400e-01
  -1.4534300e-01
  -1.5540600e-01
  -1.5553800e-01
  -1.4995300e-01
  -1.4625000e-01
  -1.4305200e-01
  -1.3032600e-01
  -1.0223700e-01
  -6.4224900e-02
  -2.6010800e-02
   8.2180700e-03
   4.0099400e-02
   7.0654800e-02
   9.7043000e-02
   1.1752900e-01
   1.3569100e-01
   1.5593300e-01
   1.7962600e-01
   2.0641500e-01
   2.3318400e-01
   2.5300700e-01
   2.6093100e-01
   2.5765400e-01
   2.4512000e-01
   2.2451700e-01
   1.9872400e-01
   1.7253500e-01
   1.4817300e-01
   1.2366500e-01
   9.7304100e-02
   7.0447900e-02
   4.6290600e-02
   2.8228300e-02
   2.0999200e-02
   2.8419100e-02
   4.5780000e-02
   6.1382800e-02
   6.7651100e-02
   6.5576800e-02
   6.0377100e-02
   5.5022600e-02
   4.7726600e-02
   3.5619800e-02
   1.8631400e-02
  -1.2715600e-03
  -2.3365000e-02
  -4.7968400e-02
  -7.3169100e-02
  -9.5601800e-02
  -1.1373400e-01
  -1.2850000e-01
  -1.4235200e-01
  -1.5750300e-01
  -1.7607500e-01
  -2.0295500e-01
  -2.4515300e-01
  -2.9593000e-01
  -3.2293400e-01
  -2.9867100e-01
  -2.3316600e-01
  -1.5846400e-01
  -9.9013500e-02
  -6.1789700e-02
  -4.2207200e-02
  -3.3194800e-02
  -2.7018800e-02
  -1.5613800e-02
   4.0129100e-03
   2.7983300e-02
   5.0448400e-02
   6.7771900e-02
   7.9949600e-02
   9.0430600e-02
   1.0388200e-01
   1.2166000e-01
   1.3958800e-01
   1.5056000e-01
   1.4799700e-01
   1.3259600e-01
   1.1528300e-01
   1.0754200e-01
   1.1033300e-01
   1.1181000e-01
   9.7028200e-02
   6.2662700e-02
   2.0461500e-02
  -1.3833300e-02
  -3.3544800e-02
  -4.2559000e-02
  -4.7169400e-02
  -5.0656100e-02
  -5.3899300e-02
  -5.7169000e-02
  -6.0161900e-02
  -6.0465000e-02
  -5.4001500e-02
  -3.9974700e-02
  -2.2626700e-02
  -6.2240400e-03
   8.0448100e-03
   1.9835500e-02
   2.7907300e-02
   3.0715500e-02
   2.7614200e-02
   1.9620500e-02
   8.9658000e-03
  -2.1186400e-03
  -1.2806300e-02
  -2.3840500e-02
  -3.5930600e-02
  -4.7206000e-02
  -5.2240400e-02
  -4.6793500e-02
  -3.4349100e-02
  -2.2075500e-02
  -1.2087200e-02
  -2.5514100e-03
   8.1412700e-03
   2.0926500e-02
   3.5141300e-02
   4.8320300e-02
   5.7973800e-02
   6.3013800e-02
   6.4458300e-02
   6.4631500e-02
   6.4869400e-02
   6.5066200e-02
   6.5541400e-02
   6.6421600e-02
   6.5245900e-02
   5.8448800e-02
   4.4917200e-02
   2.7010500e-02
   8.8208800e-03
  -6.1641600e-03
  -1.6120700e-02
  -2.1202600e-02
  -2.3262500e-02
  -2.5182100e-02
  -2.9810400e-02
  -3.9261900e-02
  -5.5464900e-02
  -8.2990200e-02
  -1.3016900e-01
  -2.0059700e-01
  -2.7561500e-01
  -3.1835200e-01
  -3.1393800e-01
  -2.8377000e-01
  -2.4524700e-01
  -1.9240900e-01
  -1.2877500e-01
  -7.7583700e-02
  -5.2568900e-02
  -4.6947100e-02
  -4.8638200e-02
  -5.2884100e-02
  -6.0013700e-02
  -6.6216900e-02
  -6.2429600e-02
  -4.6453200e-02
  -2.8582300e-02
  -2.1087900e-02
  -2.8213200e-02
  -4.4454900e-02
  -6.0811700e-02
  -7.3105000e-02
  -8.2277900e-02
  -9.0552800e-02
  -9.9271000e-02
  -1.0872800e-01
  -1.1749600e-01
  -1.1984100e-01
  -1.1001200e-01
  -9.0236000e-02
  -6.7695100e-02
  -4.6694500e-02
  -2.7656600e-02
  -9.8401000e-03
   7.1523200e-03
   2.2617000e-02
   3.5716900e-02
   4.8420700e-02
   6.3687600e-02
   8.0093000e-02
   9.2991100e-02
   1.0118300e-01
   1.0728500e-01
   1.1367500e-01
   1.2122000e-01
   1.2954000e-01
   1.3853700e-01
   1.5009000e-01
   1.6745700e-01
   1.9131800e-01
   2.1611400e-01
   2.3295000e-01
   2.3648100e-01
   2.2774400e-01
   2.1142200e-01
   1.9306100e-01
   1.7856200e-01
   1.7446300e-01
   1.8461100e-01
   2.0336500e-01
   2.1940100e-01
   2.2758900e-01
   2.3045100e-01
   2.3050100e-01
   2.2591200e-01
   2.1483100e-01
   2.0163300e-01
   1.9376400e-01
   1.9393700e-01
   1.9756000e-01
   1.9813400e-01
   1.9494700e-01
   1.9096200e-01
   1.8600900e-01
   1.7602200e-01
   1.5837000e-01
   1.3624000e-01
   1.1530200e-01
   9.7468900e-02
   8.0153600e-02
   6.1359000e-02
   4.1256100e-02
   1.9441500e-02
  -3.4836900e-03
  -2.3881300e-02
  -3.7816600e-02
  -4.3976000e-02
  -4.3430400e-02
  -3.8094500e-02
  -2.8471600e-02
  -1.3186400e-02
   5.4376000e-03
   1.9936500e-02
   2.5937800e-02
   2.6973900e-02
   2.9922500e-02
   3.5994800e-02
   3.7985900e-02
   2.9026000e-02
   1.0897100e-02
  -8.3324400e-03
  -2.2658000e-02
  -3.1203100e-02
  -3.5849500e-02
  -3.5693700e-02
  -2.6636700e-02
  -1.0423800e-02
   5.4761800e-03
   1.4652400e-02
   1.3862200e-02
   4.4154800e-03
  -9.6931700e-03
  -2.5715400e-02
  -4.4449400e-02
  -6.8089000e-02
  -9.5215700e-02
  -1.1979200e-01
  -1.3417400e-01
  -1.3382500e-01
  -1.2045200e-01
  -1.0268400e-01
  -8.9049000e-02
  -8.0182200e-02
  -7.6133800e-02
  -8.8573800e-02
  -1.4036300e-01
  -2.4204700e-01
  -3.6313300e-01
  -4.4329300e-01
  -4.4235800e-01
  -3.7613800e-01
  -2.9431000e-01
  -2.2877400e-01
  -1.8382700e-01
  -1.5802500e-01
  -1.4798500e-01
  -1.4531500e-01
  -1.4187300e-01
  -1.3142100e-01
  -1.1156300e-01
  -8.6170600e-02
  -6.1770400e-02
  -4.3472600e-02
  -3.2395900e-02
  -2.6602900e-02
  -2.2508700e-02
  -1.6474400e-02
  -8.7302500e-03
  -2.4686800e-03
  -4.9475500e-04
  -4.1506100e-03
  -1.5259300e-02
  -3.6463400e-02
  -6.7420500e-02
  -1.0221600e-01
  -1.3138000e-01
  -1.4884500e-01
  -1.5611500e-01
  -1.5679500e-01
  -1.4993200e-01
  -1.3471900e-01
  -1.1392300e-01
  -9.0057700e-02
  -6.4081300e-02
  -3.6534800e-02
  -1.0361500e-02
   1.2480500e-02
   3.3029000e-02
   5.1431100e-02
   6.7533900e-02
   8.2306300e-02
   9.7218100e-02
   1.1231100e-01
   1.2582200e-01
   1.3582100e-01
   1.4270300e-01
   1.4956200e-01
   1.5871900e-01
   1.7108800e-01
   1.8658100e-01
   2.0313900e-01
   2.2022700e-01
   2.3895200e-01
   2.5775900e-01
   2.7252200e-01
   2.7854400e-01
   2.7544200e-01
   2.6771900e-01
   2.5885400e-01
   2.4704300e-01
   2.2622400e-01
   1.9410300e-01
   1.5776200e-01
   1.3033200e-01
   1.1877200e-01
   1.1867200e-01
   1.2230300e-01
   1.2694400e-01
   1.3665200e-01
   1.5479700e-01
   1.7848900e-01
   2.0052000e-01
   2.1454000e-01
   2.2031600e-01
   2.2023900e-01
   2.1372200e-01
   1.9982700e-01
   1.8023900e-01
   1.5984500e-01
   1.4259100e-01
   1.2762400e-01
   1.1266000e-01
   9.6299200e-02
   7.7674300e-02
   5.7449300e-02
   3.7285100e-02
   1.7423400e-02
  -2.0422700e-03
  -2.0499500e-02
  -3.8110200e-02
  -5.4234400e-02
  -6.8635000e-02
  -8.2940500e-02
  -9.7833300e-02
  -1.1278200e-01
  -1.2655500e-01
  -1.3628700e-01
  -1.4028900e-01
  -1.4002700e-01
  -1.3789800e-01
  -1.3624100e-01
  -1.3682700e-01
  -1.3879300e-01
  -1.3977300e-01
  -1.3832400e-01
  -1.3511400e-01
  -1.3180800e-01
  -1.2901200e-01
  -1.2655600e-01
  -1.2349800e-01
  -1.2003500e-01
  -1.1715400e-01
  -1.1445500e-01
  -1.1174700e-01
  -1.1068300e-01
  -1.1304700e-01
  -1.1814500e-01
  -1.2384000e-01
  -1.2988700e-01
  -1.3907000e-01
  -1.5340300e-01
  -1.7373300e-01
  -2.0169000e-01
  -2.3621200e-01
  -2.6617900e-01
  -2.7064200e-01
  -2.4038400e-01
  -1.9325100e-01
  -1.5604000e-01
  -1.3931100e-01
  -1.3582500e-01
  -1.3590200e-01
  -1.3524400e-01
  -1.3317200e-01
  -1.3045300e-01
  -1.2632900e-01
  -1.1828800e-01
  -1.0574700e-01
  -9.2315600e-02
  -8.2124200e-02
  -7.6554300e-02
  -7.4093400e-02
  -7.1727000e-02
  -6.9308700e-02
  -6.9295600e-02
  -7.3662500e-02
  -8.2299700e-02
  -9.3529300e-02
  -1.0631100e-01
  -1.2011000e-01
  -1.3398400e-01
  -1.4732800e-01
  -1.6077900e-01
  -1.7508300e-01
  -1.8934500e-01
  -2.0264100e-01
  -2.1539500e-01
  -2.2735700e-01
  -2.3689900e-01
  -2.4186100e-01
  -2.3882200e-01
  -2.2386700e-01
  -1.9625300e-01
  -1.6249000e-01
  -1.3477700e-01
  -1.2004600e-01
  -1.1219600e-01
  -9.7048700e-02
  -6.8173200e-02
  -3.2661200e-02
  -5.8319600e-04
   2.3323100e-02
   4.0874700e-02
   5.4786000e-02
   6.5628000e-02
   7.4112900e-02
   8.2438900e-02
   9.3097100e-02
   1.0748800e-01
   1.2457700e-01
   1.4142300e-01
   1.5619200e-01
   1.6734200e-01
   1.7510100e-01
   1.8258100e-01
   1.9361100e-01
   2.1101700e-01
   2.3408900e-01
   2.5722400e-01
   2.7434800e-01
   2.8449600e-01
   2.9112500e-01
   2.9919800e-01
   3.1215300e-01
   3.2888700e-01
   3.4377800e-01
   3.5081500e-01
   3.4715500e-01
   3.3638000e-01
   3.2883100e-01
   3.3131100e-01
   3.4060900e-01
   3.4939500e-01
   3.5324600e-01
   3.5382800e-01
   3.5629300e-01
   3.6247800e-01
   3.6822200e-01
   3.6721800e-01
   3.5458300e-01
   3.2942900e-01
   2.9559200e-01
   2.5829300e-01
   2.2099600e-01
   1.8389800e-01
   1.4714800e-01
   1.1573600e-01
   9.7023600e-02
   9.1860600e-02
   9.0815300e-02
   8.4790300e-02
   7.5687900e-02
   7.0784300e-02
   7.1678100e-02
   7.1866700e-02
   6.3095200e-02
   4.3061500e-02
   1.6937300e-02
  -8.0100000e-03
  -2.8683600e-02
  -4.6070500e-02
  -6.0615400e-02
  -7.0202000e-02
  -7.3426100e-02
  -7.3991500e-02
  -7.7971500e-02
  -8.7740900e-02
  -1.0098100e-01
  -1.1346000e-01
  -1.2175200e-01
  -1.2458300e-01
  -1.2418200e-01
  -1.2459100e-01
  -1.2719200e-01
  -1.2983600e-01
  -1.3103900e-01
  -1.3242600e-01
  -1.3600700e-01
  -1.4183800e-01
  -1.4765600e-01
  -1.5121400e-01
  -1.5389100e-01
  -1.5820700e-01
  -1.6524400e-01
  -1.7359600e-01
  -1.7923000e-01
  -1.8025400e-01
  -1.7924500e-01
  -1.7886500e-01
  -1.7758700e-01
  -1.7610800e-01
  -1.7712000e-01
  -1.7310100e-01
  -1.5683700e-01
  -1.3843100e-01
  -1.2916200e-01
  -1.2421000e-01
  -1.1400400e-01
  -9.9432300e-02
  -9.0699000e-02
  -9.5617000e-02
  -1.1295000e-01
  -1.3676700e-01
  -1.6231100e-01
  -1.8613500e-01
  -2.0538600e-01
  -2.1857200e-01
  -2.2475700e-01
  -2.2184800e-01
  -2.0841200e-01
  -1.8531200e-01
  -1.5422100e-01
  -1.1848000e-01
  -8.5720600e-02
  -6.5096900e-02
  -5.8025200e-02
  -5.4550600e-02
  -4.4677500e-02
  -2.8755400e-02
  -1.2937800e-02
  -4.1863600e-04
   1.0062500e-02
   2.1587100e-02
   3.5875600e-02
   5.0262200e-02
   6.0901200e-02
   6.6451800e-02
   6.6508100e-02
   6.0712300e-02
   5.0370700e-02
   3.8545900e-02
   2.7321500e-02
   1.6730200e-02
   7.1638700e-03
   2.8660600e-03
   8.2911400e-03
   2.0675800e-02
   3.2242700e-02
   3.7561700e-02
   3.7305100e-02
   3.5853900e-02
   3.5880400e-02
   3.6643200e-02
   3.7377800e-02
   3.7875400e-02
   3.7776900e-02
   3.8182900e-02
   3.9713500e-02
   4.1565900e-02
   4.2010600e-02
   3.8355900e-02
   2.9087300e-02
   1.4439100e-02
  -3.6334400e-03
  -2.0785500e-02
  -3.1074300e-02
  -2.9045700e-02
  -1.4383900e-02
   5.9590000e-03
   2.4015900e-02
   3.8282200e-02
   5.1607800e-02
   6.5064600e-02
   7.7341400e-02
   8.7130300e-02
   9.3419500e-02
   9.4953000e-02
   9.1935600e-02
   8.5990500e-02
   7.8871400e-02
   7.2012500e-02
   6.5041500e-02
   5.6285100e-02
   4.4605500e-02
   3.0453400e-02
   1.5117200e-02
  -1.6408200e-04
  -1.2908400e-02
  -2.0218300e-02
  -2.2053500e-02
  -2.1657600e-02
  -2.2004300e-02
  -2.4661200e-02
  -3.0794100e-02
  -4.0124600e-02
  -5.1096200e-02
  -6.2098800e-02
  -7.1274200e-02
  -7.6050600e-02
  -7.3854400e-02
  -6.4641400e-02
  -5.2146600e-02
  -4.1235200e-02
  -3.3737900e-02
  -2.8440900e-02
  -2.6628300e-02
  -3.1318600e-02
  -4.1962500e-02
  -5.5569200e-02
  -7.0299000e-02
  -8.7258900e-02
  -1.0814500e-01
  -1.3030200e-01
  -1.4816800e-01
  -1.5883800e-01
  -1.6221800e-01
  -1.5906100e-01
  -1.5029200e-01
  -1.3665000e-01
  -1.1774000e-01
  -9.1287500e-02
  -5.8608800e-02
  -2.8809800e-02
  -1.0746300e-02
  -5.8756100e-03
  -1.0704300e-02
  -1.9117600e-02
  -2.4576900e-02
  -2.5121000e-02
  -2.3046500e-02
  -2.0014500e-02
  -1.4524900e-02
  -4.5399400e-03
   9.1189200e-03
   2.5002600e-02
   4.1901800e-02
   5.6939400e-02
   6.5392000e-02
   6.4552000e-02
   5.6380200e-02
   4.4952200e-02
   3.3550300e-02
   2.1347700e-02
   5.6496100e-03
  -1.3624100e-02
  -3.3623900e-02
  -5.0191600e-02
  -6.1142900e-02
  -6.6826400e-02
  -6.8995500e-02
  -6.9860200e-02
  -7.0461000e-02
  -6.9097600e-02
  -6.2494200e-02
  -4.9500500e-02
  -3.2783400e-02
  -1.6377300e-02
  -2.3121500e-03
   9.2137900e-03
   1.8197900e-02
   2.4073000e-02
   2.7056200e-02
   2.9564600e-02
   3.4390500e-02
   4.1104300e-02
   4.6596400e-02
   4.9392200e-02
   5.0418800e-02
   5.0924100e-02
   5.0635600e-02
   4.9162400e-02
   4.7530100e-02
   4.6206000e-02
   4.4433900e-02
   4.0988900e-02
   3.5450500e-02
   2.8942500e-02
   2.3608700e-02
   2.1503700e-02
   2.1497900e-02
   1.9436100e-02
   1.3727700e-02
   8.2253900e-03
   8.6013900e-03
   1.6927900e-02
   3.1332500e-02
   4.9020000e-02
   6.8212500e-02
   8.6147000e-02
   9.7939600e-02
   1.0089000e-01
   9.7305200e-02
   9.2244900e-02
   8.8789200e-02
   8.6855400e-02
   8.4882600e-02
   8.1042300e-02
   7.5672600e-02
   7.0717600e-02
   6.6141400e-02
   6.0798000e-02
   5.5701200e-02
   5.2774000e-02
   5.2400300e-02
   5.3535700e-02
   5.3978000e-02
   5.2787800e-02
   5.1291400e-02
   5.0902500e-02
   5.2203300e-02
   5.3702400e-02
   5.2726600e-02
   4.9130700e-02
   4.5511400e-02
   4.3802200e-02
   4.3863200e-02
   4.4706000e-02
   4.6004300e-02
   4.7774700e-02
   4.8647000e-02
   4.7027800e-02
   4.3066100e-02
   3.7746900e-02
   3.1003000e-02
   2.2101100e-02
   1.0552100e-02
  -6.1081000e-03
  -3.2662200e-02
  -7.2586300e-02
  -1.2068200e-01
  -1.5958500e-01
  -1.7204900e-01
  -1.5630800e-01
  -1.2718400e-01
  -1.0200300e-01
  -8.6675600e-02
  -7.6155500e-02
  -6.4419100e-02
  -5.2002200e-02
  -4.3405700e-02
  -4.0104100e-02
  -3.9181300e-02
  -3.6903500e-02
  -3.0402500e-02
  -1.7915500e-02
  -8.8361800e-04
   1.6973100e-02
   3.2019600e-02
   4.2015900e-02
   4.7371100e-02
   4.9960200e-02
   5.1704200e-02
   5.4145800e-02
   5.8252000e-02
   6.4421300e-02
   7.2706500e-02
   8.2477600e-02
   9.1953800e-02
   9.9126100e-02
   1.0250400e-01
   1.0108900e-01
   9.4256600e-02
   8.2098100e-02
   6.5823100e-02
   4.7746600e-02
   3.1612500e-02
   2.2544200e-02
   2.4607500e-02
   3.5836900e-02
   4.9589000e-02
   6.1470400e-02
   7.0279100e-02
   7.5658600e-02
   7.8013500e-02
   7.8081300e-02
   7.6634100e-02
   7.4406800e-02
   7.1536700e-02
   6.8280100e-02
   6.5229400e-02
   6.2804900e-02
   6.1281800e-02
   6.1144200e-02
   6.2495700e-02
   6.4319900e-02
   6.4951800e-02
   6.3378800e-02
   6.0671700e-02
   5.8894600e-02
   5.8174800e-02
   5.6558200e-02
   5.2845000e-02
   4.8443900e-02
   4.5421500e-02
   4.3921400e-02
   4.2374200e-02
   3.9567700e-02
   3.5284500e-02
   2.9412300e-02
   2.2658600e-02
   1.6285200e-02
   1.0091700e-02
   2.4228500e-03
  -7.1953100e-03
  -1.7758200e-02
  -2.7787200e-02
  -3.6255700e-02
  -4.3855800e-02
  -5.1171800e-02
  -5.7762100e-02
  -6.4058500e-02
  -7.0792300e-02
  -7.7724100e-02
  -8.3349300e-02
  -8.5545800e-02
  -8.5830100e-02
  -8.8870800e-02
  -9.6805100e-02
  -1.0749900e-01
  -1.1740000e-01
  -1.2498000e-01
  -1.2951200e-01
  -1.2761600e-01
  -1.1576700e-01
  -9.5081500e-02
  -7.0349400e-02
  -4.6876600e-02
  -3.0057300e-02
  -2.2672700e-02
  -2.0906800e-02
  -1.9064900e-02
  -1.5307000e-02
  -1.0616700e-02
  -6.1579700e-03
  -1.9025100e-03
   3.6315400e-03
   1.1584400e-02
   2.1480400e-02
   3.2545600e-02
   4.3321100e-02
   5.2244500e-02
   5.8668300e-02
   6.2398700e-02
   6.4097200e-02
   6.4963000e-02
   6.5710300e-02
   6.5682900e-02
   6.3980600e-02
   6.1694600e-02
   5.9842300e-02
   5.7609600e-02
   5.3620000e-02
   4.5596600e-02
   3.2749800e-02
   1.8879400e-02
   9.0450600e-03
   4.7817800e-03
   3.9536100e-03
   3.1689700e-03
  -1.0154700e-03
  -9.3558600e-03
  -1.8834500e-02
  -2.6920300e-02
  -3.2929000e-02
  -3.6853900e-02
  -3.8975700e-02
  -3.9385800e-02
  -3.8954400e-02
  -3.9857500e-02
  -4.3176800e-02
  -4.8675600e-02
  -5.7986800e-02
  -7.5218700e-02
  -1.0326900e-01
  -1.3656800e-01
  -1.6242600e-01
  -1.7369900e-01
  -1.7370800e-01
  -1.6981700e-01
  -1.6622500e-01
  -1.6302000e-01
  -1.6015800e-01
  -1.5855600e-01
  -1.5826000e-01
  -1.5722000e-01
  -1.5325100e-01
  -1.4640200e-01
  -1.3931700e-01
  -1.3560900e-01
  -1.3566500e-01
  -1.3532400e-01
  -1.2914600e-01
  -1.1603400e-01
  -1.0023200e-01
  -8.6344200e-02
  -7.6191600e-02
  -6.8957900e-02
  -6.3696900e-02
  -5.9974400e-02
  -5.7672400e-02
  -5.6795500e-02
  -5.6279100e-02
  -5.5320500e-02
  -5.3674700e-02
  -5.1476000e-02
  -4.9298900e-02
  -4.6631300e-02
  -4.3031000e-02
  -3.9066500e-02
  -3.4761100e-02
  -2.9451000e-02
  -2.2879400e-02
  -1.4790600e-02
  -4.4988000e-03
   7.7393300e-03
   2.1570800e-02
   3.6306900e-02
   4.8872500e-02
   5.6975000e-02
   6.1231500e-02
   6.2581900e-02
   6.3815100e-02
   6.9637500e-02
   8.0889900e-02
   9.3058400e-02
   1.0179300e-01
   1.0672800e-01
   1.0934100e-01
   1.1093500e-01
   1.1150800e-01
   1.0921100e-01
   1.0398800e-01
   9.9302300e-02
   9.7568400e-02
   9.9123700e-02
   1.0353300e-01
   1.0887400e-01
   1.1324700e-01
   1.1701500e-01
   1.2137200e-01
   1.2540600e-01
   1.2776300e-01
   1.2761800e-01
   1.2423900e-01
   1.1823400e-01
   1.1096000e-01
   1.0279900e-01
   9.2796000e-02
   8.0405100e-02
   6.7330800e-02
   5.6418500e-02
   4.9657900e-02
   4.6558200e-02
   4.4168900e-02
   4.0784300e-02
   3.7572200e-02
   3.5669900e-02
   3.3624600e-02
   2.8428400e-02
   1.8924800e-02
   7.2541300e-03
  -3.3468600e-03
  -1.0640600e-02
  -1.4200000e-02
  -1.5139200e-02
  -1.4747900e-02
  -1.3585900e-02
  -1.1297900e-02
  -7.7336300e-03
  -3.5768300e-03
  -1.0076700e-04
   1.7151200e-03
   1.8968400e-03
   6.3788700e-04
  -1.3173400e-03
  -2.3267000e-03
  -6.4266900e-04
   4.6318200e-03
   1.2885300e-02
   2.2785500e-02
   3.3167400e-02
   4.3491100e-02
   5.3043100e-02
   6.0492800e-02
   6.4899500e-02
   6.5310200e-02
   6.1695200e-02
   5.5569400e-02
   4.8709300e-02
   4.3384900e-02
   4.0717100e-02
   3.9158700e-02
   3.7040900e-02
   3.4893300e-02
   3.4726000e-02
   3.7043200e-02
   3.8981000e-02
   3.8800900e-02
   3.7156700e-02
   3.3442100e-02
   2.6959400e-02
   1.8607900e-02
   1.0398700e-02
   3.7114800e-03
  -6.2746400e-04
  -2.1118400e-03
  -1.9122900e-03
  -1.8956900e-03
  -2.5154300e-03
  -3.8513400e-03
  -6.6310900e-03
  -1.0149400e-02
  -1.2948700e-02
  -1.5001400e-02
  -1.6882700e-02
  -1.8670300e-02
  -2.1000700e-02
  -2.5037500e-02
  -2.9603100e-02
  -3.2276500e-02
  -3.3163700e-02
  -3.4742100e-02
  -3.8563300e-02
  -4.3089100e-02
  -4.6002700e-02
  -4.6896400e-02
  -4.7443100e-02
  -4.8981900e-02
  -5.0668600e-02
  -5.0262600e-02
  -4.6432300e-02
  -3.9600700e-02
  -3.0372500e-02
  -2.0105100e-02
  -1.1453800e-02
  -5.8375300e-03
  -3.0569900e-03
  -3.8768200e-03
  -9.6020700e-03
  -1.9042900e-02
  -2.8152500e-02
  -3.2853800e-02
  -3.0895200e-02
  -2.3291100e-02
  -1.3623600e-02
  -4.4898000e-03
   3.0824800e-03
   8.5566800e-03
   1.1277200e-02
   1.0583800e-02
   8.0337700e-03
   6.5293100e-03
   7.2726000e-03
   9.7402000e-03
   1.3399700e-02
   1.8132700e-02
   2.3020400e-02
   2.7070800e-02
   2.9742500e-02
   3.0923600e-02
   3.1701800e-02
   3.2250000e-02
   3.1190000e-02
   2.7742200e-02
   2.1118900e-02
   1.1908400e-02
   3.1016300e-03
  -3.3505100e-03
  -8.2081400e-03
  -1.3196200e-02
  -1.8252700e-02
  -2.1450500e-02
  -2.2360400e-02
  -2.3364700e-02
  -2.6080500e-02
  -2.9653400e-02
  -3.3592300e-02
  -3.7774200e-02
  -4.1051200e-02
  -4.3653000e-02
  -4.6387000e-02
  -4.7943800e-02
  -4.5303100e-02
  -3.6768600e-02
  -2.4688600e-02
  -1.1308300e-02
   3.3763000e-03
   1.8061900e-02
   3.0115000e-02
   3.7365600e-02
   3.9853900e-02
   4.0654100e-02
   4.1988000e-02
   4.2865500e-02
   4.1943700e-02
   4.0053100e-02
   3.9187800e-02
   3.9948600e-02
   4.0935200e-02
   4.0488300e-02
   3.8259800e-02
   3.5280100e-02
   3.2657500e-02
   2.9210900e-02
   2.3067600e-02
   1.5041500e-02
   7.3293700e-03
   8.2999000e-04
  -4.4904700e-03
  -8.5142400e-03
  -1.1801100e-02
  -1.5459400e-02
  -1.9705200e-02
  -2.3422000e-02
  -2.5641900e-02
  -2.6529300e-02
  -2.6360000e-02
  -2.4581800e-02
  -2.0895200e-02
  -1.6910700e-02
  -1.4643900e-02
  -1.3512500e-02
  -1.0797800e-02
  -5.2617000e-03
   1.8555100e-03
   8.3169900e-03
   1.2594400e-02
   1.4536500e-02
   1.5492200e-02
   1.7134600e-02
   1.8632100e-02
   1.8647600e-02
   1.8278800e-02
   1.8954100e-02
   2.0112000e-02
   2.1315900e-02
   2.3238300e-02
   2.5497900e-02
   2.6889200e-02
   2.7252200e-02
   2.8052800e-02
   3.0442800e-02
   3.3599800e-02
   3.5694600e-02
   3.5359400e-02
   3.3057700e-02
   3.0821900e-02
   2.9526400e-02
   2.8802000e-02
   2.8341600e-02
   2.7840900e-02
   2.6947600e-02
   2.5192400e-02
   2.2617100e-02
   1.9053500e-02
   1.4041200e-02
   8.3766500e-03
   3.1764600e-03
  -1.4230800e-03
  -5.6064700e-03
  -9.5418300e-03
  -1.3530600e-02
  -1.6783000e-02
  -1.8331400e-02
  -1.8419200e-02
  -1.7655600e-02
  -1.6107600e-02
  -1.3152600e-02
  -8.8573500e-03
  -4.1296800e-03
   5.6606000e-04
   4.3917800e-03
   5.2928300e-03
   2.8734700e-03
  -2.1233500e-03
  -1.0577600e-02
  -2.4122700e-02
  -4.3341100e-02
  -6.5857900e-02
  -8.6597300e-02
  -9.9895700e-02
  -1.0111600e-01
  -8.8842800e-02
  -6.5497800e-02
  -3.4463900e-02
  -2.4070300e-03
   1.9614700e-02
   2.4195900e-02
   1.4220100e-02
   4.0496500e-03
   7.0763600e-03
   2.0386600e-02
   3.1170400e-02
   3.1637900e-02
   2.4173300e-02
   1.6125700e-02
   1.1754800e-02
   1.0212100e-02
   8.5677100e-03
   6.4759900e-03
   5.1713000e-03
   5.1573300e-03
   6.8648200e-03
   8.5204700e-03
   6.4656700e-03
  -1.2442200e-03
  -1.2550500e-02
  -2.2646900e-02
  -2.7537300e-02
  -2.6256200e-02
  -2.1701900e-02
  -1.8098800e-02
  -1.6796900e-02
  -1.6670700e-02
  -1.5931700e-02
  -1.4783900e-02
  -1.6627800e-02
  -2.2990600e-02
  -3.1290700e-02
  -3.7963000e-02
  -4.1469800e-02
  -4.3047000e-02
  -4.4619100e-02
  -4.7227700e-02
  -5.1059000e-02
  -5.6320300e-02
  -6.2974600e-02
  -6.9200700e-02
  -7.3640200e-02
  -7.7390100e-02
  -8.1076600e-02
  -8.3815700e-02
  -8.5507000e-02
  -8.7188800e-02
  -8.8997000e-02
  -8.9489300e-02
  -8.6751700e-02
  -7.9491100e-02
  -6.8188400e-02
  -5.5324500e-02
  -4.3977000e-02
  -3.6515800e-02
  -3.3679200e-02
  -3.3374800e-02
  -3.3336400e-02
  -3.3650400e-02
  -3.4861300e-02
  -3.7807800e-02
  -4.2836600e-02
  -4.8013100e-02
  -5.1116400e-02
  -5.2059900e-02
  -5.2488700e-02
  -5.3730200e-02
  -5.5450900e-02
  -5.5099000e-02
  -5.0150800e-02
  -4.1001000e-02
  -2.9972200e-02
  -1.9548900e-02
  -1.1443900e-02
  -6.3573600e-03
  -3.5963000e-03
  -1.6525600e-03
   3.0471400e-04
   2.8826600e-03
   6.3474900e-03
   1.0036900e-02
   1.3732700e-02
   1.8751600e-02
   2.6694200e-02
   3.7614700e-02
   4.9705300e-02
   6.0196900e-02
   6.7045900e-02
   6.9575800e-02
   6.8522600e-02
   6.6014900e-02
   6.3336600e-02
   6.0071900e-02
   5.6163900e-02
   5.2768100e-02
   5.1090400e-02
   5.0416000e-02
   4.8995800e-02
   4.6590600e-02
   4.3904300e-02
   4.0881900e-02
   3.6974700e-02
   3.2400700e-02
   2.7561600e-02
   2.2350300e-02
   1.6718200e-02
   1.1042000e-02
   5.1896000e-03
  -8.7308700e-04
  -5.9435700e-03
  -9.8381200e-03
  -1.3557700e-02
  -1.7520800e-02
  -2.1395700e-02
  -2.3767800e-02
  -2.3463500e-02
  -2.0558100e-02
  -1.5583900e-02
  -8.8442200e-03
  -5.1567400e-04
   8.0225400e-03
   1.5134900e-02
   2.0869100e-02
   2.6083500e-02
   3.0978400e-02
   3.5992000e-02
   4.2922000e-02
   5.3364800e-02
   6.6753600e-02
   8.0710400e-02
   9.2643500e-02
   1.0070100e-01
   1.0401700e-01
   1.0336100e-01
   1.0094800e-01
   9.8704600e-02
   9.7296500e-02
   9.6509500e-02
   9.6658700e-02
   9.8934100e-02
   1.0379000e-01
   1.0963700e-01
   1.1357500e-01
   1.1424600e-01
   1.1309400e-01
   1.1198300e-01
   1.1131200e-01
   1.1033600e-01
   1.0845200e-01
   1.0594100e-01
   1.0293100e-01
   9.8753100e-02
   9.2771700e-02
   8.4978800e-02
   7.5946300e-02
   6.5630000e-02
   5.2354300e-02
   3.4820700e-02
   1.5184800e-02
  -1.6727500e-03
  -1.1735400e-02
  -1.4265800e-02
  -1.2344500e-02
  -1.0793700e-02
  -1.2983300e-02
  -1.8980500e-02
  -2.7408700e-02
  -3.7693700e-02
  -4.9582000e-02
  -6.2912800e-02
  -7.7903700e-02
  -9.4450300e-02
  -1.1044500e-01
  -1.2282600e-01
  -1.2960400e-01
  -1.2974000e-01
  -1.2399400e-01
  -1.1544400e-01
  -1.0728700e-01
  -1.0130100e-01
  -9.8538400e-02
  -9.9295100e-02
  -1.0232400e-01
  -1.0484800e-01
  -1.0405700e-01
  -9.9360200e-02
  -9.2179400e-02
  -8.4358500e-02
  -7.6555100e-02
  -6.7847400e-02
  -5.8146100e-02
  -4.9198100e-02
  -4.2279500e-02
  -3.7475900e-02
  -3.5443000e-02
  -3.6409700e-02
  -3.8527200e-02
  -3.9567500e-02
  -3.8891400e-02
  -3.7237300e-02
  -3.4911900e-02
  -3.1373900e-02
  -2.7135100e-02
  -2.2899400e-02
  -1.7646800e-02
  -1.1258300e-02
  -5.3884000e-03
  -7.9946000e-04
   2.2989800e-03
   3.1122300e-03
   2.1630700e-03
   2.2408900e-03
   4.8273200e-03
   8.3892900e-03
   1.1039600e-02
   1.2551800e-02
   1.3859300e-02
   1.5143800e-02
   1.5588200e-02
   1.5061300e-02
   1.4831400e-02
   1.5028900e-02
   1.2904400e-02
   6.2985000e-03
  -3.0820600e-03
  -1.1803600e-02
  -1.7268000e-02
  -1.9061600e-02
  -1.9237900e-02
  -1.9602600e-02
  -1.9976000e-02
  -1.8908600e-02
  -1.6273300e-02
  -1.3343300e-02
  -1.0431900e-02
  -8.0451300e-03
  -7.0376600e-03
  -7.0547500e-03
  -7.6307200e-03
  -8.7897300e-03
  -1.0351700e-02
  -1.1613800e-02
  -1.2320100e-02
  -1.3524800e-02
  -1.5087200e-02
  -1.3491700e-02
  -5.0406800e-03
   9.0260300e-03
   2.3629900e-02
   3.5405300e-02
   4.4499400e-02
   5.2060700e-02
   5.8673500e-02
   6.5110800e-02
   7.2048800e-02
   7.9444300e-02
   8.7560200e-02
   9.6749400e-02
   1.0639500e-01
   1.1619700e-01
   1.2649100e-01
   1.3744100e-01
   1.4888300e-01
   1.5969000e-01
   1.6815400e-01
   1.7337900e-01
   1.7587600e-01
   1.7631600e-01
   1.7507600e-01
   1.7318100e-01
   1.7174100e-01
   1.7074300e-01
   1.6954900e-01
   1.6751100e-01
   1.6306100e-01
   1.5464000e-01
   1.4285400e-01
   1.2953400e-01
   1.1556800e-01
   9.9770800e-02
   8.0733300e-02
   6.0750500e-02
   4.4642900e-02
   3.3947800e-02
   2.6393200e-02
   2.0304000e-02
   1.6032600e-02
   1.3899400e-02
   1.2134700e-02
   9.2777700e-03
   6.1932900e-03
   4.0787000e-03
   2.5280000e-03
  -5.1915600e-05
  -4.0258700e-03
  -8.3757700e-03
  -1.2290100e-02
  -1.6928100e-02
  -2.4237600e-02
  -3.3507700e-02
  -4.2164800e-02
  -4.8833600e-02
  -5.4252800e-02
  -5.9440500e-02
  -6.4514300e-02
  -6.8802300e-02
  -7.1259300e-02
  -7.1889900e-02
  -7.2256700e-02
  -7.4208700e-02
  -7.7032100e-02
  -7.8340200e-02
  -7.8266700e-02
  -7.8407200e-02
  -7.9502900e-02
  -8.2215600e-02
  -8.6737600e-02
  -9.1680200e-02
  -9.5451000e-02
  -9.9279700e-02
  -1.0636800e-01
  -1.1743700e-01
  -1.2985800e-01
  -1.3987200e-01
  -1.4558900e-01
  -1.4918500e-01
  -1.5482100e-01
  -1.6342200e-01
  -1.7102300e-01
  -1.7301400e-01
  -1.6912600e-01
  -1.6330300e-01
  -1.5845500e-01
  -1.5466800e-01
  -1.5121000e-01
  -1.4743500e-01
  -1.4206800e-01
  -1.3332700e-01
  -1.2140700e-01
  -1.0814200e-01
  -9.5334300e-02
  -8.4166100e-02
  -7.4904500e-02
  -6.6867000e-02
  -5.8175900e-02
  -4.7980100e-02
  -3.8007900e-02
  -3.1058300e-02
  -2.8865900e-02
  -3.0310300e-02
  -3.3496000e-02
  -3.8114000e-02
  -4.4369300e-02
  -5.1547200e-02
  -5.7902600e-02
  -6.2968200e-02
  -6.8312100e-02
  -7.4959600e-02
  -8.1640100e-02
  -8.6285800e-02
  -8.7797300e-02
  -8.6638400e-02
  -8.4655100e-02
  -8.2881800e-02
  -8.0295200e-02
  -7.4434200e-02
  -6.4006300e-02
  -5.0818300e-02
  -3.7771100e-02
  -2.6358100e-02
  -1.6166200e-02
  -6.3216800e-03
   3.1815100e-03
   1.1660000e-02
   1.8884800e-02
   2.5969500e-02
   3.3491300e-02
   3.9589000e-02
   4.2832200e-02
   4.4088700e-02
   4.4642400e-02
   4.5058800e-02
   4.5426900e-02
   4.5816500e-02
   4.6107800e-02
   4.6092800e-02
   4.5627300e-02
   4.5162500e-02
   4.6066300e-02
   4.8403500e-02
   5.0887400e-02
   5.2928400e-02
   5.4637500e-02
   5.6685400e-02
   5.9910900e-02
   6.4521700e-02
   6.9917700e-02
   7.5397600e-02
   8.0161500e-02
   8.3385500e-02
   8.5461300e-02
   8.7515000e-02
   8.9544900e-02
   9.0212400e-02
   8.9081600e-02
   8.6999300e-02
   8.4625200e-02
   8.1991600e-02
   7.9110500e-02
   7.6982400e-02
   7.5926300e-02
   7.4610900e-02
   7.2623500e-02
   7.0436000e-02
   6.7704300e-02
   6.4154500e-02
   6.0583900e-02
   5.7880400e-02
   5.6226800e-02
   5.5276100e-02
   5.4793000e-02
   5.4969200e-02
   5.5727300e-02
   5.7054000e-02
   5.9110900e-02
   6.1687300e-02
   6.4087300e-02
   6.5628400e-02
   6.6188600e-02
   6.5909000e-02
   6.5038600e-02
   6.3948900e-02
   6.2923700e-02
   6.2122000e-02
   6.1929200e-02
   6.2667300e-02
   6.3666600e-02
   6.3574200e-02
   6.2253200e-02
   6.0717100e-02
   5.8993000e-02
   5.6363100e-02
   5.3115500e-02
   4.9721600e-02
   4.5680600e-02
   4.0371600e-02
   3.4525900e-02
   3.0151800e-02
   2.7882000e-02
   2.6673400e-02
   2.5220000e-02
   2.3013400e-02
   2.0834700e-02
   1.9110200e-02
   1.7388300e-02
   1.5238500e-02
   1.3045300e-02
   1.1456600e-02
   1.0225200e-02
   8.8601300e-03
   7.7760800e-03
   7.3358300e-03
   7.5574400e-03
   8.5410500e-03
   1.0356000e-02
   1.2856200e-02
   1.5330200e-02
   1.7911200e-02
   2.1543200e-02
   2.6910800e-02
   3.3707400e-02
   4.0238300e-02
   4.4936100e-02
   4.7756100e-02
   4.9816500e-02
   5.1283900e-02
   5.1515100e-02
   5.0966200e-02
   5.0368700e-02
   4.9473400e-02
   4.7820300e-02
   4.5744100e-02
   4.3764800e-02
   4.1942300e-02
   3.9873000e-02
   3.7537500e-02
   3.5647000e-02
   3.4164000e-02
   3.2265300e-02
   2.9585100e-02
   2.6612600e-02
   2.3450000e-02
   1.9291700e-02
   1.4053900e-02
   8.7788800e-03
   4.7024400e-03
   1.8510400e-03
  -6.2420800e-04
  -3.4072000e-03
  -6.5973700e-03
  -9.3906800e-03
  -1.1353100e-02
  -1.3241100e-02
  -1.6116300e-02
  -1.9448900e-02
  -2.2420300e-02
  -2.5388400e-02
  -2.8631400e-02
  -3.2667500e-02
  -3.7307000e-02
  -4.1142500e-02
  -4.4067800e-02
  -4.7516900e-02
  -5.1948900e-02
  -5.6019800e-02
  -5.8763800e-02
  -6.1143500e-02
  -6.4485300e-02
  -6.8663400e-02
  -7.2453200e-02
  -7.5552000e-02
  -7.8747600e-02
  -8.1789300e-02
  -8.3365600e-02
  -8.3645300e-02
  -8.3408400e-02
  -8.1936300e-02
  -7.8531900e-02
  -7.3892700e-02
  -6.9676000e-02
  -6.7293300e-02
  -6.6673400e-02
  -6.6599000e-02
  -6.6362900e-02
  -6.6005800e-02
  -6.5688900e-02
  -6.5846800e-02
  -6.6887600e-02
  -6.8464200e-02
  -6.9872600e-02
  -7.0745300e-02
  -7.1129300e-02
  -7.1795800e-02
  -7.3582400e-02
  -7.6384700e-02
  -7.9935100e-02
  -8.4231000e-02
  -8.8874800e-02
  -9.3491700e-02
  -9.8271900e-02
  -1.0445900e-01
  -1.1342300e-01
  -1.2419400e-01
  -1.3459700e-01
  -1.4296500e-01
  -1.4831200e-01
  -1.5039100e-01
  -1.4866400e-01
  -1.4301900e-01
  -1.3504600e-01
  -1.2650100e-01
  -1.1716100e-01
  -1.0588900e-01
  -9.2566000e-02
  -7.8525100e-02
  -6.6361500e-02
  -5.8732900e-02
  -5.6871000e-02
  -5.9090700e-02
  -6.1039000e-02
  -5.8900400e-02
  -5.2063200e-02
  -4.3151100e-02
  -3.5000400e-02
  -2.8633800e-02
  -2.4149000e-02
  -2.0841800e-02
  -1.7672300e-02
  -1.3969700e-02
  -9.5694500e-03
  -5.2115500e-03
  -1.9443200e-03
   1.2429700e-04
   1.9107400e-03
   3.7226600e-03
   5.3470900e-03
   6.8624900e-03
   7.9077500e-03
   8.5169700e-03
   8.8333600e-03
   8.8065600e-03
   8.6432000e-03
   8.3318900e-03
   8.4458600e-03
   9.6512600e-03
   1.1160900e-02
   1.1694900e-02
   1.1145200e-02
   9.9309500e-03
   8.0715200e-03
   6.0382900e-03
   5.0388300e-03
   5.2179900e-03
   5.3604200e-03
   4.7954400e-03
   4.6313500e-03
   5.8944300e-03
   7.7190900e-03
   9.0027000e-03
   9.5991500e-03
   1.0252000e-02
   1.1714900e-02
   1.4109100e-02
   1.6976000e-02
   1.9865800e-02
   2.2676300e-02
   2.5372200e-02
   2.7971000e-02
   2.9584500e-02
   2.9185000e-02
   2.6625500e-02
   2.2588900e-02
   1.8706500e-02
   1.5956900e-02
   1.3988100e-02
   1.2006600e-02
   1.0086600e-02
   8.6680000e-03
   7.4275200e-03
   6.1274000e-03
   4.4643500e-03
   2.1451600e-03
  -4.4229100e-04
  -2.5628100e-03
  -3.8056200e-03
  -4.2122800e-03
  -4.0446400e-03
  -3.7182000e-03
  -3.2746800e-03
  -2.0902700e-03
   4.1926800e-04
   4.3996900e-03
   9.7497900e-03
   1.5848400e-02
   2.1876700e-02
   2.7259000e-02
   3.1921200e-02
   3.5865700e-02
   3.8623700e-02
   4.0082300e-02
   4.0867400e-02
   4.1872600e-02
   4.3290700e-02
   4.4489300e-02
   4.5001000e-02
   4.4819100e-02
   4.4360400e-02
   4.4259800e-02
   4.4636300e-02
   4.5127400e-02
   4.5949700e-02
   4.7291700e-02
   4.8274200e-02
   4.7965000e-02
   4.6447500e-02
   4.4515800e-02
   4.2364800e-02
   3.9633800e-02
   3.5429100e-02
   2.9046300e-02
   2.1305100e-02
   1.3815300e-02
   8.2447000e-03
   5.2597000e-03
   4.3178600e-03
   4.1707300e-03
   3.6910600e-03
   2.9286400e-03
   2.1457000e-03
   1.0290100e-03
  -5.4038500e-04
  -2.1869500e-03
  -3.8140500e-03
  -5.5102500e-03
  -7.2580200e-03
  -9.0952000e-03
  -1.0273700e-02
  -1.0190600e-02
  -9.6391000e-03
  -8.9646600e-03
  -7.5892000e-03
  -5.2533400e-03
  -1.7985000e-03
   2.5755000e-03
   7.1984300e-03
   1.1527400e-02
   1.5034100e-02
   1.7405700e-02
   1.9642100e-02
   2.3163600e-02
   2.7629800e-02
   3.1394300e-02
   3.3653800e-02
   3.5754500e-02
   3.8791100e-02
   4.1596000e-02
   4.3144000e-02
   4.3834400e-02
   4.4401600e-02
   4.5242900e-02
   4.5583700e-02
   4.4205100e-02
   4.1810500e-02
   3.9487500e-02
   3.6752200e-02
   3.3148700e-02
   2.9321100e-02
   2.5719500e-02
   2.2130700e-02
   1.9465500e-02
   1.8891900e-02
   1.9662700e-02
   2.0861900e-02
   2.2421300e-02
   2.3945100e-02
   2.4771100e-02
   2.4909300e-02
   2.5695300e-02
   2.7851100e-02
   3.1058500e-02
   3.5013300e-02
   3.9484400e-02
   4.4420200e-02
   4.9004900e-02
   5.2520700e-02
   5.5228500e-02
   5.7656000e-02
   5.9829700e-02
   6.1046400e-02
   6.1333000e-02
   6.1690500e-02
   6.2073600e-02
   6.1747500e-02
   6.1069500e-02
   6.0670400e-02
   6.1194300e-02
   6.2834400e-02
   6.4486200e-02
   6.5734900e-02
   6.7247700e-02
   6.9195500e-02
   7.1592100e-02
   7.4489900e-02
   7.7109700e-02
   7.8888300e-02
   8.0411400e-02
   8.2239400e-02
   8.3703000e-02
   8.3790300e-02
   8.3021900e-02
   8.2298600e-02
   8.1886200e-02
   8.0926000e-02
   7.8153000e-02
   7.4646100e-02
   7.1147300e-02
   6.6193700e-02
   5.9583000e-02
   5.2926100e-02
   4.7678300e-02
   4.4675100e-02
   4.3760800e-02
   4.3364100e-02
   4.2312200e-02
   4.1168800e-02
   3.9903800e-02
   3.7946300e-02
   3.5754700e-02
   3.3161600e-02
   3.0046200e-02
   2.6967900e-02
   2.4160400e-02
   2.1953500e-02
   2.0197600e-02
   1.7681700e-02
   1.4712300e-02
   1.2913300e-02
   1.1963300e-02
   1.0590900e-02
   7.9727600e-03
   4.9932400e-03
   3.2123100e-03
   1.8335900e-03
  -5.0749700e-04
  -3.6576400e-03
  -6.7213400e-03
  -9.6687800e-03
  -1.3226500e-02
  -1.7665100e-02
  -2.2620500e-02
  -2.7434100e-02
  -3.1618800e-02
  -3.4822000e-02
  -3.6986600e-02
  -3.8801900e-02
  -4.0992900e-02
  -4.3457800e-02
  -4.6433100e-02
  -5.0094500e-02
  -5.3374100e-02
  -5.6136400e-02
  -5.8804800e-02
  -6.1132300e-02
  -6.3529100e-02
  -6.6380600e-02
  -6.9065600e-02
  -7.1543100e-02
  -7.4765900e-02
  -7.9569200e-02
  -8.6365200e-02
  -9.3714900e-02
  -9.9410400e-02
  -1.0335400e-01
  -1.0559300e-01
  -1.0562600e-01
  -1.0463100e-01
  -1.0403600e-01
  -1.0377100e-01
  -1.0330500e-01
  -1.0248900e-01
  -1.0157100e-01
  -1.0111000e-01
  -1.0094800e-01
  -9.9996900e-02
  -9.8007500e-02
  -9.6190400e-02
  -9.5932800e-02
  -9.7877800e-02
  -1.0150400e-01
  -1.0579600e-01
  -1.1032200e-01
  -1.1470400e-01
  -1.1805600e-01
  -1.1962000e-01
  -1.1975300e-01
  -1.2005500e-01
  -1.2152200e-01
  -1.2307200e-01
  -1.2289200e-01
  -1.1944300e-01
  -1.1219100e-01
  -1.0247700e-01
  -9.2362400e-02
  -8.3801800e-02
  -7.7767200e-02
  -7.3272300e-02
  -6.8371200e-02
  -6.1755900e-02
  -5.3782400e-02
  -4.5225200e-02
  -3.7135200e-02
  -3.1393000e-02
  -2.8175100e-02
  -2.6278800e-02
  -2.4867600e-02
  -2.2970700e-02
  -2.0691200e-02
  -1.9051300e-02
  -1.7674200e-02
  -1.5681800e-02
  -1.2698700e-02
  -9.1299400e-03
  -6.0408500e-03
  -3.4274800e-03
  -6.6021500e-04
   2.2556100e-03
   4.7882600e-03
   6.5850200e-03
   7.7235800e-03
   8.4757200e-03
   8.9026300e-03
   9.3069100e-03
   1.0143700e-02
   1.1083700e-02
   1.1770600e-02
   1.2105700e-02
   1.2678400e-02
   1.4012800e-02
   1.5612100e-02
   1.6817100e-02
   1.7160100e-02
   1.7532100e-02
   1.8692200e-02
   1.9709600e-02
   2.0211700e-02
   2.0844300e-02
   2.1632500e-02
   2.1856000e-02
   2.1497100e-02
   2.1239600e-02
   2.1391400e-02
   2.1914700e-02
   2.2393700e-02
   2.1999000e-02
   2.0691000e-02
   1.9152300e-02
   1.7674100e-02
   1.5686100e-02
   1.2163300e-02
   7.3953100e-03
   2.5854100e-03
  -1.0864300e-03
  -2.6399200e-03
  -2.6873000e-03
  -2.1834400e-03
  -6.6942800e-04
   2.2756300e-03
   5.4346300e-03
   7.0670100e-03
   6.8349200e-03
   5.6877700e-03
   4.7806900e-03
   4.6336500e-03
   5.2158300e-03
   6.2863400e-03
   7.2481800e-03
   7.4764000e-03
   7.0608400e-03
   6.5693500e-03
   6.1916600e-03
   5.9277600e-03
   6.1110300e-03
   7.3303100e-03
   9.7602600e-03
   1.3113300e-02
   1.6806200e-02
   1.9602700e-02
   2.0845700e-02
   2.0952900e-02
   2.0552200e-02
   2.0596300e-02
   2.1466700e-02
   2.2625300e-02
   2.4177900e-02
   2.6538100e-02
   2.9223000e-02
   3.1655500e-02
   3.3884800e-02
   3.6028300e-02
   3.7895200e-02
   3.9247800e-02
   3.9782100e-02
   3.9607100e-02
   3.9369700e-02
   3.9023900e-02
   3.8613900e-02
   3.8825600e-02
   3.9397000e-02
   3.9730800e-02
   3.9660500e-02
   3.9191800e-02
   3.8587000e-02
   3.7607700e-02
   3.5751300e-02
   3.2819500e-02
   2.8370800e-02
   2.2741800e-02
   1.7965900e-02
   1.5526700e-02
   1.4750200e-02
   1.4060000e-02
   1.2601900e-02
   1.0875200e-02
   9.9397900e-03
   1.0011100e-02
   1.0515200e-02
   1.1311400e-02
   1.2592600e-02
   1.4126900e-02
   1.5870800e-02
   1.7752000e-02
   1.8877100e-02
   1.9305800e-02
   2.0022700e-02
   2.0758900e-02
   2.0834400e-02
   2.0550900e-02
   2.0615600e-02
   2.1206300e-02
   2.1719400e-02
   2.1810400e-02
   2.1763300e-02
   2.1742500e-02
   2.1936500e-02
   2.2280400e-02
   2.2915900e-02
   2.3962400e-02
   2.4450000e-02
   2.3864700e-02
   2.2482500e-02
   2.0924700e-02
   1.9717800e-02
   1.8788200e-02
   1.7951500e-02
   1.6688000e-02
   1.4889000e-02
   1.2995000e-02
   1.1265700e-02
   9.8625500e-03
   8.1227000e-03
   5.1015500e-03
   1.5569900e-03
  -1.1999000e-03
  -3.2331400e-03
  -5.0199900e-03
  -6.9139600e-03
  -9.4258300e-03
  -1.2587800e-02
  -1.5663000e-02
  -1.8061900e-02
  -1.9886000e-02
  -2.1360400e-02
  -2.3105400e-02
  -2.5364400e-02
  -2.7208000e-02
  -2.8553500e-02
  -3.0398400e-02
  -3.2728100e-02
  -3.5008100e-02
  -3.7237600e-02
  -3.9527700e-02
  -4.1645500e-02
  -4.3270200e-02
  -4.4683300e-02
  -4.6041500e-02
  -4.7024200e-02
  -4.7042000e-02
  -4.5554200e-02
  -4.2650500e-02
  -3.9002700e-02
  -3.5215100e-02
  -3.1186000e-02
  -2.6966700e-02
  -2.2791100e-02
  -1.8225500e-02
  -1.3019500e-02
  -7.8699700e-03
  -3.6074700e-03
  -1.6925300e-04
   3.2664500e-03
   7.8295100e-03
   1.3455700e-02
   1.8522200e-02
   2.2448000e-02
   2.5633900e-02
   2.8016000e-02
   2.9536100e-02
   3.0145500e-02
   2.9998400e-02
   2.9711900e-02
   3.0028700e-02
   3.1133200e-02
   3.1990000e-02
   3.1557100e-02
   3.0481600e-02
   2.9952300e-02
   2.9931800e-02
   2.9610600e-02
   2.8708100e-02
   2.8053800e-02
   2.8306100e-02
   2.8786000e-02
   2.8911400e-02
   2.9196000e-02
   2.9874900e-02
   3.0769600e-02
   3.1726900e-02
   3.2129600e-02
   3.1760400e-02
   3.1450400e-02
   3.1764600e-02
   3.1938100e-02
   3.1488200e-02
   3.1164300e-02
   3.1250400e-02
   3.1510100e-02
   3.1794200e-02
   3.1828800e-02
   3.1680500e-02
   3.1436400e-02
   3.0837800e-02
   3.0009600e-02
   2.8991600e-02
   2.7107900e-02
   2.3730900e-02
   1.9320500e-02
   1.5758300e-02
   1.4151000e-02
   1.3516900e-02
   1.2726700e-02
   1.1835900e-02
   1.1403600e-02
   1.1350800e-02
   1.1015600e-02
   9.9479700e-03
   8.2479100e-03
   6.5691500e-03
   5.4431400e-03
   4.8970200e-03
   4.9072800e-03
   5.2619300e-03
   5.4363100e-03
   5.1464100e-03
   4.7413600e-03
   4.6555500e-03
   4.5510500e-03
   3.5828800e-03
   2.1364000e-03
   1.3158600e-03
   9.3969600e-04
   3.9471100e-04
  -2.3125900e-04
  -5.7500500e-04
  -6.4746400e-04
  -3.5619400e-04
   4.1750300e-04
   1.1858100e-03
   1.5676100e-03
   1.5340500e-03
   1.0072400e-03
  -1.3862000e-04
  -1.5854500e-03
  -3.1235200e-03
  -5.3275400e-03
  -8.3659400e-03
  -1.1565700e-02
  -1.4536600e-02
  -1.7375300e-02
  -2.0185600e-02
  -2.2958500e-02
  -2.5873200e-02
  -2.9028500e-02
  -3.1721800e-02
  -3.3667700e-02
  -3.6153700e-02
  -3.9742300e-02
  -4.2668200e-02
  -4.3908500e-02
  -4.4951200e-02
  -4.6913700e-02
  -4.9034200e-02
  -5.0070900e-02
  -5.0012700e-02
  -4.9950200e-02
  -5.0169600e-02
  -4.9903200e-02
  -4.8497700e-02
  -4.6423700e-02
  -4.4669100e-02
  -4.3306300e-02
  -4.1679800e-02
  -3.9548200e-02
  -3.7234900e-02
  -3.4960600e-02
  -3.3024200e-02
  -3.1856100e-02
  -3.1903200e-02
  -3.3039800e-02
  -3.4237200e-02
  -3.4810100e-02
  -3.4744200e-02
  -3.4716700e-02
  -3.5485300e-02
  -3.6233700e-02
  -3.5969800e-02
  -3.5427400e-02
  -3.5753100e-02
  -3.6656000e-02
  -3.7016400e-02
  -3.6694600e-02
  -3.6195100e-02
  -3.5869600e-02
  -3.6089600e-02
  -3.6755600e-02
  -3.7056900e-02
  -3.6603400e-02
  -3.5749100e-02
  -3.4662800e-02
  -3.3001700e-02
  -3.0445600e-02
  -2.7654500e-02
  -2.5248200e-02
  -2.2942600e-02
  -2.1093000e-02
  -2.0380900e-02
  -2.0169900e-02
  -1.9749800e-02
  -1.9496000e-02
  -1.9529600e-02
  -1.9585000e-02
  -1.9653800e-02
  -2.0017800e-02
  -2.0613800e-02
  -2.0771300e-02
  -2.0441300e-02
  -2.0256900e-02
  -2.0079300e-02
  -1.9473000e-02
  -1.8879200e-02
  -1.8575600e-02
  -1.7956600e-02
  -1.6480600e-02
  -1.4461100e-02
  -1.2280800e-02
  -9.4415000e-03
  -5.1870600e-03
   6.1017900e-04
   7.0837500e-03
   1.3075000e-02
   1.8187900e-02
   2.2560000e-02
   2.6385900e-02
   2.9684000e-02
   3.2596900e-02
   3.5060900e-02
   3.6472900e-02
   3.7024000e-02
   3.7525700e-02
   3.7883100e-02
   3.7600900e-02
   3.6465600e-02
   3.4622200e-02
   3.2554200e-02
   2.9962900e-02
   2.6328000e-02
   2.2713600e-02
   2.1052000e-02
   2.1726300e-02
   2.3621800e-02
   2.5449000e-02
   2.6233800e-02
   2.5977600e-02
   2.5749200e-02
   2.6532500e-02
   2.7595600e-02
   2.7120200e-02
   2.5099600e-02
   2.3665200e-02
   2.3789700e-02
   2.4295400e-02
   2.3782500e-02
   2.1799000e-02
   1.9262500e-02
   1.7428800e-02
   1.6369500e-02
   1.5556400e-02
   1.4959000e-02
   1.4252100e-02
   1.3015800e-02
   1.1837400e-02
   1.1072400e-02
   1.0033000e-02
   8.2583200e-03
   6.5785200e-03
   6.0256400e-03
   5.8623300e-03
   5.0675800e-03
   4.4796600e-03
   4.9873400e-03
   6.0681200e-03
   7.0384100e-03
   8.0084600e-03
   9.1842300e-03
   1.0472000e-02
   1.1419200e-02
   1.1702200e-02
   1.2073100e-02
   1.3506400e-02
   1.5982400e-02
   1.8542200e-02
   2.0497600e-02
   2.1879300e-02
   2.3199500e-02
   2.4965500e-02
   2.7015700e-02
   2.8900500e-02
   3.0283000e-02
   3.0995800e-02
   3.1488000e-02
   3.2350400e-02
   3.3214900e-02
   3.3753300e-02
   3.4367800e-02
   3.4961900e-02
   3.5100400e-02
   3.5142500e-02
   3.5431000e-02
   3.5229000e-02
   3.3928900e-02
   3.2417900e-02
   3.1844300e-02
   3.1664000e-02
   3.0574400e-02
   2.8832100e-02
   2.7386000e-02
   2.6219300e-02
   2.5278900e-02
   2.4594000e-02
   2.3542200e-02
   2.1552500e-02
   1.9302800e-02
   1.7513800e-02
   1.5498000e-02
   1.2818900e-02
   9.9737800e-03
   7.4226700e-03
   5.2962600e-03
   3.6145600e-03
   2.0770400e-03
   1.3376100e-04
  -1.8453100e-03
  -3.5593900e-03
  -5.5346700e-03
  -7.3648300e-03
  -8.3652400e-03
  -8.9701100e-03
  -9.8395500e-03
  -1.1167600e-02
  -1.2462600e-02
  -1.2881100e-02
  -1.2485400e-02
  -1.2138900e-02
  -1.2221900e-02
  -1.2449200e-02
  -1.1975700e-02
  -1.0070300e-02
  -7.4118000e-03
  -4.8375200e-03
  -2.3491500e-03
  -3.3863700e-04
   7.7165900e-04
   1.1078100e-03
   1.0687200e-03
   1.0862100e-03
   8.0955100e-04
  -2.9679800e-04
  -1.9369100e-03
  -3.4137500e-03
  -4.0693600e-03
  -3.8822500e-03
  -3.5668100e-03
  -3.5778700e-03
  -3.7976500e-03
  -3.8992800e-03
  -3.7508100e-03
  -3.5368900e-03
  -3.4099900e-03
  -3.3955600e-03
  -3.4273900e-03
  -3.3942000e-03
  -3.3108800e-03
  -3.3304400e-03
  -3.9499200e-03
  -5.2480500e-03
  -6.1617500e-03
  -5.9639900e-03
  -5.3449200e-03
  -5.7138000e-03
  -7.3431300e-03
  -9.1090700e-03
  -1.0266000e-02
  -1.0918200e-02
  -1.1627800e-02
  -1.2474100e-02
  -1.2974500e-02
  -1.3546700e-02
  -1.4627700e-02
  -1.5456600e-02
  -1.6127000e-02
  -1.7761300e-02
  -2.0181300e-02
  -2.2390600e-02
  -2.4239300e-02
  -2.5991400e-02
  -2.7500100e-02
  -2.8617100e-02
  -2.9174100e-02
  -2.8971100e-02
  -2.8216400e-02
  -2.7170100e-02
  -2.5792000e-02
  -2.3846700e-02
  -2.1203100e-02
  -1.8017200e-02
  -1.4819800e-02
  -1.1915500e-02
  -8.8351400e-03
  -5.3658700e-03
  -2.1414200e-03
   7.0674400e-04
   4.1086900e-03
   8.1846400e-03
   1.1950600e-02
   1.4542400e-02
   1.5788200e-02
   1.6794700e-02
   1.8296400e-02
   1.9498400e-02
   1.9787900e-02
   1.9380600e-02
   1.8530100e-02
   1.7549800e-02
   1.6718500e-02
   1.5668200e-02
   1.4144200e-02
   1.2517500e-02
   1.1051400e-02
   9.3201200e-03
   7.2070300e-03
   5.8218700e-03
   5.6112400e-03
   5.2410500e-03
   3.9872800e-03
   2.8053200e-03
   2.1003900e-03
   1.1704500e-03
  -2.6982600e-04
  -1.7759600e-03
  -3.0537500e-03
  -4.1457200e-03
  -5.0688900e-03
  -5.9929900e-03
  -7.2106500e-03
  -8.5856000e-03
  -9.6474800e-03
  -1.0452500e-02
  -1.1502700e-02
  -1.2950400e-02
  -1.4486700e-02
  -1.5801100e-02
  -1.6941000e-02
  -1.8067700e-02
  -1.9166900e-02
  -2.0039800e-02
  -2.0723700e-02
  -2.1287800e-02
  -2.1355800e-02
  -2.1136200e-02
  -2.1538900e-02
  -2.2368600e-02
  -2.2503000e-02
  -2.2312300e-02
  -2.2941400e-02
  -2.3825700e-02
  -2.3442600e-02
  -2.1556100e-02
  -1.9327900e-02
  -1.7197800e-02
  -1.4335600e-02
  -1.0179100e-02
  -5.4035100e-03
  -1.1521100e-03
   2.3092200e-03
   5.2418600e-03
   7.8086000e-03
   1.0301700e-02
   1.3042500e-02
   1.6249200e-02
   1.9822300e-02
   2.3113400e-02
   2.5734500e-02
   2.8096800e-02
   3.0443100e-02
   3.2331200e-02
   3.3711300e-02
   3.4953000e-02
   3.5756800e-02
   3.5629200e-02
   3.4520800e-02
   3.2351400e-02
   2.9498300e-02
   2.6874700e-02
   2.4304300e-02
   2.1115100e-02
   1.7965300e-02
   1.5962000e-02
   1.5208300e-02
   1.5003200e-02
   1.4734000e-02
   1.4206100e-02
   1.3288000e-02
   1.1883600e-02
   1.0194300e-02
   8.7114600e-03
   7.6762600e-03
   6.6749000e-03
   5.3093700e-03
   3.6088800e-03
   1.7202300e-03
  -1.5409900e-04
  -1.9276800e-03
  -3.3413800e-03
  -4.1191800e-03
  -4.5972000e-03
  -5.2359700e-03
  -6.0778500e-03
  -6.8623200e-03
  -7.3158700e-03
  -7.4474600e-03
  -7.7290900e-03
  -8.4321500e-03
  -9.3874600e-03
  -1.0331000e-02
  -1.0806000e-02
  -1.0641800e-02
  -1.0267000e-02
  -1.0130200e-02
  -9.8267500e-03
  -8.6734700e-03
  -7.2853100e-03
  -6.4222700e-03
  -5.5619200e-03
  -4.1692000e-03
  -2.5796100e-03
  -1.3679300e-03
  -5.0315300e-04
   8.2731300e-04
   2.7922000e-03
   4.5960300e-03
   6.0387900e-03
   7.4177700e-03
   8.9708100e-03
   1.0542100e-02
   1.1632900e-02
   1.2368600e-02
   1.3076600e-02
   1.3508700e-02
   1.3375200e-02
   1.2584100e-02
   1.1324200e-02
   1.0300800e-02
   1.0036800e-02
   1.0406800e-02
   1.1222900e-02
   1.2388200e-02
   1.3589800e-02
   1.4496400e-02
   1.4754600e-02
   1.4410100e-02
   1.4018700e-02
   1.3431500e-02
   1.1539500e-02
   7.6288600e-03
   2.7139100e-03
  -1.1322200e-03
  -3.3529500e-03
  -5.7309800e-03
  -9.7250100e-03
  -1.4245400e-02
  -1.7241300e-02
  -1.8051600e-02
  -1.7714600e-02
  -1.7974400e-02
  -1.9182900e-02
  -2.0127000e-02
  -2.0173700e-02
  -1.9955600e-02
  -2.0400200e-02
  -2.1223100e-02
  -2.0942700e-02
  -1.9163400e-02
  -1.7492900e-02
  -1.7290700e-02
  -1.8136500e-02
  -1.9132200e-02
  -1.9851200e-02
  -2.0227500e-02
  -2.0439700e-02
  -2.0522000e-02
  -2.0348400e-02
  -1.9783500e-02
  -1.8544100e-02
  -1.6487500e-02
  -1.4124600e-02
  -1.2482400e-02
  -1.2041900e-02
  -1.1932600e-02
  -1.1138500e-02
  -9.8755400e-03
  -9.0148800e-03
  -9.0001800e-03
  -9.4279800e-03
  -9.6075300e-03
  -9.3445800e-03
  -8.9460800e-03
  -8.7389300e-03
  -8.7439000e-03
  -8.8040200e-03
  -8.7523900e-03
  -8.5852000e-03
  -8.3961800e-03
  -8.3403000e-03
  -8.7150900e-03
  -9.4045600e-03
  -1.0105400e-02
  -1.1031700e-02
  -1.2494000e-02
  -1.4260000e-02
  -1.5394900e-02
  -1.5267400e-02
  -1.4579000e-02
  -1.4284500e-02
  -1.4401600e-02
  -1.4481400e-02
  -1.4289400e-02
  -1.3963600e-02
  -1.3970600e-02
  -1.4717300e-02
  -1.5818100e-02
  -1.6301900e-02
  -1.5903000e-02
  -1.5308400e-02
  -1.4668000e-02
  -1.3479500e-02
  -1.1798400e-02
  -9.6009700e-03
  -6.3303100e-03
  -1.9022400e-03
   2.7474400e-03
   6.7340100e-03
   1.0204100e-02
   1.3402800e-02
   1.6388700e-02
   1.9304200e-02
   2.2392900e-02
   2.6211200e-02
   3.0615200e-02
   3.4186400e-02
   3.5772600e-02
   3.6169100e-02
   3.7294300e-02
   3.9821800e-02
   4.2398000e-02
   4.3252800e-02
   4.2391200e-02
   4.1207800e-02
   4.0194700e-02
   3.8568300e-02
   3.6128600e-02
   3.3406100e-02
   3.0059600e-02
   2.5216700e-02
   1.8927400e-02
   1.2567600e-02
   7.6999900e-03
   5.0024500e-03
   4.3812700e-03
   4.9645200e-03
   5.7522400e-03
   6.2958100e-03
   6.6059500e-03
   6.9804000e-03
   7.5713000e-03
   8.6153900e-03
   1.0355500e-02
   1.2277500e-02
   1.3798000e-02
   1.5027000e-02
   1.6196100e-02
   1.7558600e-02
   1.9186500e-02
   2.0638100e-02
   2.1691300e-02
   2.2681600e-02
   2.4117900e-02
   2.5787100e-02
   2.6648300e-02
   2.6705300e-02
   2.7558400e-02
   2.9603100e-02
   3.0951300e-02
   3.0926400e-02
   3.1069400e-02
   3.1798000e-02
   3.2076400e-02
   3.1661600e-02
   3.1091600e-02
   3.0768200e-02
   3.0663100e-02
   3.0439100e-02
   3.0039300e-02
   2.9668700e-02
   2.9322700e-02
   2.8714200e-02
   2.7489100e-02
   2.6052600e-02
   2.5234500e-02
   2.4641200e-02
   2.3407200e-02
   2.2109900e-02
   2.1658400e-02
   2.1830400e-02
   2.2176000e-02
   2.2710200e-02
   2.3448800e-02
   2.4303400e-02
   2.5191700e-02
   2.5601800e-02
   2.5197100e-02
   2.4628400e-02
   2.4813400e-02
   2.5819700e-02
   2.6642400e-02
   2.6480900e-02
   2.5653900e-02
   2.4970800e-02
   2.4869000e-02
   2.4717700e-02
   2.3626300e-02
   2.1771800e-02
   2.0065200e-02
   1.8634500e-02
   1.6794200e-02
   1.4704800e-02
   1.2887200e-02
   1.1145600e-02
   9.5368100e-03
   8.3697300e-03
   7.0929400e-03
   5.2325400e-03
   3.3831200e-03
   2.2215200e-03
   1.2601300e-03
  -4.2305100e-04
  -2.3671300e-03
  -3.5919400e-03
  -4.4836700e-03
  -5.5486500e-03
  -6.3506300e-03
  -6.9850200e-03
  -8.2492700e-03
  -1.0226300e-02
  -1.1997900e-02
  -1.3095000e-02
  -1.3677600e-02
  -1.3739500e-02
  -1.3710600e-02
  -1.4324700e-02
  -1.5543600e-02
  -1.6370900e-02
  -1.6128700e-02
  -1.5382600e-02
  -1.5043100e-02
  -1.5201200e-02
  -1.5795600e-02
  -1.7176900e-02
  -1.8942100e-02
  -2.0268300e-02
  -2.1338200e-02
  -2.2811200e-02
  -2.4512600e-02
  -2.6056000e-02
  -2.7564100e-02
  -2.8994000e-02
  -3.0319500e-02
  -3.1605000e-02
  -3.3153300e-02
  -3.5376000e-02
  -3.7556800e-02
  -3.9205600e-02
  -4.1160400e-02
  -4.3542000e-02
  -4.5343800e-02
  -4.5911200e-02
  -4.5698200e-02
  -4.5744200e-02
  -4.6304700e-02
  -4.6558800e-02
  -4.5853600e-02
  -4.4799900e-02
  -4.4540400e-02
  -4.5147600e-02
  -4.5850400e-02
  -4.6409000e-02
  -4.7091300e-02
  -4.7946400e-02
  -4.8595500e-02
  -4.8412600e-02
  -4.7232400e-02
  -4.5555100e-02
  -4.4033400e-02
  -4.2776100e-02
  -4.1385600e-02
  -3.9787700e-02
  -3.7916800e-02
  -3.5940800e-02
  -3.4474700e-02
  -3.3348400e-02
  -3.2298900e-02
  -3.1568500e-02
  -3.0800900e-02
  -2.9507200e-02
  -2.8097200e-02
  -2.7334900e-02
  -2.7276200e-02
  -2.7513900e-02
  -2.8109000e-02
  -2.8900200e-02
  -2.9280200e-02
  -2.9598800e-02
  -3.0302800e-02
  -3.0739300e-02
  -3.0999300e-02
  -3.2132600e-02
  -3.3981200e-02
  -3.5547100e-02
  -3.6793700e-02
  -3.8412900e-02
  -4.0237000e-02
  -4.1413700e-02
  -4.2167900e-02
  -4.3315100e-02
  -4.4564600e-02
  -4.5124900e-02
  -4.4879000e-02
  -4.4279300e-02
  -4.3639300e-02
  -4.2634100e-02
  -4.0816500e-02
  -3.8170600e-02
  -3.4866600e-02
  -3.0822900e-02
  -2.6183100e-02
  -2.1726300e-02
  -1.7741700e-02
  -1.3960700e-02
  -1.0872500e-02
  -8.8916600e-03
  -7.4903800e-03
  -6.5426000e-03
  -6.2382800e-03
  -6.2381200e-03
  -5.9320700e-03
  -4.8440900e-03
  -3.4388100e-03
  -2.7541200e-03
  -2.7376100e-03
  -2.2370600e-03
  -9.5313800e-04
   5.7497000e-06
   1.5792200e-05
  -1.6579100e-04
   5.3665800e-04
   1.9808900e-03
   2.8189700e-03
   2.8091800e-03
   3.1751400e-03
   4.3639400e-03
   5.5497500e-03
   6.1351100e-03
   6.2641600e-03
   6.4366100e-03
   7.0758800e-03
   8.0454400e-03
   9.1554500e-03
   1.0690300e-02
   1.2682600e-02
   1.4391700e-02
   1.5201000e-02
   1.5210700e-02
   1.5049100e-02
   1.5136400e-02
   1.5397500e-02
   1.5600700e-02
   1.5612400e-02
   1.5526000e-02
   1.5474800e-02
   1.5774600e-02
   1.6705300e-02
   1.7780900e-02
   1.8126900e-02
   1.7701500e-02
   1.7254300e-02
   1.7309100e-02
   1.7959100e-02
   1.9053600e-02
   1.9909900e-02
   1.9992700e-02
   2.0039200e-02
   2.1182200e-02
   2.3060700e-02
   2.4329600e-02
   2.4942200e-02
   2.5742900e-02
   2.7032900e-02
   2.8377600e-02
   2.9148900e-02
   2.9523100e-02
   3.0127100e-02
   3.0880200e-02
   3.1298600e-02
   3.1911400e-02
   3.3284200e-02
   3.4492600e-02
   3.4824700e-02
   3.4836600e-02
   3.5224000e-02
   3.6165100e-02
   3.6996100e-02
   3.6800900e-02
   3.5509300e-02
   3.3879300e-02
   3.2887600e-02
   3.2865000e-02
   3.3106500e-02
   3.2905500e-02
   3.2352900e-02
   3.1950400e-02
   3.2287500e-02
   3.3449600e-02
   3.4807600e-02
   3.5967300e-02
   3.7221400e-02
   3.8862000e-02
   4.0552100e-02
   4.1789800e-02
   4.3042400e-02
   4.4607300e-02
   4.5949600e-02
   4.7564800e-02
   4.9615900e-02
   5.1142800e-02
   5.2457100e-02
   5.4126400e-02
   5.5384400e-02
   5.5746500e-02
   5.5674900e-02
   5.5653400e-02
   5.5854500e-02
   5.6124700e-02
