  -2.7594900e-02
  -1.8778100e-02
  -6.0746000e-03
   8.9195900e-03
   2.3535700e-02
   3.5285100e-02
   4.2395300e-02
   4.4504800e-02
   4.3455800e-02
   4.1487800e-02
   3.9723400e-02
   3.8437700e-02
   3.7211500e-02
   3.5303500e-02
   3.2141200e-02
   2.7380300e-02
   2.0901400e-02
   1.2918300e-02
   4.0765600e-03
  -4.4802000e-03
  -1.1172500e-02
  -1.4620800e-02
  -1.4335600e-02
  -1.0884200e-02
  -5.7015000e-03
  -4.6713300e-04
   3.1252600e-03
   4.5133000e-03
   4.3058100e-03
   3.2663100e-03
   2.0890500e-03
   1.3954500e-03
   1.5862200e-03
   2.2159700e-03
   2.3697500e-03
   1.5252300e-03
  -3.8811900e-04
  -2.9773400e-03
  -6.0896400e-03
  -9.5101100e-03
  -1.2452800e-02
  -1.3457000e-02
  -1.1093900e-02
  -4.9785600e-03
   3.9716500e-03
   1.4109300e-02
   2.3763100e-02
   3.1755900e-02
   3.7335000e-02
   4.0228700e-02
   4.0978800e-02
   4.1095200e-02
   4.2235900e-02
   4.5074200e-02
   4.8521800e-02
   5.0269600e-02
   4.8800700e-02
   4.4420900e-02
   3.8266300e-02
   3.1134700e-02
   2.3118000e-02
   1.4335600e-02
   5.5195000e-03
  -2.4572800e-03
  -9.3635700e-03
  -1.5379300e-02
  -2.0664700e-02
  -2.5152900e-02
  -2.8524300e-02
  -3.0480200e-02
  -3.0898600e-02
  -2.9712200e-02
  -2.7146000e-02
  -2.4113900e-02
  -2.1685200e-02
  -2.0371200e-02
  -2.0271500e-02
  -2.1479900e-02
  -2.3785500e-02
  -2.6584600e-02
  -2.9366300e-02
  -3.2011700e-02
  -3.4478300e-02
  -3.6513400e-02
  -3.8165800e-02
  -3.9487900e-02
  -4.0314300e-02
  -4.0152900e-02
  -3.8225700e-02
  -3.3626100e-02
  -2.5587200e-02
  -1.4060000e-02
  -1.5325400e-04
   1.4260800e-02
   2.7079900e-02
   3.6457600e-02
   4.1176700e-02
   4.1596500e-02
   3.9829200e-02
   3.8296600e-02
   3.8058100e-02
   3.8568400e-02
   3.8701400e-02
   3.7307100e-02
   3.3253600e-02
   2.5733100e-02
   1.4661500e-02
   1.1977200e-03
  -1.2452400e-02
  -2.4542700e-02
  -3.4638500e-02
  -4.2836000e-02
  -4.9264000e-02
  -5.4609800e-02
  -5.9418500e-02
  -6.3453300e-02
  -6.6387900e-02
  -6.8544200e-02
  -7.0482700e-02
  -7.2166900e-02
  -7.2894400e-02
  -7.1628700e-02
  -6.7682600e-02
  -6.1326900e-02
  -5.3825300e-02
  -4.6827100e-02
  -4.1858200e-02
  -3.9734600e-02
  -4.0185300e-02
  -4.2024300e-02
  -4.3455000e-02
  -4.2924200e-02
  -3.9800900e-02
  -3.4359600e-02
  -2.7467300e-02
  -2.0174500e-02
  -1.3374000e-02
  -7.2682700e-03
  -1.5462000e-03
   3.8176600e-03
   8.5126100e-03
   1.2501000e-02
   1.6462100e-02
   2.1287900e-02
   2.7399500e-02
   3.4549200e-02
   4.1700200e-02
   4.7599800e-02
   5.1461300e-02
   5.3156600e-02
   5.3262300e-02
   5.2726800e-02
   5.2238100e-02
   5.1993800e-02
   5.1849400e-02
   5.1563900e-02
   5.0669700e-02
   4.8565400e-02
   4.4907600e-02
   4.0328500e-02
   3.6194600e-02
   3.3505200e-02
   3.2578200e-02
   3.3071200e-02
   3.3624400e-02
   3.2240900e-02
   2.7402400e-02
   1.8868400e-02
   7.7222400e-03
  -4.0828600e-03
  -1.4307100e-02
  -2.0614500e-02
  -2.1067200e-02
  -1.5324500e-02
  -4.8867300e-03
   7.8010900e-03
   2.0198400e-02
   3.0544000e-02
   3.8052100e-02
   4.3189800e-02
   4.7574700e-02
   5.2672800e-02
   5.9121300e-02
   6.6661700e-02
   7.4186800e-02
   8.0263800e-02
   8.3055100e-02
   8.0295400e-02
   7.0593100e-02
   5.4680100e-02
   3.5512000e-02
   1.7014300e-02
   2.0742200e-03
  -8.2550600e-03
  -1.3952000e-02
  -1.5313800e-02
  -1.3356300e-02
  -9.9404300e-03
  -7.0755100e-03
  -6.1613200e-03
  -7.8466300e-03
  -1.1926800e-02
  -1.7249300e-02
  -2.2353500e-02
  -2.5658800e-02
  -2.5657600e-02
  -2.2295700e-02
  -1.6773100e-02
  -1.0155800e-02
  -3.4371800e-03
   2.3304000e-03
   6.4644900e-03
   8.7947700e-03
   9.4704100e-03
   8.7614700e-03
   7.3071200e-03
   5.9733200e-03
   5.3422200e-03
   5.5748400e-03
   6.8584900e-03
   9.4447900e-03
   1.2988100e-02
   1.6196100e-02
   1.7545700e-02
   1.5826200e-02
   1.0660600e-02
   2.6716300e-03
  -6.7336300e-03
  -1.5611100e-02
  -2.2765300e-02
  -2.8584800e-02
  -3.3642800e-02
  -3.7401800e-02
  -3.8755400e-02
  -3.7179100e-02
  -3.3070500e-02
  -2.7802600e-02
  -2.2981300e-02
  -2.0030900e-02
  -2.0201600e-02
  -2.4105800e-02
  -3.1190200e-02
  -3.9631200e-02
  -4.7228600e-02
  -5.2048400e-02
  -5.2879100e-02
  -5.0022400e-02
  -4.5105100e-02
  -4.0216900e-02
  -3.7236800e-02
  -3.7010100e-02
  -3.9247900e-02
  -4.3348900e-02
  -4.8590900e-02
  -5.3806100e-02
  -5.7511100e-02
  -5.8632400e-02
  -5.6980600e-02
  -5.2845500e-02
  -4.7034300e-02
  -4.0542000e-02
  -3.3859500e-02
  -2.6746700e-02
  -1.8901300e-02
  -1.0282600e-02
  -1.1012900e-03
   8.3209500e-03
   1.7924000e-02
   2.7866400e-02
   3.7935900e-02
   4.7519500e-02
   5.6240300e-02
   6.3593400e-02
   6.8753700e-02
   7.1128700e-02
   7.0655700e-02
   6.7821700e-02
   6.3676300e-02
   5.9573100e-02
   5.6530800e-02
   5.4919500e-02
   5.4628700e-02
   5.5342700e-02
   5.6475600e-02
   5.7369300e-02
   5.7044000e-02
   5.4386300e-02
   4.8983700e-02
   4.1660300e-02
   3.3970700e-02
   2.7201600e-02
   2.2295800e-02
   1.9946600e-02
   2.0614200e-02
   2.4354900e-02
   3.0821600e-02
   3.9545000e-02
   4.9843600e-02
   6.0761500e-02
   7.1024600e-02
   7.9108100e-02
   8.3535500e-02
   8.3317500e-02
   7.8208500e-02
   6.9092000e-02
   5.7617900e-02
   4.5162200e-02
   3.3095200e-02
   2.2737800e-02
   1.4465600e-02
   7.9650400e-03
   2.7057700e-03
  -2.2225700e-03
  -8.1932300e-03
  -1.6180600e-02
  -2.5952900e-02
  -3.6339000e-02
  -4.5972100e-02
  -5.3369900e-02
  -5.7363200e-02
  -5.7822700e-02
  -5.5532500e-02
  -5.1720300e-02
  -4.7736900e-02
  -4.4743300e-02
  -4.3693500e-02
  -4.5328800e-02
  -4.9459900e-02
  -5.4869300e-02
  -6.0154700e-02
  -6.4070100e-02
  -6.5556500e-02
  -6.3942500e-02
  -5.9512900e-02
  -5.3353900e-02
  -4.6837600e-02
  -4.1237500e-02
  -3.7867500e-02
  -3.7737300e-02
  -4.0916000e-02
  -4.6449100e-02
  -5.2951000e-02
  -5.8989900e-02
  -6.3050800e-02
  -6.3759700e-02
  -6.0111900e-02
  -5.1833100e-02
  -3.9400000e-02
  -2.3723300e-02
  -5.9883900e-03
   1.2417800e-02
   3.0032400e-02
   4.5036200e-02
   5.4964800e-02
   5.7798900e-02
   5.3581600e-02
   4.4290500e-02
   3.2321700e-02
   1.9499600e-02
   7.1175400e-03
  -3.8343100e-03
  -1.3266000e-02
  -2.2117800e-02
  -3.1233200e-02
  -4.0847500e-02
  -5.0593600e-02
  -5.9900000e-02
  -6.7896200e-02
  -7.3392300e-02
  -7.6311200e-02
  -7.7240300e-02
  -7.6350100e-02
  -7.3315500e-02
  -6.7752000e-02
  -6.0074900e-02
  -5.1045700e-02
  -4.1110100e-02
  -3.0289300e-02
  -1.8589100e-02
  -6.3741500e-03
   5.8333100e-03
   1.7477300e-02
   2.7780700e-02
   3.5694200e-02
   4.0542300e-02
   4.2100500e-02
   4.0296500e-02
   3.5950500e-02
   3.0885300e-02
   2.6906500e-02
   2.4849300e-02
   2.4651600e-02
   2.5729800e-02
   2.7132600e-02
   2.7723200e-02
   2.6611600e-02
   2.3692100e-02
   1.9976600e-02
   1.7382200e-02
   1.7966900e-02
   2.2959100e-02
   3.2208700e-02
   4.4553500e-02
   5.8574800e-02
   7.3200700e-02
   8.7664500e-02
   1.0042100e-01
   1.0951100e-01
   1.1423000e-01
   1.1523700e-01
   1.1361800e-01
   1.1099800e-01
   1.0929200e-01
   1.0981500e-01
   1.1288300e-01
   1.1813100e-01
   1.2480400e-01
   1.3196900e-01
   1.3868900e-01
   1.4410000e-01
   1.4727200e-01
   1.4739900e-01
   1.4408200e-01
   1.3741200e-01
   1.2770600e-01
   1.1550900e-01
   1.0165500e-01
   8.7145900e-02
   7.3101200e-02
   6.0105300e-02
   4.7999200e-02
   3.5979000e-02
   2.2854800e-02
   7.6024300e-03
  -9.9616500e-03
  -2.9236300e-02
  -4.9399500e-02
  -6.9689600e-02
  -8.9341300e-02
  -1.0727700e-01
  -1.2251700e-01
  -1.3501000e-01
  -1.4534500e-01
  -1.5423000e-01
  -1.6244900e-01
  -1.7092200e-01
  -1.8030000e-01
  -1.9020800e-01
  -1.9955000e-01
  -2.0771700e-01
  -2.1473800e-01
  -2.2033900e-01
  -2.2325500e-01
  -2.2224100e-01
  -2.1641600e-01
  -2.0518600e-01
  -1.8912000e-01
  -1.7027100e-01
  -1.5089400e-01
  -1.3204300e-01
  -1.1330000e-01
  -9.3993200e-02
  -7.4052900e-02
  -5.4116800e-02
  -3.4900400e-02
  -1.6610400e-02
   7.4054200e-04
   1.7217000e-02
   3.2983800e-02
   4.8028500e-02
   6.2093100e-02
   7.4934100e-02
   8.6424600e-02
   9.6096800e-02
   1.0354000e-01
   1.0895600e-01
   1.1264800e-01
   1.1429100e-01
   1.1298600e-01
   1.0786800e-01
   9.9003900e-02
   8.7462900e-02
   7.4705900e-02
   6.1997900e-02
   4.9952300e-02
   3.8905700e-02
   2.9182800e-02
   2.1225200e-02
   1.5190200e-02
   1.0665200e-02
   7.3505400e-03
   5.3829800e-03
   5.1612700e-03
   6.5796700e-03
   8.9131500e-03
   1.1262800e-02
   1.2934700e-02
   1.3685000e-02
   1.3411800e-02
   1.2286600e-02
   1.0254800e-02
   6.9532400e-03
   2.4735900e-03
  -2.2796400e-03
  -5.9578200e-03
  -7.5906200e-03
  -6.8782900e-03
  -3.9195600e-03
   1.1310600e-03
   8.1070600e-03
   1.6601400e-02
   2.5745500e-02
   3.4254800e-02
   4.0846500e-02
   4.4902100e-02
   4.6548500e-02
   4.6366500e-02
   4.5102900e-02
   4.3288000e-02
   4.0891200e-02
   3.7217900e-02
   3.1188600e-02
   2.2430800e-02
   1.1527400e-02
  -5.8701200e-04
  -1.2715500e-02
  -2.3212600e-02
  -2.9658700e-02
  -2.9473800e-02
  -2.1418000e-02
  -6.0549200e-03
   1.4893400e-02
   3.8804500e-02
   6.2543000e-02
   8.3452600e-02
   1.0028300e-01
   1.1293700e-01
   1.2129900e-01
   1.2491200e-01
   1.2428000e-01
   1.2160100e-01
   1.1944500e-01
   1.1898400e-01
   1.1959400e-01
   1.1914100e-01
   1.1490400e-01
   1.0471000e-01
   8.7924600e-02
   6.5756800e-02
   4.0758100e-02
   1.6079800e-02
  -5.1996900e-03
  -2.0752100e-02
  -2.9304300e-02
  -3.0679100e-02
  -2.5962200e-02
  -1.7451000e-02
  -7.8830800e-03
   3.2739100e-04
   5.5000100e-03
   6.8762100e-03
   4.4904800e-03
  -8.2040300e-04
  -8.0926400e-03
  -1.7162500e-02
  -2.8516200e-02
  -4.2470400e-02
  -5.7867000e-02
  -7.2200800e-02
  -8.3730400e-02
  -9.2485800e-02
  -9.9368900e-02
  -1.0524100e-01
  -1.1042800e-01
  -1.1445300e-01
  -1.1582900e-01
  -1.1271300e-01
  -1.0352300e-01
  -8.7783800e-02
  -6.6975800e-02
  -4.3835900e-02
  -2.0714100e-02
   4.2074300e-04
   1.7257100e-02
   2.7677200e-02
   3.1110500e-02
   2.9101100e-02
   2.5018400e-02
   2.2613300e-02
   2.3979600e-02
   2.9199300e-02
   3.7319400e-02
   4.7192300e-02
   5.7570700e-02
   6.6836000e-02
   7.3225600e-02
   7.5733200e-02
   7.4363200e-02
   6.9521900e-02
   6.1750600e-02
   5.1900900e-02
   4.1464600e-02
   3.2190500e-02
   2.4808000e-02
   1.8907100e-02
   1.4154500e-02
   1.0226300e-02
   7.0022700e-03
   4.8702600e-03
   3.5356000e-03
   1.8350400e-03
  -9.1105500e-04
  -4.5382500e-03
  -8.8663700e-03
  -1.4026900e-02
  -2.0313500e-02
  -2.7313200e-02
  -3.4076100e-02
  -4.0534400e-02
  -4.7472600e-02
  -5.5453800e-02
  -6.4407800e-02
  -7.4217100e-02
  -8.4481800e-02
  -9.3723800e-02
  -9.9973400e-02
  -1.0161900e-01
  -9.8134600e-02
  -9.0092300e-02
  -7.9236200e-02
  -6.8417300e-02
  -6.0229900e-02
  -5.5885400e-02
  -5.5858100e-02
  -6.0537400e-02
  -6.9379400e-02
  -8.1043900e-02
  -9.3515800e-02
  -1.0463000e-01
  -1.1307000e-01
  -1.1845600e-01
  -1.2093600e-01
  -1.2072200e-01
  -1.1802200e-01
  -1.1302300e-01
  -1.0606800e-01
  -9.7852900e-02
  -8.9337600e-02
  -8.1461400e-02
  -7.4817100e-02
  -6.9265900e-02
  -6.3546100e-02
  -5.5983400e-02
  -4.5796300e-02
  -3.3461100e-02
  -1.9959200e-02
  -6.4307500e-03
   5.2219700e-03
   1.2278500e-02
   1.2403000e-02
   4.9966000e-03
  -8.4109900e-03
  -2.4750400e-02
  -4.0914600e-02
  -5.4583300e-02
  -6.4325400e-02
  -6.9878900e-02
  -7.1809900e-02
  -7.1280300e-02
  -7.0342200e-02
  -7.1619600e-02
  -7.7168700e-02
  -8.7076500e-02
  -9.9312400e-02
  -1.1086100e-01
  -1.1853800e-01
  -1.1929200e-01
  -1.1098600e-01
  -9.3484900e-02
  -6.8881700e-02
  -4.0412800e-02
  -1.0899100e-02
   1.7251900e-02
   4.2504400e-02
   6.4059500e-02
   8.1200300e-02
   9.3420700e-02
   1.0140400e-01
   1.0654300e-01
   1.0924300e-01
   1.0855800e-01
   1.0368400e-01
   9.4390900e-02
   8.0820600e-02
   6.3964800e-02
   4.5194000e-02
   2.5922100e-02
   7.8058400e-03
  -7.3181000e-03
  -1.8016700e-02
  -2.3574000e-02
  -2.4369800e-02
  -2.1718400e-02
  -1.7547400e-02
  -1.4185700e-02
  -1.3295400e-02
  -1.5363100e-02
  -1.9780900e-02
  -2.5375700e-02
  -3.1064900e-02
  -3.6439600e-02
  -4.1677800e-02
  -4.6740500e-02
  -5.0814700e-02
  -5.3246700e-02
  -5.4007100e-02
  -5.3304000e-02
  -5.1024500e-02
  -4.6767100e-02
  -4.0723000e-02
  -3.3334300e-02
  -2.4554800e-02
  -1.4547700e-02
  -4.2325100e-03
   5.5100800e-03
   1.4621900e-02
   2.3215800e-02
   3.0696400e-02
   3.5875700e-02
   3.7045700e-02
   3.2703200e-02
   2.2319500e-02
   6.4409500e-03
  -1.3097300e-02
  -3.3619300e-02
  -5.2494300e-02
  -6.7844700e-02
  -7.8335300e-02
  -8.2980500e-02
  -8.1755100e-02
  -7.5889500e-02
  -6.6882000e-02
  -5.5415200e-02
  -4.2021000e-02
  -2.7804800e-02
  -1.4298100e-02
  -2.9337500e-03
   5.4097400e-03
   1.0498200e-02
   1.2547500e-02
   1.2183500e-02
   1.0158800e-02
   7.1605000e-03
   3.8061300e-03
   1.0391700e-03
  -1.1731100e-04
   1.0400600e-03
   4.3167900e-03
   8.5377600e-03
   1.2592900e-02
   1.6317100e-02
   2.0370500e-02
   2.5383900e-02
   3.2118300e-02
   4.1506100e-02
   5.4280500e-02
   7.0621900e-02
   9.0179100e-02
   1.1149100e-01
   1.3192600e-01
   1.4924400e-01
   1.6252100e-01
   1.7197300e-01
   1.7807900e-01
   1.8126500e-01
   1.8231400e-01
   1.8169700e-01
   1.7934500e-01
   1.7461600e-01
   1.6599600e-01
   1.5145400e-01
   1.2952000e-01
   1.0028700e-01
   6.5898800e-02
   2.9374800e-02
  -7.4482200e-03
  -4.4168900e-02
  -7.9493400e-02
  -1.1034100e-01
  -1.3396600e-01
  -1.4942200e-01
  -1.5690400e-01
  -1.5664900e-01
  -1.4875400e-01
  -1.3345500e-01
  -1.1211600e-01
  -8.8026100e-02
  -6.5618500e-02
  -4.8394300e-02
  -3.7689200e-02
  -3.3638700e-02
  -3.6093200e-02
  -4.4383600e-02
  -5.6809900e-02
  -7.0872800e-02
  -8.3815300e-02
  -9.3878300e-02
  -1.0010800e-01
  -1.0150900e-01
  -9.7842200e-02
  -8.9593500e-02
  -7.7337900e-02
  -6.2159100e-02
  -4.6112500e-02
  -3.1242800e-02
  -1.8485900e-02
  -7.7618100e-03
   1.1770800e-03
   9.3217600e-03
   1.8938100e-02
   3.1679800e-02
   4.6603100e-02
   6.1478500e-02
   7.4982200e-02
   8.6532400e-02
   9.4704300e-02
   9.7617400e-02
   9.4616200e-02
   8.6511800e-02
   7.4388900e-02
   5.9746000e-02
   4.4942500e-02
   3.2153200e-02
   2.2199800e-02
   1.4620500e-02
   8.5009400e-03
   2.7924000e-03
  -3.7475000e-03
  -1.2201300e-02
  -2.2796700e-02
  -3.5162700e-02
  -4.8691800e-02
  -6.2386100e-02
  -7.4945100e-02
  -8.4967000e-02
  -9.1456800e-02
  -9.4367200e-02
  -9.4257700e-02
  -9.1502900e-02
  -8.6637700e-02
  -8.0399200e-02
  -7.3309500e-02
  -6.6237900e-02
  -6.1086100e-02
  -5.9631200e-02
  -6.1618500e-02
  -6.5073800e-02
  -6.8061100e-02
  -6.9976600e-02
  -7.0671200e-02
  -6.9568100e-02
  -6.6118200e-02
  -6.0695000e-02
  -5.4542000e-02
  -4.8760800e-02
  -4.3982100e-02
  -4.0470600e-02
  -3.7974500e-02
  -3.5790100e-02
  -3.2854600e-02
  -2.8533300e-02
  -2.2803500e-02
  -1.5585600e-02
  -7.3944300e-03
   5.8874900e-05
   4.8711900e-03
   5.9797900e-03
   3.7998700e-03
  -9.6582500e-06
  -3.7651700e-03
  -6.8900500e-03
  -9.4787200e-03
  -1.1452100e-02
  -1.2808900e-02
  -1.4183200e-02
  -1.5429700e-02
  -1.4857500e-02
  -1.0874000e-02
  -3.3213000e-03
   6.6723200e-03
   1.7220200e-02
   2.7050200e-02
   3.5607600e-02
   4.2732000e-02
   4.8245100e-02
   5.2207400e-02
   5.5522900e-02
   5.9857400e-02
   6.6765300e-02
   7.6944900e-02
   8.9682000e-02
   1.0293600e-01
   1.1488900e-01
   1.2472100e-01
   1.3244700e-01
   1.3842300e-01
   1.4258000e-01
   1.4441400e-01
   1.4338200e-01
   1.3923900e-01
   1.3214500e-01
   1.2278000e-01
   1.1227400e-01
   1.0132300e-01
   8.9782100e-02
   7.7285500e-02
   6.3763900e-02
   4.9606700e-02
   3.5730000e-02
   2.2841300e-02
   1.1043500e-02
   9.1092200e-05
  -1.0607900e-02
  -2.1524000e-02
  -3.2732900e-02
  -4.4080600e-02
  -5.5648900e-02
  -6.7640100e-02
  -7.9816700e-02
  -9.1925500e-02
  -1.0376200e-01
  -1.1503500e-01
  -1.2586000e-01
  -1.3680400e-01
  -1.4783000e-01
  -1.5840100e-01
  -1.6802400e-01
  -1.7622400e-01
  -1.8250000e-01
  -1.8642400e-01
  -1.8796200e-01
  -1.8707700e-01
  -1.8316800e-01
  -1.7593800e-01
  -1.6574200e-01
  -1.5306300e-01
  -1.3828600e-01
  -1.2165400e-01
  -1.0362800e-01
  -8.4718400e-02
  -6.5685900e-02
  -4.8048200e-02
  -3.3823200e-02
  -2.4350300e-02
  -1.9366700e-02
  -1.7539300e-02
  -1.7627700e-02
  -1.8876900e-02
  -2.0645500e-02
  -2.2247800e-02
  -2.3382000e-02
  -2.4423300e-02
  -2.5881200e-02
  -2.8041000e-02
  -3.1189700e-02
  -3.5855300e-02
  -4.2662900e-02
  -5.0953300e-02
  -5.7982600e-02
  -6.0461200e-02
  -5.6880500e-02
  -4.8534800e-02
  -3.8494400e-02
  -2.9451700e-02
  -2.2604600e-02
  -1.8417800e-02
  -1.7366900e-02
  -1.9505100e-02
  -2.3614100e-02
  -2.7723900e-02
  -3.0027000e-02
  -2.9460400e-02
  -2.5901400e-02
  -2.0179200e-02
  -1.3136800e-02
  -5.0631600e-03
   3.4266600e-03
   1.1353800e-02
   1.7784300e-02
   2.1427700e-02
   2.0617700e-02
   1.4582700e-02
   4.4529600e-03
  -7.1046900e-03
  -1.7344100e-02
  -2.4272900e-02
  -2.6818200e-02
  -2.4851000e-02
  -1.9132600e-02
  -1.1380600e-02
  -3.7354200e-03
   2.0345300e-03
   5.3461400e-03
   6.5761000e-03
   6.3575300e-03
   5.6313600e-03
   5.1294600e-03
   5.9310400e-03
   9.9807900e-03
   1.8169500e-02
   2.9104800e-02
   4.0319300e-02
   4.9774400e-02
   5.6448900e-02
   6.0089500e-02
   6.0514900e-02
   5.7659800e-02
   5.2329000e-02
   4.5866900e-02
   3.9126600e-02
   3.2586800e-02
   2.6961700e-02
   2.3422800e-02
   2.2745200e-02
   2.4957000e-02
   2.9910000e-02
   3.7374800e-02
   4.6942900e-02
   5.7329000e-02
   6.6381700e-02
   7.2717100e-02
   7.6888700e-02
   8.0494100e-02
   8.4857900e-02
   9.0840100e-02
   9.8966200e-02
   1.0935700e-01
   1.2155100e-01
   1.3424100e-01
   1.4551000e-01
   1.5358500e-01
   1.5789200e-01
   1.5916700e-01
   1.5897500e-01
   1.5892900e-01
   1.5995500e-01
   1.6220200e-01
   1.6543500e-01
   1.6915100e-01
   1.7241300e-01
   1.7360500e-01
   1.7124500e-01
   1.6442500e-01
   1.5264500e-01
   1.3589600e-01
   1.1484000e-01
   9.0760700e-02
   6.5294300e-02
   4.0118900e-02
   1.6956600e-02
  -2.7242000e-03
  -1.8143800e-02
  -2.9627600e-02
  -3.8464700e-02
  -4.6005200e-02
  -5.2949300e-02
  -5.9417800e-02
  -6.5122000e-02
  -6.9682300e-02
  -7.3085300e-02
  -7.5382100e-02
  -7.6200000e-02
  -7.5179700e-02
  -7.2789700e-02
  -6.9912000e-02
  -6.7525400e-02
  -6.6373500e-02
  -6.6616300e-02
  -6.8061400e-02
  -7.0516000e-02
  -7.3456700e-02
  -7.6056800e-02
  -7.7310800e-02
  -7.6658400e-02
  -7.4435900e-02
  -7.1101900e-02
  -6.6811400e-02
  -6.1710900e-02
  -5.6197100e-02
  -5.1157700e-02
  -4.7749600e-02
  -4.6639000e-02
  -4.7891600e-02
  -5.1123500e-02
  -5.5194900e-02
  -5.8690900e-02
  -6.0761800e-02
  -6.1546600e-02
  -6.2027700e-02
  -6.3131100e-02
  -6.5152900e-02
  -6.7815300e-02
  -7.0658300e-02
  -7.3481800e-02
  -7.6406300e-02
  -7.9586800e-02
  -8.3144900e-02
  -8.7016800e-02
  -9.1130100e-02
  -9.5765600e-02
  -1.0125000e-01
  -1.0739700e-01
  -1.1356200e-01
  -1.1904200e-01
  -1.2280800e-01
  -1.2361700e-01
  -1.2076000e-01
  -1.1423800e-01
  -1.0484500e-01
  -9.3628200e-02
  -8.1502400e-02
  -6.9344400e-02
  -5.8073600e-02
  -4.8307100e-02
  -4.0156500e-02
  -3.3686800e-02
  -2.9944400e-02
  -3.0243200e-02
  -3.4509200e-02
  -4.1642200e-02
  -4.9821500e-02
  -5.6507200e-02
  -5.9661400e-02
  -5.9138600e-02
  -5.6239800e-02
  -5.2400400e-02
  -4.8800500e-02
  -4.6203200e-02
  -4.4884900e-02
  -4.4575700e-02
  -4.4985900e-02
  -4.6026000e-02
  -4.7243700e-02
  -4.7288700e-02
  -4.4448800e-02
  -3.8096000e-02
  -2.9131100e-02
  -1.8882600e-02
  -8.7599400e-03
  -3.4653900e-04
   5.2386000e-03
   7.5376700e-03
   6.9535800e-03
   4.8529000e-03
   2.8917200e-03
   2.1427400e-03
   2.9462000e-03
   5.3335700e-03
   9.2353100e-03
   1.4312900e-02
   1.9741000e-02
   2.4622300e-02
   2.8434700e-02
   3.0976800e-02
   3.2517600e-02
   3.3873900e-02
   3.6055600e-02
   3.9609100e-02
   4.4571900e-02
   5.0583300e-02
   5.6967500e-02
   6.2974900e-02
   6.7785000e-02
   7.0246600e-02
   6.9621500e-02
   6.6296900e-02
   6.1388400e-02
   5.6167400e-02
   5.1863500e-02
   4.9355200e-02
   4.8859000e-02
   5.0004600e-02
   5.2243300e-02
   5.4927200e-02
   5.6989600e-02
   5.7154800e-02
   5.4209000e-02
   4.7574600e-02
   3.8225300e-02
   2.8124900e-02
   1.9121300e-02
   1.2479300e-02
   8.7937300e-03
   7.9144800e-03
   9.1860600e-03
   1.1841100e-02
   1.5359100e-02
   1.9145600e-02
   2.2158900e-02
   2.3395200e-02
   2.2810200e-02
   2.1487900e-02
   2.0560400e-02
   2.0246300e-02
   2.0149700e-02
   2.0172200e-02
   1.9753800e-02
   1.7694100e-02
   1.3235200e-02
   6.2058100e-03
  -3.1973200e-03
  -1.4170700e-02
  -2.5241800e-02
  -3.4899900e-02
  -4.1769100e-02
  -4.4477100e-02
  -4.1906100e-02
  -3.3654800e-02
  -2.0328300e-02
  -3.6562100e-03
   1.4166000e-02
   3.1392600e-02
   4.6453500e-02
   5.7880100e-02
   6.4708400e-02
   6.6790100e-02
   6.4622900e-02
   5.9446300e-02
   5.2559200e-02
   4.4513200e-02
   3.5662900e-02
   2.6664700e-02
   1.8101700e-02
   9.8343500e-03
   1.1973900e-03
  -7.8447900e-03
  -1.6656300e-02
  -2.4891400e-02
  -3.2796900e-02
  -4.0495800e-02
  -4.7557200e-02
  -5.3236900e-02
  -5.6772500e-02
  -5.7598700e-02
  -5.5341700e-02
  -4.9867600e-02
  -4.1984200e-02
  -3.3101900e-02
  -2.4362000e-02
  -1.6663400e-02
  -1.0625400e-02
  -6.1717500e-03
  -2.6767900e-03
   3.6567100e-04
   3.0111400e-03
   4.9143600e-03
   5.3891100e-03
   3.6193800e-03
  -8.9050600e-04
  -7.9353200e-03
  -1.6398400e-02
  -2.4671600e-02
  -3.1414600e-02
  -3.5742900e-02
  -3.7305900e-02
  -3.6399000e-02
  -3.3661100e-02
  -2.9744200e-02
  -2.5795100e-02
  -2.3041700e-02
  -2.1967900e-02
  -2.2621600e-02
  -2.4960700e-02
  -2.8803300e-02
  -3.3461800e-02
  -3.7762500e-02
  -4.0805300e-02
  -4.2477600e-02
  -4.3349300e-02
  -4.3981900e-02
  -4.4765100e-02
  -4.5984100e-02
  -4.7788000e-02
  -5.0313700e-02
  -5.3498800e-02
  -5.6833800e-02
  -5.9473300e-02
  -6.0404200e-02
  -5.8766500e-02
  -5.4056100e-02
  -4.6214100e-02
  -3.6001800e-02
  -2.5587600e-02
  -1.7495800e-02
  -1.2570500e-02
  -9.9702600e-03
  -8.3131100e-03
  -6.5854100e-03
  -4.0721500e-03
   9.0639800e-05
   7.1560400e-03
   1.8136900e-02
   3.3062500e-02
   5.0479100e-02
   6.7680400e-02
   8.1945100e-02
   9.1499500e-02
   9.5855700e-02
   9.5648700e-02
   9.2017100e-02
   8.6411700e-02
   8.0590700e-02
   7.6374200e-02
   7.4872600e-02
   7.6449800e-02
   8.0589500e-02
   8.5866800e-02
   9.0798800e-02
   9.3646700e-02
   9.2907800e-02
   8.8016200e-02
   7.8861700e-02
   6.5341300e-02
   4.7924200e-02
   2.8566500e-02
   1.0274500e-02
  -4.7643800e-03
  -1.5711200e-02
  -2.2403400e-02
  -2.4693000e-02
  -2.2120800e-02
  -1.4453300e-02
  -2.4667600e-03
   1.1285800e-02
   2.3411800e-02
   3.2013600e-02
   3.7164700e-02
   3.9454300e-02
   3.9108800e-02
   3.6528500e-02
   3.3121000e-02
   3.0885300e-02
   3.0875300e-02
   3.2964000e-02
   3.6977600e-02
   4.2866100e-02
   4.9720400e-02
   5.5800800e-02
   5.9442900e-02
   5.9404100e-02
   5.5207000e-02
   4.7592000e-02
   3.8342700e-02
   2.9623200e-02
   2.3314000e-02
   2.0356400e-02
   2.0790600e-02
   2.4345400e-02
   3.0841100e-02
   3.9292100e-02
   4.7128900e-02
   5.1171800e-02
   4.9116300e-02
   4.0436100e-02
   2.6232200e-02
   8.3742100e-03
  -1.0883300e-02
  -2.9056400e-02
  -4.4356700e-02
  -5.5935100e-02
  -6.3707300e-02
  -6.8297500e-02
  -7.1065200e-02
  -7.3761200e-02
  -7.7768400e-02
  -8.3449400e-02
  -9.0256500e-02
  -9.7299400e-02
  -1.0376700e-01
  -1.0922900e-01
  -1.1376900e-01
  -1.1722400e-01
  -1.1864000e-01
  -1.1725500e-01
  -1.1332000e-01
  -1.0802200e-01
  -1.0314200e-01
  -9.9343900e-02
  -9.5531200e-02
  -9.0661800e-02
  -8.4820900e-02
  -7.8688900e-02
  -7.2538800e-02
  -6.6212400e-02
  -5.9720700e-02
  -5.3050300e-02
  -4.5879800e-02
  -3.7897600e-02
  -2.9368100e-02
  -2.1272300e-02
  -1.4573300e-02
  -9.6207000e-03
  -6.2983200e-03
  -4.3025700e-03
  -3.1457400e-03
  -1.9527800e-03
  -4.9793000e-04
   1.3328500e-03
   4.3651300e-03
   9.1445200e-03
   1.4886000e-02
   2.0282600e-02
   2.4920600e-02
   2.8989600e-02
   3.2372600e-02
   3.4314200e-02
   3.4208300e-02
   3.2563400e-02
   3.0591500e-02
   2.9161700e-02
   2.8431800e-02
   2.7841900e-02
   2.6301100e-02
   2.3117600e-02
   1.8523300e-02
   1.3227700e-02
   7.3053900e-03
   3.2142300e-04
  -7.6720100e-03
  -1.5648500e-02
  -2.2234700e-02
  -2.6854700e-02
  -2.9890400e-02
  -3.1749400e-02
  -3.1849200e-02
  -2.8760200e-02
  -2.1522100e-02
  -1.0949100e-02
   5.3138200e-04
   1.0088200e-02
   1.5597200e-02
   1.6138300e-02
   1.2348800e-02
   6.1670700e-03
  -2.9649600e-04
  -5.3219300e-03
  -7.5409500e-03
  -5.7467600e-03
   5.4801800e-04
   1.0324700e-02
   2.1190700e-02
   3.0879900e-02
   3.7969800e-02
   4.1718600e-02
   4.2547400e-02
   4.2235000e-02
   4.2472900e-02
   4.4093000e-02
   4.7054100e-02
   5.0751900e-02
   5.4813200e-02
   5.9192800e-02
   6.3280700e-02
   6.5524000e-02
   6.4683000e-02
   6.1066300e-02
   5.5790800e-02
   5.0098500e-02
   4.5105100e-02
   4.1462300e-02
   3.9073400e-02
   3.7415300e-02
   3.5876000e-02
   3.3539200e-02
   2.9801400e-02
   2.4955200e-02
   1.9632700e-02
   1.4438600e-02
   1.0053400e-02
   6.7413100e-03
   4.2822000e-03
   2.1827500e-03
   5.9765700e-04
   6.4175300e-04
   3.4530200e-03
   8.9104800e-03
   1.5921100e-02
   2.3980600e-02
   3.3294500e-02
   4.3673700e-02
   5.4022400e-02
   6.3088400e-02
   7.0530300e-02
   7.6173700e-02
   7.9601800e-02
   8.0924700e-02
   8.0525400e-02
   7.8372300e-02
   7.4443300e-02
   6.9251900e-02
   6.3539100e-02
   5.7667700e-02
   5.1494300e-02
   4.4724000e-02
   3.7529200e-02
   3.0565900e-02
   2.4253900e-02
   1.8907300e-02
   1.4724200e-02
   1.0896900e-02
   5.8975300e-03
  -1.2500400e-03
  -1.0513900e-02
  -2.0477000e-02
  -2.8676400e-02
  -3.2974900e-02
  -3.2408500e-02
  -2.7631100e-02
  -2.0535100e-02
  -1.3131200e-02
  -7.0121700e-03
  -3.1978700e-03
  -1.7063400e-03
  -1.5309500e-03
  -1.1267600e-03
   1.1961200e-03
   5.8181500e-03
   1.1924400e-02
   1.8625100e-02
   2.5013500e-02
   3.0495300e-02
   3.4982300e-02
   3.8798800e-02
   4.2305400e-02
   4.6002800e-02
   5.0369100e-02
   5.4968900e-02
   5.8901900e-02
   6.1755800e-02
   6.3262200e-02
   6.2780700e-02
   5.9645200e-02
   5.3803100e-02
   4.5828300e-02
   3.6647500e-02
   2.6917300e-02
   1.6667300e-02
   5.9734400e-03
  -4.6807100e-03
  -1.5285200e-02
  -2.6453500e-02
  -3.8440700e-02
  -5.0805000e-02
  -6.2940000e-02
  -7.4441400e-02
  -8.5213800e-02
  -9.5425900e-02
  -1.0499100e-01
  -1.1353700e-01
  -1.2035200e-01
  -1.2459100e-01
  -1.2605600e-01
  -1.2514700e-01
  -1.2211200e-01
  -1.1689800e-01
  -1.0983600e-01
  -1.0211800e-01
  -9.5238500e-02
  -9.0214300e-02
  -8.7505900e-02
  -8.6700400e-02
  -8.6090300e-02
  -8.3180300e-02
  -7.6265200e-02
  -6.5297800e-02
  -5.1570900e-02
  -3.7316800e-02
  -2.4934700e-02
  -1.6032300e-02
  -1.1017700e-02
  -9.4291500e-03
  -1.0393900e-02
  -1.2907900e-02
  -1.6403200e-02
  -2.0425100e-02
  -2.4100600e-02
  -2.6290400e-02
  -2.5774700e-02
  -2.1196700e-02
  -1.2283600e-02
  -1.0960200e-03
   8.8857600e-03
   1.5641500e-02
   2.0324200e-02
   2.5785100e-02
   3.3439400e-02
   4.1305600e-02
   4.6202300e-02
   4.8223500e-02
   5.1443800e-02
   5.9047200e-02
   6.9319100e-02
   7.7735600e-02
   8.1909900e-02
   8.2777000e-02
   8.1176000e-02
   7.5139400e-02
   6.3203800e-02
   4.8613700e-02
   3.7513600e-02
   3.3588100e-02
   3.6161400e-02
   4.2582400e-02
   5.0944600e-02
   6.0487800e-02
   6.8944700e-02
   7.0712100e-02
   5.9753800e-02
   3.7299600e-02
   1.3939200e-02
  -2.0973600e-04
  -5.4182900e-03
  -9.3864800e-03
  -1.6572500e-02
  -2.3856900e-02
  -2.6560600e-02
  -2.4913100e-02
  -2.2836200e-02
  -2.2778600e-02
  -2.3370000e-02
  -2.1537200e-02
  -1.5391600e-02
  -4.6349300e-03
   1.0774600e-02
   2.9476300e-02
   4.5788500e-02
   5.2508600e-02
   5.1335400e-02
   5.4947000e-02
   7.1660300e-02
   9.2672700e-02
   1.0247600e-01
   9.9441500e-02
   9.6356700e-02
   1.0120500e-01
   1.0736600e-01
   1.0437100e-01
   9.0704300e-02
   7.2597900e-02
   5.5806000e-02
   4.4009400e-02
   4.1871000e-02
   5.2487400e-02
   7.1320200e-02
   8.7662700e-02
   9.5180700e-02
   9.8303900e-02
   1.0472100e-01
   1.1274500e-01
   1.1152300e-01
   9.5873300e-02
   7.5534100e-02
   6.5649600e-02
   7.1093900e-02
   8.3305100e-02
   8.9995200e-02
   8.5245400e-02
   7.2475400e-02
   5.9499400e-02
   5.1128400e-02
   4.7454400e-02
   4.7187700e-02
   4.9241700e-02
   5.0964600e-02
   4.8924600e-02
   4.3018700e-02
   3.6130800e-02
   2.8085300e-02
   1.4328600e-02
  -5.3435100e-03
  -2.0810800e-02
  -1.8636300e-02
   5.2521000e-03
   4.1455800e-02
   7.6003200e-02
   1.0168000e-01
   1.1846500e-01
   1.2541700e-01
   1.1718700e-01
   9.1069800e-02
   5.5841200e-02
   2.9716700e-02
   2.6577300e-02
   4.4863000e-02
   7.0872200e-02
   9.1562000e-02
   1.0128500e-01
   9.8891700e-02
   8.3554900e-02
   5.5645800e-02
   2.0483000e-02
  -1.2138200e-02
  -3.4272100e-02
  -4.5020200e-02
  -4.8949400e-02
  -5.0818700e-02
  -5.2505100e-02
  -5.3517600e-02
  -5.2841100e-02
  -5.1150100e-02
  -5.0765500e-02
  -5.2375200e-02
  -5.2732900e-02
  -4.8543300e-02
  -4.3069200e-02
  -4.4788100e-02
  -5.7789900e-02
  -7.6789100e-02
  -9.3011600e-02
  -1.0210100e-01
  -1.0399300e-01
  -9.8385700e-02
  -8.4497900e-02
  -6.3786900e-02
  -3.9521600e-02
  -1.4035400e-02
   1.0596400e-02
   2.8710500e-02
   3.0574700e-02
   1.0573600e-02
  -2.3482100e-02
  -5.3333000e-02
  -6.4977100e-02
  -5.8603500e-02
  -4.2984200e-02
  -2.3502900e-02
  -1.1764900e-04
   2.5502500e-02
   4.6193100e-02
   5.3857000e-02
   4.5322200e-02
   2.3927500e-02
  -1.8241000e-03
  -2.1387100e-02
  -2.6806100e-02
  -1.6348100e-02
   5.7093400e-03
   3.2677400e-02
   5.8113300e-02
   7.5713300e-02
   8.1535200e-02
   7.7214600e-02
   6.8851100e-02
   6.2317100e-02
   6.0181900e-02
   6.2570400e-02
   6.8989000e-02
   7.7419400e-02
   8.3068100e-02
   8.0870100e-02
   6.9671700e-02
   5.3124600e-02
   3.7346100e-02
   2.7967700e-02
   2.7451300e-02
   3.3400200e-02
   4.0117500e-02
   4.3285600e-02
   4.2662700e-02
   4.0214300e-02
   3.7470000e-02
   3.6048700e-02
   3.7574800e-02
   4.0665600e-02
   4.0592500e-02
   3.4104600e-02
   2.2320600e-02
   8.2200900e-03
  -6.3714200e-03
  -2.0050900e-02
  -3.0192300e-02
  -3.4350700e-02
  -3.2645300e-02
  -2.7557500e-02
  -2.1104400e-02
  -1.3824700e-02
  -6.1365700e-03
   9.8325000e-04
   6.2561100e-03
   8.8433100e-03
   9.2289300e-03
   9.5619100e-03
   1.2558200e-02
   2.0090600e-02
   3.3297400e-02
   5.2977900e-02
   7.7977400e-02
   1.0366400e-01
   1.2326300e-01
   1.3187000e-01
   1.2944700e-01
   1.2004300e-01
   1.0822700e-01
   9.6132500e-02
   8.4180300e-02
   7.4379900e-02
   6.9810400e-02
   7.1225200e-02
   7.6796800e-02
   8.4787500e-02
   9.4735600e-02
   1.0489100e-01
   1.1009200e-01
   1.0591600e-01
   9.4243400e-02
   8.1044700e-02
   7.0002300e-02
   6.2306000e-02
   6.1054500e-02
   7.0468300e-02
   8.9416400e-02
   1.0986800e-01
   1.2459400e-01
   1.3361200e-01
   1.4169900e-01
   1.5146900e-01
   1.6139900e-01
   1.6903300e-01
   1.7340800e-01
   1.7453400e-01
   1.7221600e-01
   1.6682400e-01
   1.6023800e-01
   1.5542500e-01
   1.5496700e-01
   1.6000800e-01
   1.7062500e-01
   1.8610700e-01
   2.0455300e-01
   2.2311400e-01
   2.3906000e-01
   2.5042300e-01
   2.5559700e-01
   2.5367900e-01
   2.4618600e-01
   2.3719700e-01
   2.3039900e-01
   2.2719200e-01
   2.2765200e-01
   2.3112400e-01
   2.3662900e-01
   2.4283600e-01
   2.4706800e-01
   2.4504000e-01
   2.3209300e-01
   2.0547400e-01
   1.6590900e-01
   1.1715800e-01
   6.3090700e-02
   6.4320000e-03
  -4.9954500e-02
  -1.0262200e-01
  -1.4830000e-01
  -1.8459600e-01
  -2.0980900e-01
  -2.2377500e-01
  -2.2952600e-01
  -2.3229200e-01
  -2.3594900e-01
  -2.4116600e-01
  -2.4617100e-01
  -2.4918900e-01
  -2.5045200e-01
  -2.5178700e-01
  -2.5534600e-01
  -2.6238400e-01
  -2.7278500e-01
  -2.8564800e-01
  -3.0031300e-01
  -3.1654200e-01
  -3.3346500e-01
  -3.4919300e-01
  -3.6180500e-01
  -3.7059800e-01
  -3.7595500e-01
  -3.7842200e-01
  -3.7851200e-01
  -3.7679100e-01
  -3.7388900e-01
  -3.7068500e-01
  -3.6810000e-01
  -3.6637700e-01
  -3.6443400e-01
  -3.5917100e-01
  -3.4622400e-01
  -3.2216900e-01
  -2.8629300e-01
  -2.4114900e-01
  -1.9083600e-01
  -1.3846100e-01
  -8.5494400e-02
  -3.3120800e-02
   1.6435700e-02
   6.0251700e-02
   9.6042500e-02
   1.2328600e-01
   1.4310600e-01
   1.5733800e-01
   1.6759900e-01
   1.7503900e-01
   1.8054300e-01
   1.8468000e-01
   1.8722400e-01
   1.8746700e-01
   1.8490800e-01
   1.8020100e-01
   1.7505100e-01
   1.7080800e-01
   1.6808200e-01
   1.6696500e-01
   1.6680400e-01
   1.6646200e-01
   1.6565800e-01
   1.6491100e-01
   1.6430000e-01
   1.6337900e-01
   1.6250500e-01
   1.6329300e-01
   1.6772600e-01
   1.7659500e-01
   1.8649400e-01
   1.8891200e-01
   1.7823700e-01
   1.6307600e-01
   1.5994900e-01
   1.7006000e-01
   1.7202300e-01
   1.4515700e-01
   9.2327000e-02
   3.3908600e-02
  -1.4628300e-02
  -5.2826700e-02
  -8.7941700e-02
  -1.2427000e-01
  -1.5917000e-01
  -1.8643400e-01
  -2.0251200e-01
  -2.0922500e-01
  -2.1004900e-01
  -2.0424300e-01
  -1.8707100e-01
  -1.5631700e-01
  -1.1485600e-01
  -6.7012300e-02
  -1.5519300e-02
   3.7232100e-02
   8.7073100e-02
   1.2703600e-01
   1.4691300e-01
   1.3628400e-01
   9.3219300e-02
   3.0768400e-02
  -2.8295600e-02
  -6.6678000e-02
  -8.1554800e-02
  -7.8581200e-02
  -6.3562300e-02
  -4.1777100e-02
  -1.9679200e-02
  -1.7596700e-03
   1.2284200e-02
   2.5267700e-02
   4.0155400e-02
   6.0260600e-02
   8.8437900e-02
   1.2419900e-01
   1.6217800e-01
   1.9446500e-01
   2.1496600e-01
   2.2199900e-01
   2.1727000e-01
   2.0374500e-01
   1.8402300e-01
   1.6109900e-01
   1.3983500e-01
   1.2449200e-01
   1.1476800e-01
   1.0804900e-01
   1.0501300e-01
   1.0888000e-01
   1.2013200e-01
   1.3610300e-01
   1.5636200e-01
   1.8502400e-01
   2.2498700e-01
   2.7104900e-01
   3.1108800e-01
   3.3495300e-01
   3.4143800e-01
   3.3575800e-01
   3.2134300e-01
   2.9674000e-01
   2.6191000e-01
   2.2372100e-01
   1.9118500e-01
   1.6641800e-01
   1.4391400e-01
   1.2024200e-01
   1.0002900e-01
   9.0449700e-02
   9.4966700e-02
   1.1376100e-01
   1.4457600e-01
   1.8155100e-01
   2.1622000e-01
   2.4095600e-01
   2.5079300e-01
   2.4274300e-01
   2.1568400e-01
   1.7137900e-01
   1.1408900e-01
   4.8708000e-02
  -2.0500600e-02
  -8.9764800e-02
  -1.5500400e-01
  -2.1136200e-01
  -2.5493500e-01
  -2.8549200e-01
  -3.0611800e-01
  -3.2056400e-01
  -3.3080300e-01
  -3.3727700e-01
  -3.4034500e-01
  -3.4031300e-01
  -3.3699900e-01
  -3.2951400e-01
  -3.1690000e-01
  -2.9950000e-01
  -2.7922200e-01
  -2.5847800e-01
  -2.3919300e-01
  -2.2213600e-01
  -2.0630900e-01
  -1.8926300e-01
  -1.6851500e-01
  -1.4314600e-01
  -1.1338200e-01
  -7.9125500e-02
  -4.0898100e-02
  -1.8861700e-03
   3.3574400e-02
   6.3392500e-02
   8.7597200e-02
   1.0608000e-01
   1.1848000e-01
   1.2489700e-01
   1.2519000e-01
   1.1799500e-01
   1.0199800e-01
   7.7899100e-02
   4.8618600e-02
   1.8093600e-02
  -1.0764900e-02
  -3.6751500e-02
  -5.9071600e-02
  -7.6521400e-02
  -8.8778100e-02
  -9.7157900e-02
  -1.0296500e-01
  -1.0591300e-01
  -1.0423300e-01
  -9.6510900e-02
  -8.2963900e-02
  -6.5135800e-02
  -4.5277900e-02
  -2.6186300e-02
  -1.0178700e-02
   2.6860700e-03
   1.4853500e-02
   2.8584300e-02
   4.3034000e-02
   5.5510500e-02
   6.5209900e-02
   7.3681700e-02
   8.2037400e-02
   8.9673200e-02
   9.5641200e-02
   9.9927800e-02
   1.0204900e-01
   9.9294500e-02
   8.8615800e-02
   6.9750300e-02
   4.5651700e-02
   2.0396400e-02
  -2.9167300e-03
  -2.2669100e-02
  -3.8780700e-02
  -5.1858900e-02
  -6.1650200e-02
  -6.7439800e-02
  -6.9900000e-02
  -7.1831800e-02
  -7.5749800e-02
  -8.1651100e-02
  -8.8343000e-02
  -9.5661300e-02
  -1.0374300e-01
  -1.1102200e-01
  -1.1530800e-01
  -1.1632100e-01
  -1.1548900e-01
  -1.1309200e-01
  -1.0795600e-01
  -9.9395700e-02
  -8.7436100e-02
  -7.1847900e-02
  -5.3394400e-02
  -3.4115900e-02
  -1.5624100e-02
   1.3791200e-03
   1.5887900e-02
   2.5961000e-02
   2.9246700e-02
   2.3937300e-02
   9.6390600e-03
  -1.2150400e-02
  -3.8206500e-02
  -6.4484100e-02
  -8.7803300e-02
  -1.0652700e-01
  -1.2019700e-01
  -1.2944600e-01
  -1.3579600e-01
  -1.4139900e-01
  -1.4786400e-01
  -1.5523500e-01
  -1.6247200e-01
  -1.6798700e-01
  -1.7082200e-01
  -1.7130200e-01
  -1.7029000e-01
  -1.6854800e-01
  -1.6629600e-01
  -1.6310600e-01
  -1.5783700e-01
  -1.4882100e-01
  -1.3450200e-01
  -1.1505200e-01
  -9.3354700e-02
  -7.3277400e-02
  -5.6208700e-02
  -4.0416100e-02
  -2.3980100e-02
  -6.9547400e-03
   9.3339300e-03
   2.4578100e-02
   3.9442600e-02
   5.4237600e-02
   6.9206000e-02
   8.5250100e-02
   1.0276700e-01
   1.2023300e-01
   1.3496700e-01
   1.4496100e-01
   1.4968100e-01
   1.5019900e-01
   1.4867100e-01
   1.4696500e-01
   1.4540800e-01
   1.4339700e-01
   1.4132500e-01
   1.4050800e-01
   1.4142900e-01
   1.4273100e-01
   1.4263900e-01
   1.4018200e-01
   1.3479000e-01
   1.2598300e-01
   1.1396800e-01
   9.9850600e-02
   8.4739900e-02
   6.9946900e-02
   5.7889900e-02
   5.1123800e-02
   5.0027700e-02
   5.2484800e-02
   5.6170200e-02
   6.0275700e-02
   6.4111300e-02
   6.5725800e-02
   6.3514300e-02
   5.7541200e-02
   4.8397600e-02
   3.6688700e-02
   2.3963200e-02
   1.2693500e-02
   4.0236900e-03
  -3.0456400e-03
  -9.8863900e-03
  -1.7013100e-02
  -2.4890500e-02
  -3.4566000e-02
  -4.6802400e-02
  -6.1235100e-02
  -7.6488600e-02
  -9.0755100e-02
  -1.0280600e-01
  -1.1212100e-01
  -1.1825000e-01
  -1.2119400e-01
  -1.2159000e-01
  -1.1992300e-01
  -1.1629900e-01
  -1.1115700e-01
  -1.0555200e-01
  -1.0046900e-01
  -9.6333700e-02
  -9.3224800e-02
  -9.1084500e-02
  -8.9702200e-02
  -8.9066200e-02
  -8.9406300e-02
  -9.0841800e-02
  -9.3213600e-02
  -9.6196100e-02
  -9.9781900e-02
  -1.0390700e-01
  -1.0787400e-01
  -1.1082400e-01
  -1.1241500e-01
  -1.1234000e-01
  -1.1027600e-01
  -1.0647500e-01
  -1.0190900e-01
  -9.7471900e-02
  -9.3630800e-02
  -9.0952000e-02
  -8.9612600e-02
  -8.8533400e-02
  -8.6086300e-02
  -8.1132700e-02
  -7.3030500e-02
  -6.1108000e-02
  -4.5101800e-02
  -2.5333300e-02
  -2.4369500e-03
   2.2291000e-02
   4.7321500e-02
   7.1718400e-02
   9.4296200e-02
   1.1375100e-01
   1.2939200e-01
   1.4080400e-01
   1.4776600e-01
   1.5013700e-01
   1.4819900e-01
   1.4271300e-01
   1.3490800e-01
   1.2644900e-01
   1.1890800e-01
   1.1323100e-01
   1.0934700e-01
   1.0641000e-01
   1.0353000e-01
   1.0019600e-01
   9.6052100e-02
   9.0820600e-02
   8.4733500e-02
   7.8135200e-02
   7.1164000e-02
   6.4190500e-02
   5.7985100e-02
   5.3206600e-02
   5.0045900e-02
   4.8528400e-02
   4.8314600e-02
   4.7903200e-02
   4.4882300e-02
   3.7715400e-02
   2.6987600e-02
   1.4435100e-02
   9.8605500e-04
  -1.3474600e-02
  -2.9009800e-02
  -4.4979600e-02
  -6.0609000e-02
  -7.5564500e-02
  -8.9392800e-02
  -1.0104700e-01
  -1.0941200e-01
  -1.1400400e-01
  -1.1491600e-01
  -1.1293900e-01
  -1.0954600e-01
  -1.0582600e-01
  -1.0181700e-01
  -9.7266000e-02
  -9.2085500e-02
  -8.5989900e-02
  -7.9052800e-02
  -7.2215300e-02
  -6.6981100e-02
  -6.4691600e-02
  -6.5930800e-02
  -7.0370600e-02
  -7.6978200e-02
  -8.4579800e-02
  -9.2242600e-02
  -9.9295000e-02
  -1.0526800e-01
  -1.0946000e-01
  -1.1069400e-01
  -1.0811000e-01
  -1.0185700e-01
  -9.2580500e-02
  -8.0895900e-02
  -6.7894800e-02
  -5.4937800e-02
  -4.3172900e-02
  -3.2735100e-02
  -2.2694100e-02
  -1.1768700e-02
   8.6471200e-04
   1.4535300e-02
   2.7861300e-02
   4.0184900e-02
   5.1070400e-02
   5.9591400e-02
   6.4680900e-02
   6.5994000e-02
   6.4372800e-02
   6.1329100e-02
   5.7902600e-02
   5.4314200e-02
   5.0832900e-02
   4.8283100e-02
   4.7413700e-02
   4.8676200e-02
   5.2225900e-02
   5.8000400e-02
   6.5771600e-02
   7.4987300e-02
   8.4396600e-02
   9.1781500e-02
   9.4948500e-02
   9.3080700e-02
   8.6264000e-02
   7.4606500e-02
   5.8130200e-02
   3.7216800e-02
   1.2949300e-02
  -1.2658700e-02
  -3.6921000e-02
  -5.7552300e-02
  -7.3451700e-02
  -8.4470200e-02
  -9.0584100e-02
  -9.1622200e-02
  -8.7015400e-02
  -7.6288500e-02
  -5.9745600e-02
  -3.8905800e-02
  -1.6817800e-02
   2.9142200e-03
   1.8251100e-02
   2.9287200e-02
   3.6988000e-02
   4.2057000e-02
   4.4595400e-02
   4.4519800e-02
   4.2083600e-02
   3.8475600e-02
   3.5528200e-02
   3.4533300e-02
   3.5813100e-02
   3.9267100e-02
   4.4674700e-02
   5.1562300e-02
   5.8806000e-02
   6.4645900e-02
   6.7440700e-02
   6.6299500e-02
   6.1100500e-02
   5.2821700e-02
   4.3900000e-02
   3.7082900e-02
   3.3491700e-02
   3.3252900e-02
   3.6607400e-02
   4.3298100e-02
   5.1989800e-02
   6.0622800e-02
   6.6969500e-02
   6.8878100e-02
   6.4965700e-02
   5.5786800e-02
   4.3324800e-02
   2.9433300e-02
   1.5085200e-02
   7.4333700e-04
  -1.2943800e-02
  -2.4902100e-02
  -3.4512800e-02
  -4.2556100e-02
  -5.0159800e-02
  -5.6881600e-02
  -6.1532400e-02
  -6.3590800e-02
  -6.3281500e-02
  -6.1013400e-02
  -5.7424200e-02
  -5.3317000e-02
  -4.9669900e-02
  -4.6964400e-02
  -4.4977000e-02
  -4.3742600e-02
  -4.3806500e-02
  -4.5565900e-02
  -4.8336300e-02
  -5.1007200e-02
  -5.3161000e-02
  -5.4658200e-02
  -5.5179700e-02
  -5.4582300e-02
  -5.2900000e-02
  -4.9863000e-02
  -4.4938200e-02
  -3.7978800e-02
  -2.9699800e-02
  -2.1486100e-02
  -1.4975600e-02
  -1.1282600e-02
  -1.0440600e-02
  -1.1663700e-02
  -1.3964000e-02
  -1.6223100e-02
  -1.7679800e-02
  -1.8363300e-02
  -1.9076100e-02
  -2.0748000e-02
  -2.3634200e-02
  -2.7604000e-02
  -3.2477800e-02
  -3.7724700e-02
  -4.2455900e-02
  -4.6106500e-02
  -4.8865000e-02
  -5.0997400e-02
  -5.1872400e-02
  -5.1094500e-02
  -4.9468100e-02
  -4.8046000e-02
  -4.7223700e-02
  -4.7347600e-02
  -4.8994700e-02
  -5.2136300e-02
  -5.5916600e-02
  -5.9814700e-02
  -6.3598000e-02
  -6.6519100e-02
  -6.7427700e-02
  -6.5439800e-02
  -6.0272800e-02
  -5.2045100e-02
  -4.1561300e-02
  -3.0622600e-02
  -2.1168700e-02
  -1.4170700e-02
  -9.5829500e-03
  -7.1969500e-03
  -6.7706000e-03
  -7.3422300e-03
  -7.5361400e-03
  -6.7697300e-03
  -5.3213200e-03
  -3.7402000e-03
  -2.2929500e-03
  -1.2139200e-03
  -6.5306800e-04
  -3.9480700e-04
  -2.0607500e-04
   1.3410400e-05
   3.0279600e-04
   3.2067200e-04
  -5.5918500e-04
  -2.6953200e-03
  -6.2501700e-03
  -1.1344200e-02
  -1.7984600e-02
  -2.6218000e-02
  -3.5936800e-02
  -4.6163700e-02
  -5.5427300e-02
  -6.2707900e-02
  -6.7782400e-02
  -7.0517000e-02
  -7.0547700e-02
  -6.8237200e-02
  -6.4894800e-02
  -6.1818300e-02
  -5.9561100e-02
  -5.8385700e-02
  -5.8350700e-02
  -5.8799300e-02
  -5.9038300e-02
  -5.8671500e-02
  -5.7362800e-02
  -5.4938900e-02
  -5.1392800e-02
  -4.6787700e-02
  -4.1279800e-02
  -3.4899500e-02
  -2.7791300e-02
  -2.0798700e-02
  -1.5034400e-02
  -1.0968500e-02
  -8.4126900e-03
  -6.9413500e-03
  -6.2088100e-03
  -5.7286300e-03
  -4.8652500e-03
  -3.4375600e-03
  -1.7487600e-03
  -2.7217700e-04
   6.7017600e-04
   1.0510800e-03
   7.0548400e-04
  -7.9218700e-04
  -3.5626000e-03
  -7.8310000e-03
  -1.4023900e-02
  -2.2190200e-02
  -3.2208000e-02
  -4.3690000e-02
  -5.5690700e-02
  -6.6975200e-02
  -7.6251600e-02
  -8.2976300e-02
  -8.7458700e-02
  -9.0039700e-02
  -9.0871500e-02
  -9.0346400e-02
  -8.8817500e-02
  -8.6245000e-02
  -8.2271600e-02
  -7.7023800e-02
  -7.1465200e-02
  -6.6562600e-02
  -6.2607700e-02
  -5.9653900e-02
  -5.8122100e-02
  -5.8324600e-02
  -5.9623700e-02
  -6.0984400e-02
  -6.1999600e-02
  -6.2765000e-02
  -6.3268400e-02
  -6.3436000e-02
  -6.3310000e-02
  -6.2814000e-02
  -6.1600900e-02
  -5.9161900e-02
  -5.5002700e-02
  -4.9036000e-02
  -4.1571600e-02
  -3.3030700e-02
  -2.3863700e-02
  -1.4230200e-02
  -4.2116300e-03
   5.8188300e-03
   1.5172700e-02
   2.3064200e-02
   2.9008900e-02
   3.2762800e-02
   3.4113800e-02
   3.2913600e-02
   2.9366700e-02
   2.4040100e-02
   1.7542800e-02
   1.0381600e-02
   3.3590100e-03
  -2.7490800e-03
  -7.3689700e-03
  -1.0227900e-02
  -1.1239600e-02
  -1.0299900e-02
  -7.8533800e-03
  -4.6443600e-03
  -8.7531100e-04
   3.4338400e-03
   8.0777000e-03
   1.2767000e-02
   1.7321200e-02
   2.1700900e-02
   2.5651400e-02
   2.8636300e-02
   3.0374000e-02
   3.0891300e-02
   3.0037200e-02
   2.7947200e-02
   2.5076000e-02
   2.1745800e-02
   1.8118600e-02
   1.4390600e-02
   1.1028000e-02
   8.7325500e-03
   7.4485500e-03
   6.9559400e-03
   7.7317600e-03
   9.8873000e-03
   1.2426800e-02
   1.4432700e-02
   1.5805800e-02
   1.6492400e-02
   1.6014600e-02
   1.4036600e-02
   1.0983600e-02
   7.6677400e-03
   4.3944100e-03
   1.4844800e-03
  -5.4522800e-04
  -1.5996900e-03
  -2.0589100e-03
  -2.2797700e-03
  -2.4195000e-03
  -2.5501600e-03
  -2.7120300e-03
  -2.5917000e-03
  -1.9176500e-03
  -8.0182300e-04
   5.7049400e-04
   2.3607500e-03
   4.7280600e-03
   7.2976500e-03
   9.6393400e-03
   1.1715400e-02
   1.3468700e-02
   1.4563300e-02
   1.4627800e-02
   1.3754300e-02
   1.2474400e-02
   1.1057500e-02
   9.5075100e-03
   7.7840500e-03
   5.9810800e-03
   3.9922300e-03
   1.5380600e-03
  -1.2867400e-03
  -4.2339500e-03
  -7.6709100e-03
  -1.2086700e-02
  -1.7174700e-02
  -2.2271100e-02
  -2.6887000e-02
  -3.1023900e-02
  -3.4628700e-02
  -3.7452700e-02
  -3.9623700e-02
  -4.1449600e-02
  -4.3178000e-02
  -4.4953700e-02
  -4.6958500e-02
  -4.9091900e-02
  -5.0917000e-02
  -5.2093400e-02
  -5.2323700e-02
  -5.1492700e-02
  -4.9516700e-02
  -4.6148000e-02
  -4.1815900e-02
  -3.7424400e-02
  -3.3372400e-02
  -2.9592600e-02
  -2.6437600e-02
  -2.4357200e-02
  -2.3088100e-02
  -2.1945200e-02
  -2.0854800e-02
  -1.9969400e-02
  -1.9030400e-02
  -1.7727900e-02
  -1.5935800e-02
  -1.3668600e-02
  -1.1118800e-02
  -8.6451500e-03
  -6.7848500e-03
  -5.9974800e-03
  -6.3673500e-03
  -7.5658400e-03
  -9.4647000e-03
  -1.2153400e-02
  -1.5279400e-02
  -1.8472200e-02
  -2.1680700e-02
  -2.4752200e-02
  -2.7463400e-02
  -2.9601400e-02
  -3.1067600e-02
  -3.1600400e-02
  -3.0804500e-02
  -2.8600300e-02
  -2.5233900e-02
  -2.1111400e-02
  -1.6429400e-02
  -1.1575400e-02
  -7.1619600e-03
  -3.5682500e-03
  -6.8471600e-04
   1.7998500e-03
   3.6659300e-03
   4.4390200e-03
   4.0075300e-03
   2.6147700e-03
   5.3004900e-04
  -1.9612100e-03
  -4.5130700e-03
  -6.9083900e-03
  -8.9306600e-03
  -1.0317600e-02
  -1.0930400e-02
  -1.0977400e-02
  -1.0600500e-02
  -9.9169200e-03
  -9.2151500e-03
  -8.8662800e-03
  -9.0947400e-03
  -9.8574200e-03
  -1.0809100e-02
  -1.1587900e-02
  -1.2367800e-02
  -1.3424800e-02
  -1.4528600e-02
  -1.5481200e-02
  -1.6283100e-02
  -1.6972900e-02
  -1.7553700e-02
  -1.7906500e-02
  -1.8174000e-02
  -1.8601300e-02
  -1.9271200e-02
  -2.0169200e-02
  -2.1377900e-02
  -2.3069200e-02
  -2.5176600e-02
  -2.7345000e-02
  -2.9643600e-02
  -3.2543200e-02
  -3.5976200e-02
  -3.9270800e-02
  -4.2053600e-02
  -4.4464800e-02
  -4.6564600e-02
  -4.8289200e-02
  -4.9815900e-02
  -5.1255200e-02
  -5.2414400e-02
  -5.3278300e-02
  -5.3998500e-02
  -5.4735300e-02
  -5.5307000e-02
  -5.5515700e-02
  -5.5501100e-02
  -5.5444800e-02
  -5.5395500e-02
  -5.5337300e-02
  -5.5337400e-02
  -5.5608700e-02
  -5.6092200e-02
  -5.6484400e-02
  -5.6712300e-02
  -5.6864200e-02
  -5.6979500e-02
  -5.6993200e-02
  -5.6993900e-02
  -5.6990500e-02
  -5.6855000e-02
  -5.6547300e-02
  -5.5927300e-02
  -5.4827000e-02
  -5.3114600e-02
  -5.0633300e-02
  -4.7202200e-02
  -4.2850400e-02
  -3.7792400e-02
  -3.2273600e-02
  -2.6413100e-02
  -2.0334000e-02
  -1.4385800e-02
  -8.7201900e-03
  -3.4506300e-03
   1.0594500e-03
   4.4868300e-03
   7.0087900e-03
   9.0997100e-03
   1.0976000e-02
   1.2661200e-02
   1.4221000e-02
   1.5670800e-02
   1.6993800e-02
   1.8072300e-02
   1.8810700e-02
   1.9150500e-02
   1.8864800e-02
   1.7742400e-02
   1.6061200e-02
   1.4427100e-02
   1.2657300e-02
   1.0357200e-02
   8.0539900e-03
   6.1881300e-03
   4.3977000e-03
   2.4771400e-03
   6.6201000e-04
  -9.5282700e-04
  -2.5573800e-03
  -3.9596500e-03
  -4.5774000e-03
  -4.4428700e-03
  -3.9916100e-03
  -3.2388000e-03
  -1.6811400e-03
   8.2996900e-04
   3.8443800e-03
   6.9890300e-03
   1.0357800e-02
   1.3972800e-02
   1.7581000e-02
   2.1220700e-02
   2.5202300e-02
   2.9390200e-02
   3.3611500e-02
   3.8090800e-02
   4.2862900e-02
   4.7809300e-02
   5.2715600e-02
   5.7493200e-02
   6.2312800e-02
   6.7011200e-02
   7.1381800e-02
   7.5388300e-02
   7.8873800e-02
   8.1845600e-02
   8.4427100e-02
   8.6635000e-02
   8.8388900e-02
   8.9538500e-02
   9.0193700e-02
   9.0547800e-02
   9.0528400e-02
   8.9833500e-02
   8.8211100e-02
   8.5909100e-02
   8.3162300e-02
   8.0074100e-02
   7.6737800e-02
   7.3334000e-02
   6.9863100e-02
   6.6322000e-02
   6.2934400e-02
   5.9785100e-02
   5.6723700e-02
   5.3552000e-02
   5.0384000e-02
   4.7516200e-02
   4.5008600e-02
   4.2870600e-02
   4.1203400e-02
   4.0042500e-02
   3.9282000e-02
   3.8665200e-02
   3.7785900e-02
   3.6392800e-02
   3.4545200e-02
   3.2163300e-02
   2.9037600e-02
   2.5354100e-02
   2.1313400e-02
   1.7097900e-02
   1.2972100e-02
   9.1114000e-03
   5.4240400e-03
   1.8551400e-03
  -1.4413700e-03
  -4.2468900e-03
  -6.6233800e-03
  -8.8298700e-03
  -1.0969300e-02
  -1.3042500e-02
  -1.4881000e-02
  -1.6467200e-02
  -1.7973000e-02
  -1.9144900e-02
  -1.9865400e-02
  -2.0515200e-02
  -2.1389400e-02
  -2.2357600e-02
  -2.3358700e-02
  -2.4548200e-02
  -2.6008700e-02
  -2.7603100e-02
  -2.9141000e-02
  -3.0477500e-02
  -3.1662300e-02
  -3.2708000e-02
  -3.3486100e-02
  -3.3968600e-02
  -3.4326300e-02
  -3.4497900e-02
  -3.4204400e-02
  -3.3515500e-02
  -3.2711200e-02
  -3.1721800e-02
  -3.0114800e-02
  -2.7826800e-02
  -2.5023800e-02
  -2.1763700e-02
  -1.8080500e-02
  -1.3993200e-02
  -9.6994500e-03
  -5.5580300e-03
  -1.8733900e-03
   1.0447700e-03
   3.1005000e-03
   4.3456300e-03
   4.7907100e-03
   4.5924100e-03
   3.8237700e-03
   2.6383100e-03
   1.3263300e-03
  -1.9758700e-04
  -2.1310000e-03
  -4.1482600e-03
  -5.9836600e-03
  -7.6246500e-03
  -9.0135500e-03
  -9.9551600e-03
  -1.0133500e-02
  -9.5980200e-03
  -8.5558800e-03
  -7.1435300e-03
  -5.4308500e-03
  -3.3968300e-03
  -1.2852600e-03
   7.5326600e-04
   2.8356300e-03
   5.1169600e-03
   7.5952700e-03
   1.0419400e-02
   1.3861100e-02
   1.7779700e-02
   2.1843500e-02
   2.6057700e-02
   3.0382500e-02
   3.4463100e-02
   3.8220700e-02
   4.1661800e-02
   4.4639600e-02
   4.7319000e-02
   4.9725300e-02
   5.1835200e-02
   5.3769500e-02
   5.5613900e-02
   5.7245100e-02
   5.8452700e-02
   5.9443000e-02
   6.0474400e-02
   6.1329500e-02
   6.1912000e-02
   6.2512900e-02
   6.3120300e-02
   6.3457900e-02
   6.3416700e-02
   6.3090200e-02
   6.2358900e-02
   6.1045400e-02
   5.9280600e-02
   5.7276900e-02
   5.4968300e-02
   5.2474400e-02
   5.0353600e-02
   4.8918700e-02
   4.8019500e-02
   4.7606800e-02
   4.7640000e-02
   4.8121200e-02
   4.8986500e-02
   4.9716600e-02
   5.0019700e-02
   5.0267000e-02
   5.0582400e-02
   5.0540500e-02
   4.9893500e-02
   4.8770300e-02
   4.7173200e-02
   4.4966000e-02
   4.2196200e-02
   3.9226000e-02
   3.6484600e-02
   3.4220500e-02
   3.2690900e-02
   3.2128400e-02
   3.2554900e-02
   3.3770500e-02
   3.5565600e-02
   3.7738300e-02
   4.0216200e-02
   4.2513500e-02
   4.4316500e-02
   4.5923400e-02
   4.7425600e-02
   4.8648200e-02
   4.9454300e-02
   5.0031000e-02
   5.0464000e-02
   5.0793000e-02
   5.1151900e-02
   5.1630800e-02
   5.2065900e-02
   5.2369500e-02
   5.2515100e-02
   5.2375300e-02
   5.1771100e-02
   5.0687500e-02
   4.9402600e-02
   4.8122400e-02
   4.7022200e-02
   4.6159700e-02
   4.5448400e-02
   4.4789500e-02
   4.4074200e-02
   4.3254500e-02
   4.2197300e-02
   4.0778200e-02
   3.8926900e-02
   3.6715100e-02
   3.4287400e-02
   3.1903700e-02
   2.9784500e-02
   2.7863300e-02
   2.6147600e-02
   2.4708600e-02
   2.3497700e-02
   2.2630700e-02
   2.1951000e-02
   2.1062500e-02
   1.9751900e-02
   1.8210100e-02
   1.6461100e-02
   1.4732100e-02
   1.3231100e-02
   1.1927300e-02
   1.0857400e-02
   1.0050500e-02
   9.4416700e-03
   9.0952000e-03
   9.0841200e-03
   9.3647800e-03
   9.8719700e-03
   1.0331000e-02
   1.0591700e-02
   1.0883600e-02
   1.1299000e-02
   1.1631100e-02
   1.1748200e-02
   1.1778600e-02
   1.1709700e-02
   1.1280900e-02
   1.0399600e-02
   9.3639900e-03
   8.2882500e-03
   7.0520800e-03
   6.0045800e-03
   5.5667500e-03
   5.6002000e-03
   5.8977300e-03
   6.6002600e-03
   7.6736800e-03
   8.8128100e-03
   9.9127600e-03
   1.1056900e-02
   1.2194300e-02
   1.3175000e-02
   1.4007600e-02
   1.4804200e-02
   1.5659000e-02
   1.6449000e-02
   1.6915200e-02
   1.6996600e-02
   1.6870900e-02
   1.6647300e-02
   1.6320900e-02
   1.5860700e-02
   1.5520100e-02
   1.5598600e-02
   1.5949800e-02
   1.6441200e-02
   1.7291200e-02
   1.8602400e-02
   2.0111100e-02
   2.1389800e-02
   2.2250100e-02
   2.2908800e-02
   2.3272400e-02
   2.3183000e-02
   2.2907700e-02
   2.2684600e-02
   2.2451200e-02
   2.2114700e-02
   2.1871900e-02
   2.1645000e-02
   2.0949800e-02
   1.9835500e-02
   1.8658900e-02
   1.7483200e-02
   1.6328500e-02
   1.5178700e-02
   1.4248800e-02
   1.3610800e-02
   1.3031100e-02
   1.2362400e-02
   1.1635800e-02
   1.0910400e-02
   1.0474500e-02
   1.0519500e-02
   1.1009700e-02
   1.1967900e-02
   1.3246700e-02
   1.4582300e-02
   1.5946900e-02
   1.7230900e-02
   1.7957900e-02
   1.7999300e-02
   1.7513000e-02
   1.6630200e-02
   1.5459200e-02
   1.4348000e-02
   1.3598500e-02
   1.3179700e-02
   1.3375300e-02
   1.4357200e-02
   1.6117400e-02
   1.8599300e-02
   2.1681100e-02
   2.5143200e-02
   2.8758800e-02
   3.2387800e-02
   3.5723400e-02
   3.8634900e-02
   4.1386200e-02
   4.4115400e-02
   4.6445900e-02
   4.8073300e-02
   4.9155600e-02
   4.9732300e-02
   4.9631500e-02
   4.8853000e-02
   4.7542900e-02
   4.5801200e-02
   4.3654300e-02
   4.1364200e-02
   3.9440100e-02
   3.8014400e-02
   3.6982100e-02
   3.6351300e-02
   3.6016600e-02
   3.5695200e-02
   3.5210700e-02
   3.4558200e-02
   3.3812600e-02
   3.3027700e-02
   3.2023900e-02
   3.0806900e-02
   2.9454200e-02
   2.7896200e-02
   2.5946100e-02
   2.3509800e-02
   2.0806700e-02
   1.7885900e-02
   1.4637500e-02
   1.1166800e-02
   7.8663900e-03
   4.8741500e-03
   2.1880400e-03
  -4.2879100e-05
  -1.5879500e-03
  -2.4068700e-03
  -2.9712500e-03
  -3.4211900e-03
  -3.4539600e-03
  -3.2128500e-03
  -3.0209400e-03
  -2.8058100e-03
  -2.4085400e-03
  -1.8095500e-03
  -1.1323200e-03
  -4.7660000e-04
  -3.8019000e-05
  -1.3821700e-04
  -1.0025200e-03
  -2.6621900e-03
  -5.0049500e-03
  -7.8258800e-03
  -1.0838300e-02
  -1.3868700e-02
  -1.6804800e-02
  -1.9226700e-02
  -2.1240900e-02
  -2.3242200e-02
  -2.4818800e-02
  -2.5774400e-02
  -2.6779200e-02
  -2.8258400e-02
  -2.9891100e-02
  -3.1641500e-02
  -3.3794400e-02
  -3.6361500e-02
  -3.9152700e-02
  -4.2084400e-02
  -4.5175800e-02
  -4.8395300e-02
  -5.1599500e-02
  -5.4673200e-02
  -5.7638300e-02
  -6.0444900e-02
  -6.2844000e-02
  -6.4972400e-02
  -6.7034600e-02
  -6.8889100e-02
  -7.0291000e-02
  -7.1285600e-02
  -7.2088000e-02
  -7.2760700e-02
  -7.3300700e-02
  -7.3745200e-02
  -7.3974200e-02
  -7.3967800e-02
  -7.3690700e-02
  -7.3063300e-02
  -7.2070900e-02
  -7.0625100e-02
  -6.8721200e-02
  -6.6598700e-02
  -6.4552500e-02
  -6.2734700e-02
  -6.1134400e-02
  -5.9865000e-02
  -5.9194700e-02
  -5.9058900e-02
  -5.9085400e-02
  -5.9276300e-02
  -5.9877800e-02
  -6.0561300e-02
  -6.1031800e-02
  -6.1543900e-02
  -6.2180000e-02
  -6.2717600e-02
  -6.2985900e-02
  -6.2830600e-02
  -6.2217700e-02
  -6.1136200e-02
  -5.9520400e-02
  -5.7233300e-02
  -5.4349400e-02
  -5.1154100e-02
  -4.7679700e-02
  -4.3912400e-02
  -4.0267700e-02
  -3.6812500e-02
  -3.3261100e-02
  -2.9774100e-02
  -2.6609100e-02
  -2.3635300e-02
  -2.0580400e-02
  -1.7551000e-02
  -1.4695700e-02
  -1.1870900e-02
  -9.0291300e-03
  -6.3183500e-03
  -3.8466700e-03
  -1.6861200e-03
   1.4510200e-04
   1.4941300e-03
   2.2056500e-03
   2.2365000e-03
   1.5985100e-03
   5.1969300e-04
  -1.1812400e-03
  -3.5786800e-03
  -6.2085500e-03
  -8.8282100e-03
  -1.1547500e-02
  -1.4191500e-02
  -1.6343900e-02
  -1.7748800e-02
  -1.8556000e-02
  -1.8960400e-02
  -1.8987800e-02
  -1.8688700e-02
  -1.8359700e-02
  -1.8350200e-02
  -1.8590200e-02
  -1.8921300e-02
  -1.9219400e-02
  -1.9255500e-02
  -1.8810300e-02
  -1.7774600e-02
  -1.6272100e-02
  -1.4488600e-02
  -1.2503700e-02
  -1.0554600e-02
  -9.0365200e-03
  -8.1030600e-03
  -7.4263800e-03
  -6.5957200e-03
  -5.5819800e-03
  -4.4801400e-03
  -3.1502900e-03
  -1.6166400e-03
  -5.6966000e-05
   1.4199800e-03
   2.6940900e-03
   3.6579900e-03
   4.1582100e-03
   4.0351300e-03
   3.3015100e-03
   1.9579300e-03
  -4.7388300e-05
  -2.5903900e-03
  -5.3423500e-03
  -8.2272600e-03
  -1.1346600e-02
  -1.4481700e-02
  -1.7310000e-02
  -1.9773500e-02
  -2.2058300e-02
  -2.4136500e-02
  -2.5871500e-02
  -2.7297900e-02
  -2.8386600e-02
  -2.9308600e-02
  -3.0243200e-02
  -3.1107100e-02
  -3.1771300e-02
  -3.2180800e-02
  -3.2399700e-02
  -3.2420800e-02
  -3.2151700e-02
  -3.1537600e-02
  -3.0282100e-02
  -2.8532800e-02
  -2.6796900e-02
  -2.5328400e-02
  -2.4062300e-02
  -2.2911200e-02
  -2.1995200e-02
  -2.1503800e-02
  -2.1441600e-02
  -2.1544200e-02
  -2.1763600e-02
  -2.1994200e-02
  -2.1898500e-02
  -2.1339400e-02
  -2.0286200e-02
  -1.8717700e-02
  -1.6670000e-02
  -1.4458400e-02
  -1.2467000e-02
  -1.0743100e-02
  -9.3451600e-03
  -8.7479100e-03
  -9.3164600e-03
  -1.0891000e-02
  -1.3153000e-02
  -1.5981900e-02
  -1.9140700e-02
  -2.2187800e-02
  -2.4889200e-02
  -2.7125000e-02
  -2.8759800e-02
  -2.9750600e-02
  -2.9971900e-02
  -2.9366400e-02
  -2.8165100e-02
  -2.6733400e-02
  -2.5226900e-02
  -2.3574700e-02
  -2.2231300e-02
  -2.1316400e-02
  -2.0302500e-02
  -1.9059000e-02
  -1.7998800e-02
  -1.7180900e-02
  -1.6298100e-02
  -1.5321300e-02
  -1.4326500e-02
  -1.3413600e-02
  -1.2649500e-02
  -1.1973300e-02
  -1.1404700e-02
  -1.0932600e-02
  -1.0314400e-02
  -9.4494700e-03
  -8.4546100e-03
  -7.4711800e-03
  -6.4844400e-03
  -5.1570600e-03
  -3.8621500e-03
  -3.2394700e-03
  -3.0368600e-03
  -2.9719900e-03
  -3.3825700e-03
  -4.3996400e-03
  -5.6940300e-03
  -7.2062000e-03
  -9.0573100e-03
  -1.1188400e-02
  -1.3539600e-02
  -1.6099600e-02
  -1.8934000e-02
  -2.1980300e-02
  -2.4971200e-02
  -2.7775300e-02
  -3.0305000e-02
  -3.2611100e-02
  -3.4729700e-02
  -3.6626500e-02
  -3.8482600e-02
  -4.0302400e-02
  -4.1808100e-02
  -4.3038300e-02
  -4.4102300e-02
  -4.4877300e-02
  -4.5276900e-02
  -4.5413000e-02
  -4.5383500e-02
  -4.5215100e-02
  -4.4802400e-02
  -4.4173300e-02
  -4.3464500e-02
  -4.2614400e-02
  -4.1576600e-02
  -4.0290000e-02
  -3.8777300e-02
  -3.7200700e-02
  -3.5597900e-02
  -3.4053300e-02
  -3.2761300e-02
  -3.1495600e-02
  -2.9963200e-02
  -2.8355400e-02
  -2.7029000e-02
  -2.5988500e-02
  -2.5007900e-02
  -2.4091300e-02
  -2.3392400e-02
  -2.2940400e-02
  -2.2657800e-02
  -2.2567700e-02
  -2.2667400e-02
  -2.2887000e-02
  -2.3110400e-02
  -2.3206900e-02
  -2.2996100e-02
  -2.2428400e-02
  -2.1582800e-02
  -2.0516000e-02
  -1.9426200e-02
  -1.8379900e-02
  -1.7169300e-02
  -1.5846100e-02
  -1.4958900e-02
  -1.4617100e-02
  -1.4414100e-02
  -1.4450800e-02
  -1.5012800e-02
  -1.6019200e-02
  -1.7207100e-02
  -1.8523400e-02
  -1.9969800e-02
  -2.1337700e-02
  -2.2484500e-02
  -2.3398700e-02
  -2.3920000e-02
  -2.3749800e-02
  -2.2894700e-02
  -2.1435700e-02
  -1.9407500e-02
  -1.6736900e-02
  -1.3378400e-02
  -9.7219600e-03
  -6.2908400e-03
  -3.0616900e-03
   1.3512200e-04
   3.1442800e-03
   5.6992700e-03
   7.7029300e-03
   9.2795500e-03
   1.0578900e-02
   1.1618200e-02
   1.2443300e-02
   1.3164900e-02
   1.3914200e-02
   1.4669200e-02
   1.5156900e-02
   1.5175600e-02
   1.4625500e-02
   1.3328400e-02
   1.1239900e-02
   8.6383700e-03
   5.6618400e-03
   2.5129200e-03
  -4.1787100e-04
  -2.8388600e-03
  -4.6131300e-03
  -5.7649000e-03
  -6.4361400e-03
  -6.6159800e-03
  -6.4273700e-03
  -5.9893200e-03
  -5.3852500e-03
  -4.6298700e-03
  -3.7935800e-03
  -2.8884500e-03
  -1.7984700e-03
  -4.7733400e-04
   8.9882500e-04
   2.0480400e-03
   2.7918600e-03
   3.4898900e-03
   4.2159200e-03
   4.6593700e-03
   4.7743100e-03
   4.7251200e-03
   4.7586400e-03
   4.8146800e-03
   4.7134800e-03
   4.4691500e-03
   4.1671800e-03
   3.8743100e-03
   3.8244000e-03
   4.1273200e-03
   4.6210400e-03
   5.2708000e-03
   6.4640600e-03
   8.2807500e-03
   1.0391600e-02
   1.2378500e-02
   1.4076200e-02
   1.5662300e-02
   1.7052000e-02
   1.7992000e-02
   1.8499900e-02
   1.8978700e-02
   1.9664500e-02
   2.0526600e-02
   2.1669000e-02
   2.3226800e-02
   2.5110600e-02
   2.7095100e-02
   2.9021100e-02
   3.0671800e-02
   3.1914100e-02
   3.2781100e-02
   3.3329300e-02
   3.3578100e-02
   3.3600800e-02
   3.3445500e-02
   3.3207500e-02
   3.3112000e-02
   3.3147300e-02
   3.3034200e-02
   3.2522500e-02
   3.1737500e-02
   3.0694400e-02
   2.9171600e-02
   2.7407400e-02
   2.5571800e-02
   2.3610200e-02
   2.1559600e-02
   1.9613100e-02
   1.7975700e-02
   1.6699000e-02
   1.5856200e-02
   1.5575000e-02
   1.5736500e-02
   1.6119100e-02
   1.6680300e-02
   1.7126900e-02
   1.7153900e-02
   1.6872900e-02
   1.6355800e-02
   1.5572900e-02
   1.4538900e-02
   1.3529900e-02
   1.2957700e-02
   1.2845500e-02
   1.3050800e-02
   1.3673300e-02
   1.4663900e-02
   1.5757200e-02
   1.6732800e-02
   1.7490100e-02
   1.7995100e-02
   1.8225500e-02
   1.8155500e-02
   1.7889300e-02
   1.7348200e-02
   1.6592900e-02
   1.5986700e-02
   1.5702000e-02
   1.5702300e-02
   1.5843900e-02
   1.6336000e-02
   1.7317100e-02
   1.8549600e-02
   1.9942400e-02
   2.1538600e-02
   2.3294200e-02
   2.4982900e-02
   2.6366700e-02
   2.7356900e-02
   2.7942000e-02
   2.8252900e-02
   2.8419800e-02
   2.8657800e-02
   2.8871800e-02
   2.8728600e-02
   2.8333900e-02
   2.7900600e-02
   2.7287500e-02
   2.6430800e-02
   2.5364000e-02
   2.4313500e-02
   2.3457100e-02
   2.2778400e-02
   2.2442100e-02
   2.2583800e-02
   2.3175900e-02
   2.4110500e-02
   2.5348100e-02
   2.6853800e-02
   2.8291100e-02
   2.9406600e-02
   3.0281600e-02
   3.0974700e-02
   3.1515500e-02
   3.1911500e-02
   3.2176200e-02
   3.2524700e-02
   3.2909200e-02
   3.3000700e-02
   3.2722800e-02
   3.2214400e-02
   3.1563000e-02
   3.0770400e-02
   2.9866000e-02
   2.9075100e-02
   2.8602300e-02
   2.8298600e-02
   2.8006100e-02
   2.7904400e-02
   2.7991300e-02
   2.8097500e-02
   2.8215700e-02
   2.8470000e-02
   2.8934400e-02
   2.9664700e-02
   3.0703400e-02
   3.2263900e-02
   3.4428600e-02
   3.6787500e-02
   3.9043100e-02
   4.1210300e-02
   4.3269500e-02
   4.4996700e-02
   4.6118200e-02
   4.6563400e-02
   4.6572100e-02
   4.5968800e-02
   4.4588900e-02
   4.2798800e-02
   4.0954500e-02
   3.9082300e-02
   3.7202900e-02
   3.5487600e-02
   3.4138400e-02
   3.3111100e-02
   3.2280500e-02
   3.1728700e-02
   3.1328000e-02
   3.0808400e-02
   3.0190200e-02
   2.9588400e-02
   2.9067000e-02
   2.8544400e-02
   2.8002500e-02
   2.7532000e-02
   2.6971500e-02
   2.6120400e-02
   2.5109900e-02
   2.3884700e-02
   2.2241100e-02
   2.0267300e-02
   1.8157300e-02
   1.5936100e-02
   1.3521200e-02
   1.0788900e-02
   7.9531900e-03
   5.4567400e-03
   3.2278900e-03
   9.6290300e-04
  -1.1353200e-03
  -2.8865700e-03
  -4.4602100e-03
  -6.0528000e-03
  -7.5317600e-03
  -8.7116200e-03
  -9.7338100e-03
  -1.0820600e-02
  -1.1971800e-02
  -1.3028900e-02
  -1.3949800e-02
  -1.4796800e-02
  -1.5472600e-02
  -1.5799300e-02
  -1.5700400e-02
  -1.5226900e-02
  -1.4275800e-02
  -1.2759800e-02
  -1.0827300e-02
  -8.9191500e-03
  -7.2196900e-03
  -5.6773700e-03
  -4.3399300e-03
  -3.3479600e-03
  -2.6715000e-03
  -2.1999100e-03
  -1.8434500e-03
  -1.4992200e-03
  -1.0299000e-03
  -3.8333700e-04
   3.9498400e-04
   1.1586500e-03
   1.8448600e-03
   2.4663300e-03
   2.9359100e-03
   3.0158000e-03
   2.7465100e-03
   2.2992000e-03
   1.7446500e-03
   1.1213600e-03
   4.3054200e-04
  -2.3126200e-04
  -8.6103100e-04
  -1.4509700e-03
  -1.8162800e-03
  -1.9520300e-03
  -1.8310500e-03
  -1.3027300e-03
  -3.8049900e-04
   8.2967100e-04
   2.2206100e-03
   3.7315100e-03
   5.3147300e-03
   6.8676500e-03
   8.1363600e-03
   9.0371700e-03
   9.6389000e-03
   1.0414900e-02
