   7.3236000e-02
   7.5894400e-02
   5.9795100e-02
   3.8250600e-02
   2.5033000e-02
   1.4279100e-02
  -6.3701700e-03
  -3.3200900e-02
  -5.2367500e-02
  -5.4250900e-02
  -3.6489500e-02
  -1.2877000e-02
   4.7172100e-03
   1.5899400e-02
   2.2197200e-02
   2.5564300e-02
   2.4267200e-02
   1.1145500e-02
  -1.1102700e-02
  -3.1565300e-02
  -3.4541900e-02
  -2.6685000e-02
  -1.7267900e-02
  -8.4483500e-03
  -2.8552000e-03
   6.4599000e-03
   2.3525900e-02
   3.8639100e-02
   3.6092900e-02
   2.3057800e-02
   1.7972500e-02
   2.3382100e-02
   2.5188000e-02
   1.9174700e-02
   1.5560900e-03
  -2.7386500e-02
  -5.6337300e-02
  -6.7278800e-02
  -6.4370600e-02
  -5.0601400e-02
  -2.4340600e-02
  -1.0880400e-03
   8.2760200e-03
   1.4252600e-02
   2.7725100e-02
   2.8773300e-02
   5.0669700e-03
  -2.5158400e-02
  -3.2142500e-02
  -1.7348400e-02
   7.9293100e-03
   3.2730800e-02
   4.4395400e-02
   3.8978600e-02
   3.7286900e-02
   5.0822600e-02
   5.8835600e-02
   5.0328100e-02
   3.3230500e-02
   3.3487500e-02
   5.0808400e-02
   6.6747600e-02
   6.2957300e-02
   3.2111900e-02
  -7.7834900e-03
  -2.6857300e-02
  -2.4199900e-02
  -3.0968800e-02
  -5.4452800e-02
  -7.8317300e-02
  -7.2597700e-02
  -4.3678500e-02
  -1.3570400e-02
  -8.4208200e-03
  -3.0421200e-02
  -5.7919900e-02
  -7.2566100e-02
  -7.8911700e-02
  -7.7315900e-02
  -4.7589100e-02
  -6.5924600e-03
   2.9347400e-02
   5.5055500e-02
   7.5008300e-02
   8.9845100e-02
   9.7501200e-02
   7.8828100e-02
   3.8401500e-02
   1.9089100e-02
   2.5959900e-02
   2.6027200e-02
   2.2961000e-02
   2.5124800e-02
   1.4680900e-02
   4.3032000e-04
  -3.0815800e-03
  -8.0057900e-03
  -1.5290600e-02
  -1.4568700e-02
  -9.5822700e-03
  -1.1040500e-02
  -1.8805600e-02
  -2.3087400e-02
  -3.7030000e-02
  -6.3039900e-02
  -8.8743800e-02
  -1.1002500e-01
  -1.2206900e-01
  -1.1739400e-01
  -1.0425800e-01
  -8.6467800e-02
  -6.2386200e-02
  -2.9474900e-02
  -6.9809800e-03
  -1.0974200e-02
  -1.7095500e-02
   9.0917900e-03
   6.7197300e-02
   1.1854500e-01
   1.4190800e-01
   1.4280100e-01
   1.3895000e-01
   1.3735500e-01
   1.5032400e-01
   1.5299900e-01
   8.7768000e-02
  -2.5870200e-03
  -5.5997700e-02
  -9.0875100e-02
  -1.3374500e-01
  -1.7234000e-01
  -1.8424300e-01
  -1.7333600e-01
  -1.6154200e-01
  -1.6892300e-01
  -1.7571700e-01
  -1.6863000e-01
  -1.6177600e-01
  -1.7043600e-01
  -1.8445200e-01
  -1.9036000e-01
  -1.8553100e-01
  -1.5608400e-01
  -1.0963900e-01
  -5.6454500e-02
  -4.3643900e-03
   3.4357300e-02
   6.4598000e-02
   9.5375100e-02
   1.3400700e-01
   1.8585500e-01
   2.3494200e-01
   2.6076600e-01
   2.6550600e-01
   2.6499300e-01
   2.6693700e-01
   2.6912700e-01
   2.5147100e-01
   2.1967700e-01
   1.8728700e-01
   1.4719700e-01
   1.2840700e-01
   1.3440400e-01
   1.3242200e-01
   1.2151100e-01
   1.0950300e-01
   8.3440300e-02
   4.3717300e-02
   3.5690100e-03
  -3.1631600e-02
  -7.0007600e-02
  -1.1412900e-01
  -1.5689100e-01
  -1.7989600e-01
  -1.9108700e-01
  -1.9902900e-01
  -2.1313900e-01
  -1.7319100e-01
  -3.3461000e-02
   5.0317900e-02
   3.7475600e-02
   1.8204000e-02
   2.7966700e-02
   4.7825700e-02
   6.2697200e-02
   7.0066700e-02
   6.5146600e-02
   4.2855600e-02
   1.3563200e-02
  -9.9962800e-03
  -2.3193400e-02
  -4.4431100e-02
  -6.6898500e-02
  -8.3439300e-02
  -8.7359100e-02
  -6.8684000e-02
  -3.5426000e-02
  -1.1905200e-02
  -1.0992500e-02
   3.7423600e-03
   1.9813100e-03
  -7.2563000e-03
  -1.1107800e-02
  -1.4586000e-02
  -1.5362000e-02
  -2.5244100e-02
  -3.1410300e-02
  -4.1275100e-02
  -5.2729500e-02
  -5.2226800e-02
  -4.9494000e-02
  -4.6730500e-02
  -3.7619400e-02
  -3.1258400e-02
  -4.1499400e-02
  -5.7336600e-02
  -6.7464400e-02
  -7.8869900e-02
  -9.4856000e-02
  -1.1174500e-01
  -1.2541500e-01
  -1.2864000e-01
  -1.2243700e-01
  -1.0712700e-01
  -7.2345800e-02
  -2.5662200e-02
   8.0323000e-03
   2.2556100e-02
   3.4510300e-02
   3.2489200e-02
   3.2798100e-02
   5.0048700e-02
   6.8737000e-02
   9.3503900e-02
   1.2594600e-01
   1.5270400e-01
   1.6651700e-01
   1.7941100e-01
   2.0086800e-01
   2.2694200e-01
   2.3101400e-01
   2.3379800e-01
   2.3582400e-01
   1.9849300e-01
   1.5223800e-01
   1.0474100e-01
   7.9692800e-02
   6.3981100e-02
   4.3055500e-02
   2.9380100e-02
   9.4282900e-03
  -1.1468800e-02
  -3.4433800e-02
  -5.0747200e-02
  -6.0242800e-02
  -6.5689100e-02
  -6.5470900e-02
  -6.4672400e-02
  -6.0292800e-02
  -6.3754700e-02
  -6.8922600e-02
  -8.1431500e-02
  -8.9284300e-02
  -1.1393100e-01
  -1.0689600e-01
  -9.2568800e-02
  -1.0074600e-01
  -5.0712500e-02
  -3.5121100e-02
  -3.3626200e-02
  -3.7269600e-02
  -3.6927000e-02
  -3.4306300e-02
  -3.1967100e-02
  -2.3600300e-02
  -1.7819500e-02
   1.3929300e-03
   1.1979600e-02
   1.2836200e-02
   8.4707800e-03
   6.7902900e-03
   1.0951800e-03
  -7.8426400e-03
  -1.4852200e-02
  -3.1865100e-02
  -5.4742400e-02
  -7.5545700e-02
  -8.8261500e-02
  -9.0413100e-02
  -9.6505900e-02
  -1.0268700e-01
  -1.0201800e-01
  -8.7875000e-02
  -5.7943300e-02
  -2.7387500e-02
  -7.6193200e-03
   3.3324300e-03
   1.2182600e-02
   1.8405900e-02
   1.9201200e-02
   1.9012600e-02
   1.5555800e-02
   1.2237600e-02
   1.2618000e-02
   1.6300200e-02
   2.1078600e-02
   2.3066000e-02
   2.5734600e-02
   2.7502800e-02
   2.8986500e-02
   3.1740700e-02
   3.5316800e-02
   4.1329100e-02
   5.2012700e-02
   6.8354600e-02
   8.6074200e-02
   1.0295800e-01
   1.1726000e-01
   1.2849700e-01
   1.3271600e-01
   1.2886700e-01
   1.1204700e-01
   7.9447100e-02
   4.7397400e-02
   2.7701600e-02
   1.5760700e-02
   9.0795500e-03
   5.1363100e-03
  -2.9694100e-03
  -1.5264100e-02
  -3.0021500e-02
  -4.1675800e-02
  -4.9120700e-02
  -5.1969800e-02
  -5.3389300e-02
  -5.4859700e-02
  -5.9931800e-02
  -7.1215900e-02
  -8.2641900e-02
  -9.0332600e-02
  -8.2877400e-02
  -6.3152000e-02
  -3.5665600e-02
  -1.4799100e-02
  -5.9480000e-03
   4.7416800e-04
   3.1876300e-03
  -2.2036100e-03
  -7.6958000e-03
  -7.4011000e-03
   3.1131900e-03
  -2.8501100e-03
  -3.0634300e-02
  -4.5772000e-02
  -5.4732200e-02
  -5.9490200e-02
  -6.2233300e-02
  -6.4374700e-02
  -6.2231200e-02
  -5.3154700e-02
  -3.6289600e-02
  -2.3089400e-02
  -2.2271600e-02
  -2.3273000e-02
  -2.0095500e-02
  -1.1629900e-02
  -2.1128500e-03
   4.4612600e-03
   9.4293100e-03
   1.4965400e-02
   1.8497700e-02
   2.1220300e-02
   2.7949400e-02
   3.1390900e-02
   3.1149300e-02
   3.1333800e-02
   3.2697200e-02
   3.1882400e-02
   3.1014700e-02
   3.1223700e-02
   3.3435500e-02
   4.0979300e-02
   5.5616300e-02
   6.6814800e-02
   6.8541200e-02
   7.2793400e-02
   8.0481100e-02
   8.7639500e-02
   9.7081000e-02
   9.9880200e-02
   9.9313200e-02
   1.0320700e-01
   1.0153700e-01
   9.5355700e-02
   8.5074900e-02
   6.3830100e-02
   4.0547000e-02
   2.3703300e-02
   9.6159200e-03
  -2.4677100e-03
  -1.0419500e-02
  -1.5241700e-02
  -2.2020800e-02
  -2.7702600e-02
  -3.4108500e-02
  -3.8733900e-02
  -4.3034000e-02
  -4.7558500e-02
  -5.9027300e-02
  -7.6839700e-02
  -1.0096300e-01
  -1.1146400e-01
  -1.1568300e-01
  -1.0849600e-01
  -7.5349900e-02
  -4.3659100e-02
  -2.0363700e-02
  -1.3841600e-02
  -7.9099400e-03
  -2.7705700e-03
   3.5646200e-02
   1.8410000e-02
  -2.9608500e-02
  -3.5603400e-02
  -4.5681200e-02
  -5.3603400e-02
  -6.0203000e-02
  -5.9844100e-02
  -6.0949500e-02
  -5.8014700e-02
  -5.5590800e-02
  -5.2578600e-02
  -4.6558200e-02
  -3.5816500e-02
  -2.5498000e-02
  -1.4359600e-02
  -5.5217600e-03
   2.6553400e-03
   1.1087400e-02
   1.4819500e-02
   1.6043200e-02
   1.5299800e-02
   1.3819200e-02
   1.3834500e-02
   1.5984100e-02
   2.2520400e-02
   3.0765900e-02
   3.7644900e-02
   4.1109900e-02
   4.2101000e-02
   4.4019100e-02
   4.1830800e-02
   3.8485100e-02
   3.3595600e-02
   2.8321600e-02
   2.4124400e-02
   2.0126100e-02
   1.5120400e-02
   1.1657400e-02
   1.0560200e-02
   1.2168300e-02
   1.5784200e-02
   1.7519700e-02
   2.1263100e-02
   2.3782800e-02
   2.5262400e-02
   2.6031300e-02
   2.5185000e-02
   2.4786200e-02
   2.6493200e-02
   2.5551000e-02
   1.7834800e-02
   1.2845400e-02
   8.9194600e-03
   3.9768900e-04
  -9.6628300e-03
  -1.8948400e-02
  -2.3360700e-02
  -2.2724400e-02
  -2.2580600e-02
  -2.3987800e-02
  -2.2977300e-02
  -1.9461300e-02
  -1.5010200e-02
  -1.0420500e-02
  -6.7495000e-03
  -3.9605800e-03
  -1.5744400e-03
   1.0605100e-04
  -1.2675100e-03
  -3.1182900e-03
  -3.1947700e-03
  -2.4299800e-03
  -3.3915800e-03
  -6.3507900e-03
  -9.3609900e-03
  -1.1086400e-02
  -1.2505800e-02
  -1.1913300e-02
