   1.3495030e-03
   1.3461150e-03
   1.3424580e-03
   1.3386920e-03
   1.3342610e-03
   1.3294010e-03
   1.3241380e-03
   1.3190760e-03
   1.3149580e-03
   1.3123620e-03
   1.3113580e-03
   1.3113960e-03
   1.3087730e-03
   1.3048820e-03
   1.2982390e-03
   1.2896820e-03
   1.2894830e-03
   1.2921330e-03
   1.2916040e-03
   1.2960480e-03
   1.3059400e-03
   1.3152430e-03
   1.3232220e-03
   1.3238350e-03
   1.3249390e-03
   1.3290250e-03
   1.3330780e-03
   1.3339130e-03
   1.3257820e-03
   1.3075170e-03
   1.2861760e-03
   1.2687020e-03
   1.2566810e-03
   1.2391440e-03
   1.2181950e-03
   1.2062240e-03
   1.1849100e-03
   1.1585980e-03
   1.1461540e-03
   1.1231830e-03
   1.0792440e-03
   1.0302670e-03
   9.8908320e-04
   9.6227410e-04
   9.3351280e-04
   9.0914500e-04
   9.2158010e-04
   9.7531690e-04
   1.0408720e-03
   1.0920800e-03
   1.1283840e-03
   1.1869010e-03
   1.2494250e-03
   1.3112590e-03
   1.3625390e-03
   1.3706470e-03
   1.3725500e-03
   1.3658570e-03
   1.3308990e-03
   1.2684320e-03
   1.2043000e-03
   1.0898300e-03
   9.5474280e-04
   8.5508000e-04
   7.1803320e-04
   6.1193690e-04
   4.6527960e-04
   2.7728990e-04
   1.5751390e-04
   2.9202430e-05
   1.2317280e-06
   1.3685110e-04
   2.7113870e-04
   3.9954590e-04
   5.7121690e-04
   7.8322940e-04
   1.0245240e-03
   9.9330620e-04
   6.5979380e-04
   2.1840360e-04
  -1.7723860e-04
  -5.0040180e-04
  -7.4130340e-04
  -8.3629540e-04
  -7.2190280e-04
  -4.5319660e-04
  -1.4460370e-04
   5.4129770e-05
   2.1667900e-04
   2.2845000e-04
   3.1871730e-04
   4.9916780e-04
   5.8705610e-04
   5.8987740e-04
   7.5441400e-04
   9.3095240e-04
   1.1765230e-03
   1.4051680e-03
   1.6896630e-03
   2.1238910e-03
   2.4110020e-03
   2.6692500e-03
   2.7063340e-03
   2.5055400e-03
   2.1757660e-03
   1.8676660e-03
   1.5624390e-03
   1.2153910e-03
   8.9819660e-04
   5.6812380e-04
   2.7247860e-04
  -4.2752000e-05
  -1.5485040e-04
  -1.3586020e-04
  -2.3560350e-04
  -5.4394660e-04
  -1.0391840e-03
  -1.4952560e-03
  -1.9441210e-03
  -2.3256060e-03
  -2.6139690e-03
  -2.7180730e-03
  -2.1731740e-03
  -1.1582300e-03
  -3.6853650e-04
   2.5508540e-04
   1.1374130e-03
   2.3978390e-03
   3.6535390e-03
   4.6248980e-03
   5.0724820e-03
   4.9541060e-03
   4.3928180e-03
   3.4141940e-03
   2.2566510e-03
   7.1874700e-04
  -1.0232440e-03
  -2.5463240e-03
  -3.6885940e-03
  -4.6990950e-03
  -5.5007790e-03
  -5.6348970e-03
  -5.0766610e-03
  -4.2306850e-03
  -3.2619190e-03
  -2.3091480e-03
  -1.5881080e-03
  -7.9282120e-04
  -2.1283180e-05
   7.4872050e-04
   1.5908850e-03
   2.4253380e-03
   3.0777820e-03
   3.3413090e-03
   3.1183070e-03
   2.1694140e-03
   1.2600850e-03
   1.2534630e-03
   1.9661580e-03
   2.7577780e-03
   3.2049840e-03
   2.6285900e-03
   1.6552440e-03
   8.2366300e-04
   1.4492390e-04
  -3.3251090e-04
  -1.1863510e-03
  -2.2068100e-03
  -3.2410480e-03
  -4.1123660e-03
  -4.5059710e-03
  -4.2470870e-03
  -3.6269150e-03
  -2.8512130e-03
  -2.1810480e-03
  -1.6058140e-03
  -1.4806400e-03
  -1.2532250e-03
  -7.8154130e-04
  -2.2455160e-04
   5.6972240e-04
   9.9800560e-04
   6.4417450e-04
  -2.1203830e-04
  -1.3878170e-03
  -2.6552360e-03
  -4.4487600e-03
  -6.6303370e-03
  -8.8005830e-03
  -1.0717260e-02
  -1.1981190e-02
  -1.2263390e-02
  -1.1377340e-02
  -1.0171370e-02
  -7.9259580e-03
  -4.7548750e-03
  -5.7582230e-04
   4.4325840e-03
   9.2809380e-03
   1.3572070e-02
   1.7496580e-02
   2.0625240e-02
   2.2076750e-02
   2.1086890e-02
   1.8650450e-02
   1.6106180e-02
   1.3503020e-02
   1.0747470e-02
   7.7117380e-03
   4.4072670e-03
   6.6460040e-04
  -2.6546770e-03
  -5.6340840e-03
  -7.9978980e-03
  -9.7770640e-03
  -1.0632130e-02
  -1.0514340e-02
  -9.5093740e-03
  -8.3431490e-03
  -7.5858630e-03
  -6.5386190e-03
  -5.2054010e-03
  -3.7241560e-03
  -1.8865060e-03
   6.9461450e-04
   3.6823730e-03
   7.1043560e-03
   1.0585860e-02
   1.3252660e-02
   1.5552980e-02
   1.6922530e-02
   1.6632740e-02
   1.4993960e-02
   1.1986130e-02
   8.1283100e-03
   3.6528750e-03
  -8.4941510e-04
  -4.7366460e-03
  -7.5331320e-03
  -9.7860420e-03
  -1.2019700e-02
  -1.4392880e-02
  -1.7299580e-02
  -2.0225010e-02
  -2.2534280e-02
  -2.3619060e-02
  -2.3147630e-02
  -2.1246520e-02
  -1.8059860e-02
  -1.3692120e-02
  -8.3622610e-03
  -3.5068650e-03
  -1.0924980e-04
   2.1823210e-03
   3.5325730e-03
   3.5621820e-03
   2.5597890e-03
   1.0480850e-03
  -7.9960700e-04
  -2.7520620e-03
  -4.0343820e-03
  -4.8262210e-03
  -5.6629540e-03
  -5.9420190e-03
  -5.7435730e-03
  -5.1225420e-03
  -4.1459000e-03
  -3.5359270e-03
  -3.6832690e-03
  -3.8929730e-03
  -3.9955010e-03
  -3.8503310e-03
  -3.0348580e-03
  -1.2466690e-03
   1.2756060e-03
   4.5943610e-03
   8.3360500e-03
   1.1562150e-02
   1.3856980e-02
   1.3864930e-02
   1.1335470e-02
   7.8950410e-03
   4.8867260e-03
   1.7723820e-03
  -1.2076220e-03
  -3.4532730e-03
  -4.8617500e-03
  -6.2812410e-03
  -6.8920630e-03
  -7.3462830e-03
  -8.4202380e-03
  -9.7220800e-03
  -1.1151920e-02
  -1.2732930e-02
  -1.2943900e-02
  -1.0843810e-02
  -7.1132630e-03
  -2.3299230e-03
   2.9078920e-03
   9.1112650e-03
   1.4446390e-02
   1.8368670e-02
   2.1092290e-02
   2.2549490e-02
   2.2033820e-02
   1.9822080e-02
   1.7587700e-02
   1.5149640e-02
   1.2297910e-02
   8.7863630e-03
   4.6988840e-03
   7.3816990e-04
  -2.9515780e-03
  -5.8582780e-03
  -8.3511900e-03
  -1.0963880e-02
  -1.3833290e-02
  -1.6986230e-02
  -1.9529430e-02
  -1.9720520e-02
  -1.7728950e-02
  -1.4745200e-02
  -1.1973630e-02
  -9.5102530e-03
  -7.4004930e-03
  -5.8920260e-03
  -4.7928000e-03
  -3.3703370e-03
  -2.3112260e-03
  -1.6927900e-03
  -1.8860210e-03
  -2.4626720e-03
  -2.9836080e-03
  -4.3006640e-03
  -6.1133140e-03
  -7.3845700e-03
  -7.2596310e-03
  -6.3083240e-03
  -4.6708940e-03
  -2.8842080e-03
  -1.7165710e-03
  -1.2086030e-03
  -1.5516790e-03
  -2.5183650e-03
  -4.0049470e-03
  -5.2251620e-03
  -5.5044050e-03
  -5.1787570e-03
  -3.9939250e-03
  -2.8690110e-03
  -1.8598630e-03
  -9.8382000e-04
  -4.8210710e-05
   8.6017530e-04
   1.8032880e-03
   1.8217060e-03
   7.1918920e-04
  -1.0049730e-03
  -3.4308420e-03
  -6.4932450e-03
  -9.1042880e-03
  -1.0300550e-02
  -9.4724510e-03
  -7.2561560e-03
  -5.0866680e-03
  -3.7953130e-03
  -2.0738870e-03
  -4.8998230e-04
   5.6306670e-04
   6.4679390e-04
   5.6267940e-04
   8.2674290e-04
   1.4263190e-03
   2.2961260e-03
   2.9126280e-03
   3.2860120e-03
   3.1301660e-03
   3.1670830e-03
   3.7599470e-03
   4.9986320e-03
   6.5540640e-03
   8.3932160e-03
   1.0609790e-02
   1.2822410e-02
   1.4445760e-02
   1.5766420e-02
   1.6842570e-02
   1.7325990e-02
   1.7122820e-02
   1.6546550e-02
   1.5632320e-02
   1.4809910e-02
   1.3973930e-02
   1.2389950e-02
   1.0318330e-02
   7.3366760e-03
   3.5008590e-03
  -2.3734490e-04
  -5.0011300e-03
  -9.5352430e-03
  -1.3688470e-02
  -1.7069130e-02
  -1.9699250e-02
  -2.1611060e-02
  -2.3552490e-02
  -2.5213540e-02
  -2.6564060e-02
  -2.7300630e-02
  -2.7052840e-02
  -2.6193410e-02
  -2.4766490e-02
  -2.2938780e-02
  -2.0428260e-02
  -1.7340620e-02
  -1.3683050e-02
  -9.6463180e-03
  -5.9622550e-03
  -2.7523730e-03
   2.4904410e-04
   2.8948880e-03
   5.4795430e-03
   6.8610640e-03
   7.2622450e-03
   6.5155960e-03
   5.1793670e-03
   4.7395540e-03
   5.9170840e-03
   8.6437200e-03
   1.2255320e-02
   1.4780970e-02
   1.5029130e-02
   1.3912700e-02
   1.2007730e-02
   9.6067620e-03
   7.7274030e-03
   6.0603450e-03
   3.3748080e-03
   1.1634680e-03
   4.8650450e-04
   1.7608300e-03
   4.3441520e-03
   6.6885880e-03
   7.2208460e-03
   5.3388950e-03
   2.1520270e-03
  -6.2078660e-04
  -2.7615850e-03
  -4.5820210e-03
  -4.7570860e-03
  -2.5544920e-03
   1.4631260e-03
   5.3296370e-03
   8.5237870e-03
   1.1235130e-02
   1.3568660e-02
   1.4524100e-02
   1.2996350e-02
   8.7826100e-03
   2.8289900e-03
  -3.3799080e-03
  -9.1808090e-03
  -1.3220950e-02
  -1.4786590e-02
  -1.3276690e-02
  -9.1287890e-03
  -4.3513110e-03
   2.6004300e-04
   4.5376300e-03
   8.0432210e-03
   1.0497400e-02
   1.1850740e-02
   1.2652290e-02
   1.2360230e-02
   1.0945770e-02
   9.2033500e-03
   7.7398900e-03
   7.1282710e-03
   7.0672790e-03
   8.0206320e-03
   9.0226340e-03
   8.2490560e-03
   6.3461900e-03
   4.1038280e-03
   2.3879570e-03
   1.4247680e-03
   1.8153800e-03
   2.8864610e-03
   4.0461910e-03
   4.6936590e-03
   4.6694680e-03
   3.5399910e-03
   1.3428980e-03
  -1.2131780e-03
  -4.9952790e-03
  -9.9790640e-03
  -1.5797600e-02
  -2.0776260e-02
  -2.4115850e-02
  -2.7040630e-02
  -2.8434010e-02
  -2.7563290e-02
  -2.4915980e-02
  -2.1689340e-02
  -1.8162530e-02
  -1.4690540e-02
  -1.1837810e-02
  -9.2563060e-03
  -7.7194000e-03
  -8.0276370e-03
  -9.6310710e-03
  -1.1210990e-02
  -1.1335390e-02
  -9.8509600e-03
  -7.9328570e-03
  -5.7574930e-03
  -3.2194070e-03
  -5.4952440e-04
   2.4564250e-03
   5.8286400e-03
   8.9343720e-03
   1.0590220e-02
   1.0763460e-02
   9.5020900e-03
   7.1697360e-03
   4.3379280e-03
   1.8282320e-03
   2.7778290e-04
   2.1899160e-05
   6.0760040e-04
   1.4654240e-03
   2.2685240e-03
   2.1913350e-03
   2.5093790e-03
   3.4647020e-03
   4.4450330e-03
   5.3482000e-03
   6.6759990e-03
   7.9505810e-03
   9.0736770e-03
   1.0267920e-02
   1.1611670e-02
   1.2249190e-02
   1.2599180e-02
   1.2182460e-02
   1.1019620e-02
   9.3644280e-03
   7.3908100e-03
   6.5808790e-03
   6.8804170e-03
   7.0552040e-03
   6.8264590e-03
   6.0453100e-03
   4.5647410e-03
   2.6636460e-03
  -3.2090680e-05
  -3.5641590e-03
  -7.4077520e-03
  -1.0681860e-02
  -1.2968850e-02
  -1.4623770e-02
  -1.5715840e-02
  -1.6367100e-02
  -1.6705350e-02
  -1.7447350e-02
  -1.8812340e-02
  -2.0119180e-02
  -2.0712340e-02
  -2.0631520e-02
  -1.9762070e-02
  -1.7942310e-02
  -1.5415560e-02
  -1.2148210e-02
  -8.4102900e-03
  -4.5462560e-03
  -5.4777250e-04
   3.9702010e-03
   8.9544390e-03
   1.3177700e-02
   1.6664250e-02
   1.9554900e-02
   2.0724990e-02
   2.0245460e-02
   1.8857420e-02
   1.7042460e-02
   1.5227840e-02
   1.3551610e-02
   1.2289580e-02
   1.0835320e-02
   8.8422530e-03
   5.6220850e-03
   1.3794180e-03
  -2.9616400e-03
  -7.4533540e-03
  -1.2106190e-02
  -1.6458850e-02
  -2.0231140e-02
  -2.3192370e-02
  -2.5008370e-02
  -2.5712300e-02
  -2.4343020e-02
  -2.1309750e-02
  -1.7198260e-02
  -1.2167730e-02
  -7.3033180e-03
  -2.8241440e-03
   4.2303110e-04
   1.6497850e-03
   1.5347370e-03
   2.8386290e-04
  -1.7147540e-03
  -4.5638030e-03
  -7.4869670e-03
  -9.8641580e-03
  -1.0911080e-02
  -1.0114350e-02
  -8.3206480e-03
  -7.0681070e-03
  -7.1697360e-03
  -9.3124540e-03
  -1.1846510e-02
  -1.2504870e-02
  -1.1119150e-02
  -8.7051080e-03
  -5.8485100e-03
  -2.9616080e-03
  -2.6926340e-04
   1.7034560e-03
   2.1147100e-03
   6.4694220e-04
  -2.0897800e-03
  -4.8700550e-03
  -7.6084020e-03
  -1.0191850e-02
  -1.1951190e-02
  -1.2015290e-02
  -9.3392450e-03
  -5.5412620e-03
  -3.0235980e-03
  -2.9012810e-03
  -4.2954360e-03
  -5.5615530e-03
  -6.6153100e-03
  -7.8437820e-03
  -8.6389920e-03
  -8.7632360e-03
  -7.5395760e-03
  -5.5538070e-03
  -4.0602760e-03
  -2.4608380e-03
  -7.2554220e-04
   5.6627670e-04
   1.5633160e-03
   2.5145650e-03
   3.4366790e-03
   3.3868790e-03
   2.3167770e-03
   8.2123800e-04
  -2.7184310e-04
  -1.7256330e-03
  -3.1423220e-03
  -4.6204630e-03
  -5.8804760e-03
  -6.0781960e-03
  -5.5428740e-03
  -4.1678740e-03
  -2.8493560e-03
  -1.5916170e-03
  -5.8702670e-05
   1.9206220e-03
   4.2897330e-03
   6.7498250e-03
   9.9149640e-03
   1.3824080e-02
   1.7563310e-02
   2.0876700e-02
   2.3918170e-02
   2.5990010e-02
   2.6924920e-02
   2.6781120e-02
   2.5698830e-02
   2.3417380e-02
   2.0160830e-02
   1.6065430e-02
   1.1273170e-02
   6.2713750e-03
   1.9139200e-03
  -1.6610700e-03
  -4.4839760e-03
  -6.4501050e-03
  -7.7644250e-03
  -9.3272320e-03
  -1.0376770e-02
  -1.1288680e-02
  -1.1636210e-02
  -1.1576460e-02
  -1.1468300e-02
  -1.1212410e-02
  -1.0893740e-02
  -1.0731580e-02
  -1.0588590e-02
  -9.7475040e-03
  -8.1835430e-03
  -6.7109430e-03
  -5.7931420e-03
  -5.7428980e-03
  -6.6386300e-03
  -8.4404630e-03
  -1.0799930e-02
  -1.3324070e-02
  -1.5337440e-02
  -1.6775340e-02
  -1.8192940e-02
  -1.9742170e-02
  -2.1068530e-02
  -2.1560550e-02
  -2.0828360e-02
  -1.9210310e-02
  -1.6725180e-02
  -1.2896990e-02
  -8.2222320e-03
  -3.3274870e-03
   1.4824550e-03
   5.8538170e-03
   9.1382070e-03
   1.0858310e-02
   1.0716570e-02
   8.8005000e-03
   6.2326970e-03
   4.1088130e-03
   2.9207880e-03
   2.6695080e-03
   3.1336140e-03
   5.0127310e-03
   8.0379690e-03
   1.1554500e-02
   1.5092850e-02
   1.7783210e-02
   1.9636360e-02
   2.0933870e-02
   2.1088420e-02
   2.0282340e-02
   1.8260130e-02
   1.5324200e-02
   1.2626430e-02
   1.0707900e-02
   9.9845120e-03
   1.0361480e-02
   1.1609840e-02
   1.2590990e-02
   1.2186350e-02
   1.0179640e-02
   7.5811140e-03
   4.7644990e-03
   8.0993290e-04
  -4.2697250e-03
  -8.8919950e-03
  -1.1345020e-02
  -1.2148830e-02
  -1.0942830e-02
  -7.8762250e-03
  -3.5922310e-03
   1.4261390e-03
   5.4436590e-03
   7.5453110e-03
   7.8647780e-03
   6.3105220e-03
   3.3768200e-03
   2.0699000e-04
  -2.7456220e-03
  -4.9414630e-03
  -6.5869520e-03
  -7.6654280e-03
  -7.9616580e-03
  -8.4229980e-03
  -9.3549620e-03
  -1.0324630e-02
  -1.1000660e-02
  -1.2034510e-02
  -1.3562620e-02
  -1.4578910e-02
  -1.5664270e-02
  -1.6626980e-02
  -1.7684670e-02
  -1.7809560e-02
  -1.7156210e-02
  -1.5974790e-02
  -1.4464000e-02
  -1.2865390e-02
  -1.0976760e-02
  -8.7270360e-03
  -6.4353260e-03
  -5.3229030e-03
  -5.5415150e-03
  -6.3586310e-03
  -7.2987000e-03
  -8.8132130e-03
  -1.0434030e-02
  -1.1764540e-02
  -1.2742590e-02
  -1.3308510e-02
  -1.3845080e-02
  -1.4277280e-02
  -1.3836890e-02
  -1.2837780e-02
  -1.1623830e-02
  -1.0169180e-02
  -7.9472150e-03
  -4.5784740e-03
  -3.8702800e-04
   4.1531840e-03
   8.0934730e-03
   1.0563360e-02
   1.2073270e-02
   1.2593910e-02
   1.2240520e-02
   1.1394080e-02
   1.0126150e-02
   8.8018250e-03
   7.8725170e-03
   7.7452750e-03
   8.5178520e-03
   9.9933770e-03
   1.1722780e-02
   1.3268870e-02
   1.4188100e-02
   1.4703260e-02
   1.4473260e-02
   1.3664620e-02
   1.2169740e-02
   1.0289370e-02
   8.0441720e-03
   5.2480400e-03
   1.8908270e-03
  -1.3520840e-03
  -3.4826430e-03
  -4.6652270e-03
  -5.0226530e-03
  -4.4378480e-03
  -2.5181520e-03
   2.6681220e-04
   3.3452960e-03
   6.7066020e-03
   9.8951130e-03
   1.2265350e-02
   1.3071980e-02
   1.1531120e-02
   8.2370550e-03
   3.4585470e-03
  -2.8345110e-03
  -9.8805460e-03
  -1.6733440e-02
  -2.2713250e-02
  -2.6898130e-02
  -2.8869680e-02
  -2.8865380e-02
  -2.7144580e-02
  -2.4561790e-02
  -2.1565360e-02
  -1.8773580e-02
  -1.5926500e-02
  -1.3426670e-02
  -1.2067620e-02
  -1.1006250e-02
  -1.0188450e-02
  -9.5351580e-03
  -8.3519760e-03
  -6.5248630e-03
  -5.2462130e-03
  -4.5615280e-03
  -6.1280430e-03
  -1.0780390e-02
  -1.7391200e-02
  -2.4807430e-02
  -3.2076760e-02
  -3.8487420e-02
  -4.3672560e-02
  -4.5944590e-02
  -4.4029410e-02
  -3.8641680e-02
  -3.1886050e-02
  -2.4246580e-02
  -1.6513000e-02
  -9.3241200e-03
  -3.5159660e-03
   8.3424560e-04
   4.9902200e-03
   8.4909200e-03
   1.1372030e-02
   1.3159250e-02
   1.3058540e-02
   1.1402550e-02
   9.0674250e-03
   6.9966390e-03
   4.8136330e-03
   2.1694480e-03
   3.7109880e-04
   3.3377610e-04
   1.7633440e-03
   3.4986170e-03
   4.9753080e-03
   5.9498810e-03
   7.0526050e-03
   7.3524550e-03
   6.6408410e-03
   4.6533780e-03
   1.0075610e-03
  -2.9611680e-03
  -5.9252410e-03
  -7.3550320e-03
  -6.7728520e-03
  -3.1712270e-03
   3.0911890e-03
   1.0264710e-02
   1.6748490e-02
   2.1774800e-02
   2.4662950e-02
   2.5770140e-02
   2.5756490e-02
   2.5086740e-02
   2.2971080e-02
   1.9352990e-02
   1.4732320e-02
   9.9657020e-03
   6.0310700e-03
   2.9164290e-03
   9.3326160e-04
  -2.5766240e-04
  -1.6144810e-03
  -2.5911530e-03
  -4.0316890e-03
  -5.8289260e-03
  -8.0888570e-03
  -1.0783180e-02
  -1.2987600e-02
  -1.4165320e-02
  -1.4166380e-02
  -1.2988620e-02
  -1.1619900e-02
  -1.0242790e-02
  -8.6294210e-03
  -6.9791430e-03
  -6.0063910e-03
  -6.2556120e-03
  -8.0839710e-03
  -1.1133940e-02
  -1.4871600e-02
  -1.8195830e-02
  -2.0725560e-02
  -2.2101200e-02
  -2.3013010e-02
  -2.2659730e-02
  -2.1441460e-02
  -1.9544200e-02
  -1.7319860e-02
  -1.5486080e-02
  -1.4162880e-02
  -1.2743810e-02
  -1.1307140e-02
  -1.0431260e-02
  -1.0589700e-02
  -1.1812440e-02
  -1.3840460e-02
  -1.5873700e-02
  -1.7915790e-02
  -1.8702690e-02
  -1.8008940e-02
  -1.6389290e-02
  -1.4231090e-02
  -1.2555130e-02
  -1.0825360e-02
  -9.1730040e-03
  -8.1926300e-03
  -7.2631650e-03
  -6.9505710e-03
  -6.2595050e-03
  -5.1204570e-03
  -4.2855640e-03
  -2.8912960e-03
  -8.9503400e-04
   5.8393600e-04
   1.6669960e-03
   2.2288240e-03
   2.1587870e-03
   2.1191280e-03
   2.3361660e-03
   2.9118930e-03
   3.7432000e-03
   4.4188730e-03
   4.9025040e-03
   4.8425290e-03
   4.6530680e-03
   4.4883900e-03
   4.4985320e-03
   5.2852860e-03
   7.4404220e-03
   1.1072300e-02
   1.6074060e-02
   2.1667110e-02
   2.6871750e-02
   3.0507400e-02
   3.1555590e-02
   2.9958220e-02
   2.5256790e-02
   1.8102570e-02
   9.8726150e-03
   1.1711250e-03
  -7.6267490e-03
  -1.4167770e-02
  -1.7838030e-02
  -1.8910150e-02
  -1.7384830e-02
  -1.3964090e-02
  -9.2518380e-03
  -3.6369060e-03
   2.7773250e-03
   9.3630260e-03
   1.5996250e-02
   2.1301210e-02
   2.5155830e-02
   2.6711260e-02
   2.5106330e-02
   2.0521610e-02
   1.3746470e-02
   5.9848830e-03
  -1.2998650e-03
  -7.4205830e-03
  -1.1764380e-02
  -1.4160200e-02
  -1.6027200e-02
  -1.7029020e-02
  -1.7295490e-02
  -1.7159630e-02
  -1.6213260e-02
  -1.4398760e-02
  -1.2363260e-02
  -9.7282870e-03
  -7.2486000e-03
  -4.9920660e-03
  -2.5152430e-03
   6.5515620e-04
   3.6538580e-03
   6.1324720e-03
   7.9441410e-03
   9.3189160e-03
   1.0403670e-02
   1.2005710e-02
   1.3302450e-02
   1.3437060e-02
   1.2123260e-02
   9.9813500e-03
   6.9890740e-03
   3.0137150e-03
  -1.5057250e-03
  -5.1133520e-03
  -7.6839680e-03
  -9.7429900e-03
  -1.1205470e-02
  -1.2790330e-02
  -1.3923120e-02
  -1.4745430e-02
  -1.5552470e-02
  -1.5562790e-02
  -1.4685960e-02
  -1.2933920e-02
  -1.0245850e-02
  -6.7875920e-03
  -2.9877600e-03
   2.8774920e-04
   2.0305490e-03
   2.7685280e-03
   2.9003260e-03
   1.8384760e-03
  -6.3067060e-05
  -1.9140480e-03
  -3.3814130e-03
  -4.3373300e-03
  -3.9214860e-03
  -1.5208150e-03
   2.0654050e-03
   6.2622320e-03
   1.0115520e-02
   1.3221800e-02
   1.5404800e-02
   1.6921900e-02
   1.7766750e-02
   1.7719470e-02
   1.6683810e-02
   1.5636250e-02
   1.4739800e-02
   1.3702720e-02
   1.3062480e-02
   1.2338990e-02
   1.1505060e-02
   1.0990370e-02
   1.0666920e-02
   1.0782520e-02
   1.0673500e-02
   9.8497540e-03
   8.1942950e-03
   6.1880720e-03
   4.1985940e-03
   2.5028260e-03
   1.0141870e-03
   3.9410960e-04
   1.3433220e-03
   2.3043510e-03
   1.9939590e-03
   5.2695170e-04
  -1.4373630e-03
  -3.7345460e-03
  -6.4238540e-03
  -1.0067180e-02
  -1.3769840e-02
  -1.6637160e-02
  -1.8661430e-02
  -1.9609230e-02
  -1.9313240e-02
  -1.7394630e-02
  -1.4297950e-02
  -1.0201890e-02
  -4.8936220e-03
   6.1608420e-04
   5.9328950e-03
   1.0899560e-02
   1.5180450e-02
   1.8652430e-02
   2.0915860e-02
   2.1748370e-02
   2.0976890e-02
   1.9214260e-02
   1.7089400e-02
   1.5731410e-02
   1.5754220e-02
   1.7818540e-02
   2.1133840e-02
   2.5881210e-02
   3.1902500e-02
   3.8405440e-02
   4.4694610e-02
   5.0812820e-02
   5.6733900e-02
   6.1819080e-02
   6.6337240e-02
   6.9650300e-02
   7.1636500e-02
   7.2239960e-02
   7.1398490e-02
   6.9279970e-02
   6.6147810e-02
   6.2698310e-02
   5.9143180e-02
   5.4947050e-02
   5.0148870e-02
   4.4751100e-02
   3.9094970e-02
   3.3010020e-02
   2.6008880e-02
   1.7590860e-02
   7.7357920e-03
  -2.9382210e-03
  -1.4292750e-02
  -2.5546540e-02
  -3.5487970e-02
  -4.3070710e-02
  -4.8569850e-02
  -5.1746180e-02
  -5.2593330e-02
  -5.1830050e-02
  -4.9545730e-02
  -4.5578640e-02
  -3.9667330e-02
  -3.1345510e-02
  -2.2633480e-02
  -1.3727410e-02
  -4.6543390e-03
   4.2414900e-03
   1.2173340e-02
   1.8889220e-02
   2.5236470e-02
   3.0896270e-02
   3.5792240e-02
   3.9773130e-02
   4.1819570e-02
   4.2215110e-02
   4.1119130e-02
   3.9021810e-02
   3.6579280e-02
   3.3478540e-02
   2.8848810e-02
   2.2343680e-02
   1.4511930e-02
   6.1682070e-03
  -6.7743600e-04
  -8.5188110e-03
  -1.3888710e-02
  -1.7594580e-02
  -1.9419810e-02
  -1.8287880e-02
  -1.4436740e-02
  -9.3294190e-03
  -3.6440410e-03
   2.6899540e-03
   9.4441780e-03
   1.6550840e-02
   2.3733600e-02
   3.0356110e-02
   3.5518740e-02
   3.8886250e-02
   3.9393700e-02
   3.6655730e-02
   3.1791770e-02
   2.6348840e-02
   2.0615150e-02
   1.5268620e-02
   1.0230930e-02
   5.4215610e-03
   8.0054200e-04
  -4.1066920e-03
  -9.2834960e-03
  -1.3912890e-02
  -1.8229910e-02
  -2.2174680e-02
  -2.6390090e-02
  -3.0119840e-02
  -3.3501080e-02
  -3.6955270e-02
  -4.0870690e-02
  -4.4829530e-02
  -4.8096780e-02
  -5.1289170e-02
  -5.4792610e-02
  -5.8573490e-02
  -6.1815540e-02
  -6.4463540e-02
  -6.6915490e-02
  -6.8783770e-02
  -6.8903710e-02
  -6.6952930e-02
  -6.4113390e-02
  -6.2484300e-02
  -6.4494980e-02
  -7.1665850e-02
  -8.2039000e-02
  -9.3730550e-02
  -1.0561360e-01
  -1.1542510e-01
  -1.2501740e-01
  -1.3507790e-01
  -1.4382750e-01
  -1.4955530e-01
  -1.5083920e-01
  -1.4800220e-01
  -1.4172700e-01
  -1.3163770e-01
  -1.1765090e-01
  -9.9682830e-02
  -7.8566970e-02
  -5.4614190e-02
  -3.0175710e-02
  -7.2139330e-03
   1.4792270e-02
   3.6506920e-02
   5.7072730e-02
   7.4908380e-02
   8.9942810e-02
   1.0317830e-01
   1.1316160e-01
   1.2063320e-01
   1.2564650e-01
   1.2927920e-01
   1.3126330e-01
   1.3074480e-01
   1.2730940e-01
   1.2130430e-01
   1.1361060e-01
   1.0581190e-01
   9.9991880e-02
   9.6966410e-02
   9.5948760e-02
   9.5704250e-02
   9.5105420e-02
   9.3237430e-02
   8.9639950e-02
   8.4202480e-02
   7.5571480e-02
   6.1258770e-02
   4.1158720e-02
   1.8500250e-02
  -4.8839250e-03
  -2.7721280e-02
  -4.7761810e-02
  -6.1551540e-02
  -6.8074720e-02
  -7.1213200e-02
  -7.1627140e-02
  -7.0013500e-02
  -6.7896900e-02
  -6.5581770e-02
  -6.3181810e-02
  -6.1225720e-02
  -6.0471200e-02
  -6.1039910e-02
  -6.2553870e-02
  -6.5680820e-02
  -7.0261750e-02
  -7.6509500e-02
  -8.4162070e-02
  -9.2043330e-02
  -9.9404270e-02
  -1.0379410e-01
  -1.0433860e-01
  -9.9696310e-02
  -8.9749720e-02
  -7.3023470e-02
  -4.7849010e-02
  -1.5320840e-02
   2.1088190e-02
   5.7587400e-02
   9.2070560e-02
   1.2221880e-01
   1.4901030e-01
   1.7363620e-01
   1.9547560e-01
   2.1277740e-01
   2.2174850e-01
   2.1966400e-01
   2.0715970e-01
   1.8916870e-01
   1.6574380e-01
   1.3797730e-01
   1.0479360e-01
   6.5225640e-02
   2.3321620e-02
  -1.5656970e-02
  -4.5079550e-02
  -6.0269660e-02
  -6.0997990e-02
  -4.6140790e-02
  -2.2455560e-02
   5.6145570e-03
   3.8981080e-02
   7.5238380e-02
   1.1054280e-01
   1.4322380e-01
   1.7140470e-01
   1.9358510e-01
   2.0885230e-01
   2.1711910e-01
   2.2062520e-01
   2.2094870e-01
   2.1876710e-01
   2.1439660e-01
   2.0808280e-01
   2.0008980e-01
   1.8994320e-01
   1.7800600e-01
   1.6584570e-01
   1.5562870e-01
   1.4864450e-01
   1.4339960e-01
   1.3719850e-01
   1.2690950e-01
   1.0945980e-01
   8.3941990e-02
   5.2133160e-02
   1.7716910e-02
  -1.3551270e-02
  -3.9967450e-02
  -6.1054220e-02
  -7.9296980e-02
  -9.5807760e-02
  -1.1119650e-01
  -1.2511730e-01
  -1.3549280e-01
  -1.4177680e-01
  -1.4528580e-01
  -1.4622270e-01
  -1.4517120e-01
  -1.4107420e-01
  -1.3370930e-01
  -1.2275810e-01
  -1.0601400e-01
  -8.5852880e-02
  -6.4423430e-02
  -4.0640060e-02
  -1.4401980e-02
   1.2803620e-02
   3.9806530e-02
   6.6889830e-02
   8.9179260e-02
   1.0540310e-01
   1.1707500e-01
   1.2485240e-01
   1.2903670e-01
   1.3205270e-01
   1.3461600e-01
   1.3674340e-01
   1.3795420e-01
   1.3715960e-01
   1.3379560e-01
   1.2786080e-01
   1.2109150e-01
   1.1644030e-01
   1.1736070e-01
   1.2421380e-01
   1.3332760e-01
   1.4251910e-01
   1.5019750e-01
   1.5499420e-01
   1.5816150e-01
   1.5901310e-01
   1.5808510e-01
   1.5486080e-01
   1.4830460e-01
   1.3690910e-01
   1.1919610e-01
   9.6554140e-02
   7.0435390e-02
   4.2082130e-02
   1.4942040e-02
  -8.3287910e-03
  -2.9055620e-02
  -4.8466660e-02
  -6.6859050e-02
  -8.4393000e-02
  -1.0043190e-01
  -1.1338110e-01
  -1.2337080e-01
  -1.3098770e-01
  -1.3575030e-01
  -1.3813720e-01
  -1.3999580e-01
  -1.4167210e-01
  -1.4299990e-01
  -1.4372340e-01
  -1.4366230e-01
  -1.4319440e-01
  -1.4243740e-01
  -1.4138140e-01
  -1.3972040e-01
  -1.3838690e-01
  -1.3727050e-01
  -1.3564630e-01
  -1.3247710e-01
  -1.2665980e-01
  -1.1718160e-01
  -1.0232400e-01
  -8.1798780e-02
  -5.5500290e-02
  -2.4958590e-02
   6.9324500e-03
   3.7622080e-02
   6.5250020e-02
   8.9616250e-02
   1.0969860e-01
   1.2684850e-01
   1.4136110e-01
   1.5266230e-01
   1.6047890e-01
   1.6495570e-01
   1.6515560e-01
   1.6073660e-01
   1.5063240e-01
   1.3288980e-01
   1.0673330e-01
   7.7563670e-02
   5.3312350e-02
   3.7088100e-02
   2.6353590e-02
   1.9876910e-02
   1.5248430e-02
   1.2760800e-02
   1.2600460e-02
   1.5632010e-02
   2.1434810e-02
   2.9019400e-02
   3.7358830e-02
   4.5498380e-02
   5.2034590e-02
   5.6304770e-02
   5.6977520e-02
   5.5496690e-02
   5.2853480e-02
   4.9971750e-02
   4.7492610e-02
   4.4837250e-02
   4.1969100e-02
   3.9533410e-02
   3.8651380e-02
   4.0099650e-02
   4.3955100e-02
   4.9402580e-02
   5.5764660e-02
   6.2287750e-02
   6.7824870e-02
   7.1714100e-02
   7.3756820e-02
   7.4033610e-02
   7.1861460e-02
   6.7177390e-02
   5.9941670e-02
   4.8957510e-02
   3.2604480e-02
   1.2367760e-02
  -1.1524780e-02
  -3.9074410e-02
  -6.5117290e-02
  -8.6851610e-02
  -1.0661910e-01
  -1.2583580e-01
  -1.4445840e-01
  -1.6322490e-01
  -1.8127220e-01
  -1.9800120e-01
  -2.1321330e-01
  -2.2800720e-01
  -2.4181150e-01
  -2.5033000e-01
  -2.5472910e-01
  -2.5809750e-01
  -2.6047450e-01
  -2.6129600e-01
  -2.6022880e-01
  -2.5606690e-01
  -2.4810620e-01
  -2.3522250e-01
  -2.1929710e-01
  -2.0211870e-01
  -1.8311580e-01
  -1.6132920e-01
  -1.3520940e-01
  -1.0424550e-01
  -7.2124600e-02
  -4.1750030e-02
  -1.5701130e-02
   6.5376530e-03
   2.6629220e-02
   4.3226760e-02
   5.6425440e-02
   6.5142420e-02
   6.6628090e-02
   5.8718110e-02
   4.4825060e-02
   2.6374940e-02
   4.2817920e-03
  -1.9937000e-02
  -4.2347390e-02
  -5.8739130e-02
  -7.0725390e-02
  -7.7999780e-02
  -8.2222710e-02
  -8.4092760e-02
  -8.3089630e-02
  -8.0476010e-02
  -7.6325820e-02
  -6.9853640e-02
  -6.1096370e-02
  -5.1172210e-02
  -4.1544890e-02
  -3.2655860e-02
  -2.6253880e-02
  -2.2656750e-02
  -2.0841520e-02
  -1.9600900e-02
  -1.8278720e-02
  -1.6934040e-02
  -1.5867630e-02
  -1.5528520e-02
  -1.5500410e-02
  -1.5858850e-02
  -1.6666590e-02
  -1.7190370e-02
  -1.8154010e-02
  -2.0151060e-02
  -2.2668130e-02
  -2.6634290e-02
  -3.2240420e-02
  -3.9431600e-02
  -4.7317040e-02
  -5.4510950e-02
  -6.0422750e-02
  -6.4243820e-02
  -6.3000910e-02
  -5.4844700e-02
  -4.0919620e-02
  -2.3228400e-02
  -5.0496290e-03
   9.7261410e-03
   2.0885100e-02
   3.1243090e-02
   4.2812430e-02
   5.5073380e-02
   6.7013310e-02
   7.8960440e-02
   8.8057720e-02
   9.1256500e-02
   8.8788050e-02
   7.9992470e-02
   6.3721010e-02
   4.1587970e-02
   1.5551610e-02
  -1.2034430e-02
  -3.6554960e-02
  -5.5695230e-02
  -6.9919610e-02
  -7.8448520e-02
  -8.0283570e-02
  -7.5954420e-02
  -6.7442630e-02
  -5.3538540e-02
  -3.4609170e-02
  -1.2773550e-02
   1.0067470e-02
   3.1962570e-02
   5.2167810e-02
   6.9856790e-02
   8.4456340e-02
   9.6135790e-02
   1.0462590e-01
   1.1142440e-01
   1.1538790e-01
   1.1598420e-01
   1.1275260e-01
   1.0570000e-01
   9.6111210e-02
   8.5984400e-02
   7.6636130e-02
   6.9468050e-02
   6.5398310e-02
   6.4528910e-02
   6.5953660e-02
   6.8995950e-02
   7.2019380e-02
   7.4377420e-02
   7.6256070e-02
   7.7522040e-02
   7.8370430e-02
   7.9170840e-02
   8.0173170e-02
   8.1884680e-02
   8.3611590e-02
   8.4581310e-02
   8.4563600e-02
   8.4009570e-02
   8.2510880e-02
   7.9864480e-02
   7.7185540e-02
   7.4303180e-02
   7.0636840e-02
   6.5785000e-02
   5.9305770e-02
   5.1012850e-02
   4.1368190e-02
   3.1844890e-02
   2.2266650e-02
   1.1922980e-02
  -1.6837360e-04
  -1.2431670e-02
  -2.1233670e-02
  -2.7158740e-02
  -3.0689610e-02
  -3.2980840e-02
  -3.3452010e-02
  -3.2305550e-02
  -2.9699480e-02
  -2.5540960e-02
  -1.9736280e-02
  -1.1809490e-02
  -1.3126110e-03
   1.0836520e-02
   2.4425170e-02
   3.8804080e-02
   5.4072050e-02
   6.7557000e-02
   7.5549050e-02
   7.9504350e-02
   8.2262440e-02
   8.3910490e-02
   8.4219790e-02
   8.3887880e-02
   8.2725940e-02
   7.9913850e-02
   7.3859730e-02
   6.4328140e-02
   5.2407520e-02
   3.9623830e-02
   2.3575060e-02
   8.0534400e-03
  -5.2159840e-03
  -1.5454260e-02
  -2.1324740e-02
  -2.5358220e-02
  -2.8730350e-02
  -3.2513440e-02
  -3.6862550e-02
  -4.0805340e-02
  -4.2523470e-02
  -4.1152630e-02
  -3.6779270e-02
  -3.1358870e-02
  -2.6693570e-02
  -2.4521710e-02
  -2.5508600e-02
  -2.8381740e-02
  -3.1566080e-02
  -3.4472330e-02
  -3.8013120e-02
  -4.2407690e-02
  -4.6832420e-02
  -5.1166750e-02
  -5.4606910e-02
  -5.6944470e-02
  -5.8499340e-02
  -5.9511510e-02
  -6.0753240e-02
  -6.2799750e-02
  -6.5340210e-02
  -6.7499340e-02
  -6.9512840e-02
  -7.2355200e-02
  -7.6313900e-02
  -8.1712940e-02
  -8.7924460e-02
  -9.4295250e-02
  -9.8984670e-02
  -1.0245330e-01
  -1.0459630e-01
  -1.0547600e-01
  -1.0511470e-01
  -1.0438470e-01
  -1.0358980e-01
  -1.0225370e-01
  -1.0075180e-01
  -9.9398200e-02
  -9.8780150e-02
  -9.9444850e-02
  -1.0123320e-01
  -1.0341780e-01
  -1.0578810e-01
  -1.0751280e-01
  -1.0824310e-01
  -1.0837530e-01
  -1.0805920e-01
  -1.0738150e-01
  -1.0606760e-01
  -1.0306060e-01
  -9.8341250e-02
  -9.1016230e-02
  -8.0373730e-02
  -6.6774830e-02
  -5.2410400e-02
  -3.7857500e-02
  -2.3298050e-02
  -9.1691050e-03
   4.9484410e-03
   1.8887180e-02
   3.1177550e-02
   4.2907900e-02
   5.3329180e-02
   6.1739710e-02
   6.8642230e-02
   7.3145080e-02
   7.3974330e-02
   7.1853430e-02
   6.8856760e-02
   6.6818830e-02
   6.6714890e-02
   6.8875080e-02
   7.1920970e-02
   7.4688640e-02
   7.6742950e-02
   7.7497000e-02
   7.6480620e-02
   7.4615010e-02
   7.4177850e-02
   7.6260170e-02
   8.0047580e-02
   8.3474280e-02
   8.6122950e-02
   8.7296450e-02
   8.5870970e-02
   8.2041360e-02
   7.7676560e-02
   7.3653540e-02
   7.0055670e-02
   6.7233310e-02
   6.5062820e-02
   6.3087160e-02
   6.1760600e-02
   6.0631450e-02
   5.9083910e-02
   5.6729210e-02
   5.3677880e-02
   4.9634510e-02
   4.4844690e-02
   4.0369060e-02
   3.5855210e-02
   3.1631710e-02
   2.8070500e-02
   2.5036680e-02
   2.2457520e-02
   2.0976400e-02
   2.1192390e-02
   2.2832630e-02
   2.4718290e-02
   2.6419910e-02
   2.8003550e-02
   3.0342010e-02
   3.3465270e-02
   3.6920890e-02
   4.0649200e-02
   4.5210350e-02
   5.0309670e-02
   5.5433330e-02
   5.9914000e-02
   6.3535490e-02
   6.5721260e-02
   6.5452630e-02
   6.1663210e-02
   5.4673420e-02
   4.4288830e-02
   2.9971420e-02
   1.4146340e-02
  -2.7686050e-03
  -1.8907620e-02
  -3.1442080e-02
  -4.0376640e-02
  -4.7249760e-02
  -5.1953770e-02
  -5.4920590e-02
  -5.6613810e-02
  -5.6109430e-02
  -5.3998130e-02
  -5.1782610e-02
  -4.9672350e-02
  -4.8596090e-02
  -4.8853670e-02
  -5.0122790e-02
  -5.2390260e-02
  -5.5139920e-02
  -5.8887700e-02
  -6.3259540e-02
  -6.7982190e-02
  -7.1961340e-02
  -7.4754370e-02
  -7.6152750e-02
  -7.6406110e-02
  -7.5715820e-02
  -7.3752360e-02
  -7.0430740e-02
  -6.6088250e-02
  -6.0836290e-02
  -5.4155650e-02
  -4.5901710e-02
  -3.6360950e-02
  -2.4860440e-02
  -1.2364380e-02
   1.7943650e-03
   1.6219410e-02
   2.9718980e-02
   4.1991520e-02
   5.1992670e-02
   5.9579290e-02
   6.4667650e-02
   6.7653830e-02
   6.8132820e-02
   6.5542190e-02
   5.9676710e-02
   5.0241290e-02
   3.8253320e-02
   2.5352180e-02
   1.2994900e-02
   2.0862200e-03
  -7.0082860e-03
  -1.5485480e-02
  -2.3539190e-02
  -2.9943670e-02
  -3.5144780e-02
  -4.0176990e-02
  -4.5258490e-02
  -4.9720700e-02
  -5.3708010e-02
  -5.6563770e-02
  -5.8252570e-02
  -5.8435280e-02
  -5.6928600e-02
  -5.3726060e-02
  -4.9780280e-02
  -4.6683480e-02
  -4.5073050e-02
  -4.4777020e-02
  -4.5483730e-02
  -4.6583650e-02
  -4.7745130e-02
  -4.8980020e-02
  -5.0358040e-02
  -5.1712510e-02
  -5.2547300e-02
  -5.2329370e-02
  -5.0964470e-02
  -4.8484000e-02
  -4.5715840e-02
  -4.3433850e-02
  -4.1797790e-02
  -4.0579210e-02
  -3.9107010e-02
  -3.8496950e-02
  -3.8675950e-02
  -4.0057670e-02
  -4.2273220e-02
  -4.4116420e-02
  -4.6745660e-02
  -5.0402170e-02
  -5.4015190e-02
  -5.6969050e-02
  -5.9549600e-02
  -6.1679620e-02
  -6.2948700e-02
  -6.3380790e-02
  -6.3043690e-02
  -6.1482450e-02
  -5.8831430e-02
  -5.4941920e-02
  -4.9205970e-02
  -4.2928750e-02
  -3.6962450e-02
  -3.1293490e-02
  -2.5870470e-02
  -2.0511080e-02
  -1.5544590e-02
  -1.1440380e-02
  -8.9512690e-03
  -8.0941450e-03
  -8.7762010e-03
  -1.1308160e-02
  -1.5079520e-02
  -1.9375210e-02
  -2.4131320e-02
  -2.8644130e-02
  -3.2500010e-02
  -3.4803260e-02
  -3.5607160e-02
  -3.4576850e-02
  -3.1942770e-02
  -2.8732750e-02
  -2.4613650e-02
  -1.9666300e-02
  -1.4918640e-02
  -1.1083730e-02
  -8.9843530e-03
  -8.0734950e-03
  -7.4327630e-03
  -7.8727510e-03
  -9.2798200e-03
  -1.1489580e-02
  -1.4652420e-02
  -1.9521120e-02
  -2.5062090e-02
  -2.9968620e-02
  -3.4043570e-02
  -3.7631660e-02
  -4.1651090e-02
  -4.4886960e-02
  -4.5634010e-02
  -4.2577810e-02
  -3.6695850e-02
  -2.9575330e-02
  -2.0895490e-02
  -1.1130200e-02
  -1.6379170e-03
   6.9488930e-03
   1.4711410e-02
   2.2075790e-02
   2.9169710e-02
   3.6151560e-02
   4.2720870e-02
   4.8638700e-02
   5.4149630e-02
   5.8971850e-02
   6.3619440e-02
   6.7606220e-02
   7.0308570e-02
   7.0883750e-02
   6.8221900e-02
   6.2735510e-02
   5.5559430e-02
   4.5991100e-02
   3.3224040e-02
   1.8121960e-02
   4.3247000e-03
  -8.1169970e-03
  -2.0022460e-02
  -3.0855820e-02
  -3.9677540e-02
  -4.6720910e-02
  -5.2213020e-02
  -5.6746150e-02
  -5.9812900e-02
  -6.1521860e-02
  -6.1827860e-02
  -5.9805970e-02
  -5.6723630e-02
  -5.3439290e-02
  -4.9248030e-02
  -4.4814070e-02
  -4.1162230e-02
  -3.7705220e-02
  -3.4047070e-02
  -3.0248450e-02
  -2.6666210e-02
  -2.3888610e-02
  -2.0441290e-02
  -1.6571940e-02
  -1.1904670e-02
  -5.9192440e-03
   1.6687800e-03
   1.1108330e-02
   2.1332400e-02
   3.1891390e-02
   4.2461530e-02
   5.2581360e-02
   6.1244480e-02
   6.9439410e-02
   7.6601260e-02
   8.2749890e-02
   8.7892840e-02
   9.1531510e-02
   9.4295990e-02
   9.6299050e-02
   9.6848100e-02
   9.5832120e-02
   9.3199110e-02
   8.8843110e-02
   8.1860490e-02
   7.2197410e-02
   6.0775870e-02
   4.8402890e-02
   3.6269920e-02
   2.3038870e-02
   1.0386150e-02
  -9.2919830e-04
  -1.0645310e-02
  -1.7020790e-02
  -2.1358180e-02
  -2.4833750e-02
  -2.8996060e-02
  -3.4081790e-02
  -4.0148140e-02
  -4.7732940e-02
  -5.6341110e-02
  -6.5503790e-02
  -7.4142940e-02
  -8.1377580e-02
  -8.5296800e-02
  -8.3978340e-02
  -8.0784510e-02
  -7.8005200e-02
  -7.7038400e-02
  -7.6935910e-02
  -7.5316210e-02
  -7.1446140e-02
  -6.5187240e-02
  -5.7480860e-02
  -4.8992830e-02
  -3.9728680e-02
  -3.0702020e-02
  -2.3855010e-02
  -1.8807300e-02
  -1.4957870e-02
  -1.1422630e-02
  -8.9002130e-03
  -8.1438320e-03
  -9.3003960e-03
  -1.1446620e-02
  -1.4019110e-02
  -1.6327680e-02
  -1.7602670e-02
  -1.7626220e-02
  -1.6684370e-02
  -1.4870110e-02
  -1.2819130e-02
  -1.0249540e-02
  -7.5727350e-03
  -5.0676100e-03
  -2.8162650e-03
  -9.2577490e-04
   7.9916230e-04
   1.8233080e-03
   1.1717470e-03
  -5.7659910e-04
  -3.1971740e-03
  -6.8848430e-03
  -1.1308120e-02
  -1.5303240e-02
  -1.9188680e-02
  -2.2558810e-02
  -2.4181890e-02
  -2.3666770e-02
  -2.1098990e-02
  -1.7605080e-02
  -1.2957240e-02
  -8.5703690e-03
  -4.4132700e-03
   3.1994210e-04
   6.2075380e-03
   1.4138220e-02
   2.2338100e-02
   3.0279850e-02
   3.8637210e-02
   4.7886370e-02
   5.6627200e-02
   6.3276750e-02
   6.8585300e-02
   7.2928910e-02
   7.5971720e-02
   7.6751380e-02
   7.5138850e-02
   7.2057180e-02
   6.8458960e-02
   6.4099850e-02
   5.8201930e-02
   5.0430100e-02
   4.1725810e-02
   3.2270650e-02
   2.1950590e-02
   1.1774680e-02
   1.9256340e-03
  -8.3867080e-03
  -1.8569250e-02
  -2.7377350e-02
  -3.5259900e-02
  -4.2968080e-02
  -5.0919790e-02
  -5.8365210e-02
  -6.5086860e-02
  -7.0084320e-02
  -7.2035450e-02
  -7.0860140e-02
  -6.7298570e-02
  -6.0691320e-02
  -5.0698890e-02
  -3.7511740e-02
  -2.2400950e-02
  -7.4755520e-03
   6.7933420e-03
   2.0519490e-02
   3.3325590e-02
   4.4001410e-02
   5.2049370e-02
   5.9124100e-02
   6.3908010e-02
   6.5831500e-02
   6.5504470e-02
   6.3220090e-02
   5.9226870e-02
   5.5010860e-02
   5.1109480e-02
   4.8174040e-02
   4.6145970e-02
   4.4218500e-02
   4.1826020e-02
   3.9375870e-02
   3.7167220e-02
   3.5550170e-02
   3.4378200e-02
   3.4920480e-02
   3.6793520e-02
   3.8814170e-02
   4.0570730e-02
   4.0992320e-02
   3.9629970e-02
   3.6346130e-02
   3.0798360e-02
   2.2856740e-02
   1.2830660e-02
   1.3425810e-03
  -1.0625730e-02
  -2.0077230e-02
  -2.7804140e-02
  -3.4111400e-02
  -3.8455380e-02
  -4.1539000e-02
  -4.2827060e-02
  -4.2202560e-02
  -4.0145620e-02
  -3.7735530e-02
  -3.5197010e-02
  -3.1968060e-02
  -2.7583960e-02
  -2.2530880e-02
  -1.8161040e-02
  -1.5196570e-02
  -1.3038180e-02
  -1.2173730e-02
  -1.3122720e-02
  -1.5309170e-02
  -1.8278160e-02
  -2.2600310e-02
  -2.7402590e-02
  -3.1850220e-02
  -3.5054460e-02
  -3.6587330e-02
  -3.6323040e-02
  -3.4692190e-02
  -3.1405880e-02
  -2.6541020e-02
  -1.9872080e-02
  -1.2186960e-02
  -4.1302310e-03
   4.7813830e-03
   1.3718790e-02
   2.1922360e-02
   2.9899520e-02
   3.8211860e-02
   4.5849830e-02
   5.1850530e-02
   5.7277160e-02
   6.1760220e-02
   6.3915890e-02
   6.3235220e-02
   6.0297530e-02
   5.4969210e-02
   4.7853250e-02
   3.8562720e-02
   2.6902440e-02
   1.4645300e-02
   1.8529020e-03
  -1.0357570e-02
  -2.1606450e-02
  -3.0637260e-02
  -3.7363790e-02
  -4.3486570e-02
  -4.7692820e-02
  -5.0353840e-02
  -5.2112600e-02
  -5.3434830e-02
  -5.4459650e-02
  -5.5349470e-02
  -5.6612790e-02
  -5.8159010e-02
  -6.0339010e-02
  -6.2525550e-02
  -6.4440010e-02
  -6.6404250e-02
  -6.6869710e-02
  -6.5998950e-02
  -6.3490750e-02
  -5.9991870e-02
  -5.5561410e-02
  -5.0155250e-02
  -4.4340940e-02
  -3.7667730e-02
  -2.9910610e-02
  -2.0904360e-02
  -1.1101850e-02
  -1.2833050e-03
   6.6325320e-03
   1.2197590e-02
   1.7441190e-02
   2.2585550e-02
   2.6493040e-02
   2.7214370e-02
   2.4270230e-02
   1.9040990e-02
   1.2153960e-02
   3.7480620e-03
  -5.5473890e-03
  -1.4387050e-02
  -2.1441250e-02
  -2.6121040e-02
  -2.8417700e-02
  -2.8854600e-02
  -2.7694820e-02
  -2.5184680e-02
  -2.2029280e-02
  -1.8627120e-02
  -1.4179530e-02
  -9.2580380e-03
  -5.0941700e-03
  -1.3822100e-03
   2.3438390e-03
   6.2543290e-03
   9.5473110e-03
   1.2462170e-02
   1.4754950e-02
   1.7170820e-02
   1.9237360e-02
   2.0541940e-02
   2.1268010e-02
   2.0529360e-02
   1.8275470e-02
   1.5990240e-02
   1.4017410e-02
   1.3128620e-02
   1.3623700e-02
   1.4895920e-02
   1.5449900e-02
   1.4691770e-02
   1.3245570e-02
   1.1549690e-02
   1.0434200e-02
   1.0395430e-02
   1.1510620e-02
   1.2692130e-02
   1.2645560e-02
   1.1060700e-02
   8.0869270e-03
   3.5590510e-03
  -1.9906370e-03
  -8.3227700e-03
  -1.4885360e-02
  -2.1788340e-02
  -2.8495140e-02
  -3.4376670e-02
  -3.9032960e-02
  -4.2680960e-02
  -4.5658420e-02
  -4.8226550e-02
  -4.9628530e-02
  -4.9390320e-02
  -4.8383960e-02
  -4.6602090e-02
  -4.4104690e-02
  -4.1087270e-02
  -3.7696670e-02
  -3.4345620e-02
  -3.1918240e-02
  -3.0212650e-02
  -2.9009640e-02
  -2.9391190e-02
  -3.1190580e-02
  -3.3927660e-02
  -3.6560660e-02
  -3.9097410e-02
  -4.1765380e-02
  -4.4538130e-02
  -4.7182620e-02
  -4.9170620e-02
  -4.9897120e-02
  -4.8595260e-02
  -4.4573870e-02
  -3.8047970e-02
  -2.9445470e-02
  -1.9415980e-02
  -7.2579530e-03
   7.0129200e-03
   1.8845920e-02
   2.8222300e-02
   3.7266100e-02
   4.5730680e-02
   5.4229150e-02
   6.2425250e-02
   7.0161590e-02
   7.6551450e-02
   8.1328060e-02
   8.4924760e-02
   8.7785360e-02
   8.9202480e-02
   8.9510840e-02
   8.8602180e-02
   8.6544600e-02
   8.3386350e-02
   7.9353370e-02
   7.5206890e-02
   7.1147180e-02
   6.7314680e-02
   6.3920650e-02
   6.0979340e-02
   5.7915330e-02
   5.4516290e-02
   5.1099990e-02
   4.7996410e-02
   4.4861400e-02
   4.1819490e-02
   3.8317180e-02
   3.4068610e-02
   2.9864220e-02
   2.6704700e-02
   2.4234270e-02
   2.2589250e-02
   2.2234070e-02
   2.2710220e-02
   2.3622540e-02
   2.4796670e-02
   2.6126670e-02
   2.7807930e-02
   2.9800390e-02
   3.1403890e-02
   3.1660710e-02
   3.0090880e-02
   2.5768230e-02
   1.8542190e-02
   8.9954010e-03
  -1.6084630e-03
  -1.2648460e-02
  -2.3163850e-02
  -3.2204290e-02
  -4.0487000e-02
  -4.8061450e-02
  -5.4994530e-02
  -6.1025390e-02
  -6.3966380e-02
  -6.2803660e-02
  -5.7501210e-02
  -4.8918220e-02
  -3.7450650e-02
  -2.4266590e-02
  -1.1611420e-02
  -5.4542360e-04
   8.6846130e-03
   1.5639740e-02
   2.0549750e-02
   2.4337470e-02
   2.6618370e-02
   2.7998490e-02
   2.7572190e-02
   2.5756230e-02
   2.4125100e-02
   2.4230220e-02
   2.6301580e-02
   2.9826280e-02
   3.4579680e-02
   4.0835090e-02
   4.8127740e-02
   5.5340020e-02
   6.1603520e-02
   6.7209720e-02
   7.2302560e-02
   7.6792730e-02
   8.0388400e-02
   8.2386430e-02
   8.3474630e-02
   8.2802320e-02
   8.0324800e-02
   7.6054700e-02
   7.1268140e-02
   6.6617910e-02
   6.1128470e-02
   5.4563840e-02
   4.7267930e-02
   3.8995720e-02
   3.0414220e-02
   2.1812120e-02
   1.3444010e-02
   5.9958280e-03
  -5.9547360e-04
  -6.2675660e-03
  -1.1798050e-02
  -1.6037350e-02
  -1.9745730e-02
  -2.2874240e-02
  -2.5184940e-02
  -2.6298760e-02
  -2.6023610e-02
  -2.4955500e-02
  -2.2996060e-02
  -2.0802080e-02
  -1.8616220e-02
  -1.6948680e-02
  -1.4848260e-02
  -1.3186340e-02
  -1.2026280e-02
  -1.1152840e-02
  -1.0991980e-02
  -1.2664540e-02
  -1.5332780e-02
  -1.9076020e-02
  -2.4110580e-02
  -2.8822600e-02
  -3.3876240e-02
  -3.8740460e-02
  -4.1909550e-02
  -4.2876900e-02
  -4.1963190e-02
  -3.9119110e-02
  -3.5133530e-02
  -2.9212570e-02
  -2.1500300e-02
  -1.2818970e-02
  -3.9440780e-03
   3.8757850e-03
   9.0586480e-03
   1.1413680e-02
   1.1374120e-02
   9.7158410e-03
   6.5346190e-03
   2.5333180e-03
  -2.2183510e-03
  -7.3569230e-03
  -1.1585470e-02
  -1.4387540e-02
  -1.6015840e-02
  -1.5386230e-02
  -1.2062950e-02
  -7.2676450e-03
  -1.9790880e-03
   4.2407520e-03
   1.0945230e-02
   1.8250390e-02
   2.5177100e-02
   3.0329850e-02
   3.3470760e-02
   3.4361490e-02
   3.3535640e-02
   3.0705730e-02
   2.6576650e-02
   2.1266550e-02
   1.4590480e-02
   7.6160150e-03
   1.4048370e-03
  -3.9497700e-03
  -8.4645960e-03
  -1.1797940e-02
  -1.5045220e-02
  -1.7854180e-02
  -2.0202520e-02
  -2.1896460e-02
  -2.2073670e-02
  -2.0878020e-02
  -1.9325410e-02
  -1.7830560e-02
  -1.5216600e-02
  -1.1869100e-02
  -8.7920420e-03
  -5.5852170e-03
  -2.4282860e-03
   2.1294130e-04
   2.4291970e-03
   3.9851310e-03
   4.8865940e-03
   4.6631500e-03
   3.1969150e-03
   1.3596350e-03
  -4.8604100e-05
  -1.3011450e-03
  -2.4758790e-03
  -2.8755020e-03
  -1.1445570e-03
   1.9038760e-03
   5.7374190e-03
   9.7680030e-03
   1.3869920e-02
   1.7273960e-02
   2.0604080e-02
   2.4842450e-02
   3.0089070e-02
   3.6266900e-02
   4.2504020e-02
   4.7822730e-02
   5.3109100e-02
   5.8555820e-02
   6.2886910e-02
   6.6390280e-02
   6.8751780e-02
   7.0472980e-02
   7.1656990e-02
   7.1968940e-02
   7.1273060e-02
   7.0330990e-02
   6.9554730e-02
   6.8426630e-02
   6.7009010e-02
   6.5676890e-02
   6.4645050e-02
   6.4029650e-02
   6.3639310e-02
   6.3351350e-02
   6.2624790e-02
   6.1040130e-02
   5.8705370e-02
   5.5226560e-02
   5.0709140e-02
   4.5122790e-02
   3.8122780e-02
   3.0529400e-02
   2.2303990e-02
   1.3796260e-02
   5.3551400e-03
  -2.2167610e-03
  -8.7249640e-03
  -1.4257680e-02
  -1.8007360e-02
  -1.9982040e-02
  -2.1275380e-02
  -2.2428600e-02
  -2.3492470e-02
  -2.3783490e-02
  -2.4256710e-02
  -2.5139310e-02
  -2.6021100e-02
  -2.7154380e-02
  -2.7967410e-02
  -2.8484320e-02
  -2.8672810e-02
  -2.8384310e-02
  -2.7556570e-02
  -2.6183540e-02
  -2.4675610e-02
  -2.2929250e-02
  -2.0950400e-02
  -1.9173440e-02
  -1.7383740e-02
  -1.6016260e-02
  -1.5688580e-02
  -1.5940930e-02
  -1.6728790e-02
  -1.8233120e-02
  -1.9886630e-02
  -2.1413330e-02
  -2.2793310e-02
  -2.3656460e-02
  -2.2852570e-02
  -2.1188570e-02
  -1.9641620e-02
  -1.8300460e-02
  -1.7330180e-02
  -1.6240910e-02
  -1.5208470e-02
  -1.4574730e-02
  -1.4150480e-02
  -1.3616050e-02
  -1.3432130e-02
  -1.3508160e-02
  -1.3540820e-02
  -1.3398630e-02
  -1.2918620e-02
  -1.2105350e-02
  -1.1280690e-02
  -1.0369230e-02
  -9.8282460e-03
  -9.3992050e-03
  -8.4865030e-03
  -7.5110210e-03
  -6.6308440e-03
  -5.3188520e-03
  -4.0034950e-03
  -2.6587920e-03
  -9.7811440e-04
   1.1710960e-03
   3.4798610e-03
   4.8989400e-03
   5.2686630e-03
   4.6381570e-03
   2.3065470e-03
  -1.5126310e-03
  -6.2447170e-03
  -1.2456320e-02
  -1.9202960e-02
  -2.5608250e-02
  -3.1523170e-02
  -3.6610080e-02
  -4.0824200e-02
  -4.4037930e-02
  -4.6559560e-02
  -4.8296470e-02
  -4.9033160e-02
  -4.9397770e-02
  -4.8901790e-02
  -4.7752640e-02
  -4.5737000e-02
  -4.2541400e-02
  -3.7766590e-02
  -3.1010040e-02
  -2.3389000e-02
  -1.5612890e-02
  -8.3380880e-03
  -2.0700380e-03
   3.6892240e-03
   9.3284550e-03
   1.4392950e-02
   1.9339210e-02
   2.4066530e-02
   2.8430020e-02
   3.2277230e-02
   3.6402580e-02
   4.0684510e-02
   4.5378200e-02
   4.9978350e-02
   5.4236070e-02
   5.8400210e-02
   6.2039670e-02
   6.4557710e-02
   6.5660920e-02
   6.5222630e-02
   6.2782440e-02
   5.8755240e-02
   5.2845280e-02
   4.5003920e-02
   3.5042230e-02
   2.2787340e-02
   9.0830860e-03
  -6.7714160e-03
  -2.3162060e-02
  -3.6764840e-02
  -4.7983230e-02
  -5.8181610e-02
  -6.6982620e-02
  -7.4533380e-02
  -8.1470760e-02
  -8.7531360e-02
  -9.3172810e-02
  -9.7002430e-02
  -9.9153930e-02
  -1.0009730e-01
  -9.9589390e-02
  -9.7865400e-02
  -9.5222210e-02
  -9.1814250e-02
  -8.8493150e-02
  -8.5607130e-02
  -8.2399130e-02
  -7.8532820e-02
  -7.4690100e-02
  -7.1943150e-02
  -6.9725120e-02
  -6.7614950e-02
  -6.6555020e-02
  -6.6313450e-02
  -6.7542090e-02
  -6.8709050e-02
  -6.8526120e-02
  -6.6998540e-02
  -6.5477750e-02
  -6.5973420e-02
  -6.7917130e-02
  -7.0058230e-02
  -7.2132350e-02
  -7.4566950e-02
  -7.8048640e-02
  -8.1948200e-02
  -8.5645170e-02
  -8.9335380e-02
  -9.2628770e-02
  -9.5140750e-02
  -9.7372560e-02
  -9.9431820e-02
  -1.0106150e-01
  -1.0179930e-01
  -1.0154080e-01
  -1.0056110e-01
  -9.8929540e-02
  -9.7032800e-02
  -9.4913180e-02
  -9.2158740e-02
  -8.8747070e-02
  -8.4794780e-02
  -8.0552890e-02
  -7.6029580e-02
  -7.1269820e-02
  -6.5912770e-02
  -6.0273920e-02
  -5.4312440e-02
  -4.7901670e-02
  -4.1459470e-02
  -3.5376700e-02
  -3.0454620e-02
  -2.6669220e-02
  -2.2977440e-02
  -2.0085320e-02
  -1.8191530e-02
  -1.7843180e-02
  -1.8902730e-02
  -2.0430100e-02
  -2.1771560e-02
  -2.2736950e-02
  -2.3893380e-02
  -2.5026190e-02
  -2.5582470e-02
  -2.5361120e-02
  -2.4479960e-02
  -2.2816460e-02
  -2.1014590e-02
  -1.9747130e-02
  -1.8309080e-02
  -1.6407310e-02
  -1.4248740e-02
  -1.2398040e-02
  -1.0784460e-02
  -8.3616670e-03
  -6.0650240e-03
  -3.7176160e-03
  -1.0075870e-03
   2.0121530e-03
   5.6377690e-03
   9.8542700e-03
   1.4080360e-02
   1.7582610e-02
   1.9823710e-02
   2.1506960e-02
   2.3144100e-02
   2.4233770e-02
   2.4836150e-02
   2.4897530e-02
   2.4954690e-02
   2.5095180e-02
   2.5172040e-02
   2.5061110e-02
   2.4539160e-02
   2.3560150e-02
   2.2365360e-02
   2.0553720e-02
   1.7541480e-02
   1.4107300e-02
   1.0430860e-02
   7.0205630e-03
   4.0302210e-03
   9.5453180e-04
  -1.6581450e-03
  -3.1972660e-03
  -3.2784450e-03
  -1.8998590e-03
  -1.1188650e-04
   2.1484480e-03
   4.8625130e-03
   7.6170810e-03
   1.0239210e-02
   1.2425130e-02
   1.3876890e-02
   1.4773810e-02
   1.5333200e-02
   1.5754070e-02
   1.6626070e-02
   1.7767760e-02
   1.8766520e-02
   2.1102600e-02
   2.4631630e-02
   2.8691390e-02
   3.2926270e-02
   3.7375090e-02
   4.2036550e-02
   4.6414030e-02
   5.0258750e-02
   5.3555940e-02
   5.6316410e-02
   5.9057710e-02
   6.1763030e-02
   6.4354410e-02
   6.7084380e-02
   7.0275590e-02
   7.3123730e-02
   7.6367220e-02
   8.0501730e-02
   8.5223980e-02
   9.0144630e-02
   9.4725920e-02
   9.9205360e-02
   1.0286380e-01
   1.0515660e-01
   1.0668940e-01
   1.0798030e-01
   1.0864960e-01
   1.0831520e-01
   1.0742360e-01
   1.0633770e-01
   1.0430340e-01
   1.0161000e-01
   9.8855780e-02
   9.5586930e-02
   9.1035410e-02
   8.4127560e-02
   7.5092270e-02
   6.5026910e-02
   5.4146410e-02
   4.3024100e-02
   3.2351640e-02
   2.3109640e-02
   1.5204710e-02
   8.8648790e-03
   3.8101720e-03
   3.1302780e-05
  -1.0722760e-03
   4.6362890e-04
   3.1044090e-03
   5.9332760e-03
   9.5082870e-03
   1.4031250e-02
   1.8615900e-02
   2.3161200e-02
   2.7419920e-02
   3.1872930e-02
   3.6437640e-02
   4.0502900e-02
   4.3933120e-02
   4.7339080e-02
   5.0789660e-02
   5.3819600e-02
   5.5974390e-02
   5.7144080e-02
   5.7489920e-02
   5.6873020e-02
   5.5588340e-02
   5.3884210e-02
   5.1465650e-02
   4.8773140e-02
   4.6135620e-02
   4.3395040e-02
   4.0341790e-02
   3.6796930e-02
   3.2791120e-02
   2.7830460e-02
   2.2564090e-02
   1.7515230e-02
   1.2294540e-02
   7.0149810e-03
   2.1460910e-03
  -2.3085830e-03
  -6.5709380e-03
  -9.9575410e-03
  -1.2181960e-02
  -1.3321640e-02
  -1.3123020e-02
  -1.1237570e-02
  -8.2499460e-03
  -4.7434870e-03
  -5.7644680e-04
   3.8183020e-03
   9.0488280e-03
   1.3972750e-02
   1.8213830e-02
   2.1575150e-02
   2.3983230e-02
   2.5227190e-02
   2.6250480e-02
   2.7219710e-02
   2.8312000e-02
   2.9590090e-02
   3.1052540e-02
   3.3065690e-02
   3.4702600e-02
   3.6155360e-02
   3.7248150e-02
   3.8237110e-02
   3.8701040e-02
   3.8277880e-02
   3.7397800e-02
   3.6270780e-02
   3.4892120e-02
   3.2906630e-02
   3.1274880e-02
   2.9879740e-02
   2.8634110e-02
   2.7470750e-02
   2.6354840e-02
   2.5882440e-02
   2.6407530e-02
   2.7542230e-02
   2.8930990e-02
   3.0231240e-02
   3.1404160e-02
   3.2453360e-02
   3.3387730e-02
   3.4362790e-02
   3.5116630e-02
   3.5150100e-02
   3.4823460e-02
   3.4267820e-02
   3.3565070e-02
   3.2742460e-02
   3.1565000e-02
   2.9766090e-02
   2.6958790e-02
   2.4407540e-02
   2.2342940e-02
   2.0239480e-02
   1.7254430e-02
   1.3236890e-02
   8.4726360e-03
   3.6933210e-03
  -9.8263930e-04
  -5.9076600e-03
  -1.0488500e-02
  -1.4785880e-02
  -1.9685590e-02
  -2.5157920e-02
  -3.0212320e-02
  -3.3878420e-02
  -3.6274330e-02
  -3.8949100e-02
  -4.1246760e-02
  -4.3254700e-02
  -4.4748590e-02
  -4.6159690e-02
  -4.6835740e-02
  -4.7194550e-02
  -4.6839410e-02
  -4.5700240e-02
  -4.4048580e-02
  -4.2713170e-02
  -4.1164220e-02
  -3.8902650e-02
  -3.6065130e-02
  -3.2882590e-02
  -3.0273490e-02
  -2.8249830e-02
  -2.6572440e-02
  -2.4672030e-02
  -2.2549620e-02
  -2.0904610e-02
  -1.9483410e-02
  -1.9547970e-02
  -2.0855550e-02
  -2.2500760e-02
  -2.4306660e-02
  -2.7156650e-02
  -3.0517310e-02
  -3.3947860e-02
  -3.8275090e-02
  -4.3081010e-02
  -4.7752490e-02
  -5.2243600e-02
  -5.6442170e-02
  -6.0100850e-02
  -6.3116150e-02
  -6.5479320e-02
  -6.7103780e-02
  -6.7769690e-02
  -6.6984130e-02
  -6.5839870e-02
  -6.4628420e-02
  -6.2787820e-02
  -6.0892620e-02
  -5.8746340e-02
  -5.6476920e-02
  -5.3808820e-02
  -5.0786680e-02
  -4.7102480e-02
  -4.2619210e-02
  -3.7995170e-02
  -3.3416100e-02
  -2.8786410e-02
  -2.4160840e-02
  -1.9800560e-02
  -1.6121450e-02
  -1.3426090e-02
  -1.1782340e-02
  -1.0813590e-02
  -1.0628880e-02
  -1.1233710e-02
  -1.1719260e-02
  -1.2645620e-02
  -1.4381960e-02
  -1.6763630e-02
  -1.9046550e-02
  -2.1277650e-02
  -2.4036100e-02
  -2.6849100e-02
  -2.9575710e-02
  -3.2120780e-02
  -3.4352940e-02
  -3.6277410e-02
  -3.7941230e-02
  -3.8959740e-02
  -3.9330980e-02
  -3.8355060e-02
  -3.7524540e-02
  -3.8303570e-02
  -3.9663680e-02
  -4.0874030e-02
  -4.1561120e-02
  -4.1902180e-02
  -4.2453090e-02
  -4.2523950e-02
  -4.1248380e-02
  -3.8710090e-02
  -3.5687250e-02
  -3.2197460e-02
  -2.7972630e-02
  -2.3049380e-02
  -1.7260100e-02
  -1.1136430e-02
  -5.0505480e-03
   8.8575150e-04
   6.3152290e-03
   1.0750970e-02
   1.3656940e-02
   1.4145730e-02
   1.2180350e-02
   9.0848020e-03
   5.6917130e-03
   2.1257620e-03
  -8.5047720e-04
  -3.5792360e-03
  -5.7539160e-03
  -6.2997080e-03
  -4.7855510e-03
  -1.9130390e-03
   1.6811390e-03
   6.1241950e-03
   1.1011290e-02
   1.5968390e-02
   2.0581090e-02
   2.5006880e-02
   2.8942730e-02
   3.2528850e-02
   3.4508590e-02
   3.4874550e-02
   3.3164800e-02
   3.0117640e-02
   2.6737040e-02
   2.3035330e-02
   1.9168380e-02
   1.4795600e-02
   1.0446650e-02
   6.2768110e-03
   2.4561590e-03
  -5.7056220e-04
  -2.5973490e-03
  -3.5926650e-03
  -3.7290140e-03
  -3.1950970e-03
  -1.6543830e-03
   2.5549380e-04
   2.8707870e-03
   5.9719200e-03
   8.6861870e-03
   1.1396770e-02
   1.4231260e-02
   1.7037250e-02
   1.9549130e-02
   2.1479870e-02
   2.2882210e-02
   2.4392750e-02
   2.5946150e-02
   2.7180280e-02
   2.7752820e-02
   2.7651500e-02
   2.7608730e-02
   2.7890960e-02
   2.8594740e-02
   2.9639540e-02
   3.0483570e-02
   3.1239750e-02
   3.2664560e-02
   3.4594330e-02
   3.7107690e-02
   4.0065150e-02
   4.3469850e-02
   4.7476560e-02
   5.1793840e-02
   5.6238920e-02
   6.0345920e-02
   6.4166770e-02
   6.7496900e-02
   7.0232670e-02
   7.2537590e-02
   7.4047390e-02
   7.4673420e-02
   7.4458740e-02
   7.3774330e-02
   7.2750460e-02
   7.1537540e-02
   7.0298060e-02
   6.8743230e-02
   6.7185910e-02
   6.4952290e-02
   6.2872670e-02
   6.1154120e-02
   5.9531060e-02
   5.6894760e-02
   5.3773490e-02
   5.0213890e-02
   4.6070910e-02
   4.1887980e-02
   3.7392990e-02
   3.2899790e-02
   2.7764030e-02
   2.2040990e-02
   1.6358690e-02
   1.1014320e-02
   6.4017600e-03
   2.7521020e-03
  -2.4969070e-04
  -2.7112570e-03
  -4.8383570e-03
  -6.6722110e-03
  -7.6609330e-03
  -8.2494080e-03
  -8.5508120e-03
  -8.0829970e-03
  -7.0041010e-03
  -5.6100630e-03
  -3.8714360e-03
  -2.7996610e-03
  -2.0069450e-03
  -9.8704650e-04
   7.8458630e-04
   2.8945630e-03
   4.7164320e-03
   6.8063570e-03
   8.8864090e-03
   1.0593700e-02
   1.1523950e-02
   1.2016770e-02
   1.2271080e-02
   1.1695160e-02
   1.0492750e-02
   9.1540200e-03
   7.8675850e-03
   6.5807330e-03
   5.2303040e-03
   3.8013250e-03
   2.3159970e-03
   8.3899500e-04
  -5.4460520e-04
  -1.8112030e-03
  -3.4995430e-03
  -6.5087550e-03
  -1.0448440e-02
  -1.4858260e-02
  -1.9064130e-02
  -2.3921110e-02
  -2.9329810e-02
  -3.5337130e-02
  -4.1836370e-02
  -4.8472140e-02
  -5.5582450e-02
  -6.2452980e-02
  -6.9120190e-02
  -7.5406650e-02
  -8.0594060e-02
  -8.4588660e-02
  -8.7459660e-02
  -9.0260230e-02
  -9.1837630e-02
  -9.1320100e-02
  -8.9663670e-02
  -8.7006230e-02
  -8.2773550e-02
  -7.6980000e-02
  -7.0641280e-02
  -6.3870500e-02
  -5.7067010e-02
  -5.0367430e-02
  -4.3680360e-02
  -3.8491130e-02
  -3.5838480e-02
  -3.4237950e-02
  -3.3712350e-02
  -3.4333910e-02
  -3.5506040e-02
  -3.6567430e-02
  -3.7123850e-02
  -3.5611950e-02
  -3.2428350e-02
  -2.7905990e-02
  -2.2117740e-02
  -1.5339220e-02
  -7.8455590e-03
  -1.0031020e-03
   4.5110280e-03
   9.4626500e-03
   1.3869390e-02
   1.6899630e-02
   1.8295970e-02
   1.7152400e-02
   1.4396500e-02
   1.0913910e-02
   6.7236530e-03
   2.3424910e-03
  -1.8843480e-03
  -6.2050110e-03
  -9.6182300e-03
  -1.1719580e-02
  -1.2625590e-02
  -1.2489740e-02
  -1.1289480e-02
  -9.5980350e-03
  -7.3355570e-03
  -4.6827620e-03
  -2.0427760e-03
   6.5516920e-04
   3.4441210e-03
   6.3144340e-03
   9.0872530e-03
   1.1509000e-02
   1.3314840e-02
   1.4666790e-02
   1.6021420e-02
   1.7392730e-02
   1.8709650e-02
   2.0108890e-02
   2.1801890e-02
   2.3678230e-02
   2.5017790e-02
   2.6693280e-02
   2.8885520e-02
   3.2092560e-02
   3.5123100e-02
   3.8501080e-02
   4.2526430e-02
   4.6529790e-02
   5.0165490e-02
   5.3451600e-02
   5.6865320e-02
   6.0730700e-02
   6.4214700e-02
   6.6585200e-02
   6.8074070e-02
   6.8488740e-02
   6.7237510e-02
   6.4805390e-02
   6.2028640e-02
   5.9075830e-02
   5.5744420e-02
   5.1824290e-02
   4.6893710e-02
   4.2052550e-02
   3.8129510e-02
   3.4604130e-02
   3.1327250e-02
   2.8415530e-02
   2.6230160e-02
   2.4586460e-02
   2.3003310e-02
   2.1573240e-02
   2.0308900e-02
   1.8584110e-02
   1.6840380e-02
   1.5422430e-02
   1.3601260e-02
   1.2189740e-02
   1.0871800e-02
   9.4753810e-03
   8.0871560e-03
   6.6708780e-03
   5.2512390e-03
   3.8028500e-03
   2.3814740e-03
   1.0577030e-03
  -3.7443800e-05
  -8.9803420e-04
  -1.7582800e-03
  -2.8416710e-03
  -3.8006990e-03
  -4.8211300e-03
  -5.3929640e-03
  -5.3635070e-03
  -5.2188990e-03
  -4.8145560e-03
  -4.0014260e-03
  -2.9308020e-03
  -1.2370550e-03
   6.9667440e-04
   3.4477800e-03
   6.5680130e-03
   1.0047670e-02
   1.3772590e-02
   1.6874710e-02
   1.9534190e-02
   2.2311490e-02
   2.5188320e-02
   2.7865310e-02
   2.9975420e-02
   3.1207750e-02
   3.1403450e-02
   3.0055690e-02
   2.7571360e-02
   2.4462290e-02
   2.1392600e-02
   1.7760250e-02
   1.4321520e-02
   1.1120270e-02
   8.3453320e-03
   5.9293340e-03
   3.9560310e-03
   2.5480300e-03
   1.7440200e-03
   2.0322540e-03
   3.3127540e-03
   5.2700580e-03
   6.8313320e-03
   7.4673540e-03
   7.4399520e-03
   7.0405130e-03
   6.1434810e-03
   4.7038780e-03
   3.1242680e-03
   1.3570540e-03
  -1.2137870e-03
  -3.8779070e-03
  -5.9579890e-03
  -7.3800830e-03
  -8.5499670e-03
  -9.4508380e-03
  -1.0066380e-02
  -1.0054360e-02
  -9.6078020e-03
  -8.6231360e-03
  -7.2336240e-03
  -5.6521650e-03
  -3.7107710e-03
  -1.5396990e-03
   4.1899330e-04
   2.2439930e-03
   3.8295180e-03
   5.1145870e-03
   6.6474960e-03
   7.2824580e-03
   6.4283280e-03
   4.9955210e-03
   3.5454390e-03
   1.4688670e-03
  -7.8048880e-04
  -3.4638240e-03
  -6.2754820e-03
  -9.0885620e-03
  -1.1889730e-02
  -1.4427780e-02
  -1.6464970e-02
  -1.7959990e-02
  -1.9429300e-02
  -2.0734290e-02
  -2.1799910e-02
  -2.1834790e-02
  -2.1781590e-02
  -2.1830620e-02
  -2.1819260e-02
  -2.1816570e-02
  -2.1939300e-02
  -2.2441060e-02
  -2.3389890e-02
  -2.4426440e-02
  -2.5258670e-02
  -2.6189110e-02
  -2.6618770e-02
  -2.6557430e-02
  -2.6547990e-02
  -2.6583810e-02
  -2.6576930e-02
  -2.6545890e-02
  -2.6610020e-02
  -2.6982180e-02
  -2.7812560e-02
  -2.8832010e-02
  -2.9294330e-02
  -3.0251580e-02
  -3.1721540e-02
  -3.2690310e-02
  -3.2660420e-02
  -3.1512110e-02
  -2.9117260e-02
  -2.5955230e-02
  -2.2496580e-02
  -1.8884910e-02
  -1.5260270e-02
  -1.2264930e-02
  -1.0333700e-02
  -8.9906280e-03
  -8.2770960e-03
  -8.8895410e-03
  -1.0890110e-02
  -1.3669080e-02
  -1.6757850e-02
  -2.0420310e-02
  -2.4638290e-02
  -2.9182300e-02
  -3.3954580e-02
  -3.8450740e-02
  -4.2823610e-02
  -4.6229000e-02
  -4.7310220e-02
  -4.5557090e-02
  -4.1986440e-02
  -3.8078130e-02
  -3.4051110e-02
  -2.9841840e-02
  -2.5691990e-02
  -2.1559390e-02
  -1.7744960e-02
  -1.3627360e-02
  -1.0285420e-02
  -9.2263530e-03
  -1.0539600e-02
  -1.3408890e-02
  -1.6906450e-02
  -2.0015930e-02
  -2.2187700e-02
  -2.4084320e-02
  -2.6460720e-02
  -2.8567160e-02
  -2.8829540e-02
  -2.8088160e-02
  -2.6921320e-02
  -2.5711940e-02
  -2.4726890e-02
  -2.3862880e-02
  -2.2937670e-02
  -2.2110080e-02
  -2.2119710e-02
  -2.2911610e-02
  -2.4387380e-02
  -2.6242650e-02
  -2.8637770e-02
  -3.1417450e-02
  -3.4289830e-02
  -3.7248790e-02
  -4.0054020e-02
  -4.2455760e-02
  -4.4678840e-02
  -4.5957760e-02
  -4.6059610e-02
  -4.5002470e-02
  -4.3390000e-02
  -4.1371810e-02
  -3.8212220e-02
  -3.4111760e-02
  -2.9439440e-02
  -2.5510070e-02
  -2.2149320e-02
  -1.9192080e-02
  -1.6217990e-02
  -1.2872130e-02
  -9.4911450e-03
  -6.6361460e-03
  -3.8427690e-03
  -1.0455420e-03
   1.5245480e-03
   3.6651650e-03
   5.3230010e-03
   6.7114990e-03
   7.2534590e-03
   7.0625200e-03
   6.6320710e-03
   6.0445530e-03
   5.5688210e-03
   4.7587820e-03
   4.0888790e-03
   4.0359900e-03
   3.9838510e-03
   3.6251070e-03
   3.0106430e-03
   2.4005980e-03
   1.7050620e-03
   5.6002600e-04
  -1.6790860e-03
  -4.5108920e-03
  -7.4551760e-03
  -1.0717930e-02
  -1.4232380e-02
  -1.7427120e-02
  -2.0273650e-02
  -2.2357730e-02
  -2.4144070e-02
  -2.5593700e-02
  -2.6616520e-02
  -2.7182960e-02
  -2.6075530e-02
  -2.4349470e-02
  -2.2074490e-02
  -1.8741660e-02
  -1.4444410e-02
  -9.3286550e-03
  -3.5895100e-03
   1.4724930e-03
   6.1296700e-03
   1.0819240e-02
   1.5077970e-02
   1.9130140e-02
   2.2637440e-02
   2.5304780e-02
   2.7556630e-02
   2.9857050e-02
   3.1470620e-02
   3.2406640e-02
   3.3177340e-02
   3.3946560e-02
   3.5271260e-02
   3.6655420e-02
   3.7968570e-02
   3.9541140e-02
   4.1684510e-02
   4.4400240e-02
   4.6905340e-02
   4.8652870e-02
   4.9569860e-02
   4.9909910e-02
   4.9604240e-02
   4.8291520e-02
   4.5736750e-02
   4.2783760e-02
   3.9396250e-02
   3.6092490e-02
   3.2998450e-02
   2.9912890e-02
   2.7171540e-02
   2.5326210e-02
   2.3572900e-02
   2.1436040e-02
   1.9467820e-02
   1.7704200e-02
   1.6720130e-02
   1.7503700e-02
   1.9855110e-02
   2.1820400e-02
   2.3550960e-02
   2.5497160e-02
   2.7256670e-02
   2.9440680e-02
   3.2089630e-02
   3.4249940e-02
   3.5851570e-02
   3.7478990e-02
   3.8895690e-02
   3.9956340e-02
   4.0747430e-02
   4.1790580e-02
   4.3017190e-02
   4.3408640e-02
   4.3672290e-02
   4.3504880e-02
   4.2943690e-02
   4.2497490e-02
   4.1387610e-02
   3.9583350e-02
   3.7277260e-02
   3.4468630e-02
   3.1732640e-02
   2.9263140e-02
   2.7200880e-02
   2.5681930e-02
   2.4951100e-02
   2.5073240e-02
   2.6243250e-02
   2.7701390e-02
   2.9354500e-02
   3.0641100e-02
   3.1722240e-02
   3.2582450e-02
   3.3123850e-02
   3.3581470e-02
   3.3447110e-02
   3.2843930e-02
   3.1808760e-02
   3.0732350e-02
   2.9434590e-02
   2.7547530e-02
   2.5469910e-02
   2.2950700e-02
   2.0582740e-02
   1.8843920e-02
   1.7678480e-02
   1.7606500e-02
   1.8038450e-02
   1.8484540e-02
   1.8775150e-02
   1.9629600e-02
   2.0963580e-02
   2.2024460e-02
   2.2643570e-02
   2.2876260e-02
   2.2176980e-02
   2.0957340e-02
   1.9482390e-02
   1.7701360e-02
   1.5558860e-02
   1.2852680e-02
   1.0332330e-02
   8.3082270e-03
   6.6035230e-03
   4.6625340e-03
   3.0875180e-03
   2.1592550e-03
   7.6362600e-04
  -5.6032030e-04
  -1.4927640e-03
  -2.1791980e-03
  -2.9754410e-03
  -3.5337500e-03
  -3.9464570e-03
  -4.0063660e-03
  -3.8494310e-03
  -3.3537840e-03
  -2.4075400e-03
  -1.3794850e-03
  -4.4865430e-06
   1.1997010e-03
   2.0006120e-03
   2.4741140e-03
   2.9773850e-03
   3.1216070e-03
   3.1398400e-03
   2.8320280e-03
   1.8358980e-03
   3.2208260e-04
  -9.2640140e-04
  -2.7145680e-03
  -4.6156500e-03
  -6.6606830e-03
  -9.0221460e-03
  -1.0889730e-02
  -1.2327040e-02
  -1.3805460e-02
  -1.5081220e-02
  -1.5625640e-02
  -1.5205420e-02
  -1.4325850e-02
  -1.3340600e-02
  -1.2548290e-02
  -1.1665550e-02
  -1.0991490e-02
  -1.0694160e-02
  -1.0330360e-02
  -1.0386420e-02
  -1.1005070e-02
  -1.1630710e-02
  -1.2575620e-02
  -1.3688170e-02
  -1.4996490e-02
  -1.5706000e-02
  -1.5368520e-02
  -1.4361980e-02
  -1.3102710e-02
  -1.2421650e-02
  -1.2308250e-02
  -1.2115350e-02
  -1.1325010e-02
  -1.0242390e-02
  -9.7830890e-03
  -9.8325570e-03
  -9.7822100e-03
  -9.6535340e-03
  -9.6639490e-03
  -1.0128380e-02
  -1.1211880e-02
  -1.2594790e-02
  -1.3700510e-02
  -1.4492780e-02
  -1.5298200e-02
  -1.6704080e-02
  -1.8185040e-02
  -1.9561470e-02
  -2.0815810e-02
  -2.1874010e-02
  -2.2804580e-02
  -2.3675340e-02
  -2.3981760e-02
  -2.4318220e-02
  -2.4300390e-02
  -2.3130790e-02
  -2.1594890e-02
  -1.9715170e-02
  -1.7948380e-02
  -1.6147930e-02
  -1.4620470e-02
  -1.3062260e-02
  -1.1464860e-02
  -1.0256120e-02
  -9.2870130e-03
  -8.4579270e-03
  -7.8374190e-03
  -6.9377450e-03
  -5.9603600e-03
  -4.9030490e-03
  -3.9760120e-03
  -3.0071320e-03
  -2.5147640e-03
  -2.5929880e-03
  -2.6316600e-03
  -2.6255370e-03
  -2.5684720e-03
  -2.4135740e-03
  -2.0404430e-03
  -1.4998130e-03
  -1.0564590e-03
  -6.7344230e-04
  -1.1454830e-04
   3.0684990e-04
   1.2320790e-03
   2.5108410e-03
   3.6934260e-03
   5.0492100e-03
   6.9258480e-03
   8.3382640e-03
   9.6558480e-03
   1.1045440e-02
   1.2438240e-02
   1.3848720e-02
   1.5269420e-02
   1.6728100e-02
   1.8214970e-02
   1.9650870e-02
   2.0852350e-02
   2.1598220e-02
   2.1884970e-02
   2.2028370e-02
   2.1953670e-02
   2.1591930e-02
   2.1067060e-02
   2.0079560e-02
   1.8897650e-02
   1.8121560e-02
   1.7215460e-02
   1.6315160e-02
   1.6306660e-02
   1.7468670e-02
   1.8939940e-02
   2.0422960e-02
   2.2434840e-02
   2.4433970e-02
   2.6532920e-02
   2.8324760e-02
   2.9875040e-02
   3.0590810e-02
   3.0525580e-02
   3.0882920e-02
   3.2089840e-02
   3.2680420e-02
   3.2510690e-02
   3.1904140e-02
   3.0835870e-02
   2.9653560e-02
   2.8230660e-02
   2.7246000e-02
   2.6566420e-02
   2.5942210e-02
   2.5364770e-02
   2.5718690e-02
   2.6756520e-02
   2.7353990e-02
   2.7888420e-02
   2.8642060e-02
   3.0020010e-02
   3.1540550e-02
   3.2699800e-02
   3.2550670e-02
   3.1496020e-02
   3.0037310e-02
   2.8726020e-02
   2.6511030e-02
   2.3962560e-02
   2.1716350e-02
   1.9500840e-02
   1.6877200e-02
   1.4496230e-02
   1.2598550e-02
   1.0875280e-02
   9.3593390e-03
   8.6657210e-03
   8.3979240e-03
   9.0504260e-03
   1.0300620e-02
   1.1380290e-02
   1.1616780e-02
   1.0920860e-02
   1.0164870e-02
   9.6846490e-03
   9.0589790e-03
   8.0314040e-03
   6.9346090e-03
   7.0993440e-03
   7.8879210e-03
   9.1302970e-03
   1.0392950e-02
   1.0901410e-02
   1.0489410e-02
   9.5761800e-03
   8.2756000e-03
   6.7239420e-03
   5.3702270e-03
   4.1824130e-03
   2.8099510e-03
   1.0234560e-03
  -1.1970370e-03
  -3.5494180e-03
  -5.8653350e-03
  -7.6095360e-03
  -8.7203620e-03
  -9.9504350e-03
  -1.1487130e-02
  -1.2699300e-02
  -1.3505830e-02
  -1.4429890e-02
  -1.4892410e-02
  -1.5118130e-02
  -1.5635340e-02
  -1.6294080e-02
  -1.7338550e-02
  -1.7365770e-02
  -1.7194360e-02
  -1.7113060e-02
  -1.7025280e-02
  -1.7124500e-02
  -1.7621030e-02
  -1.8715610e-02
  -2.0115680e-02
  -2.1322390e-02
  -2.2295670e-02
  -2.3289310e-02
  -2.4599130e-02
  -2.5612210e-02
  -2.6807010e-02
  -2.7986100e-02
  -2.9009050e-02
  -2.9146890e-02
  -2.9351230e-02
  -2.9785440e-02
  -3.0405770e-02
  -3.0940670e-02
  -3.0898020e-02
  -3.0008380e-02
  -2.9303430e-02
  -2.9209380e-02
  -2.9245800e-02
  -2.9411660e-02
  -2.9344700e-02
  -2.8835640e-02
  -2.7821690e-02
  -2.6840380e-02
  -2.7017350e-02
  -2.7969520e-02
  -2.8889630e-02
  -2.9151710e-02
  -2.9189510e-02
  -2.9781760e-02
  -3.0830630e-02
  -3.1693620e-02
  -3.2419160e-02
  -3.3398190e-02
  -3.3814320e-02
  -3.3730130e-02
  -3.3721960e-02
  -3.3848540e-02
  -3.3986480e-02
  -3.4005600e-02
  -3.3686940e-02
  -3.2935070e-02
  -3.1995550e-02
  -3.1650100e-02
  -3.1527230e-02
  -3.0891390e-02
  -2.9833460e-02
  -2.9131540e-02
  -2.8862140e-02
  -2.8443670e-02
  -2.8068600e-02
  -2.7704490e-02
  -2.6902640e-02
  -2.5704970e-02
  -2.3456380e-02
  -2.0624070e-02
  -1.7567290e-02
  -1.4828150e-02
  -1.2575090e-02
  -1.0643680e-02
  -8.7746740e-03
  -6.7138320e-03
  -5.1902240e-03
  -4.6109620e-03
  -4.9262240e-03
  -5.6716010e-03
  -6.6295320e-03
  -7.1929090e-03
  -7.4728750e-03
  -7.9342760e-03
  -8.1439740e-03
  -8.5906870e-03
  -9.1269930e-03
  -9.1317260e-03
  -8.6478340e-03
  -8.1408220e-03
  -8.0417530e-03
  -7.6838990e-03
  -6.9756930e-03
  -6.3943380e-03
  -5.9124530e-03
  -5.7670940e-03
  -5.3692900e-03
  -4.8033220e-03
  -4.6607950e-03
  -4.9560200e-03
  -5.4371950e-03
  -5.8610500e-03
  -5.9755170e-03
  -6.3505850e-03
  -6.9559770e-03
  -7.3216680e-03
  -7.7953600e-03
  -8.2173130e-03
  -8.2373540e-03
  -8.2320470e-03
  -8.1687170e-03
  -7.9051210e-03
  -7.4238980e-03
  -6.9731360e-03
  -6.6262210e-03
  -6.0524110e-03
  -5.4581210e-03
  -4.4507150e-03
  -3.3081150e-03
  -2.5709620e-03
  -1.6659930e-03
  -1.2439310e-03
  -6.5782970e-04
   3.7308270e-04
   1.0629330e-03
   9.7522020e-04
   9.2100120e-04
   1.1176290e-03
   1.4957270e-03
   1.8635950e-03
   1.7513640e-03
   1.2099530e-03
   1.0240280e-03
   9.1344960e-04
   6.1630040e-04
   3.4528940e-04
   5.3480470e-04
   1.0025450e-03
   9.6467260e-04
   9.0992840e-04
   1.2829430e-03
   2.1819520e-03
   3.2340880e-03
   3.4416340e-03
   3.3210750e-03
   3.2915300e-03
   3.2949640e-03
   3.2834150e-03
   3.2653000e-03
   3.3560230e-03
   3.7228170e-03
   4.4142000e-03
   5.1379280e-03
   5.5983300e-03
   5.6989260e-03
   5.7221390e-03
   5.7544610e-03
   5.5711280e-03
   4.9612410e-03
   3.9923230e-03
   3.2868880e-03
   2.8869400e-03
   2.1219500e-03
   1.3679060e-03
   1.1711550e-03
   9.3617410e-04
   2.1092090e-04
  -7.6092890e-04
  -1.2811930e-03
  -1.2162290e-03
  -4.4908960e-04
   5.6387560e-04
   1.0868710e-03
   1.2910300e-03
   1.8557310e-03
   2.5927330e-03
   3.4304420e-03
   4.2323840e-03
   5.1848330e-03
   5.7570040e-03
   6.1795250e-03
   6.7202960e-03
   6.7734650e-03
   6.4570410e-03
   5.8429170e-03
   5.0254300e-03
   4.0806640e-03
   2.9720610e-03
   1.6605710e-03
  -1.6035430e-04
  -1.6224670e-03
  -3.1490470e-03
  -4.8961430e-03
  -6.5031690e-03
  -7.5639160e-03
  -8.7963900e-03
  -9.7324150e-03
  -1.0697160e-02
  -1.1636410e-02
  -1.2760640e-02
  -1.3599880e-02
  -1.4030500e-02
  -1.4314370e-02
  -1.4405650e-02
  -1.4600640e-02
  -1.4777860e-02
  -1.4675980e-02
  -1.4321770e-02
  -1.4448760e-02
  -1.4827900e-02
  -1.5252320e-02
  -1.5314820e-02
  -1.4543960e-02
  -1.3782590e-02
  -1.3419260e-02
  -1.3433510e-02
  -1.3288280e-02
  -1.2595940e-02
  -1.1531600e-02
  -1.0750860e-02
  -1.0122540e-02
  -9.2046020e-03
  -8.6990310e-03
  -8.5138620e-03
  -8.0616900e-03
  -7.5923320e-03
  -7.7718370e-03
  -8.2944160e-03
  -8.6536730e-03
  -8.5169520e-03
  -8.4801240e-03
  -8.8326610e-03
  -9.6198580e-03
  -1.0540550e-02
  -1.0871130e-02
  -1.1019440e-02
  -1.1720440e-02
  -1.2823510e-02
  -1.3479180e-02
  -1.3499460e-02
  -1.3346670e-02
  -1.2850690e-02
  -1.1871690e-02
  -1.0914430e-02
  -1.1071870e-02
  -1.1274250e-02
  -1.1175510e-02
  -1.0844000e-02
  -1.0331850e-02
  -1.0071060e-02
  -1.0621890e-02
  -1.1254750e-02
  -1.1712460e-02
  -1.2337300e-02
  -1.2751260e-02
  -1.3204410e-02
  -1.3594870e-02
  -1.4512660e-02
  -1.5667970e-02
  -1.5924250e-02
  -1.5660920e-02
  -1.5124670e-02
  -1.4300760e-02
  -1.3621200e-02
  -1.3337910e-02
  -1.2747790e-02
  -1.1646380e-02
  -1.0631790e-02
  -9.4574550e-03
  -8.0821420e-03
  -7.0827820e-03
  -6.6634430e-03
  -6.5255200e-03
  -5.9030570e-03
  -4.8724030e-03
  -4.2026150e-03
  -4.2038710e-03
  -4.1615120e-03
  -3.7335150e-03
  -3.0179820e-03
  -2.3778040e-03
  -1.8894920e-03
  -1.5318370e-03
  -6.3713950e-04
   7.7597480e-04
   2.1607910e-03
   3.5920810e-03
   5.2090610e-03
   7.0471850e-03
   8.8255050e-03
   1.0292360e-02
   1.1923230e-02
   1.3708180e-02
   1.5355610e-02
   1.7486040e-02
   1.9000450e-02
   2.0124430e-02
   2.1150030e-02
   2.2247510e-02
   2.3135090e-02
   2.3678400e-02
   2.4059570e-02
   2.4053990e-02
   2.3779920e-02
   2.3099780e-02
   2.2081560e-02
   2.1174920e-02
   1.9948960e-02
   1.8240760e-02
   1.6566510e-02
   1.5244610e-02
   1.3478400e-02
   1.1977220e-02
   1.0549200e-02
   9.1864790e-03
   8.2192790e-03
   7.7654750e-03
   7.5875790e-03
   7.0770680e-03
   6.4577690e-03
   6.3542470e-03
   6.5943560e-03
   7.0613840e-03
   7.7376300e-03
   8.7894790e-03
   1.0505300e-02
   1.2016320e-02
   1.3657870e-02
   1.5667500e-02
   1.7740890e-02
   1.9689640e-02
   2.1399790e-02
   2.3132820e-02
   2.4669430e-02
   2.5583490e-02
   2.6030010e-02
   2.6271260e-02
   2.6891990e-02
   2.7732210e-02
   2.8243370e-02
   2.8702160e-02
   2.9345370e-02
   3.0400380e-02
   3.1321930e-02
   3.2111660e-02
   3.3135020e-02
   3.4027180e-02
   3.5002130e-02
   3.5714980e-02
   3.6020480e-02
   3.6385380e-02
   3.6378030e-02
   3.5826980e-02
   3.5236980e-02
   3.4100040e-02
   3.2487130e-02
   3.1179600e-02
   2.9919640e-02
   2.8793940e-02
   2.8146550e-02
   2.7206900e-02
   2.6346370e-02
   2.6194660e-02
   2.5918170e-02
   2.5549620e-02
   2.5466020e-02
   2.4980080e-02
   2.4971650e-02
   2.5287350e-02
   2.5793340e-02
   2.6297200e-02
   2.6208900e-02
   2.6094350e-02
   2.6121000e-02
   2.6307410e-02
   2.6671650e-02
   2.7028610e-02
   2.7075110e-02
   2.7378890e-02
   2.7409430e-02
   2.7370180e-02
   2.7372550e-02
   2.7332070e-02
   2.7304710e-02
   2.7346780e-02
   2.7601840e-02
   2.8103950e-02
   2.8625560e-02
   2.8605540e-02
   2.8564520e-02
   2.8580040e-02
   2.8516000e-02
   2.8277830e-02
   2.7863160e-02
   2.7511510e-02
   2.7369130e-02
   2.6788250e-02
   2.5679800e-02
   2.4541420e-02
   2.3218520e-02
   2.1346380e-02
   1.9266100e-02
   1.6596030e-02
   1.3777810e-02
   1.1254740e-02
   9.1297300e-03
   7.2955520e-03
   5.1504150e-03
   2.4196490e-03
  -9.6006720e-05
  -1.9280380e-03
  -3.2742220e-03
  -4.5991610e-03
  -5.8301240e-03
  -6.7967160e-03
  -7.6300010e-03
  -8.6976410e-03
  -9.4993080e-03
  -1.0177570e-02
  -1.0797020e-02
  -1.1407120e-02
  -1.1728980e-02
  -1.2156200e-02
  -1.2502540e-02
  -1.2736990e-02
  -1.3250650e-02
  -1.3779030e-02
  -1.3770350e-02
  -1.3694280e-02
  -1.3691110e-02
  -1.3684780e-02
  -1.3718940e-02
  -1.3778760e-02
  -1.3883790e-02
  -1.3925910e-02
  -1.3748680e-02
  -1.3140730e-02
  -1.2157910e-02
  -1.1390370e-02
  -1.1478440e-02
  -1.1384180e-02
  -1.0816310e-02
  -1.0020650e-02
  -9.5096890e-03
  -8.9452690e-03
  -8.2758000e-03
  -7.3022050e-03
  -6.6762290e-03
  -6.6909370e-03
  -6.6605920e-03
  -6.6221280e-03
  -6.8410900e-03
  -7.5116900e-03
  -8.4879420e-03
  -9.0840710e-03
  -9.5144100e-03
  -1.0344720e-02
  -1.1116490e-02
  -1.1583670e-02
  -1.2383940e-02
  -1.3336630e-02
  -1.3655760e-02
  -1.3586090e-02
  -1.3578840e-02
  -1.3620130e-02
  -1.3639200e-02
  -1.3601380e-02
  -1.3549500e-02
  -1.3615350e-02
  -1.3988570e-02
  -1.4749010e-02
  -1.5590960e-02
  -1.5934380e-02
  -1.6273910e-02
  -1.7203630e-02
  -1.8288890e-02
  -1.8474140e-02
  -1.8796570e-02
  -1.9296530e-02
  -1.9293600e-02
  -1.8840830e-02
  -1.8349590e-02
  -1.8259080e-02
  -1.7866610e-02
  -1.7113130e-02
  -1.6491220e-02
  -1.6072070e-02
  -1.6117590e-02
  -1.6003470e-02
  -1.5493160e-02
  -1.4767440e-02
  -1.4215350e-02
  -1.3682200e-02
  -1.3243510e-02
  -1.2308850e-02
  -1.1080430e-02
  -9.9999850e-03
  -8.9426310e-03
  -8.6272940e-03
  -8.0204330e-03
  -7.2417210e-03
  -6.7261250e-03
  -6.5915780e-03
  -6.4767190e-03
  -6.1534880e-03
  -5.6974890e-03
  -4.9566910e-03
  -4.0709220e-03
  -3.4942980e-03
  -2.7768390e-03
  -2.1118120e-03
  -1.2405800e-03
  -2.0878890e-04
   6.8383430e-04
   1.3231830e-03
   2.0981970e-03
   2.6095850e-03
   2.8053540e-03
   2.7629860e-03
   2.7639360e-03
   2.9443870e-03
   3.3283690e-03
   3.8490470e-03
   4.1596130e-03
   4.4284760e-03
   4.8752750e-03
   5.1286670e-03
   4.6906060e-03
   4.2103690e-03
   4.2539080e-03
   4.5363290e-03
   4.5595550e-03
   4.1321000e-03
   4.1312610e-03
   4.2441340e-03
   4.2197470e-03
   3.9344860e-03
   3.2422200e-03
   2.3245120e-03
   1.4234900e-03
   6.4131840e-04
   4.5782460e-05
  -8.8193900e-04
  -1.8974910e-03
  -3.0329730e-03
  -3.8224610e-03
  -4.3658380e-03
  -5.4352440e-03
  -6.8108270e-03
  -7.6634220e-03
  -8.5569740e-03
  -9.4951450e-03
  -1.0801510e-02
  -1.2135550e-02
  -1.3168440e-02
  -1.4026530e-02
  -1.4976650e-02
  -1.5896580e-02
  -1.6549710e-02
  -1.7351590e-02
  -1.7858950e-02
  -1.8111120e-02
  -1.8130780e-02
  -1.8176330e-02
  -1.8182650e-02
  -1.7945450e-02
  -1.7314150e-02
  -1.6339790e-02
  -1.4822290e-02
  -1.2971480e-02
  -1.1207510e-02
  -9.8764340e-03
  -8.3540830e-03
  -6.4734860e-03
  -4.5368140e-03
  -3.0974320e-03
  -1.6835250e-03
  -2.6044490e-04
   9.1281290e-04
   1.6375810e-03
   1.9638350e-03
   2.4670510e-03
   2.9062590e-03
   2.9304420e-03
   2.9255750e-03
   2.9569010e-03
   2.9841700e-03
   3.0022100e-03
   2.9989020e-03
   2.9805230e-03
   2.9653770e-03
   2.9848470e-03
   3.0582920e-03
   3.1506750e-03
   3.1348580e-03
   2.8093800e-03
   2.0334820e-03
   1.0548320e-03
   6.6810190e-04
   6.2081220e-04
   2.2863280e-04
  -4.1060570e-04
  -8.1681330e-04
  -1.3146790e-03
  -1.7198990e-03
  -1.6746450e-03
  -1.5816470e-03
  -1.5223960e-03
  -1.5499070e-03
  -1.8092600e-03
  -2.4173630e-03
  -3.2177540e-03
  -3.5691060e-03
  -3.4150410e-03
  -3.6921010e-03
  -3.6895090e-03
  -3.8458440e-03
  -3.8660410e-03
  -3.3520330e-03
  -2.8308350e-03
  -2.8653900e-03
  -2.9416200e-03
  -2.8948300e-03
  -2.8327420e-03
  -2.8130020e-03
  -2.9909410e-03
  -3.4070590e-03
  -3.9187460e-03
  -4.0397940e-03
  -3.8883660e-03
  -3.8320660e-03
  -4.0847300e-03
  -4.7640040e-03
  -5.7408370e-03
  -6.3205770e-03
  -6.2493140e-03
  -6.2725450e-03
  -6.7030960e-03
  -7.3975550e-03
  -7.7929890e-03
  -7.0145510e-03
  -6.2728600e-03
  -5.8972780e-03
  -5.1309820e-03
  -4.1851910e-03
  -3.3004080e-03
  -2.0061180e-03
  -6.9734160e-04
   3.8148870e-04
   1.3006180e-03
   2.2622690e-03
   2.9063950e-03
   2.9116570e-03
   2.8604440e-03
   2.8509710e-03
   2.8387420e-03
   2.9312090e-03
   3.2756670e-03
   3.9661350e-03
   4.7349740e-03
   5.1340470e-03
   5.2008080e-03
   5.2200890e-03
   5.5995510e-03
   6.4438810e-03
   7.3997510e-03
   8.0670110e-03
   8.9333650e-03
   1.0045440e-02
   1.0445510e-02
   1.1158330e-02
   1.2018890e-02
   1.2517660e-02
   1.3218640e-02
   1.4243040e-02
   1.4830750e-02
   1.5124230e-02
   1.5644110e-02
   1.6095630e-02
   1.6596950e-02
   1.7124070e-02
   1.7113850e-02
   1.7051410e-02
   1.7050010e-02
   1.7064720e-02
   1.7115640e-02
   1.7203060e-02
   1.7291670e-02
   1.7260190e-02
   1.6918130e-02
   1.6144830e-02
   1.5198100e-02
   1.4858130e-02
   1.4798600e-02
   1.4291560e-02
   1.3421060e-02
   1.2790760e-02
   1.2378580e-02
   1.2610280e-02
   1.3127760e-02
   1.3632250e-02
   1.3710360e-02
   1.3649740e-02
   1.3592530e-02
   1.3371910e-02
   1.2921160e-02
   1.2430000e-02
   1.2427270e-02
   1.2493610e-02
   1.2478180e-02
   1.2446690e-02
   1.2433570e-02
   1.2471780e-02
   1.2524920e-02
   1.2499740e-02
   1.2255460e-02
   1.1736140e-02
   1.1193470e-02
   1.1239270e-02
   1.1584150e-02
   1.2099030e-02
   1.2649980e-02
   1.3329070e-02
   1.4289120e-02
   1.4761690e-02
   1.4653490e-02
   1.4618760e-02
   1.4722260e-02
   1.4867040e-02
   1.4907980e-02
   1.4637020e-02
   1.3885890e-02
   1.2852110e-02
   1.2249940e-02
   1.1749330e-02
   1.0961110e-02
   1.0492480e-02
   1.0217390e-02
   1.0184930e-02
   1.0016040e-02
   9.6375060e-03
   9.2861680e-03
   9.2151730e-03
   9.0094300e-03
   8.9715170e-03
   8.7525360e-03
   8.1535530e-03
   7.3992540e-03
   6.8274800e-03
   6.2096560e-03
   5.3374670e-03
   4.3728120e-03
   4.1653880e-03
   3.5068960e-03
   2.2039790e-03
   1.0819630e-03
   4.6154950e-05
  -7.5966480e-04
  -1.3479520e-03
  -2.0272730e-03
  -2.5581590e-03
  -2.8884990e-03
  -3.3683370e-03
  -4.0639950e-03
  -4.6448060e-03
  -5.4881390e-03
  -6.1646300e-03
  -6.3246240e-03
  -6.7149620e-03
  -7.5477320e-03
  -8.3727010e-03
  -8.6401450e-03
  -8.9018970e-03
  -9.6539280e-03
  -1.0621500e-02
  -1.1003770e-02
  -1.1119030e-02
  -1.1647870e-02
  -1.2483670e-02
  -1.3031210e-02
  -1.3419890e-02
  -1.3375410e-02
  -1.3330770e-02
  -1.3414420e-02
  -1.3531070e-02
  -1.3591380e-02
  -1.3392400e-02
  -1.2773150e-02
  -1.1809210e-02
  -1.1100310e-02
  -1.0744740e-02
  -1.0026760e-02
  -9.1595820e-03
  -8.6855890e-03
  -8.0910000e-03
  -7.1013850e-03
  -6.3034720e-03
  -5.5353040e-03
  -4.3338630e-03
  -3.4574370e-03
  -3.0593630e-03
  -2.9916130e-03
  -2.6465080e-03
  -1.9088280e-03
  -1.1562350e-03
  -5.6703280e-04
  -2.2913150e-04
   2.2778250e-04
   6.4141160e-04
   6.1901380e-04
   5.7200810e-04
   5.9103340e-04
   6.5967190e-04
   8.1276850e-04
   1.0285120e-03
   1.1530990e-03
   9.6603490e-04
   1.0498300e-03
   1.0933130e-03
   6.6826540e-04
   6.4538390e-04
   7.1193150e-04
   7.2118120e-04
   7.2648010e-04
   7.0668720e-04
   6.8377240e-04
   6.5432680e-04
   6.5375830e-04
   7.1103100e-04
   8.5728690e-04
   1.0465660e-03
   1.0986420e-03
   7.7856470e-04
   6.1900840e-04
   7.2749920e-04
   8.6471030e-04
   8.8457260e-04
   5.8358800e-04
  -1.9426660e-04
  -1.2339340e-03
  -1.7204500e-03
  -1.6013710e-03
  -1.5198800e-03
  -1.5337050e-03
  -1.5680070e-03
  -1.6043070e-03
  -1.6452380e-03
  -1.7110910e-03
  -1.7772660e-03
  -1.7398940e-03
  -1.4275990e-03
  -7.4229940e-04
   7.7070760e-05
   5.1814270e-04
   6.1097450e-04
   5.0373360e-04
   5.5487910e-04
   9.1533080e-04
   1.5627030e-03
   2.1543360e-03
   2.0121640e-03
   1.8517000e-03
   1.9141340e-03
   1.9255540e-03
   1.7384730e-03
   1.2692250e-03
   7.4528680e-04
   6.8736180e-04
   7.4668320e-04
   7.8992690e-04
   9.2892900e-04
   1.1865200e-03
   1.4300150e-03
   1.4294450e-03
   2.0130340e-03
   2.4511490e-03
   2.8433760e-03
   2.9569880e-03
   3.0367960e-03
   3.5243150e-03
   4.3640290e-03
   5.1153970e-03
   5.3864120e-03
   5.8636500e-03
   6.8952400e-03
   7.8781730e-03
   7.9102380e-03
   7.7640600e-03
   7.4500790e-03
   6.7462090e-03
   5.9048560e-03
   5.5688290e-03
   5.3119080e-03
   4.3655800e-03
   2.9976840e-03
   2.1451950e-03
   1.0880550e-03
   1.1301360e-04
  -7.8301230e-04
  -1.4309180e-03
  -1.4415030e-03
  -1.4257590e-03
  -1.5260140e-03
  -1.6698380e-03
  -1.6933000e-03
  -1.4023190e-03
  -6.1888370e-04
   4.5669910e-04
   1.3050630e-03
   2.2244120e-03
   3.3386950e-03
   4.4539760e-03
   5.7210210e-03
   6.2333960e-03
   6.6642480e-03
   7.1403550e-03
   7.6668730e-03
   7.7832000e-03
   7.8629120e-03
   7.9897910e-03
   7.9071210e-03
   7.3912250e-03
   6.3553170e-03
   5.3721520e-03
   5.5166190e-03
   5.7657700e-03
   5.7395300e-03
   5.3772510e-03
   4.5124400e-03
   3.3914410e-03
   2.5728470e-03
   1.7726440e-03
   7.8365530e-04
  -3.9429950e-04
  -2.1880120e-03
  -3.8492490e-03
  -5.7333980e-03
  -7.2855010e-03
  -8.5163150e-03
  -1.0194310e-02
  -1.1818470e-02
  -1.3884540e-02
  -1.5775020e-02
  -1.8037180e-02
  -2.0364920e-02
  -2.2183070e-02
  -2.3968180e-02
  -2.6169450e-02
  -2.7838100e-02
  -2.9178810e-02
  -3.0590360e-02
  -3.1986970e-02
  -3.3323130e-02
  -3.4504800e-02
  -3.5623560e-02
  -3.6750940e-02
  -3.7218340e-02
  -3.7975490e-02
  -3.8804190e-02
  -3.9039630e-02
  -3.9272210e-02
  -3.9916450e-02
  -4.0792940e-02
  -4.1280850e-02
  -4.1497320e-02
  -4.1477020e-02
  -4.1538140e-02
  -4.1650430e-02
  -4.1630370e-02
  -4.1245750e-02
  -4.0377770e-02
  -3.9352760e-02
  -3.8993710e-02
  -3.8232570e-02
  -3.6801360e-02
  -3.5166170e-02
  -3.3244030e-02
  -3.1126920e-02
  -2.9289830e-02
  -2.7420430e-02
  -2.5660460e-02
  -2.3723480e-02
  -2.1908080e-02
  -2.0109080e-02
  -1.8364610e-02
  -1.7124140e-02
  -1.5727940e-02
  -1.3967190e-02
  -1.2741730e-02
  -1.2286130e-02
  -1.2297730e-02
  -1.2211570e-02
  -1.2094610e-02
  -1.2257040e-02
  -1.2924830e-02
  -1.4029800e-02
  -1.4998120e-02
  -1.5737670e-02
  -1.6342970e-02
  -1.7342070e-02
  -1.8175570e-02
  -1.8767090e-02
  -1.9611880e-02
  -2.0593000e-02
  -2.1633540e-02
  -2.2681680e-02
  -2.4090920e-02
  -2.5080240e-02
  -2.5666500e-02
  -2.6675470e-02
  -2.7436270e-02
  -2.7473950e-02
  -2.7234420e-02
  -2.6617080e-02
  -2.5640590e-02
  -2.4973680e-02
  -2.4995840e-02
  -2.5215230e-02
  -2.5601660e-02
  -2.6221510e-02
  -2.6804660e-02
  -2.7391290e-02
  -2.7929960e-02
  -2.8886640e-02
  -2.9843300e-02
  -3.0447280e-02
  -3.1348580e-02
  -3.2018840e-02
  -3.2344200e-02
  -3.3033420e-02
  -3.3822170e-02
  -3.4301710e-02
  -3.4328190e-02
  -3.4256340e-02
  -3.4396330e-02
  -3.4847640e-02
  -3.5522850e-02
  -3.6001150e-02
  -3.6335150e-02
  -3.6335600e-02
  -3.5460600e-02
  -3.4590630e-02
  -3.4236400e-02
  -3.3766180e-02
  -3.3007490e-02
  -3.2548220e-02
  -3.2216840e-02
  -3.2024500e-02
  -3.1551950e-02
  -3.0817870e-02
  -3.0262480e-02
  -2.9330970e-02
  -2.8011340e-02
  -2.6205730e-02
  -2.4401610e-02
  -2.3015360e-02
  -2.1280320e-02
  -1.8828310e-02
  -1.5948270e-02
  -1.3068820e-02
  -1.0299910e-02
  -7.7599790e-03
  -5.6984560e-03
  -4.1276670e-03
  -2.6308620e-03
  -1.4676060e-03
  -6.6174410e-04
   2.7245020e-04
   7.3110590e-04
   9.9285760e-04
   1.5678610e-03
   2.1282750e-03
   1.8916270e-03
   1.1930680e-03
   1.7432230e-04
  -1.2318910e-03
  -2.9133380e-03
  -4.5344020e-03
  -6.8517750e-03
  -8.9453260e-03
  -1.0952570e-02
  -1.3305480e-02
  -1.6074040e-02
  -1.8738180e-02
  -2.0813660e-02
  -2.2256280e-02
  -2.3444690e-02
  -2.4246490e-02
  -2.4721600e-02
  -2.4553920e-02
  -2.4070210e-02
  -2.3357570e-02
  -2.1983200e-02
  -1.9625330e-02
  -1.6275120e-02
  -1.2584030e-02
  -8.6871280e-03
  -4.3085420e-03
   1.7783560e-04
   4.5765330e-03
   8.7974030e-03
   1.2672760e-02
   1.6148320e-02
   1.9158900e-02
   2.1346510e-02
   2.3088240e-02
   2.5134030e-02
   2.7048210e-02
   2.8327010e-02
   2.9014900e-02
   2.9080660e-02
   2.8933940e-02
   2.8502690e-02
   2.7664900e-02
   2.6807440e-02
   2.6014890e-02
   2.4731030e-02
   2.3327330e-02
   2.1823530e-02
   2.0000400e-02
   1.7913260e-02
   1.5858480e-02
   1.3553180e-02
   1.1286830e-02
   9.1395680e-03
   7.5124090e-03
   6.1206230e-03
   4.7716410e-03
   3.7958450e-03
   3.3687160e-03
   3.3248980e-03
   3.4057700e-03
   3.8763510e-03
   4.8602800e-03
   6.0249180e-03
   7.0055350e-03
   8.5729900e-03
   1.0788210e-02
   1.3517490e-02
   1.6032390e-02
   1.8202390e-02
   2.0232710e-02
   2.1889080e-02
   2.3069480e-02
   2.4662840e-02
   2.5849990e-02
   2.6279530e-02
   2.6583060e-02
   2.7060190e-02
   2.7851930e-02
   2.8395920e-02
   2.8065680e-02
   2.7766670e-02
   2.7040660e-02
   2.5716770e-02
   2.4439420e-02
   2.3235540e-02
   2.1815790e-02
   1.9767750e-02
   1.6857290e-02
   1.3432040e-02
   9.7220890e-03
   5.9782280e-03
   2.0931040e-03
  -1.5616470e-03
  -5.0792180e-03
  -8.9295310e-03
  -1.2548310e-02
  -1.6038180e-02
  -1.9563410e-02
  -2.2947820e-02
  -2.5810600e-02
  -2.8368500e-02
  -3.0445870e-02
  -3.1903550e-02
  -3.3166710e-02
  -3.3863870e-02
  -3.4367400e-02
  -3.4431150e-02
  -3.4483730e-02
  -3.4631000e-02
  -3.4729330e-02
  -3.4654080e-02
  -3.4200810e-02
  -3.3336670e-02
  -3.2398030e-02
  -3.1605220e-02
  -3.0391510e-02
  -2.8910620e-02
  -2.7180840e-02
  -2.5131010e-02
  -2.3009140e-02
  -2.0810480e-02
  -1.8665550e-02
  -1.6409870e-02
  -1.4361420e-02
  -1.1789320e-02
  -9.4463380e-03
  -7.4653380e-03
  -5.3381810e-03
  -3.5546400e-03
  -1.9398600e-03
  -5.5493940e-04
   1.9993980e-04
   4.5655540e-04
   1.1395280e-03
   2.1840930e-03
   2.7849880e-03
   2.9280650e-03
   3.4277920e-03
   4.2696490e-03
   4.9053580e-03
   5.6220530e-03
   6.3456750e-03
   7.0285890e-03
   7.7736350e-03
   8.1786190e-03
   8.5025260e-03
   8.7425810e-03
   9.3878620e-03
   1.0371580e-02
   1.1002060e-02
   1.1484990e-02
   1.2523810e-02
   1.3739460e-02
   1.4540690e-02
   1.5090320e-02
   1.5990050e-02
   1.7020360e-02
   1.8223940e-02
   1.9194850e-02
   2.0005600e-02
   2.1126430e-02
   2.1917460e-02
   2.2355400e-02
   2.2564690e-02
   2.2589260e-02
   2.2662440e-02
   2.2730270e-02
   2.2611790e-02
   2.2163070e-02
   2.1425520e-02
   2.0778940e-02
   2.0060340e-02
   1.9571910e-02
   1.9025580e-02
   1.8419790e-02
   1.7731920e-02
   1.7600330e-02
   1.8043010e-02
   1.8931050e-02
   1.9154910e-02
   1.8934380e-02
   1.8908960e-02
   1.9212630e-02
   1.9916170e-02
   2.0744270e-02
   2.1448980e-02
   2.1993770e-02
   2.2463610e-02
   2.2586980e-02
   2.2937170e-02
   2.3447700e-02
   2.3646790e-02
   2.3687900e-02
   2.3966810e-02
   2.4514540e-02
   2.5068330e-02
   2.5466740e-02
   2.5939690e-02
   2.6116110e-02
   2.6386230e-02
   2.6802590e-02
   2.6922280e-02
   2.6718670e-02
   2.6628960e-02
   2.5960550e-02
   2.5271560e-02
   2.4306840e-02
   2.3501890e-02
   2.2874980e-02
   2.1992130e-02
   2.1599960e-02
   2.1580520e-02
   2.1123190e-02
   2.0080870e-02
   1.9014690e-02
   1.8999420e-02
   1.9127110e-02
   1.9060340e-02
   1.8959180e-02
   1.8934020e-02
   1.9221710e-02
   1.9886600e-02
   2.2367670e-02
   2.2858900e-02
   2.3012410e-02
   2.2963940e-02
   2.2985830e-02
   2.3088110e-02
   2.3216840e-02
   2.3262340e-02
   2.3074360e-02
   2.2503280e-02
   2.1674590e-02
   2.1051330e-02
   2.0371360e-02
   1.9700170e-02
   1.9141720e-02
   1.8556610e-02
   1.8248430e-02
   1.7742150e-02
   1.7233080e-02
   1.6758870e-02
   1.6174350e-02
   1.5899460e-02
   1.5448490e-02
   1.4921150e-02
   1.4418450e-02
   1.3681950e-02
   1.3150770e-02
   1.2610440e-02
   1.2260220e-02
   1.1741300e-02
   1.1286770e-02
   1.0799740e-02
   1.0278950e-02
   1.0285810e-02
   1.0330660e-02
   1.0300310e-02
   1.0263090e-02
   1.0221160e-02
   1.0200810e-02
   1.0191300e-02
   1.0194360e-02
   1.0185230e-02
   1.0156910e-02
   1.0097900e-02
   1.0047550e-02
   1.0075350e-02
   1.0288520e-02
   1.0718880e-02
   1.1154900e-02
   1.1137250e-02
   1.1289030e-02
   1.1757160e-02
   1.2195440e-02
   1.2005350e-02
   1.1446430e-02
   1.0958260e-02
   1.0782570e-02
   1.0441480e-02
   1.0005060e-02
   9.9218460e-03
   9.6108110e-03
   8.8071410e-03
   7.8105070e-03
   7.4031890e-03
   7.2405260e-03
   6.6807730e-03
   5.8698740e-03
   5.1961580e-03
   4.5109120e-03
   3.7699610e-03
   3.1161940e-03
   2.3296740e-03
   1.8472270e-03
   1.6242060e-03
   1.6446320e-03
   1.6223910e-03
   1.4944840e-03
   1.3509000e-03
   1.3177400e-03
   1.6122120e-03
   2.3651710e-03
   3.3278320e-03
   3.6542730e-03
   3.3243930e-03
   2.9708610e-03
   2.7506830e-03
   2.1918380e-03
   1.7677260e-03
   1.4216650e-03
   1.2701770e-03
   8.4348300e-04
   1.3375660e-04
  -3.8304610e-04
  -9.6774060e-04
  -1.4538120e-03
  -2.2410070e-03
  -2.9365220e-03
  -3.2551590e-03
  -3.8050030e-03
  -4.5691390e-03
  -5.0193070e-03
  -5.1784460e-03
  -5.1221970e-03
  -5.1220790e-03
  -5.2143950e-03
  -5.3095510e-03
  -5.2569050e-03
  -4.8448610e-03
  -3.9489590e-03
  -2.9100800e-03
  -2.5373680e-03
  -1.8186850e-03
  -8.3782780e-04
  -2.9411380e-05
   8.4767520e-04
   1.2523660e-03
   1.1890380e-03
   1.1926780e-03
   1.3029830e-03
   1.3692520e-03
   1.2464210e-03
   7.6952390e-04
   7.7399020e-06
  -5.9638030e-04
  -7.4679330e-04
  -1.1185420e-03
  -2.0571080e-03
  -3.1581110e-03
  -3.8890750e-03
  -4.6508310e-03
  -4.7463130e-03
  -4.6033100e-03
  -4.7425150e-03
  -5.2511610e-03
  -6.0613800e-03
  -6.6956360e-03
  -7.0301510e-03
  -7.6475430e-03
  -8.3664270e-03
  -8.5158070e-03
  -8.3503440e-03
  -8.3234720e-03
  -8.5504790e-03
  -9.0325460e-03
  -9.5270590e-03
  -9.8030760e-03
  -9.9131040e-03
  -9.4342910e-03
  -8.7691680e-03
  -8.4867220e-03
  -8.1652340e-03
  -7.9081310e-03
  -7.4841860e-03
  -6.5133750e-03
  -5.2821080e-03
  -4.4605090e-03
  -3.5246630e-03
  -2.5809760e-03
  -1.6199220e-03
  -1.1339390e-03
  -3.4062840e-04
   5.4312110e-04
   1.2817530e-03
   2.2694460e-03
   2.8540730e-03
   3.5957820e-03
   4.1739240e-03
   4.0800270e-03
   3.9958190e-03
   4.0862140e-03
   4.3812000e-03
   4.8757650e-03
   5.3644940e-03
   5.7330410e-03
   6.1589210e-03
   7.0243820e-03
   8.1893520e-03
   8.8815320e-03
   9.4481910e-03
   1.0157410e-02
   1.1283020e-02
   1.2169970e-02
   1.3191380e-02
   1.3913970e-02
   1.4416990e-02
   1.4963510e-02
   1.5563990e-02
   1.5578080e-02
   1.5840180e-02
   1.6506980e-02
   1.6951440e-02
   1.6867140e-02
   1.6528040e-02
   1.6009450e-02
   1.5249840e-02
   1.4569440e-02
   1.4059050e-02
   1.3208250e-02
   1.2022750e-02
   1.1142770e-02
   1.0080830e-02
   9.0622540e-03
   8.1747900e-03
   7.2771980e-03
   6.2279420e-03
   5.5431710e-03
   4.9840240e-03
   4.6272370e-03
   4.1206820e-03
   3.4290980e-03
   3.0574860e-03
   2.9929820e-03
   3.2110240e-03
   3.4188580e-03
   3.9661310e-03
   4.1297900e-03
   3.9623360e-03
   4.0497320e-03
   4.5002900e-03
   5.1602390e-03
   5.4867320e-03
   5.5589430e-03
   5.7540500e-03
   5.9368420e-03
   6.2157370e-03
   6.6940850e-03
   7.0164530e-03
   7.3369780e-03
   7.5375820e-03
   7.6248180e-03
   7.8204880e-03
   8.1379940e-03
   8.2806560e-03
   8.4413650e-03
   8.3968060e-03
   8.1650420e-03
   7.9962920e-03
   8.0050710e-03
   8.2882730e-03
   8.7629060e-03
   9.0101070e-03
   8.8277210e-03
   8.6153050e-03
   8.4806980e-03
   8.3554930e-03
   8.1681320e-03
   7.8515440e-03
   7.4202360e-03
   7.0458670e-03
   6.9201430e-03
   6.6432710e-03
   6.0459680e-03
   5.2498190e-03
   4.6583510e-03
