   1.0265940e-03
   1.0255930e-03
   1.0243660e-03
   1.0228860e-03
   1.0211650e-03
   1.0192300e-03
   1.0171420e-03
   1.0150180e-03
   1.0130070e-03
   1.0112440e-03
   1.0098180e-03
   1.0087990e-03
   1.0082800e-03
   1.0084670e-03
   1.0096890e-03
   1.0123770e-03
   1.0169650e-03
   1.0236310e-03
   1.0321340e-03
   1.0418760e-03
   1.0520000e-03
   1.0616130e-03
   1.0700730e-03
   1.0774260e-03
   1.0842480e-03
   1.0912400e-03
   1.0991040e-03
   1.1093400e-03
   1.1243950e-03
   1.1465680e-03
   1.1771660e-03
   1.2163150e-03
   1.2620770e-03
   1.3110890e-03
   1.3597060e-03
   1.4046400e-03
   1.4426590e-03
   1.4708840e-03
   1.4866480e-03
   1.4883410e-03
   1.4756610e-03
   1.4496100e-03
   1.4128970e-03
   1.3691190e-03
   1.3214230e-03
   1.2726760e-03
   1.2263540e-03
   1.1865820e-03
   1.1558530e-03
   1.1326760e-03
   1.1109060e-03
   1.0816360e-03
   1.0347410e-03
   9.5994520e-04
   8.5242630e-04
   7.1622440e-04
   5.6138040e-04
   4.0411690e-04
   2.6359000e-04
   1.5531450e-04
   8.7536810e-05
   6.2876470e-05
   8.0096940e-05
   1.3232250e-04
   2.0566370e-04
   2.8260290e-04
   3.4476660e-04
   3.7609260e-04
   3.6739430e-04
   3.1919950e-04
   2.4059160e-04
   1.4562810e-04
   4.8388560e-05
  -4.1872140e-05
  -1.2131350e-04
  -1.8916880e-04
  -2.4404630e-04
  -2.8270110e-04
  -3.0051210e-04
  -2.9560940e-04
  -2.7332000e-04
  -2.4291990e-04
  -2.1396500e-04
  -1.9266240e-04
  -1.7848910e-04
  -1.6717100e-04
  -1.5014480e-04
  -1.1444220e-04
  -4.5308520e-05
   6.7133690e-05
   2.2034070e-04
   4.0171810e-04
   5.9240740e-04
   7.6698490e-04
   8.9652100e-04
   9.5694820e-04
   9.3452150e-04
   8.2687460e-04
   6.4711940e-04
   4.2013090e-04
   1.6960750e-04
  -8.1220700e-05
  -3.0366070e-04
  -4.7767130e-04
  -6.0257110e-04
  -6.8962720e-04
  -7.4729450e-04
  -7.7790510e-04
  -7.7784190e-04
  -7.3518290e-04
  -6.3840920e-04
  -4.9025280e-04
  -2.9985760e-04
  -7.1371520e-05
   1.9232380e-04
   4.8009540e-04
   7.7538990e-04
   1.0604540e-03
   1.3153830e-03
   1.5215680e-03
   1.6814610e-03
   1.8247280e-03
   1.9947620e-03
   2.2278670e-03
   2.5417120e-03
   2.9313370e-03
   3.3677460e-03
   3.8057660e-03
   4.2043020e-03
   4.5298370e-03
   4.7545730e-03
   4.8653860e-03
   4.8680150e-03
   4.7833670e-03
   4.6353280e-03
   4.4315280e-03
   4.1516090e-03
   3.7713620e-03
   3.2870880e-03
   2.7219670e-03
   2.1324340e-03
   1.6055000e-03
   1.2294200e-03
   1.0697560e-03
   1.1596110e-03
   1.4958060e-03
   2.0453320e-03
   2.7578360e-03
   3.5733000e-03
   4.4235760e-03
   5.2289640e-03
   5.9083120e-03
   6.3906670e-03
   6.6211820e-03
   6.5684100e-03
   6.2238590e-03
   5.5930080e-03
   4.7009980e-03
   3.5970920e-03
   2.3509880e-03
   1.0401070e-03
  -2.5574450e-04
  -1.4483420e-03
  -2.4462370e-03
  -3.1841610e-03
  -3.6521070e-03
  -3.9038400e-03
  -4.0260810e-03
  -4.1023960e-03
  -4.1956450e-03
  -4.3335600e-03
  -4.5225020e-03
  -4.7792830e-03
  -5.1425050e-03
  -5.6452330e-03
  -6.2778470e-03
  -6.9610500e-03
  -7.5659420e-03
  -7.9641060e-03
  -8.0609470e-03
  -7.8035500e-03
  -7.1849140e-03
  -6.2486680e-03
  -5.0773760e-03
  -3.7689300e-03
  -2.4342440e-03
  -1.1644600e-03
  -9.0029690e-07
   1.0723970e-03
   2.1015400e-03
   3.1148890e-03
   4.0777160e-03
   4.8988400e-03
   5.4846870e-03
   5.7952890e-03
   5.8524780e-03
   5.7192110e-03
   5.4617940e-03
   5.1138890e-03
   4.6605020e-03
   4.0756790e-03
   3.3736370e-03
   2.6354450e-03
   2.0075230e-03
   1.6435550e-03
   1.6207190e-03
   1.8915590e-03
   2.3306870e-03
   2.7995500e-03
   3.1686150e-03
   3.3342710e-03
   3.2304980e-03
   2.8394600e-03
   2.2076860e-03
   1.4486830e-03
   6.9532670e-04
   2.6951510e-05
  -5.4138580e-04
  -1.0290430e-03
  -1.4681230e-03
  -1.8861050e-03
  -2.3037430e-03
  -2.7342260e-03
  -3.1841840e-03
  -3.6611230e-03
  -4.1524680e-03
  -4.6270550e-03
  -5.0437020e-03
  -5.3577180e-03
  -5.5409600e-03
  -5.5921490e-03
  -5.5178630e-03
  -5.3218620e-03
  -5.0104100e-03
  -4.5773650e-03
  -4.0072020e-03
  -3.2810300e-03
  -2.3906370e-03
  -1.3621840e-03
  -2.6287650e-04
   8.0067400e-04
   1.6943800e-03
   2.3020300e-03
   2.5723690e-03
   2.5138460e-03
   2.1526960e-03
   1.5362770e-03
   7.3419320e-04
  -1.8757920e-04
  -1.1834820e-03
  -2.2268150e-03
  -3.2811240e-03
  -4.2968050e-03
  -5.2366020e-03
  -6.0743240e-03
  -6.8018720e-03
  -7.4394510e-03
  -8.0026150e-03
  -8.4567350e-03
  -8.7026690e-03
  -8.6366770e-03
  -8.1904110e-03
  -7.3579930e-03
  -6.2038570e-03
  -4.8422850e-03
  -3.4091140e-03
  -2.0124890e-03
  -7.0422810e-04
   5.1227380e-04
   1.6781120e-03
   2.8393120e-03
   3.9976080e-03
   5.1183620e-03
   6.1453090e-03
   6.9985080e-03
   7.5992220e-03
   7.8938380e-03
   7.8747180e-03
   7.6012810e-03
   7.1714480e-03
   6.7017850e-03
   6.2969310e-03
   6.0259420e-03
   5.9193570e-03
   5.9638330e-03
   6.0999720e-03
   6.2456020e-03
   6.3306280e-03
   6.2784580e-03
   6.0142600e-03
   5.4778370e-03
   4.6282560e-03
   3.4629810e-03
   2.0203080e-03
   3.6786870e-04
  -1.3999210e-03
  -3.1624670e-03
  -4.7680750e-03
  -6.0759380e-03
  -7.0039580e-03
  -7.5451240e-03
  -7.7766550e-03
  -7.8119200e-03
  -7.7406180e-03
  -7.6244410e-03
  -7.4901480e-03
  -7.3234070e-03
  -7.0859930e-03
  -6.7534410e-03
  -6.3212510e-03
  -5.7924200e-03
  -5.1573710e-03
  -4.3933380e-03
  -3.4666160e-03
  -2.3332450e-03
  -9.6950020e-04
   6.2708800e-04
   2.4315620e-03
   4.3590130e-03
   6.2522090e-03
   7.8970680e-03
   9.0795080e-03
   9.6654860e-03
   9.6462420e-03
   9.1354550e-03
   8.3135000e-03
   7.3644940e-03
   6.4444440e-03
   5.6506330e-03
   5.0059620e-03
   4.4974590e-03
   4.1341540e-03
   3.9297910e-03
   3.8619780e-03
   3.8632920e-03
   3.8218550e-03
   3.6094780e-03
   3.1111020e-03
   2.2563280e-03
   1.0507260e-03
  -4.1772640e-04
  -1.9698940e-03
  -3.3849420e-03
  -4.4605700e-03
  -5.0626010e-03
  -5.1599140e-03
  -4.8251750e-03
  -4.2267070e-03
  -3.5931360e-03
  -3.1261960e-03
  -2.9473060e-03
  -3.0888450e-03
  -3.5096120e-03
  -4.1392650e-03
  -4.8973340e-03
  -5.6873800e-03
  -6.3728020e-03
  -6.7882070e-03
  -6.7945550e-03
  -6.3352900e-03
  -5.4577260e-03
  -4.3112670e-03
  -3.1368530e-03
  -2.1771180e-03
  -1.6078200e-03
  -1.5266670e-03
  -1.9635990e-03
  -2.8870170e-03
  -4.1998020e-03
  -5.7509930e-03
  -7.3572470e-03
  -8.8568300e-03
  -1.0144250e-02
  -1.1174100e-02
  -1.1954290e-02
  -1.2503570e-02
  -1.2792740e-02
  -1.2747810e-02
  -1.2321330e-02
  -1.1544400e-02
  -1.0497360e-02
  -9.2848680e-03
  -8.0177440e-03
  -6.7999140e-03
  -5.7108670e-03
  -4.7631060e-03
  -3.9079280e-03
  -3.0744480e-03
  -2.2258190e-03
  -1.3572550e-03
  -4.7611820e-04
   3.8614880e-04
   1.1502180e-03
   1.7354010e-03
   2.1067150e-03
   2.2862810e-03
   2.3376450e-03
   2.3429420e-03
   2.3707370e-03
   2.4511520e-03
   2.5654230e-03
   2.6694610e-03
   2.7197430e-03
   2.7191360e-03
   2.7079990e-03
   2.7006550e-03
   2.6822450e-03
   2.6446300e-03
   2.5957970e-03
   2.5387730e-03
   2.4589000e-03
   2.3256690e-03
   2.1141760e-03
   1.8026600e-03
   1.4024550e-03
   9.8765550e-04
   6.8656290e-04
   6.2688490e-04
   8.5853290e-04
   1.3332540e-03
   1.9621900e-03
   2.6474530e-03
   3.3125150e-03
   3.9315540e-03
   4.5053990e-03
   5.0383020e-03
   5.5212460e-03
   5.9317340e-03
   6.2435020e-03
   6.4439880e-03
   6.5582560e-03
   6.6285740e-03
   6.6793620e-03
   6.7007090e-03
   6.6784530e-03
   6.6319770e-03
   6.6049540e-03
   6.6185400e-03
   6.6581380e-03
   6.6771900e-03
   6.6030520e-03
   6.3546600e-03
   5.8840140e-03
   5.1800640e-03
   4.2424520e-03
   3.0731490e-03
   1.7172000e-03
   2.7802720e-04
  -1.1221980e-03
  -2.3861470e-03
  -3.4350800e-03
  -4.1878190e-03
  -4.5940840e-03
  -4.6770780e-03
  -4.5211440e-03
  -4.2451250e-03
  -3.9568780e-03
  -3.6878200e-03
  -3.3795290e-03
  -2.9378850e-03
  -2.2869720e-03
  -1.3997220e-03
  -3.0817590e-04
   9.1139660e-04
   2.1488300e-03
   3.2953370e-03
   4.2816870e-03
   5.0914500e-03
   5.7265260e-03
   6.1644050e-03
   6.3542970e-03
   6.2501870e-03
   5.8305490e-03
   5.1050310e-03
   4.1152840e-03
   2.9641590e-03
   1.7964230e-03
   7.4345310e-04
  -9.8752350e-05
  -6.6590580e-04
  -9.2884850e-04
  -8.8594810e-04
  -5.7446980e-04
  -8.0394820e-05
   4.8319940e-04
   1.0001220e-03
   1.3714080e-03
   1.5365990e-03
   1.4705750e-03
   1.1782850e-03
   7.1974400e-04
   1.9005520e-04
  -3.0269250e-04
  -6.4834720e-04
  -7.4415750e-04
  -5.2908380e-04
  -2.3621050e-05
   6.5411020e-04
   1.3044600e-03
   1.7209510e-03
   1.7846130e-03
   1.5068780e-03
   9.9956420e-04
   4.3850490e-04
  -3.0805690e-05
  -3.5875860e-04
  -5.8628660e-04
  -8.0604650e-04
  -1.1192940e-03
  -1.5941860e-03
  -2.2353380e-03
  -2.9956950e-03
  -3.7986410e-03
  -4.5584900e-03
  -5.1899770e-03
  -5.6323230e-03
  -5.8668380e-03
  -5.9085720e-03
  -5.8022080e-03
  -5.6012180e-03
  -5.3465320e-03
  -5.0687830e-03
  -4.7867030e-03
  -4.4828510e-03
  -4.1200020e-03
  -3.6632160e-03
  -3.0854550e-03
  -2.3661470e-03
  -1.5012150e-03
  -5.3742070e-04
   4.1476600e-04
   1.2350770e-03
   1.8517550e-03
   2.2528140e-03
   2.4965480e-03
   2.6871010e-03
   2.9484980e-03
   3.3872350e-03
   4.0256820e-03
   4.7791620e-03
   5.5149890e-03
   6.1347450e-03
   6.6332990e-03
   7.0695040e-03
   7.4872940e-03
   7.8789800e-03
   8.2303670e-03
   8.5690240e-03
   8.9569020e-03
   9.4315540e-03
   9.9636400e-03
   1.0472240e-02
   1.0878530e-02
   1.1139470e-02
   1.1254050e-02
   1.1259380e-02
   1.1197200e-02
   1.1064280e-02
   1.0804360e-02
   1.0343660e-02
   9.6231630e-03
   8.6278610e-03
   7.3929440e-03
   5.9875820e-03
   4.4777110e-03
   2.9195110e-03
   1.3970340e-03
   2.6285720e-05
  -1.0708550e-03
  -1.8043140e-03
  -2.1170890e-03
  -1.9992490e-03
  -1.4936980e-03
  -7.1933780e-04
   1.3954950e-04
   8.9780630e-04
   1.4254540e-03
   1.6698890e-03
   1.6309070e-03
   1.3504230e-03
   9.1888180e-04
   4.5073320e-04
   2.9749410e-05
  -3.2967680e-04
  -6.5000340e-04
  -9.5574120e-04
  -1.2594860e-03
  -1.5684330e-03
  -1.8571480e-03
  -2.0679030e-03
  -2.1484210e-03
  -2.0933810e-03
  -1.9278800e-03
  -1.6778680e-03
  -1.3472100e-03
  -9.2333830e-04
  -4.0066820e-04
   2.0177270e-04
   8.6714580e-04
   1.5963960e-03
   2.4008720e-03
   3.2651440e-03
   4.1423060e-03
   4.9960920e-03
   5.8073490e-03
   6.5272720e-03
   7.0593860e-03
   7.2954380e-03
   7.1526900e-03
   6.5914580e-03
   5.6362910e-03
   4.3767850e-03
   2.9277680e-03
   1.4140130e-03
  -3.9073920e-05
  -1.2969670e-03
  -2.2408480e-03
  -2.8171930e-03
  -3.0543600e-03
  -3.0327920e-03
  -2.8327080e-03
  -2.5368440e-03
  -2.2059700e-03
  -1.8433010e-03
  -1.4294870e-03
  -9.7218920e-04
  -5.0937730e-04
  -7.8562740e-05
   2.8633150e-04
   5.4925690e-04
   6.8230610e-04
   6.4058810e-04
   3.4795340e-04
  -2.5467830e-04
  -1.1739370e-03
  -2.3673930e-03
  -3.7437690e-03
  -5.1854020e-03
  -6.5506240e-03
  -7.7009100e-03
  -8.5302810e-03
  -8.9837820e-03
  -9.0583750e-03
  -8.7791260e-03
  -8.1958450e-03
  -7.3847770e-03
  -6.4186460e-03
  -5.3178710e-03
  -4.0680960e-03
  -2.6579710e-03
  -1.1109450e-03
   4.9172800e-04
   2.0253980e-03
   3.3392580e-03
   4.2908020e-03
   4.7789820e-03
   4.7680420e-03
   4.2981700e-03
   3.5008410e-03
   2.5779110e-03
   1.7291420e-03
   1.1130360e-03
   8.4097750e-04
   9.5608150e-04
   1.4355620e-03
   2.1932180e-03
   3.0965680e-03
   4.0003480e-03
   4.7687330e-03
   5.3138870e-03
   5.6493090e-03
   5.8782180e-03
   6.1276990e-03
   6.4603200e-03
   6.8461230e-03
   7.2077990e-03
   7.4754170e-03
   7.6198910e-03
   7.6350980e-03
   7.5119630e-03
   7.2490400e-03
   6.8882640e-03
   6.5163320e-03
   6.2589360e-03
   6.2501370e-03
   6.5754560e-03
   7.2358810e-03
   8.1416750e-03
   9.1223290e-03
   9.9750440e-03
   1.0528420e-02
   1.0680860e-02
   1.0415650e-02
   9.7889390e-03
   8.9122430e-03
   7.8991410e-03
   6.8482020e-03
   5.8423340e-03
   4.9306940e-03
   4.1231510e-03
   3.3882830e-03
   2.6624580e-03
   1.8928330e-03
   1.0996870e-03
   3.9658110e-04
  -5.4541340e-05
  -1.1984860e-04
   2.3087440e-04
   9.1590730e-04
   1.7768220e-03
   2.6048770e-03
   3.1830340e-03
   3.3464560e-03
   3.0556580e-03
   2.3981410e-03
   1.5053790e-03
   5.2010120e-04
  -4.2464840e-04
  -1.2276800e-03
  -1.8282060e-03
  -2.1914140e-03
  -2.2881410e-03
  -2.0997760e-03
  -1.6230280e-03
  -8.8032010e-04
   6.2299030e-05
   1.0862350e-03
   2.0527490e-03
   2.8251990e-03
   3.2677240e-03
   3.2822240e-03
   2.8611430e-03
   2.0810530e-03
   1.0409540e-03
  -1.7842340e-04
  -1.5006410e-03
  -2.8628830e-03
  -4.2096480e-03
  -5.4828760e-03
  -6.6259800e-03
  -7.5809110e-03
  -8.2947890e-03
  -8.7390240e-03
  -8.9392170e-03
  -8.9687000e-03
  -8.9164870e-03
  -8.8734040e-03
  -8.9043410e-03
  -9.0426850e-03
  -9.3143340e-03
  -9.7369600e-03
  -1.0288440e-02
  -1.0893910e-02
  -1.1476510e-02
  -1.1983400e-02
  -1.2390380e-02
  -1.2705130e-02
  -1.2958750e-02
  -1.3221190e-02
  -1.3590040e-02
  -1.4143330e-02
  -1.4894700e-02
  -1.5789710e-02
  -1.6723820e-02
  -1.7571330e-02
  -1.8213880e-02
  -1.8556240e-02
  -1.8504930e-02
  -1.7968550e-02
  -1.6900370e-02
  -1.5324250e-02
  -1.3349690e-02
  -1.1134560e-02
  -8.8448040e-03
  -6.6584160e-03
  -4.7211010e-03
  -3.0976210e-03
  -1.7748780e-03
  -6.6812940e-04
   3.7331510e-04
   1.5268350e-03
   2.8988820e-03
   4.4780670e-03
   6.1776420e-03
   7.9004380e-03
   9.5288230e-03
   1.0911800e-02
   1.1900590e-02
   1.2420340e-02
   1.2499890e-02
   1.2260760e-02
   1.1873030e-02
   1.1480920e-02
   1.1128430e-02
   1.0766460e-02
   1.0297250e-02
   9.6436730e-03
   8.8067200e-03
   7.8769400e-03
   6.9919980e-03
   6.2844640e-03
   5.8131700e-03
   5.5312480e-03
   5.3591180e-03
   5.2306310e-03
   5.0913500e-03
   4.9213450e-03
   4.7452410e-03
   4.5867840e-03
   4.4284250e-03
   4.2324310e-03
   3.9931830e-03
   3.7402240e-03
   3.4890480e-03
   3.2213930e-03
   2.9088020e-03
   2.5249320e-03
   2.0441320e-03
   1.4641680e-03
   7.9512180e-04
   3.9056840e-05
  -8.0675150e-04
  -1.7507530e-03
  -2.7910810e-03
  -3.8937110e-03
  -5.0036480e-03
  -6.0445580e-03
  -6.9232770e-03
  -7.5552880e-03
  -7.8972980e-03
  -7.9502240e-03
  -7.7231060e-03
  -7.2107730e-03
  -6.3814580e-03
  -5.2051070e-03
  -3.7049850e-03
  -1.9865780e-03
  -2.1319160e-04
   1.4695370e-03
   2.9831630e-03
   4.3024350e-03
   5.3959520e-03
   6.2214800e-03
   6.7511050e-03
   6.9741890e-03
   6.8928580e-03
   6.5358880e-03
   5.9625430e-03
   5.2293520e-03
   4.3784420e-03
   3.4342210e-03
   2.4213810e-03
   1.3744920e-03
   3.1939590e-04
  -7.2335300e-04
  -1.7206920e-03
  -2.6370650e-03
  -3.4476370e-03
  -4.1517790e-03
  -4.7788820e-03
  -5.3633150e-03
  -5.9132790e-03
  -6.3955240e-03
  -6.7345730e-03
  -6.8599750e-03
  -6.7687460e-03
  -6.5132330e-03
  -6.1716910e-03
  -5.8322620e-03
  -5.5689720e-03
  -5.4442670e-03
  -5.4954910e-03
  -5.6959290e-03
  -5.9692210e-03
  -6.2407180e-03
  -6.4652040e-03
  -6.6391830e-03
  -6.7754920e-03
  -6.8703950e-03
  -6.8817650e-03
  -6.7563980e-03
  -6.4282840e-03
  -5.8271890e-03
  -4.9089460e-03
  -3.6885360e-03
  -2.2759490e-03
  -8.2654210e-04
   5.2890910e-04
   1.7087440e-03
   2.6776740e-03
   3.4288140e-03
   3.9409390e-03
   4.1659330e-03
   4.0829340e-03
   3.7221700e-03
   3.1314600e-03
   2.3503970e-03
   1.4190790e-03
   4.1493540e-04
  -5.4702820e-04
  -1.3359370e-03
  -1.8285920e-03
  -1.9357170e-03
  -1.6113390e-03
  -8.8189310e-04
   1.6926800e-04
   1.4742980e-03
   3.0048770e-03
   4.7250030e-03
   6.5540040e-03
   8.3553130e-03
   9.9806010e-03
   1.1324760e-02
   1.2327680e-02
   1.2964220e-02
   1.3244030e-02
   1.3222310e-02
   1.2977220e-02
   1.2572850e-02
   1.2046630e-02
   1.1424620e-02
   1.0730130e-02
   9.9742000e-03
   9.1714500e-03
   8.3533110e-03
   7.5696780e-03
   6.8631270e-03
   6.2632750e-03
   5.7804200e-03
   5.3966020e-03
   5.0967280e-03
   4.8709240e-03
   4.6992020e-03
   4.5409740e-03
   4.3625290e-03
   4.1167490e-03
   3.7273190e-03
   3.1128120e-03
   2.2324690e-03
   1.1208950e-03
  -1.2860190e-04
  -1.4232640e-03
  -2.7215010e-03
  -3.9776210e-03
  -5.1136540e-03
  -6.0582290e-03
  -6.7594350e-03
  -7.1832770e-03
  -7.3435670e-03
  -7.2988420e-03
  -7.0917000e-03
  -6.7256850e-03
  -6.1815160e-03
  -5.4418390e-03
  -4.5173160e-03
  -3.4543880e-03
  -2.2987500e-03
  -1.0799940e-03
   1.8701240e-04
   1.4971340e-03
   2.8146680e-03
   4.0678990e-03
   5.1734600e-03
   6.0572040e-03
   6.6343450e-03
   6.8480500e-03
   6.7066530e-03
   6.2727740e-03
   5.6568550e-03
   5.0123880e-03
   4.5183960e-03
   4.3166820e-03
   4.4508830e-03
   4.8734180e-03
   5.4677770e-03
   6.0928360e-03
   6.6481670e-03
   7.1096520e-03
   7.4855830e-03
   7.7704840e-03
   7.9462510e-03
   8.0061210e-03
   7.9678430e-03
   7.8492300e-03
   7.6630630e-03
   7.4264710e-03
   7.1766930e-03
   6.9790110e-03
   6.9080660e-03
   7.0156520e-03
   7.2919620e-03
   7.6910960e-03
   8.1735630e-03
   8.7280110e-03
   9.3464520e-03
   9.9978970e-03
   1.0614590e-02
   1.1108820e-02
   1.1401820e-02
   1.1458040e-02
   1.1282110e-02
   1.0902630e-02
   1.0352460e-02
   9.6850130e-03
   8.9426210e-03
   8.1139090e-03
   7.1539580e-03
   6.0186680e-03
   4.7087200e-03
   3.2838950e-03
   1.8513730e-03
   5.2299480e-04
  -6.2270300e-04
  -1.5674110e-03
  -2.3202130e-03
  -2.8772850e-03
  -3.2229060e-03
  -3.3499430e-03
  -3.2920690e-03
  -3.1402700e-03
  -3.0372900e-03
  -3.1431780e-03
  -3.5779270e-03
  -4.3944540e-03
  -5.5867320e-03
  -7.0931380e-03
  -8.8091590e-03
  -1.0610450e-02
  -1.2353430e-02
  -1.3883110e-02
  -1.5076960e-02
  -1.5888440e-02
  -1.6348370e-02
  -1.6531940e-02
  -1.6527020e-02
  -1.6415440e-02
  -1.6227830e-02
  -1.5944290e-02
  -1.5567620e-02
  -1.5154040e-02
  -1.4806220e-02
  -1.4637580e-02
  -1.4729330e-02
  -1.5100820e-02
  -1.5697100e-02
  -1.6429350e-02
  -1.7235410e-02
  -1.8104920e-02
  -1.9047040e-02
  -2.0065060e-02
  -2.1109770e-02
  -2.2057690e-02
  -2.2779750e-02
  -2.3199110e-02
  -2.3330870e-02
  -2.3247470e-02
  -2.3053540e-02
  -2.2865130e-02
  -2.2786900e-02
  -2.2873640e-02
  -2.3111010e-02
  -2.3440910e-02
  -2.3778150e-02
  -2.4032520e-02
  -2.4148000e-02
  -2.4126610e-02
  -2.4004330e-02
  -2.3821110e-02
  -2.3611670e-02
  -2.3401940e-02
  -2.3221760e-02
  -2.3094200e-02
  -2.3013710e-02
  -2.2956570e-02
  -2.2880170e-02
  -2.2715740e-02
  -2.2402990e-02
  -2.1906220e-02
  -2.1196360e-02
  -2.0258360e-02
  -1.9122250e-02
  -1.7858970e-02
  -1.6570400e-02
  -1.5349380e-02
  -1.4271810e-02
  -1.3364540e-02
  -1.2568620e-02
  -1.1764840e-02
  -1.0829890e-02
  -9.6878280e-03
  -8.3126210e-03
  -6.7247380e-03
  -4.9719100e-03
  -3.1173190e-03
  -1.2260500e-03
   6.7634310e-04
   2.6006640e-03
   4.5548320e-03
   6.5132590e-03
   8.4074020e-03
   1.0129750e-02
   1.1565580e-02
   1.2627240e-02
   1.3272480e-02
   1.3493430e-02
   1.3303030e-02
   1.2762260e-02
   1.1976280e-02
   1.1073180e-02
   1.0177240e-02
   9.3628910e-03
   8.6408630e-03
   7.9927570e-03
   7.4001760e-03
   6.8564570e-03
   6.3757780e-03
   5.9992740e-03
   5.7803730e-03
   5.7775130e-03
   6.0298850e-03
   6.5344020e-03
   7.2589610e-03
   8.1653080e-03
   9.1938040e-03
   1.0235400e-02
   1.1174170e-02
   1.1939160e-02
   1.2494670e-02
   1.2812320e-02
   1.2891130e-02
   1.2760710e-02
   1.2466530e-02
   1.2055630e-02
   1.1591430e-02
   1.1126990e-02
   1.0671760e-02
   1.0215540e-02
   9.7502340e-03
   9.2687100e-03
   8.7861880e-03
   8.3595710e-03
   8.0680200e-03
   7.9909100e-03
   8.1941860e-03
   8.6991850e-03
   9.4447600e-03
   1.0293830e-02
   1.1072120e-02
   1.1624990e-02
   1.1874980e-02
   1.1845170e-02
   1.1619980e-02
   1.1290260e-02
   1.0932400e-02
   1.0631800e-02
   1.0488460e-02
   1.0576370e-02
   1.0924810e-02
   1.1528120e-02
   1.2351600e-02
   1.3333440e-02
   1.4394540e-02
   1.5427410e-02
   1.6321930e-02
   1.7005450e-02
   1.7420410e-02
   1.7505120e-02
   1.7220190e-02
   1.6559480e-02
   1.5562620e-02
   1.4315490e-02
   1.2934580e-02
   1.1527540e-02
   1.0140540e-02
   8.7471790e-03
   7.2996820e-03
   5.8059350e-03
   4.3279090e-03
   2.9290630e-03
   1.6532450e-03
   5.3854950e-04
  -3.7585520e-04
  -1.0728750e-03
  -1.5608940e-03
  -1.8749060e-03
  -2.0622570e-03
  -2.1630330e-03
  -2.2129090e-03
  -2.2578300e-03
  -2.3621760e-03
  -2.5713680e-03
  -2.8943040e-03
  -3.3092610e-03
  -3.8055580e-03
  -4.4050130e-03
  -5.1373160e-03
  -6.0155870e-03
  -7.0236760e-03
  -8.1122300e-03
  -9.1981630e-03
  -1.0201700e-02
  -1.1081080e-02
  -1.1831840e-02
  -1.2440520e-02
  -1.2866280e-02
  -1.3087170e-02
  -1.3109150e-02
  -1.2956310e-02
  -1.2686010e-02
  -1.2355870e-02
  -1.1985500e-02
  -1.1555460e-02
  -1.1032260e-02
  -1.0398880e-02
  -9.6493600e-03
  -8.7639510e-03
  -7.7338020e-03
  -6.6057640e-03
  -5.4671250e-03
  -4.4192590e-03
  -3.5548400e-03
  -2.9448430e-03
  -2.6363620e-03
  -2.6523260e-03
  -2.9891340e-03
  -3.6142760e-03
  -4.4662620e-03
  -5.4553790e-03
  -6.4913900e-03
  -7.5117020e-03
  -8.4867460e-03
  -9.3863140e-03
  -1.0161510e-02
  -1.0768230e-02
  -1.1192570e-02
  -1.1418390e-02
  -1.1424160e-02
  -1.1221950e-02
  -1.0876920e-02
  -1.0491680e-02
  -1.0159880e-02
  -9.9468200e-03
  -9.8872230e-03
  -9.9730390e-03
  -1.0186900e-02
  -1.0530850e-02
  -1.1023630e-02
  -1.1672680e-02
  -1.2468440e-02
  -1.3387660e-02
  -1.4381520e-02
  -1.5363730e-02
  -1.6228610e-02
  -1.6880960e-02
  -1.7258870e-02
  -1.7323140e-02
  -1.7041850e-02
  -1.6413480e-02
  -1.5493470e-02
  -1.4385510e-02
  -1.3193400e-02
  -1.1981930e-02
  -1.0787880e-02
  -9.6586300e-03
  -8.6649160e-03
  -7.8699350e-03
  -7.3074340e-03
  -6.9748610e-03
  -6.8509770e-03
  -6.9355760e-03
  -7.2423890e-03
  -7.7800510e-03
  -8.5368080e-03
  -9.4845310e-03
  -1.0580960e-02
  -1.1763480e-02
  -1.2940440e-02
  -1.3996850e-02
  -1.4820510e-02
  -1.5346810e-02
  -1.5558230e-02
  -1.5483000e-02
  -1.5178530e-02
  -1.4703750e-02
  -1.4128840e-02
  -1.3555320e-02
  -1.3068780e-02
  -1.2702210e-02
  -1.2459640e-02
  -1.2347140e-02
  -1.2371280e-02
  -1.2526740e-02
  -1.2800900e-02
  -1.3179590e-02
  -1.3610290e-02
  -1.4013000e-02
  -1.4312720e-02
  -1.4457830e-02
  -1.4421360e-02
  -1.4199360e-02
  -1.3808840e-02
  -1.3304750e-02
  -1.2742390e-02
  -1.2149800e-02
  -1.1548260e-02
  -1.0927860e-02
  -1.0260650e-02
  -9.5173630e-03
  -8.6877650e-03
  -7.7769270e-03
  -6.8064250e-03
  -5.8253130e-03
  -4.9075660e-03
  -4.1224160e-03
  -3.5028790e-03
  -3.0360540e-03
  -2.6705140e-03
  -2.3451670e-03
  -2.0206240e-03
  -1.6554420e-03
  -1.1838750e-03
  -5.6809690e-04
   1.7177280e-04
   9.9097510e-04
   1.8211040e-03
   2.5907820e-03
   3.2519950e-03
   3.7883480e-03
   4.1882540e-03
   4.4361610e-03
   4.5335010e-03
   4.5215850e-03
   4.4866270e-03
   4.5123590e-03
   4.6404320e-03
   4.8509370e-03
   5.0835010e-03
   5.2831610e-03
   5.4233660e-03
   5.5253860e-03
   5.6402510e-03
   5.8212740e-03
   6.1044430e-03
   6.4912320e-03
   6.9458880e-03
   7.4193700e-03
   7.8751990e-03
   8.2772110e-03
   8.5562470e-03
   8.6378680e-03
   8.4870140e-03
   8.1035070e-03
   7.5123990e-03
   6.7696340e-03
   5.9423590e-03
   5.0791150e-03
   4.2061700e-03
   3.3381260e-03
   2.4838640e-03
   1.6454430e-03
   8.2243040e-04
   5.5362640e-06
  -8.0668580e-04
  -1.5871880e-03
  -2.3031970e-03
  -2.9235310e-03
  -3.4024850e-03
  -3.6938050e-03
  -3.7795670e-03
  -3.6777050e-03
  -3.4084750e-03
  -2.9910230e-03
  -2.4671920e-03
  -1.9146680e-03
  -1.4156710e-03
  -1.0143020e-03
  -7.2644830e-04
  -5.4197870e-04
  -4.2612800e-04
  -3.5144070e-04
  -2.9591720e-04
  -2.3684470e-04
  -1.6111790e-04
  -4.8662800e-05
   1.2297000e-04
   3.7288720e-04
   7.1675620e-04
   1.1667790e-03
   1.7224180e-03
   2.3333170e-03
   2.9052360e-03
   3.3379070e-03
   3.5688330e-03
   3.5841780e-03
   3.3735880e-03
   2.9004190e-03
   2.1200530e-03
   1.0185040e-03
  -3.6272860e-04
  -1.9352800e-03
  -3.6167060e-03
  -5.3489110e-03
  -7.0845420e-03
  -8.7774340e-03
  -1.0388470e-02
  -1.1898260e-02
  -1.3329580e-02
  -1.4725930e-02
  -1.6116630e-02
  -1.7517090e-02
  -1.8912360e-02
  -2.0242080e-02
  -2.1431940e-02
  -2.2450070e-02
  -2.3322870e-02
  -2.4090310e-02
  -2.4774730e-02
  -2.5382910e-02
  -2.5907970e-02
  -2.6348210e-02
  -2.6719710e-02
  -2.7056320e-02
  -2.7383040e-02
  -2.7702930e-02
  -2.8015680e-02
  -2.8315590e-02
  -2.8563100e-02
  -2.8662870e-02
  -2.8511460e-02
  -2.8067120e-02
  -2.7339440e-02
  -2.6354520e-02
  -2.5158110e-02
  -2.3812260e-02
  -2.2392150e-02
  -2.0974260e-02
  -1.9610590e-02
  -1.8320390e-02
  -1.7095240e-02
  -1.5902360e-02
  -1.4684510e-02
  -1.3382700e-02
  -1.1958880e-02
  -1.0411370e-02
  -8.7656910e-03
  -7.0400140e-03
  -5.2214170e-03
  -3.3003090e-03
  -1.3334920e-03
   5.5456320e-04
   2.2444450e-03
   3.6588920e-03
   4.7701280e-03
   5.5991390e-03
   6.1889610e-03
   6.5652130e-03
   6.7328200e-03
   6.7169120e-03
   6.5857940e-03
   6.4494500e-03
   6.4283530e-03
   6.6076920e-03
   7.0334900e-03
   7.6945340e-03
   8.5157400e-03
   9.3978520e-03
   1.0255870e-02
   1.1018830e-02
   1.1618430e-02
   1.2004490e-02
   1.2175730e-02
   1.2199730e-02
   1.2191220e-02
   1.2250230e-02
   1.2428520e-02
   1.2727090e-02
   1.3102940e-02
   1.3492870e-02
   1.3828480e-02
   1.4060330e-02
   1.4168520e-02
   1.4151530e-02
   1.4039870e-02
   1.3876700e-02
   1.3686080e-02
   1.3482750e-02
   1.3295490e-02
   1.3156630e-02
   1.3080000e-02
   1.3073110e-02
   1.3155490e-02
   1.3323830e-02
   1.3550320e-02
   1.3807160e-02
   1.4064360e-02
   1.4277010e-02
   1.4387580e-02
   1.4335700e-02
   1.4047840e-02
   1.3446750e-02
   1.2485130e-02
   1.1194090e-02
   9.6730030e-03
   8.0579680e-03
   6.4765840e-03
   5.0186660e-03
   3.7360650e-03
   2.6526090e-03
   1.7731170e-03
   1.1164270e-03
   7.0175030e-04
   5.2350080e-04
   5.4553910e-04
   6.9833260e-04
   9.1309170e-04
   1.1545340e-03
   1.4061080e-03
   1.6761180e-03
   2.0003560e-03
   2.4151370e-03
   2.9400220e-03
   3.5422620e-03
   4.1461870e-03
   4.6967250e-03
   5.1617860e-03
   5.4933680e-03
   5.6374460e-03
   5.5768910e-03
   5.3439460e-03
   4.9982030e-03
   4.5906750e-03
   4.1623250e-03
   3.7492590e-03
   3.3518620e-03
   2.9582060e-03
   2.5896720e-03
   2.2767720e-03
   2.0076980e-03
   1.6988890e-03
   1.2461130e-03
   5.9856440e-04
  -2.1230380e-04
  -1.0920210e-03
  -1.9496420e-03
  -2.7722330e-03
  -3.6309100e-03
  -4.5859800e-03
  -5.6459880e-03
  -6.7962900e-03
  -8.0258420e-03
  -9.3196280e-03
  -1.0649900e-02
  -1.1989210e-02
  -1.3311310e-02
  -1.4597180e-02
  -1.5793550e-02
  -1.6823630e-02
  -1.7636110e-02
  -1.8222000e-02
  -1.8609080e-02
  -1.8827210e-02
  -1.8869790e-02
  -1.8692010e-02
  -1.8249450e-02
  -1.7543560e-02
  -1.6646210e-02
  -1.5636920e-02
  -1.4570990e-02
  -1.3480110e-02
  -1.2390540e-02
  -1.1312780e-02
  -1.0217160e-02
  -9.0568640e-03
  -7.8038260e-03
  -6.4845780e-03
  -5.1619740e-03
  -3.9040100e-03
  -2.7644980e-03
  -1.7445070e-03
  -8.1235170e-04
   4.2255520e-05
   7.9943350e-04
   1.4308710e-03
   1.9071640e-03
   2.1987960e-03
   2.2817560e-03
   2.1408290e-03
   1.7648090e-03
   1.1456490e-03
   2.8200600e-04
  -7.9664390e-04
  -2.0295390e-03
  -3.3502460e-03
  -4.6964300e-03
  -6.0211640e-03
  -7.3047740e-03
  -8.5437320e-03
  -9.7015210e-03
  -1.0688700e-02
  -1.1378920e-02
  -1.1642360e-02
  -1.1404610e-02
  -1.0691610e-02
  -9.5860350e-03
  -8.1886340e-03
  -6.6225610e-03
  -5.0061280e-03
  -3.4014690e-03
  -1.8074180e-03
  -2.0075080e-04
   1.4471610e-03
   3.1514290e-03
   4.9194800e-03
   6.7580380e-03
   8.6672400e-03
   1.0658710e-02
   1.2777510e-02
   1.5053790e-02
   1.7466410e-02
   1.9943400e-02
   2.2401860e-02
   2.4788540e-02
   2.7066670e-02
   2.9189940e-02
   3.1077850e-02
   3.2610050e-02
   3.3695130e-02
   3.4302720e-02
   3.4465640e-02
   3.4252580e-02
   3.3751970e-02
   3.3057950e-02
   3.2252300e-02
   3.1375810e-02
   3.0424270e-02
   2.9360510e-02
   2.8163810e-02
   2.6865570e-02
   2.5526710e-02
   2.4199180e-02
   2.2917600e-02
   2.1701130e-02
   2.0587140e-02
   1.9594540e-02
   1.8674800e-02
   1.7737460e-02
   1.6710620e-02
   1.5593590e-02
   1.4453430e-02
   1.3388670e-02
   1.2481080e-02
   1.1789290e-02
   1.1369980e-02
   1.1258820e-02
   1.1433620e-02
   1.1813170e-02
   1.2302480e-02
   1.2854180e-02
   1.3466050e-02
   1.4126080e-02
   1.4781930e-02
   1.5350890e-02
   1.5789120e-02
   1.6115960e-02
   1.6399140e-02
   1.6715570e-02
   1.7095460e-02
   1.7500020e-02
   1.7819740e-02
   1.7930790e-02
   1.7738930e-02
   1.7183420e-02
   1.6246570e-02
   1.4978820e-02
   1.3485850e-02
   1.1913970e-02
   1.0424450e-02
   9.1466420e-03
   8.1622390e-03
   7.5127300e-03
   7.1967390e-03
   7.1841510e-03
   7.4498000e-03
   7.9853510e-03
   8.7973180e-03
   9.8822270e-03
   1.1215150e-02
   1.2751700e-02
   1.4400820e-02
   1.6036980e-02
   1.7522490e-02
   1.8747490e-02
   1.9666590e-02
   2.0281290e-02
   2.0621100e-02
   2.0728630e-02
   2.0669620e-02
   2.0524430e-02
   2.0357030e-02
   2.0226450e-02
   2.0193100e-02
   2.0293870e-02
   2.0541690e-02
   2.0910260e-02
   2.1302880e-02
   2.1580770e-02
   2.1620410e-02
   2.1361360e-02
   2.0831020e-02
   2.0114060e-02
   1.9315870e-02
   1.8529190e-02
   1.7816890e-02
   1.7210320e-02
   1.6702740e-02
   1.6267380e-02
   1.5875510e-02
   1.5521780e-02
   1.5240940e-02
   1.5068340e-02
   1.5004690e-02
   1.5030860e-02
   1.5101450e-02
   1.5154690e-02
   1.5133050e-02
   1.5003440e-02
   1.4762750e-02
   1.4391520e-02
   1.3805300e-02
   1.2900810e-02
   1.1664540e-02
   1.0184880e-02
   8.5717110e-03
   6.9189590e-03
   5.2810630e-03
   3.6730920e-03
   2.0956830e-03
   5.4928020e-04
  -9.5475550e-04
  -2.3844300e-03
  -3.6878560e-03
  -4.8094440e-03
  -5.7330730e-03
  -6.4802260e-03
  -7.1115660e-03
  -7.7165310e-03
  -8.3675110e-03
  -9.0945830e-03
  -9.8881780e-03
  -1.0687040e-02
  -1.1382370e-02
  -1.1872110e-02
  -1.2108730e-02
  -1.2081700e-02
  -1.1798220e-02
  -1.1279210e-02
  -1.0558830e-02
  -9.6929820e-03
  -8.7614230e-03
  -7.8568240e-03
  -7.0651150e-03
  -6.4570890e-03
  -6.0725930e-03
  -5.9002500e-03
  -5.8962220e-03
  -6.0158670e-03
  -6.2009070e-03
  -6.3795970e-03
  -6.4887760e-03
  -6.4841210e-03
  -6.3555540e-03
  -6.1495000e-03
  -5.9617700e-03
  -5.8648030e-03
  -5.8828110e-03
  -6.0136220e-03
  -6.2495750e-03
  -6.5643070e-03
  -6.8856800e-03
  -7.1110080e-03
  -7.1244730e-03
  -6.8395450e-03
  -6.2394680e-03
  -5.3576300e-03
  -4.2623350e-03
  -3.0390720e-03
  -1.7617780e-03
  -4.8535600e-04
   7.5777630e-04
   1.9404590e-03
   3.0318470e-03
   4.0189020e-03
   4.9212980e-03
   5.7605090e-03
   6.5294220e-03
   7.2019940e-03
   7.7374880e-03
   8.0727900e-03
   8.1633160e-03
   8.0233290e-03
   7.6983810e-03
   7.2337210e-03
   6.6992590e-03
   6.1934840e-03
   5.7954560e-03
   5.5213320e-03
   5.3384440e-03
   5.2240630e-03
   5.1504710e-03
   5.0618620e-03
   4.9120290e-03
   4.6739190e-03
   4.3401520e-03
   3.9191410e-03
   3.4267560e-03
   2.8920130e-03
   2.3458000e-03
   1.7990650e-03
   1.2498210e-03
   6.9627790e-04
   1.4361730e-04
  -3.9868460e-04
  -9.2225220e-04
  -1.4116630e-03
  -1.8729390e-03
  -2.3430400e-03
  -2.8568770e-03
  -3.4780830e-03
  -4.3096460e-03
  -5.4101440e-03
  -6.7509060e-03
  -8.2280220e-03
  -9.7251670e-03
  -1.1151680e-02
  -1.2445190e-02
  -1.3579050e-02
  -1.4538870e-02
  -1.5313670e-02
  -1.5914890e-02
  -1.6367240e-02
  -1.6724610e-02
  -1.7058470e-02
  -1.7420280e-02
  -1.7818310e-02
  -1.8213170e-02
  -1.8546530e-02
  -1.8757490e-02
  -1.8787670e-02
  -1.8592100e-02
  -1.8137460e-02
  -1.7412240e-02
  -1.6453250e-02
  -1.5322010e-02
  -1.4083880e-02
  -1.2786730e-02
  -1.1434090e-02
  -1.0006010e-02
  -8.4902310e-03
  -6.8974040e-03
  -5.2692820e-03
  -3.6600540e-03
  -2.1171090e-03
  -6.5755020e-04
   7.2828670e-04
   2.0337010e-03
   3.2269160e-03
   4.2742240e-03
   5.1425890e-03
   5.8149380e-03
   6.2985870e-03
   6.6232740e-03
   6.8315890e-03
   6.9694630e-03
   7.0796700e-03
   7.2009710e-03
   7.3827170e-03
   7.6687680e-03
   8.0862500e-03
   8.6400470e-03
   9.3132440e-03
   1.0058110e-02
   1.0801260e-02
   1.1479980e-02
   1.2084390e-02
   1.2643310e-02
   1.3185770e-02
   1.3725870e-02
   1.4253070e-02
   1.4721780e-02
   1.5046500e-02
   1.5120500e-02
   1.4849740e-02
   1.4190540e-02
   1.3164450e-02
   1.1849900e-02
   1.0346950e-02
   8.7534900e-03
   7.1561060e-03
   5.6416760e-03
   4.3163870e-03
   3.2849210e-03
   2.5986240e-03
   2.2479220e-03
   2.2198280e-03
   2.5142160e-03
   3.1319680e-03
   4.0694030e-03
   5.3159790e-03
   6.8571300e-03
   8.6653000e-03
   1.0694840e-02
   1.2888480e-02
   1.5187780e-02
   1.7537940e-02
   1.9868600e-02
   2.2098740e-02
   2.4157670e-02
   2.5988100e-02
   2.7541200e-02
   2.8773040e-02
   2.9660450e-02
   3.0195360e-02
   3.0389010e-02
   3.0294160e-02
   2.9974170e-02
   2.9456160e-02
   2.8708560e-02
   2.7648020e-02
   2.6186660e-02
   2.4293960e-02
   2.2001110e-02
   1.9359710e-02
   1.6428480e-02
   1.3292250e-02
   1.0079530e-02
   6.9451190e-03
   4.0328680e-03
   1.4481370e-03
  -7.6463840e-04
  -2.6139250e-03
  -4.1140370e-03
  -5.2555770e-03
  -6.0115470e-03
  -6.3438980e-03
  -6.2435390e-03
  -5.7425870e-03
  -4.8770290e-03
  -3.6855610e-03
  -2.2424400e-03
  -6.3644830e-04
   1.0730870e-03
   2.8484060e-03
   4.6687650e-03
   6.5208940e-03
   8.3834160e-03
   1.0238620e-02
   1.2085050e-02
   1.3926880e-02
   1.5752770e-02
   1.7526260e-02
   1.9190190e-02
   2.0659510e-02
   2.1835160e-02
   2.2644020e-02
   2.3066060e-02
   2.3130270e-02
   2.2880630e-02
   2.2358280e-02
   2.1582520e-02
   2.0554300e-02
   1.9244940e-02
   1.7634350e-02
   1.5727070e-02
   1.3534990e-02
   1.1067630e-02
   8.3600820e-03
   5.4873760e-03
   2.5369620e-03
  -4.0119960e-04
  -3.2488410e-03
  -5.9388530e-03
  -8.4136770e-03
  -1.0632810e-02
  -1.2576880e-02
  -1.4278950e-02
  -1.5853610e-02
  -1.7437870e-02
  -1.9100300e-02
  -2.0839690e-02
  -2.2648440e-02
  -2.4543750e-02
  -2.6571020e-02
  -2.8785310e-02
  -3.1204690e-02
  -3.3785600e-02
  -3.6445010e-02
  -3.9079630e-02
  -4.1613140e-02
  -4.4023030e-02
  -4.6304760e-02
  -4.8429800e-02
  -5.0322320e-02
  -5.1886780e-02
  -5.3030580e-02
  -5.3714160e-02
  -5.3971990e-02
  -5.3855740e-02
  -5.3397290e-02
  -5.2642040e-02
  -5.1654350e-02
  -5.0498370e-02
  -4.9244790e-02
  -4.7970080e-02
  -4.6732540e-02
  -4.5530240e-02
  -4.4287670e-02
  -4.2879780e-02
  -4.1194400e-02
  -3.9185310e-02
  -3.6882760e-02
  -3.4399520e-02
  -3.1872640e-02
  -2.9377060e-02
  -2.6881700e-02
  -2.4306820e-02
  -2.1622770e-02
  -1.8865540e-02
  -1.6101140e-02
  -1.3381840e-02
  -1.0762570e-02
  -8.3317330e-03
  -6.2002400e-03
  -4.5001540e-03
  -3.3726910e-03
  -2.9148160e-03
  -3.1419300e-03
  -4.0009170e-03
  -5.4096700e-03
  -7.2973130e-03
  -9.6216250e-03
  -1.2340100e-02
  -1.5364810e-02
  -1.8549630e-02
  -2.1739640e-02
  -2.4815760e-02
  -2.7719160e-02
  -3.0415090e-02
  -3.2843290e-02
  -3.4941430e-02
  -3.6688620e-02
  -3.8068190e-02
  -3.9053870e-02
  -3.9654220e-02
  -3.9915640e-02
  -3.9890360e-02
  -3.9625840e-02
  -3.9149710e-02
  -3.8480770e-02
  -3.7637320e-02
  -3.6631550e-02
  -3.5461800e-02
  -3.4147010e-02
  -3.2753880e-02
  -3.1336980e-02
  -2.9926930e-02
  -2.8567910e-02
  -2.7303060e-02
  -2.6147730e-02
  -2.5106430e-02
  -2.4178000e-02
  -2.3311720e-02
  -2.2401270e-02
  -2.1338710e-02
  -2.0048850e-02
  -1.8478530e-02
  -1.6583100e-02
  -1.4336330e-02
  -1.1754450e-02
  -8.9073290e-03
  -5.9062730e-03
  -2.9044220e-03
  -1.0403950e-04
   2.2656080e-03
   4.0173990e-03
   5.0674790e-03
   5.4282530e-03
   5.1874160e-03
   4.4559080e-03
   3.2890510e-03
   1.6908930e-03
  -3.1767750e-04
  -2.6460880e-03
  -5.1347480e-03
  -7.6321950e-03
  -1.0055700e-02
  -1.2375830e-02
  -1.4578020e-02
  -1.6630560e-02
  -1.8489820e-02
  -2.0120320e-02
  -2.1504970e-02
  -2.2645470e-02
  -2.3521730e-02
  -2.4077520e-02
  -2.4260030e-02
  -2.4054870e-02
  -2.3490870e-02
  -2.2626000e-02
  -2.1527420e-02
  -2.0264370e-02
  -1.8918710e-02
  -1.7569660e-02
  -1.6271410e-02
  -1.5058650e-02
  -1.3967630e-02
  -1.3029560e-02
  -1.2260300e-02
  -1.1630890e-02
  -1.1055610e-02
  -1.0403100e-02
  -9.5170840e-03
  -8.2905940e-03
  -6.7010130e-03
  -4.7703280e-03
  -2.5597620e-03
  -1.6761950e-04
   2.3136700e-03
   4.8243620e-03
   7.3304480e-03
   9.8192220e-03
   1.2300210e-02
   1.4780930e-02
   1.7222490e-02
   1.9545410e-02
   2.1669920e-02
   2.3547040e-02
   2.5153790e-02
   2.6471190e-02
   2.7486900e-02
   2.8193850e-02
   2.8579570e-02
   2.8620970e-02
   2.8284910e-02
   2.7534060e-02
   2.6337150e-02
   2.4690250e-02
   2.2637150e-02
   2.0263980e-02
   1.7699860e-02
   1.5105710e-02
   1.2658690e-02
   1.0560530e-02
   9.0084600e-03
   8.1186940e-03
   7.9194420e-03
   8.3624770e-03
   9.3467080e-03
   1.0766470e-02
   1.2516870e-02
   1.4466510e-02
   1.6481410e-02
   1.8464660e-02
   2.0390390e-02
   2.2309650e-02
   2.4317280e-02
   2.6494230e-02
   2.8847800e-02
   3.1284290e-02
   3.3641850e-02
   3.5782780e-02
   3.7642320e-02
   3.9228840e-02
   4.0573210e-02
   4.1658240e-02
   4.2399030e-02
   4.2690650e-02
   4.2482180e-02
   4.1800100e-02
   4.0742890e-02
   3.9423580e-02
   3.7932010e-02
   3.6325340e-02
   3.4603680e-02
   3.2726110e-02
   3.0677720e-02
   2.8493800e-02
   2.6232080e-02
   2.3959770e-02
   2.1764080e-02
   1.9721060e-02
   1.7858890e-02
   1.6189050e-02
   1.4747190e-02
   1.3572170e-02
   1.2653370e-02
   1.1922710e-02
   1.1314560e-02
   1.0807730e-02
   1.0437220e-02
   1.0281150e-02
   1.0396020e-02
   1.0806930e-02
   1.1515370e-02
   1.2524050e-02
   1.3853860e-02
   1.5487570e-02
   1.7355710e-02
   1.9384980e-02
   2.1535540e-02
   2.3774800e-02
   2.6069310e-02
   2.8397450e-02
   3.0723380e-02
   3.2976370e-02
   3.5071760e-02
   3.6951310e-02
   3.8608400e-02
   4.0110930e-02
   4.1579260e-02
   4.3104230e-02
   4.4715290e-02
   4.6388350e-02
   4.8059910e-02
   4.9672520e-02
   5.1223980e-02
   5.2768050e-02
   5.4356190e-02
   5.5996650e-02
   5.7676330e-02
   5.9363130e-02
   6.1018190e-02
   6.2614120e-02
   6.4123860e-02
   6.5473940e-02
   6.6544230e-02
   6.7214840e-02
   6.7419040e-02
   6.7175240e-02
   6.6545940e-02
   6.5588960e-02
   6.4313300e-02
   6.2672060e-02
   6.0602790e-02
   5.8081860e-02
   5.5146140e-02
   5.1845290e-02
   4.8232780e-02
   4.4395450e-02
   4.0452780e-02
   3.6502810e-02
   3.2600480e-02
   2.8818270e-02
   2.5283120e-02
   2.2159050e-02
   1.9588100e-02
   1.7653610e-02
   1.6396060e-02
   1.5817240e-02
   1.5870420e-02
   1.6487270e-02
   1.7613080e-02
   1.9196150e-02
   2.1148650e-02
   2.3334600e-02
   2.5580660e-02
   2.7719710e-02
   2.9634620e-02
   3.1292420e-02
   3.2735570e-02
   3.4043430e-02
   3.5315060e-02
   3.6632910e-02
   3.8015930e-02
   3.9443800e-02
   4.0890040e-02
   4.2347600e-02
   4.3819640e-02
   4.5287010e-02
   4.6735680e-02
   4.8162830e-02
   4.9547390e-02
   5.0853160e-02
   5.2046480e-02
   5.3078360e-02
   5.3858310e-02
   5.4279650e-02
   5.4298850e-02
   5.4004100e-02
   5.3566080e-02
   5.3143810e-02
   5.2840230e-02
   5.2703320e-02
   5.2731680e-02
   5.2908870e-02
   5.3218420e-02
   5.3670840e-02
   5.4293160e-02
   5.5107000e-02
   5.6111630e-02
   5.7245270e-02
   5.8388340e-02
   5.9383150e-02
   6.0076190e-02
   6.0381160e-02
   6.0270080e-02
   5.9765980e-02
   5.8963500e-02
   5.7999840e-02
   5.6988050e-02
   5.5976290e-02
   5.4953010e-02
   5.3901890e-02
   5.2826190e-02
   5.1715090e-02
   5.0513420e-02
   4.9143600e-02
   4.7548750e-02
   4.5706050e-02
   4.3638630e-02
   4.1424640e-02
   3.9161010e-02
   3.6924450e-02
   3.4743830e-02
   3.2617120e-02
   3.0513780e-02
   2.8371120e-02
   2.6121660e-02
   2.3732050e-02
   2.1206100e-02
   1.8583420e-02
   1.5938230e-02
   1.3389140e-02
   1.1056600e-02
   8.9991920e-03
   7.2014030e-03
   5.6333580e-03
   4.2748220e-03
   3.1124630e-03
   2.1336740e-03
   1.3172530e-03
   6.5260780e-04
   1.3722300e-04
  -2.6276970e-04
  -6.1439730e-04
  -1.0062980e-03
  -1.5001750e-03
  -2.1159290e-03
  -2.8632310e-03
  -3.7539400e-03
  -4.7837570e-03
  -5.9356260e-03
  -7.1859290e-03
  -8.5205060e-03
  -9.9562530e-03
  -1.1511460e-02
  -1.3168680e-02
  -1.4882430e-02
  -1.6612020e-02
  -1.8358070e-02
  -2.0142280e-02
  -2.1993740e-02
  -2.3954970e-02
  -2.6088540e-02
  -2.8415860e-02
  -3.0897430e-02
  -3.3466820e-02
  -3.6047040e-02
  -3.8557710e-02
  -4.0949510e-02
  -4.3195210e-02
  -4.5263690e-02
  -4.7130620e-02
  -4.8816420e-02
  -5.0393190e-02
  -5.1906990e-02
  -5.3314790e-02
  -5.4535060e-02
  -5.5508920e-02
  -5.6197730e-02
  -5.6597100e-02
  -5.6767250e-02
  -5.6786470e-02
  -5.6683830e-02
  -5.6423080e-02
  -5.5973560e-02
  -5.5352260e-02
  -5.4582070e-02
  -5.3660800e-02
  -5.2590110e-02
  -5.1399170e-02
  -5.0152830e-02
  -4.8940230e-02
  -4.7823710e-02
  -4.6826100e-02
  -4.5953750e-02
  -4.5220630e-02
  -4.4651610e-02
  -4.4261520e-02
  -4.4035280e-02
  -4.3904040e-02
  -4.3785540e-02
  -4.3640530e-02
  -4.3499160e-02
  -4.3420070e-02
  -4.3423470e-02
  -4.3483220e-02
  -4.3569850e-02
  -4.3669850e-02
  -4.3793160e-02
  -4.3985270e-02
  -4.4317220e-02
  -4.4841280e-02
  -4.5581190e-02
  -4.6530690e-02
  -4.7665160e-02
  -4.8967980e-02
  -5.0443190e-02
  -5.2092070e-02
  -5.3882700e-02
  -5.5756360e-02
  -5.7641300e-02
  -5.9456330e-02
  -6.1138530e-02
  -6.2642750e-02
  -6.3949260e-02
  -6.5073980e-02
  -6.6064850e-02
  -6.6989380e-02
  -6.7907120e-02
  -6.8834710e-02
  -6.9734750e-02
  -7.0549430e-02
  -7.1222190e-02
  -7.1711920e-02
  -7.2007530e-02
  -7.2114130e-02
  -7.2044430e-02
  -7.1821620e-02
  -7.1480380e-02
  -7.1057350e-02
  -7.0589170e-02
  -7.0118060e-02
  -6.9653430e-02
  -6.9139810e-02
  -6.8498860e-02
  -6.7694930e-02
  -6.6740680e-02
  -6.5688880e-02
  -6.4606470e-02
  -6.3562660e-02
  -6.2609480e-02
  -6.1733560e-02
  -6.0841080e-02
  -5.9842970e-02
  -5.8740790e-02
  -5.7642900e-02
  -5.6687840e-02
  -5.5924100e-02
  -5.5279320e-02
  -5.4628300e-02
  -5.3868940e-02
  -5.2961830e-02
  -5.1912020e-02
  -5.0718060e-02
  -4.9384460e-02
  -4.7952450e-02
  -4.6492290e-02
  -4.5076840e-02
  -4.3752530e-02
  -4.2526190e-02
  -4.1362790e-02
  -4.0211890e-02
  -3.9038290e-02
  -3.7826890e-02
  -3.6574060e-02
  -3.5294270e-02
  -3.4036950e-02
  -3.2833110e-02
  -3.1659430e-02
  -3.0463670e-02
  -2.9184530e-02
  -2.7774680e-02
  -2.6200820e-02
  -2.4428380e-02
  -2.2427350e-02
  -2.0196100e-02
  -1.7747140e-02
  -1.5106300e-02
  -1.2303720e-02
  -9.3617170e-03
  -6.2717150e-03
  -3.0475800e-03
   2.3065790e-04
   3.4466790e-03
   6.4905750e-03
   9.2872170e-03
   1.1784760e-02
   1.3911580e-02
   1.5549540e-02
   1.6571020e-02
   1.6911290e-02
   1.6587650e-02
   1.5668090e-02
   1.4225810e-02
   1.2304080e-02
   9.9479950e-03
   7.2322460e-03
   4.2880380e-03
   1.2833140e-03
  -1.6008120e-03
  -4.2021830e-03
  -6.4265270e-03
  -8.2623900e-03
  -9.7446840e-03
  -1.0902940e-02
  -1.1740910e-02
  -1.2221110e-02
  -1.2300090e-02
  -1.1968530e-02
  -1.1269750e-02
  -1.0282340e-02
  -9.0581880e-03
  -7.5954310e-03
  -5.8569310e-03
  -3.8292540e-03
  -1.5848330e-03
   7.2329950e-04
   2.9445800e-03
   4.9783660e-03
   6.7703880e-03
   8.3184050e-03
   9.6588680e-03
   1.0829960e-02
   1.1836930e-02
   1.2674390e-02
   1.3384610e-02
   1.4094010e-02
   1.4994360e-02
   1.6237520e-02
   1.7875690e-02
   1.9876710e-02
   2.2130070e-02
   2.4518000e-02
   2.7013530e-02
   2.9669160e-02
   3.2498330e-02
   3.5412340e-02
   3.8277510e-02
   4.0998690e-02
   4.3529460e-02
   4.5822040e-02
   4.7804460e-02
   4.9399420e-02
   5.0550930e-02
   5.1242700e-02
   5.1490460e-02
   5.1326140e-02
   5.0799990e-02
   4.9961980e-02
   4.8851900e-02
   4.7527460e-02
   4.6075840e-02
   4.4589900e-02
   4.3151810e-02
   4.1791270e-02
   4.0509280e-02
   3.9334380e-02
   3.8329050e-02
   3.7544150e-02
   3.6976260e-02
   3.6585720e-02
   3.6322290e-02
   3.6163940e-02
   3.6163830e-02
   3.6419180e-02
   3.6978120e-02
   3.7800480e-02
   3.8814890e-02
   3.9967520e-02
   4.1208150e-02
   4.2454400e-02
   4.3603060e-02
   4.4578880e-02
   4.5366890e-02
   4.5995270e-02
   4.6518680e-02
   4.6988890e-02
   4.7428120e-02
   4.7828020e-02
   4.8141010e-02
   4.8296750e-02
   4.8252990e-02
   4.7997430e-02
   4.7493060e-02
   4.6658890e-02
   4.5398590e-02
   4.3630640e-02
   4.1336030e-02
   3.8559280e-02
   3.5363210e-02
   3.1798390e-02
   2.7892350e-02
   2.3653880e-02
   1.9137860e-02
   1.4469520e-02
   9.7892310e-03
   5.2393060e-03
   9.7677590e-04
  -2.8742260e-03
  -6.2676040e-03
  -9.2040280e-03
  -1.1713550e-02
  -1.3833110e-02
  -1.5591420e-02
  -1.7019960e-02
  -1.8140600e-02
  -1.8958790e-02
  -1.9474060e-02
  -1.9694290e-02
  -1.9647600e-02
  -1.9380960e-02
  -1.8959720e-02
  -1.8471490e-02
  -1.7994590e-02
  -1.7574270e-02
  -1.7211760e-02
  -1.6865030e-02
  -1.6502700e-02
  -1.6146310e-02
  -1.5845950e-02
  -1.5638790e-02
  -1.5541810e-02
  -1.5554750e-02
  -1.5625510e-02
  -1.5612570e-02
  -1.5337320e-02
  -1.4698780e-02
  -1.3720910e-02
  -1.2524750e-02
  -1.1227020e-02
  -9.8807040e-03
  -8.4817390e-03
  -6.9922830e-03
  -5.3642710e-03
  -3.5967890e-03
  -1.7939530e-03
  -1.1408030e-04
   1.3123410e-03
   2.4376100e-03
   3.2876320e-03
   3.9430830e-03
   4.5243450e-03
   5.1675810e-03
   5.9652450e-03
   6.9148390e-03
   7.9649290e-03
   9.0800510e-03
   1.0247030e-02
   1.1452860e-02
   1.2667180e-02
   1.3836070e-02
   1.4892420e-02
   1.5794560e-02
   1.6557510e-02
   1.7223690e-02
   1.7761530e-02
   1.8013740e-02
   1.7784880e-02
   1.6962960e-02
   1.5559110e-02
   1.3655020e-02
   1.1340170e-02
   8.6925200e-03
   5.7843940e-03
   2.6980490e-03
  -4.6749210e-04
  -3.6283680e-03
  -6.7323780e-03
  -9.7484160e-03
  -1.2655120e-02
  -1.5467320e-02
  -1.8251570e-02
  -2.1069620e-02
  -2.3911890e-02
  -2.6702080e-02
  -2.9370300e-02
  -3.1888590e-02
  -3.4266800e-02
  -3.6502530e-02
  -3.8531290e-02
  -4.0246310e-02
  -4.1565370e-02
  -4.2484760e-02
  -4.3048610e-02
  -4.3314990e-02
  -4.3347920e-02
  -4.3204860e-02
  -4.2913610e-02
  -4.2484470e-02
  -4.1918410e-02
  -4.1214500e-02
  -4.0398770e-02
  -3.9533970e-02
  -3.8711140e-02
  -3.8058130e-02
  -3.7733560e-02
  -3.7853290e-02
  -3.8454640e-02
  -3.9524090e-02
  -4.1023740e-02
  -4.2877780e-02
  -4.4965990e-02
  -4.7154430e-02
  -4.9331810e-02
  -5.1410320e-02
  -5.3298600e-02
  -5.4899900e-02
  -5.6132070e-02
  -5.6961210e-02
  -5.7375090e-02
  -5.7357680e-02
  -5.6900810e-02
  -5.6015110e-02
  -5.4738810e-02
  -5.3115260e-02
  -5.1174430e-02
  -4.8921250e-02
  -4.6362840e-02
  -4.3549400e-02
  -4.0606460e-02
  -3.7702430e-02
  -3.4954460e-02
  -3.2407420e-02
  -3.0064120e-02
  -2.7912110e-02
  -2.5965950e-02
  -2.4267840e-02
  -2.2835280e-02
  -2.1620700e-02
  -2.0540390e-02
  -1.9523620e-02
  -1.8555410e-02
  -1.7674660e-02
  -1.6939700e-02
  -1.6406350e-02
  -1.6116460e-02
  -1.6061050e-02
  -1.6150200e-02
  -1.6231560e-02
  -1.6137770e-02
  -1.5747040e-02
  -1.5016970e-02
  -1.3966390e-02
  -1.2659100e-02
  -1.1171140e-02
  -9.5486880e-03
  -7.7921680e-03
  -5.8842070e-03
  -3.8098240e-03
  -1.5816100e-03
   7.6789100e-04
   3.1852730e-03
   5.5957670e-03
   7.9312430e-03
   1.0106690e-02
   1.2027050e-02
   1.3614040e-02
   1.4855460e-02
   1.5809630e-02
   1.6595130e-02
   1.7334230e-02
   1.8092170e-02
   1.8882970e-02
   1.9696890e-02
   2.0527690e-02
   2.1392480e-02
   2.2309000e-02
   2.3258840e-02
   2.4163670e-02
   2.4919150e-02
   2.5421070e-02
   2.5552410e-02
   2.5194600e-02
   2.4294410e-02
   2.2900720e-02
   2.1103370e-02
   1.8964070e-02
   1.6526180e-02
   1.3892980e-02
   1.1221900e-02
   8.6601330e-03
   6.3285240e-03
   4.3233970e-03
   2.7039950e-03
   1.4639450e-03
   5.6560170e-04
  -3.1617230e-05
  -3.8518670e-04
  -5.6696830e-04
  -6.4113990e-04
  -6.3409770e-04
  -5.1608800e-04
  -2.5273340e-04
   2.0419590e-04
   9.1921080e-04
   1.8948250e-03
   3.0316970e-03
   4.1945260e-03
   5.2976130e-03
   6.3167110e-03
   7.2391160e-03
   8.0325130e-03
   8.6554040e-03
   9.0948390e-03
   9.3932020e-03
   9.6427930e-03
   9.9322100e-03
   1.0289810e-02
   1.0686220e-02
   1.1083770e-02
   1.1472540e-02
   1.1855870e-02
   1.2213980e-02
   1.2505350e-02
   1.2683860e-02
   1.2701400e-02
   1.2534290e-02
   1.2205630e-02
   1.1784470e-02
   1.1349160e-02
   1.0939670e-02
   1.0531940e-02
   1.0069010e-02
   9.5052320e-03
   8.8058340e-03
   7.9559450e-03
   6.9619340e-03
   5.8394620e-03
   4.5872840e-03
   3.1968670e-03
   1.6571800e-03
  -5.9195860e-05
  -1.9651720e-03
  -4.0238320e-03
  -6.1696230e-03
  -8.3403340e-03
  -1.0483790e-02
  -1.2576000e-02
  -1.4594120e-02
  -1.6476320e-02
  -1.8135100e-02
  -1.9492700e-02
  -2.0514070e-02
  -2.1197730e-02
  -2.1544170e-02
  -2.1560820e-02
  -2.1291570e-02
  -2.0824680e-02
  -2.0241860e-02
  -1.9591930e-02
  -1.8890590e-02
  -1.8136050e-02
  -1.7349750e-02
  -1.6584610e-02
  -1.5932430e-02
  -1.5482350e-02
  -1.5287270e-02
  -1.5360310e-02
  -1.5702980e-02
  -1.6319540e-02
  -1.7182660e-02
  -1.8218960e-02
  -1.9354750e-02
  -2.0546430e-02
  -2.1752780e-02
  -2.2910200e-02
  -2.3947730e-02
  -2.4822860e-02
  -2.5532350e-02
  -2.6089730e-02
  -2.6492950e-02
  -2.6720760e-02
  -2.6754340e-02
  -2.6587410e-02
  -2.6257600e-02
  -2.5847400e-02
  -2.5433070e-02
  -2.5078370e-02
  -2.4854980e-02
  -2.4824990e-02
  -2.5019410e-02
  -2.5437000e-02
  -2.6046960e-02
  -2.6797950e-02
  -2.7626860e-02
  -2.8467280e-02
  -2.9264440e-02
  -2.9980170e-02
  -3.0582490e-02
  -3.1058180e-02
  -3.1431590e-02
  -3.1754400e-02
  -3.2076810e-02
  -3.2405190e-02
  -3.2721280e-02
  -3.3030250e-02
  -3.3340040e-02
  -3.3637580e-02
  -3.3878280e-02
  -3.3979510e-02
  -3.3858600e-02
  -3.3459620e-02
  -3.2761700e-02
  -3.1772720e-02
  -3.0498720e-02
  -2.8945250e-02
  -2.7122050e-02
  -2.5042730e-02
  -2.2710380e-02
  -2.0135050e-02
  -1.7358390e-02
  -1.4434900e-02
  -1.1429080e-02
  -8.4214420e-03
  -5.5215170e-03
  -2.8602760e-03
  -5.3749300e-04
   1.4234740e-03
   3.0666190e-03
   4.4594920e-03
   5.6616390e-03
   6.7227330e-03
   7.6970210e-03
   8.6556970e-03
   9.6673430e-03
   1.0784770e-02
   1.2023290e-02
   1.3353220e-02
   1.4741340e-02
   1.6155430e-02
   1.7569950e-02
   1.8969520e-02
   2.0328580e-02
   2.1606650e-02
   2.2768560e-02
   2.3791290e-02
   2.4658170e-02
   2.5370600e-02
   2.5962290e-02
   2.6459850e-02
   2.6854020e-02
   2.7120460e-02
   2.7254050e-02
   2.7279890e-02
   2.7249870e-02
   2.7227370e-02
   2.7250270e-02
   2.7310230e-02
   2.7396600e-02
   2.7507810e-02
   2.7627230e-02
   2.7731670e-02
   2.7789540e-02
   2.7754720e-02
   2.7577110e-02
   2.7235250e-02
   2.6748810e-02
   2.6180260e-02
   2.5617340e-02
   2.5137630e-02
   2.4794010e-02
   2.4611100e-02
   2.4577100e-02
   2.4658410e-02
   2.4816940e-02
   2.5019620e-02
   2.5229390e-02
   2.5390600e-02
   2.5441500e-02
   2.5343260e-02
   2.5065640e-02
   2.4562120e-02
   2.3765490e-02
   2.2648540e-02
   2.1246360e-02
   1.9613530e-02
   1.7795330e-02
   1.5823510e-02
   1.3726620e-02
   1.1563990e-02
   9.4189730e-03
   7.3826200e-03
   5.5293830e-03
   3.8966590e-03
   2.5124710e-03
   1.3953510e-03
   5.3317230e-04
  -9.4263570e-05
  -5.0399770e-04
  -7.1818390e-04
  -7.9301290e-04
  -8.1259110e-04
  -8.6220770e-04
  -9.6352090e-04
  -1.0640610e-03
  -1.1051170e-03
  -1.0547020e-03
  -9.1435370e-04
  -7.1857450e-04
  -5.3284830e-04
  -4.1649320e-04
  -4.1884630e-04
  -5.6718820e-04
  -8.4926750e-04
  -1.2400670e-03
  -1.7129950e-03
  -2.2374330e-03
  -2.7266960e-03
  -3.0530300e-03
  -3.1238380e-03
  -2.9006430e-03
  -2.3792600e-03
  -1.5680780e-03
  -5.0339210e-04
   7.4794380e-04
   2.1027140e-03
   3.4626460e-03
   4.7494500e-03
   5.9062450e-03
   6.8824030e-03
   7.6243830e-03
   8.0796470e-03
   8.2365330e-03
   8.1229990e-03
   7.7605210e-03
   7.1794270e-03
   6.4188450e-03
   5.5057070e-03
   4.4511960e-03
   3.2239510e-03
   1.7729290e-03
   8.1068830e-05
  -1.8052090e-03
  -3.7855530e-03
  -5.7358190e-03
  -7.5800030e-03
  -9.3400820e-03
  -1.1094330e-02
  -1.2885070e-02
  -1.4663600e-02
  -1.6313830e-02
  -1.7760850e-02
  -1.9037460e-02
  -2.0238520e-02
  -2.1436410e-02
  -2.2639920e-02
  -2.3820270e-02
  -2.4936080e-02
  -2.5979530e-02
  -2.7005060e-02
  -2.8073300e-02
  -2.9173480e-02
  -3.0217030e-02
  -3.1103540e-02
  -3.1816050e-02
  -3.2446860e-02
  -3.3119220e-02
  -3.3901210e-02
  -3.4778770e-02
  -3.5665940e-02
  -3.6468170e-02
  -3.7118280e-02
  -3.7594380e-02
  -3.7926040e-02
  -3.8144870e-02
  -3.8229910e-02
  -3.8123670e-02
  -3.7788500e-02
  -3.7210420e-02
  -3.6400980e-02
  -3.5388850e-02
  -3.4201340e-02
  -3.2875060e-02
  -3.1439580e-02
  -2.9905540e-02
  -2.8282500e-02
  -2.6596410e-02
  -2.4893180e-02
  -2.3208750e-02
  -2.1534010e-02
  -1.9827890e-02
  -1.8079180e-02
  -1.6325070e-02
  -1.4628510e-02
  -1.3029170e-02
  -1.1541760e-02
  -1.0158240e-02
  -8.8478690e-03
  -7.5889640e-03
  -6.3872350e-03
  -5.2682400e-03
  -4.2405390e-03
  -3.2565190e-03
  -2.2416170e-03
  -1.1558040e-03
  -2.2699370e-05
   1.1129410e-03
   2.2282410e-03
   3.3157740e-03
   4.3664920e-03
   5.3754400e-03
   6.3465850e-03
   7.2915100e-03
   8.2412230e-03
   9.2301330e-03
   1.0274560e-02
   1.1362060e-02
   1.2449730e-02
   1.3483250e-02
   1.4417030e-02
   1.5225540e-02
   1.5895020e-02
   1.6421500e-02
   1.6810200e-02
   1.7065790e-02
   1.7210840e-02
   1.7314580e-02
   1.7484690e-02
   1.7835030e-02
   1.8427860e-02
   1.9259940e-02
   2.0317640e-02
   2.1581360e-02
   2.3020660e-02
   2.4620370e-02
   2.6399800e-02
   2.8380330e-02
   3.0522710e-02
   3.2734430e-02
   3.4926450e-02
   3.7063770e-02
   3.9163740e-02
   4.1268070e-02
   4.3407730e-02
   4.5582810e-02
   4.7758400e-02
   4.9901610e-02
   5.2000830e-02
   5.4045720e-02
   5.6007470e-02
   5.7847180e-02
   5.9529280e-02
   6.1010190e-02
   6.2211980e-02
   6.3047840e-02
   6.3489110e-02
   6.3575890e-02
   6.3359700e-02
   6.2867770e-02
   6.2099150e-02
   6.1059730e-02
   5.9819290e-02
   5.8501910e-02
   5.7200920e-02
   5.5941750e-02
   5.4698260e-02
   5.3475390e-02
   5.2348340e-02
   5.1394720e-02
   5.0632240e-02
   5.0023940e-02
   4.9508010e-02
   4.8988880e-02
   4.8359620e-02
   4.7531540e-02
   4.6454540e-02
   4.5125210e-02
   4.3584730e-02
   4.1897340e-02
   4.0116540e-02
   3.8255950e-02
   3.6311990e-02
   3.4324970e-02
   3.2393810e-02
   3.0621370e-02
   2.9072740e-02
   2.7769550e-02
   2.6728050e-02
   2.5966780e-02
   2.5484560e-02
   2.5261470e-02
   2.5285080e-02
   2.5549530e-02
   2.6051450e-02
   2.6781170e-02
   2.7713880e-02
   2.8815740e-02
   3.0055400e-02
   3.1393140e-02
   3.2757760e-02
   3.4061440e-02
   3.5209500e-02
   3.6102760e-02
   3.6706670e-02
   3.7058670e-02
   3.7205820e-02
   3.7178130e-02
   3.7020140e-02
   3.6796290e-02
   3.6564120e-02
   3.6353610e-02
   3.6189630e-02
   3.6093810e-02
   3.6056730e-02
   3.6050910e-02
   3.6048830e-02
   3.6039550e-02
   3.6028540e-02
   3.6010180e-02
   3.5983030e-02
   3.5933220e-02
   3.5826710e-02
   3.5633780e-02
   3.5328960e-02
   3.4890270e-02
   3.4306580e-02
   3.3584950e-02
   3.2749720e-02
   3.1818450e-02
   3.0800330e-02
   2.9725080e-02
   2.8648230e-02
   2.7607690e-02
   2.6593020e-02
   2.5553300e-02
   2.4442940e-02
   2.3256910e-02
   2.2012070e-02
   2.0708750e-02
   1.9338240e-02
   1.7893570e-02
   1.6366780e-02
   1.4745270e-02
   1.3036570e-02
   1.1277710e-02
   9.4933470e-03
   7.7209350e-03
   6.0254310e-03
   4.4757500e-03
   3.1200960e-03
   1.9879470e-03
   1.0835250e-03
   3.7201660e-04
  -1.7864020e-04
  -5.7712200e-04
  -8.0647940e-04
  -8.4646780e-04
  -6.8279390e-04
  -3.0977310e-04
   2.7871430e-04
   1.0913220e-03
   2.1096090e-03
   3.2932770e-03
   4.6089190e-03
   6.0022230e-03
   7.4218450e-03
   8.8418920e-03
   1.0245810e-02
   1.1597810e-02
   1.2848420e-02
   1.3942290e-02
   1.4802520e-02
   1.5341200e-02
   1.5493370e-02
   1.5237950e-02
   1.4609050e-02
   1.3663440e-02
   1.2461480e-02
   1.1064880e-02
   9.5422920e-03
   7.9617000e-03
   6.3510520e-03
   4.7263680e-03
   3.1202260e-03
   1.5641950e-03
   8.0294570e-05
  -1.3175000e-03
  -2.6034890e-03
  -3.7528800e-03
  -4.7678000e-03
  -5.6634540e-03
  -6.4557590e-03
  -7.1636820e-03
  -7.8024770e-03
  -8.3797220e-03
  -8.9024170e-03
  -9.3905270e-03
  -9.8854090e-03
  -1.0423870e-02
  -1.1003970e-02
  -1.1609750e-02
  -1.2262360e-02
  -1.3009160e-02
  -1.3870340e-02
  -1.4836610e-02
  -1.5906340e-02
  -1.7075960e-02
  -1.8326220e-02
  -1.9635060e-02
  -2.0958690e-02
  -2.2233640e-02
  -2.3408750e-02
  -2.4468610e-02
  -2.5439730e-02
  -2.6348190e-02
  -2.7169560e-02
  -2.7845410e-02
  -2.8329450e-02
  -2.8599960e-02
  -2.8680990e-02
  -2.8612800e-02
  -2.8435380e-02
  -2.8206660e-02
  -2.7962150e-02
  -2.7716910e-02
  -2.7516360e-02
  -2.7424420e-02
  -2.7472650e-02
  -2.7655260e-02
  -2.7949870e-02
  -2.8329720e-02
  -2.8772630e-02
  -2.9248190e-02
  -2.9716310e-02
  -3.0151000e-02
  -3.0548270e-02
  -3.0923630e-02
  -3.1284040e-02
  -3.1633520e-02
  -3.1999810e-02
  -3.2392570e-02
  -3.2780700e-02
  -3.3136340e-02
  -3.3450190e-02
  -3.3716550e-02
  -3.3922900e-02
  -3.4063330e-02
  -3.4167700e-02
  -3.4295160e-02
  -3.4491010e-02
  -3.4762170e-02
  -3.5100430e-02
  -3.5502920e-02
  -3.5977730e-02
  -3.6529170e-02
  -3.7145900e-02
  -3.7819200e-02
  -3.8561350e-02
  -3.9407150e-02
  -4.0375420e-02
  -4.1440810e-02
  -4.2554580e-02
  -4.3673560e-02
  -4.4759200e-02
  -4.5764650e-02
  -4.6650780e-02
  -4.7391520e-02
  -4.7954130e-02
  -4.8302530e-02
  -4.8408530e-02
  -4.8263200e-02
  -4.7877960e-02
  -4.7264270e-02
  -4.6426840e-02
  -4.5382410e-02
  -4.4144130e-02
  -4.2711510e-02
  -4.1093730e-02
  -3.9295500e-02
  -3.7311610e-02
  -3.5150500e-02
  -3.2836680e-02
  -3.0403370e-02
  -2.7895480e-02
  -2.5364040e-02
  -2.2874040e-02
  -2.0502090e-02
  -1.8325450e-02
  -1.6396630e-02
  -1.4732650e-02
  -1.3322780e-02
  -1.2174800e-02
  -1.1318260e-02
  -1.0761290e-02
  -1.0479840e-02
  -1.0428270e-02
  -1.0554810e-02
  -1.0827350e-02
  -1.1234350e-02
  -1.1759160e-02
  -1.2356240e-02
  -1.2967040e-02
  -1.3542300e-02
  -1.4009160e-02
  -1.4285610e-02
  -1.4339720e-02
  -1.4160320e-02
  -1.3729880e-02
  -1.3041820e-02
  -1.2136140e-02
  -1.1079680e-02
  -9.9270170e-03
  -8.7293880e-03
  -7.5365000e-03
  -6.4012920e-03
  -5.3732900e-03
  -4.4684980e-03
  -3.6597810e-03
  -2.8874300e-03
  -2.0994520e-03
  -1.2577060e-03
  -3.3134680e-04
   6.9833830e-04
   1.8290530e-03
   3.0511900e-03
   4.3537830e-03
   5.7294720e-03
   7.1775430e-03
   8.6804770e-03
   1.0197680e-02
   1.1700750e-02
   1.3140780e-02
   1.4440390e-02
   1.5539980e-02
   1.6433900e-02
   1.7120150e-02
   1.7565710e-02
   1.7733130e-02
   1.7606490e-02
   1.7201420e-02
   1.6558430e-02
   1.5736580e-02
   1.4803520e-02
   1.3821410e-02
   1.2803340e-02
   1.1708700e-02
   1.0501300e-02
   9.1754720e-03
   7.7544440e-03
   6.2818930e-03
   4.8124250e-03
   3.3991080e-03
   2.0778100e-03
   8.4968360e-04
  -3.2733410e-04
  -1.5005380e-03
  -2.6844030e-03
  -3.8469030e-03
  -4.9157910e-03
  -5.8231460e-03
  -6.5331420e-03
  -7.0658070e-03
  -7.4840440e-03
  -7.8385120e-03
  -8.1478870e-03
  -8.4223350e-03
  -8.6745470e-03
  -8.9234950e-03
  -9.2126480e-03
  -9.5696440e-03
  -9.9718730e-03
  -1.0370040e-02
  -1.0721810e-02
  -1.1009050e-02
  -1.1241570e-02
  -1.1449590e-02
  -1.1678680e-02
  -1.1964500e-02
  -1.2302580e-02
  -1.2662290e-02
  -1.3043870e-02
  -1.3489640e-02
  -1.4055540e-02
  -1.4768220e-02
  -1.5606790e-02
  -1.6536450e-02
  -1.7498950e-02
  -1.8403690e-02
  -1.9169070e-02
  -1.9763520e-02
  -2.0211920e-02
  -2.0559100e-02
  -2.0825900e-02
  -2.0988630e-02
  -2.0986520e-02
  -2.0754860e-02
  -2.0237590e-02
  -1.9397400e-02
  -1.8228060e-02
  -1.6759100e-02
  -1.5045260e-02
  -1.3128850e-02
  -1.1038340e-02
  -8.8299000e-03
  -6.6019470e-03
  -4.4680680e-03
  -2.5199080e-03
  -8.1855950e-04
   5.8738300e-04
   1.6564080e-03
   2.3904970e-03
   2.8314880e-03
   3.0203930e-03
   3.0001430e-03
   2.8120710e-03
   2.5166510e-03
   2.2025820e-03
   1.9436400e-03
   1.7809860e-03
   1.7458560e-03
   1.8894610e-03
   2.2623640e-03
   2.8916580e-03
   3.7724420e-03
   4.8652610e-03
   6.1203290e-03
   7.4916940e-03
   8.9429820e-03
   1.0444070e-02
   1.1966460e-02
   1.3476890e-02
   1.4920430e-02
   1.6227010e-02
   1.7334850e-02
   1.8202520e-02
   1.8795140e-02
   1.9073610e-02
   1.8992030e-02
   1.8536470e-02
   1.7730520e-02
   1.6618570e-02
   1.5279530e-02
   1.3832440e-02
   1.2413860e-02
   1.1136940e-02
   1.0060460e-02
   9.1944760e-03
   8.5198090e-03
   8.0059970e-03
   7.5985270e-03
   7.2382700e-03
   6.8837080e-03
   6.4757050e-03
   5.9513750e-03
   5.2909910e-03
   4.5422530e-03
   3.7670310e-03
   3.0026410e-03
   2.2694840e-03
   1.5818940e-03
   9.5298390e-04
   4.0256100e-04
  -5.2394200e-05
  -3.8821940e-04
  -5.6959210e-04
  -5.6784400e-04
  -3.5115020e-04
   1.1311870e-04
   8.2860520e-04
   1.7793160e-03
   2.9235100e-03
   4.1872010e-03
   5.5067990e-03
   6.8445000e-03
   8.1805320e-03
   9.5126650e-03
   1.0857150e-02
   1.2216770e-02
   1.3561160e-02
   1.4847380e-02
   1.6032120e-02
   1.7083540e-02
   1.8004970e-02
   1.8823690e-02
   1.9515200e-02
   1.9982070e-02
   2.0159640e-02
   2.0091520e-02
   1.9863150e-02
   1.9546420e-02
   1.9202730e-02
   1.8869650e-02
   1.8546230e-02
   1.8236520e-02
   1.7970300e-02
   1.7766450e-02
   1.7628800e-02
   1.7581120e-02
   1.7642510e-02
   1.7788080e-02
   1.7971290e-02
   1.8176950e-02
   1.8419450e-02
   1.8730770e-02
   1.9128510e-02
   1.9567710e-02
   1.9993300e-02
   2.0392830e-02
   2.0807490e-02
   2.1294860e-02
   2.1863900e-02
   2.2475110e-02
   2.3067780e-02
   2.3597450e-02
   2.4066040e-02
   2.4500260e-02
   2.4928030e-02
   2.5364100e-02
   2.5813020e-02
   2.6282660e-02
   2.6780060e-02
   2.7295920e-02
   2.7813610e-02
   2.8332220e-02
   2.8859780e-02
   2.9410570e-02
   3.0000800e-02
   3.0634610e-02
   3.1306590e-02
   3.1996430e-02
   3.2683060e-02
   3.3354790e-02
   3.4011490e-02
   3.4671810e-02
   3.5378690e-02
   3.6159730e-02
   3.6997990e-02
   3.7885870e-02
   3.8859690e-02
   3.9966090e-02
   4.1211650e-02
   4.2561350e-02
   4.3986490e-02
   4.5515040e-02
   4.7172930e-02
   4.8927090e-02
   5.0726150e-02
   5.2538200e-02
   5.4348220e-02
   5.6138500e-02
   5.7878400e-02
   5.9523500e-02
   6.1029620e-02
   6.2362030e-02
   6.3496910e-02
   6.4427540e-02
   6.5142590e-02
   6.5604870e-02
   6.5775710e-02
   6.5639690e-02
   6.5203320e-02
   6.4487540e-02
   6.3522720e-02
   6.2358620e-02
   6.1046390e-02
   5.9622140e-02
   5.8107620e-02
   5.6535000e-02
   5.4943850e-02
   5.3357720e-02
   5.1784350e-02
   5.0249230e-02
   4.8790800e-02
   4.7400960e-02
   4.6045070e-02
   4.4701630e-02
   4.3350360e-02
   4.1955920e-02
   4.0475870e-02
   3.8867010e-02
   3.7084870e-02
   3.5105800e-02
   3.2947810e-02
   3.0668530e-02
   2.8307890e-02
   2.5867090e-02
   2.3303390e-02
   2.0557160e-02
   1.7609760e-02
   1.4480350e-02
   1.1202370e-02
   7.8309270e-03
   4.4328790e-03
   1.0760020e-03
  -2.1593140e-03
  -5.1761120e-03
  -7.8936100e-03
  -1.0260130e-02
  -1.2261940e-02
  -1.3908600e-02
  -1.5256290e-02
  -1.6385680e-02
  -1.7353830e-02
  -1.8185540e-02
  -1.8917550e-02
  -1.9600800e-02
  -2.0261490e-02
  -2.0906930e-02
  -2.1545750e-02
  -2.2182970e-02
  -2.2801140e-02
  -2.3364960e-02
  -2.3852790e-02
  -2.4279170e-02
  -2.4672760e-02
  -2.5053550e-02
  -2.5441650e-02
  -2.5862720e-02
  -2.6325890e-02
  -2.6801530e-02
  -2.7255540e-02
  -2.7663830e-02
  -2.8020140e-02
  -2.8339030e-02
  -2.8637460e-02
  -2.8923880e-02
  -2.9192980e-02
  -2.9463420e-02
  -2.9757830e-02
  -3.0069580e-02
  -3.0369510e-02
  -3.0637920e-02
  -3.0903310e-02
  -3.1217040e-02
  -3.1604710e-02
  -3.2042030e-02
  -3.2492060e-02
  -3.2935970e-02
  -3.3363680e-02
  -3.3752160e-02
  -3.4050060e-02
  -3.4208130e-02
  -3.4190150e-02
  -3.3967730e-02
  -3.3533790e-02
  -3.2911520e-02
  -3.2147590e-02
  -3.1303410e-02
  -3.0429290e-02
  -2.9569470e-02
  -2.8794340e-02
  -2.8184320e-02
  -2.7810750e-02
  -2.7711740e-02
  -2.7870010e-02
  -2.8225060e-02
  -2.8702200e-02
  -2.9225710e-02
  -2.9715590e-02
  -3.0087230e-02
  -3.0262710e-02
  -3.0202930e-02
  -2.9910200e-02
  -2.9405850e-02
  -2.8716160e-02
  -2.7888400e-02
  -2.6974070e-02
  -2.5998140e-02
  -2.4975430e-02
  -2.3934070e-02
  -2.2906550e-02
  -2.1926760e-02
  -2.1033360e-02
  -2.0257960e-02
  -1.9621790e-02
  -1.9135200e-02
  -1.8795960e-02
  -1.8588820e-02
  -1.8499070e-02
  -1.8508810e-02
  -1.8606860e-02
  -1.8778390e-02
  -1.8978780e-02
  -1.9160310e-02
  -1.9328060e-02
  -1.9519400e-02
  -1.9748440e-02
  -2.0021120e-02
  -2.0363390e-02
  -2.0807980e-02
  -2.1384100e-02
  -2.2107230e-02
  -2.2984100e-02
  -2.4025430e-02
  -2.5223420e-02
  -2.6539470e-02
  -2.7889130e-02
  -2.9185390e-02
  -3.0389210e-02
  -3.1489470e-02
  -3.2480560e-02
  -3.3355830e-02
  -3.4112640e-02
  -3.4743810e-02
  -3.5238800e-02
  -3.5618780e-02
  -3.5923700e-02
  -3.6176540e-02
  -3.6385670e-02
  -3.6549530e-02
  -3.6639150e-02
  -3.6604650e-02
  -3.6399180e-02
  -3.5992400e-02
  -3.5381660e-02
  -3.4582100e-02
  -3.3592510e-02
  -3.2401150e-02
  -3.1009810e-02
  -2.9444310e-02
  -2.7740360e-02
  -2.5943080e-02
  -2.4097480e-02
  -2.2218150e-02
  -2.0316680e-02
  -1.8446100e-02
  -1.6679750e-02
  -1.5056920e-02
  -1.3574890e-02
  -1.2247820e-02
  -1.1106960e-02
  -1.0156190e-02
  -9.3768660e-03
  -8.7587130e-03
  -8.2963000e-03
  -7.9860400e-03
  -7.8231060e-03
  -7.7876400e-03
  -7.8443370e-03
  -7.9519500e-03
  -8.0743340e-03
  -8.1761910e-03
  -8.2407020e-03
  -8.2857100e-03
  -8.3521490e-03
  -8.4678310e-03
  -8.6095840e-03
  -8.7281060e-03
  -8.7737790e-03
  -8.7187660e-03
  -8.5823840e-03
  -8.4026390e-03
  -8.2090980e-03
  -8.0244870e-03
  -7.8783910e-03
  -7.8026400e-03
  -7.8277570e-03
  -7.9733900e-03
  -8.2338360e-03
  -8.5987090e-03
  -9.0587760e-03
  -9.6011420e-03
  -1.0219150e-02
  -1.0901890e-02
  -1.1622750e-02
  -1.2350550e-02
  -1.3071950e-02
  -1.3790300e-02
  -1.4518750e-02
  -1.5274620e-02
  -1.6061790e-02
  -1.6855860e-02
  -1.7636070e-02
  -1.8412550e-02
  -1.9180710e-02
  -1.9910100e-02
  -2.0583830e-02
  -2.1195290e-02
  -2.1755920e-02
  -2.2284920e-02
  -2.2793520e-02
  -2.3289620e-02
  -2.3779450e-02
  -2.4255890e-02
  -2.4698720e-02
  -2.5070280e-02
  -2.5327750e-02
  -2.5452440e-02
  -2.5431170e-02
  -2.5228910e-02
  -2.4805870e-02
  -2.4154650e-02
  -2.3271530e-02
  -2.2111880e-02
  -2.0617200e-02
  -1.8770890e-02
  -1.6611620e-02
  -1.4196070e-02
  -1.1575900e-02
  -8.8263100e-03
  -6.0534350e-03
  -3.3568240e-03
  -8.0778380e-04
   1.5441770e-03
   3.6656590e-03
   5.5403950e-03
   7.1569060e-03
   8.5176550e-03
   9.6390250e-03
   1.0526460e-02
   1.1196230e-02
   1.1692380e-02
   1.2069670e-02
   1.2378990e-02
   1.2662720e-02
   1.2942110e-02
   1.3222980e-02
   1.3483120e-02
   1.3665580e-02
   1.3725880e-02
   1.3661600e-02
   1.3480760e-02
   1.3181290e-02
   1.2755150e-02
   1.2182230e-02
   1.1420120e-02
   1.0426340e-02
   9.1898920e-03
   7.7081440e-03
   5.9563220e-03
   3.9300000e-03
   1.6653270e-03
  -7.8418780e-04
  -3.3623510e-03
  -5.9916190e-03
  -8.5569710e-03
  -1.0923930e-02
  -1.2968740e-02
  -1.4574620e-02
  -1.5662460e-02
  -1.6213400e-02
  -1.6256690e-02
  -1.5867050e-02
  -1.5136360e-02
  -1.4161370e-02
  -1.3051810e-02
  -1.1908640e-02
  -1.0793520e-02
  -9.7378360e-03
  -8.7572870e-03
  -7.8590500e-03
  -7.0264500e-03
  -6.2289900e-03
  -5.4504780e-03
  -4.6910930e-03
  -3.9526790e-03
  -3.2456000e-03
  -2.6035090e-03
  -2.0632040e-03
  -1.6253370e-03
  -1.2394160e-03
  -8.4096080e-04
  -3.7412030e-04
   2.1003890e-04
   9.6703830e-04
   1.9284000e-03
   3.0996930e-03
   4.4740800e-03
   6.0249380e-03
   7.7292560e-03
   9.5833550e-03
   1.1572180e-02
   1.3638280e-02
   1.5684270e-02
   1.7618370e-02
   1.9358710e-02
   2.0824410e-02
   2.1980430e-02
   2.2835920e-02
   2.3412640e-02
   2.3757970e-02
   2.3944180e-02
   2.4054130e-02
   2.4147760e-02
   2.4235260e-02
   2.4309190e-02
   2.4389920e-02
   2.4527850e-02
   2.4783160e-02
   2.5214080e-02
   2.5844720e-02
   2.6643010e-02
   2.7539630e-02
   2.8473530e-02
   2.9393820e-02
   3.0238850e-02
   3.0973210e-02
   3.1610210e-02
   3.2180450e-02
   3.2710270e-02
   3.3223460e-02
   3.3748380e-02
   3.4311550e-02
   3.4964690e-02
   3.5769230e-02
   3.6723930e-02
   3.7766010e-02
   3.8814330e-02
   3.9800250e-02
   4.0662960e-02
   4.1371000e-02
   4.1930700e-02
   4.2344210e-02
   4.2615960e-02
   4.2747230e-02
   4.2733800e-02
   4.2597000e-02
   4.2376750e-02
   4.2132930e-02
   4.1919560e-02
   4.1761750e-02
   4.1656560e-02
   4.1581840e-02
   4.1514540e-02
   4.1436550e-02
   4.1342360e-02
   4.1248150e-02
   4.1182370e-02
   4.1155420e-02
   4.1154290e-02
   4.1142640e-02
   4.1077590e-02
   4.0927720e-02
   4.0664050e-02
   4.0264030e-02
   3.9708890e-02
   3.8976000e-02
   3.8029520e-02
   3.6836970e-02
   3.5401920e-02
   3.3760930e-02
   3.1978820e-02
   3.0138790e-02
   2.8326580e-02
   2.6617740e-02
   2.5081940e-02
   2.3766620e-02
   2.2707970e-02
   2.1933250e-02
   2.1440590e-02
   2.1198380e-02
   2.1132200e-02
   2.1126060e-02
   2.1067850e-02
   2.0866100e-02
   2.0451650e-02
   1.9769140e-02
   1.8765700e-02
   1.7404270e-02
   1.5682400e-02
   1.3639970e-02
   1.1334760e-02
   8.8331320e-03
   6.2154460e-03
   3.5673330e-03
   9.8355190e-04
  -1.4412450e-03
  -3.6195660e-03
  -5.4813940e-03
  -6.9858430e-03
  -8.1380720e-03
  -8.9756010e-03
  -9.5616820e-03
  -9.9693010e-03
  -1.0273720e-02
  -1.0541470e-02
  -1.0814570e-02
  -1.1116030e-02
  -1.1464660e-02
  -1.1859080e-02
  -1.2262620e-02
  -1.2650250e-02
  -1.3021050e-02
  -1.3361140e-02
  -1.3645110e-02
  -1.3883010e-02
  -1.4114770e-02
  -1.4370790e-02
  -1.4644670e-02
  -1.4923090e-02
  -1.5215280e-02
  -1.5508380e-02
  -1.5738170e-02
  -1.5851830e-02
  -1.5831930e-02
  -1.5676350e-02
  -1.5409650e-02
  -1.5078400e-02
  -1.4723840e-02
  -1.4376050e-02
  -1.4049770e-02
  -1.3764290e-02
  -1.3551680e-02
  -1.3428510e-02
  -1.3409150e-02
  -1.3487540e-02
  -1.3623660e-02
  -1.3759890e-02
  -1.3849370e-02
  -1.3845930e-02
  -1.3728150e-02
  -1.3547890e-02
  -1.3384200e-02
  -1.3281860e-02
  -1.3245000e-02
  -1.3291750e-02
  -1.3455210e-02
  -1.3759020e-02
  -1.4226910e-02
  -1.4869560e-02
  -1.5692970e-02
  -1.6695840e-02
  -1.7843730e-02
  -1.9065400e-02
  -2.0280520e-02
  -2.1439620e-02
  -2.2498680e-02
  -2.3404980e-02
  -2.4120270e-02
  -2.4608010e-02
  -2.4802190e-02
  -2.4641300e-02
  -2.4106640e-02
  -2.3212720e-02
  -2.2002900e-02
  -2.0549610e-02
  -1.8926840e-02
  -1.7208970e-02
  -1.5459460e-02
  -1.3716240e-02
  -1.2003570e-02
  -1.0357970e-02
  -8.8443800e-03
  -7.5232170e-03
  -6.4440460e-03
  -5.6406630e-03
  -5.1207980e-03
  -4.8767180e-03
  -4.8951320e-03
  -5.1238570e-03
  -5.4770800e-03
  -5.9000260e-03
  -6.3620370e-03
  -6.8408280e-03
  -7.3180490e-03
  -7.7474010e-03
  -8.0628330e-03
  -8.2139200e-03
  -8.1673990e-03
  -7.9184040e-03
  -7.4802880e-03
  -6.8567650e-03
  -6.0416080e-03
  -5.0432270e-03
  -3.9167670e-03
  -2.7660660e-03
  -1.6835270e-03
  -7.2618520e-04
   6.3513710e-05
   6.7010740e-04
   1.1002270e-03
   1.3702710e-03
   1.5051750e-03
   1.5371030e-03
   1.4971600e-03
   1.4248290e-03
   1.3510550e-03
   1.2746660e-03
   1.1843180e-03
   1.0689650e-03
   9.1370460e-04
   6.8484120e-04
   3.4036290e-04
  -1.2198010e-04
  -6.5980700e-04
  -1.2362610e-03
  -1.8437570e-03
  -2.4910010e-03
  -3.1691950e-03
  -3.8523140e-03
  -4.5076080e-03
  -5.1035640e-03
  -5.6245520e-03
  -6.0742520e-03
  -6.4623900e-03
  -6.7957610e-03
  -7.0915740e-03
  -7.3833910e-03
  -7.7040110e-03
  -8.0715610e-03
  -8.4843010e-03
  -8.9318680e-03
  -9.4127150e-03
  -9.9193240e-03
  -1.0432020e-02
  -1.0924990e-02
  -1.1364050e-02
  -1.1700590e-02
  -1.1888270e-02
  -1.1921370e-02
  -1.1805560e-02
  -1.1538080e-02
  -1.1115310e-02
  -1.0529580e-02
  -9.7778900e-03
  -8.8784330e-03
  -7.8756810e-03
  -6.8402910e-03
  -5.8555320e-03
  -4.9962950e-03
  -4.3008910e-03
  -3.7877070e-03
  -3.4862950e-03
  -3.4496290e-03
  -3.7535130e-03
  -4.4570190e-03
  -5.5524470e-03
  -6.9549170e-03
  -8.5261730e-03
  -1.0124480e-02
  -1.1645200e-02
  -1.2984930e-02
  -1.4041260e-02
  -1.4777190e-02
  -1.5210610e-02
  -1.5367310e-02
  -1.5277970e-02
  -1.4980140e-02
  -1.4548150e-02
  -1.4098520e-02
  -1.3739370e-02
  -1.3535190e-02
  -1.3501880e-02
  -1.3629220e-02
  -1.3910810e-02
  -1.4349630e-02
  -1.4939500e-02
  -1.5651720e-02
  -1.6440820e-02
  -1.7257700e-02
  -1.8053690e-02
  -1.8774450e-02
  -1.9354410e-02
  -1.9729950e-02
  -1.9870760e-02
  -1.9765230e-02
  -1.9408960e-02
  -1.8800700e-02
  -1.7947620e-02
  -1.6879170e-02
  -1.5644120e-02
  -1.4304660e-02
  -1.2902210e-02
  -1.1450780e-02
  -9.9713740e-03
  -8.5161910e-03
  -7.1458940e-03
  -5.8954620e-03
  -4.7803500e-03
  -3.8232950e-03
  -3.0471800e-03
  -2.4545050e-03
  -2.0170020e-03
  -1.6914480e-03
  -1.4579030e-03
  -1.3337810e-03
  -1.3381520e-03
  -1.4369860e-03
  -1.5572200e-03
  -1.6597510e-03
  -1.7390760e-03
  -1.7790360e-03
  -1.7618840e-03
  -1.6894330e-03
  -1.5809620e-03
  -1.4496110e-03
  -1.2878560e-03
  -1.0791720e-03
  -8.2216760e-04
  -5.3608590e-04
  -2.2996900e-04
   1.1667540e-04
   5.2241600e-04
   9.8459970e-04
   1.4838200e-03
   1.9886750e-03
   2.4530020e-03
   2.8406790e-03
   3.1351230e-03
   3.3111650e-03
   3.3481300e-03
   3.2273540e-03
   2.9291490e-03
   2.4288470e-03
   1.7212460e-03
   8.3274010e-04
  -1.8442170e-04
  -1.2754540e-03
  -2.4094630e-03
  -3.5800850e-03
  -4.7822370e-03
  -5.9927310e-03
  -7.1746920e-03
  -8.2926700e-03
  -9.3267190e-03
  -1.0291430e-02
  -1.1253110e-02
  -1.2274670e-02
  -1.3345540e-02
  -1.4396890e-02
  -1.5352970e-02
  -1.6183170e-02
  -1.6892560e-02
  -1.7472660e-02
  -1.7918740e-02
  -1.8260740e-02
  -1.8526240e-02
  -1.8710910e-02
  -1.8802120e-02
  -1.8815670e-02
  -1.8801750e-02
  -1.8828450e-02
  -1.8954490e-02
  -1.9204180e-02
  -1.9590010e-02
  -2.0113100e-02
  -2.0723960e-02
  -2.1343570e-02
  -2.1922780e-02
  -2.2478290e-02
  -2.3033950e-02
  -2.3582600e-02
  -2.4097440e-02
  -2.4543210e-02
  -2.4914350e-02
  -2.5233220e-02
  -2.5521180e-02
  -2.5784150e-02
  -2.6032900e-02
  -2.6284100e-02
  -2.6556150e-02
  -2.6851400e-02
  -2.7160470e-02
  -2.7495040e-02
  -2.7876620e-02
  -2.8306480e-02
  -2.8761910e-02
  -2.9205910e-02
  -2.9581030e-02
  -2.9855620e-02
  -3.0024560e-02
  -3.0072990e-02
  -2.9987200e-02
  -2.9780020e-02
  -2.9446790e-02
  -2.8958040e-02
  -2.8300400e-02
  -2.7492130e-02
  -2.6566760e-02
  -2.5570740e-02
  -2.4563260e-02
  -2.3587710e-02
  -2.2640210e-02
  -2.1672250e-02
  -2.0620770e-02
  -1.9444890e-02
  -1.8144450e-02
  -1.6729310e-02
  -1.5205390e-02
  -1.3597550e-02
  -1.1920220e-02
  -1.0183800e-02
  -8.4282120e-03
  -6.6960370e-03
  -4.9925620e-03
  -3.3033950e-03
  -1.6372520e-03
  -2.3822850e-05
   1.5275670e-03
   3.0348170e-03
   4.5205410e-03
   5.9883960e-03
   7.4262370e-03
   8.8177350e-03
   1.0152760e-02
   1.1424810e-02
   1.2628960e-02
   1.3743710e-02
   1.4748860e-02
   1.5635150e-02
   1.6391590e-02
   1.7029980e-02
   1.7583200e-02
   1.8070550e-02
   1.8502570e-02
   1.8915920e-02
   1.9362360e-02
   1.9854030e-02
   2.0346980e-02
   2.0786240e-02
   2.1149050e-02
   2.1428410e-02
   2.1638440e-02
   2.1798250e-02
   2.1914110e-02
   2.2002500e-02
   2.2087200e-02
   2.2178800e-02
   2.2277680e-02
   2.2394600e-02
   2.2540900e-02
   2.2711620e-02
   2.2924320e-02
   2.3212360e-02
   2.3552060e-02
   2.3878910e-02
   2.4164310e-02
   2.4430550e-02
   2.4709610e-02
   2.5018710e-02
   2.5373110e-02
   2.5789320e-02
   2.6268080e-02
   2.6770940e-02
   2.7246580e-02
   2.7662600e-02
   2.8009600e-02
   2.8279200e-02
   2.8431150e-02
   2.8434190e-02
   2.8260130e-02
   2.7860240e-02
   2.7234710e-02
   2.6469970e-02
   2.5655550e-02
   2.4816000e-02
   2.3928930e-02
   2.2986560e-02
   2.2004090e-02
   2.0998370e-02
   1.9980670e-02
   1.8985510e-02
   1.8076780e-02
   1.7317960e-02
   1.6744660e-02
   1.6335000e-02
   1.6050170e-02
   1.5869240e-02
   1.5795730e-02
   1.5818110e-02
   1.5880640e-02
   1.5895210e-02
   1.5788460e-02
   1.5541640e-02
   1.5169250e-02
   1.4675450e-02
   1.4076600e-02
   1.3405040e-02
   1.2678340e-02
   1.1914450e-02
   1.1157680e-02
   1.0469240e-02
   9.8998630e-03
   9.4771900e-03
   9.2001650e-03
   9.0409380e-03
   8.9737950e-03
   8.9814550e-03
   9.0437200e-03
   9.1382360e-03
   9.2406220e-03
   9.3389670e-03
   9.4249500e-03
   9.4785840e-03
   9.4744170e-03
   9.3912670e-03
   9.2128470e-03
   8.9216160e-03
   8.5068560e-03
   7.9885620e-03
   7.4127130e-03
   6.8092710e-03
   6.1944490e-03
   5.5806090e-03
   4.9632350e-03
   4.3384940e-03
   3.7252160e-03
   3.1625480e-03
   2.6909890e-03
   2.3354540e-03
   2.0890900e-03
   1.9382710e-03
   1.8683380e-03
   1.8722200e-03
   1.9370400e-03
   2.0343090e-03
   2.1481540e-03
   2.2781670e-03
   2.4269940e-03
   2.6082390e-03
   2.8404630e-03
   3.1207900e-03
   3.4384210e-03
   3.7969570e-03
   4.2107400e-03
   4.6913660e-03
   5.2476160e-03
   5.8720960e-03
   6.5405990e-03
   7.2273750e-03
   7.9164640e-03
   8.6110480e-03
   9.3106520e-03
   1.0009620e-02
   1.0686680e-02
   1.1302790e-02
   1.1841930e-02
   1.2302220e-02
   1.2662420e-02
   1.2907760e-02
   1.3076950e-02
   1.3222640e-02
   1.3357340e-02
   1.3467460e-02
   1.3541400e-02
   1.3564930e-02
   1.3521120e-02
   1.3418010e-02
   1.3266920e-02
   1.3053370e-02
   1.2756370e-02
   1.2368530e-02
   1.1920720e-02
   1.1488540e-02
   1.1128740e-02
   1.0863340e-02
   1.0694740e-02
   1.0593990e-02
   1.0526300e-02
   1.0471430e-02
   1.0425290e-02
   1.0384230e-02
   1.0332280e-02
   1.0260280e-02
   1.0180680e-02
   1.0134190e-02
   1.0148900e-02
   1.0228190e-02
   1.0361850e-02
   1.0533790e-02
   1.0747160e-02
   1.1016410e-02
   1.1339360e-02
   1.1692870e-02
   1.2050740e-02
   1.2382610e-02
   1.2670800e-02
   1.2914290e-02
   1.3097890e-02
   1.3196650e-02
   1.3206890e-02
   1.3142620e-02
   1.3026680e-02
   1.2877350e-02
   1.2706730e-02
   1.2516460e-02
   1.2303480e-02
   1.2074300e-02
   1.1838880e-02
   1.1613940e-02
   1.1400530e-02
   1.1163740e-02
   1.0849490e-02
   1.0432980e-02
   9.9266740e-03
   9.3301780e-03
   8.5977690e-03
   7.6765600e-03
   6.5346570e-03
   5.1760900e-03
   3.6508180e-03
   2.0461570e-03
   4.4319240e-04
  -1.1023370e-03
  -2.5685440e-03
  -3.9506700e-03
  -5.2394660e-03
  -6.4299970e-03
  -7.5239660e-03
  -8.5194840e-03
  -9.4093410e-03
  -1.0189940e-02
  -1.0879250e-02
  -1.1492170e-02
  -1.2021720e-02
  -1.2481790e-02
  -1.2895490e-02
  -1.3268510e-02
  -1.3606780e-02
  -1.3915640e-02
  -1.4197790e-02
  -1.4447950e-02
  -1.4644400e-02
  -1.4765130e-02
  -1.4817220e-02
  -1.4819600e-02
  -1.4769620e-02
  -1.4641690e-02
  -1.4420100e-02
  -1.4120190e-02
  -1.3758190e-02
  -1.3327810e-02
  -1.2821330e-02
  -1.2239150e-02
  -1.1599560e-02
  -1.0942350e-02
  -1.0303680e-02
  -9.6939670e-03
  -9.1231540e-03
  -8.6127540e-03
  -8.1717250e-03
  -7.8019220e-03
  -7.4909050e-03
  -7.2216950e-03
  -6.9813450e-03
  -6.7539780e-03
  -6.5237310e-03
  -6.2876950e-03
  -6.0489830e-03
  -5.8070630e-03
  -5.5710900e-03
  -5.3483260e-03
  -5.1273760e-03
  -4.8863770e-03
  -4.6141970e-03
  -4.3074990e-03
  -3.9846390e-03
  -3.6839160e-03
  -3.4352780e-03
  -3.2444300e-03
  -3.0977990e-03
  -2.9877020e-03
  -2.9285170e-03
  -2.9309410e-03
  -2.9943380e-03
  -3.1088080e-03
  -3.2578050e-03
  -3.4234190e-03
  -3.5944330e-03
  -3.7742450e-03
  -3.9636590e-03
  -4.1632620e-03
  -4.3770350e-03
  -4.6101310e-03
  -4.8727750e-03
  -5.1710010e-03
  -5.4853850e-03
  -5.7870580e-03
  -6.0752550e-03
  -6.3717170e-03
  -6.6871740e-03
  -6.9858620e-03
  -7.2128020e-03
  -7.3455640e-03
  -7.3879470e-03
  -7.3499780e-03
  -7.2413010e-03
  -7.0630510e-03
  -6.7901670e-03
  -6.3864480e-03
  -5.8514330e-03
  -5.2267650e-03
  -4.5437010e-03
  -3.8032760e-03
  -3.0280510e-03
  -2.2796600e-03
  -1.5851980e-03
  -9.1717470e-04
  -2.5072820e-04
   3.8749870e-04
   9.5969180e-04
   1.4841890e-03
   1.9948100e-03
   2.4851680e-03
   2.9287340e-03
   3.2836830e-03
   3.5103120e-03
   3.5954620e-03
   3.5496440e-03
   3.3868250e-03
   3.1210230e-03
   2.7479180e-03
   2.2453900e-03
   1.6293420e-03
   9.7481450e-04
   3.2920500e-04
  -2.9742870e-04
  -8.8827560e-04
  -1.4299880e-03
  -1.9284790e-03
  -2.3996340e-03
  -2.8448980e-03
  -3.2524080e-03
  -3.6179200e-03
  -3.9477310e-03
  -4.2397940e-03
  -4.4707310e-03
  -4.5971540e-03
  -4.6082520e-03
  -4.5431040e-03
  -4.4434080e-03
  -4.3423960e-03
  -4.2493780e-03
  -4.1433160e-03
  -4.0086290e-03
  -3.8367840e-03
  -3.6168280e-03
  -3.3537180e-03
  -3.0732870e-03
  -2.8079480e-03
  -2.5951420e-03
  -2.4408600e-03
  -2.3207300e-03
  -2.2152740e-03
  -2.1137440e-03
  -2.0113350e-03
  -1.9168070e-03
  -1.8387660e-03
  -1.7493280e-03
  -1.6028410e-03
  -1.3810130e-03
  -1.1075830e-03
  -8.0005750e-04
  -4.4102810e-04
  -1.1645460e-05
   4.7412060e-04
   9.9606260e-04
   1.5572600e-03
   2.1844670e-03
   2.8957150e-03
   3.6832250e-03
   4.5240640e-03
   5.3804750e-03
   6.2064140e-03
   6.9619770e-03
   7.6232050e-03
   8.1729810e-03
   8.5916040e-03
   8.8735010e-03
   9.0398220e-03
   9.1252680e-03
   9.1455970e-03
   9.1029630e-03
   9.0170210e-03
   8.9340000e-03
   8.8956120e-03
   8.9227510e-03
   9.0152740e-03
   9.1518270e-03
   9.2906950e-03
   9.3789920e-03
   9.4094380e-03
   9.4386340e-03
   9.5143370e-03
   9.5947150e-03
   9.6072290e-03
   9.5253660e-03
   9.3651470e-03
   9.1645470e-03
   8.9598930e-03
   8.7689620e-03
   8.5906260e-03
   8.4280970e-03
   8.3014420e-03
   8.2250190e-03
   8.1655500e-03
   8.0658930e-03
   7.8795420e-03
   7.5859320e-03
   7.1962410e-03
   6.7514650e-03
   6.3046480e-03
   5.8741390e-03
   5.4523910e-03
   5.0381590e-03
   4.6366640e-03
   4.2623040e-03
   3.9429010e-03
   3.6879400e-03
   3.4833740e-03
   3.3117990e-03
   3.1622210e-03
   3.0564960e-03
   3.0425260e-03
   3.1591610e-03
   3.4059970e-03
   3.7569160e-03
   4.1975980e-03
   4.7244100e-03
   5.3380230e-03
   6.0287040e-03
   6.7698370e-03
   7.5288900e-03
   8.2706030e-03
   8.9546920e-03
   9.5453940e-03
   1.0033350e-02
   1.0431250e-02
   1.0745180e-02
   1.0986140e-02
   1.1176510e-02
   1.1325380e-02
   1.1430310e-02
   1.1495910e-02
   1.1551800e-02
   1.1642190e-02
   1.1798810e-02
   1.2008510e-02
   1.2232170e-02
   1.2427310e-02
   1.2577910e-02
   1.2694840e-02
   1.2788430e-02
   1.2869750e-02
   1.2949350e-02
   1.3020570e-02
   1.3070280e-02
   1.3094880e-02
   1.3087360e-02
   1.3026390e-02
   1.2886770e-02
   1.2667070e-02
   1.2413520e-02
   1.2196920e-02
   1.2056130e-02
   1.1974020e-02
   1.1928110e-02
   1.1929110e-02
   1.2014560e-02
   1.2230370e-02
   1.2594040e-02
   1.3085030e-02
   1.3665660e-02
   1.4310320e-02
   1.5005060e-02
   1.5731740e-02
   1.6458340e-02
   1.7133750e-02
   1.7702270e-02
   1.8119410e-02
   1.8375210e-02
   1.8474860e-02
   1.8414690e-02
   1.8217390e-02
   1.7921540e-02
   1.7555440e-02
   1.7146920e-02
   1.6701010e-02
   1.6194340e-02
   1.5611850e-02
   1.4960730e-02
   1.4252240e-02
   1.3497940e-02
   1.2711070e-02
   1.1886250e-02
   1.0995790e-02
   1.0028930e-02
   9.0191080e-03
   8.0130140e-03
   7.0183790e-03
   6.0172630e-03
   5.0023110e-03
   3.9760370e-03
   2.9603130e-03
   1.9889650e-03
   1.0747560e-03
   2.1853620e-04
  -5.8404120e-04
  -1.3489390e-03
  -2.0954580e-03
  -2.8476310e-03
  -3.6129450e-03
  -4.3772730e-03
  -5.1281900e-03
  -5.8517410e-03
  -6.5238600e-03
  -7.1268490e-03
  -7.6451170e-03
  -8.0710560e-03
  -8.3862250e-03
  -8.5813140e-03
  -8.6804350e-03
  -8.7087340e-03
  -8.6682320e-03
  -8.5442280e-03
  -8.3333500e-03
  -8.0443900e-03
  -7.6908010e-03
  -7.2989260e-03
  -6.9075720e-03
  -6.5592550e-03
  -6.2787560e-03
  -6.0657710e-03
  -5.9096820e-03
  -5.8107610e-03
  -5.7969600e-03
  -5.8950120e-03
  -6.1038540e-03
  -6.4071670e-03
  -6.7819950e-03
  -7.2031550e-03
  -7.6503670e-03
  -8.1071840e-03
  -8.5325320e-03
  -8.8836940e-03
  -9.1599290e-03
  -9.3671420e-03
  -9.4904500e-03
  -9.5108040e-03
  -9.4187680e-03
  -9.2273740e-03
  -8.9522060e-03
  -8.6238380e-03
  -8.3002710e-03
  -8.0256750e-03
  -7.7978810e-03
  -7.5908910e-03
  -7.3940170e-03
  -7.2081910e-03
  -7.0368750e-03
  -6.8810310e-03
  -6.7359990e-03
  -6.5955810e-03
  -6.4499890e-03
  -6.2928260e-03
  -6.1269730e-03
  -5.9554920e-03
  -5.7726890e-03
  -5.5731560e-03
  -5.3767890e-03
  -5.2249730e-03
  -5.1488270e-03
  -5.1647500e-03
  -5.2676660e-03
  -5.4387280e-03
  -5.6698120e-03
  -5.9615330e-03
  -6.3093340e-03
  -6.6905590e-03
  -7.0779690e-03
  -7.4620450e-03
  -7.8602210e-03
  -8.3255300e-03
  -8.8906870e-03
  -9.5384970e-03
  -1.0228360e-02
  -1.0900680e-02
  -1.1516220e-02
  -1.2101970e-02
  -1.2716880e-02
  -1.3388830e-02
  -1.4098540e-02
  -1.4799010e-02
  -1.5452010e-02
  -1.6055020e-02
  -1.6625940e-02
  -1.7185020e-02
  -1.7745870e-02
  -1.8277290e-02
  -1.8743590e-02
  -1.9137940e-02
  -1.9458540e-02
  -1.9719740e-02
  -1.9923390e-02
  -2.0046680e-02
  -2.0070750e-02
  -1.9992630e-02
  -1.9830180e-02
  -1.9614600e-02
  -1.9382670e-02
  -1.9160460e-02
  -1.8955940e-02
  -1.8767620e-02
  -1.8592320e-02
  -1.8434660e-02
  -1.8291680e-02
  -1.8152240e-02
  -1.8014140e-02
  -1.7861420e-02
  -1.7672760e-02
  -1.7431930e-02
  -1.7125830e-02
  -1.6767640e-02
  -1.6369020e-02
  -1.5920630e-02
  -1.5425430e-02
  -1.4899380e-02
  -1.4345800e-02
  -1.3755040e-02
  -1.3129130e-02
  -1.2467280e-02
  -1.1751690e-02
  -1.0969200e-02
  -1.0129570e-02
  -9.2546080e-03
  -8.3703130e-03
  -7.4905430e-03
  -6.6206370e-03
  -5.7829480e-03
  -4.9922330e-03
  -4.2357110e-03
  -3.5084220e-03
  -2.8299960e-03
  -2.2162660e-03
  -1.6610350e-03
  -1.1515570e-03
  -6.6574600e-04
  -1.9071570e-04
   2.7456080e-04
   7.3227370e-04
   1.1830500e-03
   1.6387300e-03
   2.1170380e-03
   2.6166280e-03
   3.1136680e-03
   3.5940810e-03
   4.0626310e-03
   4.5184500e-03
   4.9464580e-03
   5.3419150e-03
   5.7144480e-03
   6.0681520e-03
   6.4123970e-03
   6.7685570e-03
   7.1352910e-03
   7.4773820e-03
   7.7695980e-03
   8.0144770e-03
   8.2133400e-03
   8.3607140e-03
   8.4627630e-03
   8.5264390e-03
   8.5546960e-03
   8.5520380e-03
   8.5318920e-03
   8.5041590e-03
   8.4556260e-03
   8.3744000e-03
   8.2686890e-03
   8.1470990e-03
   8.0146560e-03
   7.8700000e-03
   7.7101220e-03
   7.5483400e-03
   7.3909100e-03
   7.2284500e-03
   7.0532030e-03
   6.8834720e-03
   6.7496590e-03
   6.6694600e-03
   6.6401820e-03
   6.6404170e-03
   6.6337170e-03
   6.5883140e-03
   6.5026750e-03
   6.3915230e-03
   6.2496130e-03
   6.0591170e-03
   5.8091010e-03
   5.4873270e-03
   5.0904970e-03
   4.6306470e-03
   4.1127050e-03
   3.5258700e-03
   2.8761390e-03
   2.1968750e-03
   1.5409230e-03
   9.3709050e-04
   3.6463680e-04
  -2.0957620e-04
  -7.7338270e-04
  -1.2954810e-03
  -1.7669040e-03
  -2.1977020e-03
  -2.5901490e-03
  -2.9315850e-03
  -3.2294600e-03
  -3.5028540e-03
  -3.7497080e-03
  -3.9574730e-03
  -4.1156220e-03
  -4.2171620e-03
  -4.2610460e-03
  -4.2463690e-03
  -4.1797090e-03
  -4.0795120e-03
  -3.9449360e-03
  -3.7573250e-03
  -3.5207390e-03
  -3.2670010e-03
  -3.0274020e-03
  -2.7821710e-03
  -2.4858310e-03
  -2.1242820e-03
  -1.7054430e-03
  -1.2479890e-03
  -7.5683050e-04
  -2.2567390e-04
   3.4836300e-04
   9.4040380e-04
   1.5157530e-03
   2.0621840e-03
   2.5643420e-03
   2.9913410e-03
   3.3160380e-03
   3.5278380e-03
   3.6344650e-03
   3.6623470e-03
   3.6337660e-03
   3.5374320e-03
   3.3645010e-03
   3.1291790e-03
   2.8427860e-03
   2.5143240e-03
   2.1597160e-03
   1.7902550e-03
   1.4048810e-03
   9.9825170e-04
   5.8063890e-04
   1.8419650e-04
  -1.5766670e-04
  -4.2941810e-04
  -6.3153320e-04
  -7.4989730e-04
  -7.8205210e-04
  -7.5569520e-04
  -7.0681630e-04
  -6.5320880e-04
  -5.9040210e-04
  -5.2023430e-04
  -4.5949330e-04
  -4.1155800e-04
  -3.7690600e-04
  -3.5993040e-04
  -3.5951190e-04
  -3.6925170e-04
  -3.7392010e-04
  -3.5308320e-04
  -3.1027780e-04
  -2.7112050e-04
  -2.5662290e-04
  -2.6402240e-04
  -2.6878650e-04
  -2.4542100e-04
  -1.9158070e-04
  -1.2274980e-04
  -5.2693700e-05
   2.6097750e-05
   1.4939570e-04
   3.5833320e-04
   6.7863660e-04
   1.1041600e-03
   1.6127840e-03
   2.1717760e-03
   2.7509140e-03
   3.3450750e-03
   3.9493300e-03
   4.5370190e-03
   5.0792350e-03
   5.5661060e-03
   5.9984970e-03
   6.3648020e-03
   6.6591120e-03
   6.8873090e-03
   7.0517070e-03
   7.1448750e-03
   7.1591980e-03
   7.1139280e-03
   7.0558700e-03
   7.0221650e-03
   7.0161010e-03
   7.0339670e-03
   7.0672850e-03
   7.1152280e-03
   7.1683310e-03
   7.2115610e-03
   7.2327200e-03
   7.2185750e-03
   7.1639570e-03
   7.0737730e-03
   6.9445010e-03
   6.7461420e-03
   6.4543520e-03
   6.0855400e-03
   5.6823900e-03
   5.2852300e-03
   4.9116840e-03
   4.5583030e-03
   4.2112180e-03
   3.8570640e-03
   3.4903830e-03
   3.0999560e-03
   2.6786750e-03
   2.2408440e-03
   1.7893210e-03
   1.3158160e-03
   8.2476370e-04
   3.3553560e-04
  -1.4286340e-04
  -6.0913060e-04
  -1.0546690e-03
  -1.4541540e-03
  -1.7750380e-03
  -1.9866580e-03
  -2.0843090e-03
  -2.1103800e-03
  -2.1054350e-03
  -2.0677080e-03
  -1.9806470e-03
  -1.8612060e-03
  -1.7253230e-03
  -1.5682020e-03
  -1.3871600e-03
  -1.1958630e-03
  -1.0267570e-03
  -8.9870800e-04
  -7.8888270e-04
  -6.6296790e-04
  -5.0764990e-04
  -3.0805100e-04
  -5.8677260e-05
   2.0900130e-04
   4.6120650e-04
   6.9163150e-04
   9.1031390e-04
   1.1269610e-03
   1.3448070e-03
   1.5679170e-03
   1.7952880e-03
   2.0296230e-03
   2.2752360e-03
   2.5331050e-03
   2.7982150e-03
   3.0597510e-03
   3.3088940e-03
   3.5353650e-03
   3.7177030e-03
   3.8226600e-03
   3.8299010e-03
   3.7463840e-03
   3.5879870e-03
   3.3472650e-03
   3.0150010e-03
   2.6124330e-03
   2.1565380e-03
   1.6452960e-03
   1.0644590e-03
   4.1913120e-04
  -2.6057050e-04
  -9.3469890e-04
  -1.5910160e-03
  -2.2333820e-03
  -2.8631350e-03
  -3.4678480e-03
  -4.0099180e-03
  -4.4510890e-03
  -4.7812810e-03
  -5.0167840e-03
  -5.1624930e-03
  -5.2174350e-03
  -5.1879070e-03
  -5.0631820e-03
  -4.8364340e-03
  -4.5295450e-03
  -4.1687010e-03
  -3.7665880e-03
  -3.3426550e-03
  -2.9202910e-03
  -2.5088500e-03
  -2.1100070e-03
  -1.7204750e-03
  -1.3373180e-03
  -9.6802990e-04
  -6.1537100e-04
  -2.7803390e-04
   4.9777680e-05
   3.8118250e-04
   7.2327290e-04
   1.0660080e-03
   1.3919510e-03
   1.6893420e-03
   1.9523440e-03
   2.1746190e-03
   2.3473270e-03
   2.4517530e-03
   2.4441330e-03
   2.3195040e-03
   2.1191110e-03
   1.8705920e-03
   1.5926870e-03
   1.2867110e-03
   9.3490880e-04
   5.4436300e-04
   1.3798600e-04
  -2.7521730e-04
  -6.8692740e-04
  -1.0821110e-03
  -1.4416940e-03
  -1.7436580e-03
  -1.9773360e-03
  -2.1590430e-03
  -2.3110360e-03
  -2.4410810e-03
  -2.5522500e-03
  -2.6479210e-03
  -2.7432160e-03
  -2.8559640e-03
  -2.9880650e-03
  -3.1288820e-03
  -3.2709720e-03
  -3.4049970e-03
  -3.5115610e-03
  -3.5844280e-03
  -3.6331730e-03
  -3.6755500e-03
  -3.7321300e-03
  -3.8222480e-03
  -3.9760180e-03
  -4.2259390e-03
  -4.5616850e-03
  -4.9220130e-03
  -5.2529030e-03
  -5.5373880e-03
  -5.7698750e-03
  -5.9427930e-03
  -6.0582240e-03
  -6.1137330e-03
  -6.0989790e-03
  -5.9945500e-03
  -5.7858040e-03
  -5.4835240e-03
  -5.1186300e-03
  -4.7290370e-03
  -4.3440880e-03
  -3.9840380e-03
  -3.6698800e-03
  -3.4004930e-03
  -3.1621300e-03
  -2.9408420e-03
  -2.7427290e-03
  -2.5827260e-03
  -2.4721390e-03
  -2.4066930e-03
  -2.3574070e-03
  -2.3061690e-03
  -2.2496940e-03
  -2.2026120e-03
  -2.1984960e-03
  -2.2685610e-03
  -2.4039480e-03
  -2.5590340e-03
  -2.6876590e-03
  -2.7801820e-03
  -2.8570880e-03
  -2.9389700e-03
  -3.0077630e-03
  -3.0116200e-03
  -2.9201090e-03
  -2.7507370e-03
  -2.5452810e-03
  -2.3338750e-03
  -2.1300570e-03
  -1.9270750e-03
  -1.7071360e-03
  -1.4797320e-03
  -1.2854390e-03
  -1.1532440e-03
  -1.0850770e-03
  -1.0596560e-03
  -1.0628790e-03
  -1.0994270e-03
  -1.1770120e-03
  -1.3095570e-03
  -1.4941880e-03
  -1.7166430e-03
  -1.9731770e-03
  -2.2596750e-03
  -2.5580490e-03
  -2.8559570e-03
  -3.1601090e-03
  -3.4791460e-03
  -4.7206890e-03
  -5.0202580e-03
  -5.2972240e-03
  -5.5402350e-03
  -5.7565030e-03
  -5.9742710e-03
  -6.2080160e-03
  -6.4543050e-03
  -6.7057300e-03
  -6.9453860e-03
  -7.1523700e-03
  -7.3237290e-03
  -7.4709900e-03
  -7.6096890e-03
  -7.7678550e-03
  -7.9682770e-03
  -8.2028830e-03
  -8.4592120e-03
  -8.7368480e-03
  -9.0225450e-03
  -9.2945280e-03
  -9.5276710e-03
  -9.6924140e-03
  -9.7949470e-03
  -9.8770770e-03
  -9.9585280e-03
  -1.0042810e-02
  -1.0136380e-02
  -1.0238020e-02
  -1.0338010e-02
  -1.0435430e-02
  -1.0525700e-02
  -1.0602810e-02
  -1.0657020e-02
  -1.0665210e-02
  -1.0620790e-02
  -1.0544160e-02
  -1.0450830e-02
  -1.0346090e-02
  -1.0246510e-02
  -1.0165780e-02
  -1.0109700e-02
  -1.0080920e-02
  -1.0073470e-02
  -1.0086460e-02
  -1.0113790e-02
  -1.0138360e-02
  -1.0138070e-02
  -1.0097140e-02
  -1.0012210e-02
  -9.8893500e-03
  -9.7407000e-03
  -9.5526770e-03
  -9.2977510e-03
  -8.9691340e-03
  -8.5748570e-03
  -8.1318090e-03
  -7.6694660e-03
  -7.2103480e-03
  -6.7483030e-03
  -6.2854570e-03
  -5.8441930e-03
  -5.4304700e-03
  -5.0490230e-03
  -4.7154950e-03
  -4.4431620e-03
  -4.2155930e-03
  -3.9918620e-03
  -3.7379730e-03
  -3.4652600e-03
  -3.2086450e-03
  -2.9881930e-03
  -2.8227220e-03
  -2.7146700e-03
  -2.6346120e-03
  -2.5514500e-03
  -2.4478000e-03
  -2.3234610e-03
  -2.1801090e-03
  -2.0051140e-03
  -1.7899260e-03
  -1.5559960e-03
  -1.3269040e-03
  -1.1198530e-03
  -9.5851320e-04
  -8.5332820e-04
  -7.8874140e-04
  -7.3722220e-04
  -6.7099650e-04
  -5.8675850e-04
  -5.0520740e-04
  -4.4895710e-04
  -4.3915880e-04
  -4.8628370e-04
  -5.6479760e-04
  -6.2511270e-04
  -6.3350710e-04
  -5.8519420e-04
  -5.2124950e-04
  -4.8270570e-04
  -4.7461130e-04
  -4.7883910e-04
  -4.7924160e-04
  -4.8129680e-04
  -4.9590650e-04
  -5.1574200e-04
  -5.1244420e-04
  -4.7555120e-04
  -4.1630480e-04
  -3.4983590e-04
  -2.8139380e-04
  -2.0373380e-04
  -9.8749910e-05
   5.8815880e-05
   2.7620070e-04
   5.1618830e-04
   7.4161550e-04
   9.3826430e-04
   1.1077830e-03
   1.2552700e-03
   1.3627410e-03
   1.3918350e-03
   1.3157760e-03
   1.1492090e-03
   9.1739000e-04
   6.5952700e-04
   4.1748850e-04
   1.9400830e-04
  -3.6286330e-05
  -3.0306730e-04
  -6.2041870e-04
  -9.6690150e-04
  -1.2969280e-03
  -1.5767390e-03
  -1.7975020e-03
  -1.9809600e-03
  -2.1470100e-03
  -2.2912800e-03
  -2.4019240e-03
  -2.4718910e-03
  -2.4960350e-03
  -2.4686610e-03
  -2.3796700e-03
  -2.2303630e-03
  -2.0366900e-03
  -1.8112380e-03
  -1.5494950e-03
  -1.2511680e-03
  -9.3256870e-04
  -5.9842900e-04
  -2.4044180e-04
   1.4159490e-04
   5.4417170e-04
   9.6741430e-04
   1.4116520e-03
   1.8844710e-03
   2.3858880e-03
   2.8981330e-03
   3.4018740e-03
   3.8962740e-03
   4.3913590e-03
   4.8791890e-03
   5.3433630e-03
   5.7764480e-03
   6.1763360e-03
   6.5537830e-03
   6.9282530e-03
   7.3045490e-03
   7.6832200e-03
   8.0656960e-03
   8.4467440e-03
   8.8152160e-03
   9.1712840e-03
   9.5189020e-03
   9.8528170e-03
   1.0167660e-02
   1.0456310e-02
   1.0707760e-02
   1.0911160e-02
   1.1063210e-02
   1.1166350e-02
   1.1217150e-02
   1.1222040e-02
   1.1182280e-02
   1.1080900e-02
   1.0921910e-02
   1.0731710e-02
   1.0531900e-02
   1.0328810e-02
   1.0121770e-02
   9.9095760e-03
   9.7023510e-03
   9.5127690e-03
   9.3431270e-03
   9.1888270e-03
   9.0415730e-03
   8.8939170e-03
   8.7479440e-03
   8.6085810e-03
   8.4627100e-03
   8.2905050e-03
   8.0753330e-03
   7.8343190e-03
   7.6019220e-03
   7.3856710e-03
   7.1669030e-03
   6.9358550e-03
   6.7102100e-03
   6.5172970e-03
   6.3621730e-03
   6.2433890e-03
   6.1647850e-03
   6.1227240e-03
   6.1140880e-03
   6.1302730e-03
   6.1542500e-03
   6.1738550e-03
   6.1785160e-03
   6.1613280e-03
   6.1209350e-03
   6.0610530e-03
   5.9991680e-03
   5.9594820e-03
   5.9461900e-03
   5.9414580e-03
   5.9304110e-03
   5.9166280e-03
   5.9098160e-03
   5.9045920e-03
   5.8983380e-03
   5.8956060e-03
   5.9014480e-03
   5.9157400e-03
   5.9310900e-03
   5.9412510e-03
   5.9475750e-03
   5.9524970e-03
   5.9542510e-03
   5.9540230e-03
   5.9614710e-03
   5.9807330e-03
   5.9987440e-03
   6.0023120e-03
   5.9871060e-03
   5.9601360e-03
   5.9358900e-03
   5.9242280e-03
   5.9191460e-03
   5.9073620e-03
   5.8818950e-03
   5.8430190e-03
   5.7915980e-03
   5.7222510e-03
   5.6317650e-03
   5.5238620e-03
   5.3948530e-03
   5.2450870e-03
   5.0898360e-03
   4.9403110e-03
   4.8010170e-03
   4.6741540e-03
   4.5658260e-03
   4.4819430e-03
   4.4299750e-03
   4.4236980e-03
   4.4746230e-03
   4.5785600e-03
   4.7134710e-03
   4.8519950e-03
   4.9770500e-03
   5.0860800e-03
   5.1812830e-03
   5.2600120e-03
   5.3154470e-03
   5.3438050e-03
   5.3471120e-03
   5.3269010e-03
   5.2796590e-03
   5.1996240e-03
   5.0777050e-03
   4.9060650e-03
   4.6860090e-03
   4.4346150e-03
   4.1630330e-03
   3.8687700e-03
   3.5423070e-03
   3.1780560e-03
   2.7798600e-03
   2.3608180e-03
   1.9369010e-03
   1.5161320e-03
   1.1005090e-03
   6.9201590e-04
   2.9129100e-04
  -9.1194160e-05
  -4.3147490e-04
  -7.1726280e-04
  -9.5722960e-04
  -1.1642460e-03
  -1.3401230e-03
  -1.4837890e-03
  -1.5995570e-03
  -1.6907060e-03
  -1.7548240e-03
  -1.7914930e-03
  -1.8067930e-03
  -1.8142860e-03
  -1.8344680e-03
  -1.8761960e-03
  -1.9295900e-03
  -1.9804280e-03
  -2.0140930e-03
  -2.0262350e-03
  -2.0282990e-03
  -2.0345850e-03
  -2.0489410e-03
  -2.0635810e-03
  -2.0630160e-03
  -2.0321200e-03
  -1.9717090e-03
  -1.8981670e-03
  -1.8234780e-03
  -1.7377850e-03
  -1.6281630e-03
  -1.4994010e-03
  -1.3650100e-03
  -1.2222750e-03
  -1.0603400e-03
  -8.8332700e-04
  -7.0529770e-04
  -5.3458610e-04
  -3.6971250e-04
  -2.1028300e-04
  -6.0664810e-05
   8.1516140e-05
   2.2183990e-04
   3.5266550e-04
   4.6846560e-04
   5.7026240e-04
   6.5312860e-04
   7.1247200e-04
   7.4752380e-04
   7.5549520e-04
   7.3457450e-04
