  -3.8390300e-01
  -5.0376800e-01
  -5.3737200e-01
  -5.3398400e-01
  -5.2966000e-01
  -5.4362600e-01
  -5.8480200e-01
  -6.1589500e-01
  -5.2915600e-01
  -3.1037000e-01
  -8.9197200e-02
   4.8175000e-02
   1.1703900e-01
   1.8401200e-01
   2.2423500e-01
   2.2091500e-01
   2.1575300e-01
   2.0670300e-01
   1.7696700e-01
   1.2414200e-01
   5.6018700e-02
   1.3775200e-02
   3.8386600e-02
   8.5472000e-02
   1.1893100e-01
   1.5381500e-01
   1.8168600e-01
   2.0412900e-01
   2.2162600e-01
   2.3598900e-01
   2.6343400e-01
   3.1622700e-01
   3.8250100e-01
   4.3418900e-01
   4.4854900e-01
   4.3521600e-01
   4.1974300e-01
   4.1688200e-01
   4.1126900e-01
   3.5306000e-01
   2.1631600e-01
   3.3362400e-02
  -1.4682700e-01
  -2.9067400e-01
  -3.7344500e-01
  -4.2124600e-01
  -4.6374400e-01
  -5.0533500e-01
  -5.6440100e-01
  -6.3626600e-01
  -7.0760800e-01
  -7.7944000e-01
  -8.2132700e-01
  -7.9640100e-01
  -6.7163400e-01
  -4.7346100e-01
  -2.8624400e-01
  -1.4096900e-01
  -2.5137100e-02
   5.3955600e-02
   9.5601800e-02
   1.4251000e-01
   2.1970300e-01
   2.9230900e-01
   3.4164800e-01
   3.8175000e-01
   3.8735300e-01
   3.4761700e-01
   2.9613400e-01
   2.3589600e-01
   1.4166000e-01
   2.8040800e-02
  -5.1465200e-02
  -7.9475000e-02
  -9.5918600e-02
  -1.1835500e-01
  -1.2943500e-01
  -1.3280800e-01
  -1.4677100e-01
  -1.5222200e-01
  -1.3544000e-01
  -8.7339300e-02
   7.0452700e-03
   9.1022500e-02
   1.2311900e-01
   1.5200300e-01
   1.6840200e-01
   1.2536500e-01
   5.9948300e-02
   2.5351100e-02
   3.1449400e-02
   7.5867000e-02
   1.2868500e-01
   1.5459300e-01
   1.7206100e-01
   2.0458400e-01
   2.4623200e-01
   2.8435100e-01
   3.0727400e-01
   3.0191600e-01
   2.6385900e-01
   2.1215300e-01
   1.6700600e-01
   1.2232800e-01
   7.2917500e-02
   3.5653000e-02
   2.5555100e-02
   2.8258400e-02
   1.6142000e-02
   9.4489200e-03
   3.6682600e-02
   6.1049000e-02
   6.1452400e-02
   3.5850600e-02
   1.9781400e-02
   4.8772800e-02
   7.4669000e-02
   4.3915900e-02
   2.8790000e-02
   3.6935500e-02
  -3.3152100e-02
  -1.4243000e-01
  -1.7186200e-01
  -1.2662300e-01
  -7.0571300e-02
  -4.7168500e-02
  -2.7976800e-02
   3.3006300e-03
   3.1428600e-03
   4.2558800e-03
   7.9584600e-02
   1.7890400e-01
   2.3075500e-01
   2.0893000e-01
   1.3428500e-01
   6.2010600e-02
  -5.4027600e-03
  -7.8639100e-02
  -1.7215200e-01
  -2.8690500e-01
  -3.9479500e-01
  -4.7642600e-01
  -5.3629600e-01
  -5.9420600e-01
  -6.6455100e-01
  -7.1943100e-01
  -6.7622700e-01
  -4.8618400e-01
  -2.0111300e-01
   8.9232200e-02
   2.8112100e-01
   2.9740200e-01
   3.2433300e-01
   4.3356000e-01
   3.9993200e-01
   2.5519600e-01
   1.2790300e-01
  -4.3928600e-03
  -1.5552700e-01
  -2.6872400e-01
  -3.0888800e-01
  -2.9258700e-01
  -2.0952000e-01
  -7.2981100e-02
   7.3711200e-02
   2.0860400e-01
   3.1840000e-01
   4.3003900e-01
   5.0359900e-01
   5.3764600e-01
   5.7204200e-01
   5.7886500e-01
   5.2911500e-01
   4.4506700e-01
   3.4730200e-01
   2.4880700e-01
   1.5347300e-01
   2.4532600e-02
  -1.5333100e-01
  -2.9978600e-01
  -3.4086000e-01
  -2.8629000e-01
  -2.3483800e-01
  -2.5167800e-01
  -3.2108400e-01
  -3.6569200e-01
  -3.1762300e-01
  -1.9204500e-01
  -5.7889400e-02
   1.8392900e-02
   2.3539100e-02
   2.7516600e-02
   2.7708200e-02
  -1.0455700e-03
  -3.2251300e-02
  -5.8763300e-02
  -8.8724700e-02
  -9.8466000e-02
  -3.2254100e-02
   8.5344900e-02
   1.6762000e-01
   1.9496700e-01
   2.2569100e-01
   3.1998300e-01
   4.2265900e-01
   4.5722400e-01
   3.8507600e-01
   2.1986000e-01
   2.4231400e-02
  -1.6199400e-01
  -3.2492500e-01
  -4.5656100e-01
  -5.4075400e-01
  -5.3907400e-01
  -4.3694200e-01
  -3.2670000e-01
  -2.5464400e-01
  -1.8643000e-01
  -1.1281200e-01
  -4.7045300e-02
   2.1323600e-02
   3.0661000e-02
  -6.9623100e-02
  -1.9365300e-01
  -2.5474700e-01
  -2.1285700e-01
  -1.1439200e-01
  -4.0786000e-02
   4.6302800e-02
   1.7652300e-01
   3.1118700e-01
   3.9946500e-01
   4.2155500e-01
   4.1765900e-01
   3.9600500e-01
   3.6524500e-01
   3.3357700e-01
   2.9647300e-01
   2.5899500e-01
   1.9932400e-01
   8.7497600e-02
  -4.5150600e-02
  -1.6806500e-01
  -2.7382200e-01
  -3.5706800e-01
  -3.9481300e-01
  -3.5383000e-01
  -2.5446000e-01
  -1.6710000e-01
  -9.0899100e-02
   5.8243500e-04
   5.5762400e-02
   5.6690400e-02
   2.2688000e-02
  -2.5911600e-02
  -7.5875700e-02
  -1.1866300e-01
  -1.4488700e-01
  -1.6825900e-01
  -2.0299200e-01
  -2.3578400e-01
  -2.7448900e-01
  -2.7667600e-01
  -2.3205100e-01
  -1.8125600e-01
  -1.2227900e-01
  -7.2966600e-02
  -5.0620100e-02
  -3.0179300e-02
   2.0642500e-02
   9.5077800e-02
   1.7343000e-01
   2.4448800e-01
   2.9641300e-01
   3.1883800e-01
   2.9767500e-01
   2.3758200e-01
   1.7929800e-01
   1.5172000e-01
   1.3646000e-01
   1.1558100e-01
   1.0304400e-01
   1.0908000e-01
   1.1519700e-01
   1.2084100e-01
   1.2629900e-01
   1.2575000e-01
   1.2805800e-01
   1.3396600e-01
   1.3042900e-01
   1.0253400e-01
   4.3575600e-02
  -4.7549600e-02
  -1.5617600e-01
  -2.4707700e-01
  -2.8140900e-01
  -2.4860300e-01
  -1.8848100e-01
  -1.2955900e-01
  -7.7098500e-02
  -4.2074300e-02
  -1.0533100e-02
   2.5527600e-02
   6.7153700e-02
   9.6913300e-02
   9.2447600e-02
   6.6003200e-02
   5.4783000e-02
   6.5506200e-02
   7.9853900e-02
   1.0302400e-01
   1.3587100e-01
   1.4889700e-01
   1.1380900e-01
   4.7813900e-02
  -2.4964500e-02
  -9.8320100e-02
  -1.5760900e-01
  -1.9189300e-01
  -2.0613000e-01
  -1.9225700e-01
  -1.3246100e-01
  -4.6454600e-02
   2.5997800e-02
   7.4693800e-02
   1.1038500e-01
   1.3610300e-01
   1.4607600e-01
   1.3613000e-01
   1.0746200e-01
   5.7844000e-02
  -2.2370700e-04
  -5.0072000e-02
  -9.0590500e-02
  -1.2084000e-01
  -1.4110400e-01
  -1.6081000e-01
  -1.8302800e-01
  -1.8283700e-01
  -1.4831400e-01
  -1.0738800e-01
  -7.0384800e-02
  -2.1063600e-02
   4.0731700e-02
   1.0350400e-01
   1.6115300e-01
   1.9927300e-01
   2.0902200e-01
   1.9215500e-01
   1.4356700e-01
   7.7296900e-02
   2.4018700e-02
  -1.8727800e-03
  -8.4071000e-03
  -2.5545800e-02
  -6.7988000e-02
  -1.1002000e-01
  -1.3179600e-01
  -1.4655700e-01
  -1.6360600e-01
  -1.5950900e-01
  -1.1078800e-01
  -3.8195900e-02
   2.6628800e-02
   7.3987200e-02
   1.0762700e-01
   1.3358900e-01
   1.5544800e-01
   1.6539900e-01
   1.5044300e-01
   1.2063000e-01
   7.7867600e-02
   1.9386300e-02
  -1.8400800e-02
  -3.3935200e-02
  -4.3079900e-02
  -5.0397700e-02
  -5.2692700e-02
  -3.1540700e-02
   3.0557200e-03
   3.2852400e-02
   5.7167800e-02
   7.2805600e-02
   8.3354500e-02
   9.0516200e-02
   8.1131600e-02
   5.6791000e-02
   3.0646000e-02
   6.0993700e-03
  -2.6215500e-02
  -6.0005500e-02
  -7.8643900e-02
  -9.4662500e-02
  -1.1347500e-01
  -1.0977300e-01
  -9.5040200e-02
  -6.9300000e-02
  -3.0258800e-02
   2.2054900e-03
   2.8487100e-02
   5.1803600e-02
   6.3931600e-02
   6.2140800e-02
   6.1468000e-02
   7.3745700e-02
   7.9846800e-02
   6.7659100e-02
   5.6330000e-02
   5.2824600e-02
   5.1659100e-02
   4.6996700e-02
   3.8822300e-02
   2.1775300e-02
   1.7356300e-03
  -1.0057400e-02
  -3.4118000e-02
  -6.2766800e-02
  -6.6047100e-02
  -6.6242600e-02
  -7.4950600e-02
  -6.8607000e-02
  -5.9788900e-02
  -6.4221000e-02
  -7.2023700e-02
  -7.7779400e-02
  -8.1235200e-02
  -7.7374500e-02
  -7.5337000e-02
  -7.9487800e-02
  -7.0671400e-02
  -4.6800100e-02
  -2.8321300e-02
  -1.7141900e-02
  -2.5273300e-03
   2.4133400e-02
   5.3307600e-02
   7.5231600e-02
   8.4960700e-02
   8.7327300e-02
   8.5543500e-02
   6.7591200e-02
   4.0190300e-02
   1.7067100e-02
  -1.0221000e-02
  -5.0199100e-02
  -7.8805200e-02
  -8.9093300e-02
  -9.6145500e-02
  -8.8695200e-02
  -6.3837300e-02
  -4.4108700e-02
  -2.9126500e-02
  -6.8468200e-03
   1.7250600e-02
   2.7906300e-02
   3.9824300e-02
   6.6463400e-02
   8.4844700e-02
   8.1484200e-02
   6.3681000e-02
   3.6976500e-02
   4.7274300e-03
  -2.0005600e-02
  -3.4649000e-02
  -5.0338800e-02
  -6.9250400e-02
  -8.6102200e-02
  -9.6218100e-02
  -9.5422200e-02
  -8.0633000e-02
  -5.3456900e-02
  -2.9877700e-02
  -1.7953100e-02
  -3.2084000e-03
   1.9429100e-02
   3.6447900e-02
   3.4309500e-02
   2.5031000e-02
   2.9653400e-02
   4.3093600e-02
   4.5412400e-02
   3.5556400e-02
   3.1988000e-02
   2.8821400e-02
   2.0293500e-02
   1.6466900e-02
   1.3148600e-02
   1.0086100e-04
  -2.0391700e-02
  -3.5924700e-02
  -4.2713600e-02
  -4.7468500e-02
  -5.3939200e-02
  -6.0547000e-02
  -5.1163700e-02
  -1.6722600e-02
   2.8222400e-02
   6.6424200e-02
   9.5053700e-02
   1.1235100e-01
   1.0887100e-01
   8.9249000e-02
   7.0652300e-02
   5.5188100e-02
   3.3276600e-02
   3.7708600e-03
  -2.3577900e-02
  -4.1643300e-02
  -4.9402600e-02
  -5.6026700e-02
  -7.6101800e-02
  -9.3504500e-02
  -8.4126800e-02
  -5.7464800e-02
  -3.7745800e-02
  -2.7152700e-02
  -1.2403800e-02
   9.3155700e-03
   1.9330900e-02
   6.4066900e-03
  -1.7487400e-02
  -3.7070400e-02
  -4.5992600e-02
  -5.0723200e-02
  -5.6527600e-02
  -6.1688800e-02
  -6.7811700e-02
  -6.6989600e-02
  -5.0859700e-02
  -2.4031500e-02
   6.0827000e-03
   3.9644100e-02
   7.5442100e-02
   1.0898900e-01
   1.4248000e-01
   1.7208900e-01
   1.8485700e-01
   1.8401500e-01
   1.8269200e-01
   1.7969300e-01
   1.6058200e-01
   1.2394700e-01
   8.4563800e-02
   4.9062500e-02
   1.3927600e-02
  -1.9528200e-02
  -4.6380700e-02
  -6.1360900e-02
  -6.7041500e-02
  -6.5816600e-02
  -5.7289000e-02
  -4.7933800e-02
  -3.9650200e-02
  -2.6722300e-02
  -1.5137600e-02
  -1.8885800e-02
  -2.7377100e-02
  -2.7228300e-02
  -2.7720400e-02
  -3.8879900e-02
  -4.9392200e-02
  -4.5953000e-02
  -3.2850500e-02
  -2.5260100e-02
  -2.5489300e-02
  -1.1290700e-02
   2.5915000e-02
   6.8305200e-02
   9.7513000e-02
   1.1418200e-01
   1.2191300e-01
