   1.3079200e-01
   1.2886100e-01
   1.2730700e-01
   1.2568900e-01
   1.2358600e-01
   1.2180800e-01
   1.2027100e-01
   1.1881500e-01
   1.1734100e-01
   1.1576500e-01
   1.1428200e-01
   1.1301400e-01
   1.1184900e-01
   1.1048400e-01
   1.0939600e-01
   1.0785500e-01
   1.0520300e-01
   1.0161800e-01
   9.7126200e-02
   9.2118000e-02
   8.6333600e-02
   7.9219800e-02
   7.1525400e-02
   6.3498700e-02
   5.4189300e-02
   4.3679500e-02
   3.2271800e-02
   2.0065300e-02
   7.0955100e-03
  -6.2885400e-03
  -1.8730100e-02
  -2.9940900e-02
  -4.0633200e-02
  -5.0121900e-02
  -5.7486300e-02
  -6.2703100e-02
  -6.5558500e-02
  -6.5660600e-02
  -6.3365700e-02
  -5.9092800e-02
  -5.3113300e-02
  -4.5973300e-02
  -3.7530600e-02
  -2.7817800e-02
  -1.7989800e-02
  -8.5509900e-03
   4.7935400e-04
   8.4519300e-03
   1.5271800e-02
   2.1027400e-02
   2.5771000e-02
   3.0734600e-02
   3.6261200e-02
   4.1341200e-02
   4.5428600e-02
   4.8163100e-02
   4.9604400e-02
   4.9977400e-02
   4.9401600e-02
   4.7946500e-02
   4.6602700e-02
   4.5978100e-02
   4.5175500e-02
   4.4840900e-02
   4.5156700e-02
   4.5306900e-02
   4.5476700e-02
   4.5338700e-02
   4.5071500e-02
   4.4860200e-02
   4.4348500e-02
   4.3574800e-02
   4.2769200e-02
   4.2188200e-02
   4.1117200e-02
   3.9935700e-02
   3.9375700e-02
   3.8487400e-02
   3.7319000e-02
   3.5660600e-02
   3.2546800e-02
   2.6946300e-02
   1.8916000e-02
   9.3635600e-03
  -2.4985700e-03
  -1.6216700e-02
  -3.1587500e-02
  -4.9082800e-02
  -6.7696600e-02
  -8.7054700e-02
  -1.0615000e-01
  -1.2384100e-01
  -1.4019800e-01
  -1.5506000e-01
  -1.6908600e-01
  -1.8238000e-01
  -1.9463000e-01
  -2.0645900e-01
  -2.1710900e-01
  -2.2590900e-01
  -2.3253400e-01
  -2.3666200e-01
  -2.3870400e-01
  -2.3915900e-01
  -2.3817900e-01
  -2.3549100e-01
  -2.3153400e-01
  -2.2679300e-01
  -2.2117600e-01
  -2.1482500e-01
  -2.0765200e-01
  -1.9939800e-01
  -1.8989100e-01
  -1.7922300e-01
  -1.6731800e-01
  -1.5416500e-01
  -1.3980400e-01
  -1.2403200e-01
  -1.0800900e-01
  -9.2993600e-02
  -7.9039000e-02
  -6.6151300e-02
  -5.4250400e-02
  -4.3733100e-02
  -3.5488200e-02
  -2.9821200e-02
  -2.6303400e-02
  -2.4313700e-02
  -2.3759700e-02
  -2.4218200e-02
  -2.5280500e-02
  -2.6774400e-02
  -2.7852400e-02
  -2.8066800e-02
  -2.7144700e-02
  -2.3604400e-02
  -1.6711400e-02
  -6.5889800e-03
   7.1738900e-03
   2.3199400e-02
   3.9724500e-02
   5.6899300e-02
   7.4586700e-02
   9.1261400e-02
   1.0552900e-01
   1.1712400e-01
   1.2596100e-01
   1.3217000e-01
   1.3702600e-01
   1.4200400e-01
   1.4718200e-01
   1.5154600e-01
   1.5517400e-01
   1.5910600e-01
   1.6309300e-01
   1.6759200e-01
   1.7284000e-01
   1.7780900e-01
   1.8267900e-01
   1.8693600e-01
   1.9061300e-01
   1.9383300e-01
   1.9650300e-01
   1.9921200e-01
   2.0183300e-01
   2.0471200e-01
   2.0700500e-01
   2.0851000e-01
   2.0993600e-01
   2.1029700e-01
   2.0939200e-01
   2.0839900e-01
   2.0787600e-01
   2.0781200e-01
   2.0820400e-01
   2.0885000e-01
   2.0982300e-01
   2.1122100e-01
   2.1336400e-01
   2.1635600e-01
   2.1974100e-01
   2.2301800e-01
   2.2562300e-01
   2.2776000e-01
   2.2952800e-01
   2.3024400e-01
   2.3022000e-01
   2.3037600e-01
   2.3048900e-01
   2.2989600e-01
   2.2867800e-01
   2.2708000e-01
   2.2501300e-01
   2.2237300e-01
   2.1907400e-01
   2.1464700e-01
   2.0943500e-01
   2.0289700e-01
   1.9445800e-01
   1.8483500e-01
   1.7295700e-01
   1.5929500e-01
   1.4509200e-01
   1.2946900e-01
   1.1254000e-01
   9.4266000e-02
   7.3726300e-02
   5.1377600e-02
   2.7184000e-02
   1.1657600e-03
  -2.6350300e-02
  -5.4573800e-02
  -8.2025400e-02
  -1.0934300e-01
  -1.3538200e-01
  -1.5849800e-01
  -1.7988100e-01
  -2.0007300e-01
  -2.1804600e-01
  -2.3384200e-01
  -2.4801000e-01
  -2.5999400e-01
  -2.7093500e-01
  -2.8187600e-01
  -2.9208600e-01
  -3.0175700e-01
  -3.1086000e-01
  -3.1886400e-01
  -3.2547100e-01
  -3.3005800e-01
  -3.3365600e-01
  -3.3684000e-01
  -3.3954100e-01
  -3.4258100e-01
  -3.4514900e-01
  -3.4700600e-01
  -3.4830300e-01
  -3.4870100e-01
  -3.4873200e-01
  -3.4835000e-01
  -3.4744200e-01
  -3.4652300e-01
  -3.4510800e-01
  -3.4263400e-01
  -3.3976600e-01
  -3.3628000e-01
  -3.3226400e-01
  -3.3011600e-01
  -3.2829000e-01
  -3.2408900e-01
  -3.1895800e-01
  -3.1438700e-01
  -3.0980000e-01
  -3.0583100e-01
  -3.0276100e-01
  -2.9871900e-01
  -2.9542200e-01
  -2.9213000e-01
  -2.8841600e-01
  -2.8520200e-01
  -2.8096900e-01
  -2.7676200e-01
  -2.7406800e-01
  -2.7003300e-01
  -2.6438000e-01
  -2.5944100e-01
  -2.5355800e-01
  -2.4659100e-01
  -2.3958400e-01
  -2.3207700e-01
  -2.2295800e-01
  -2.1281800e-01
  -2.0096300e-01
  -1.8711000e-01
  -1.7269000e-01
  -1.5846500e-01
  -1.4622700e-01
  -1.3526200e-01
  -1.2418200e-01
  -1.1512300e-01
  -1.0740800e-01
  -1.0083400e-01
  -9.6689400e-02
  -9.2661100e-02
  -8.9518700e-02
  -8.8772000e-02
  -8.8566800e-02
  -8.7798500e-02
  -8.8119600e-02
  -8.8626500e-02
  -8.8174400e-02
  -8.8870600e-02
  -8.9511900e-02
  -8.8124200e-02
  -8.6744700e-02
  -8.5817900e-02
  -8.4253000e-02
  -8.3128000e-02
  -8.1879000e-02
  -8.0091100e-02
  -7.9209900e-02
  -7.9319700e-02
  -7.8918700e-02
  -7.9771600e-02
  -8.1360000e-02
  -8.2946300e-02
  -8.6412000e-02
  -9.0650000e-02
  -9.5906400e-02
  -1.0101200e-01
  -1.0721700e-01
  -1.1389000e-01
  -1.1891900e-01
  -1.2427100e-01
  -1.2934600e-01
  -1.3385000e-01
  -1.3795700e-01
  -1.4132300e-01
  -1.4313600e-01
  -1.4450100e-01
  -1.4520300e-01
  -1.4488900e-01
  -1.4398400e-01
  -1.4008700e-01
  -1.3623100e-01
  -1.3239900e-01
  -1.2624700e-01
  -1.2036800e-01
  -1.1355100e-01
  -1.0555700e-01
  -9.8051300e-02
  -9.0077400e-02
  -8.1978700e-02
  -7.4719700e-02
  -6.6394400e-02
  -5.8551800e-02
  -5.3137300e-02
  -4.7939700e-02
  -4.3438300e-02
  -4.0157300e-02
  -3.8266300e-02
  -3.6723500e-02
  -3.3158100e-02
  -2.9640100e-02
  -2.7630200e-02
  -2.4122000e-02
  -1.9901300e-02
  -1.7592600e-02
  -1.5278500e-02
  -1.1922600e-02
  -7.7703000e-03
  -3.0350600e-03
   2.2196400e-03
   8.6571100e-03
   1.5504900e-02
   2.3336400e-02
   3.2290300e-02
   4.1178800e-02
   5.0334100e-02
   5.9721400e-02
   6.9099600e-02
   7.9198200e-02
   9.0161600e-02
   1.0084400e-01
   1.1259400e-01
   1.2354300e-01
   1.3301800e-01
   1.4386200e-01
   1.5432900e-01
   1.6455400e-01
   1.7449100e-01
   1.8474100e-01
   1.9559300e-01
   2.0533600e-01
   2.1573700e-01
   2.2500800e-01
   2.3361900e-01
   2.4305700e-01
   2.5064600e-01
   2.5839000e-01
   2.6605100e-01
   2.7345000e-01
   2.8131900e-01
   2.8883300e-01
   2.9649100e-01
   3.0325200e-01
   3.0935100e-01
   3.1551400e-01
   3.2085200e-01
   3.2645500e-01
   3.3303300e-01
   3.3888300e-01
   3.4477500e-01
   3.4959300e-01
   3.5290700e-01
   3.5696100e-01
   3.6055100e-01
   3.6379500e-01
   3.6671000e-01
   3.6850200e-01
   3.6988400e-01
   3.7054000e-01
   3.6964600e-01
   3.6736200e-01
   3.6488000e-01
   3.6116700e-01
   3.5559800e-01
   3.4837800e-01
   3.3875100e-01
   3.2618600e-01
   3.0995400e-01
   2.8989400e-01
   2.6579600e-01
   2.3636800e-01
   2.0340600e-01
   1.7043900e-01
   1.3729300e-01
   1.0418100e-01
   7.1616000e-02
   3.9931700e-02
   9.4525900e-03
  -1.8667400e-02
  -4.2664400e-02
  -6.3917300e-02
  -8.2466100e-02
  -9.7108800e-02
  -1.0820900e-01
  -1.1553800e-01
  -1.1984400e-01
  -1.2182300e-01
  -1.2275700e-01
  -1.2371400e-01
  -1.2440900e-01
  -1.2748200e-01
  -1.3174600e-01
  -1.3569300e-01
  -1.4153500e-01
  -1.4761800e-01
  -1.5406300e-01
  -1.6212700e-01
  -1.6946700e-01
  -1.7486400e-01
  -1.7807000e-01
  -1.7978000e-01
  -1.8036500e-01
  -1.7778400e-01
  -1.7313900e-01
  -1.6792500e-01
  -1.5955400e-01
  -1.4801300e-01
  -1.3729800e-01
  -1.2614300e-01
  -1.1418500e-01
  -1.0293100e-01
  -9.1124300e-02
  -8.0454900e-02
  -6.9519600e-02
  -5.8966200e-02
  -5.0705100e-02
  -4.2649000e-02
  -3.5437500e-02
  -2.9698400e-02
  -2.4017600e-02
  -1.6777900e-02
  -9.0520000e-03
  -1.0422400e-04
   1.0163700e-02
   1.8844600e-02
   2.7769200e-02
   3.6239600e-02
   4.3709800e-02
   5.2077200e-02
   5.9314200e-02
   6.5266800e-02
   7.1059000e-02
   7.5122400e-02
   7.7140800e-02
   7.9563800e-02
   8.2038300e-02
   8.4376800e-02
   8.7897600e-02
   9.0954100e-02
   9.3341100e-02
   9.5275000e-02
   9.7495700e-02
   1.0014100e-01
   1.0217100e-01
   1.0482900e-01
   1.0880000e-01
   1.1371200e-01
   1.1829000e-01
   1.2319700e-01
   1.2833300e-01
   1.3274900e-01
   1.3688100e-01
   1.4049300e-01
   1.4357300e-01
   1.4608800e-01
   1.4774600e-01
   1.4769800e-01
   1.4611800e-01
   1.4340400e-01
   1.3957600e-01
   1.3439900e-01
   1.2778400e-01
   1.1937300e-01
   1.1080200e-01
   1.0222500e-01
   9.1851200e-02
   8.2471600e-02
   7.3584800e-02
   6.4840900e-02
   5.9113900e-02
   5.5758400e-02
   5.3386000e-02
   5.3154600e-02
   5.5464200e-02
   5.8636600e-02
   6.2944100e-02
   6.6947400e-02
   7.0281700e-02
   7.3741300e-02
   7.5576200e-02
   7.5440900e-02
   7.3321300e-02
   6.8784300e-02
   6.1426300e-02
   5.2127700e-02
   4.0882200e-02
   2.7587900e-02
   1.2321700e-02
  -4.6129900e-03
  -2.2099400e-02
  -4.1069300e-02
  -6.0329700e-02
  -7.8663200e-02
  -9.7173900e-02
  -1.1564100e-01
  -1.3314100e-01
  -1.4865800e-01
  -1.6325100e-01
  -1.7665300e-01
  -1.8698700e-01
  -1.9537900e-01
  -2.0015600e-01
  -2.0178900e-01
  -2.0286100e-01
  -2.0162600e-01
  -1.9849500e-01
  -1.9451600e-01
  -1.8999600e-01
  -1.8619800e-01
  -1.8280400e-01
  -1.7982100e-01
  -1.7791900e-01
  -1.7641700e-01
  -1.7492000e-01
  -1.7456300e-01
  -1.7481100e-01
  -1.7448200e-01
  -1.7522600e-01
  -1.7596900e-01
  -1.7576500e-01
  -1.7606200e-01
  -1.7617500e-01
  -1.7625200e-01
  -1.7575200e-01
  -1.7488000e-01
  -1.7499500e-01
  -1.7473300e-01
  -1.7351800e-01
  -1.7161800e-01
  -1.6969100e-01
  -1.6786100e-01
  -1.6546900e-01
  -1.6273800e-01
  -1.5959600e-01
  -1.5639800e-01
  -1.5345800e-01
  -1.4943300e-01
  -1.4450200e-01
  -1.4045800e-01
  -1.3587100e-01
  -1.3081700e-01
  -1.2705000e-01
  -1.2288800e-01
  -1.1848100e-01
  -1.1536600e-01
  -1.1272800e-01
  -1.1051600e-01
  -1.0876300e-01
  -1.0733900e-01
  -1.0625800e-01
  -1.0551100e-01
  -1.0326000e-01
  -9.9807300e-02
  -9.7508600e-02
  -9.4349000e-02
  -9.0417000e-02
  -8.6613300e-02
  -8.1528900e-02
  -7.5577100e-02
  -6.9398100e-02
  -6.1739700e-02
  -5.4628700e-02
  -4.8854500e-02
  -4.1905300e-02
  -3.5145400e-02
  -2.9178000e-02
  -2.2967900e-02
  -1.6397800e-02
  -9.9376500e-03
  -2.9496800e-03
   4.9323700e-03
   1.3444800e-02
   2.2079800e-02
   3.0216000e-02
   3.9354100e-02
   4.9338800e-02
   5.8484900e-02
   6.5918400e-02
   7.2783900e-02
   8.0186100e-02
   8.6645400e-02
   9.2073100e-02
   9.7348100e-02
   1.0194700e-01
   1.0580000e-01
   1.0928900e-01
   1.1313400e-01
   1.1722700e-01
   1.2064800e-01
   1.2385900e-01
   1.2739200e-01
   1.3081100e-01
   1.3412000e-01
   1.3730600e-01
   1.3926200e-01
   1.4003600e-01
   1.4011100e-01
   1.3985500e-01
   1.3955700e-01
   1.3863600e-01
   1.3594300e-01
   1.3244700e-01
   1.2871600e-01
   1.2314700e-01
   1.1714500e-01
   1.1146900e-01
   1.0481400e-01
   9.7952000e-02
   9.2125100e-02
   8.5618100e-02
   7.8614500e-02
   7.1990300e-02
   6.3811000e-02
   5.6047800e-02
   4.9083800e-02
   4.0791100e-02
   3.2242700e-02
   2.4294800e-02
   1.7648300e-02
   1.1726700e-02
   6.6326600e-03
   3.5043500e-03
   1.0206900e-03
  -1.2747100e-03
  -3.4831200e-03
  -6.1205100e-03
  -8.1688500e-03
  -9.6541100e-03
  -1.1758500e-02
  -1.4119600e-02
  -1.6252300e-02
  -1.8525200e-02
  -2.2157000e-02
  -2.6034700e-02
  -2.9251000e-02
  -3.3719600e-02
  -3.7948400e-02
  -4.1884500e-02
  -4.5997100e-02
  -4.8633200e-02
  -5.1139000e-02
  -5.3233700e-02
  -5.4360700e-02
  -5.6020400e-02
  -5.6822700e-02
  -5.6591100e-02
  -5.6542200e-02
  -5.4762900e-02
  -5.1579200e-02
  -4.8696900e-02
  -4.4802200e-02
  -3.9726900e-02
  -3.4384700e-02
  -2.9120100e-02
  -2.3112000e-02
  -1.6749100e-02
  -1.1034100e-02
  -4.8785200e-03
   5.0010400e-04
   5.0704900e-03
   8.8405800e-03
   9.9489300e-03
   9.7323000e-03
   7.9655900e-03
   3.4917400e-03
  -1.8977500e-03
  -8.6606800e-03
  -1.7760000e-02
  -2.8106900e-02
  -3.9435400e-02
  -5.0889300e-02
  -6.2243100e-02
  -7.3007100e-02
  -8.1310600e-02
  -8.8673800e-02
  -9.5016200e-02
  -9.8609500e-02
  -1.0061600e-01
  -1.0077700e-01
  -9.9101400e-02
  -9.6995900e-02
  -9.3899400e-02
  -8.9356300e-02
  -8.3838000e-02
  -7.7651200e-02
  -7.1650800e-02
  -6.4434100e-02
  -5.5077200e-02
  -4.4804300e-02
  -3.3044300e-02
  -1.9086600e-02
  -4.0196000e-03
   1.0524200e-02
   2.4570700e-02
   3.7838400e-02
   4.9387700e-02
   5.9270200e-02
   6.7898000e-02
   7.5799600e-02
   8.2149400e-02
   8.5840400e-02
   8.6882700e-02
   8.6602100e-02
   8.4715200e-02
   7.9723700e-02
   7.3604800e-02
   6.7372700e-02
   5.9933100e-02
   5.2389900e-02
   4.5728000e-02
   4.0459600e-02
   3.7295700e-02
   3.6062700e-02
   3.7714600e-02
   4.2277200e-02
   4.8437700e-02
   5.6496100e-02
   6.5267500e-02
   7.3045600e-02
   8.0451000e-02
   8.7460100e-02
   9.3153400e-02
   9.7909100e-02
   1.0350600e-01
   1.0967000e-01
   1.1401700e-01
   1.1823000e-01
   1.2314400e-01
   1.2766500e-01
   1.3293800e-01
   1.3910100e-01
   1.4619400e-01
   1.5406500e-01
   1.6217000e-01
   1.6906300e-01
   1.7485200e-01
   1.8095400e-01
   1.8565500e-01
   1.8973100e-01
   1.9473500e-01
   1.9870800e-01
   2.0128000e-01
   2.0326000e-01
   2.0474100e-01
   2.0500200e-01
   2.0429500e-01
   2.0250100e-01
   1.9910400e-01
   1.9450500e-01
   1.8789000e-01
   1.8031000e-01
   1.7139200e-01
   1.5987100e-01
   1.4702400e-01
   1.3410700e-01
   1.2226000e-01
   1.1137600e-01
   1.0108700e-01
   9.1085500e-02
   8.1559000e-02
   7.3009000e-02
   6.6429200e-02
   6.2119200e-02
   5.8969300e-02
   5.6640700e-02
   5.5522200e-02
   5.5653100e-02
   5.5886300e-02
   5.7302700e-02
   5.9978000e-02
   6.2006200e-02
   6.4661300e-02
   6.7916200e-02
   7.0582500e-02
   7.2739500e-02
   7.3878200e-02
   7.4055700e-02
   7.4088600e-02
   7.3713500e-02
   7.2072900e-02
   7.0038200e-02
   6.7553100e-02
   6.3720400e-02
   5.9756200e-02
   5.5712700e-02
   5.1318700e-02
   4.6616100e-02
   4.1735900e-02
   3.8120600e-02
   3.4949800e-02
   3.1347900e-02
   2.8659200e-02
   2.6745700e-02
   2.4348400e-02
   2.2558000e-02
   2.0855600e-02
   1.7273400e-02
   1.2868400e-02
   7.9939700e-03
   1.7288100e-03
  -4.5319100e-03
  -1.0097700e-02
  -1.6726000e-02
  -2.4155900e-02
  -3.2300800e-02
  -4.1573000e-02
  -5.2119600e-02
  -6.3259300e-02
  -7.2935900e-02
  -8.2220200e-02
  -9.2435000e-02
  -1.0344100e-01
  -1.1535600e-01
  -1.2832300e-01
  -1.4241000e-01
  -1.5507200e-01
  -1.6516300e-01
  -1.7427200e-01
  -1.8190300e-01
  -1.8894300e-01
  -1.9632100e-01
  -2.0190000e-01
  -2.0550800e-01
  -2.0825600e-01
  -2.0994600e-01
  -2.1106200e-01
  -2.1168000e-01
  -2.1122000e-01
  -2.1006000e-01
  -2.0743200e-01
  -2.0351000e-01
  -1.9963900e-01
  -1.9466800e-01
  -1.8861300e-01
  -1.8295100e-01
  -1.7637100e-01
  -1.6760300e-01
  -1.5763200e-01
  -1.4650900e-01
  -1.3457800e-01
  -1.2268900e-01
  -1.1084000e-01
  -9.9143700e-02
  -8.6604300e-02
  -7.2948300e-02
  -5.9391800e-02
  -4.6568100e-02
  -3.4767100e-02
  -2.3613800e-02
  -1.3442800e-02
  -3.3612000e-03
   8.3170700e-03
   1.9756600e-02
   3.1031800e-02
   4.2586200e-02
   5.2060400e-02
   6.0687500e-02
   7.0668600e-02
   8.0894000e-02
   9.0405400e-02
   9.9386900e-02
   1.0698400e-01
   1.1314300e-01
   1.1922400e-01
   1.2544300e-01
   1.3142600e-01
   1.3620200e-01
   1.3876500e-01
   1.3898400e-01
   1.3715800e-01
   1.3374000e-01
   1.2841600e-01
   1.2109200e-01
   1.1258100e-01
   1.0297200e-01
   9.2841300e-02
   8.2257800e-02
   7.0079200e-02
   5.6279000e-02
   4.0759100e-02
   2.4737400e-02
   1.0690200e-02
  -1.0946300e-03
  -1.2225000e-02
  -2.1872500e-02
  -2.9952200e-02
  -3.8069100e-02
  -4.3768100e-02
  -4.7505200e-02
  -5.0724800e-02
  -5.2224800e-02
  -5.3067500e-02
  -5.3248100e-02
  -5.2296600e-02
  -5.0963300e-02
  -4.9317100e-02
  -4.8098000e-02
  -4.7930200e-02
  -4.7885700e-02
  -4.8605100e-02
  -4.9811500e-02
  -5.1019300e-02
  -5.3925600e-02
  -5.8098800e-02
  -6.2710200e-02
  -6.8179800e-02
  -7.3834500e-02
  -7.8800200e-02
  -8.3132800e-02
  -8.6738600e-02
  -9.0858100e-02
  -9.5709100e-02
  -1.0002900e-01
  -1.0390900e-01
  -1.0637600e-01
  -1.0773400e-01
  -1.0834500e-01
  -1.0706700e-01
  -1.0524200e-01
  -1.0242900e-01
  -9.7392100e-02
  -9.1220900e-02
  -8.3275600e-02
  -7.4151300e-02
  -6.4629400e-02
  -5.4778600e-02
  -4.4897600e-02
  -3.3971600e-02
  -2.3059600e-02
  -1.2374900e-02
  -1.4708200e-03
   8.1925200e-03
   1.6864100e-02
   2.4529300e-02
   2.9894500e-02
   3.3514900e-02
   3.6395400e-02
   3.8321000e-02
   3.9223400e-02
   3.9679200e-02
   3.9484900e-02
   3.8570100e-02
   3.7253600e-02
   3.5238700e-02
   3.3428100e-02
   3.1865900e-02
   3.0353900e-02
   2.9788600e-02
   2.9427800e-02
   2.9271200e-02
   2.9893300e-02
   3.1066300e-02
   3.1846000e-02
   3.1996600e-02
   3.1896800e-02
   3.1491500e-02
   3.1135700e-02
   3.0120500e-02
   2.7864900e-02
   2.4078300e-02
   1.8438000e-02
   1.2083000e-02
   5.6180600e-03
  -2.2712600e-03
  -1.2111200e-02
  -2.2487000e-02
  -3.2844600e-02
  -4.3528200e-02
  -5.3521500e-02
  -6.3149700e-02
  -7.3524500e-02
  -8.3941300e-02
  -9.3885100e-02
  -1.0321500e-01
  -1.1209900e-01
  -1.2072600e-01
  -1.2907500e-01
  -1.3712800e-01
  -1.4430300e-01
  -1.4986800e-01
  -1.5448200e-01
  -1.5911300e-01
  -1.6285600e-01
  -1.6653900e-01
  -1.7083300e-01
  -1.7423300e-01
  -1.7690200e-01
  -1.7858100e-01
  -1.7955500e-01
  -1.8022300e-01
  -1.8001700e-01
  -1.7927000e-01
  -1.7760400e-01
  -1.7507300e-01
  -1.7183800e-01
  -1.6753000e-01
  -1.6291200e-01
  -1.5852500e-01
  -1.5371900e-01
  -1.4867900e-01
  -1.4332800e-01
  -1.3692900e-01
  -1.3083300e-01
  -1.2569300e-01
  -1.2125100e-01
  -1.1791000e-01
  -1.1566300e-01
  -1.1373700e-01
  -1.1149000e-01
  -1.0901700e-01
  -1.0680100e-01
  -1.0509000e-01
  -1.0305100e-01
  -1.0091600e-01
  -9.8004300e-02
  -9.3563000e-02
  -8.8595900e-02
  -8.3150800e-02
  -7.7159000e-02
  -7.0394400e-02
  -6.2670600e-02
  -5.4396000e-02
  -4.4865400e-02
  -3.4205800e-02
  -2.4248800e-02
  -1.5318800e-02
  -6.9930000e-03
   3.2284500e-04
   6.2805400e-03
   1.1284600e-02
   1.6153600e-02
   2.0464100e-02
   2.4247600e-02
   2.8084800e-02
   3.1185000e-02
   3.4069600e-02
   3.7340700e-02
   4.1001400e-02
   4.5178000e-02
   4.9839500e-02
   5.5197000e-02
   6.0702900e-02
   6.6123300e-02
   7.1460400e-02
   7.7308500e-02
   8.4155300e-02
   9.0310800e-02
   9.6512200e-02
   1.0349000e-01
   1.0972600e-01
   1.1546900e-01
   1.2046700e-01
   1.2563900e-01
   1.3140400e-01
   1.3656100e-01
   1.4158800e-01
   1.4683300e-01
   1.5143500e-01
   1.5535700e-01
   1.5925600e-01
   1.6332000e-01
   1.6734700e-01
   1.7071700e-01
   1.7358700e-01
   1.7669100e-01
   1.8031800e-01
   1.8413700e-01
   1.8817900e-01
   1.9239700e-01
   1.9642100e-01
   2.0033400e-01
   2.0376100e-01
   2.0719300e-01
   2.1107400e-01
   2.1457500e-01
   2.1774200e-01
   2.2085500e-01
   2.2366700e-01
   2.2600800e-01
   2.2838400e-01
   2.3003500e-01
   2.3130900e-01
   2.3263700e-01
   2.3243600e-01
   2.3151400e-01
   2.2945700e-01
   2.2576400e-01
   2.2113400e-01
   2.1543100e-01
   2.0895100e-01
   2.0119200e-01
   1.9201500e-01
   1.8119500e-01
   1.6920300e-01
   1.5630000e-01
   1.4329300e-01
   1.3162700e-01
   1.2029500e-01
   1.0948000e-01
   9.8363000e-02
   8.6833700e-02
   7.6817500e-02
   6.7333200e-02
   5.8797000e-02
   5.1034700e-02
   4.2943900e-02
   3.5454600e-02
   2.9137100e-02
   2.3211000e-02
   1.7416000e-02
   1.2865600e-02
   8.2153700e-03
   1.8480900e-03
  -5.4740100e-03
  -1.2570100e-02
  -2.0239600e-02
  -2.8026200e-02
  -3.4965500e-02
  -4.2039000e-02
  -4.8412200e-02
  -5.3749200e-02
  -5.8453100e-02
  -6.2246500e-02
  -6.4364400e-02
  -6.5536500e-02
  -6.7246100e-02
  -6.7694200e-02
  -6.6899300e-02
  -6.6702600e-02
  -6.5908700e-02
  -6.4210500e-02
  -6.3749300e-02
  -6.2466000e-02
  -6.0661800e-02
  -6.0644200e-02
  -5.9878700e-02
  -5.8837000e-02
  -5.8037700e-02
  -5.6910500e-02
  -5.5023600e-02
  -5.2757600e-02
  -5.1282600e-02
  -4.9472400e-02
  -4.6798100e-02
  -4.4254600e-02
  -4.1334600e-02
  -3.6972400e-02
  -3.3366500e-02
  -3.0588100e-02
  -2.6718800e-02
  -2.2822800e-02
  -1.9500800e-02
  -1.5428300e-02
  -1.0232500e-02
  -5.0282400e-03
  -2.4074700e-04
   4.8087100e-03
   1.0699400e-02
   1.6572200e-02
   2.2319200e-02
   2.8152100e-02
   3.3808300e-02
   3.9249900e-02
   4.3993000e-02
   4.8329200e-02
   5.2121100e-02
   5.5156700e-02
   5.7890800e-02
   5.9531800e-02
   6.0477500e-02
   6.0943800e-02
   6.0577200e-02
   6.0744700e-02
   6.0641900e-02
   6.0078700e-02
   5.9414900e-02
   5.7123200e-02
   5.4779900e-02
   5.3519700e-02
   5.1104700e-02
   4.8580100e-02
   4.7078900e-02
   4.5734600e-02
   4.3632800e-02
   4.0026200e-02
   3.6796600e-02
   3.3142900e-02
   2.8152100e-02
   2.3037000e-02
   1.7247500e-02
   1.0991700e-02
   3.9374700e-03
  -3.0479400e-03
  -9.7551100e-03
  -1.7277700e-02
  -2.4573600e-02
  -3.1736100e-02
  -3.7761700e-02
  -4.1767900e-02
  -4.4054300e-02
  -4.4867200e-02
  -4.6020900e-02
  -4.6972600e-02
  -4.6471400e-02
  -4.5414300e-02
  -4.4067400e-02
  -4.1794900e-02
  -3.8756500e-02
  -3.5562100e-02
  -3.1875000e-02
  -2.7852500e-02
  -2.3925700e-02
  -1.9540400e-02
  -1.5195200e-02
  -1.1090800e-02
  -6.3632600e-03
  -1.1213000e-03
   4.5075500e-03
   9.4828100e-03
   1.4069600e-02
   1.8806600e-02
   2.2377900e-02
   2.5555100e-02
   2.8954000e-02
   3.2410200e-02
   3.5714100e-02
   3.7524300e-02
   3.8369800e-02
   3.9668600e-02
   4.0011000e-02
   3.9118000e-02
   3.8431000e-02
   3.7037300e-02
   3.4021500e-02
   3.0160000e-02
   2.5133900e-02
   1.9531200e-02
   1.4487200e-02
   8.3077400e-03
   2.3864000e-03
  -1.5658200e-03
  -5.8306300e-03
  -1.0329500e-02
  -1.4196400e-02
  -1.8647300e-02
  -2.3920500e-02
  -2.9049100e-02
  -3.3269400e-02
  -3.6934900e-02
  -3.9503600e-02
  -4.0376300e-02
  -4.1179600e-02
  -4.1722400e-02
  -4.0535400e-02
  -3.9317400e-02
  -3.8544200e-02
  -3.6451200e-02
  -3.3326200e-02
  -2.9445800e-02
  -2.6071800e-02
  -2.3094400e-02
  -1.9251200e-02
  -1.5987500e-02
  -1.3007100e-02
  -9.4445700e-03
  -6.2856000e-03
  -3.3227900e-03
  -7.8217600e-04
   1.5464200e-03
   4.4186700e-03
   6.7887500e-03
   8.9491400e-03
   1.0859200e-02
   1.1479900e-02
   1.1696600e-02
   1.1706900e-02
   1.0962000e-02
   9.8542900e-03
   8.2966100e-03
   6.6265900e-03
   5.0977900e-03
   4.0753300e-03
   3.2294400e-03
   1.8252500e-03
   1.2264900e-03
   1.2489800e-03
   1.0761100e-03
   1.7832200e-03
   2.6812400e-03
   3.0625400e-03
   4.0177100e-03
   5.0647900e-03
   5.6890300e-03
   7.1415300e-03
   8.9920400e-03
   1.0019600e-02
   1.1108100e-02
   1.2419300e-02
   1.3031600e-02
   1.3822900e-02
   1.5977800e-02
   1.7661000e-02
   1.8771900e-02
   2.0879000e-02
   2.2521000e-02
   2.3908400e-02
   2.5370500e-02
   2.6703200e-02
   2.8433400e-02
   2.9373500e-02
   3.0357300e-02
   3.1831800e-02
   3.1901000e-02
   3.1099200e-02
   3.0890500e-02
   3.0061400e-02
   2.7997000e-02
   2.6425500e-02
   2.4235900e-02
   2.0824100e-02
   1.7840400e-02
   1.4918900e-02
   1.1434600e-02
   7.7243800e-03
   3.8442300e-03
  -8.0985300e-04
  -5.4437000e-03
  -9.0031600e-03
  -1.1930800e-02
  -1.3729200e-02
  -1.4253500e-02
  -1.4604700e-02
  -1.4655700e-02
  -1.4404700e-02
  -1.3932500e-02
  -1.3202800e-02
  -1.2281500e-02
  -1.0850800e-02
  -9.1819200e-03
  -7.4719600e-03
  -6.0012900e-03
  -4.4821000e-03
  -2.7503700e-03
  -1.2670100e-03
   6.6140200e-04
   3.4548300e-03
   6.7497200e-03
   9.3528800e-03
   1.1910900e-02
   1.4992300e-02
   1.6948000e-02
   1.8918000e-02
   2.0567400e-02
   2.1221500e-02
   2.1709700e-02
   2.1940300e-02
   2.1794900e-02
   2.0706800e-02
   1.9115700e-02
   1.7194800e-02
   1.4829900e-02
   1.1008400e-02
   6.7914400e-03
   3.1933000e-03
  -1.3317900e-03
  -5.6549200e-03
  -9.1421100e-03
  -1.2499600e-02
  -1.5769900e-02
  -1.8675300e-02
  -2.1242500e-02
  -2.3961900e-02
  -2.6145400e-02
  -2.7458400e-02
  -2.8470600e-02
  -2.9285400e-02
  -2.9719500e-02
  -3.0181300e-02
  -3.0980000e-02
  -3.1687200e-02
  -3.1877800e-02
  -3.2277600e-02
  -3.3378100e-02
  -3.3653200e-02
  -3.3793600e-02
  -3.3970600e-02
  -3.3319900e-02
  -3.3091000e-02
  -3.3651600e-02
  -3.4383300e-02
  -3.5203000e-02
  -3.6053800e-02
  -3.6648500e-02
  -3.7737500e-02
  -3.8790800e-02
  -3.8929400e-02
  -3.9815100e-02
  -4.1800100e-02
  -4.3463100e-02
  -4.4686700e-02
  -4.6038300e-02
  -4.7738600e-02
  -4.9714500e-02
  -5.1989600e-02
  -5.4666200e-02
  -5.8088000e-02
  -6.1428300e-02
  -6.4420400e-02
  -6.7910300e-02
  -7.1470200e-02
  -7.5113400e-02
  -7.8202700e-02
  -8.0478900e-02
  -8.3045100e-02
  -8.5707300e-02
  -8.7788300e-02
  -8.9644100e-02
  -9.0795500e-02
  -9.0864500e-02
  -9.0999800e-02
  -9.0678100e-02
  -8.9932100e-02
  -8.9054500e-02
  -8.7560300e-02
  -8.5592700e-02
  -8.3014800e-02
  -7.9532300e-02
  -7.4931000e-02
  -6.9658100e-02
  -6.3564500e-02
  -5.6623200e-02
  -4.9577400e-02
  -4.1586300e-02
  -3.3218800e-02
  -2.5116200e-02
  -1.5933700e-02
  -6.3467100e-03
   3.2360300e-03
   1.2464500e-02
   2.1654200e-02
   3.0388500e-02
   3.7923200e-02
   4.5497500e-02
   5.2641800e-02
   5.8616000e-02
   6.3548900e-02
   6.7786000e-02
   7.1072400e-02
   7.3239500e-02
   7.4724300e-02
   7.5784900e-02
   7.6353000e-02
   7.6995300e-02
   7.7538700e-02
   7.8325400e-02
   7.9176100e-02
   7.8918300e-02
   7.8792200e-02
   7.8979300e-02
   7.8690200e-02
   7.8687000e-02
   7.9030400e-02
   7.8286700e-02
   7.7182300e-02
   7.6321000e-02
   7.4516600e-02
   7.2649100e-02
   7.1222000e-02
   6.9432500e-02
   6.7233000e-02
   6.4934700e-02
   6.2874800e-02
   6.0204200e-02
   5.7260100e-02
   5.4702500e-02
   5.2124600e-02
   4.9443800e-02
   4.6626000e-02
   4.4087700e-02
   4.2070400e-02
   3.9850900e-02
   3.7300800e-02
   3.4846800e-02
   3.2083200e-02
   2.8903100e-02
   2.5276600e-02
   2.1621700e-02
   1.8142100e-02
   1.4555400e-02
   1.0775500e-02
   6.5269800e-03
   2.5313500e-03
  -1.4034700e-03
  -5.9661500e-03
  -9.7833900e-03
  -1.3341700e-02
  -1.7220000e-02
  -2.0470500e-02
  -2.3851400e-02
  -2.7380600e-02
  -3.0487800e-02
  -3.3266200e-02
  -3.5867500e-02
  -3.8834700e-02
  -4.2182900e-02
  -4.5362300e-02
  -4.9196700e-02
  -5.3707400e-02
  -5.8110700e-02
  -6.2897200e-02
  -6.7383000e-02
  -7.1268200e-02
  -7.5249900e-02
  -7.8958700e-02
  -8.1549600e-02
  -8.4376100e-02
  -8.7186100e-02
  -8.8852900e-02
  -9.0828900e-02
  -9.2120900e-02
  -9.2714600e-02
  -9.3405700e-02
  -9.4032200e-02
  -9.4656300e-02
  -9.4586900e-02
  -9.5239900e-02
  -9.6415600e-02
  -9.6468100e-02
  -9.5874900e-02
  -9.4568400e-02
  -9.3086200e-02
  -9.1380100e-02
  -8.8880200e-02
  -8.6089300e-02
  -8.2291600e-02
  -7.7621100e-02
  -7.3111500e-02
  -6.7300500e-02
  -6.0580100e-02
  -5.4754000e-02
  -4.8160300e-02
  -4.1582700e-02
  -3.5776500e-02
  -2.9365100e-02
  -2.3502100e-02
  -1.8580900e-02
  -1.3970900e-02
  -1.0154900e-02
  -6.9161800e-03
  -3.7988300e-03
  -1.1382300e-03
   1.0126500e-03
   2.9979800e-03
   4.8198300e-03
   6.0052100e-03
   6.7212200e-03
   6.7714000e-03
   6.7556900e-03
   6.8244900e-03
   6.3507900e-03
   6.1537800e-03
   5.6773100e-03
   4.2987400e-03
   2.5488800e-03
   3.8708800e-04
  -2.0874900e-03
  -4.8091000e-03
  -8.4115700e-03
  -1.2646400e-02
  -1.6605100e-02
  -2.0079900e-02
  -2.3278700e-02
  -2.6158600e-02
  -2.8124000e-02
  -2.9288300e-02
  -3.0513100e-02
  -3.1445900e-02
  -3.1798700e-02
  -3.2222600e-02
  -3.2380400e-02
  -3.2324200e-02
  -3.1883300e-02
  -3.1070100e-02
  -3.0335200e-02
  -2.9006100e-02
  -2.7576100e-02
  -2.6183800e-02
  -2.4552700e-02
  -2.3790800e-02
  -2.3834100e-02
  -2.3941400e-02
  -2.4430700e-02
  -2.5417000e-02
  -2.6349800e-02
  -2.7550400e-02
  -2.8738100e-02
  -2.9521800e-02
  -3.1427000e-02
  -3.3884300e-02
  -3.5823800e-02
  -3.7495100e-02
  -3.9153300e-02
  -4.0525300e-02
  -4.1498300e-02
  -4.3163200e-02
  -4.4413200e-02
  -4.5054300e-02
  -4.5787600e-02
  -4.5702300e-02
  -4.5529300e-02
  -4.5207000e-02
  -4.3876700e-02
  -4.2057400e-02
  -4.0015700e-02
  -3.7691100e-02
  -3.5287000e-02
  -3.2868400e-02
  -3.0272300e-02
  -2.7405400e-02
  -2.4513100e-02
  -2.1146700e-02
  -1.7366200e-02
  -1.3758800e-02
  -9.5205300e-03
  -5.5559700e-03
  -2.1982500e-03
   1.5720600e-03
   5.2121600e-03
   8.9092600e-03
   1.2715700e-02
   1.6284300e-02
   2.0026700e-02
   2.3336300e-02
   2.6038200e-02
   2.8603400e-02
   3.0242800e-02
   3.1179200e-02
   3.2044700e-02
   3.2904200e-02
   3.3602000e-02
   3.4106200e-02
   3.4923400e-02
   3.5669900e-02
   3.6733900e-02
   3.8374000e-02
   4.0123900e-02
   4.2064800e-02
   4.4228500e-02
   4.6181800e-02
   4.8040300e-02
   5.0706400e-02
   5.2942700e-02
   5.4736700e-02
   5.6771200e-02
   5.8514200e-02
   6.0160800e-02
   6.1871500e-02
   6.3812800e-02
   6.5522600e-02
   6.6794300e-02
   6.8033200e-02
   6.9108800e-02
   6.9942300e-02
   7.1177400e-02
   7.2871300e-02
   7.4703400e-02
   7.6678600e-02
   7.8787300e-02
   8.0589900e-02
   8.2559700e-02
   8.5350800e-02
   8.8046400e-02
   9.0573200e-02
   9.3340900e-02
   9.5853700e-02
   9.8203500e-02
   1.0062200e-01
   1.0265700e-01
   1.0441200e-01
   1.0630200e-01
   1.0831700e-01
   1.1003500e-01
   1.1155000e-01
   1.1283600e-01
   1.1331400e-01
   1.1360200e-01
   1.1407100e-01
   1.1429900e-01
   1.1437300e-01
   1.1432000e-01
   1.1364600e-01
   1.1230400e-01
   1.1073900e-01
   1.0890500e-01
   1.0634700e-01
   1.0259400e-01
   9.8244500e-02
   9.3782500e-02
   8.8292900e-02
   8.2194900e-02
   7.5992600e-02
   6.9170900e-02
   6.2117600e-02
   5.4415600e-02
   4.6274900e-02
   3.8393100e-02
   3.0419200e-02
   2.2802300e-02
   1.5762400e-02
   9.5038800e-03
   4.3957400e-03
   3.4786500e-06
  -3.8480800e-03
  -7.0232700e-03
  -9.7599300e-03
  -1.2202500e-02
  -1.3974500e-02
  -1.5098400e-02
  -1.6117700e-02
  -1.7352800e-02
  -1.8688900e-02
  -1.9452900e-02
  -1.9614700e-02
  -1.9840500e-02
  -2.0499700e-02
  -2.1941500e-02
  -2.3519200e-02
  -2.4576700e-02
  -2.5684300e-02
  -2.6537400e-02
  -2.6686200e-02
  -2.6759100e-02
  -2.6567300e-02
  -2.5556100e-02
  -2.4459500e-02
  -2.2879600e-02
  -2.0294900e-02
  -1.7765600e-02
  -1.4951400e-02
  -1.1739100e-02
  -8.7194200e-03
  -5.8287100e-03
  -3.0895200e-03
  -9.6416300e-04
   5.0530000e-04
   1.7168500e-03
   2.5092300e-03
   3.3562300e-03
   3.9426500e-03
   3.5890200e-03
   2.8479800e-03
   2.1234000e-03
   1.6507900e-03
   1.3694200e-03
   9.2976600e-04
   1.2254600e-04
  -1.1092300e-03
  -2.4431500e-03
  -3.6542000e-03
  -4.8277700e-03
  -5.8472600e-03
  -6.3095800e-03
  -6.1461100e-03
  -5.9116000e-03
  -5.8625700e-03
  -5.5855700e-03
  -4.6468000e-03
  -3.3020600e-03
  -1.7118300e-03
   6.8062200e-04
   3.6280000e-03
   6.2709600e-03
   8.6424100e-03
   1.0693200e-02
   1.1866800e-02
   1.2650600e-02
   1.3465800e-02
   1.3990100e-02
   1.4230800e-02
   1.4091500e-02
   1.3747600e-02
   1.3089100e-02
   1.2124600e-02
   1.1373700e-02
   9.9907800e-03
   7.8356800e-03
   5.7756200e-03
   3.2564900e-03
   6.1901100e-04
  -1.9279900e-03
  -4.9911200e-03
  -7.8333000e-03
  -1.0450000e-02
  -1.3396500e-02
  -1.6193700e-02
  -1.8567700e-02
  -2.1218700e-02
  -2.3886100e-02
  -2.5681300e-02
  -2.7021600e-02
  -2.8275700e-02
  -2.8988400e-02
  -2.9663300e-02
  -3.0555700e-02
  -3.1164500e-02
  -3.2161900e-02
  -3.3841000e-02
  -3.5159900e-02
  -3.5799100e-02
  -3.6203900e-02
  -3.6793800e-02
  -3.7436200e-02
  -3.7793100e-02
  -3.8378600e-02
  -3.9260100e-02
  -4.0140100e-02
  -4.0213100e-02
  -3.9873100e-02
  -3.9478300e-02
  -3.8559000e-02
  -3.7669700e-02
  -3.6358700e-02
  -3.4638300e-02
  -3.2662300e-02
  -3.0398300e-02
  -2.8068300e-02
  -2.5649400e-02
  -2.2841200e-02
  -1.8943600e-02
  -1.4530100e-02
  -1.0208100e-02
  -5.7453100e-03
  -1.1047100e-03
   3.1511300e-03
   7.6534500e-03
   1.2702700e-02
   1.7212600e-02
   2.1287200e-02
   2.4756200e-02
   2.8023400e-02
   3.1059700e-02
   3.3600600e-02
   3.6705700e-02
   3.9401400e-02
   4.1010400e-02
   4.2840800e-02
   4.4600300e-02
   4.5440100e-02
   4.6490100e-02
   4.7540700e-02
   4.8207400e-02
   4.9082700e-02
   4.9745100e-02
   5.0720000e-02
   5.1246100e-02
   5.1287000e-02
   5.1719500e-02
   5.1671600e-02
   5.1515500e-02
   5.1352800e-02
   5.0797300e-02
   5.0214500e-02
   4.9259600e-02
   4.7808700e-02
   4.6453000e-02
   4.5056700e-02
   4.3493200e-02
   4.2279800e-02
   4.0790400e-02
   3.9358800e-02
   3.8379100e-02
   3.6859000e-02
   3.5595000e-02
   3.4923300e-02
   3.3920800e-02
   3.2836400e-02
   3.1951900e-02
   3.0759600e-02
   2.9377000e-02
   2.7525400e-02
   2.5233600e-02
   2.2681000e-02
   1.9353700e-02
   1.5579800e-02
   1.1582800e-02
   7.4599400e-03
   3.0228600e-03
  -1.7903700e-03
  -6.6470300e-03
  -1.1286000e-02
  -1.5744500e-02
  -2.0612400e-02
  -2.5576000e-02
  -3.0106400e-02
  -3.4909400e-02
  -4.0009700e-02
  -4.4626900e-02
  -4.8948900e-02
  -5.2529300e-02
  -5.5056300e-02
  -5.6782700e-02
  -5.7485600e-02
  -5.8072900e-02
  -5.8607600e-02
  -5.8421600e-02
  -5.7743200e-02
  -5.6742000e-02
  -5.4967500e-02
  -5.2529900e-02
  -5.0229400e-02
  -4.6947200e-02
  -4.2868000e-02
  -3.9543300e-02
  -3.6670000e-02
  -3.3849300e-02
  -3.1458900e-02
  -2.9002600e-02
  -2.6413700e-02
  -2.4723500e-02
  -2.3518800e-02
  -2.2862500e-02
  -2.2975000e-02
  -2.3141600e-02
  -2.3590900e-02
  -2.5123800e-02
  -2.7737900e-02
  -3.0224700e-02
  -3.2606200e-02
  -3.5420300e-02
  -3.7872000e-02
  -4.0420700e-02
  -4.3572500e-02
  -4.6924000e-02
  -5.0591200e-02
  -5.3861600e-02
  -5.6530900e-02
  -5.9201100e-02
  -6.1673400e-02
  -6.4405600e-02
  -6.7052000e-02
  -6.9096500e-02
  -7.1296500e-02
  -7.3816700e-02
  -7.5597200e-02
  -7.7138300e-02
  -7.9709300e-02
  -8.1637100e-02
  -8.2742700e-02
  -8.3786100e-02
  -8.4748500e-02
  -8.5674800e-02
  -8.6375800e-02
  -8.7405200e-02
  -8.8198600e-02
  -8.8526100e-02
  -8.8883400e-02
  -8.9042700e-02
  -8.8667900e-02
  -8.8104600e-02
  -8.7123000e-02
  -8.5449500e-02
  -8.3708000e-02
  -8.1280100e-02
  -7.8423100e-02
  -7.5635500e-02
  -7.2428200e-02
  -6.9358600e-02
  -6.6160000e-02
  -6.1995700e-02
  -5.7728300e-02
  -5.3471300e-02
  -4.9179300e-02
  -4.5425000e-02
  -4.1447000e-02
  -3.7414700e-02
  -3.3663000e-02
  -2.9598800e-02
  -2.5316400e-02
  -2.1008300e-02
  -1.7116900e-02
  -1.3703800e-02
  -9.9015600e-03
  -6.4020300e-03
  -3.6153800e-03
  -7.4161600e-04
   1.8540100e-03
   4.1517900e-03
   6.3069300e-03
   8.0861000e-03
   9.7815900e-03
   1.1404800e-02
   1.2688900e-02
   1.4091400e-02
   1.5906200e-02
   1.7968100e-02
   1.9748200e-02
   2.1126800e-02
   2.2870000e-02
   2.4637300e-02
   2.6764100e-02
   2.9648000e-02
   3.2425300e-02
   3.5365000e-02
   3.8394000e-02
   4.1011500e-02
   4.3066800e-02
   4.4908200e-02
   4.6731800e-02
   4.7608900e-02
   4.8279100e-02
   4.9308800e-02
   4.9992500e-02
   5.0366800e-02
   5.0217700e-02
   5.0008800e-02
   4.9612900e-02
   4.8631200e-02
   4.7645400e-02
   4.6614100e-02
   4.5581200e-02
   4.4555500e-02
   4.3293400e-02
   4.1625100e-02
   3.9587400e-02
   3.6850800e-02
   3.3391000e-02
   3.0049000e-02
   2.6651400e-02
   2.2887000e-02
   1.9656000e-02
   1.7340100e-02
   1.5182000e-02
   1.2935200e-02
   1.0693600e-02
   8.9761700e-03
   8.1287700e-03
   7.4177600e-03
   7.2606000e-03
   7.8320000e-03
   8.0656000e-03
   8.3912700e-03
   8.6440200e-03
   8.5422100e-03
   8.8911300e-03
   9.3893500e-03
   9.8989000e-03
   9.7728100e-03
   9.8219600e-03
   1.0589400e-02
   1.0852400e-02
   1.0946700e-02
   1.0835400e-02
   1.0380100e-02
   9.7585100e-03
   8.9316600e-03
   8.3980500e-03
   8.3445800e-03
   7.9697800e-03
   6.8653100e-03
   5.3649600e-03
   3.6866700e-03
   1.7572400e-03
   2.3041900e-05
  -1.0063500e-03
  -1.6217700e-03
  -2.4165000e-03
  -3.5965800e-03
  -4.8636000e-03
  -6.0609500e-03
  -7.3050300e-03
  -8.5099500e-03
  -1.0103400e-02
  -1.1895400e-02
  -1.3754900e-02
  -1.6395400e-02
  -1.8699600e-02
  -2.0797800e-02
  -2.3594100e-02
  -2.6089300e-02
  -2.8281200e-02
  -3.0766100e-02
  -3.2858900e-02
  -3.4271200e-02
  -3.5765600e-02
  -3.7241400e-02
  -3.8130400e-02
  -3.8543000e-02
  -3.8834400e-02
  -3.8779300e-02
  -3.8251900e-02
  -3.7914300e-02
  -3.7131200e-02
  -3.5466100e-02
  -3.4370600e-02
  -3.4018400e-02
  -3.3101700e-02
  -3.1982600e-02
  -3.1050100e-02
  -2.9258300e-02
  -2.7573800e-02
  -2.5973900e-02
  -2.3709200e-02
  -2.1649100e-02
  -1.9317500e-02
  -1.7346500e-02
  -1.5632100e-02
  -1.2835300e-02
  -1.0504900e-02
  -8.4241000e-03
  -4.8935700e-03
  -1.2160600e-03
   1.8688400e-03
   4.7481700e-03
   7.6190400e-03
   1.0608700e-02
   1.3016100e-02
   1.4937800e-02
   1.7277000e-02
   1.9504700e-02
   2.0994700e-02
   2.2230600e-02
   2.3085200e-02
   2.3088900e-02
   2.2671300e-02
   2.2153500e-02
   2.1507100e-02
   2.1378500e-02
   2.1073100e-02
   2.0380500e-02
   1.9946900e-02
   1.9239100e-02
   1.8880000e-02
   1.8989800e-02
   1.9238600e-02
   1.9788300e-02
   2.0608400e-02
   2.1695200e-02
   2.2561700e-02
   2.3783900e-02
   2.5207100e-02
   2.6599900e-02
   2.8606300e-02
   3.0015100e-02
   3.0935600e-02
   3.2106600e-02
   3.3073100e-02
   3.2933100e-02
   3.2610200e-02
   3.2353700e-02
   3.1148900e-02
   3.0348100e-02
   2.8713300e-02
   2.6261700e-02
   2.4034300e-02
   2.1640400e-02
   1.9342200e-02
   1.7029900e-02
   1.4557600e-02
   1.2136100e-02
   1.0211500e-02
   8.0275500e-03
   6.1681800e-03
   4.6798600e-03
   2.6840000e-03
   7.7967900e-04
  -1.0891300e-03
  -3.0149200e-03
  -4.7020000e-03
  -6.7475500e-03
  -9.2404300e-03
  -1.1550300e-02
  -1.3284700e-02
  -1.5166700e-02
  -1.7683800e-02
  -1.9814900e-02
  -2.2091600e-02
  -2.4665700e-02
  -2.7495000e-02
  -3.0245500e-02
  -3.2378800e-02
  -3.5148900e-02
  -3.7832500e-02
  -4.0042100e-02
  -4.2611800e-02
  -4.4696900e-02
  -4.6211600e-02
  -4.7859700e-02
  -4.9192200e-02
  -4.9686500e-02
  -5.0115700e-02
  -5.0583600e-02
  -5.0676700e-02
  -5.0780400e-02
  -5.0289000e-02
  -4.9896300e-02
  -4.9556900e-02
  -4.8567400e-02
  -4.7654500e-02
  -4.5828200e-02
  -4.3440800e-02
  -4.0336000e-02
  -3.6147300e-02
  -3.3147200e-02
  -3.0364000e-02
  -2.7580000e-02
  -2.5939000e-02
  -2.4293600e-02
  -2.2425200e-02
  -2.0885700e-02
  -2.0214500e-02
  -1.9355800e-02
  -1.8762300e-02
  -1.9645200e-02
  -1.9604600e-02
  -1.9408300e-02
  -2.1164800e-02
  -2.2287100e-02
  -2.2974300e-02
  -2.4509400e-02
  -2.6049200e-02
  -2.7739300e-02
  -2.9073100e-02
  -3.0071000e-02
  -3.1515300e-02
  -3.2908400e-02
  -3.3575200e-02
  -3.4018800e-02
  -3.4606600e-02
  -3.5479000e-02
  -3.5714300e-02
  -3.4928600e-02
  -3.3941800e-02
  -3.2441000e-02
  -3.0262500e-02
  -2.7340400e-02
  -2.4182300e-02
  -2.1255400e-02
  -1.8378800e-02
  -1.5248400e-02
  -1.2322800e-02
  -9.8076300e-03
  -7.0490800e-03
  -4.1074800e-03
  -1.4374500e-03
   2.0408500e-04
   1.2965400e-03
   2.3394200e-03
   2.8411200e-03
   2.4476800e-03
   1.9462200e-03
   1.7649000e-03
   5.7716600e-04
  -9.8884300e-04
  -2.4968600e-03
  -4.6096600e-03
  -6.2939600e-03
  -7.8005700e-03
  -9.6131000e-03
  -1.0984600e-02
  -1.1961900e-02
  -1.2614400e-02
  -1.2771000e-02
  -1.2503200e-02
  -1.2018600e-02
  -1.1287500e-02
  -1.0344100e-02
  -9.1997200e-03
  -7.5456100e-03
  -5.5726100e-03
  -4.0415200e-03
  -2.0788600e-03
   5.7427600e-04
   2.6263000e-03
   4.8685400e-03
   7.1847400e-03
   8.9644000e-03
   1.0492700e-02
   1.1978200e-02
   1.3715100e-02
   1.4950200e-02
   1.5843800e-02
   1.6735000e-02
   1.7104600e-02
   1.7387300e-02
   1.7342700e-02
   1.7106700e-02
   1.7193000e-02
   1.6636500e-02
   1.6086800e-02
   1.5700600e-02
   1.5073000e-02
   1.4403900e-02
   1.3472200e-02
   1.2392900e-02
   1.1120900e-02
   1.0059500e-02
   9.0769300e-03
   7.8315600e-03
   6.5697900e-03
   5.6403200e-03
   4.6394800e-03
   3.7758200e-03
   3.0435700e-03
   1.9599700e-03
   1.1554300e-03
   3.1530100e-04
  -5.4310000e-04
  -6.3311800e-04
   1.5879500e-04
   1.0601900e-03
   1.6118800e-03
   2.5505400e-03
   3.7323300e-03
   4.8030500e-03
   6.1529400e-03
   7.6273400e-03
   8.9545000e-03
   1.0386100e-02
   1.2012200e-02
   1.3370900e-02
   1.4696200e-02
   1.6653500e-02
   1.8647200e-02
   2.0164900e-02
   2.1283300e-02
   2.1734600e-02
   2.1639500e-02
   2.1354600e-02
   2.1098900e-02
   2.1181200e-02
   2.1301000e-02
   2.1002600e-02
   2.0591900e-02
   1.9846300e-02
   1.8341800e-02
   1.7061000e-02
   1.5843900e-02
   1.3904500e-02
   1.1995300e-02
   9.7471800e-03
   7.5626000e-03
   6.1168800e-03
   4.9094300e-03
   3.6082800e-03
   2.0041200e-03
   8.5515900e-04
  -3.9778200e-05
  -1.0111700e-03
  -8.9284600e-04
  -2.0286200e-04
   4.5638500e-04
   1.5265400e-03
   2.4839800e-03
   3.4981400e-03
   4.7714300e-03
   6.1957000e-03
   7.8367900e-03
   9.5557300e-03
   1.1050300e-02
   1.2735000e-02
   1.5128300e-02
   1.7643300e-02
   1.9566000e-02
   2.1265700e-02
   2.3193400e-02
   2.4838900e-02
   2.6243600e-02
   2.7766500e-02
   2.9017400e-02
   2.9552700e-02
   2.9945100e-02
   3.0463900e-02
   3.0604700e-02
   3.0161000e-02
   2.9418500e-02
   2.8308200e-02
   2.6373600e-02
   2.3844300e-02
   2.1217300e-02
   1.8699700e-02
   1.5886700e-02
   1.2936600e-02
   1.0164900e-02
   7.2585400e-03
   4.0259200e-03
   3.3322800e-04
  -3.1714600e-03
  -6.2217800e-03
  -8.9276100e-03
  -1.0960600e-02
  -1.2800700e-02
  -1.4746600e-02
  -1.6732700e-02
  -1.9130000e-02
  -2.1863000e-02
  -2.4773600e-02
  -2.8305600e-02
  -3.2235200e-02
  -3.6032600e-02
  -4.0197300e-02
  -4.4063500e-02
  -4.6751800e-02
  -4.9330900e-02
  -5.2270000e-02
  -5.5099800e-02
  -5.7541000e-02
  -5.9808600e-02
  -6.2050400e-02
  -6.3224700e-02
  -6.3964700e-02
  -6.5185300e-02
  -6.5840100e-02
  -6.5880900e-02
  -6.5822300e-02
  -6.5517600e-02
  -6.4964100e-02
  -6.4122400e-02
  -6.2704400e-02
  -6.1390100e-02
  -5.9800000e-02
  -5.7549900e-02
  -5.5263300e-02
  -5.2920000e-02
  -5.0512000e-02
  -4.8122600e-02
  -4.5967800e-02
  -4.3288600e-02
  -4.0465200e-02
  -3.7765700e-02
  -3.4730500e-02
  -3.1990900e-02
  -2.8975900e-02
  -2.5412500e-02
  -2.1927400e-02
  -1.8546700e-02
  -1.5141800e-02
  -1.2441500e-02
  -1.0041000e-02
  -7.2309700e-03
  -4.6668400e-03
  -1.9672400e-03
   4.4692600e-04
   2.0430500e-03
   4.0333900e-03
   6.9137600e-03
   9.6340700e-03
   1.2328000e-02
   1.5610200e-02
   1.7895700e-02
   1.9325400e-02
   2.0589200e-02
   2.1595800e-02
   2.2867100e-02
   2.3666500e-02
   2.4118300e-02
   2.4343700e-02
   2.3671600e-02
   2.2760500e-02
   2.1612400e-02
   1.9771600e-02
   1.7582000e-02
   1.5168200e-02
   1.2505000e-02
   9.8057000e-03
   7.4477500e-03
   5.0182900e-03
   2.4494500e-03
   3.7108900e-04
  -1.5462400e-03
  -3.1270500e-03
  -3.8697100e-03
  -4.6802800e-03
  -5.6742100e-03
  -6.4478700e-03
  -7.1822400e-03
  -7.2039700e-03
  -6.5607600e-03
  -5.6708100e-03
  -4.6793600e-03
  -4.1319900e-03
  -3.2323000e-03
  -1.9008500e-03
  -4.4915600e-04
   1.7628000e-03
   3.8646200e-03
   5.6381000e-03
   7.3606500e-03
   8.4959900e-03
   9.3557600e-03
   1.0399000e-02
   1.1627400e-02
   1.2423500e-02
   1.3003000e-02
   1.3631900e-02
   1.3439100e-02
   1.2844900e-02
   1.1983500e-02
   1.0511100e-02
   8.6240300e-03
   6.4828300e-03
   4.7452200e-03
   3.2267400e-03
   1.2373600e-03
  -1.0720200e-03
  -3.1948600e-03
  -5.2967600e-03
  -7.3781800e-03
  -9.2925800e-03
  -1.1165900e-02
  -1.2675600e-02
  -1.4007400e-02
  -1.4758700e-02
  -1.5317800e-02
  -1.6348500e-02
  -1.6673200e-02
  -1.6674900e-02
  -1.6956100e-02
  -1.6548300e-02
  -1.6396500e-02
  -1.7183300e-02
  -1.7690000e-02
  -1.8051600e-02
  -1.8367500e-02
  -1.8494100e-02
  -1.8729800e-02
  -1.9447000e-02
  -2.0378000e-02
  -2.1386300e-02
  -2.1653000e-02
  -2.0872700e-02
  -2.0443200e-02
  -1.9584200e-02
  -1.8576600e-02
  -1.7271200e-02
  -1.5071300e-02
  -1.3520500e-02
  -1.1761500e-02
  -9.2958900e-03
  -7.4964800e-03
  -5.8778500e-03
  -3.6930800e-03
  -1.4469900e-03
   2.9532700e-04
   1.9871400e-03
   3.8879100e-03
   5.2670200e-03
   6.6958000e-03
   8.4181500e-03
   9.4233400e-03
   1.0546100e-02
   1.1929500e-02
   1.2338400e-02
   1.2475200e-02
   1.2475100e-02
   1.1868500e-02
   1.1324900e-02
   1.1438600e-02
   1.1927900e-02
   1.1769700e-02
   1.1548100e-02
   1.1845300e-02
   1.1714900e-02
   1.1308800e-02
   1.1481500e-02
   1.1901200e-02
   1.2090800e-02
   1.2792000e-02
   1.3939200e-02
   1.4468000e-02
   1.4523000e-02
   1.5024700e-02
   1.5687500e-02
   1.6055500e-02
   1.6405500e-02
   1.6965900e-02
   1.7214500e-02
   1.7022600e-02
   1.6780900e-02
   1.6285400e-02
   1.5786100e-02
   1.5453500e-02
   1.5062300e-02
   1.5073500e-02
   1.5185200e-02
   1.4364000e-02
   1.3610700e-02
   1.2629000e-02
   1.2013800e-02
   1.2611200e-02
   1.2613400e-02
   1.2544200e-02
   1.3124000e-02
   1.3367200e-02
   1.3235000e-02
   1.3882900e-02
   1.4889800e-02
   1.5667300e-02
   1.6339900e-02
   1.6888700e-02
   1.7060000e-02
   1.7132300e-02
   1.7794300e-02
   1.8881100e-02
   2.0221600e-02
   2.0949000e-02
   2.1347600e-02
   2.1980600e-02
   2.2542900e-02
   2.3370300e-02
   2.4754000e-02
   2.6489800e-02
   2.7792400e-02
   2.9418000e-02
   3.0744500e-02
   3.1711800e-02
   3.4281000e-02
   3.6715200e-02
   3.8649700e-02
   4.0667900e-02
   4.2644100e-02
   4.4963800e-02
   4.6903300e-02
   4.9778600e-02
   5.2888400e-02
   5.4502800e-02
   5.6470100e-02
   5.8296200e-02
   5.9562200e-02
   6.0922700e-02
   6.2923100e-02
   6.5366400e-02
   6.7233000e-02
   6.9508300e-02
   7.0920100e-02
   7.2035900e-02
   7.3449900e-02
   7.4484100e-02
   7.5749500e-02
   7.6014200e-02
   7.6408900e-02
   7.7401100e-02
   7.6968000e-02
   7.6306900e-02
   7.6096800e-02
   7.5278600e-02
   7.4704000e-02
   7.3837100e-02
   7.2819600e-02
   7.2234700e-02
   7.0678200e-02
   6.8667500e-02
   6.7558200e-02
   6.6763700e-02
   6.5760800e-02
   6.4972800e-02
   6.4344200e-02
   6.3481700e-02
   6.3284500e-02
   6.4184300e-02
   6.4821600e-02
   6.5589600e-02
   6.6063800e-02
   6.6773400e-02
   6.8021100e-02
   6.8204200e-02
   6.8284600e-02
   6.8498500e-02
   6.8669700e-02
   6.8385100e-02
   6.8331600e-02
   6.8332100e-02
   6.7506400e-02
   6.7257400e-02
   6.6466800e-02
   6.5167900e-02
   6.4634800e-02
   6.3330000e-02
   6.1615200e-02
   6.0560500e-02
   5.8125700e-02
   5.5459400e-02
   5.5200200e-02
   5.4011400e-02
   5.1594000e-02
   5.0492800e-02
   4.9115700e-02
   4.7522900e-02
   4.6606900e-02
   4.5561400e-02
   4.5236800e-02
   4.5817400e-02
   4.6226100e-02
   4.7245900e-02
   4.7849800e-02
   4.8064100e-02
   4.9304700e-02
   5.0486700e-02
   5.0445600e-02
   5.0940800e-02
   5.2764400e-02
   5.3442700e-02
   5.4659600e-02
   5.6297400e-02
   5.5967900e-02
   5.5460900e-02
   5.5414200e-02
   5.5384400e-02
   5.5077900e-02
   5.4160600e-02
   5.4003400e-02
   5.3333200e-02
   5.1694000e-02
   5.0577200e-02
   4.8385700e-02
   4.5929700e-02
   4.4048200e-02
   4.1755000e-02
   3.9426700e-02
   3.7767900e-02
   3.6033200e-02
   3.3838700e-02
   3.2593000e-02
   3.1230600e-02
   2.9385400e-02
   2.7727600e-02
   2.5752500e-02
   2.3611600e-02
   2.1814600e-02
   2.0581000e-02
   1.9591600e-02
   1.8531600e-02
   1.6607300e-02
   1.5047700e-02
   1.4304600e-02
   1.3349600e-02
   1.2787300e-02
   1.2102900e-02
   1.1242200e-02
   1.0930800e-02
   1.0437100e-02
   9.4752400e-03
   8.9996400e-03
   9.3909300e-03
   9.4278500e-03
   9.4208200e-03
   9.8486600e-03
   1.0125900e-02
   1.0829300e-02
   1.0878100e-02
   1.1085600e-02
   1.1235100e-02
   1.0816100e-02
   1.1833000e-02
   1.2388200e-02
   1.1944100e-02
   1.1632600e-02
   1.0987600e-02
   1.0198700e-02
   9.2654200e-03
   8.4011000e-03
   7.1179000e-03
   5.3101700e-03
   3.0809800e-03
   2.4465000e-04
  -1.3661600e-03
  -3.8391600e-03
  -7.8680500e-03
  -1.0828800e-02
  -1.3550000e-02
  -1.6821500e-02
  -1.9065800e-02
  -2.0355900e-02
  -2.2401300e-02
  -2.4152000e-02
  -2.5152300e-02
  -2.5963300e-02
  -2.6089100e-02
  -2.6063700e-02
  -2.6103400e-02
  -2.5675900e-02
  -2.5104500e-02
  -2.4338600e-02
  -2.3502000e-02
  -2.2455000e-02
  -2.0973800e-02
  -2.0413900e-02
  -1.9721400e-02
  -1.8042900e-02
  -1.7277200e-02
  -1.6820700e-02
  -1.6258600e-02
  -1.5438000e-02
  -1.4924800e-02
  -1.4834100e-02
  -1.4926100e-02
  -1.5733100e-02
  -1.6288100e-02
  -1.7245000e-02
  -1.8281800e-02
  -1.7789400e-02
  -1.7054200e-02
  -1.7300300e-02
  -1.7456000e-02
  -1.7678700e-02
  -1.8055000e-02
  -1.8685900e-02
  -1.9030500e-02
  -1.7894400e-02
  -1.7045000e-02
  -1.6214000e-02
  -1.4300400e-02
  -1.2437700e-02
  -1.0525400e-02
  -8.4537200e-03
  -6.9198000e-03
  -4.4512300e-03
  -1.9594900e-03
  -8.1617500e-04
   7.4814000e-04
   1.6584000e-03
   2.0212700e-03
   3.4310100e-03
   4.0976500e-03
   3.8685200e-03
   3.6709200e-03
   2.0988700e-03
   1.0453900e-03
  -2.2805300e-04
  -2.1707500e-03
  -2.4727300e-03
  -3.2829700e-03
  -4.7203800e-03
  -6.0515100e-03
  -7.3613100e-03
  -8.1823100e-03
  -9.0626500e-03
  -1.0813400e-02
  -1.1941400e-02
  -1.2519200e-02
  -1.4645900e-02
  -1.6656500e-02
  -1.7492900e-02
  -1.8487600e-02
  -2.0039700e-02
  -2.1217500e-02
  -2.1795000e-02
  -2.2655500e-02
  -2.3089500e-02
  -2.2194500e-02
  -2.1649900e-02
  -2.1134600e-02
  -1.9528100e-02
  -1.8874900e-02
  -1.8420800e-02
  -1.6925400e-02
  -1.5830300e-02
  -1.4539300e-02
  -1.3002100e-02
  -1.1320400e-02
  -9.0083100e-03
  -7.4980500e-03
  -6.2365500e-03
  -4.9669900e-03
  -3.8268300e-03
  -2.3399300e-03
  -5.7269300e-04
   1.1815800e-03
   1.9333100e-03
   2.3303700e-03
   2.1371800e-03
   5.6749100e-04
  -1.4829800e-03
  -2.9197800e-03
  -4.4959100e-03
  -7.4147100e-03
  -1.1068400e-02
  -1.4760700e-02
  -1.8146200e-02
  -2.1065000e-02
  -2.4203000e-02
  -2.7354900e-02
  -2.9572300e-02
  -3.1657100e-02
  -3.3457300e-02
  -3.4990700e-02
  -3.5847500e-02
  -3.5641100e-02
  -3.5747200e-02
  -3.5925500e-02
  -3.5543000e-02
  -3.5172100e-02
  -3.5269000e-02
  -3.4161700e-02
  -3.3042400e-02
  -3.3225900e-02
  -3.2885600e-02
  -3.3296000e-02
  -3.4032200e-02
  -3.4257100e-02
  -3.5115900e-02
  -3.5262600e-02
  -3.5921700e-02
  -3.7466800e-02
  -3.8935400e-02
  -4.1107100e-02
  -4.3361600e-02
  -4.5719300e-02
  -4.8507000e-02
  -5.0599700e-02
  -5.1404000e-02
  -5.3272400e-02
  -5.5461800e-02
  -5.6906500e-02
  -5.8856700e-02
  -6.0147900e-02
  -6.1009500e-02
  -6.2047500e-02
  -6.2690200e-02
  -6.3101500e-02
  -6.2819400e-02
  -6.2508400e-02
  -6.2758000e-02
  -6.1698900e-02
  -6.0163400e-02
  -5.9264800e-02
  -5.7719000e-02
  -5.5609400e-02
  -5.2936600e-02
  -4.9923000e-02
  -4.7277700e-02
  -4.4397500e-02
  -4.1467800e-02
  -3.9244800e-02
  -3.7347200e-02
  -3.4965500e-02
  -3.2646000e-02
  -3.0848800e-02
  -2.9082000e-02
  -2.7333200e-02
  -2.5413000e-02
  -2.3411500e-02
  -2.1928300e-02
  -2.0464900e-02
  -1.8921900e-02
  -1.7702000e-02
  -1.6588100e-02
  -1.6035000e-02
  -1.5476500e-02
  -1.4589400e-02
  -1.4047800e-02
  -1.3771100e-02
  -1.3358000e-02
  -1.3059200e-02
  -1.3538500e-02
  -1.3978500e-02
  -1.3702300e-02
  -1.3613000e-02
  -1.3866000e-02
  -1.3751300e-02
  -1.4207200e-02
  -1.5692200e-02
  -1.6415500e-02
  -1.6766400e-02
  -1.7189800e-02
  -1.7157700e-02
  -1.7591600e-02
  -1.7889100e-02
  -1.7872600e-02
  -1.7367300e-02
  -1.6128900e-02
  -1.5038900e-02
  -1.3275100e-02
  -1.0837700e-02
  -8.7118500e-03
  -6.4612000e-03
  -3.2870100e-03
  -4.0621300e-04
   1.9800000e-03
   5.1259800e-03
   7.8974000e-03
   1.0489100e-02
   1.3009500e-02
   1.4381900e-02
   1.5715900e-02
   1.7309800e-02
   1.8675500e-02
   1.9410500e-02
   1.9374700e-02
   1.9332000e-02
   1.9275600e-02
   1.8988400e-02
   1.8947100e-02
   1.9264000e-02
   1.8450800e-02
   1.7221400e-02
   1.6557500e-02
   1.5076900e-02
   1.4055900e-02
   1.3893300e-02
   1.3535400e-02
   1.3631100e-02
   1.3619600e-02
   1.3422400e-02
   1.2767200e-02
   1.1084200e-02
   1.0466800e-02
   1.0769200e-02
   1.0373000e-02
   9.7427100e-03
   9.3092800e-03
   8.5837100e-03
   7.8204500e-03
   8.0849500e-03
   8.4077600e-03
   7.8648600e-03
   7.5582400e-03
   6.8224000e-03
   5.4755600e-03
   4.5944300e-03
   3.5604500e-03
   2.5188800e-03
   1.9772300e-03
   1.6020100e-03
  -2.1814900e-06
  -1.4949800e-03
  -2.3873200e-03
  -4.2434200e-03
  -5.0966100e-03
  -5.1195600e-03
  -5.9038800e-03
  -6.3314700e-03
  -6.1848500e-03
  -6.3708000e-03
  -6.9605500e-03
  -7.5000700e-03
  -7.8964800e-03
  -8.3169400e-03
  -9.1972900e-03
  -1.0711200e-02
  -1.1977600e-02
  -1.3952300e-02
  -1.6130300e-02
  -1.7968700e-02
  -2.0706000e-02
  -2.3181800e-02
  -2.5290800e-02
  -2.7324800e-02
  -2.8949500e-02
  -3.0378100e-02
  -3.2040900e-02
  -3.3622100e-02
  -3.4073300e-02
  -3.4953900e-02
  -3.5954000e-02
  -3.5931600e-02
  -3.6852300e-02
  -3.7783700e-02
  -3.7709400e-02
  -3.7795300e-02
  -3.7591000e-02
  -3.7215900e-02
  -3.6966900e-02
  -3.6289800e-02
  -3.5318800e-02
  -3.3872400e-02
  -3.2603700e-02
  -3.1165600e-02
  -2.8650000e-02
  -2.5884000e-02
  -2.2236200e-02
  -1.8065300e-02
  -1.4355600e-02
  -1.0578700e-02
  -6.9486400e-03
  -3.2255900e-03
   6.1400100e-04
   4.5170100e-03
   8.3028600e-03
   1.0941000e-02
   1.3070300e-02
   1.5082900e-02
   1.6542200e-02
   1.8249800e-02
   1.9338500e-02
   1.9753100e-02
   2.0532200e-02
   2.0235800e-02
   1.9489000e-02
   1.9401300e-02
   1.8879000e-02
   1.8220800e-02
   1.7838200e-02
   1.7219000e-02
   1.7099500e-02
   1.6854200e-02
   1.5893900e-02
   1.5648300e-02
   1.5290900e-02
   1.4074900e-02
   1.3500600e-02
   1.3230900e-02
   1.3085800e-02
   1.3220800e-02
   1.2670300e-02
   1.1783600e-02
   1.0758400e-02
   9.5662200e-03
   8.5462800e-03
   7.9193800e-03
   7.7626300e-03
   7.8579600e-03
   8.0953300e-03
   8.2103700e-03
   7.8602600e-03
   7.7251100e-03
   8.0263500e-03
   8.7560100e-03
   9.9212300e-03
   1.1245800e-02
   1.2354700e-02
   1.3544500e-02
   1.5911100e-02
   1.7814000e-02
   1.9922200e-02
   2.3236100e-02
   2.5126000e-02
   2.6580100e-02
   2.8463300e-02
   2.9754200e-02
   3.1408300e-02
   3.3356300e-02
   3.4728800e-02
   3.5812600e-02
   3.7188800e-02
   3.8480000e-02
   3.9049500e-02
   3.9702800e-02
   4.0665000e-02
   4.1418900e-02
   4.2191400e-02
   4.2890600e-02
   4.3353900e-02
   4.4008300e-02
   4.4787200e-02
   4.5200500e-02
   4.5457000e-02
   4.5874000e-02
   4.6095200e-02
   4.6056500e-02
   4.6453500e-02
   4.6753800e-02
   4.6397400e-02
   4.5861600e-02
   4.5577200e-02
   4.5105600e-02
   4.3761700e-02
   4.2325800e-02
   4.0851000e-02
   3.9537200e-02
   3.8010900e-02
   3.5860600e-02
   3.4498300e-02
   3.2756500e-02
   3.0487100e-02
   2.9136200e-02
   2.7264000e-02
   2.5357100e-02
   2.4694500e-02
   2.3270100e-02
   2.1692200e-02
   2.1117100e-02
   2.0392600e-02
   1.9997400e-02
   1.9730700e-02
   1.9708500e-02
   2.0101200e-02
   2.0256500e-02
   2.0483600e-02
   2.0001000e-02
   1.9793100e-02
   2.0293600e-02
   1.9944300e-02
   1.9545100e-02
   1.8847300e-02
   1.7433100e-02
   1.5878700e-02
   1.3976900e-02
   1.2532500e-02
   1.1260200e-02
   8.7626000e-03
   6.4818800e-03
   4.8433200e-03
   2.6491100e-03
   1.1818100e-03
   5.1509800e-04
  -7.7551800e-04
  -2.7511700e-03
  -4.3269500e-03
  -5.3752900e-03
  -6.7307500e-03
  -7.4451400e-03
  -7.6905600e-03
  -7.5403200e-03
  -6.9762000e-03
  -7.4630800e-03
  -7.9064900e-03
  -7.9542300e-03
  -7.9958500e-03
  -7.6467700e-03
  -7.8633400e-03
  -7.8156800e-03
  -7.5080600e-03
  -8.0293700e-03
  -7.9224300e-03
  -7.5617800e-03
  -8.4298400e-03
  -9.4078600e-03
  -1.0127500e-02
  -1.1333500e-02
  -1.2705000e-02
  -1.4070600e-02
  -1.4601000e-02
  -1.4917300e-02
  -1.5791800e-02
  -1.7309400e-02
  -1.8971100e-02
  -1.9828600e-02
  -2.1382500e-02
  -2.2635000e-02
  -2.3053400e-02
  -2.3459900e-02
  -2.3388700e-02
  -2.3089300e-02
  -2.2680800e-02
  -2.2745600e-02
  -2.2802700e-02
  -2.2123500e-02
  -2.1142000e-02
  -2.0304700e-02
  -1.9522400e-02
  -1.9292000e-02
  -1.9701200e-02
  -1.9615800e-02
  -1.9558000e-02
  -1.9609000e-02
  -1.9326100e-02
  -1.9378500e-02
  -1.9576900e-02
  -1.9568500e-02
  -1.9352000e-02
  -1.9569400e-02
  -1.9897500e-02
  -1.9657400e-02
  -1.9659000e-02
  -1.9826400e-02
  -1.9812600e-02
  -1.9847500e-02
  -1.9818800e-02
  -1.9620400e-02
  -1.8868800e-02
  -1.8264200e-02
  -1.8036800e-02
  -1.7122400e-02
  -1.6341500e-02
  -1.5451700e-02
  -1.4277600e-02
  -1.2914400e-02
  -1.1007100e-02
  -9.8999400e-03
  -9.1465300e-03
  -7.9631600e-03
  -6.9029800e-03
  -5.6233100e-03
  -4.9414800e-03
  -4.8120600e-03
  -4.4350800e-03
  -4.3862500e-03
  -3.9838800e-03
  -3.8153500e-03
  -3.7402400e-03
  -3.0630000e-03
  -2.6768500e-03
  -2.0933300e-03
  -2.0260600e-03
  -2.5088700e-03
  -2.5871600e-03
  -2.8256200e-03
  -3.3524900e-03
  -4.0645600e-03
  -5.1528200e-03
  -6.0255600e-03
  -6.6210400e-03
  -8.0408900e-03
  -9.4820400e-03
  -1.0190700e-02
  -1.1118000e-02
  -1.2942400e-02
  -1.4499600e-02
  -1.5550900e-02
  -1.7156900e-02
  -1.8520300e-02
  -1.9091400e-02
  -2.0126000e-02
  -2.2027800e-02
  -2.3810100e-02
  -2.5790400e-02
  -2.8008700e-02
  -3.0075800e-02
  -3.2390300e-02
  -3.5129900e-02
  -3.7869500e-02
  -4.0677900e-02
  -4.3671600e-02
  -4.6522100e-02
  -4.8894900e-02
  -5.0395300e-02
  -5.2175300e-02
  -5.4437000e-02
  -5.6092300e-02
  -5.7182200e-02
  -5.8515100e-02
  -5.9762100e-02
  -6.0191000e-02
  -6.0428900e-02
  -6.0924400e-02
  -6.2151700e-02
  -6.3633900e-02
  -6.4490800e-02
  -6.5397800e-02
  -6.7009200e-02
  -6.7856600e-02
  -6.7983200e-02
  -6.8828700e-02
  -6.9546200e-02
  -7.0124300e-02
  -7.0903100e-02
  -7.1374100e-02
  -7.1694700e-02
  -7.1838500e-02
  -7.1604900e-02
  -7.1178800e-02
  -7.0893400e-02
  -7.0947700e-02
  -7.0415100e-02
  -6.9323900e-02
  -6.8108500e-02
  -6.6792800e-02
  -6.5814500e-02
  -6.4778100e-02
  -6.4020500e-02
  -6.3092700e-02
  -6.1709800e-02
  -6.0876200e-02
  -6.0117400e-02
  -5.9178100e-02
  -5.8181500e-02
  -5.7073000e-02
  -5.6236800e-02
  -5.5576000e-02
  -5.4170600e-02
  -5.2974600e-02
  -5.2098400e-02
  -5.0352900e-02
  -4.9280100e-02
  -4.8701400e-02
  -4.7805900e-02
  -4.6896400e-02
  -4.6608000e-02
  -4.6495700e-02
  -4.5868700e-02
  -4.5375100e-02
  -4.4565900e-02
  -4.3709100e-02
  -4.2853100e-02
  -4.2333000e-02
  -4.1740500e-02
  -4.0165300e-02
  -3.8586200e-02
  -3.7085300e-02
  -3.4782100e-02
  -3.2728200e-02
  -3.1101500e-02
  -2.7835300e-02
  -2.4314700e-02
  -2.1081400e-02
  -1.6945700e-02
  -1.2958100e-02
  -9.7322200e-03
  -6.3360900e-03
  -2.3280900e-03
   1.1254600e-03
   4.9780700e-03
   9.3723300e-03
   1.2840000e-02
   1.5751400e-02
   1.8491200e-02
   2.1096200e-02
   2.2889200e-02
   2.4450500e-02
   2.6243000e-02
   2.7520500e-02
   2.9025500e-02
   3.0662200e-02
   3.1882400e-02
   3.2846800e-02
   3.3592200e-02
   3.3915600e-02
   3.3726200e-02
   3.3477400e-02
   3.3540300e-02
   3.4136300e-02
   3.4328200e-02
   3.4676100e-02
   3.5179200e-02
   3.4562100e-02
   3.4264500e-02
   3.3854900e-02
   3.3064500e-02
   3.3106700e-02
   3.2924100e-02
   3.2859200e-02
   3.2836400e-02
   3.2245000e-02
   3.2333400e-02
   3.2031500e-02
   3.0945400e-02
   3.0111200e-02
   2.9132600e-02
   2.8792200e-02
   2.8942000e-02
   2.8154300e-02
   2.7897600e-02
   2.8291900e-02
   2.8011900e-02
   2.7709300e-02
   2.7286200e-02
   2.6171400e-02
   2.5034300e-02
   2.4564500e-02
   2.3645400e-02
   2.1966200e-02
   2.0119100e-02
   1.8371500e-02
   1.6730900e-02
   1.4885100e-02
   1.3505600e-02
   1.1952700e-02
   9.9457600e-03
   8.6508800e-03
   7.0220800e-03
   4.4494200e-03
   2.4346500e-03
   8.8794100e-04
  -1.0982000e-03
  -3.0635400e-03
  -4.7247000e-03
  -6.1907400e-03
  -7.4229700e-03
  -8.6184000e-03
  -9.9146400e-03
  -1.0626400e-02
  -1.1276900e-02
  -1.2108100e-02
  -1.1694500e-02
  -1.0878800e-02
  -1.0585200e-02
  -9.9300500e-03
  -8.7736200e-03
  -7.7615500e-03
  -7.0693100e-03
  -5.7963300e-03
  -4.1051800e-03
  -2.8090500e-03
  -1.9235700e-03
  -1.4315800e-03
  -1.8803800e-04
   1.6533200e-03
   2.1709100e-03
   2.1127500e-03
   2.4580800e-03
   2.4189800e-03
   2.2130900e-03
   1.4947600e-03
   5.6122500e-04
  -2.4852000e-04
  -1.8421200e-03
  -2.9554300e-03
  -4.4468100e-03
  -6.7237500e-03
  -8.4008100e-03
  -1.0154000e-02
  -1.1511900e-02
  -1.2940200e-02
  -1.4010600e-02
  -1.4257800e-02
  -1.4557200e-02
  -1.4496100e-02
  -1.4795500e-02
  -1.5132100e-02
  -1.5488100e-02
  -1.5394700e-02
  -1.3934600e-02
  -1.2661000e-02
  -1.0949900e-02
  -9.2203200e-03
  -8.0823600e-03
  -6.4542400e-03
  -5.0625600e-03
  -3.8051800e-03
  -1.9246900e-03
   4.9734500e-07
   1.8420500e-03
   3.6640500e-03
   5.2628600e-03
   6.5861500e-03
   7.2593800e-03
   7.8218000e-03
   8.4639200e-03
   9.0085400e-03
   9.1669700e-03
   8.9255600e-03
   8.3979600e-03
   8.1791300e-03
   8.1419500e-03
   7.3024800e-03
   6.7035800e-03
   5.4690500e-03
   3.9528200e-03
   3.6736000e-03
   3.2003200e-03
   3.0911000e-03
   3.8301700e-03
   4.4327800e-03
   5.1532500e-03
   6.6229500e-03
   7.9355000e-03
   9.4487900e-03
   1.1446300e-02
   1.2970100e-02
   1.4774500e-02
   1.6384000e-02
   1.8074900e-02
   1.9798000e-02
   2.1170300e-02
   2.2858100e-02
   2.4386400e-02
   2.5605500e-02
   2.6701500e-02
   2.7772200e-02
   2.8027900e-02
   2.7863100e-02
   2.8466200e-02
   2.8787100e-02
   2.8482900e-02
   2.8611100e-02
   2.7908200e-02
   2.6355100e-02
   2.5896100e-02
   2.4621100e-02
   2.2560300e-02
   2.1378500e-02
   1.9577400e-02
   1.7694600e-02
   1.6288700e-02
   1.4849100e-02
   1.3545400e-02
   1.2103200e-02
   1.0927700e-02
   1.0268500e-02
   9.9653000e-03
   9.4610700e-03
   9.0424500e-03
   8.7289500e-03
   8.8981100e-03
   9.4680100e-03
   9.0944800e-03
   8.9884100e-03
   8.9795600e-03
   8.5213800e-03
   8.4645500e-03
   8.3691000e-03
   8.0890100e-03
   8.3652400e-03
   8.4506400e-03
   8.2746600e-03
   8.0116000e-03
   6.7676200e-03
   5.8623900e-03
   5.5259500e-03
   4.7465600e-03
   3.9393100e-03
   2.9497600e-03
   1.7902500e-03
   4.8510000e-04
  -6.1348500e-04
  -1.4689100e-03
  -2.9812700e-03
  -4.2720000e-03
  -5.4324100e-03
  -6.8879700e-03
  -7.5600100e-03
  -7.5841400e-03
  -7.3883100e-03
  -7.7702100e-03
  -8.4868500e-03
  -8.2895800e-03
  -8.9354600e-03
  -9.8257200e-03
  -9.4729300e-03
  -9.8299700e-03
  -1.0680000e-02
  -1.0860100e-02
  -1.1255500e-02
  -1.1939900e-02
  -1.2128800e-02
  -1.2442900e-02
  -1.2975100e-02
  -1.3907200e-02
  -1.4973000e-02
  -1.5838600e-02
  -1.6982700e-02
  -1.7740100e-02
  -1.8105300e-02
  -1.8288900e-02
  -1.8455000e-02
  -1.8839200e-02
  -1.9313500e-02
  -1.9144300e-02
  -1.8451500e-02
  -1.7005500e-02
  -1.4648500e-02
  -1.2846600e-02
  -1.0771900e-02
  -8.0874500e-03
  -5.7706000e-03
  -3.2095900e-03
  -2.4841800e-05
   2.8549600e-03
   5.4032200e-03
   8.0132700e-03
   1.0240300e-02
   1.1852400e-02
   1.3245200e-02
   1.4640700e-02
   1.6046700e-02
   1.7671300e-02
   1.9397500e-02
   2.1095200e-02
   2.2811600e-02
   2.4907900e-02
   2.6785900e-02
   2.8131400e-02
   2.9250400e-02
   2.9949500e-02
   2.9940900e-02
   2.9822100e-02
   3.0127900e-02
   2.9975500e-02
   2.9603600e-02
   2.8934300e-02
   2.7427600e-02
   2.5640100e-02
   2.4507800e-02
   2.3468600e-02
   2.1574500e-02
   1.9712300e-02
   1.7810200e-02
   1.5608700e-02
   1.3484700e-02
   1.1554500e-02
   9.2278900e-03
   6.1234600e-03
   3.1349700e-03
  -4.8870400e-04
  -4.4985100e-03
  -7.7462800e-03
  -1.0990700e-02
  -1.3973300e-02
  -1.6699200e-02
  -1.9158300e-02
  -2.1128000e-02
  -2.2461800e-02
  -2.3209500e-02
  -2.3563000e-02
  -2.3617300e-02
  -2.3498500e-02
  -2.2289300e-02
  -2.1045100e-02
  -2.0539400e-02
  -1.9530700e-02
  -1.8529600e-02
  -1.8307800e-02
  -1.8116500e-02
  -1.7685100e-02
  -1.7411800e-02
  -1.7390300e-02
  -1.7782400e-02
  -1.8250600e-02
  -1.8275700e-02
  -1.8127500e-02
  -1.7687400e-02
  -1.6842300e-02
  -1.5914900e-02
  -1.5608100e-02
  -1.5630900e-02
  -1.5320300e-02
  -1.4871100e-02
  -1.4039900e-02
  -1.3316900e-02
  -1.2800100e-02
  -1.2267300e-02
  -1.1792000e-02
  -1.1206800e-02
  -1.0715300e-02
  -1.0026800e-02
  -9.5690600e-03
  -9.3053100e-03
  -8.2326100e-03
  -7.1651600e-03
  -6.9181200e-03
  -6.3968000e-03
  -4.9925400e-03
  -4.4657100e-03
  -4.4063400e-03
  -3.9550700e-03
  -4.1445000e-03
  -3.9591600e-03
  -3.2833900e-03
  -2.7828600e-03
  -2.0641000e-03
  -1.0752100e-03
   4.3046500e-04
   1.8348900e-03
   2.4526600e-03
   3.2565800e-03
   4.6585300e-03
   5.6825300e-03
   6.2268400e-03
   7.2549300e-03
   8.6011800e-03
   9.1559400e-03
   9.5182000e-03
   1.0512000e-02
   1.1225000e-02
   1.1962800e-02
   1.2612800e-02
   1.2551500e-02
   1.2846000e-02
   1.3225400e-02
   1.3243400e-02
   1.3611900e-02
   1.3699700e-02
   1.3192400e-02
   1.3299300e-02
   1.3370600e-02
   1.3079300e-02
   1.3191400e-02
   1.3251300e-02
   1.3092400e-02
   1.2702100e-02
   1.2697000e-02
   1.2320400e-02
   1.1222100e-02
   1.0906100e-02
   1.0618600e-02
   9.9426100e-03
   9.7816700e-03
   1.0029800e-02
   1.0138400e-02
   9.9021100e-03
   9.7979000e-03
   9.9467200e-03
   9.8588900e-03
   9.7025800e-03
   9.1832700e-03
   8.6202400e-03
   8.5881300e-03
   8.3305000e-03
   8.2193100e-03
   8.4444500e-03
   8.4272000e-03
   8.5398300e-03
   8.8546500e-03
   9.2170600e-03
   9.8249200e-03
   1.0558400e-02
   1.1651500e-02
   1.2424600e-02
   1.3252600e-02
   1.4674300e-02
   1.5089100e-02
   1.5420500e-02
   1.6462600e-02
   1.7361800e-02
   1.7676400e-02
   1.7702800e-02
   1.7232700e-02
   1.5868200e-02
   1.5230700e-02
   1.4812100e-02
   1.4042400e-02
   1.3741400e-02
   1.2811700e-02
   1.1082900e-02
   9.6897100e-03
   8.7723700e-03
   7.6911800e-03
   6.3566400e-03
   5.8570100e-03
   5.1219900e-03
   3.6000600e-03
   2.4458900e-03
   1.1059800e-03
   9.7646400e-05
  -1.4998000e-04
  -6.8652700e-04
  -1.5760100e-03
  -1.8625700e-03
  -1.8828300e-03
  -1.5161100e-03
  -7.2543700e-04
   2.9106600e-04
   1.4473500e-03
   1.9925500e-03
   2.7705200e-03
   3.6438400e-03
   3.9868100e-03
   5.0577900e-03
   6.5941000e-03
   7.8197900e-03
   9.4718800e-03
   1.1068400e-02
   1.2257400e-02
   1.3752000e-02
   1.5212100e-02
   1.6485900e-02
   1.7970600e-02
   1.9273000e-02
   2.0417200e-02
   2.1375800e-02
   2.2160600e-02
   2.2892900e-02
   2.3094600e-02
   2.3293700e-02
   2.4010100e-02
   2.4360800e-02
   2.4184000e-02
   2.4275500e-02
   2.4307900e-02
   2.4017400e-02
   2.3831100e-02
   2.3895400e-02
   2.3151600e-02
   2.2401800e-02
   2.2247800e-02
   2.1409600e-02
   2.0768000e-02
   1.9555300e-02
   1.8504800e-02
   1.8068500e-02
   1.6766600e-02
   1.6024000e-02
   1.5449300e-02
   1.4306300e-02
   1.3679500e-02
   1.3410500e-02
   1.3006800e-02
   1.2903200e-02
   1.2438700e-02
   1.1699000e-02
   1.1565400e-02
   1.1379600e-02
   1.0974000e-02
   1.0918900e-02
   1.1105800e-02
   1.1034200e-02
   1.0896800e-02
   1.0714800e-02
   1.0210900e-02
   9.8692800e-03
   9.8655000e-03
   9.6883600e-03
   9.7437200e-03
   9.8088000e-03
   9.0745700e-03
   8.4947900e-03
   8.5593400e-03
   8.2023500e-03
   7.3452400e-03
   6.6763600e-03
   5.9680400e-03
   4.8419800e-03
   3.2978900e-03
   1.9390500e-03
   7.5789800e-04
  -6.1741400e-04
  -2.2084900e-03
  -3.9078500e-03
  -5.5696700e-03
  -7.5447500e-03
  -9.2819100e-03
  -1.0393400e-02
  -1.1212700e-02
  -1.2124900e-02
  -1.3189400e-02
  -1.4576300e-02
  -1.6593000e-02
  -1.8712800e-02
  -2.0049500e-02
  -2.1223900e-02
  -2.3110900e-02
  -2.4292900e-02
  -2.5207000e-02
  -2.7066700e-02
  -2.8763900e-02
  -2.9906200e-02
  -3.1136800e-02
  -3.2402200e-02
  -3.3263300e-02
  -3.4021000e-02
  -3.4493700e-02
  -3.4413200e-02
  -3.4664500e-02
  -3.4726600e-02
  -3.3926000e-02
  -3.3479900e-02
  -3.3681100e-02
  -3.3403200e-02
  -3.2592000e-02
  -3.1797500e-02
  -3.1127500e-02
  -3.0322500e-02
  -2.9328500e-02
  -2.9006900e-02
  -2.8417200e-02
  -2.7643200e-02
  -2.7599700e-02
  -2.7022300e-02
  -2.6504400e-02
  -2.6392100e-02
  -2.6059400e-02
  -2.5347300e-02
  -2.4871400e-02
  -2.4321900e-02
  -2.3545600e-02
  -2.3477200e-02
  -2.2703500e-02
  -2.1804300e-02
  -2.1403900e-02
  -2.0854100e-02
  -1.9859000e-02
  -1.8280300e-02
  -1.6940600e-02
  -1.5491000e-02
  -1.4037700e-02
  -1.2990200e-02
  -1.2125000e-02
  -1.0500400e-02
  -8.4656200e-03
  -7.0927800e-03
  -5.3326500e-03
  -3.7221000e-03
  -2.6940800e-03
  -9.3152000e-04
   1.2207100e-03
   2.9494800e-03
   4.3194300e-03
   5.8621700e-03
   7.6390300e-03
   8.6870900e-03
   1.0060700e-02
   1.2045300e-02
   1.2747900e-02
   1.3843500e-02
   1.5458900e-02
   1.6016800e-02
   1.7228200e-02
   1.8549500e-02
   1.9464100e-02
   2.0457900e-02
   2.0876500e-02
   2.1546900e-02
   2.2701700e-02
   2.3943900e-02
   2.5416700e-02
   2.6452300e-02
   2.7147000e-02
   2.8619300e-02
   2.9672000e-02
   3.0214200e-02
   3.1338100e-02
   3.2414000e-02
   3.3426600e-02
   3.4294500e-02
   3.4989900e-02
   3.6051700e-02
   3.6658700e-02
   3.7192300e-02
   3.8460500e-02
   3.9175800e-02
   3.9517700e-02
   4.0766600e-02
   4.2306600e-02
   4.4034700e-02
   4.6323000e-02
   4.7995300e-02
   4.9325600e-02
   5.0302000e-02
   5.1307700e-02
   5.2986200e-02
   5.4738800e-02
   5.6855600e-02
   5.8396800e-02
   5.9125300e-02
   6.0263000e-02
   6.1461700e-02
   6.2800300e-02
   6.4202900e-02
   6.5366500e-02
   6.6699200e-02
   6.7343000e-02
   6.8222200e-02
   6.9246400e-02
   6.9595900e-02
   7.0530800e-02
   7.1504000e-02
   7.2362200e-02
   7.2684900e-02
   7.2221800e-02
   7.2157300e-02
   7.1894700e-02
   7.1943900e-02
   7.2099200e-02
   7.1462100e-02
   7.1383600e-02
   7.0754700e-02
   6.9414200e-02
   6.9073700e-02
   6.8448800e-02
   6.7277700e-02
   6.6572100e-02
   6.5616600e-02
   6.4792500e-02
   6.4130400e-02
   6.2722100e-02
   6.1537200e-02
   6.1097000e-02
   6.0360300e-02
   5.9792200e-02
   5.9943700e-02
   5.9771900e-02
   6.0000200e-02
   6.0088700e-02
   5.9559400e-02
   6.0089500e-02
   6.0270400e-02
   5.9718700e-02
   5.9781300e-02
   6.0068400e-02
   6.0274500e-02
   5.9991000e-02
   5.9693700e-02
   5.9388000e-02
   5.8690700e-02
   5.8257200e-02
   5.7182400e-02
   5.6288200e-02
   5.5844800e-02
   5.4590700e-02
   5.4059100e-02
   5.3541300e-02
   5.2367100e-02
   5.1628600e-02
   5.0862500e-02
   5.0003000e-02
   4.9142800e-02
   4.8766900e-02
   4.8404600e-02
   4.7423500e-02
   4.6484600e-02
   4.5877900e-02
   4.5558900e-02
   4.4697300e-02
   4.3868600e-02
   4.3298900e-02
   4.2219900e-02
   4.1021100e-02
   3.9567500e-02
   3.8483400e-02
   3.7317200e-02
   3.5836200e-02
   3.5245400e-02
   3.3990100e-02
   3.1157400e-02
   2.8534400e-02
   2.7185400e-02
   2.5730800e-02
   2.4000600e-02
   2.2415100e-02
   1.9854600e-02
   1.8257800e-02
   1.7756700e-02
   1.6028700e-02
   1.5260300e-02
   1.5459100e-02
   1.3918600e-02
   1.2218700e-02
   1.1311100e-02
   9.8284300e-03
   8.6223900e-03
   7.6824900e-03
   5.8997400e-03
   4.3935000e-03
   3.0709400e-03
   1.5759100e-03
   1.3341100e-04
  -1.5615200e-03
  -3.2623500e-03
  -4.3462900e-03
  -5.4619200e-03
  -7.5809700e-03
  -8.6963400e-03
  -9.1097900e-03
  -1.0453400e-02
  -1.1965900e-02
  -1.3337200e-02
  -1.4495100e-02
  -1.5896300e-02
  -1.7042500e-02
  -1.7863200e-02
  -1.8658900e-02
  -1.9171700e-02
  -1.9498600e-02
  -2.0284700e-02
  -2.1453500e-02
  -2.1385200e-02
  -2.1677600e-02
  -2.2766600e-02
  -2.3066000e-02
  -2.3389100e-02
  -2.4201200e-02
  -2.4626500e-02
  -2.4953800e-02
  -2.5565300e-02
  -2.5809200e-02
  -2.6169800e-02
  -2.6544300e-02
  -2.6863600e-02
  -2.7213200e-02
  -2.6746300e-02
  -2.6800500e-02
  -2.7853800e-02
  -2.8158000e-02
  -2.8566200e-02
  -2.9285300e-02
  -2.9431200e-02
  -2.9390000e-02
  -2.9422600e-02
  -3.0145600e-02
  -3.1105100e-02
  -3.1415500e-02
  -3.1720400e-02
  -3.2190300e-02
  -3.2372600e-02
  -3.2437600e-02
  -3.2745700e-02
  -3.3059900e-02
  -3.3473900e-02
  -3.3695600e-02
  -3.3747200e-02
  -3.3907800e-02
  -3.3306200e-02
  -3.3083500e-02
  -3.3071700e-02
  -3.2167400e-02
  -3.1854900e-02
  -3.1427100e-02
  -3.0406500e-02
  -3.0138400e-02
  -2.9493800e-02
  -2.8311900e-02
  -2.8061600e-02
  -2.7919300e-02
  -2.7729500e-02
  -2.7769300e-02
  -2.6981200e-02
  -2.6118000e-02
  -2.5636200e-02
  -2.5009800e-02
  -2.4360500e-02
  -2.4111500e-02
  -2.3265900e-02
  -2.2003400e-02
  -2.1943000e-02
  -2.1997400e-02
  -2.1789000e-02
  -2.1757100e-02
  -2.1680600e-02
  -2.1372700e-02
  -2.0917700e-02
  -2.0518100e-02
  -2.0421800e-02
  -2.0932300e-02
  -2.1602300e-02
  -2.2627300e-02
