  -7.0914000e-02
  -6.6447600e-02
  -7.3336800e-02
  -8.5881300e-02
  -9.0940100e-02
  -8.6112700e-02
  -7.4885600e-02
  -6.6467900e-02
  -6.5463400e-02
  -7.1043300e-02
  -7.5294500e-02
  -7.4517400e-02
  -7.4223800e-02
  -7.0339600e-02
  -5.6322600e-02
  -3.8765100e-02
  -2.1224900e-02
   4.7452000e-03
   3.2360100e-02
   5.5645400e-02
   7.2593100e-02
   8.3828300e-02
   8.8660800e-02
   8.3654000e-02
   7.5313800e-02
   6.6054800e-02
   5.2599600e-02
   4.1143100e-02
   3.4226400e-02
   3.6015000e-02
   4.6431500e-02
   5.3608200e-02
   4.5124200e-02
   1.5434200e-02
  -1.1200800e-02
  -3.1539000e-02
  -5.7336800e-02
  -7.2576400e-02
  -7.1657600e-02
  -6.6230600e-02
  -5.5351300e-02
  -3.6134700e-02
  -1.5255000e-02
   3.7179000e-03
   1.5701600e-02
   2.1997400e-02
   1.2371300e-02
  -8.9907200e-03
  -2.4239500e-02
  -2.4059000e-02
  -1.1526700e-02
   3.3091900e-03
   1.6153600e-02
   2.7334800e-02
   4.0426900e-02
   4.4958600e-02
   3.9948700e-02
   2.8506500e-02
   1.9912400e-02
   1.5634700e-02
   1.5191200e-02
   2.0502900e-02
   2.2752400e-02
   1.5510400e-02
   4.7330700e-03
  -8.2713400e-03
  -2.6432500e-02
  -5.0339700e-02
  -6.5683300e-02
  -6.2367200e-02
  -4.0957200e-02
  -1.5294000e-02
  -1.8102200e-03
  -1.2982200e-02
  -2.9266000e-02
  -2.2092300e-02
  -1.9181900e-03
   9.7586100e-03
   1.4440100e-02
   3.4933400e-02
   6.6491600e-02
   9.3397900e-02
   1.0452200e-01
   9.6373500e-02
   6.8967600e-02
   5.4233800e-02
   5.7491800e-02
   6.1287200e-02
   6.5034700e-02
   7.3966400e-02
   7.9601400e-02
   8.0594600e-02
   9.6390100e-02
   1.0907300e-01
   1.0479700e-01
   7.8909200e-02
   5.1909200e-02
   3.1502600e-02
  -9.4552400e-03
  -7.4243900e-02
  -1.2290800e-01
  -1.4200600e-01
  -1.5305100e-01
  -1.5326800e-01
  -1.2575900e-01
  -6.6991500e-02
  -2.5907100e-02
  -2.8640900e-02
  -4.4875800e-02
  -5.6146600e-02
  -5.3941000e-02
  -3.4812100e-02
  -6.3334200e-03
   2.6454600e-02
   5.0265000e-02
   5.7535600e-02
   7.1161100e-02
   9.3148200e-02
   1.0707800e-01
   9.0063600e-02
   5.0809700e-02
   4.5649000e-02
   8.3808800e-02
   1.2768100e-01
   1.5750600e-01
   1.8169300e-01
   1.8304200e-01
   1.5964700e-01
   1.3095400e-01
   1.1185000e-01
   8.3019800e-02
   3.1382500e-02
  -3.8241700e-02
  -1.0068900e-01
  -1.3260900e-01
  -1.3825200e-01
  -1.4980700e-01
  -1.7926900e-01
  -2.1877700e-01
  -2.5121700e-01
  -2.5692200e-01
  -2.2562200e-01
  -1.1059400e-01
  -7.3163300e-03
   1.8117500e-02
   7.0423700e-03
  -2.3802000e-02
  -8.1967600e-02
  -1.3905700e-01
  -1.8119300e-01
  -2.0372900e-01
  -2.0076300e-01
  -1.9210100e-01
  -1.8034600e-01
  -1.6970000e-01
  -1.6795500e-01
  -1.6928200e-01
  -1.7411700e-01
  -1.4822400e-01
  -5.7788600e-02
   5.5643500e-03
   2.5720100e-02
   4.1729700e-02
   6.0878000e-02
   7.7942900e-02
   9.5139500e-02
   1.1243700e-01
   1.2820600e-01
   1.4617400e-01
   1.5520800e-01
   1.6348900e-01
   2.1486500e-01
   2.4320600e-01
   2.4662200e-01
   2.7390600e-01
   2.8671400e-01
   2.7715500e-01
   1.8070200e-01
   6.5579400e-02
   4.9648400e-02
   5.6519300e-02
   3.4596500e-02
   9.7878600e-03
  -8.0673300e-03
  -1.7080600e-02
  -2.1253200e-02
  -2.1418400e-02
  -3.3207300e-02
  -5.4763000e-02
  -7.4595400e-02
  -7.9688800e-02
  -6.5976700e-02
  -4.7287300e-02
  -2.9136300e-02
  -1.1965300e-02
   2.9522000e-03
   1.2356100e-02
   1.5462200e-02
   1.2606000e-02
   1.3830200e-03
  -1.4467400e-02
  -2.9907900e-02
  -4.7173700e-02
  -5.9632600e-02
  -6.8846700e-02
  -7.0579100e-02
  -6.0062700e-02
  -4.0300600e-02
  -2.8275100e-02
  -2.3790300e-02
  -1.9168900e-02
  -1.8387800e-02
  -2.7172600e-02
  -3.3460100e-02
  -2.2973300e-02
  -9.8638100e-03
   9.4726500e-04
  -3.5589200e-04
   1.6387100e-03
   5.4361800e-03
  -4.4621700e-03
  -1.3944500e-02
  -1.5759500e-02
  -3.6619800e-02
  -7.0633400e-02
  -8.7899200e-02
  -8.9274800e-02
  -7.5453500e-02
  -6.9737900e-02
  -5.6380600e-02
  -3.3686800e-02
  -2.0524300e-02
  -1.3761500e-02
  -1.1308000e-02
  -7.0047700e-03
  -1.4768500e-03
   7.3417000e-03
   1.7018800e-02
   2.4092700e-02
   2.7808500e-02
   3.3172300e-02
   4.1598200e-02
   5.7515000e-02
   9.6180700e-02
   1.1037200e-01
   7.4291500e-02
   4.7176300e-02
   3.2119200e-02
   1.0780700e-03
  -1.4194200e-02
  -1.7485000e-03
   6.1329200e-03
   1.5401200e-02
   2.6903600e-02
   3.0111700e-02
   2.2640200e-02
   1.3849300e-02
   1.3817700e-02
   1.3689300e-02
   1.0583300e-02
   7.1428100e-03
   6.6544000e-03
   6.4607000e-03
   6.7115900e-03
   5.3482700e-03
   6.0561000e-04
  -2.8756600e-03
  -4.6733800e-03
  -8.9622600e-03
  -1.3410200e-02
  -1.0535600e-02
  -3.1579200e-03
   9.3458800e-03
   2.4806900e-02
   4.0088400e-02
   4.5655000e-02
   4.2499000e-02
   3.9359400e-02
   3.7972600e-02
   3.4405700e-02
   2.9585500e-02
   2.3653900e-02
   1.8600200e-02
   1.4043100e-02
   8.9833400e-03
   7.7699200e-03
   4.3233200e-03
   3.1180500e-03
   3.4525600e-03
   3.1619800e-03
   6.2088700e-04
   7.9223900e-04
  -9.9973100e-05
  -2.2076900e-03
  -1.8456500e-03
  -2.1494800e-03
  -2.6562400e-03
  -6.7330300e-03
  -8.9151800e-03
  -4.5731900e-03
   3.3576100e-04
   6.1214300e-04
  -6.1393600e-03
  -1.3643400e-02
  -1.3851400e-02
  -6.9723500e-03
   8.2085900e-05
   5.7260800e-04
   1.4700000e-03
   5.7344900e-03
   9.2454100e-03
   8.6733900e-03
   4.8576500e-03
   7.2579800e-04
  -3.6059200e-03
  -5.4668600e-03
  -4.5327600e-03
   8.8629500e-05
   5.6287800e-03
   6.3303900e-03
   5.7226800e-03
   6.7919800e-04
  -1.1430900e-02
  -1.8691300e-02
  -2.1872700e-02
  -2.4399500e-02
  -2.9157500e-02
  -2.8304000e-02
  -3.0306600e-02
  -3.7341600e-02
  -3.3641000e-02
  -2.2877900e-02
  -2.3333700e-02
  -2.7908100e-02
  -2.4675600e-02
  -2.7249300e-02
  -3.1873600e-02
  -3.5626200e-02
  -3.2945300e-02
  -2.7447000e-02
  -2.2704200e-02
  -2.4256200e-02
  -2.5143300e-02
  -2.1785300e-02
  -1.6976300e-02
  -1.4228200e-02
  -1.2547600e-02
  -9.6363000e-03
  -8.3493800e-03
  -7.3082100e-03
  -4.6191900e-03
  -3.9736700e-03
  -4.0409300e-03
   4.8766100e-04
   4.1270600e-03
   5.9697300e-03
   6.6590900e-03
   7.9623200e-03
   9.7642000e-03
   8.0266400e-03
   7.2455700e-03
   1.1112400e-02
   1.7468300e-02
   2.6909900e-02
   3.1108100e-02
   3.5922200e-02
   4.6049000e-02
   6.0876800e-02
   7.3154200e-02
   6.9451600e-02
   5.1912500e-02
   4.2765700e-02
   3.7978200e-02
   2.8130800e-02
   1.9198100e-02
   1.1455500e-02
   9.1876700e-03
   4.3226400e-03
  -7.8304600e-04
  -3.4057200e-03
  -6.7422000e-03
  -8.6877800e-03
  -1.2167000e-02
  -1.7201300e-02
  -2.1965400e-02
  -2.7267900e-02
  -3.2788600e-02
  -4.0683200e-02
  -4.8224000e-02
  -5.6586600e-02
  -5.6384700e-02
  -5.1177000e-02
  -4.3876800e-02
  -5.4791800e-02
  -6.4392400e-02
  -5.5223100e-02
  -3.1946000e-02
  -8.2763100e-03
   2.8743200e-03
   1.6778200e-02
   3.1163300e-02
   4.5089600e-02
   4.7320800e-02
   6.3009200e-02
   7.5686300e-02
   7.2371200e-02
   6.4322700e-02
   4.8973900e-02
   2.7891300e-02
   9.1673400e-03
  -3.5433900e-03
  -1.1598100e-02
  -2.0795900e-02
  -2.9859100e-02
  -3.3312900e-02
  -3.5012700e-02
  -3.5236000e-02
  -3.7141800e-02
  -3.8796800e-02
  -4.1114500e-02
  -4.1042100e-02
  -3.9417700e-02
  -3.5705900e-02
  -2.9153200e-02
  -2.3183700e-02
  -2.4296200e-02
  -2.1321600e-02
  -1.1574200e-02
  -6.4949200e-03
  -1.4207800e-03
   2.7417300e-03
   6.7196700e-03
   1.0272400e-02
   1.2871700e-02
   1.3312200e-02
   1.3407100e-02
   1.6721200e-02
   1.9662100e-02
   2.3948000e-02
   2.8961900e-02
   3.4654000e-02
   3.9722000e-02
   4.2242800e-02
   4.4219100e-02
   4.7660600e-02
   5.6223200e-02
   6.3132800e-02
   5.9503700e-02
   4.5908900e-02
   3.5387400e-02
   2.0616900e-02
   3.7712100e-03
  -9.4188800e-04
   1.6298600e-03
   1.2944000e-03
  -2.7140700e-03
  -3.7235700e-03
  -4.6637200e-03
  -5.1674300e-03
  -6.0555800e-03
  -7.3669100e-03
  -1.0921600e-02
  -1.3926700e-02
  -1.7344700e-02
  -2.0453800e-02
  -2.1410300e-02
  -2.0156000e-02
  -1.7069300e-02
  -1.4424200e-02
  -1.0715400e-02
  -7.0230100e-03
  -4.5970800e-03
  -3.4417100e-03
  -3.3743900e-03
  -3.4967300e-03
  -2.8522400e-03
  -1.7060600e-03
  -4.8996500e-05
   1.8997000e-03
   4.0860000e-03
   6.2549600e-03
   7.7702800e-03
   7.8651400e-03
   7.7784900e-03
   7.8040000e-03
   6.3641900e-03
   3.3336100e-03
  -5.0253400e-04
  -4.6435800e-03
  -7.3447800e-03
  -7.6669900e-03
  -7.6088400e-03
  -9.0935300e-03
  -1.1780500e-02
  -1.5246400e-02
  -1.7714100e-02
  -1.9222300e-02
  -2.0475500e-02
  -1.9756600e-02
  -1.8585900e-02
  -1.6885000e-02
  -1.4749700e-02
  -1.2346200e-02
  -1.0935900e-02
  -6.1422100e-03
   2.0145200e-03
   7.2936100e-03
   7.5087900e-03
   5.6050000e-03
   5.3888400e-03
   6.5023900e-03
   1.0145900e-02
   1.5359700e-02
   2.0097300e-02
   2.3190100e-02
   2.4213900e-02
   2.6125900e-02
   2.8287700e-02
   2.8032800e-02
   2.4666800e-02
   1.9639600e-02
   1.3130800e-02
   5.7980000e-03
  -8.8519500e-04
  -5.6227800e-03
  -9.6740900e-03
  -1.2461000e-02
  -1.5251900e-02
  -1.8167200e-02
  -1.9576500e-02
  -2.1356900e-02
  -2.2767100e-02
  -2.3455400e-02
  -2.1518000e-02
  -1.7934700e-02
  -1.3768100e-02
  -1.0407100e-02
  -9.2129700e-03
  -8.0596500e-03
  -5.7928000e-03
  -2.8631400e-03
  -1.9729100e-03
  -2.2502600e-03
  -6.3399400e-04
   2.2100100e-03
   5.5404200e-03
   7.2035900e-03
   8.3467100e-03
   9.8630400e-03
   9.5398100e-03
   7.5228200e-03
   4.1730700e-03
  -6.4812900e-04
  -6.2871400e-03
  -1.1985300e-02
  -1.8183100e-02
  -2.2725900e-02
  -2.4815300e-02
  -2.4775500e-02
  -2.4207500e-02
  -2.4422700e-02
  -2.3939300e-02
  -2.2488300e-02
  -2.0102100e-02
  -1.7884200e-02
  -1.2818300e-02
  -7.9011700e-03
  -4.5993100e-03
  -1.0231600e-03
   2.2481100e-03
   4.9962500e-03
   7.1692800e-03
   9.3698400e-03
   1.0871900e-02
   1.1352200e-02
   1.1232900e-02
   1.0928000e-02
   9.5952600e-03
   7.6710700e-03
   6.7920800e-03
   7.0480500e-03
   7.9984300e-03
   9.2506500e-03
   9.9563100e-03
   1.1636800e-02
   1.2629000e-02
   1.3522300e-02
   1.4934600e-02
   1.5306800e-02
   1.6636500e-02
   1.7301400e-02
   1.8017200e-02
   1.7435000e-02
   1.6736500e-02
   1.6797700e-02
   1.6727300e-02
   1.6766100e-02
   1.6698800e-02
   1.7020000e-02
   1.6813000e-02
   1.6446000e-02
   1.4746100e-02
   1.3518400e-02
   1.3904900e-02
   1.5631200e-02
   1.7697200e-02
   1.8106100e-02
   1.8120400e-02
   1.7745100e-02
   1.6755000e-02
   1.5523200e-02
   1.4719700e-02
   1.0805000e-02
   5.6880600e-03
   3.0378300e-03
  -8.4218200e-04
  -3.1487700e-03
  -3.2456400e-03
  -4.9556900e-03
  -6.8034100e-03
  -6.6422900e-03
  -7.3020400e-03
  -9.0743000e-03
  -1.0572300e-02
  -1.2271100e-02
  -1.4828500e-02
  -1.6183700e-02
  -1.8044700e-02
  -2.0006600e-02
  -2.0449200e-02
  -2.0863200e-02
  -2.0825500e-02
  -1.9860800e-02
  -1.7945800e-02
  -1.5891000e-02
  -1.2857400e-02
  -9.2547100e-03
  -6.3342400e-03
  -3.0395300e-03
   4.7154300e-05
   2.0529400e-03
   3.1134500e-03
   3.9465600e-03
   3.9547200e-03
   1.5961200e-03
   1.8688100e-04
  -3.8007800e-04
  -1.1275300e-03
  -1.4405700e-03
  -2.3318000e-03
  -2.7784400e-03
  -5.1778200e-03
  -8.4541700e-03
  -1.1350200e-02
  -1.4645900e-02
  -1.7582700e-02
  -2.1082300e-02
  -2.4013000e-02
  -2.5344700e-02
  -2.4280100e-02
  -2.1330100e-02
  -1.7264500e-02
  -1.1617300e-02
  -5.9762300e-03
  -1.7597000e-03
   1.4738200e-03
   4.5044100e-03
   7.6104700e-03
   9.4082300e-03
   9.7865500e-03
   9.8813800e-03
   1.1111200e-02
   1.1021400e-02
   1.0934800e-02
   1.0784900e-02
   8.2008900e-03
   5.5567700e-03
   2.6709700e-03
   1.9602300e-03
   2.0775000e-03
   1.9949000e-03
   2.0234500e-03
   1.9816500e-03
   1.6033300e-03
  -4.3814100e-04
  -1.0377300e-03
  -1.6760800e-03
  -3.2025900e-03
  -4.1478700e-03
  -3.8164700e-03
  -3.9388300e-03
  -4.3385600e-03
  -3.5890700e-03
  -2.6539900e-03
  -2.4184400e-03
  -2.6427800e-03
  -2.7253800e-03
  -2.8457100e-03
  -1.3446900e-03
  -8.1261100e-05
   1.0832500e-03
   2.4965800e-03
   2.4537500e-03
   2.5740700e-03
   2.3436100e-03
   1.3187900e-03
   2.6440500e-04
  -4.4022200e-04
  -3.1174000e-04
  -2.9542800e-04
  -9.2459600e-04
  -2.6142700e-03
  -3.3036000e-03
  -3.2383400e-03
  -5.5214900e-03
  -6.1628900e-03
  -6.7288400e-03
  -7.7669200e-03
  -8.2288500e-03
  -8.1462600e-03
  -8.1197500e-03
  -9.0344400e-03
  -8.9712200e-03
  -8.9732700e-03
  -8.1207900e-03
  -7.5273200e-03
  -7.6609100e-03
  -7.3743700e-03
  -7.3050300e-03
  -8.6102800e-03
  -9.1854000e-03
  -9.0548800e-03
  -9.1293300e-03
  -9.0803900e-03
  -9.1211800e-03
  -8.9865800e-03
  -8.4206500e-03
  -7.5120900e-03
  -5.7296300e-03
  -3.8543800e-03
  -1.6263000e-03
   1.9184400e-04
   1.8835500e-03
   4.1055000e-03
   6.3029800e-03
   8.8961100e-03
   1.0400200e-02
   1.1787000e-02
   1.3071800e-02
   1.4772700e-02
   1.6153400e-02
   1.8100000e-02
