  -7.0300600e-02
  -7.0790400e-02
  -6.8240200e-02
  -6.6741700e-02
  -6.8345000e-02
  -6.9785400e-02
  -5.9941400e-02
  -4.1236100e-02
  -2.6146000e-02
  -2.1061500e-02
  -2.8209500e-02
  -4.1493400e-02
  -5.5121000e-02
  -6.1639200e-02
  -5.1615600e-02
  -2.1537300e-02
   2.3357600e-02
   7.1959100e-02
   1.1237600e-01
   1.3915100e-01
   1.4625900e-01
   1.3057600e-01
   1.0704300e-01
   9.0680300e-02
   8.2204400e-02
   7.1779200e-02
   5.5372800e-02
   3.8407800e-02
   2.8203300e-02
   3.5371900e-02
   4.8251600e-02
   5.4460800e-02
   5.2796800e-02
   5.6742900e-02
   5.9565700e-02
   5.0877300e-02
   4.9351300e-02
   5.9712600e-02
   6.1300000e-02
   3.9432600e-02
  -4.6821600e-03
  -5.1434200e-02
  -9.0494200e-02
  -1.2334900e-01
  -1.4860400e-01
  -1.5650300e-01
  -1.4846000e-01
  -1.4702300e-01
  -1.5435200e-01
  -1.4023900e-01
  -8.1003300e-02
   5.0930000e-03
   9.1627100e-02
   1.7110500e-01
   2.2827600e-01
   2.5987400e-01
   2.6679300e-01
   2.5465100e-01
   2.3181100e-01
   1.9853400e-01
   1.6320400e-01
   1.2347400e-01
   7.8970800e-02
   3.2476100e-02
  -5.4551300e-03
  -3.0863900e-02
  -4.2587600e-02
  -3.2023700e-02
  -6.3006100e-03
   9.2619400e-03
   1.2454400e-03
  -1.8221400e-02
  -4.1966500e-02
  -7.2004100e-02
  -9.5399300e-02
  -1.0741100e-01
  -1.1889500e-01
  -1.2971200e-01
  -1.1702200e-01
  -7.4044100e-02
  -2.4978900e-02
   1.7245300e-02
   5.6298500e-02
   8.7119100e-02
   1.1306700e-01
   1.2390400e-01
   1.2719200e-01
   1.2115400e-01
   9.5325600e-02
   6.5768400e-02
   3.3411000e-02
   5.8391200e-03
  -2.6015500e-02
  -5.8325300e-02
  -7.8443100e-02
  -7.5658000e-02
  -6.9304200e-02
  -8.6695000e-02
  -1.0029700e-01
  -8.2880900e-02
  -5.2025300e-02
  -3.2335800e-02
  -1.0003400e-02
   1.7947900e-02
   4.2353200e-02
   5.4612600e-02
   5.6658200e-02
   5.8806000e-02
   6.3041500e-02
   6.5698000e-02
   7.0318900e-02
   6.9476400e-02
   6.2202100e-02
   5.1833200e-02
   5.1456600e-02
   6.8047100e-02
   8.4764700e-02
   8.9987200e-02
   8.3813200e-02
   6.9735100e-02
   4.6987000e-02
   1.3684600e-02
  -3.0330100e-02
  -7.7467800e-02
  -1.2050100e-01
  -1.5556300e-01
  -1.8250800e-01
  -1.9512800e-01
  -1.7240400e-01
  -1.1264300e-01
  -4.3654500e-02
   1.7589200e-02
   4.7820800e-02
   6.2090600e-02
   6.6215000e-02
   4.9854900e-02
   1.4673500e-02
  -1.9117800e-02
  -4.7589400e-02
  -7.0742700e-02
  -7.5069200e-02
  -6.1434900e-02
  -4.9880900e-02
  -4.9806700e-02
  -5.8288800e-02
  -6.1529000e-02
  -6.0059800e-02
  -6.1995600e-02
  -6.5927600e-02
  -7.4104600e-02
  -8.4030600e-02
  -9.0440100e-02
  -6.8278300e-02
  -2.4313900e-02
   2.2537200e-02
   5.4549400e-02
   8.4781300e-02
   1.0817800e-01
   1.1420100e-01
   1.0667800e-01
   9.9756200e-02
   8.8517200e-02
   5.5597600e-02
  -1.1547000e-02
  -9.3858800e-02
  -1.5914900e-01
  -1.8828600e-01
  -1.8426200e-01
  -1.6644000e-01
  -1.4130900e-01
  -9.3862100e-02
  -3.0156200e-02
   1.5757700e-02
   2.9915900e-02
   2.4112000e-02
   1.2293900e-02
  -1.7153600e-03
  -2.7790700e-02
  -7.0098300e-02
  -1.2420100e-01
  -1.7105500e-01
  -1.7035700e-01
  -1.4224500e-01
  -1.2023800e-01
  -1.0947300e-01
  -8.7532200e-02
  -4.4684200e-02
  -9.9112600e-04
   2.2336700e-02
   2.8774300e-02
   3.3766900e-02
   2.8890200e-02
   9.6594300e-03
  -2.3318800e-02
  -5.1980600e-02
  -6.7529900e-02
  -8.3125600e-02
  -1.0179500e-01
  -1.2066600e-01
  -1.2958700e-01
  -1.2459500e-01
  -1.1392000e-01
  -1.0635300e-01
  -9.7901100e-02
  -5.7023200e-02
   1.4218700e-02
   8.2789200e-02
   1.4433600e-01
   2.0010800e-01
   2.3943000e-01
   2.6236100e-01
   2.6643000e-01
   2.5124500e-01
   2.1941100e-01
   1.7512600e-01
   1.1998200e-01
   6.2956500e-02
   2.0316900e-02
  -5.1525300e-04
  -3.1782200e-03
  -1.9028200e-03
  -1.4775700e-02
  -2.9134200e-02
  -3.1899600e-02
  -3.4635300e-02
  -5.2839900e-02
  -7.9788600e-02
  -1.0785400e-01
  -1.4027800e-01
  -1.6692200e-01
  -1.7394400e-01
  -1.5905100e-01
  -1.1447300e-01
  -4.4731500e-02
   3.0285400e-02
   9.2986800e-02
   1.3388400e-01
   1.4730900e-01
   1.3501200e-01
   9.1349700e-02
   2.8187200e-02
  -3.8460700e-02
  -9.1377400e-02
  -1.2014000e-01
  -1.2010300e-01
  -9.7950600e-02
  -6.6328600e-02
  -3.0817100e-02
   2.1355600e-02
   9.2458500e-02
   1.7227500e-01
   2.3125900e-01
   2.5845800e-01
   2.6268500e-01
   2.5729200e-01
   2.5453100e-01
   2.5151200e-01
   2.2960300e-01
   1.9885400e-01
   1.6961300e-01
   1.3868300e-01
   1.1318000e-01
   9.9456100e-02
   9.8538700e-02
   9.8820600e-02
   9.4631400e-02
   9.1471600e-02
   7.9792500e-02
   5.9184700e-02
   4.4151900e-02
   3.4197900e-02
   2.3482400e-02
   9.2563200e-03
   6.5346000e-03
   2.1029600e-02
   3.8803600e-02
   6.5534000e-02
   1.1460300e-01
   1.5171200e-01
   1.6383600e-01
   1.4821100e-01
   1.1897900e-01
   8.8362100e-02
   6.3954100e-02
   3.8938900e-02
   1.5738200e-02
   3.9060700e-04
  -1.5481000e-02
  -2.9914800e-02
  -5.3215600e-02
  -7.4227200e-02
  -7.1066200e-02
  -4.9891800e-02
  -4.1314300e-02
  -6.1439900e-02
  -1.0136400e-01
  -1.2581500e-01
  -1.2195100e-01
  -1.1264700e-01
  -1.2586600e-01
  -1.6568200e-01
  -1.8922400e-01
  -1.6292300e-01
  -1.1120600e-01
  -6.4319400e-02
  -2.8892000e-02
  -3.8059900e-03
   5.2240800e-03
  -3.3168400e-04
  -1.0849300e-02
  -2.3487400e-02
  -4.0847600e-02
  -5.9593200e-02
  -7.6106000e-02
  -8.2393600e-02
  -7.7658500e-02
  -7.4803500e-02
  -8.4772600e-02
  -1.0287800e-01
  -1.0689100e-01
  -8.6582800e-02
  -6.9743900e-02
  -7.2577700e-02
  -7.3530500e-02
  -5.8856200e-02
  -4.2298300e-02
  -4.2014000e-02
  -5.2171900e-02
  -5.4086000e-02
  -4.3708500e-02
  -2.7558400e-02
  -1.9013200e-02
  -2.7528400e-02
  -4.4212000e-02
  -5.5584400e-02
  -6.9011500e-02
  -8.7012300e-02
  -9.7527900e-02
  -8.9661900e-02
  -7.4536700e-02
  -6.8515700e-02
  -6.4293500e-02
  -5.1705900e-02
  -2.8887000e-02
  -2.2533400e-03
   2.0935000e-02
   4.1753400e-02
   6.3237800e-02
   7.4394200e-02
   6.3800300e-02
   2.7417300e-02
  -2.1458200e-02
  -7.3887700e-02
  -1.0559900e-01
  -1.0466100e-01
  -8.2224000e-02
  -5.1476600e-02
  -2.2668200e-02
  -1.9976500e-03
   1.1271800e-02
   2.1149400e-02
   3.4853000e-02
   4.8847400e-02
   5.5324800e-02
   4.8826000e-02
   2.9040200e-02
   7.8151100e-04
  -2.4543400e-02
  -4.3814600e-02
  -6.2383800e-02
  -7.9318300e-02
  -8.5816100e-02
  -8.6752300e-02
  -8.4657500e-02
  -7.8482600e-02
  -7.3163600e-02
  -7.1512500e-02
  -7.1944900e-02
  -7.4396000e-02
  -7.4796700e-02
  -6.9369100e-02
  -6.1151900e-02
  -5.7650700e-02
  -6.4121400e-02
  -7.1423500e-02
  -7.1134800e-02
  -5.4415400e-02
  -1.4752000e-02
   4.4656400e-02
   1.0940100e-01
   1.6129000e-01
   2.0021300e-01
   2.4196300e-01
   2.8985200e-01
   3.3143700e-01
   3.4472000e-01
   3.2286800e-01
   2.8384400e-01
   2.4164600e-01
   1.9878700e-01
   1.4429700e-01
   7.9028200e-02
   1.1209600e-02
  -5.1356100e-02
  -1.0403100e-01
  -1.3898300e-01
  -1.6724500e-01
  -2.0678000e-01
  -2.4475000e-01
  -2.4024600e-01
  -1.9888800e-01
  -1.5115900e-01
  -1.1513100e-01
  -9.1940000e-02
  -7.6538400e-02
  -6.3403400e-02
  -6.1895700e-02
  -6.6578600e-02
  -5.9315400e-02
  -4.9629400e-02
  -4.7186700e-02
  -4.9788100e-02
  -3.9145600e-02
  -1.2126600e-02
   2.1364800e-02
   5.1824400e-02
   7.6408100e-02
   1.0027100e-01
   1.3094200e-01
   1.6635200e-01
   2.0029200e-01
   2.2843300e-01
   2.3505000e-01
   2.1983900e-01
   1.8133900e-01
   1.2797000e-01
   8.5080400e-02
   6.9424700e-02
   7.9266500e-02
   9.0693900e-02
   9.5812400e-02
   9.4116500e-02
   8.8054400e-02
   8.1037500e-02
   5.8134800e-02
   3.3951300e-02
   2.7320000e-02
   3.2892300e-02
   2.4339000e-02
  -5.7111100e-03
  -4.0251100e-02
  -5.9518200e-02
  -6.0712300e-02
  -4.3118900e-02
  -5.7013300e-03
   3.8203900e-02
   7.2436900e-02
   9.2136900e-02
   1.0415500e-01
   1.1292100e-01
   1.1772300e-01
   1.1722200e-01
   1.0761500e-01
   8.9403400e-02
   6.5929900e-02
   4.5466700e-02
   3.6213300e-02
   4.1043100e-02
   5.0899900e-02
   5.6586300e-02
   4.9907800e-02
   3.3954300e-02
   1.3259500e-02
  -9.8741000e-03
  -3.4617600e-02
  -6.6391900e-02
  -1.0215500e-01
  -1.2331000e-01
  -1.1985200e-01
  -9.7522200e-02
  -6.4407000e-02
  -3.1109300e-02
  -1.1316000e-02
  -7.3590700e-03
  -1.9079300e-02
  -2.7878800e-02
  -2.9564500e-02
  -3.4581500e-02
  -4.6637900e-02
  -5.0076600e-02
  -4.0632900e-02
  -2.8254200e-02
  -1.1981300e-02
   2.0737400e-02
   6.2735900e-02
   9.4997100e-02
   1.1223200e-01
   1.1918700e-01
   1.2521300e-01
   1.2460600e-01
   1.1265800e-01
   8.8132000e-02
   5.2706400e-02
   7.4088600e-03
  -5.3553600e-02
  -1.3163500e-01
  -2.0813200e-01
  -2.5208200e-01
  -2.6159800e-01
  -2.4953300e-01
  -2.3923600e-01
  -2.4028600e-01
  -2.3810400e-01
  -2.1339000e-01
  -1.7302500e-01
  -1.3729100e-01
  -1.1205500e-01
  -9.1990500e-02
  -7.2552100e-02
  -5.9608100e-02
  -5.7960400e-02
  -6.4431000e-02
  -7.0144400e-02
  -7.9991300e-02
  -8.9945100e-02
  -9.3257200e-02
  -8.4057400e-02
  -6.4694700e-02
  -4.3066300e-02
  -2.2646000e-02
  -4.4198900e-03
   7.6739300e-03
   1.2965600e-02
   1.2824700e-02
   6.6271800e-03
  -6.2297200e-03
  -2.8322000e-02
  -5.9022700e-02
  -9.4510400e-02
  -1.2774200e-01
  -1.4415000e-01
  -1.3967500e-01
  -1.2466400e-01
  -1.0457500e-01
  -8.3743300e-02
  -6.4469200e-02
  -4.3418700e-02
  -2.5594500e-02
  -1.6689700e-02
  -1.3258000e-02
  -4.5221100e-03
   4.0318700e-03
   6.9447700e-03
   1.1559500e-02
   2.3774500e-02
   3.3895700e-02
   3.8592200e-02
   4.6197100e-02
   6.4155300e-02
   9.3923200e-02
   1.2527800e-01
   1.4548600e-01
   1.4868800e-01
   1.3582100e-01
   1.0929100e-01
   7.3567200e-02
   4.1808500e-02
   2.9639300e-02
   3.6893000e-02
   5.4463100e-02
   8.4853900e-02
   1.1837500e-01
   1.4410100e-01
   1.5556800e-01
   1.5479100e-01
   1.4192800e-01
   1.1146600e-01
   5.6610900e-02
  -1.6818700e-03
  -5.0439000e-02
  -8.5777700e-02
  -1.0504500e-01
  -9.4573700e-02
  -4.1637900e-02
   4.2826600e-02
   1.3941100e-01
   2.2003700e-01
   2.5378300e-01
   2.4067800e-01
   2.2204600e-01
   2.1144700e-01
   1.9739400e-01
   1.6498200e-01
   1.1682300e-01
   5.2441800e-02
  -2.1209300e-02
  -8.8232000e-02
  -1.1738600e-01
  -1.1050900e-01
  -9.0378500e-02
  -5.9291300e-02
  -9.1358600e-03
   4.3384000e-02
   7.6268600e-02
   8.5672000e-02
   8.1524800e-02
   8.2245100e-02
   8.5845000e-02
   8.0505800e-02
   7.1540800e-02
   6.3175000e-02
   5.6080500e-02
   5.4099400e-02
   5.8636600e-02
   6.1925600e-02
   5.3006700e-02
   3.0141100e-02
   1.6246000e-03
  -2.0167300e-02
  -2.7143200e-02
  -1.2903600e-02
   1.7790400e-02
   4.8885700e-02
   6.6751600e-02
   6.9340000e-02
   6.4649000e-02
   4.6814500e-02
   8.9233800e-03
  -4.1052200e-02
  -9.1530000e-02
  -1.3593000e-01
  -1.6858400e-01
  -1.7834100e-01
  -1.6397200e-01
  -1.3215700e-01
  -1.0078500e-01
  -7.8223900e-02
  -5.7263500e-02
  -3.8114700e-02
  -2.7414400e-02
  -3.1621600e-02
  -4.6281400e-02
  -6.6134400e-02
  -8.3836000e-02
  -1.0483400e-01
  -1.3248300e-01
  -1.4926900e-01
  -1.4637300e-01
  -1.3324200e-01
  -1.1907500e-01
  -1.0178500e-01
  -8.2592300e-02
  -6.8071000e-02
  -5.4693600e-02
  -3.6190200e-02
  -6.7051400e-03
   2.6863100e-02
   5.2216500e-02
   5.4510900e-02
   3.8362000e-02
   1.1630400e-02
  -1.6536100e-02
  -3.1059800e-02
  -3.0658900e-02
  -2.5851000e-02
  -2.1165600e-02
  -1.0345100e-02
   1.3729300e-02
   4.3950900e-02
   7.5024900e-02
   1.0912700e-01
   1.4620700e-01
   1.7981700e-01
   1.8995000e-01
   1.7603800e-01
   1.4444700e-01
   9.7627900e-02
   3.7829500e-02
  -2.8725800e-02
  -8.6346700e-02
  -1.2413100e-01
  -1.5034200e-01
  -1.8110600e-01
  -1.8625700e-01
  -1.3665400e-01
  -4.8113100e-02
   4.6359900e-02
   1.3837800e-01
   2.1306600e-01
   2.5433000e-01
   2.5926200e-01
   2.2615700e-01
   1.6271300e-01
   8.9088700e-02
   1.3958900e-02
  -5.2717000e-02
  -9.8221000e-02
  -1.0582200e-01
  -7.6859100e-02
  -2.5916400e-02
   2.6683500e-02
   6.3316200e-02
   8.4339700e-02
   9.3198500e-02
   8.8683000e-02
   6.6115200e-02
   2.5249700e-02
  -2.3139100e-02
  -6.2835100e-02
  -9.2414600e-02
  -1.1783500e-01
  -1.4789500e-01
  -1.8032100e-01
  -2.1039600e-01
  -2.3145300e-01
  -2.3575200e-01
  -2.1521900e-01
  -1.7849200e-01
  -1.3528800e-01
  -8.7720200e-02
  -3.5298100e-02
   1.6623200e-02
   6.2621200e-02
   1.0191600e-01
   1.3600100e-01
   1.5862300e-01
   1.6405700e-01
   1.5454100e-01
   1.3304200e-01
   1.0333600e-01
   7.8101200e-02
   6.6137100e-02
   6.2626100e-02
   6.1193300e-02
   5.4090500e-02
   4.3480600e-02
   3.1340100e-02
   1.7733200e-02
  -1.9276700e-03
  -2.7559100e-02
  -5.6608200e-02
  -8.3442400e-02
  -1.0167500e-01
  -1.1146300e-01
  -1.1605700e-01
  -1.1882500e-01
  -1.2228400e-01
  -1.1436200e-01
  -8.4267900e-02
  -4.2545900e-02
   3.8256000e-03
   5.5359100e-02
   1.0119100e-01
   1.2614300e-01
   1.2298700e-01
   1.0264500e-01
   7.4087500e-02
   4.0787300e-02
   3.7739300e-03
  -3.1866200e-02
  -5.7736500e-02
  -6.7095000e-02
  -5.5291800e-02
  -2.7398200e-02
   1.1553500e-03
   2.0005400e-02
   2.8930400e-02
   2.9432900e-02
   2.5496600e-02
   1.7427700e-02
   1.7820000e-03
  -1.9232600e-02
  -3.9064500e-02
  -5.0138700e-02
  -5.1495300e-02
  -4.3283700e-02
  -2.8493100e-02
  -8.2971600e-03
   1.8257600e-02
   4.2553000e-02
   5.4181700e-02
   6.1163900e-02
   7.5864500e-02
   9.2651300e-02
   1.0560800e-01
   1.1579200e-01
   1.2253700e-01
   1.2331500e-01
   1.1439100e-01
   9.1550100e-02
   6.5264700e-02
   4.5870600e-02
   3.5267900e-02
   3.4159200e-02
   4.6391300e-02
   6.8168700e-02
   9.0461200e-02
   9.9782700e-02
   8.8652200e-02
   6.3016900e-02
   2.8681200e-02
  -8.9981700e-03
  -3.9543800e-02
  -5.6177500e-02
  -5.9583700e-02
  -5.7773700e-02
  -5.7587100e-02
  -6.1750100e-02
  -7.3145600e-02
  -9.0999100e-02
  -9.8935100e-02
  -8.0271400e-02
  -5.0443700e-02
  -2.7379300e-02
  -1.4993600e-02
  -8.0000200e-03
  -4.7920200e-03
  -4.5317800e-03
  -7.7997400e-03
  -1.6795100e-02
  -2.4648600e-02
  -2.7717300e-02
  -3.2536100e-02
  -4.4266400e-02
  -5.6977400e-02
  -6.4523800e-02
  -6.2394900e-02
  -4.6171100e-02
  -1.6589800e-02
   1.8231400e-02
   4.8995800e-02
   6.3863500e-02
   6.0722100e-02
   4.2462800e-02
   1.0853900e-02
  -2.3322500e-02
  -5.0380900e-02
  -6.9626500e-02
  -8.6120600e-02
  -9.9667300e-02
  -1.0960400e-01
  -1.1914500e-01
  -1.2806500e-01
  -1.3578800e-01
  -1.4222900e-01
  -1.4475500e-01
  -1.4093400e-01
  -1.3208600e-01
  -1.2724600e-01
  -1.2798900e-01
  -1.3132200e-01
  -1.3866400e-01
  -1.5229500e-01
  -1.6618600e-01
  -1.6874600e-01
  -1.5461200e-01
  -1.2477800e-01
  -8.5968300e-02
  -4.2181400e-02
  -1.4282200e-03
   3.5000700e-02
   6.4343600e-02
   8.5341600e-02
   9.6663100e-02
   9.8027400e-02
   9.3084600e-02
   7.7919500e-02
   5.5107500e-02
   2.8046800e-02
  -8.9344000e-04
  -2.2106300e-02
  -3.1596000e-02
  -3.4249900e-02
  -3.8528400e-02
  -4.7357500e-02
  -5.5580900e-02
  -5.6639100e-02
  -5.0029300e-02
  -4.4928300e-02
  -4.6486000e-02
  -4.6220700e-02
  -3.8615900e-02
  -2.6325700e-02
  -1.2601000e-02
   3.8857300e-03
   2.2279000e-02
   3.8588100e-02
   4.9303400e-02
   5.6525500e-02
   6.1900400e-02
   6.5076100e-02
   6.4788400e-02
   6.2486700e-02
   5.9964300e-02
   5.6781200e-02
   5.7245100e-02
   5.9547100e-02
   6.2780300e-02
   6.4173200e-02
   6.0980400e-02
   5.6026200e-02
   4.8541300e-02
   4.0043900e-02
   2.6703800e-02
   1.1114000e-02
  -7.0868500e-04
  -5.6307600e-03
  -8.3647000e-03
  -1.3274700e-02
  -1.7361200e-02
  -8.5676400e-03
   7.9800000e-03
   2.6067000e-02
   4.5778700e-02
   6.7260500e-02
   8.6374500e-02
   1.0146600e-01
   1.1129200e-01
   1.1910100e-01
   1.2016600e-01
   1.1247400e-01
   9.8647000e-02
   7.6294000e-02
   4.5573000e-02
   1.5459400e-02
  -3.1233700e-03
  -1.4141400e-02
  -2.6819900e-02
  -3.3892600e-02
  -2.1453400e-02
  -1.3575000e-03
   1.0583600e-02
   1.2863500e-02
   1.5845700e-02
   2.0402200e-02
   2.3591600e-02
   2.3978700e-02
   2.1327900e-02
   1.8480300e-02
   1.6966600e-02
   1.6070700e-02
   1.5524500e-02
   1.6441000e-02
   1.9151800e-02
   2.3389500e-02
   3.0003200e-02
   3.6800500e-02
   4.1076800e-02
   3.9881900e-02
   3.3087500e-02
   2.7094200e-02
   2.5015000e-02
   2.5491500e-02
   2.2367100e-02
   1.5341200e-02
   7.1156400e-03
  -5.8578500e-03
  -2.4512200e-02
  -4.1592800e-02
  -4.8457400e-02
  -4.9313800e-02
  -5.1181100e-02
  -6.0383800e-02
  -7.2758300e-02
  -7.9433700e-02
  -8.0085700e-02
  -7.8336100e-02
  -6.6075800e-02
  -3.7183000e-02
  -2.5331700e-03
   2.4204200e-02
   4.0059700e-02
   4.1191900e-02
   2.9993200e-02
   1.9808600e-02
   1.7241000e-02
   2.1779600e-02
   3.0274600e-02
   4.1939000e-02
   5.4813500e-02
   6.1612500e-02
   5.8145000e-02
   4.7265200e-02
   3.3785700e-02
   2.5705700e-02
   1.9159900e-02
   6.9468000e-03
  -6.3986900e-03
  -1.2527900e-02
  -1.1039900e-02
  -1.3208100e-02
  -2.6280800e-02
  -4.1131400e-02
  -4.8412700e-02
  -5.0001800e-02
  -5.3504100e-02
  -6.0835500e-02
  -6.7001300e-02
  -7.1631900e-02
  -7.5373100e-02
  -7.6985200e-02
  -7.2761500e-02
  -5.9640400e-02
  -4.2394300e-02
  -2.1661400e-02
   1.1457100e-03
   2.2011800e-02
   3.0464700e-02
   2.5911800e-02
   1.8545700e-02
   1.4661700e-02
   1.3198800e-02
   9.8175400e-03
   2.1648800e-03
  -1.1071400e-02
  -2.8008700e-02
  -4.3378900e-02
  -5.3208000e-02
  -6.0729400e-02
  -6.8763800e-02
  -7.5735500e-02
  -7.6185100e-02
  -7.0720500e-02
  -6.2808600e-02
  -5.6902900e-02
  -5.3108100e-02
  -5.1137000e-02
  -5.0303400e-02
  -4.9028600e-02
  -4.5793900e-02
  -4.2919300e-02
  -4.2199100e-02
  -4.3932900e-02
  -4.5683000e-02
  -4.4546500e-02
  -4.3166900e-02
  -4.4929400e-02
  -4.9496700e-02
  -5.5259600e-02
  -6.0070900e-02
  -5.7535400e-02
  -4.3345600e-02
  -2.5137700e-02
  -1.2364200e-02
  -5.9285600e-03
  -6.7483800e-04
   2.8071100e-03
   2.2787000e-03
   9.7959500e-05
  -8.7393200e-04
   1.3503400e-03
   5.7753300e-03
   1.0810100e-02
   1.6877400e-02
   2.1937300e-02
   2.3850100e-02
   2.5216000e-02
   2.7936200e-02
   2.7863500e-02
   2.1522500e-02
   9.4151500e-03
  -1.3378600e-03
  -4.0178300e-03
   4.6324300e-04
   6.8979400e-03
   1.1733400e-02
   1.8754100e-02
   2.9209300e-02
   3.9519200e-02
   4.6930300e-02
   4.8154000e-02
   4.2648600e-02
   3.3542500e-02
   2.7274100e-02
   2.9066600e-02
   3.8571800e-02
   5.0344200e-02
   6.4114700e-02
   8.0212000e-02
   9.6486200e-02
   1.0914700e-01
   1.1730200e-01
   1.2293600e-01
   1.2844000e-01
   1.3281000e-01
   1.3610100e-01
   1.3990400e-01
   1.4076800e-01
   1.3248800e-01
   1.1395300e-01
   9.0741100e-02
   6.7629000e-02
   4.6833400e-02
   3.2168600e-02
   2.8567900e-02
   3.1097700e-02
   3.7703000e-02
   4.6155400e-02
   5.0563600e-02
   4.9640300e-02
   4.4473800e-02
   3.6692900e-02
   2.9377200e-02
   2.6379500e-02
   2.4530800e-02
   1.5119500e-02
  -3.6668600e-03
  -2.4273800e-02
  -3.8736200e-02
  -4.7497300e-02
  -5.0014800e-02
  -4.2525700e-02
  -2.5346900e-02
  -1.8219500e-03
   2.2777200e-02
   4.2769500e-02
   5.3439800e-02
   5.5339500e-02
   5.2772900e-02
   4.8277800e-02
   4.3999400e-02
   3.6780300e-02
   2.6265800e-02
   1.1811300e-02
  -5.7915200e-03
  -2.3126400e-02
  -3.9068400e-02
  -5.0932900e-02
  -5.9217900e-02
  -6.4764900e-02
  -6.9050800e-02
  -6.8642100e-02
  -6.1380400e-02
  -5.2336700e-02
  -4.5767000e-02
  -4.2290200e-02
  -3.9951900e-02
  -4.0436700e-02
  -4.5672800e-02
  -5.2182100e-02
  -5.4732200e-02
  -5.4323200e-02
  -4.9962200e-02
  -3.9541300e-02
  -2.3937600e-02
  -6.0934300e-03
   9.9213900e-03
   1.9002200e-02
   2.2183400e-02
   2.3063600e-02
   2.2646700e-02
   2.2491900e-02
   2.1847900e-02
   1.7493000e-02
   5.2920100e-03
  -1.1655900e-02
  -2.4948300e-02
  -2.7383400e-02
  -1.8094800e-02
  -5.7636300e-03
  -5.1285900e-04
  -2.9447200e-03
  -1.1176500e-02
  -1.9627000e-02
  -2.3703700e-02
  -2.0733800e-02
  -1.0767300e-02
   3.9282700e-03
   1.9183800e-02
   2.9851200e-02
   3.4084700e-02
   3.4452900e-02
   3.1917700e-02
   2.2617200e-02
   9.3725100e-03
  -4.0022900e-03
  -1.5695300e-02
  -2.5069500e-02
  -3.0492000e-02
  -3.2104700e-02
  -3.2027700e-02
  -2.8266200e-02
  -1.8815100e-02
  -6.9019300e-03
  -3.4889300e-04
  -2.9338300e-03
  -1.3078300e-02
  -2.8504100e-02
  -4.0427900e-02
  -4.3298600e-02
  -3.7462600e-02
  -3.1702700e-02
  -2.9373600e-02
  -2.3964200e-02
  -1.6292300e-02
  -9.6275800e-03
  -5.4290700e-03
  -2.0004300e-03
   3.3061700e-04
  -1.5522300e-03
  -5.0711600e-03
  -4.8354100e-03
  -7.2541100e-04
   1.1504300e-03
  -4.4611900e-03
  -1.3159700e-02
  -1.9029900e-02
  -2.0532400e-02
  -2.0369300e-02
  -2.2456100e-02
  -2.8093600e-02
  -3.7988500e-02
  -4.7027700e-02
  -5.0209700e-02
  -4.9914200e-02
  -4.4742000e-02
  -3.0413900e-02
  -8.2974300e-03
   1.3773500e-02
   3.0537100e-02
   4.1128300e-02
   4.5956500e-02
   4.6923600e-02
   4.6944700e-02
   4.6939500e-02
   4.5147900e-02
   4.2120900e-02
   4.0309800e-02
   4.0305900e-02
   4.0800600e-02
   4.2924900e-02
   4.3306300e-02
   3.9075000e-02
   3.1404400e-02
   2.6131800e-02
   2.3442300e-02
   2.0859800e-02
   1.7923400e-02
   1.7093400e-02
   1.6683700e-02
   1.3955000e-02
   1.1580900e-02
   1.2873000e-02
   1.7482900e-02
   2.2999200e-02
   2.7695100e-02
   3.1270600e-02
   3.2916900e-02
   3.2047300e-02
   2.6950500e-02
   1.7427900e-02
   7.4394500e-03
   9.7385700e-04
  -1.5048500e-03
  -3.6678500e-03
  -7.2964200e-03
  -1.0633500e-02
  -1.2754100e-02
  -1.4391700e-02
  -1.4549100e-02
  -1.0858400e-02
  -5.8491400e-03
  -1.2906200e-03
   3.6480400e-03
   9.0524200e-03
   1.1346800e-02
   8.5327200e-03
   5.7882200e-03
   6.9977100e-03
   6.6268300e-03
   4.0314200e-03
   5.4235600e-03
   1.1381900e-02
   1.3738100e-02
   6.7521700e-03
  -3.9311100e-03
  -1.1510900e-02
  -1.3143000e-02
  -1.2311200e-02
  -1.1183000e-02
  -7.1293600e-03
   1.6816400e-03
   1.2994600e-02
   2.1586000e-02
   2.5982700e-02
   2.9989200e-02
   3.4737800e-02
   3.8690000e-02
   3.9068500e-02
   3.4082200e-02
   2.6593500e-02
   2.1054400e-02
   1.5384200e-02
   6.2476900e-03
  -3.3210100e-03
  -3.4923400e-03
   1.3152900e-03
   3.4915200e-03
   5.1229300e-03
   1.1568900e-02
   1.9712300e-02
   2.3289300e-02
   2.4169500e-02
   2.5633500e-02
   2.5598900e-02
   2.3434700e-02
   2.0457400e-02
   1.5114900e-02
   4.8393300e-03
  -5.8126700e-03
  -1.1759400e-02
  -1.3626700e-02
  -1.4239300e-02
  -1.5950700e-02
  -1.8742000e-02
  -2.0654800e-02
  -2.2221000e-02
  -2.5165500e-02
  -2.8756100e-02
  -3.1875000e-02
  -3.4806700e-02
  -3.8449800e-02
  -4.3711100e-02
  -4.8074400e-02
  -4.9412600e-02
  -4.6448200e-02
  -4.0890500e-02
  -3.6109800e-02
  -3.4719400e-02
  -3.7139700e-02
  -4.1149900e-02
  -4.6196800e-02
  -5.2974700e-02
  -5.8351200e-02
  -5.9895400e-02
  -5.8044100e-02
  -5.6343000e-02
  -5.3781100e-02
  -4.5607400e-02
  -3.4025200e-02
  -2.3262400e-02
  -1.6746000e-02
  -1.3532300e-02
  -1.2355600e-02
  -1.3509500e-02
  -1.7120300e-02
  -2.1875700e-02
  -2.7062500e-02
  -3.2234700e-02
  -3.8571200e-02
  -4.6710700e-02
  -5.5618800e-02
  -6.0470100e-02
  -5.8499700e-02
  -5.3486600e-02
  -5.0354500e-02
  -4.9163800e-02
  -4.3001300e-02
  -3.1549600e-02
  -2.0841200e-02
  -1.1115600e-02
  -2.8912800e-03
  -1.1840800e-05
  -1.2191500e-03
  -8.7967500e-04
   3.0808000e-03
   6.8083900e-03
   7.7945700e-03
   7.3915300e-03
   6.4734600e-03
   6.8520900e-03
   1.2321900e-02
   2.4006200e-02
   3.8217000e-02
   5.0190200e-02
   5.7125900e-02
   5.7658600e-02
   5.2301500e-02
   4.4415600e-02
   3.4595400e-02
   2.5301900e-02
   1.7086700e-02
   1.3032000e-02
   1.4443400e-02
   2.1059100e-02
   2.9121900e-02
   3.3402800e-02
   3.6997000e-02
   4.2429100e-02
   4.7041200e-02
   4.9659600e-02
   5.1144600e-02
   5.1491800e-02
   5.0649700e-02
   4.9818500e-02
   4.7737600e-02
   4.2141800e-02
   3.5487000e-02
   2.9536500e-02
   2.6913100e-02
   2.8110600e-02
   3.3972400e-02
   4.3150500e-02
   5.0044800e-02
   5.1416600e-02
   4.9100800e-02
   4.6774600e-02
   4.2002400e-02
   3.2742500e-02
   2.1569700e-02
   1.0001100e-02
   1.3297300e-03
  -3.9559200e-03
  -7.8634700e-03
  -9.4300900e-03
  -5.2717500e-03
   3.9875500e-03
   1.3259300e-02
   1.9553700e-02
   2.4453200e-02
   2.5448400e-02
   1.8686100e-02
   8.8254700e-03
   1.7161500e-03
  -1.1784500e-03
  -2.1653900e-03
  -1.8644500e-03
   5.7997200e-04
   3.8687800e-03
   6.2417000e-03
   5.9058500e-03
   2.6413800e-03
   5.0978400e-04
   3.2569200e-04
   5.1921800e-04
  -7.0343600e-05
   5.1833700e-04
  -1.2670600e-04
  -6.0712500e-03
  -1.5221100e-02
  -2.0922400e-02
  -2.0374200e-02
  -1.6648900e-02
  -1.0474500e-02
  -2.5502800e-03
   1.7809400e-03
  -2.3083300e-03
  -1.1987100e-02
  -2.0542400e-02
  -2.6071600e-02
  -2.9177500e-02
  -3.0334100e-02
  -3.0505100e-02
  -3.0222800e-02
  -3.0078800e-02
  -3.0173500e-02
  -3.0392500e-02
  -3.0336100e-02
  -3.0856800e-02
  -3.0787300e-02
  -3.0198500e-02
  -3.1368900e-02
  -3.4708400e-02
  -3.8881000e-02
  -4.2218800e-02
  -4.3967500e-02
  -4.3808500e-02
  -4.4558500e-02
  -4.8654200e-02
  -5.5954000e-02
  -6.3386900e-02
  -6.8756400e-02
  -7.0198400e-02
  -6.7332400e-02
  -5.9958500e-02
  -4.9015600e-02
  -3.8319700e-02
  -2.9769700e-02
  -2.4047500e-02
  -1.9726800e-02
  -1.7013800e-02
  -1.4968400e-02
  -1.3420700e-02
  -1.2723400e-02
  -1.1876800e-02
  -9.8631000e-03
  -7.1156300e-03
  -3.7039500e-03
   3.8623900e-03
   1.5043800e-02
   2.5561500e-02
   2.9885300e-02
   2.6798700e-02
   1.8705300e-02
   1.0188300e-02
   3.8649500e-03
  -3.8216900e-04
  -2.5864200e-03
  -3.3301100e-03
  -9.0301200e-04
   8.3638600e-03
   2.3894800e-02
   3.8736700e-02
   4.8061300e-02
   5.2463900e-02
   5.5581600e-02
   5.6012500e-02
   5.2819000e-02
   4.8073700e-02
   4.5460800e-02
   4.5894400e-02
   4.7064300e-02
   4.6311500e-02
   4.2878000e-02
   3.8930100e-02
   3.4712600e-02
   2.9641900e-02
   2.5717700e-02
   2.2561000e-02
   1.8236800e-02
   1.3898400e-02
   1.2372900e-02
   1.3901100e-02
   1.6003000e-02
   1.7945500e-02
   1.8559200e-02
   1.5686000e-02
   8.0408900e-03
  -1.3440400e-03
  -9.6819100e-03
  -1.4885000e-02
  -1.7265300e-02
  -1.9021200e-02
  -2.1025600e-02
  -2.0271400e-02
  -1.5902200e-02
  -1.0268700e-02
  -3.8953900e-03
   2.6437600e-03
   6.2736000e-03
   5.7629500e-03
   2.1151100e-03
   5.6617500e-04
   4.0975400e-03
   8.6416100e-03
   7.5700200e-03
  -1.5343200e-04
  -1.1450500e-02
  -2.3742300e-02
  -3.4140700e-02
  -3.9868600e-02
  -4.0533900e-02
  -3.7065400e-02
  -2.8934800e-02
  -1.7833600e-02
  -1.0047700e-02
  -7.1355100e-03
  -6.0778500e-03
  -4.3591000e-03
  -5.7753500e-03
  -1.0716900e-02
  -1.6033200e-02
  -1.8800100e-02
  -1.7031400e-02
  -1.1112000e-02
  -2.6943200e-03
   4.1439200e-03
   9.3391700e-03
   1.4656800e-02
   1.9208600e-02
   2.1903700e-02
   2.2665300e-02
   2.3020300e-02
   2.3856500e-02
   2.4181300e-02
   2.3608100e-02
   2.1083600e-02
   1.4513900e-02
   5.4895500e-03
  -2.7821500e-03
  -8.6182700e-03
  -1.3612600e-02
  -1.9013900e-02
  -2.2582500e-02
  -2.1123400e-02
  -1.4621100e-02
  -8.2418600e-03
  -6.0966300e-03
  -6.6836500e-03
  -9.5299000e-03
  -1.3291800e-02
  -1.7397000e-02
  -2.0635100e-02
  -2.2959400e-02
  -2.4265800e-02
  -2.4375800e-02
  -2.3835900e-02
  -2.1259600e-02
  -1.6328700e-02
  -1.0339300e-02
  -6.1719900e-03
  -2.3699700e-03
   2.8450800e-03
   6.4260700e-03
   5.3484800e-03
   6.4026900e-04
  -3.1578800e-03
  -3.4544700e-03
   1.4234600e-04
   7.0736500e-03
   1.5598700e-02
   2.2115800e-02
   2.4911000e-02
   2.7200500e-02
   3.1843900e-02
   3.6894500e-02
   3.8444200e-02
   3.4613900e-02
   2.7781600e-02
   2.1282000e-02
   1.7528200e-02
   1.7709900e-02
   1.9959800e-02
   2.2726300e-02
   2.5356900e-02
   2.7339800e-02
   2.5775200e-02
   2.0693800e-02
   1.4785400e-02
   1.1389400e-02
   1.1362900e-02
   1.0918200e-02
   7.8858800e-03
   5.4799400e-03
   5.3496600e-03
   6.1785800e-03
   7.0107600e-03
   8.3752000e-03
   8.6020400e-03
   6.2736200e-03
   2.9596700e-03
   1.3048700e-04
  -3.5640300e-03
  -8.0292900e-03
  -1.2931300e-02
  -1.6386300e-02
  -1.7300800e-02
  -1.3859900e-02
  -6.2448400e-03
   2.5503500e-03
   7.4616300e-03
   6.0761700e-03
   6.9038400e-05
  -9.7660000e-03
  -2.1476900e-02
  -3.1420900e-02
  -3.6924300e-02
  -3.8099700e-02
  -3.8074600e-02
  -3.9251500e-02
  -4.0601300e-02
  -4.0532200e-02
  -3.7655800e-02
  -3.0545700e-02
  -2.1273200e-02
  -1.3438800e-02
  -1.0118100e-02
  -1.0903800e-02
  -1.2801100e-02
  -1.5676800e-02
  -1.8430100e-02
  -2.2004700e-02
  -2.4521500e-02
  -2.5883100e-02
  -2.7846500e-02
  -3.0326400e-02
  -3.2417100e-02
  -3.3698200e-02
  -3.3694900e-02
  -3.3380100e-02
  -3.3186500e-02
