   1.6410200e-01
   1.2357400e-01
   7.9485700e-02
   3.9132200e-02
   1.8716400e-02
   2.3690000e-02
   4.0156300e-02
   4.9442300e-02
   4.1216600e-02
   2.2662700e-02
   1.0398100e-02
   1.1458100e-02
   1.6345300e-02
   1.3404400e-02
  -6.1630900e-03
  -4.6235200e-02
  -9.3326500e-02
  -1.2576100e-01
  -1.3573800e-01
  -1.2808900e-01
  -1.1626100e-01
  -1.1085400e-01
  -1.1659700e-01
  -1.2491500e-01
  -1.2766900e-01
  -1.1872900e-01
  -9.5692100e-02
  -5.2045500e-02
  -1.3436400e-02
   2.3581900e-03
   1.7900500e-03
  -6.5607200e-03
  -1.4166500e-02
  -1.6333800e-02
  -7.1559400e-03
   2.0962300e-02
   5.8407900e-02
   9.3698100e-02
   1.2425600e-01
   1.3160700e-01
   1.2089900e-01
   1.0415900e-01
   9.5766500e-02
   9.8563100e-02
   1.0801300e-01
   1.1126200e-01
   9.9229500e-02
   6.5600100e-02
   2.7801000e-02
  -7.0040300e-03
  -2.2241300e-02
  -2.3777300e-02
  -2.5556500e-02
  -2.7531600e-02
  -2.9398400e-02
  -3.1159700e-02
  -3.5653900e-02
  -4.5331200e-02
  -5.8795500e-02
  -6.7602200e-02
  -5.5213500e-02
  -1.9880200e-02
   1.1558300e-02
   2.0947600e-02
   1.6867200e-02
   5.7556600e-03
  -4.6660400e-03
  -6.8625000e-03
  -1.1229400e-03
   1.6630300e-02
   3.0169300e-02
   2.7458600e-02
   1.1142800e-02
  -5.8411600e-03
  -1.2260600e-02
  -1.0370600e-02
  -1.1541800e-03
   7.4644400e-03
   8.2442300e-03
  -6.3130200e-04
  -1.9183000e-02
  -4.7138600e-02
  -6.1178300e-02
  -5.7676200e-02
  -3.4064900e-02
  -3.4910600e-03
   2.5607900e-02
   3.9172500e-02
   3.8406900e-02
   3.3579200e-02
   2.9937800e-02
   3.2658900e-02
   3.6079400e-02
   3.5167700e-02
   2.5667800e-02
   2.5679500e-03
  -2.4310000e-02
  -4.2792600e-02
  -4.6381000e-02
  -2.2287600e-02
   1.3795700e-02
   4.7906800e-02
   7.8827000e-02
   9.1424700e-02
   8.9824600e-02
   8.3029900e-02
   7.2010300e-02
   4.5254000e-02
   8.0320000e-03
  -4.0374500e-02
  -8.6130000e-02
  -1.0625400e-01
  -1.0332800e-01
  -7.3268300e-02
  -1.9911600e-02
   2.5974400e-02
   5.6683900e-02
   8.0147400e-02
   9.8638000e-02
   1.1326400e-01
   1.2297800e-01
   1.2731400e-01
   1.2305100e-01
   1.0945300e-01
   7.9301400e-02
   4.2741200e-02
   1.7625800e-02
   1.2398400e-02
   1.9614100e-02
   3.6576800e-02
   5.4078300e-02
   6.2774400e-02
   6.1201700e-02
   4.8919000e-02
   1.7413300e-02
  -2.4322800e-02
  -6.4993700e-02
  -1.0539200e-01
  -1.2386000e-01
  -1.1480100e-01
  -1.0098500e-01
  -9.3818400e-02
  -9.2196500e-02
  -9.0018500e-02
  -8.3082500e-02
  -6.9852800e-02
  -5.1573100e-02
  -3.0546000e-02
  -1.9071100e-02
  -2.0717700e-02
  -2.8578800e-02
  -3.9358700e-02
  -4.8816600e-02
  -5.6905600e-02
  -6.1145700e-02
  -6.0063500e-02
  -5.6229400e-02
  -5.3131100e-02
  -5.4947300e-02
  -5.9422700e-02
  -6.3445300e-02
  -6.4034200e-02
  -6.0315100e-02
  -5.0469000e-02
  -3.4784000e-02
  -1.9597900e-02
  -1.0885600e-02
  -9.7585700e-03
  -1.5331800e-02
  -2.7462600e-02
  -4.1408700e-02
  -4.6325700e-02
  -4.5073100e-02
  -4.0044200e-02
  -2.9878100e-02
  -1.0803800e-02
   1.0156800e-02
   2.8286200e-02
   4.1638800e-02
   4.7779500e-02
   4.6772200e-02
   3.8310500e-02
   2.6021300e-02
   1.7322600e-02
   1.3930900e-02
   1.7439800e-02
   2.6176400e-02
   3.4656200e-02
   3.7286600e-02
   3.4598000e-02
   2.5070100e-02
   1.2016400e-02
  -1.7977600e-03
  -1.3127500e-02
  -2.2187400e-02
  -3.1781000e-02
  -4.0191700e-02
  -4.3442000e-02
  -3.8568100e-02
  -3.1204300e-02
  -2.8296200e-02
  -3.2818700e-02
  -5.1769600e-02
  -7.5406400e-02
  -8.6149200e-02
  -8.4151400e-02
  -5.5459700e-02
  -7.2538900e-03
   4.2333000e-02
   7.7949400e-02
   8.9159800e-02
   9.2298400e-02
   8.9953300e-02
   8.9999500e-02
   9.0246500e-02
   8.4133700e-02
   7.1819900e-02
   5.4790000e-02
   3.8613100e-02
   2.3518200e-02
   7.0877700e-03
  -1.4862100e-02
  -3.3581900e-02
  -5.6016400e-02
  -7.0257500e-02
  -6.7415400e-02
  -4.3519000e-02
  -7.7813300e-03
   2.6115100e-02
   5.6826600e-02
   6.7130100e-02
   6.6235200e-02
   6.6521100e-02
   6.6319400e-02
   6.5078800e-02
   6.4511900e-02
   6.2426800e-02
   5.5342700e-02
   4.0815500e-02
   2.2466800e-02
  -5.7736400e-03
  -2.1860000e-02
  -2.5156300e-02
  -2.2878700e-02
  -1.6311700e-02
  -1.0384900e-02
  -1.5121500e-03
   8.5950000e-03
   1.0752400e-02
  -7.2897300e-03
  -3.6303300e-02
  -6.3904100e-02
  -8.9614600e-02
  -9.8359900e-02
  -7.9186300e-02
  -3.5794600e-02
   4.5645800e-03
   1.5221200e-02
   7.0719500e-04
  -7.3942100e-03
   7.9237300e-03
   3.9214800e-02
   7.3329300e-02
   1.0462000e-01
   1.3850400e-01
   1.5610400e-01
   1.5605400e-01
   1.4363400e-01
   1.1567700e-01
   6.3789900e-02
   1.7938100e-02
  -2.5870300e-03
  -3.0919900e-03
   4.9060000e-03
   1.0811400e-02
   9.9367600e-04
  -2.1723100e-02
  -4.3502800e-02
  -5.0038200e-02
  -3.8565200e-02
  -9.2275600e-04
   4.0524600e-02
   6.6684700e-02
   7.5433500e-02
   7.0175800e-02
   4.4462900e-02
   1.5908800e-03
  -4.6590000e-02
  -8.7410800e-02
  -1.2781500e-01
  -1.6307900e-01
  -1.8977900e-01
  -2.0752700e-01
  -2.0636600e-01
  -1.8994400e-01
  -1.6503900e-01
  -1.3904300e-01
  -1.1177100e-01
  -8.8870300e-02
  -6.9845500e-02
  -4.2849200e-02
  -5.1092700e-03
   2.1023200e-02
   2.6722200e-02
   1.3294800e-02
  -1.7409100e-03
  -7.1287300e-03
  -1.3570700e-03
   7.6126000e-03
   1.3904000e-02
   1.6328900e-02
   1.6089800e-02
   1.3354300e-02
   1.1397300e-02
   1.2563000e-02
   2.3679400e-02
   4.4816500e-02
   5.9391300e-02
   6.1381600e-02
   6.1542800e-02
   6.6852400e-02
   8.1519700e-02
   9.3908600e-02
   1.0152400e-01
   1.0323600e-01
   9.6502400e-02
   7.0257100e-02
   3.6411500e-02
   8.6960100e-03
  -2.2679600e-03
  -2.0400000e-03
  -4.0295000e-03
  -1.1580100e-02
  -2.3791700e-02
  -3.3632400e-02
  -3.8709100e-02
  -3.8908600e-02
  -3.0988100e-02
  -1.7502200e-02
  -8.4029600e-03
  -5.8934500e-03
  -9.9446800e-03
  -1.8790600e-02
  -1.9998400e-02
  -1.1343700e-02
  -6.6423300e-04
   1.1142200e-04
  -9.9562600e-03
  -2.3885900e-02
  -3.2312300e-02
  -2.7559200e-02
  -1.3382000e-02
   3.1404200e-03
   1.9007700e-02
   3.1474900e-02
   3.0692800e-02
   2.0772100e-02
   1.1517900e-02
   8.9225100e-03
   1.2967600e-02
   1.8347400e-02
   1.6108800e-02
   3.3304000e-03
  -1.8773500e-02
  -3.9393100e-02
  -6.0187600e-02
  -7.0388200e-02
  -7.3082500e-02
  -7.2541000e-02
  -6.6659800e-02
  -4.9758400e-02
  -1.7634400e-02
   2.4521300e-02
   5.6258300e-02
   7.1483900e-02
   7.6129200e-02
   6.8591100e-02
   3.9321200e-02
  -4.5314600e-03
  -3.1953300e-02
  -4.2657900e-02
  -4.9270500e-02
  -5.6066100e-02
  -6.3083700e-02
  -6.4069100e-02
  -4.9758100e-02
  -5.2807100e-03
   5.6298700e-02
   9.7977500e-02
   1.1148400e-01
   1.1569000e-01
   1.1863500e-01
   1.1797900e-01
   1.1228800e-01
   9.2238100e-02
   5.5310200e-02
   5.2734000e-03
  -4.8578000e-02
  -8.1434900e-02
  -8.3444800e-02
  -7.0621300e-02
  -4.2300000e-02
  -5.4831900e-03
   3.3132200e-02
   6.8434900e-02
   8.8501400e-02
   9.2404300e-02
   9.1280900e-02
   7.7476500e-02
   4.7128400e-02
  -5.1062800e-03
  -5.2860600e-02
  -8.2648500e-02
  -9.8723600e-02
  -1.0421500e-01
  -9.6802900e-02
  -7.1297200e-02
  -2.2317900e-02
   2.2993500e-02
   4.4212400e-02
   5.1661100e-02
   5.3988300e-02
   4.8289500e-02
   3.1073800e-02
  -6.6335100e-03
  -4.5273400e-02
  -5.9886100e-02
  -6.1162500e-02
  -5.3977700e-02
  -3.5288500e-02
  -8.9831700e-03
   1.8181500e-02
   4.4770100e-02
   7.1223000e-02
   9.2032500e-02
   1.1011600e-01
   1.2304900e-01
   1.2629500e-01
   1.2134900e-01
   1.1271400e-01
   1.0548100e-01
   1.0354700e-01
   1.0505000e-01
   1.0632400e-01
   1.0332000e-01
   8.8948700e-02
   5.3053400e-02
   2.4903700e-03
  -4.0356300e-02
  -7.3508100e-02
  -9.1866500e-02
  -9.2026600e-02
  -8.4611600e-02
  -6.2315400e-02
  -3.2430100e-02
  -4.5049200e-03
   2.2743500e-02
   4.3611000e-02
   4.6094600e-02
   3.3616100e-02
  -2.5565800e-03
  -5.8128300e-02
  -1.2192500e-01
  -1.6772500e-01
  -1.9607300e-01
  -1.9830800e-01
  -1.8779400e-01
  -1.7179100e-01
  -1.3778600e-01
  -5.9659800e-02
   3.7553700e-02
   1.2983200e-01
   1.8092100e-01
   1.7694000e-01
   1.4729800e-01
   8.3284900e-02
  -5.1994100e-03
  -7.6470100e-02
  -1.2347000e-01
  -1.3240800e-01
  -1.0641900e-01
  -3.6113500e-02
   4.2321500e-02
   1.1501800e-01
   1.5912000e-01
   1.7700400e-01
   1.7740200e-01
   1.6938400e-01
   1.4989000e-01
   1.0919600e-01
   1.3034200e-03
  -1.3757500e-01
  -2.5407800e-01
  -3.3145700e-01
  -3.7971600e-01
  -4.0738400e-01
  -3.9839800e-01
  -3.8580600e-01
  -3.6071400e-01
  -3.2434900e-01
  -2.7938500e-01
  -2.3821200e-01
  -1.9391900e-01
  -1.4423400e-01
  -9.7382800e-02
  -4.1189700e-02
   5.1888600e-03
   1.3560500e-02
   1.1501500e-02
  -3.9781400e-02
  -9.6194200e-02
  -1.3125400e-01
  -1.4260500e-01
  -1.5028100e-01
  -1.5758500e-01
  -1.6647500e-01
  -1.5841900e-01
  -1.2604400e-01
  -4.9627400e-02
   4.5624000e-02
   1.3242800e-01
   2.0604300e-01
   2.7903400e-01
   3.5323400e-01
   4.0075800e-01
   3.9199500e-01
   3.4907400e-01
   2.7369900e-01
   1.8348500e-01
   9.5318700e-02
   5.2234500e-02
   5.8294900e-02
   1.0081500e-01
   1.6111500e-01
   2.2354500e-01
   2.9050700e-01
   3.4025300e-01
   3.7671800e-01
   4.0329800e-01
   4.1259900e-01
   4.1284200e-01
   4.0576200e-01
   3.9558800e-01
   3.6331400e-01
   3.1409600e-01
   2.4598900e-01
   1.7466700e-01
   1.1261100e-01
   4.3400400e-02
  -1.4714500e-02
  -6.3651100e-02
  -1.6882800e-01
  -2.7259400e-01
  -3.2922600e-01
  -3.6227100e-01
  -4.1609700e-01
  -4.3861400e-01
  -4.1678000e-01
  -3.8053200e-01
  -3.3114700e-01
  -2.8620100e-01
  -2.5656400e-01
  -2.2724000e-01
  -1.9026300e-01
  -1.5606200e-01
  -1.1770600e-01
  -6.6270100e-02
  -9.9810700e-03
   3.4480000e-02
   7.0067500e-02
   8.9947200e-02
   1.0477400e-01
   1.2252800e-01
   1.4805900e-01
   1.8558600e-01
   2.2133600e-01
   2.4239400e-01
   2.5328300e-01
   2.4718900e-01
   2.2950900e-01
   1.9829700e-01
   1.6299600e-01
   1.2420100e-01
   8.4188900e-02
   3.8021400e-02
  -4.6065500e-03
  -5.3506900e-02
  -9.8371400e-02
  -1.3107200e-01
  -1.5569600e-01
  -1.7457400e-01
  -1.8976100e-01
  -2.0633800e-01
  -2.1694200e-01
  -2.1798400e-01
  -2.1304900e-01
  -2.0122500e-01
  -1.7585800e-01
  -1.4448500e-01
  -1.1254200e-01
  -6.8596400e-02
  -1.8763300e-02
   1.9877100e-02
   4.7248600e-02
   6.6269900e-02
   7.8868600e-02
   9.0497500e-02
   9.7134400e-02
   9.7920400e-02
   9.5996000e-02
   9.5649500e-02
   1.0013300e-01
   1.1070900e-01
   1.2020000e-01
   1.2524600e-01
   1.2602000e-01
   1.2332600e-01
   1.1645300e-01
   1.0341200e-01
   7.5618700e-02
   4.6644500e-02
   3.1400400e-02
   2.2825800e-02
   1.1618400e-02
  -3.3069000e-03
  -2.8484900e-02
  -5.6312200e-02
  -8.7907900e-02
  -1.1470800e-01
  -1.2699000e-01
  -1.2642100e-01
  -1.1072400e-01
  -7.7404100e-02
  -4.2404600e-02
  -8.8325300e-03
   8.4719100e-03
   7.5657700e-03
   1.7884600e-03
  -4.8400700e-03
  -9.9067100e-03
  -1.4664900e-02
  -2.0722100e-02
  -2.7495500e-02
  -2.7315100e-02
  -1.9415500e-02
   7.1511500e-04
   2.4851700e-02
   4.7977500e-02
   6.6129300e-02
   7.3127400e-02
   7.3783500e-02
   7.1830800e-02
   6.6370700e-02
   5.7955700e-02
   4.3132000e-02
   1.9622100e-02
  -5.4819700e-03
  -2.7425200e-02
  -5.0399600e-02
  -6.0482800e-02
  -6.2953300e-02
  -6.1410400e-02
  -5.6214200e-02
  -4.5384100e-02
  -3.0110800e-02
  -1.5581800e-02
  -8.0107700e-03
  -9.2994500e-03
  -1.7374100e-02
  -2.5099200e-02
  -2.9779500e-02
  -3.3204400e-02
  -4.1464600e-02
  -5.3969800e-02
  -6.6565400e-02
  -7.4078200e-02
  -7.3106900e-02
  -5.9458600e-02
  -2.1572800e-02
   2.2274700e-02
   5.2582500e-02
   7.0701200e-02
   8.0366800e-02
   8.0527400e-02
   7.5229700e-02
   6.3973900e-02
   4.8482400e-02
   3.1468700e-02
   1.1840100e-02
  -7.1727500e-03
  -2.5658800e-02
  -4.3072700e-02
  -5.3466300e-02
  -6.2353400e-02
  -6.9280100e-02
  -7.7288800e-02
  -8.6239900e-02
  -9.8967600e-02
  -1.1237100e-01
  -1.2667600e-01
  -1.3453500e-01
  -1.3619700e-01
  -1.3483700e-01
  -1.2861500e-01
  -1.2098000e-01
  -1.1263700e-01
  -1.0239500e-01
  -8.6425400e-02
  -6.5335000e-02
  -4.2532500e-02
  -2.2184500e-02
  -5.1274600e-03
   8.2219400e-03
   2.2826400e-02
   3.6783400e-02
   4.4228800e-02
   4.6282900e-02
   4.5438100e-02
   4.2260400e-02
   3.7562400e-02
   3.2602400e-02
   3.1218000e-02
   3.0905800e-02
   2.8178600e-02
   2.1252500e-02
   1.1257800e-02
   3.3865200e-03
   9.3224500e-04
   4.9865400e-03
   1.4639300e-02
   2.8563700e-02
   4.1714200e-02
   5.2694400e-02
   6.1241800e-02
   6.4750300e-02
   6.5527700e-02
   6.2768000e-02
   5.8437100e-02
   5.4325800e-02
   4.9868700e-02
   4.2992300e-02
   3.4466300e-02
   2.2837700e-02
   1.5043400e-02
   1.2108600e-02
   1.4671800e-02
   2.2986700e-02
   3.6025500e-02
   4.9126700e-02
   5.8079000e-02
   6.1945800e-02
   6.3105600e-02
   6.1692400e-02
   5.7868500e-02
   5.2833400e-02
   5.0000100e-02
   4.8131200e-02
   4.7368700e-02
   4.6514000e-02
   3.9012000e-02
   2.7124600e-02
   8.6802600e-03
  -1.1462900e-02
  -2.8074100e-02
  -3.6627300e-02
  -3.9786400e-02
  -4.2183700e-02
  -4.3556700e-02
  -4.4781500e-02
  -4.3521600e-02
  -3.7522300e-02
  -2.7457000e-02
  -2.1857600e-02
  -2.4029600e-02
  -3.3886200e-02
  -4.7708800e-02
  -5.3201700e-02
  -4.7041000e-02
  -3.4679700e-02
  -2.0747700e-02
  -1.1796800e-02
  -4.1861800e-03
   5.9312800e-03
   2.2425000e-02
   4.1704900e-02
   6.2214900e-02
   7.8494700e-02
   8.6527300e-02
   8.5843300e-02
   7.6509500e-02
   4.4189200e-02
   4.6120900e-03
  -3.1286300e-02
  -4.9409400e-02
  -4.9813300e-02
  -3.9524900e-02
  -2.2284600e-02
  -2.7524500e-03
   1.2199100e-02
   1.8063800e-02
   1.8328100e-02
   1.4647600e-02
   9.0324700e-03
   4.4817700e-03
   5.5214300e-04
  -4.8764700e-03
  -1.1649400e-02
  -2.1374700e-02
  -2.6024200e-02
  -1.9503800e-02
  -2.1055400e-03
   1.6956900e-02
   2.8837800e-02
   3.5796100e-02
   3.9475400e-02
   4.2954600e-02
   4.6098500e-02
   4.8379100e-02
   4.7602500e-02
   3.9464200e-02
   2.6360000e-02
   1.6702300e-02
   1.2686200e-02
   1.6818800e-02
   2.2679200e-02
   2.5581300e-02
   2.3566300e-02
   1.8417300e-02
   7.4213400e-03
  -5.6682400e-03
  -1.9230300e-02
  -3.0133700e-02
  -3.9498100e-02
  -4.6981900e-02
  -5.0752800e-02
  -4.9006600e-02
  -4.3917100e-02
  -3.5809800e-02
  -2.6528100e-02
  -1.8032200e-02
  -9.7211800e-03
  -4.2171200e-04
   6.1749200e-03
   9.6470900e-03
   1.0234200e-02
   8.7099900e-03
   3.7521400e-03
  -5.4688200e-03
  -1.6975000e-02
  -2.6559300e-02
  -3.1571400e-02
  -3.4881300e-02
  -3.6010000e-02
  -3.5329600e-02
  -3.3344700e-02
  -3.0375800e-02
  -2.8401800e-02
  -2.8689900e-02
  -3.0605700e-02
  -3.2769600e-02
  -3.2375000e-02
  -2.9296800e-02
  -2.5943700e-02
  -2.1722200e-02
  -1.7001400e-02
  -1.2813500e-02
  -9.3606700e-03
  -4.2367300e-03
   5.1006700e-03
   1.6127100e-02
   2.6729200e-02
   3.6457600e-02
   3.9231600e-02
   3.5670200e-02
   3.3437200e-02
   3.4382600e-02
   4.0466600e-02
   5.0810400e-02
   6.1472000e-02
   7.1406500e-02
   8.1332400e-02
   8.6761500e-02
   8.7420100e-02
   8.7411700e-02
   8.7658400e-02
   8.6883300e-02
   8.6711000e-02
   8.4605300e-02
   8.0385600e-02
   7.5044000e-02
   6.7782300e-02
   5.7862600e-02
   4.9293200e-02
   4.4517400e-02
   4.2866600e-02
   4.2028300e-02
   3.5809400e-02
   2.0867800e-02
   4.9983000e-03
  -9.8705600e-03
  -2.0846600e-02
  -2.3257800e-02
  -2.3269000e-02
  -2.3414300e-02
  -2.4248500e-02
  -2.7407000e-02
  -3.0332400e-02
  -3.1384900e-02
  -3.3083800e-02
  -3.4313800e-02
  -3.3131600e-02
  -2.8121800e-02
  -2.3290000e-02
  -2.2759900e-02
  -2.6025100e-02
  -3.6941800e-02
  -5.0616800e-02
  -6.4247700e-02
  -7.1932200e-02
  -7.1193000e-02
  -6.3734000e-02
  -5.4411100e-02
  -4.7597800e-02
  -4.5327800e-02
  -4.7043400e-02
  -4.7951700e-02
  -4.3985700e-02
  -3.4114400e-02
  -2.3631600e-02
  -1.3832800e-02
  -9.9843500e-03
  -1.2098800e-02
  -1.8370800e-02
  -2.3302500e-02
  -2.7050200e-02
  -2.9725700e-02
  -3.4556700e-02
  -4.2110600e-02
  -4.8760500e-02
  -5.4720000e-02
  -5.8300600e-02
  -5.8342300e-02
  -5.2638900e-02
  -3.6865900e-02
  -1.7142400e-02
  -1.1675500e-03
   8.8122700e-03
   1.1781400e-02
   1.1982900e-02
   1.2086600e-02
   1.3107900e-02
   1.6111900e-02
   2.0212000e-02
   2.1654000e-02
   2.3036500e-02
   2.2911000e-02
   1.8711700e-02
   1.1876300e-02
   1.7490800e-03
  -7.9957000e-03
  -1.5788800e-02
  -2.1788400e-02
  -2.1911600e-02
  -1.8813300e-02
  -1.4325900e-02
  -7.6268600e-03
   1.3774700e-03
   9.9568600e-03
   1.6739200e-02
   2.0647700e-02
   2.1774000e-02
   2.0695500e-02
   1.6123900e-02
   8.6108300e-03
   5.0082000e-03
   4.7334000e-04
  -5.5522200e-03
  -1.6242000e-02
  -3.0110800e-02
  -4.3574700e-02
  -5.4774700e-02
  -5.6339100e-02
  -4.6879500e-02
  -3.6569100e-02
  -2.7240300e-02
  -1.9745400e-02
  -1.8986800e-02
  -2.1590800e-02
  -2.1957300e-02
  -1.8603600e-02
  -1.4120100e-02
  -8.4587700e-03
  -5.7970800e-03
  -6.0360700e-03
  -8.2785500e-03
  -9.6650800e-03
  -9.4238500e-03
  -7.9231100e-03
  -4.3264600e-03
   2.7229400e-04
   6.8338000e-03
   1.2338200e-02
   1.5259100e-02
   1.6655900e-02
   1.9010100e-02
   2.4424900e-02
   3.2609900e-02
   4.0084600e-02
   4.4300800e-02
   4.6474600e-02
   4.6185600e-02
   4.2081800e-02
   3.4753000e-02
   2.6176500e-02
   2.1145900e-02
   1.8692900e-02
   1.5418600e-02
   9.9513000e-03
  -6.5008000e-05
  -1.1378700e-02
  -1.8632200e-02
  -2.0793900e-02
  -1.9766600e-02
  -1.6806400e-02
  -1.2396100e-02
  -7.6005900e-03
  -4.6783500e-03
  -2.1161900e-03
  -1.8126200e-03
  -2.8376100e-03
  -9.7866700e-04
   2.1692900e-03
   7.2229400e-03
   1.1213600e-02
   1.4818500e-02
   1.7688500e-02
   1.9326000e-02
   2.3146200e-02
   2.7390400e-02
   3.1682800e-02
   3.5270700e-02
   3.5837700e-02
   3.4458900e-02
   3.0976200e-02
   2.6991100e-02
   2.3552900e-02
   2.1648000e-02
   2.1533400e-02
   2.1190200e-02
   2.0688000e-02
   2.0248200e-02
   1.8214000e-02
   1.5610000e-02
   1.7274700e-02
   2.0599200e-02
   2.4790400e-02
   2.7737100e-02
   3.0209600e-02
   2.8029900e-02
   2.5090900e-02
   2.2378700e-02
   1.8935000e-02
   1.5479600e-02
   1.4394600e-02
   1.5342100e-02
   1.5360300e-02
   9.0571200e-03
  -6.6859300e-04
  -1.6218000e-02
  -3.0657100e-02
  -3.6388400e-02
  -3.5997100e-02
  -3.0638500e-02
  -1.5923700e-02
   5.8011500e-03
   2.6700400e-02
   3.9806300e-02
   4.4866000e-02
   4.2633700e-02
   3.3488100e-02
   1.5200800e-02
  -4.2005900e-03
  -2.2733900e-02
  -4.1255700e-02
  -5.3436100e-02
  -5.7949500e-02
  -5.9784000e-02
  -5.9794300e-02
  -5.8490500e-02
  -5.5987700e-02
  -5.0658700e-02
  -4.1707400e-02
  -3.0064000e-02
  -2.0966000e-02
  -1.8159500e-02
  -2.0277500e-02
  -2.5782000e-02
  -3.4183800e-02
  -4.2705200e-02
  -4.8967300e-02
  -5.2296800e-02
  -5.3676700e-02
  -5.1253300e-02
  -4.8497900e-02
  -4.6266400e-02
  -4.4260100e-02
  -4.0499100e-02
  -3.4593500e-02
  -2.6480100e-02
  -1.6956900e-02
  -8.8932800e-03
  -3.9579500e-03
  -1.1466700e-03
   2.2894500e-04
   4.3400600e-04
   1.2982000e-03
   3.4336700e-03
   6.8751900e-03
   1.0599700e-02
   1.3129900e-02
   1.3766400e-02
   1.0946600e-02
   4.9854400e-03
   1.3121700e-04
  -2.4447000e-03
  -4.0305400e-03
  -2.5351200e-03
   1.0775400e-03
   7.6249700e-03
   1.6344900e-02
   2.4136400e-02
   3.0224300e-02
   3.3374600e-02
   3.4185900e-02
   3.3836200e-02
   3.2353000e-02
   3.0956700e-02
   2.9187400e-02
   2.7214800e-02
   2.5290300e-02
   2.5212900e-02
   2.7020300e-02
   3.0718900e-02
   3.4455000e-02
   3.6042100e-02
   3.3897600e-02
   2.9207600e-02
   2.3579600e-02
   1.9732100e-02
   1.7994400e-02
   1.9579300e-02
   2.0343400e-02
   1.9572300e-02
   1.9267400e-02
   1.8507000e-02
   1.5653000e-02
   1.3658100e-02
   1.2049700e-02
   9.3713000e-03
   8.8406800e-03
   8.1360800e-03
   5.4832100e-03
  -2.3085600e-03
  -1.2092400e-02
  -2.1972600e-02
  -2.8885300e-02
  -2.9216400e-02
  -2.5370400e-02
  -1.8410000e-02
  -8.4469200e-03
   1.9368800e-03
   1.1625700e-02
   2.1187700e-02
   2.7500400e-02
   3.0426300e-02
   3.0798500e-02
   3.0361500e-02
   2.8345900e-02
   2.4428700e-02
   1.9202300e-02
   1.1397000e-02
   2.3344900e-03
  -2.6022500e-03
  -4.4999900e-03
  -3.6722200e-03
  -2.4349400e-04
   5.4087500e-03
   1.1412100e-02
   1.6901000e-02
   2.2726300e-02
   2.5533100e-02
   2.6072100e-02
   2.4603600e-02
   2.3927900e-02
   2.4901900e-02
   2.7678900e-02
   3.1280500e-02
   3.6087900e-02
   3.8279800e-02
   3.9188500e-02
   3.5245300e-02
   2.7734000e-02
   1.5991600e-02
   5.1270500e-03
  -2.3992600e-03
  -6.9871900e-03
  -1.0423500e-02
  -1.6613800e-02
  -2.4724400e-02
  -3.1756300e-02
  -3.3569400e-02
  -3.1455700e-02
  -2.8836800e-02
  -2.4500000e-02
  -2.0753500e-02
  -1.9953600e-02
  -1.9996700e-02
  -1.9850900e-02
  -2.2784500e-02
  -2.3843800e-02
  -2.3102000e-02
  -2.3594200e-02
  -2.5945100e-02
  -2.8370500e-02
  -3.0767600e-02
  -3.4187000e-02
  -3.7357300e-02
  -3.9148800e-02
  -4.1210000e-02
  -4.3709200e-02
  -4.6647800e-02
  -4.8962500e-02
  -5.1619000e-02
  -5.2139300e-02
