   2.3263300e-01
   2.3684700e-01
   2.5642400e-01
   2.4665200e-01
   2.7440600e-01
   1.9225200e-01
  -1.4108200e-02
  -1.0933200e-01
  -2.4293900e-01
  -2.9606400e-01
  -2.6580000e-01
  -2.7374400e-01
  -2.8149900e-01
  -2.8762800e-01
  -2.4653100e-01
  -3.1168300e-02
   1.3846800e-01
   2.8046800e-01
   3.9225000e-01
   3.5273000e-01
   2.8812600e-01
   1.6152600e-01
   4.8911600e-02
   5.1588700e-02
   9.1598900e-02
   1.3593000e-01
   1.5754500e-01
   1.1370100e-01
   5.0158400e-02
  -2.2405600e-02
  -1.4582100e-01
  -2.7904600e-01
  -3.8466000e-01
  -4.3804900e-01
  -4.6450900e-01
  -4.7851300e-01
  -4.7270400e-01
  -4.3762000e-01
  -3.1400500e-01
  -1.2897800e-01
   1.4673400e-02
   1.4770800e-01
   2.7040800e-01
   4.0192200e-01
   5.3382600e-01
   5.4892700e-01
   5.3705200e-01
   5.1147700e-01
   4.9583100e-01
   2.4677900e-01
   4.9630900e-02
   4.9023300e-03
  -1.0907300e-01
  -1.9934900e-01
  -2.8335900e-01
  -3.3434100e-01
  -3.4827000e-01
  -3.4592100e-01
  -2.3355500e-01
   8.5250000e-03
   1.0814300e-01
   1.2395300e-01
   1.4461000e-01
   1.2398000e-01
   1.6137900e-01
   2.0810200e-01
   2.3763600e-01
   2.7144400e-01
   2.7208400e-01
   2.1413300e-01
   3.8609000e-02
  -7.0205600e-02
  -1.4953700e-01
  -2.2159400e-01
  -2.4621300e-01
  -1.2221900e-01
   5.4869200e-02
   1.2219400e-01
   1.0652200e-01
   2.4808200e-02
  -4.5411400e-02
  -6.2661400e-02
  -2.6750000e-02
  -2.5354400e-02
  -3.9749300e-02
  -4.9397100e-02
  -6.3978700e-02
  -9.4309000e-02
  -1.8383400e-01
  -2.0199000e-01
  -1.5324200e-01
  -1.5354700e-01
  -9.7453400e-02
  -3.6048900e-02
   1.4485600e-02
   6.2972900e-02
   8.4854500e-02
   2.0329700e-04
  -1.3845900e-01
  -1.8976300e-01
  -2.6081500e-01
  -2.7995900e-01
  -2.9288800e-01
  -2.2700600e-01
  -5.3700200e-03
   1.2189300e-01
   2.1867000e-01
   3.3468700e-01
   3.7055600e-01
   3.6466600e-01
   2.5270700e-01
   1.3607400e-01
   1.0140300e-01
   4.4743600e-02
   1.6252900e-02
   1.2907300e-02
   2.8152300e-02
   2.3197200e-02
  -5.7523500e-03
  -3.0075200e-02
  -5.0026200e-02
  -6.3374800e-02
  -5.6083700e-02
  -7.9833900e-03
   2.3752100e-02
   2.0332200e-02
   1.4034000e-02
   4.7879700e-03
  -1.8775800e-02
  -3.8668500e-02
  -3.2630800e-02
  -2.0545500e-02
  -2.4935200e-02
  -4.1009000e-02
  -4.0673000e-02
  -2.4565700e-02
  -2.7577400e-02
  -6.1642800e-02
  -1.1730600e-01
  -1.3638700e-01
  -7.7270800e-02
  -6.9442900e-03
   4.1233900e-02
   7.9696700e-02
   1.0588600e-01
   1.2455700e-01
   1.1781100e-01
   6.5127500e-02
  -2.2530100e-03
  -5.7667900e-02
  -9.5494900e-02
  -8.3428600e-02
  -3.0316400e-02
   8.8676600e-03
   2.5958600e-02
   4.4909900e-02
   5.3059500e-02
   5.8163500e-02
   4.2979600e-02
   8.0240500e-03
  -1.4790400e-02
  -3.0509700e-02
  -3.2504900e-02
  -3.5947500e-02
  -3.5089700e-02
  -9.0665100e-03
   1.2454500e-02
   1.8062400e-02
   1.6888400e-02
   1.8726500e-02
   3.1660100e-02
   8.5497800e-02
   1.3096700e-01
   1.3152100e-01
   7.8956900e-02
  -4.7278600e-03
  -6.6183700e-02
  -1.2301100e-01
  -1.5616700e-01
  -1.6307100e-01
  -1.3713600e-01
  -1.1755500e-01
  -1.1231000e-01
  -9.0894800e-02
  -2.9829100e-02
   2.7246300e-02
   4.0455600e-02
   3.0842400e-02
   1.2362100e-03
  -4.0368300e-03
  -1.3232600e-03
  -4.3614600e-03
  -6.5907800e-03
  -9.9362900e-04
   1.4507700e-02
   2.8873900e-02
   3.4642400e-02
   2.8732000e-02
   2.4029300e-02
   2.1894900e-02
   1.4075100e-02
   6.1022600e-03
   1.4055700e-02
   3.0788400e-02
   4.4005100e-02
   5.2247300e-02
   4.8313700e-02
   3.6066200e-02
   9.4223700e-03
  -2.2072500e-02
  -3.8551000e-02
  -4.4218500e-02
  -4.5218400e-02
  -3.5329900e-02
  -1.6185800e-02
  -3.0066700e-03
   3.2578800e-03
   1.8081800e-03
  -2.0436000e-03
  -9.6672800e-04
   9.5216900e-03
   1.9796900e-02
   3.5266100e-02
   5.6685900e-02
   7.3702300e-02
   7.0911400e-02
   6.1757800e-02
   5.8678300e-02
   5.2946700e-02
   3.7657800e-02
   5.4195800e-04
  -3.3754600e-02
  -7.2943100e-02
  -1.0375000e-01
  -1.1317400e-01
  -1.1562200e-01
  -1.0063800e-01
  -7.3597200e-02
  -4.3529700e-02
   2.7007800e-03
   4.3042800e-02
   5.4981900e-02
   5.7470700e-02
   5.1334400e-02
   4.0369500e-02
   3.9588200e-02
   4.2021000e-02
   3.4357800e-02
   1.4241200e-03
  -3.6441300e-02
  -6.1862600e-02
  -7.9117800e-02
  -9.3584400e-02
  -1.1215600e-01
  -1.1631100e-01
  -9.6117600e-02
  -3.8868900e-02
   1.6786500e-02
   4.4446100e-02
   5.4205600e-02
   4.6879200e-02
   3.1197900e-02
   2.1169500e-02
   2.4143000e-02
   3.3138600e-02
   3.6611000e-02
   3.8450300e-02
   4.6269900e-02
   4.7720600e-02
   3.8355200e-02
   8.1951600e-03
  -2.2504500e-02
  -2.8481400e-02
  -1.9877400e-02
   7.1131900e-03
   2.9786100e-02
   3.6049200e-02
   3.0329400e-02
  -6.7217000e-03
  -3.6208500e-02
  -5.1832500e-02
  -6.6074400e-02
  -7.3197600e-02
  -7.4151900e-02
  -6.7612300e-02
  -5.3005500e-02
  -2.9672600e-02
  -2.7237400e-03
   2.4022100e-02
   4.0434400e-02
   4.3849800e-02
   3.5476100e-02
   2.9419800e-02
   2.8925600e-02
   2.9769600e-02
   2.2889200e-02
   6.7736600e-03
  -1.2593500e-03
  -4.9869400e-03
  -6.2999300e-04
   1.4147300e-02
   1.8325700e-02
   5.1856200e-03
  -5.7339500e-03
  -7.5428800e-03
   2.2456000e-03
   1.7952100e-02
   3.1452400e-02
   4.1910000e-02
   4.3334500e-02
   3.6364500e-02
   5.2785100e-03
  -2.6606100e-02
  -3.8277300e-02
  -4.3022800e-02
  -3.1474700e-02
   6.7891600e-03
   4.0074400e-02
   5.1116600e-02
   5.1723100e-02
   3.4769300e-02
   6.3507300e-03
  -1.4827900e-02
  -2.3860300e-02
  -2.6317900e-02
  -2.6242700e-02
  -2.6768400e-02
  -3.0336700e-02
  -2.8301100e-02
  -1.3854100e-02
   9.2179700e-03
   2.8413000e-02
   3.5557800e-02
   3.0922600e-02
   1.5465300e-02
  -8.7233000e-03
  -3.3397400e-02
  -5.3353000e-02
  -6.4446700e-02
  -6.6102500e-02
  -6.2485800e-02
  -5.2368700e-02
  -2.8288800e-02
   8.2003900e-03
   3.5474900e-02
   4.7884000e-02
   4.5804000e-02
   3.1410500e-02
   1.5208600e-02
   2.6093100e-03
  -5.2103300e-05
   3.9725900e-03
   2.4127800e-03
   6.2041900e-04
  -1.9022600e-03
  -5.4551400e-03
  -7.3668300e-03
  -8.6461200e-03
  -1.2582500e-02
  -2.1594400e-02
  -3.2792200e-02
  -3.4489600e-02
  -2.2196800e-02
   2.7501700e-03
   3.5265500e-02
   5.4831000e-02
   6.3109100e-02
   6.3975900e-02
   5.4512200e-02
   2.0893900e-02
  -1.6731100e-02
  -3.9341600e-02
  -5.0766700e-02
  -3.9566300e-02
  -6.1165800e-03
   2.5731700e-02
   4.6774200e-02
   5.8570300e-02
   5.8381500e-02
   5.1071000e-02
   2.5683000e-02
  -2.2661400e-03
  -1.9550200e-02
  -4.0455200e-02
  -5.7462900e-02
  -6.8852300e-02
  -7.3473100e-02
  -6.4274800e-02
  -4.8060000e-02
  -2.8676100e-02
  -7.0114300e-03
   1.2515300e-02
   2.5780300e-02
   3.2125600e-02
   2.5422000e-02
   9.8165700e-04
  -2.7162300e-02
  -4.2826600e-02
  -4.3084800e-02
  -3.7315800e-02
  -2.8090000e-02
  -2.1360100e-02
  -1.8594000e-02
  -1.7250800e-02
  -1.7764000e-02
  -1.7022600e-02
  -1.6047600e-02
  -1.6624000e-02
  -2.0575600e-02
  -2.4387400e-02
  -1.9252900e-02
  -6.5009700e-03
   7.4157900e-03
   2.2783000e-02
   3.1623200e-02
   3.9901400e-02
   3.8111200e-02
   2.0546700e-02
   2.3538500e-03
  -8.4715300e-03
  -1.2590400e-02
  -7.5731400e-03
   1.4812800e-03
   1.0267400e-02
   2.9346400e-02
   4.8505000e-02
   6.2403400e-02
   7.0087900e-02
   6.8428300e-02
   6.1009700e-02
   5.8110700e-02
   5.5581000e-02
   4.5071800e-02
   2.2456300e-02
   1.7164700e-03
  -8.9395900e-03
  -1.2516900e-02
  -5.9798100e-03
  -3.1295000e-05
  -1.0950500e-02
  -3.3820100e-02
  -6.4521200e-02
  -9.2575400e-02
  -1.0473300e-01
  -9.8432500e-02
  -6.1010900e-02
  -2.7191900e-02
  -1.3378200e-02
  -1.2403200e-03
   9.1258000e-03
   1.8379100e-02
   2.5786200e-02
   2.1196000e-02
   7.6513100e-03
  -1.5227200e-03
  -6.1404900e-04
   3.4821200e-03
   8.8920400e-03
   1.7264000e-02
   2.1510100e-02
   1.5718400e-02
   2.9060400e-03
  -1.2672600e-02
  -3.0060700e-02
  -4.2176400e-02
  -4.1926700e-02
  -2.9258500e-02
  -1.3748500e-02
   1.0800600e-03
   9.0205800e-03
   6.9875300e-03
   8.4337100e-03
   1.3310100e-02
   1.3321200e-02
   1.2963000e-02
   1.4278600e-02
   9.9341800e-03
  -2.6194300e-04
  -7.6449100e-03
  -1.0085000e-02
  -8.0288400e-03
  -2.7577000e-03
   2.5348700e-03
   1.4667600e-02
   2.8595400e-02
   3.4614200e-02
   4.2151800e-02
   4.8466400e-02
   4.6021200e-02
   3.6360600e-02
   2.2949400e-02
   1.3453900e-02
   1.4563500e-02
   2.1042200e-02
   1.6391800e-02
   2.3675700e-03
  -1.1477200e-02
  -2.1264300e-02
  -2.1083000e-02
  -1.1897200e-02
   4.0778000e-03
   1.4969100e-02
   1.4734200e-02
   9.2616200e-03
   3.6564300e-03
   5.6145600e-04
   3.4273600e-03
   1.2351000e-02
   2.0112900e-02
   1.5603200e-02
   7.1192000e-04
  -1.2068000e-02
  -1.3706400e-02
  -7.0043200e-03
   4.0123800e-03
   1.2799300e-02
   1.3619100e-02
   1.0536300e-02
   3.2592900e-03
  -4.2248000e-03
  -3.3224500e-03
   2.6635700e-03
   1.3339600e-02
   2.5781100e-02
   2.7470900e-02
   1.8390500e-02
  -1.2135400e-02
  -3.2642900e-02
  -3.1928300e-02
  -3.0822000e-02
  -2.8410100e-02
  -2.0104600e-02
  -3.8636400e-04
   1.3298600e-02
   1.6279600e-02
   1.4674700e-02
   1.2763800e-02
   5.4663400e-03
  -1.5461400e-02
  -3.6666700e-02
  -4.4257900e-02
  -4.5924100e-02
  -4.0935700e-02
  -2.8684900e-02
  -9.1738100e-03
   1.1144100e-02
   2.1114200e-02
   2.1969500e-02
   1.3827300e-02
   3.9379400e-03
  -6.9235200e-03
  -1.2901200e-02
  -1.5232400e-02
  -1.7601400e-02
  -1.3906400e-02
  -6.4497300e-03
  -2.9108600e-03
  -9.1374700e-03
  -1.7960000e-02
  -2.2522000e-02
  -2.4879700e-02
  -2.7141600e-02
  -2.2097300e-02
  -8.9653300e-03
   4.0687500e-04
   5.3461600e-03
   8.2536000e-03
   7.4074300e-03
   6.2705600e-03
   5.8782800e-03
   3.4082500e-03
  -2.0850600e-03
  -7.7272900e-03
  -9.3415500e-03
  -3.8964000e-03
   1.1313200e-02
   3.2099100e-02
   4.6330600e-02
   5.0909700e-02
   4.6159900e-02
   2.9682200e-02
   1.2007000e-02
   7.3018300e-04
  -4.1195800e-03
  -1.1454100e-02
  -1.4534100e-02
  -5.8597400e-03
   4.0886400e-03
   1.6766500e-02
   3.2333000e-02
   4.4895700e-02
   4.8980000e-02
   4.8119400e-02
   2.7644200e-02
   9.5721400e-03
   6.5552400e-03
   5.5701800e-03
   2.9418900e-03
  -1.6550000e-03
  -3.3877400e-03
  -1.1971800e-02
  -1.0667000e-02
  -6.2848900e-03
  -4.2824200e-03
  -6.8515900e-03
  -1.5413300e-02
  -1.4760300e-02
   8.8437300e-03
   3.6284000e-02
   4.6723800e-02
   2.2428600e-02
  -1.5971200e-02
  -2.6479100e-02
  -1.7680400e-02
   6.5406700e-03
   2.1211500e-02
   1.8675900e-02
   1.4296100e-02
   6.3116600e-03
  -1.0974200e-02
  -2.2468500e-02
  -2.6588200e-02
  -3.3224200e-02
  -3.6424900e-02
  -3.2183600e-02
  -2.6982600e-02
  -2.7712900e-02
  -3.3505400e-02
  -2.8109500e-02
  -1.2828900e-02
  -7.2922900e-03
  -1.1926100e-02
  -1.2517700e-02
  -4.3495500e-03
   6.9438900e-03
   1.5267100e-02
   1.1419600e-02
  -1.1359000e-02
  -3.6661200e-02
  -4.7168200e-02
  -4.3146400e-02
  -2.6695900e-02
  -4.0346200e-03
   2.5350500e-02
   4.9682500e-02
   6.6445100e-02
   7.8134200e-02
   7.9264300e-02
   6.2299600e-02
   4.0754000e-02
   2.8611800e-02
   1.5143600e-02
   2.7994400e-03
  -1.0931900e-02
  -2.7925300e-02
  -3.9691100e-02
  -3.3852800e-02
  -9.7442600e-03
   1.2004000e-02
   2.2808700e-02
   2.7522900e-02
   3.5008500e-02
   4.3481500e-02
   5.0392800e-02
   4.9761200e-02
   3.1389700e-02
   8.0508700e-03
  -1.3699900e-02
  -3.4645800e-02
  -4.5389700e-02
  -3.8812000e-02
  -1.5136000e-02
   1.0204600e-02
   2.5045300e-02
   2.0410100e-02
  -1.3309300e-02
  -4.3029400e-02
  -4.8494900e-02
  -3.5865600e-02
  -1.1529700e-02
  -1.0740400e-03
  -8.8498500e-03
  -1.8230100e-02
  -2.4035300e-02
  -2.9662000e-02
  -3.4701200e-02
  -4.3564300e-02
  -5.2317300e-02
  -5.2890000e-02
  -3.2752500e-02
  -7.7527400e-03
   5.2209100e-04
   1.2122000e-03
  -4.3862200e-05
  -3.4684500e-03
  -1.0489600e-02
  -1.1325400e-02
  -9.3583000e-03
  -4.7381800e-03
   2.8381000e-04
  -4.6759300e-03
  -1.3186300e-02
  -1.6742500e-02
  -1.2944600e-02
  -6.3946500e-03
  -3.3933200e-03
  -6.7496600e-03
  -7.1724900e-03
  -1.4508500e-03
   5.4917200e-03
   1.0956300e-02
   1.0752700e-02
   1.0147300e-02
   8.5259200e-03
   9.0883500e-03
   1.8518700e-02
   2.7525700e-02
   3.4249900e-02
   3.7945700e-02
   3.4961600e-02
   3.2696500e-02
   3.2480600e-02
   2.7714500e-02
   2.4739600e-02
   2.3474100e-02
   2.1092700e-02
   1.4555800e-02
   9.6071000e-03
   4.5339200e-03
  -2.4895000e-03
  -1.3448100e-02
  -2.9744300e-02
  -4.3981200e-02
  -4.1800200e-02
  -2.9092800e-02
  -1.4412700e-02
   1.9748400e-03
   6.2784600e-03
   3.7390100e-04
  -1.2138200e-02
  -1.4514600e-02
   8.1591600e-03
   4.3802200e-02
   6.3809700e-02
   6.1896400e-02
   5.0593900e-02
   3.0964200e-02
  -2.1112000e-03
  -2.5213000e-02
  -2.8196400e-02
  -1.8972400e-02
  -1.2723800e-02
  -1.3522300e-02
  -2.0007400e-02
  -4.1164100e-02
  -6.7786000e-02
  -6.5090100e-02
  -1.4235900e-02
   1.1011200e-02
   2.1740100e-03
  -1.8928400e-04
   1.4677300e-02
   3.7230500e-02
   5.4322700e-02
   5.8859600e-02
   5.5231500e-02
   4.2439700e-02
   1.2135500e-02
  -9.0917300e-03
  -2.9682500e-02
  -4.4467400e-02
  -4.0137600e-02
  -2.5249700e-02
  -2.2417200e-02
  -2.7569300e-02
  -1.9533800e-02
   1.8310500e-03
   2.4395400e-02
   4.0301200e-02
   5.1969900e-02
   5.1911600e-02
   4.3633200e-02
   3.9345000e-02
   3.8877700e-02
   2.9601700e-02
   6.3098400e-03
  -2.3548800e-02
  -4.3377700e-02
  -4.2948500e-02
  -3.2545700e-02
  -3.2507100e-02
  -3.7195200e-02
  -3.3647900e-02
  -2.1157200e-02
  -5.1862200e-03
   1.2262900e-03
  -1.0309100e-02
  -4.1529500e-02
