   5.2982800e-02
   5.8128000e-02
   6.3570000e-02
   4.8533600e-02
   3.2432200e-02
   2.1460400e-02
   3.6831700e-03
  -7.7425000e-03
  -2.7660700e-02
  -4.3878300e-02
  -4.6630900e-02
  -4.6990600e-02
  -5.7494200e-02
  -5.7614200e-02
  -5.3209400e-02
  -3.5476300e-02
  -6.2631100e-03
   3.0172600e-03
   2.2464000e-02
   5.7170900e-02
   9.0115300e-02
   9.5598200e-02
   8.1410400e-02
   6.7421500e-02
   3.9111900e-02
   3.1176700e-02
   3.4312600e-02
   4.9123500e-02
   4.8090600e-02
  -1.8705400e-03
  -4.7352900e-02
  -7.0628800e-02
  -7.1837100e-02
  -5.1620200e-02
  -3.4541900e-02
  -3.1665000e-02
  -3.9858200e-02
  -6.3392200e-02
  -8.6254000e-02
  -8.7109300e-02
  -6.7243300e-02
  -5.5902400e-02
  -6.1440500e-02
  -4.7072300e-02
  -1.0271200e-02
   2.9004400e-02
   5.6512300e-02
   7.0343000e-02
   8.1750200e-02
   8.5925600e-02
   8.9634800e-02
   9.2593300e-02
   9.7383800e-02
   7.2495300e-02
   3.0244400e-02
   1.7840000e-04
  -3.0341500e-02
  -5.2958400e-02
  -7.8875000e-02
  -1.0698000e-01
  -1.2124200e-01
  -1.1945800e-01
  -1.1628100e-01
  -1.0475400e-01
  -7.8167800e-02
  -4.3796300e-02
   2.1736400e-03
   4.3829000e-02
   7.4018500e-02
   1.1334300e-01
   1.4539900e-01
   1.5801700e-01
   1.5520400e-01
   1.3023000e-01
   1.0046700e-01
   7.8890200e-02
   4.9333200e-02
   1.6801000e-02
  -2.9927700e-02
  -8.4462400e-02
  -1.1140400e-01
  -1.1573500e-01
  -9.4989900e-02
  -7.8682500e-02
  -8.9906000e-02
  -1.0273900e-01
  -9.6086900e-02
  -7.0806500e-02
  -5.3944300e-02
  -5.8987500e-02
  -4.1178700e-02
  -9.2040700e-03
   2.2422700e-02
   4.2199100e-02
   5.1563400e-02
   6.6744800e-02
   7.8492800e-02
   6.9413400e-02
   3.5027900e-02
  -1.1117200e-02
  -4.7064400e-02
  -5.5518500e-02
  -4.9635400e-02
  -3.8746200e-02
  -2.7647900e-02
  -1.8635500e-02
   1.7256900e-02
   7.7971100e-02
   1.0555000e-01
   8.7536100e-02
   6.1914400e-02
   4.8401100e-02
   4.7387000e-02
   4.3086400e-02
   1.6829300e-02
   9.2636400e-03
   1.3100600e-02
   9.9893300e-03
   1.6327300e-02
   2.8818000e-02
   3.4654200e-02
   3.3216700e-02
   2.7294300e-02
   1.7825400e-02
   9.3816100e-03
  -8.8596400e-04
  -2.2451100e-02
  -3.8180700e-02
  -4.5425000e-02
  -4.8018100e-02
  -4.0454000e-02
  -2.7408400e-02
  -2.0512500e-02
  -1.8867400e-02
  -1.6878600e-02
  -2.7237000e-02
  -4.1251000e-02
  -4.8942000e-02
  -4.3167000e-02
  -2.1269800e-02
   1.7121800e-02
   6.1708800e-02
   8.9626000e-02
   9.2427700e-02
   8.9927500e-02
   9.5690300e-02
   9.1954900e-02
   7.3073500e-02
   4.2392700e-02
   2.2535200e-02
   1.8356000e-02
   1.4030000e-02
   1.2066400e-02
   5.2597300e-03
  -1.1876500e-02
  -3.9689000e-02
  -7.6740600e-02
  -1.0121600e-01
  -1.0722600e-01
  -1.0238100e-01
  -1.0677200e-01
  -1.2795500e-01
  -1.4114200e-01
  -1.3013800e-01
  -8.1263600e-02
  -1.5996500e-03
   6.9193300e-02
   1.0615400e-01
   1.3196600e-01
   1.2649200e-01
   8.2839300e-02
   2.3886300e-02
  -2.3579600e-02
  -3.7878100e-02
  -2.7064100e-02
  -2.0704600e-02
  -1.1654200e-02
   1.9686200e-02
   6.0096400e-02
   9.5401600e-02
   1.0405800e-01
   9.1855800e-02
   7.2341100e-02
   5.8453700e-02
   3.8756400e-02
   1.4895400e-02
   6.3367400e-04
   1.9973200e-03
   4.1994100e-03
   3.4384000e-03
   6.0117700e-03
   5.4925000e-03
  -4.3556800e-03
  -3.2385400e-02
  -4.6001400e-02
  -3.3330000e-02
  -1.5985000e-02
  -3.1279000e-02
  -4.4492100e-02
  -3.0830300e-02
  -1.1045100e-03
   3.8841700e-02
   6.4763900e-02
   7.2135400e-02
   6.7128100e-02
   7.3909100e-02
   8.9081500e-02
   1.0566800e-01
   1.0325000e-01
   6.4209700e-02
   9.7905900e-03
  -3.7708800e-02
  -6.2893700e-02
  -6.6569800e-02
  -5.9948000e-02
  -5.2036900e-02
  -5.2345000e-02
  -5.6296500e-02
  -6.8218300e-02
  -8.3441800e-02
  -1.0576900e-01
  -1.3227300e-01
  -1.5458600e-01
  -1.6859800e-01
  -1.6326400e-01
  -1.3923900e-01
  -1.1037900e-01
  -9.3694000e-02
  -8.8776600e-02
  -8.1303000e-02
  -7.2874800e-02
  -6.1695600e-02
  -3.8289600e-02
  -3.1710500e-03
   5.1404100e-02
   9.9296100e-02
   1.2665900e-01
   1.3357600e-01
   1.3251300e-01
   1.2796600e-01
   1.1728900e-01
   1.0916600e-01
   1.0480200e-01
   1.1057400e-01
   1.1947200e-01
   1.3024600e-01
   1.4130000e-01
   1.4508500e-01
   1.3590700e-01
   1.2101100e-01
   9.6612800e-02
   8.2765300e-02
   8.0996600e-02
   7.0711000e-02
   4.6596200e-02
   1.0033300e-02
  -3.0191400e-02
  -6.4253200e-02
  -8.6439200e-02
  -9.7270500e-02
  -9.9671600e-02
  -1.0891700e-01
  -1.1807100e-01
  -1.1676600e-01
  -1.0403800e-01
  -8.5668800e-02
  -7.3084900e-02
  -7.6923200e-02
  -8.7266900e-02
  -8.1493700e-02
  -6.6335400e-02
  -6.0888500e-02
  -6.2286900e-02
  -5.4549100e-02
  -3.8981800e-02
  -2.0547200e-02
  -6.8832500e-03
   7.3284800e-03
   2.8370100e-02
   4.7156600e-02
   6.5050500e-02
   7.7163100e-02
   9.0535400e-02
   1.0068600e-01
   9.1712600e-02
   7.8926000e-02
   7.3350700e-02
   7.3547700e-02
   6.7749100e-02
   4.8926100e-02
   2.6063900e-02
   5.7139700e-03
  -5.2376700e-03
  -9.8745000e-03
  -1.1466600e-02
  -8.8859200e-03
  -1.7258000e-02
  -3.7112200e-02
  -6.3019100e-02
  -9.0004100e-02
  -1.0699500e-01
  -1.1577800e-01
  -1.2348500e-01
  -1.3674100e-01
  -1.4632500e-01
  -1.4700500e-01
  -1.3987100e-01
  -1.2348300e-01
  -1.1129700e-01
  -1.0872200e-01
  -1.1021000e-01
  -1.1083600e-01
  -9.5056700e-02
  -6.4150600e-02
  -2.5782100e-02
   1.2502700e-02
   3.5691500e-02
   5.0278600e-02
   5.4858500e-02
   5.1337600e-02
   5.2461800e-02
   4.9717100e-02
   4.7529300e-02
   5.0300800e-02
   6.2043200e-02
   8.6325500e-02
   1.0461500e-01
   1.1405500e-01
   1.1363700e-01
   1.0495100e-01
   9.4790100e-02
   8.9867700e-02
   8.9958600e-02
   9.1661200e-02
   8.4687600e-02
   6.9262300e-02
   5.9183800e-02
   4.5876000e-02
   2.6157500e-02
   1.7419200e-03
  -2.0966200e-02
  -3.2833700e-02
  -3.2778500e-02
  -3.2934400e-02
  -3.4837600e-02
  -3.1629500e-02
  -3.4363000e-02
  -3.5588800e-02
  -2.9414600e-02
  -1.3858400e-02
  -1.6499000e-03
   2.1375200e-03
   9.7887100e-03
   1.6684100e-02
   1.3581400e-02
  -3.6370600e-03
  -2.8156700e-02
  -3.8039300e-02
  -3.1938500e-02
  -2.8995600e-02
  -2.0903800e-02
  -5.9687800e-03
   8.3195500e-03
   1.5563800e-02
   2.6014900e-02
   3.6732200e-02
   3.9182400e-02
   4.2430300e-02
   4.5445500e-02
   5.4309500e-02
   6.5450100e-02
   6.9835300e-02
   6.4839500e-02
   5.3781900e-02
   3.6760300e-02
   1.8017000e-02
   5.4150600e-03
  -2.2379300e-05
   1.1783500e-03
   1.6926100e-03
  -3.6713800e-03
  -2.0493000e-02
  -3.0408300e-02
  -3.0662100e-02
  -1.6084000e-02
   3.6570700e-04
   9.0481400e-03
   2.7047200e-02
   3.6781300e-02
   3.7607700e-02
   2.7545600e-02
   8.6074500e-03
  -1.4622900e-02
  -3.6688300e-02
  -4.6145600e-02
  -4.7541700e-02
  -4.4427500e-02
  -3.7002700e-02
  -3.5223600e-02
  -3.8190600e-02
  -4.0475200e-02
  -4.0856500e-02
  -4.0096400e-02
  -3.3869100e-02
  -2.1814500e-02
  -1.3948100e-02
  -1.2994200e-02
  -8.3539800e-03
   2.8845800e-03
   1.2127000e-02
   1.7256800e-02
   1.0579100e-02
   2.2438300e-03
  -1.5819800e-03
  -3.9143300e-04
  -1.8936800e-03
  -9.0059300e-03
  -1.3737500e-02
  -2.9374900e-02
  -5.1779000e-02
  -6.9978600e-02
  -7.5695500e-02
  -6.5605500e-02
  -4.7650200e-02
  -2.4172600e-02
   1.8385800e-03
   2.0580300e-02
   2.5567300e-02
   1.2720600e-02
  -9.6121000e-03
  -2.6698900e-02
  -3.5477800e-02
  -2.9451500e-02
  -1.4793800e-02
   6.7161300e-04
   1.8452500e-02
   4.1804600e-02
   6.8752200e-02
   8.8179300e-02
   9.4144500e-02
   8.3210300e-02
   6.0824600e-02
   4.2669800e-02
   4.3589100e-02
   5.9244300e-02
   7.8553100e-02
   8.4392800e-02
   7.8035400e-02
   6.2852900e-02
   4.9616600e-02
   4.2394200e-02
   3.1640600e-02
   2.0463600e-02
   6.0186000e-03
  -6.9229300e-03
  -1.1146500e-02
  -7.2407200e-03
  -4.2100700e-03
   1.5256100e-03
   6.6921400e-03
   2.7429300e-03
  -4.9088800e-03
  -1.4685300e-02
  -3.3050200e-02
  -4.7384100e-02
  -4.9345300e-02
  -3.6779700e-02
  -1.9361900e-02
  -1.8376400e-02
  -2.9883800e-02
  -4.6281100e-02
  -6.1805300e-02
  -7.1863200e-02
  -8.1133800e-02
  -9.0630800e-02
  -9.3110200e-02
  -9.6583000e-02
  -9.8033200e-02
  -8.7194500e-02
  -7.0427500e-02
  -6.1086100e-02
  -5.9524200e-02
  -6.0199300e-02
  -5.9094400e-02
  -5.2317300e-02
  -3.4941300e-02
  -2.0267100e-03
   2.7633100e-02
   3.9817200e-02
   3.8911700e-02
   3.0740700e-02
   1.2046400e-02
   2.9216900e-03
   7.3517800e-03
   2.2288900e-02
   3.6089700e-02
   3.9713000e-02
   4.5000900e-02
   5.1758700e-02
   5.7558600e-02
   5.5920700e-02
   4.7157100e-02
   3.3585200e-02
   2.2917300e-02
   1.8333600e-02
   2.6563200e-02
   4.9053400e-02
   7.2496300e-02
   8.3679900e-02
   8.2218400e-02
   7.3349800e-02
   6.2003500e-02
   5.0092200e-02
   3.2385200e-02
   6.3050900e-03
  -2.1562100e-02
  -4.6064300e-02
  -5.8319400e-02
  -5.9273900e-02
  -5.6861300e-02
  -5.3957100e-02
  -5.5243100e-02
  -6.0080700e-02
  -6.6847200e-02
  -7.1248200e-02
  -6.7538300e-02
  -6.0604100e-02
  -5.2219500e-02
  -3.9765000e-02
  -3.2481000e-02
  -3.6366900e-02
  -4.3503600e-02
  -4.6895900e-02
  -5.0900200e-02
  -4.8281600e-02
  -3.7825400e-02
  -2.5286300e-02
  -1.1060100e-02
   1.0199800e-03
   1.6117200e-02
   3.2171200e-02
   4.7286800e-02
   5.6179400e-02
   4.6221400e-02
   3.3148300e-02
   2.1423600e-02
   7.7099800e-03
  -5.7752100e-03
  -9.7223800e-03
   6.2979800e-03
   2.9002400e-02
   3.1986100e-02
   2.0152300e-02
   1.3845400e-03
  -8.3837700e-03
   1.4523200e-03
   1.9310700e-02
   3.0338200e-02
   3.1583800e-02
   3.0138700e-02
   3.0604100e-02
   3.3711200e-02
   2.6460300e-02
   1.7503900e-02
   4.5052100e-03
  -1.0736400e-02
  -1.6856200e-02
  -1.0465700e-02
  -7.9001300e-03
  -1.4627800e-02
  -2.4627700e-02
  -3.8865600e-02
  -4.7486400e-02
  -5.1711000e-02
  -4.8662000e-02
  -4.1563600e-02
  -4.0082400e-02
  -3.3334900e-02
  -1.6079300e-02
   5.0726800e-03
   2.3697100e-02
   3.8118100e-02
   4.5556100e-02
   4.4101800e-02
   3.5292300e-02
   1.5145500e-02
  -1.3527500e-02
  -3.9292500e-02
  -4.9862500e-02
  -3.4942700e-02
  -4.9606400e-03
   3.0254100e-02
   5.8573600e-02
   7.1515600e-02
   7.8608800e-02
   8.8034900e-02
   9.1081800e-02
   8.0487300e-02
   6.0652600e-02
   3.2090800e-02
   3.5850800e-03
  -6.4382400e-03
   1.0485800e-02
   3.4985400e-02
   5.0749700e-02
   5.5916300e-02
   5.5563500e-02
   5.7506900e-02
   5.7071500e-02
   4.2200200e-02
   2.1203700e-02
   1.8126600e-03
  -8.9634300e-03
  -1.5165800e-02
  -2.2141400e-02
  -3.0268600e-02
  -3.3031500e-02
  -3.2943600e-02
  -3.7927100e-02
  -4.4349800e-02
  -5.0061600e-02
  -5.1070200e-02
  -4.5556900e-02
  -3.4224500e-02
  -2.2201500e-02
   1.1199800e-03
   1.5080900e-02
   1.9501800e-02
   1.8411600e-02
   1.7104200e-02
   1.5180700e-02
   1.6824100e-02
   2.1337800e-02
   1.4650900e-02
   4.1655100e-03
  -2.7692700e-03
  -9.8509200e-03
  -1.5533100e-02
  -1.9968900e-02
  -3.2646300e-02
  -4.1483400e-02
  -4.5584600e-02
  -3.0242600e-02
   6.6974500e-04
   2.2329600e-02
   2.8453900e-02
   2.7806400e-02
   2.9504900e-02
   3.3597300e-02
   3.8690400e-02
   2.9287200e-02
   4.0363000e-03
  -9.8069400e-03
  -1.3892900e-02
  -1.8977400e-02
  -2.8403000e-02
  -3.8307000e-02
  -4.2974300e-02
  -4.2447800e-02
  -3.5155600e-02
  -1.7252400e-02
  -4.8547200e-04
  -1.7622200e-04
  -6.8866100e-03
  -1.8501200e-02
  -3.1639600e-02
  -4.0530700e-02
  -4.4644200e-02
  -4.6418800e-02
  -4.1231900e-02
  -3.1094000e-02
  -2.3069500e-02
  -1.8630200e-02
  -1.8595400e-02
  -1.9272500e-02
  -2.1434700e-02
  -2.1143800e-02
  -2.1491400e-02
  -2.0193800e-02
  -1.8407600e-02
  -1.3058600e-02
  -9.8363400e-04
   1.2868100e-02
   2.6571000e-02
   3.6450900e-02
   3.4841500e-02
   2.1148200e-02
   1.3636100e-02
   8.0823300e-03
   9.8205900e-03
   2.0753100e-02
   3.7252800e-02
   5.9579800e-02
   7.3914000e-02
   7.3190000e-02
   6.4090700e-02
   5.2080400e-02
   4.3663500e-02
   3.0185400e-02
   5.9350600e-03
  -1.7945000e-02
  -3.6903600e-02
  -4.2871400e-02
  -2.9219600e-02
  -3.2910300e-03
   2.4319500e-02
   4.7769500e-02
   6.3171600e-02
   7.0605500e-02
   7.4418500e-02
   7.5035700e-02
   6.0062300e-02
   4.0451900e-02
   1.0531400e-02
  -2.1212900e-02
  -4.7411400e-02
  -6.2743900e-02
  -6.7830500e-02
  -5.9962100e-02
  -4.8168700e-02
  -4.6741500e-02
  -4.7396200e-02
  -5.1314900e-02
  -5.1101600e-02
  -4.6125900e-02
  -4.1753000e-02
  -4.6818200e-02
  -5.9655700e-02
  -7.3231800e-02
  -8.1465100e-02
  -8.5675500e-02
  -8.0061300e-02
  -6.3932900e-02
  -4.0434000e-02
  -1.8210100e-02
   2.1329400e-03
   1.8332700e-02
   3.7930100e-02
   6.3357800e-02
   8.3016500e-02
   9.2920800e-02
   8.3653200e-02
   6.5742100e-02
   5.2173200e-02
   4.1447000e-02
   3.5961600e-02
   2.8619800e-02
   1.3446400e-02
  -4.2270300e-03
  -2.1553600e-02
  -3.0971200e-02
  -2.8698500e-02
  -1.0897300e-02
   5.6064200e-03
   3.0473100e-02
   5.7092200e-02
   7.7764700e-02
   9.4625400e-02
   9.9849900e-02
   9.0430400e-02
   6.2913900e-02
   3.2985200e-02
   1.3077000e-02
   5.0201300e-03
   4.3960100e-03
   8.6362700e-03
   2.5939100e-03
  -1.2665200e-02
  -2.7529500e-02
  -3.2165300e-02
  -2.6370600e-02
  -1.3873400e-02
  -4.4474800e-03
  -1.2833300e-03
  -3.0529200e-03
  -7.3204900e-03
  -1.1857300e-02
  -1.9529700e-02
  -2.6278900e-02
  -2.8686000e-02
  -2.7076300e-02
  -1.5981700e-02
   2.0336600e-03
   1.5737500e-02
   1.9371800e-02
   1.0937600e-02
  -1.7113700e-03
  -1.2910900e-02
  -1.9502000e-02
  -2.5418900e-02
  -3.1444000e-02
  -3.4674200e-02
  -3.7956500e-02
  -4.1398900e-02
  -3.7396300e-02
  -2.7149300e-02
  -1.4343100e-02
  -1.3085400e-02
  -3.2223500e-02
  -5.2857000e-02
  -6.4824600e-02
  -6.3425100e-02
  -4.4377500e-02
  -2.5587000e-02
  -1.4182300e-02
  -6.0119600e-03
   3.2456400e-03
   1.2257400e-02
   1.3165300e-02
   8.4305500e-03
   3.0368700e-03
   1.4294400e-03
   5.7175900e-03
   2.4462200e-02
   5.2421500e-02
   7.8786500e-02
   8.9586400e-02
   8.3013600e-02
   7.0189200e-02
   5.7127200e-02
   4.6342800e-02
   3.5808300e-02
   2.1894500e-02
   6.0356300e-03
  -8.7043200e-03
  -2.5219100e-02
  -4.2574300e-02
  -5.9558200e-02
  -7.7958000e-02
  -9.2439900e-02
  -9.2663200e-02
  -7.0531100e-02
  -4.2221000e-02
  -2.4285300e-02
  -1.7135000e-02
  -1.5706900e-02
  -1.9183000e-02
  -2.1854400e-02
  -2.0895500e-02
  -1.3505500e-02
   1.1396700e-03
   1.7958500e-02
   2.9221400e-02
   3.1494000e-02
   3.8261800e-02
   4.6604400e-02
   5.6191400e-02
   6.4650300e-02
   6.3863000e-02
   5.0419400e-02
   3.7080900e-02
   2.8657800e-02
   2.8850600e-02
   3.2651200e-02
   3.1766900e-02
   3.3294900e-02
   3.5962200e-02
   3.8986600e-02
   3.0245200e-02
   5.7458600e-03
  -1.9344100e-02
  -4.2793800e-02
  -5.8826100e-02
  -5.7381800e-02
  -4.3498500e-02
  -2.7969000e-02
  -2.0644400e-02
  -2.1581700e-02
  -2.0058800e-02
  -7.5811200e-03
   1.1694900e-02
   3.0231400e-02
   4.0471200e-02
   4.0723100e-02
   3.3570900e-02
   1.5449600e-02
  -2.9460500e-03
  -1.4277200e-02
  -2.0544100e-02
  -2.6054100e-02
  -3.7474000e-02
  -4.4586400e-02
  -3.6489600e-02
  -2.4657600e-02
  -1.8809900e-02
  -2.1621000e-02
  -2.7794100e-02
  -3.9907600e-02
  -5.7998300e-02
  -7.7877100e-02
  -9.1371700e-02
  -8.6525600e-02
  -6.2689200e-02
  -3.0232800e-02
  -7.3451600e-05
   2.2216600e-02
   2.9626900e-02
   3.4057800e-02
   4.6718000e-02
   6.3765300e-02
   7.7863800e-02
   8.5371000e-02
   8.1977400e-02
   6.4682300e-02
   4.8252100e-02
   4.4439400e-02
   5.0363500e-02
   5.5068800e-02
   5.0040200e-02
   3.7813400e-02
   2.6028400e-02
   2.1060900e-02
   1.9467700e-02
   2.2391000e-02
   1.3101900e-02
  -7.5490700e-03
  -2.5741800e-02
  -3.4564800e-02
  -3.3132700e-02
  -1.8955800e-02
   2.2377700e-03
   1.3974900e-02
   2.2310300e-02
   2.1298500e-02
   1.7507100e-02
   8.4943600e-03
  -5.1522400e-03
  -1.4464900e-02
  -2.2890100e-02
  -3.0278000e-02
  -3.3451200e-02
  -3.3003400e-02
  -3.2922900e-02
  -3.1998800e-02
  -3.4846700e-02
  -4.4551000e-02
  -5.9580700e-02
  -6.9395200e-02
  -6.7432700e-02
  -5.9977600e-02
  -4.4342000e-02
  -2.8231200e-02
  -1.5719900e-02
  -8.1107200e-03
  -5.1894700e-03
  -7.3386500e-03
  -2.6567700e-02
  -4.0922200e-02
  -3.2310400e-02
  -2.3083500e-02
  -1.9801200e-02
  -2.1424100e-02
  -2.4796200e-02
  -1.7518600e-02
  -9.3229200e-03
  -8.2468600e-03
  -6.7352700e-03
   5.4587800e-03
   1.3985900e-02
   4.8528100e-03
  -5.8684600e-03
   7.6832100e-03
   4.0909700e-02
   7.2590800e-02
   9.4525900e-02
   1.0425000e-01
   1.1171500e-01
   1.1870700e-01
   1.2531500e-01
   1.2756600e-01
   1.2591300e-01
   1.1978000e-01
   1.0244000e-01
   8.0770600e-02
   6.5154400e-02
   4.2708200e-02
   2.5262100e-02
   1.5821900e-02
  -4.0457300e-03
  -2.6280800e-02
  -5.8744400e-02
  -8.6977000e-02
  -9.6964900e-02
  -7.8146000e-02
  -5.2425800e-02
  -4.1362900e-02
  -4.6895500e-02
  -6.1865000e-02
  -6.5464700e-02
  -5.4383500e-02
  -3.2139400e-02
  -1.2880900e-02
  -2.2117400e-03
  -1.1497900e-02
  -3.3845200e-02
  -4.9013700e-02
  -5.0506000e-02
  -4.2919300e-02
  -3.0594700e-02
  -2.0764100e-02
  -1.6576000e-02
  -1.7554300e-02
  -2.7938000e-02
  -4.3620500e-02
  -5.3769600e-02
  -4.8467800e-02
  -3.2042800e-02
  -2.5726000e-02
  -2.6824600e-02
  -2.7001200e-02
  -2.1918600e-02
  -8.2721400e-03
   1.1004800e-02
   3.2262500e-02
   4.2247200e-02
   3.6621800e-02
   1.6950000e-02
   1.0562200e-03
  -7.8382800e-03
  -5.6076300e-03
   6.9464300e-03
   2.2182100e-02
   4.6126500e-02
   6.6346900e-02
   8.3931600e-02
   1.0625700e-01
   1.2552700e-01
   1.3661900e-01
   1.3273500e-01
   1.1615200e-01
   9.8242500e-02
   8.2638500e-02
   6.6307100e-02
   4.0902900e-02
   5.3007400e-03
  -2.7238400e-02
  -4.9812100e-02
  -5.7620300e-02
  -5.0912900e-02
  -3.6627900e-02
  -2.0826200e-02
  -8.5179800e-03
  -2.3991200e-03
  -2.3716900e-03
  -1.4548300e-03
  -3.9570000e-03
  -1.3633900e-02
  -2.8144500e-02
  -3.4088200e-02
  -2.2730600e-02
  -1.6508700e-02
  -3.0305300e-02
  -5.0081200e-02
  -6.4833600e-02
  -7.5439700e-02
  -8.2226900e-02
  -8.7248500e-02
  -9.2093600e-02
  -9.9441800e-02
  -1.0435300e-01
  -9.4952000e-02
  -6.7767100e-02
  -4.0367000e-02
  -2.4576500e-02
  -2.2460100e-02
  -3.0738600e-02
  -3.5234800e-02
  -2.3413200e-02
   1.8653400e-03
   3.3975800e-02
   6.3218100e-02
   7.2277600e-02
   6.7054000e-02
   6.0911500e-02
   4.6552800e-02
   1.9292100e-02
  -5.5929600e-03
  -2.9007200e-02
  -4.4180900e-02
  -6.4138300e-02
  -9.3783700e-02
  -1.1485000e-01
  -1.3135700e-01
  -1.3385200e-01
  -1.2001300e-01
  -7.5950800e-02
  -1.6447200e-02
   5.3288000e-02
   1.1851900e-01
   1.7763600e-01
   2.2172000e-01
   2.5295700e-01
   2.7369700e-01
   2.6924800e-01
   2.5429300e-01
   2.0767900e-01
   1.3673200e-01
   5.3718000e-02
  -2.6384800e-02
  -8.5094100e-02
  -1.0833300e-01
  -1.0853500e-01
  -8.2348700e-02
  -2.8385800e-02
   1.5826000e-02
   2.8333100e-02
   1.4707800e-02
  -1.3170000e-02
  -4.5562300e-02
  -6.7633200e-02
  -9.0949600e-02
  -1.1815300e-01
  -1.4340500e-01
  -1.6452600e-01
  -1.7617800e-01
  -1.7173000e-01
  -1.5185200e-01
  -1.1811200e-01
  -7.7154300e-02
  -3.3647400e-02
   2.1115200e-02
   6.6658000e-02
   8.8865300e-02
   9.1675200e-02
   7.5126600e-02
   5.2008100e-02
   2.3056300e-02
  -3.4574000e-04
  -1.9764700e-02
  -4.7801600e-02
  -6.5181500e-02
  -6.8991400e-02
  -5.4011800e-02
  -3.3304000e-02
  -1.5277700e-02
   6.4940500e-03
   3.2866000e-02
   5.7692600e-02
   6.9030800e-02
   6.9045900e-02
   6.4433300e-02
   5.4664500e-02
   5.4104400e-02
   6.0050800e-02
   7.3725800e-02
   9.5035400e-02
   1.0396400e-01
   1.0424400e-01
   9.2604300e-02
   7.2766100e-02
   5.2084400e-02
   3.5294000e-02
   2.6264800e-02
   3.0043700e-02
   4.2950600e-02
   5.7878100e-02
   7.3569600e-02
   8.8708300e-02
   1.0129600e-01
   1.0800500e-01
   1.0359400e-01
   8.7006200e-02
   7.0814500e-02
   6.1158000e-02
   6.1607600e-02
   5.4955000e-02
   2.9164100e-02
  -7.3897800e-03
  -5.0530900e-02
  -9.3361900e-02
  -1.2854100e-01
  -1.5632000e-01
  -1.6723400e-01
  -1.6735800e-01
  -1.5818700e-01
  -1.3537400e-01
  -1.1057600e-01
  -8.8016500e-02
  -7.4093700e-02
  -6.6321500e-02
  -6.1202300e-02
  -5.6736900e-02
  -4.8255800e-02
  -3.3686300e-02
  -1.6390400e-02
   3.5208300e-03
   2.1585900e-02
   3.4040900e-02
   4.2319000e-02
   3.8522400e-02
   2.3742400e-02
   2.4629600e-03
  -7.5444500e-03
  -8.4222400e-04
   2.1815900e-02
   3.8382500e-02
   2.8685200e-02
   7.7474400e-03
  -2.0769900e-02
  -3.7160500e-02
  -4.3099100e-02
  -5.3368700e-02
  -6.2194900e-02
  -6.6759600e-02
  -6.4421000e-02
  -5.1277400e-02
  -2.7707500e-02
   2.2456500e-03
   3.2930100e-02
   5.6853000e-02
   7.5861500e-02
   8.5941000e-02
   8.8580500e-02
   8.8467100e-02
   8.1486000e-02
   6.5816600e-02
   4.7795000e-02
   3.0755700e-02
   1.4873100e-02
   9.7953600e-03
   8.8843000e-03
   8.1150200e-03
   6.9734400e-03
   3.9407800e-03
   2.0250200e-03
  -8.0159900e-04
  -5.4285200e-03
  -8.7569800e-03
  -9.8037000e-03
  -1.1115600e-02
  -1.7558100e-02
  -2.7774700e-02
  -4.0460600e-02
  -5.1507400e-02
  -5.4385000e-02
  -5.3328500e-02
  -4.8718300e-02
  -4.6269500e-02
  -4.6292100e-02
  -4.9846000e-02
  -6.3057200e-02
  -7.7958600e-02
  -8.5653700e-02
  -8.3543500e-02
  -6.6785100e-02
  -4.3978100e-02
  -2.3359000e-02
   1.9622700e-03
   2.6357400e-02
   4.9078700e-02
   6.8114800e-02
   8.2611800e-02
   9.1570300e-02
   9.0707200e-02
   7.9786900e-02
   5.8979700e-02
   3.7865500e-02
   2.3420000e-02
   1.9025700e-02
   1.6683500e-02
   1.8466300e-02
   1.7815300e-02
   1.2361200e-02
   4.6498000e-03
  -5.3209000e-03
  -1.2404000e-02
  -2.1342400e-02
  -2.9297600e-02
  -3.8642000e-02
  -4.0615900e-02
  -3.3236400e-02
  -2.4924700e-02
  -1.8326500e-02
  -1.0925600e-02
  -4.9932900e-04
   8.1072300e-03
   1.7375800e-02
   2.5030700e-02
   3.0069300e-02
   3.5280200e-02
   3.8689900e-02
   4.1882300e-02
   4.2799100e-02
   3.8672000e-02
   3.2205000e-02
   2.8244100e-02
   2.5280800e-02
   2.3295700e-02
   2.1994000e-02
   2.0589200e-02
   1.5599200e-02
   7.8031400e-03
   2.2072200e-03
   5.7882600e-05
   7.3914800e-03
   1.9869000e-02
   2.7842100e-02
   2.8779300e-02
   2.1467700e-02
   1.0123100e-02
  -3.8919200e-03
  -1.9767400e-02
  -3.2600200e-02
  -4.2847300e-02
  -5.1410400e-02
  -5.6508600e-02
  -5.9905400e-02
  -6.5800200e-02
  -7.5189400e-02
  -8.3937200e-02
  -8.8155000e-02
  -8.7281100e-02
  -7.5623700e-02
  -5.5445300e-02
  -3.2517900e-02
  -1.0160700e-02
   7.8900600e-03
   2.4148700e-02
   4.0902000e-02
   5.7608400e-02
   7.3170300e-02
   7.9643000e-02
   7.8013900e-02
   7.1763200e-02
   6.4577100e-02
   5.6109900e-02
   4.5463900e-02
   3.4517100e-02
   2.2968500e-02
   1.2353100e-02
   5.1905200e-03
  -2.1189800e-03
  -1.2018300e-02
  -1.9313500e-02
  -2.7187100e-02
  -3.2790100e-02
  -3.3499200e-02
  -3.3302500e-02
  -3.4239100e-02
  -3.6431200e-02
  -3.5256400e-02
  -3.0998000e-02
  -2.4760900e-02
  -1.7664000e-02
  -7.6222300e-03
   6.1037300e-03
   1.5780300e-02
   1.9000300e-02
   1.1974300e-02
   1.0949000e-04
  -1.2900800e-02
  -2.7938800e-02
  -3.5007600e-02
  -3.5966600e-02
  -3.5608700e-02
  -3.9007600e-02
  -4.7199300e-02
  -5.7950300e-02
  -6.6209400e-02
  -7.0355900e-02
  -7.3968900e-02
  -7.1656800e-02
  -6.5992900e-02
  -5.6610100e-02
  -4.8187100e-02
  -3.5150600e-02
  -1.6951900e-02
   6.8016500e-03
   3.1005100e-02
   4.9382200e-02
   6.6413000e-02
   7.6217100e-02
   8.0481500e-02
   7.6658400e-02
   6.8828700e-02
   6.1094900e-02
   5.5052300e-02
   5.0980300e-02
   4.9911200e-02
   4.5219000e-02
   3.4516000e-02
   2.6539400e-02
   2.0871100e-02
   1.6448200e-02
   1.4410100e-02
   1.3597000e-02
   1.0601100e-02
   6.4189800e-03
  -1.0305400e-04
  -2.8357900e-03
  -3.8049400e-03
  -5.2626700e-03
  -6.4256200e-03
  -1.1356500e-02
  -1.9870500e-02
  -2.8034800e-02
  -3.3970300e-02
  -3.5911500e-02
  -3.6035100e-02
  -3.7980400e-02
  -3.9114700e-02
  -3.7289100e-02
  -2.6062100e-02
  -9.1873500e-03
   9.9640300e-03
   2.4065400e-02
   3.1908000e-02
   3.7354700e-02
   4.1491700e-02
   4.7108700e-02
   5.1451700e-02
   5.2451200e-02
   4.5770000e-02
   3.4185800e-02
   2.8205400e-02
   2.8077700e-02
   2.5870300e-02
   2.1431100e-02
   1.3958500e-02
   7.1774200e-03
   4.4630700e-03
   3.0134500e-04
  -3.9460600e-03
  -8.4902800e-03
  -1.1417800e-02
  -1.2658200e-02
  -1.4009900e-02
  -1.3121600e-02
  -1.1280600e-02
  -1.0970600e-02
  -7.0294600e-03
   9.1214400e-04
   7.9418700e-03
   1.2773500e-02
   1.6141400e-02
   1.7120500e-02
   1.4786600e-02
   8.4972100e-03
  -8.5527600e-04
  -6.4409000e-03
  -1.1518600e-02
  -1.5123300e-02
  -1.5966000e-02
  -1.8009100e-02
  -1.5929500e-02
  -1.1682300e-02
  -7.9430600e-03
  -3.9763800e-03
  -1.4315800e-03
  -8.9617100e-04
  -1.3889300e-03
  -5.1181400e-03
  -8.5229900e-03
  -1.1200600e-02
  -1.1424000e-02
  -1.1625100e-02
  -1.0972400e-02
  -7.0770700e-03
  -5.7991000e-03
  -7.0282800e-03
  -1.4012300e-02
  -2.3233200e-02
  -3.2888600e-02
  -4.1701500e-02
  -4.5807000e-02
  -4.6951600e-02
  -4.4663800e-02
  -3.4794300e-02
  -2.2567700e-02
  -1.3137800e-02
  -5.4664800e-03
  -6.7686700e-05
   5.3606900e-03
   9.3896200e-03
   1.3801100e-02
   2.0562600e-02
   2.1717200e-02
   2.0795000e-02
   2.3495900e-02
   2.8360200e-02
   3.3000200e-02
   3.1886300e-02
   2.8156100e-02
   2.2352200e-02
   1.6865600e-02
   6.6451400e-03
  -1.8504800e-03
  -2.9613100e-03
   4.9191600e-03
   1.7619100e-02
   2.6206500e-02
   3.4002300e-02
   4.0244700e-02
   4.0826000e-02
   3.9205200e-02
   3.7796500e-02
   3.0323000e-02
   1.7775900e-02
   3.6560400e-03
  -4.4274800e-03
  -4.5172700e-03
   1.0484600e-05
   3.3407600e-03
   4.2189600e-03
   3.1693600e-03
   4.7636000e-03
   7.6216200e-03
   5.4867500e-03
   1.9718200e-03
  -1.7552800e-03
  -5.3528300e-03
  -6.1861800e-03
  -8.1313200e-03
  -1.5506900e-02
  -2.2723500e-02
  -2.6569900e-02
  -2.5787500e-02
  -2.0421300e-02
  -1.6999200e-02
  -1.5162200e-02
  -1.0107100e-02
  -4.4664500e-03
   9.8954100e-04
   5.5214100e-03
   5.6907400e-03
  -5.9243900e-04
  -1.4315500e-02
  -2.7564300e-02
  -3.8703700e-02
  -4.7062500e-02
  -4.9436000e-02
  -4.5747700e-02
  -4.0178500e-02
  -3.6262700e-02
  -3.4668400e-02
  -3.0451700e-02
  -2.4634600e-02
  -1.8480900e-02
  -1.1744800e-02
  -7.8666800e-03
  -5.5950900e-03
  -2.1341900e-03
   5.8147200e-03
   1.4924400e-02
   2.3309900e-02
   2.9120800e-02
   3.2867400e-02
   3.6218100e-02
   3.8726300e-02
   3.9846400e-02
   4.1812000e-02
   4.2802500e-02
   4.5926800e-02
   4.8191200e-02
   4.7996500e-02
   4.8229100e-02
   4.4867300e-02
   3.9836700e-02
   3.4149300e-02
   2.8149700e-02
   2.3466000e-02
   1.8634300e-02
   1.3382400e-02
   6.9554800e-03
  -2.1173300e-03
  -1.3735000e-02
  -2.3982900e-02
  -3.3259700e-02
  -3.9969100e-02
  -4.4907900e-02
  -4.4635400e-02
  -4.3513300e-02
  -4.5368600e-02
  -4.8505000e-02
  -5.2134000e-02
  -5.3011100e-02
  -5.3430200e-02
  -4.6475800e-02
  -3.2851500e-02
  -1.9861700e-02
  -1.2998000e-02
  -1.2758100e-02
  -1.3597500e-02
  -1.2025500e-02
  -8.4992500e-03
  -4.3181300e-03
   1.8632400e-04
   2.0908100e-03
   6.9145300e-03
   1.7011700e-02
   2.7742200e-02
   4.0279200e-02
   4.6703300e-02
   4.6754400e-02
   3.9239200e-02
   2.5068500e-02
   1.0334800e-02
   1.4171000e-03
  -5.6765300e-04
   1.7020200e-03
   8.9839700e-03
   1.3739400e-02
   1.5779600e-02
   1.4086500e-02
   1.1408200e-02
   8.7951400e-03
   8.3924300e-03
   8.0192900e-03
   4.5678000e-03
  -2.0560100e-04
  -7.6911800e-03
  -1.3813000e-02
  -2.0998700e-02
  -2.6698300e-02
  -3.0036500e-02
  -3.2426200e-02
  -3.3346000e-02
  -3.1797400e-02
