  -8.9011900e-02
  -8.0064400e-02
  -7.2110100e-02
  -6.3418900e-02
  -5.2945300e-02
  -4.1268600e-02
  -2.9639600e-02
  -1.8701900e-02
  -8.2596000e-03
   1.9274900e-03
   1.1557800e-02
   2.0199200e-02
   2.7928200e-02
   3.4786800e-02
   4.0215100e-02
   4.3578300e-02
   4.5093100e-02
   4.5812800e-02
   4.6959000e-02
   4.9410900e-02
   5.3408000e-02
   5.8591900e-02
   6.4087500e-02
   6.8786000e-02
   7.2410600e-02
   7.6102500e-02
   8.1647500e-02
   9.0273900e-02
   1.0104500e-01
   1.1123000e-01
   1.1965500e-01
   1.2739500e-01
   1.3510100e-01
   1.4221700e-01
   1.4822900e-01
   1.5318500e-01
   1.5738300e-01
   1.6098400e-01
   1.6368900e-01
   1.6467400e-01
   1.6318200e-01
   1.5911000e-01
   1.5276900e-01
   1.4406400e-01
   1.3185300e-01
   1.1533800e-01
   9.5154200e-02
   7.1287500e-02
   4.2608100e-02
   1.0207000e-02
  -2.3700500e-02
  -5.9292200e-02
  -9.5015100e-02
  -1.2645200e-01
  -1.5081500e-01
  -1.6659700e-01
  -1.7436200e-01
  -1.7795000e-01
  -1.8061500e-01
  -1.8260800e-01
  -1.8339300e-01
  -1.8331900e-01
  -1.8267500e-01
  -1.8075100e-01
  -1.7626200e-01
  -1.6851600e-01
  -1.5823400e-01
  -1.4741800e-01
  -1.3746700e-01
  -1.2812000e-01
  -1.1868000e-01
  -1.0913400e-01
  -1.0020000e-01
  -9.2701300e-02
  -8.6738400e-02
  -8.1814000e-02
  -7.7911400e-02
  -7.5618100e-02
  -7.5069300e-02
  -7.5562900e-02
  -7.6235800e-02
  -7.6582900e-02
  -7.6530400e-02
  -7.6314000e-02
  -7.5676700e-02
  -7.3438300e-02
  -6.8567400e-02
  -6.1292400e-02
  -5.2857900e-02
  -4.4416700e-02
  -3.6394000e-02
  -2.8334800e-02
  -1.9207700e-02
  -8.8585600e-03
   1.5000500e-03
   1.1194800e-02
   2.1192700e-02
   3.3267500e-02
   4.9414000e-02
   7.0655800e-02
   9.5261800e-02
   1.1978600e-01
   1.4247600e-01
   1.6359900e-01
   1.8233600e-01
   1.9653800e-01
   2.0522400e-01
   2.0928400e-01
   2.1007300e-01
   2.0772300e-01
   2.0146400e-01
   1.9126700e-01
   1.7816300e-01
   1.6333800e-01
   1.4783900e-01
   1.3281700e-01
   1.1846800e-01
   1.0400100e-01
   9.0088700e-02
   7.8615000e-02
   6.9637900e-02
   6.0944000e-02
   4.9434400e-02
   3.2599400e-02
   1.1059100e-02
  -1.2304000e-02
  -3.5243200e-02
  -5.5085600e-02
  -6.9138300e-02
  -7.7426500e-02
  -8.2294400e-02
  -8.5669700e-02
  -8.7717000e-02
  -8.8143200e-02
  -8.7494800e-02
  -8.6938300e-02
  -8.7280400e-02
  -8.8569300e-02
  -9.0552000e-02
  -9.2549900e-02
  -9.3426600e-02
  -9.2356200e-02
  -8.8585000e-02
  -8.0570900e-02
  -6.7053800e-02
  -4.6723600e-02
  -1.9103100e-02
   1.0929400e-02
   3.7256000e-02
   5.8649500e-02
   7.5786100e-02
   8.7488100e-02
   9.0929500e-02
   8.4487600e-02
   7.0221600e-02
   5.3016900e-02
   3.6955600e-02
   2.3545800e-02
   1.3212200e-02
   5.7967000e-03
   4.7855600e-05
  -5.2489700e-03
  -1.0848900e-02
  -1.7837700e-02
  -2.6804000e-02
  -3.7725200e-02
  -5.1087700e-02
  -6.6695000e-02
  -8.2825400e-02
  -9.8971500e-02
  -1.1609600e-01
  -1.3286800e-01
  -1.4656800e-01
  -1.5679900e-01
  -1.6444400e-01
  -1.6959400e-01
  -1.7185700e-01
  -1.7069700e-01
  -1.6576000e-01
  -1.5673800e-01
  -1.4353300e-01
  -1.2769000e-01
  -1.1123200e-01
  -9.4057800e-02
  -7.4825800e-02
  -5.3223300e-02
  -3.0501600e-02
  -9.3451700e-03
   7.8340500e-03
   2.0799400e-02
   3.0376700e-02
   3.7233000e-02
   4.1779500e-02
   4.4178300e-02
   4.4852200e-02
   4.4928200e-02
   4.6057700e-02
   4.9646600e-02
   5.6458300e-02
   6.7653900e-02
   8.4719900e-02
   1.0746300e-01
   1.3277000e-01
   1.5735400e-01
   1.8113200e-01
   2.0378200e-01
   2.2274800e-01
   2.3681200e-01
   2.4634600e-01
   2.5206100e-01
   2.5534200e-01
   2.5720000e-01
   2.5748800e-01
   2.5568000e-01
   2.5143500e-01
   2.4447900e-01
   2.3451700e-01
   2.2179100e-01
   2.0686600e-01
   1.8996600e-01
   1.7043500e-01
   1.4671000e-01
   1.1458000e-01
   7.3803800e-02
   3.3799900e-02
  -1.1914900e-03
  -3.5471400e-02
  -7.0211600e-02
  -1.0198300e-01
  -1.2716200e-01
  -1.4578100e-01
  -1.6051000e-01
  -1.7291200e-01
  -1.8262400e-01
  -1.8914900e-01
  -1.9259600e-01
  -1.9291300e-01
  -1.8968600e-01
  -1.8185000e-01
  -1.6756100e-01
  -1.4549600e-01
  -1.1592600e-01
  -8.1186100e-02
  -4.3566600e-02
  -3.6127300e-03
   3.6175500e-02
   7.1380900e-02
   1.0139600e-01
   1.3046600e-01
   1.6132800e-01
   1.8984800e-01
   2.0954500e-01
   2.1932900e-01
   2.2271000e-01
   2.2254900e-01
   2.1909200e-01
   2.1184600e-01
   2.0217600e-01
   1.9237600e-01
   1.8288000e-01
   1.7253000e-01
   1.6079900e-01
   1.4795900e-01
   1.3403400e-01
   1.1907600e-01
   1.0388500e-01
   8.8102600e-02
   6.8927100e-02
   4.5014900e-02
   1.7919300e-02
  -1.1436700e-02
  -4.4268300e-02
  -8.1378100e-02
  -1.2066600e-01
  -1.5968700e-01
  -1.9635700e-01
  -2.2853000e-01
  -2.5612500e-01
  -2.7858200e-01
  -2.9377100e-01
  -3.0201600e-01
  -3.0540600e-01
  -3.0394800e-01
  -2.9682000e-01
  -2.8544100e-01
  -2.7268000e-01
  -2.5971300e-01
  -2.4530300e-01
  -2.2800400e-01
  -2.0808900e-01
  -1.8722300e-01
  -1.6660100e-01
  -1.4703200e-01
  -1.2836400e-01
  -1.0804800e-01
  -8.3930300e-02
  -5.7337800e-02
  -3.0933700e-02
  -4.1208600e-03
   2.5725800e-02
   5.8308500e-02
   9.1444100e-02
   1.2266900e-01
   1.4914700e-01
   1.7029100e-01
   1.8648900e-01
   1.9651000e-01
   1.9955400e-01
   1.9627300e-01
   1.8719700e-01
   1.7255600e-01
   1.5340800e-01
   1.3156400e-01
   1.0704900e-01
   8.0641100e-02
   5.7970300e-02
   4.2270300e-02
   3.0495200e-02
   1.9399600e-02
   8.7235500e-03
  -2.0552800e-04
  -7.0253400e-03
  -1.2755600e-02
  -1.8544200e-02
  -2.5210900e-02
  -3.2715200e-02
  -3.9518700e-02
  -4.4005500e-02
  -4.6301300e-02
  -4.8134400e-02
  -5.0511700e-02
  -5.2241700e-02
  -5.1574000e-02
  -4.7741400e-02
  -4.0672000e-02
  -3.0449400e-02
  -1.7798000e-02
  -2.8994200e-03
   1.4623400e-02
   3.2906400e-02
   4.8525900e-02
   5.9680500e-02
   6.6864600e-02
   7.0133400e-02
   6.8144200e-02
   6.0478500e-02
   4.8050300e-02
   3.2237900e-02
   1.4507600e-02
  -3.7505900e-03
  -2.1676200e-02
  -3.9087800e-02
  -5.5628400e-02
  -7.1010100e-02
  -8.5953800e-02
  -1.0110600e-01
  -1.1565200e-01
  -1.2826700e-01
  -1.3862400e-01
  -1.4728900e-01
  -1.5341900e-01
  -1.5551500e-01
  -1.5225200e-01
  -1.4137100e-01
  -1.2187500e-01
  -9.4598100e-02
  -6.3494700e-02
  -3.5335200e-02
  -1.3619300e-02
   3.3292600e-03
   1.7768700e-02
   2.9265200e-02
   3.6644700e-02
   4.0785200e-02
   4.3932300e-02
   4.7795100e-02
   5.3084500e-02
   5.9910300e-02
   6.8312600e-02
   7.8630000e-02
   9.1386100e-02
   1.0543800e-01
   1.1889600e-01
   1.3165600e-01
   1.4331500e-01
   1.5185600e-01
   1.5559800e-01
   1.5420400e-01
   1.4784800e-01
   1.3689600e-01
   1.2210900e-01
   1.0520600e-01
   8.9949300e-02
   7.9582100e-02
   7.4317700e-02
   7.2442900e-02
   7.1773700e-02
   7.1090500e-02
   6.9678000e-02
   6.5475800e-02
   5.6024400e-02
   4.0110900e-02
   1.8065400e-02
  -6.5059200e-03
  -2.9525300e-02
  -5.0841300e-02
  -7.1136200e-02
  -8.9094700e-02
  -1.0257800e-01
  -1.1115900e-01
  -1.1719400e-01
  -1.2324300e-01
  -1.3026900e-01
  -1.3799300e-01
  -1.4521400e-01
  -1.5229000e-01
  -1.6062500e-01
  -1.6893000e-01
  -1.7525100e-01
  -1.7836300e-01
  -1.7842200e-01
  -1.7695500e-01
  -1.7450200e-01
  -1.7107300e-01
  -1.6648000e-01
  -1.6065600e-01
  -1.5405100e-01
  -1.4726700e-01
  -1.4003600e-01
  -1.3064400e-01
  -1.1902700e-01
  -1.0739600e-01
  -9.7276200e-02
  -8.8819100e-02
  -8.1104600e-02
  -7.4830900e-02
  -7.1641000e-02
  -7.1510600e-02
  -7.4025500e-02
  -7.7685700e-02
  -8.0793500e-02
  -8.2566300e-02
  -8.2703400e-02
  -8.1044300e-02
  -7.7084700e-02
  -7.0253900e-02
  -5.9860800e-02
  -4.5771700e-02
  -2.6875200e-02
  -3.7688000e-03
   1.8422400e-02
   3.5607200e-02
   4.7102600e-02
   5.2758000e-02
   5.0385500e-02
   3.7907100e-02
   1.7564400e-02
  -5.2318200e-03
  -2.6919100e-02
  -4.8662000e-02
  -7.2257800e-02
  -9.5575900e-02
  -1.1504200e-01
  -1.2949000e-01
  -1.4051300e-01
  -1.4942600e-01
  -1.5591900e-01
  -1.6028600e-01
  -1.6365000e-01
  -1.6676700e-01
  -1.6995300e-01
  -1.7304200e-01
  -1.7559200e-01
  -1.7720900e-01
  -1.7793400e-01
  -1.7766000e-01
  -1.7652600e-01
  -1.7496400e-01
  -1.7273700e-01
  -1.6957100e-01
  -1.6494200e-01
  -1.5868500e-01
  -1.5103400e-01
  -1.4185100e-01
  -1.3095900e-01
  -1.1820300e-01
  -1.0279400e-01
  -8.3460300e-02
  -5.9655300e-02
  -3.3118500e-02
  -6.1696200e-03
   2.0788800e-02
   4.7112100e-02
   7.1706900e-02
   9.4236700e-02
   1.1390900e-01
   1.2992900e-01
   1.4317200e-01
   1.5541300e-01
   1.6706100e-01
   1.7709200e-01
   1.8452100e-01
   1.8918000e-01
   1.9156900e-01
   1.9190800e-01
   1.8988600e-01
   1.8458100e-01
   1.7451200e-01
   1.5888800e-01
   1.3692900e-01
   1.0675600e-01
   7.0000000e-02
   3.1822300e-02
  -5.2564500e-03
  -4.0241400e-02
  -7.0926800e-02
  -9.5784600e-02
  -1.1592100e-01
  -1.3231900e-01
  -1.4290900e-01
  -1.4466600e-01
  -1.3657000e-01
  -1.1962000e-01
  -9.6271800e-02
  -7.0718200e-02
  -4.7487900e-02
  -2.8599200e-02
  -1.1627900e-02
   6.0160000e-03
   2.2493200e-02
   3.4877000e-02
   4.2364400e-02
   4.5993000e-02
   4.7109200e-02
   4.6248200e-02
   4.3667100e-02
   3.8932100e-02
   3.2835800e-02
   2.8247500e-02
   2.6859200e-02
   2.9288500e-02
   3.6150100e-02
   4.6839800e-02
   6.0006700e-02
   7.3921600e-02
   8.7487300e-02
   1.0144300e-01
   1.1487300e-01
   1.2628400e-01
   1.3639200e-01
   1.4605800e-01
   1.5600800e-01
   1.6579800e-01
   1.7420600e-01
   1.8184000e-01
   1.9017500e-01
   1.9799900e-01
   2.0162600e-01
   1.9830700e-01
   1.8706300e-01
   1.6832000e-01
   1.4415500e-01
   1.1590400e-01
   8.4210100e-02
   5.1373900e-02
   1.9012700e-02
  -1.1292900e-02
  -3.8749800e-02
  -6.3691500e-02
  -8.5260400e-02
  -1.0360100e-01
  -1.1938500e-01
  -1.3319700e-01
  -1.4620500e-01
  -1.5803800e-01
  -1.6618900e-01
  -1.6791000e-01
  -1.6324900e-01
  -1.5495600e-01
  -1.4395100e-01
  -1.2997800e-01
  -1.1256500e-01
  -9.0585000e-02
  -6.4568200e-02
  -3.6707600e-02
  -9.7720500e-03
   1.5541400e-02
   4.0641000e-02
   6.6232100e-02
   9.1989000e-02
   1.1708400e-01
   1.4154100e-01
   1.6563100e-01
   1.8775000e-01
   2.0548400e-01
   2.1826300e-01
   2.2674100e-01
   2.3218000e-01
   2.3698400e-01
   2.4156600e-01
   2.4516400e-01
   2.4763600e-01
   2.4856700e-01
   2.4901800e-01
   2.4926300e-01
   2.4871300e-01
   2.4792700e-01
   2.4640600e-01
   2.4370500e-01
   2.3945500e-01
   2.3283600e-01
   2.2430300e-01
   2.1506200e-01
   2.0478900e-01
   1.9207100e-01
   1.7678500e-01
   1.5960800e-01
   1.4129600e-01
   1.2110000e-01
   9.9021100e-02
   7.8689000e-02
   6.2075600e-02
   4.8261700e-02
   3.6940500e-02
   2.6997800e-02
   1.7306600e-02
   8.8928700e-03
   2.4801800e-03
  -3.2517200e-03
  -9.1888100e-03
  -1.4839400e-02
  -2.0598300e-02
  -2.5984500e-02
  -3.0526800e-02
  -3.5226600e-02
  -3.9780200e-02
  -4.3615100e-02
  -4.5973800e-02
  -4.6024000e-02
  -4.2293000e-02
  -3.3729600e-02
  -2.1505700e-02
  -5.3414000e-03
   1.4010600e-02
   3.4522300e-02
   5.4566000e-02
   7.1795700e-02
   8.3965700e-02
   9.1505500e-02
   9.7467300e-02
   1.0115400e-01
   1.0037400e-01
   9.5664100e-02
   8.8928700e-02
   8.2483400e-02
   7.7692700e-02
   7.6198500e-02
   7.8054900e-02
   8.1245600e-02
   8.5507600e-02
   9.0509200e-02
   9.6281700e-02
   1.0292500e-01
   1.0934300e-01
   1.1513000e-01
   1.2065300e-01
   1.2558400e-01
   1.2855400e-01
   1.2884100e-01
   1.2640500e-01
   1.2012900e-01
   1.0879700e-01
   9.4363500e-02
   8.1028400e-02
   7.0315400e-02
   5.9765300e-02
   4.9323800e-02
   3.9429900e-02
   2.8904600e-02
   1.8290700e-02
   8.2898300e-03
  -1.5790500e-03
  -1.2703500e-02
  -2.4738200e-02
  -3.5993400e-02
  -4.5025700e-02
  -5.1695300e-02
  -5.8158400e-02
  -6.6361600e-02
  -7.5896100e-02
  -8.7261800e-02
  -1.0056600e-01
  -1.1382100e-01
  -1.2618900e-01
  -1.3671700e-01
  -1.4503700e-01
  -1.5117200e-01
  -1.5261900e-01
  -1.4873700e-01
  -1.4230600e-01
  -1.3550800e-01
  -1.3017600e-01
  -1.2779900e-01
  -1.2875400e-01
  -1.3234500e-01
  -1.3782000e-01
  -1.4495400e-01
  -1.5329100e-01
  -1.6058700e-01
  -1.6430100e-01
  -1.6425000e-01
  -1.5997900e-01
  -1.5088600e-01
  -1.3665000e-01
  -1.1776300e-01
  -9.5783800e-02
  -7.1064200e-02
  -4.3368400e-02
  -1.3486800e-02
   1.5538400e-02
   4.2666500e-02
   6.8850700e-02
   9.3138700e-02
   1.1331900e-01
   1.2851900e-01
   1.4081400e-01
   1.5163600e-01
   1.6045700e-01
   1.6668600e-01
   1.7141900e-01
   1.7547000e-01
   1.7853300e-01
   1.8084500e-01
   1.8242700e-01
   1.8369000e-01
   1.8511200e-01
   1.8587400e-01
   1.8580300e-01
   1.8483600e-01
   1.8167400e-01
   1.7641400e-01
   1.6880500e-01
   1.5676900e-01
   1.3953600e-01
   1.1874400e-01
   9.6367000e-02
   7.1841000e-02
   4.3660300e-02
   1.4689300e-02
  -1.2948200e-02
  -4.3118600e-02
  -7.8309300e-02
  -1.1344600e-01
  -1.4208800e-01
  -1.6404900e-01
  -1.8037200e-01
  -1.9178500e-01
  -2.0030900e-01
  -2.0663000e-01
  -2.1025500e-01
  -2.1036300e-01
  -2.0729100e-01
  -2.0220200e-01
  -1.9651200e-01
  -1.9128800e-01
  -1.8722000e-01
  -1.8495600e-01
  -1.8406900e-01
  -1.8351200e-01
  -1.8237500e-01
  -1.7937500e-01
  -1.7316800e-01
  -1.6337400e-01
  -1.4986500e-01
  -1.3414200e-01
  -1.1782200e-01
  -9.9888000e-02
  -7.8714900e-02
  -5.4352700e-02
  -2.8888000e-02
  -2.7409700e-03
   2.5373200e-02
   5.4382400e-02
   8.2839900e-02
   1.1024100e-01
   1.3461300e-01
   1.5461300e-01
   1.7035100e-01
   1.7979300e-01
   1.7994600e-01
   1.7013900e-01
   1.5009600e-01
   1.1775200e-01
   7.3471000e-02
   2.6252300e-02
  -1.3840700e-02
  -4.7725500e-02
  -7.9723200e-02
  -1.0908600e-01
  -1.3425100e-01
  -1.5530800e-01
  -1.7218000e-01
  -1.8545800e-01
  -1.9709600e-01
  -2.0793900e-01
  -2.1772500e-01
  -2.2597100e-01
  -2.3265300e-01
  -2.3831200e-01
  -2.4428500e-01
  -2.5213800e-01
  -2.6216800e-01
  -2.7351300e-01
  -2.8476000e-01
  -2.9434000e-01
  -3.0083800e-01
  -3.0225300e-01
  -2.9488900e-01
  -2.7716400e-01
  -2.5147800e-01
  -2.2075900e-01
  -1.8655100e-01
  -1.5017500e-01
  -1.1152400e-01
  -6.7464000e-02
  -1.8765100e-02
   2.8539400e-02
   7.0932600e-02
   1.1150000e-01
   1.5314000e-01
   1.9015900e-01
   2.1666600e-01
   2.3248100e-01
   2.3781300e-01
   2.3041200e-01
   2.0782500e-01
   1.7300900e-01
   1.3121100e-01
   8.6071500e-02
   4.1605400e-02
  -7.8569800e-04
  -4.2292000e-02
  -8.1518400e-02
  -1.1430100e-01
  -1.3802500e-01
  -1.5432100e-01
  -1.6630300e-01
  -1.7470600e-01
  -1.7934200e-01
  -1.8039300e-01
  -1.7750400e-01
  -1.7087400e-01
  -1.6139100e-01
  -1.4981900e-01
  -1.3602700e-01
  -1.1953500e-01
  -1.0020800e-01
  -7.7938100e-02
  -5.3147500e-02
  -2.5435000e-02
   4.5973700e-03
   3.4080000e-02
   6.1390600e-02
   8.7105400e-02
   1.1199300e-01
   1.3422900e-01
   1.5259000e-01
   1.6862900e-01
   1.8319800e-01
   1.9535200e-01
   2.0364600e-01
   2.0734600e-01
   2.0699600e-01
   2.0367500e-01
   1.9810900e-01
   1.9081500e-01
   1.8179200e-01
   1.7178300e-01
   1.6073600e-01
   1.4791700e-01
   1.3461300e-01
   1.2149700e-01
   1.0861900e-01
   9.6442400e-02
   8.4350000e-02
   7.1788500e-02
   6.0304600e-02
   5.2151000e-02
   4.7968500e-02
   4.6540100e-02
   4.6511300e-02
   4.7646400e-02
   4.9707700e-02
   5.1269400e-02
   5.0272000e-02
   4.4827100e-02
   3.3429300e-02
   1.6503600e-02
  -3.5882300e-03
  -2.5645000e-02
  -4.9788700e-02
  -7.5903600e-02
  -1.0327900e-01
  -1.2914600e-01
  -1.5085400e-01
  -1.6840000e-01
  -1.8218400e-01
  -1.9197500e-01
  -1.9799000e-01
  -2.0069000e-01
  -2.0027100e-01
  -1.9666600e-01
  -1.8977500e-01
  -1.8092900e-01
  -1.7257900e-01
  -1.6464200e-01
  -1.5554100e-01
  -1.4417700e-01
  -1.2991300e-01
  -1.1232800e-01
  -8.9408400e-02
  -5.8761100e-02
  -2.0054200e-02
   2.3360700e-02
   6.6988900e-02
   1.0955400e-01
   1.5378900e-01
   2.0084500e-01
   2.4557400e-01
   2.8247600e-01
   3.1034500e-01
   3.3132300e-01
   3.4801500e-01
   3.5967600e-01
   3.6397800e-01
   3.6100700e-01
   3.5132100e-01
   3.3474000e-01
   3.1275900e-01
   2.8644500e-01
   2.5536000e-01
   2.1921100e-01
   1.7727000e-01
   1.2648900e-01
   6.4040700e-02
  -4.9487800e-03
  -6.7873000e-02
  -1.1765300e-01
  -1.6034000e-01
  -2.0295200e-01
  -2.4394000e-01
  -2.7860100e-01
  -3.0365700e-01
  -3.1909200e-01
  -3.2762700e-01
  -3.3093300e-01
  -3.2639200e-01
  -3.0975700e-01
  -2.8090500e-01
  -2.4256000e-01
  -1.9884400e-01
  -1.5730100e-01
  -1.2117800e-01
  -8.5696300e-02
  -4.7997100e-02
  -1.0044700e-02
   2.6149400e-02
   5.9853700e-02
   9.0520000e-02
   1.1742600e-01
   1.4173900e-01
   1.6441000e-01
   1.8271400e-01
   1.9523400e-01
   2.0418400e-01
   2.1252500e-01
   2.2210000e-01
   2.3297200e-01
   2.4388000e-01
   2.5355400e-01
   2.6106100e-01
   2.6526100e-01
   2.6591800e-01
   2.6286200e-01
   2.5538000e-01
   2.4191100e-01
   2.2136100e-01
   1.9582100e-01
   1.6745300e-01
   1.3489500e-01
   9.4253300e-02
   4.5366100e-02
  -4.3708000e-03
  -5.0032700e-02
  -9.4265600e-02
  -1.3845400e-01
  -1.8135400e-01
  -2.2201500e-01
  -2.5701000e-01
  -2.8345700e-01
  -3.0327000e-01
  -3.1799100e-01
  -3.2622600e-01
  -3.2695400e-01
  -3.2054900e-01
  -3.0798200e-01
  -2.9053400e-01
  -2.6961000e-01
  -2.4532400e-01
  -2.1749100e-01
  -1.8894000e-01
  -1.6364100e-01
  -1.4258800e-01
  -1.2458300e-01
  -1.0894300e-01
  -9.5089000e-02
  -8.1954000e-02
  -6.9315400e-02
  -5.8867000e-02
  -5.1650600e-02
  -4.6148100e-02
  -4.0977700e-02
  -3.5761100e-02
  -3.0482600e-02
  -2.5100500e-02
  -1.9115800e-02
  -1.1886300e-02
  -3.3182400e-03
   6.1742100e-03
   1.6342600e-02
   2.6579700e-02
   3.5971100e-02
   4.3994400e-02
   5.0621200e-02
   5.5626300e-02
   5.8337000e-02
   5.8308100e-02
   5.4951800e-02
   4.8288500e-02
   3.9723200e-02
   3.1311000e-02
   2.4224200e-02
   1.8223700e-02
   1.3167600e-02
   9.2528200e-03
   6.2652700e-03
   3.2301400e-03
  -7.2569700e-04
  -6.1772800e-03
  -1.4255100e-02
  -2.4993600e-02
  -3.7459900e-02
  -5.1606400e-02
  -6.6940600e-02
  -8.1190900e-02
  -9.1774200e-02
  -9.7688800e-02
  -1.0005300e-01
  -1.0046200e-01
  -9.8530900e-02
  -9.3539000e-02
  -8.5874700e-02
  -7.6833700e-02
  -6.7788200e-02
  -5.9080700e-02
  -5.1231600e-02
  -4.4419100e-02
  -3.8473400e-02
  -3.3388500e-02
  -2.8713700e-02
  -2.4161800e-02
  -1.9390300e-02
  -1.3993800e-02
  -7.9169100e-03
  -1.3909500e-03
   4.9060000e-03
   1.0838800e-02
   1.7462300e-02
   2.6088200e-02
   3.7462800e-02
   5.0805300e-02
   6.3868500e-02
   7.5984000e-02
   8.7725200e-02
   9.8474100e-02
   1.0726700e-01
   1.1399400e-01
   1.1907300e-01
   1.2198400e-01
   1.2107300e-01
   1.1390600e-01
   9.8354600e-02
   7.5245900e-02
   4.9241600e-02
   2.4473400e-02
   5.9346100e-04
  -2.5034500e-02
  -5.2809900e-02
  -7.9010200e-02
  -9.9111800e-02
  -1.1257800e-01
  -1.2198000e-01
  -1.2835500e-01
  -1.3081300e-01
  -1.2881100e-01
  -1.2295300e-01
  -1.1489900e-01
  -1.0615100e-01
  -9.7086400e-02
  -8.7459100e-02
  -7.7378800e-02
  -6.7421200e-02
  -5.7994400e-02
  -4.9068500e-02
  -4.0602800e-02
  -3.3737600e-02
  -2.9350200e-02
  -2.6218200e-02
  -2.2567600e-02
  -1.7169900e-02
  -9.8836700e-03
  -1.3298000e-03
   8.1619000e-03
   1.9272100e-02
   3.2954700e-02
   4.7606700e-02
   6.0526500e-02
   7.2125300e-02
   8.4409200e-02
   9.6738500e-02
   1.0640700e-01
   1.1267200e-01
   1.1800300e-01
   1.2454400e-01
   1.3164100e-01
   1.3837300e-01
   1.4457200e-01
   1.4992300e-01
   1.5462600e-01
   1.5804600e-01
   1.5918700e-01
   1.5728900e-01
   1.5026200e-01
   1.3399200e-01
   1.0357700e-01
   6.2778600e-02
   2.4291300e-02
  -4.5530100e-03
  -2.4570200e-02
  -3.8157100e-02
  -4.6956600e-02
  -5.1860300e-02
  -5.3360400e-02
  -5.1137100e-02
  -4.3582700e-02
  -3.0732300e-02
  -1.5110500e-02
   2.7299600e-03
   2.2914300e-02
   4.3665000e-02
   6.3489800e-02
   8.0894200e-02
   9.4863600e-02
   1.0612600e-01
   1.1542300e-01
   1.2286200e-01
   1.2850500e-01
   1.3256700e-01
   1.3561500e-01
   1.3708900e-01
   1.3567800e-01
   1.3105900e-01
   1.2447000e-01
   1.1805800e-01
   1.1152800e-01
   1.0323500e-01
   9.2653000e-02
   7.9629500e-02
   6.4552600e-02
   4.8509000e-02
   3.2549600e-02
   1.7695800e-02
   5.1480500e-03
  -5.5749500e-03
  -1.4569500e-02
  -2.1065000e-02
  -2.4841300e-02
  -2.6414500e-02
  -2.7229300e-02
  -2.7866800e-02
  -2.8493000e-02
  -2.8994600e-02
  -2.9914000e-02
  -3.0876700e-02
  -3.1015000e-02
  -3.0286200e-02
  -2.7660000e-02
  -2.2170600e-02
  -1.3118900e-02
  -1.4788100e-03
   1.1211200e-02
   2.5000300e-02
   3.9809800e-02
   5.4486500e-02
   6.8383800e-02
   8.0947700e-02
   9.1002100e-02
   9.9025300e-02
   1.0592100e-01
   1.1170100e-01
   1.1627500e-01
   1.1929700e-01
   1.1980300e-01
   1.1787900e-01
   1.1522100e-01
   1.1326100e-01
   1.1149300e-01
   1.0854700e-01
   1.0467400e-01
   1.0063900e-01
   9.6201400e-02
   9.1356600e-02
   8.6935200e-02
   8.2197400e-02
   7.6886000e-02
   7.0960200e-02
   6.4616600e-02
   5.9251800e-02
   5.5100600e-02
   5.2713700e-02
   5.1856000e-02
   5.1009500e-02
   4.9563900e-02
   4.7349700e-02
   4.3173000e-02
   3.6530200e-02
   2.7733400e-02
   1.7527600e-02
   7.4743900e-03
  -1.7739600e-03
  -1.0484000e-02
  -1.8871300e-02
  -2.6962900e-02
  -3.3819200e-02
  -3.8837700e-02
  -4.2667500e-02
  -4.5257100e-02
  -4.5707300e-02
  -4.3161700e-02
  -3.7837700e-02
  -3.0042900e-02
  -1.8646900e-02
  -3.4015700e-03
   1.4611400e-02
   3.3391800e-02
   5.0931100e-02
   6.6685100e-02
   7.9780600e-02
   9.0660800e-02
   1.0004200e-01
   1.0735300e-01
   1.1311500e-01
   1.1810000e-01
   1.2245200e-01
   1.2610000e-01
   1.2762500e-01
   1.2611900e-01
   1.2262200e-01
   1.1721500e-01
   1.0944600e-01
   9.9395600e-02
   8.6664500e-02
   7.0663100e-02
   5.3065000e-02
   3.5487500e-02
   1.7597400e-02
  -2.8191900e-04
  -1.8207100e-02
  -3.5822300e-02
  -5.2069700e-02
  -6.6328200e-02
  -7.7613800e-02
  -8.5683200e-02
  -9.1278400e-02
  -9.5174200e-02
  -9.7279700e-02
  -9.7713900e-02
  -9.6891600e-02
  -9.4746800e-02
  -9.2186400e-02
  -8.9358600e-02
  -8.6004800e-02
  -8.1944700e-02
  -7.6347400e-02
  -6.8422900e-02
  -5.7449700e-02
  -4.2385900e-02
  -2.3100200e-02
  -2.2013200e-03
   1.7969800e-02
   3.5933000e-02
   5.1285200e-02
   6.4210700e-02
   7.3428900e-02
   7.8657000e-02
   8.0971400e-02
   8.0792100e-02
   7.8549100e-02
   7.5200100e-02
   7.0750300e-02
   6.5204500e-02
   5.9750000e-02
   5.5289100e-02
   5.1247500e-02
   4.7184000e-02
   4.2798100e-02
   3.7495900e-02
   3.1831900e-02
   2.5939800e-02
   2.0200400e-02
   1.5281300e-02
   1.2032300e-02
   1.1400500e-02
   1.2799700e-02
   1.5928100e-02
   2.0104800e-02
   2.4111200e-02
   2.8413500e-02
   3.2894400e-02
   3.6513300e-02
   3.9366300e-02
   4.1008100e-02
   4.1746500e-02
   4.2432500e-02
   4.2496600e-02
   4.1689300e-02
   3.9646800e-02
   3.6511600e-02
   3.2888200e-02
   2.8178700e-02
   2.2868000e-02
   1.8095100e-02
   1.3011600e-02
   6.8350100e-03
   1.0931000e-04
  -6.9708300e-03
  -1.4834000e-02
  -2.4165700e-02
  -3.4665100e-02
  -4.4786800e-02
  -5.4439200e-02
  -6.4107000e-02
  -7.3722600e-02
  -8.3925200e-02
  -9.3967400e-02
  -1.0195600e-01
  -1.0715300e-01
  -1.1047100e-01
  -1.1278700e-01
  -1.1402200e-01
  -1.1403300e-01
  -1.1263500e-01
  -1.1020800e-01
  -1.0715500e-01
  -1.0261500e-01
  -9.6152300e-02
  -8.8530400e-02
  -7.9746200e-02
  -6.9643500e-02
  -5.9109900e-02
  -5.0138700e-02
  -4.3529000e-02
  -3.8246500e-02
  -3.3503600e-02
  -2.9269800e-02
  -2.6276700e-02
  -2.4556000e-02
  -2.3675200e-02
  -2.3560600e-02
  -2.4188200e-02
  -2.5891800e-02
  -2.8729600e-02
  -3.2722200e-02
  -3.7168700e-02
  -4.0951100e-02
  -4.3736100e-02
  -4.5330500e-02
  -4.5312700e-02
  -4.2700200e-02
  -3.7387700e-02
  -3.0320400e-02
  -2.2442300e-02
  -1.4420300e-02
  -6.3323200e-03
   1.4064300e-03
   8.3054100e-03
   1.4361300e-02
   1.9695200e-02
   2.4808500e-02
   2.9675400e-02
   3.3676000e-02
   3.6111100e-02
   3.7478800e-02
   3.8802300e-02
   3.9581600e-02
   3.9746300e-02
   3.9253000e-02
   3.7519200e-02
   3.4859500e-02
   3.0728700e-02
   2.4667100e-02
   1.7535100e-02
   9.6760500e-03
   2.0782000e-03
  -4.0757500e-03
  -9.3205800e-03
  -1.3821000e-02
  -1.6695500e-02
  -1.7997900e-02
  -1.7643500e-02
  -1.5510500e-02
  -1.2896600e-02
  -1.0101200e-02
  -6.5540100e-03
  -3.0996500e-03
  -1.5036800e-04
   2.3115800e-03
   3.8997600e-03
   4.8062600e-03
   5.6801500e-03
   6.4864800e-03
   6.9802900e-03
   7.2921800e-03
   7.4356400e-03
   7.4432300e-03
   7.3273400e-03
   7.4368400e-03
   8.1373100e-03
   9.2813700e-03
   1.0919900e-02
   1.3689100e-02
   1.7173000e-02
   2.1254800e-02
   2.5806300e-02
   2.9897700e-02
   3.3501600e-02
   3.6414600e-02
   3.8311900e-02
   3.9802200e-02
   4.0351900e-02
   3.8595700e-02
   3.5957700e-02
   3.2420300e-02
   2.6457900e-02
   1.8342400e-02
   8.2638000e-03
  -1.9207000e-03
  -1.0581300e-02
  -1.8466600e-02
  -2.6036900e-02
  -3.2840100e-02
  -3.8777700e-02
  -4.4220200e-02
  -4.8567800e-02
  -5.1307100e-02
  -5.2723600e-02
  -5.3097200e-02
  -5.2233100e-02
  -4.9545700e-02
  -4.5502900e-02
  -4.0673800e-02
  -3.5546600e-02
  -3.0699600e-02
  -2.7265300e-02
  -2.5527800e-02
  -2.4506000e-02
  -2.4779600e-02
  -2.5885100e-02
  -2.6642100e-02
  -2.7331200e-02
  -2.8050400e-02
  -2.7958000e-02
  -2.7013700e-02
  -2.6312700e-02
  -2.6258100e-02
  -2.6830000e-02
  -2.7846500e-02
  -2.9758700e-02
  -3.2977000e-02
  -3.7056300e-02
  -4.1527000e-02
  -4.5822900e-02
  -4.9398600e-02
  -5.2659000e-02
  -5.5958300e-02
  -5.8949100e-02
  -6.2254100e-02
  -6.5235900e-02
  -6.6964700e-02
  -6.8605500e-02
  -6.9968300e-02
  -7.0435200e-02
  -7.0196000e-02
  -6.9065100e-02
  -6.7014200e-02
  -6.3730000e-02
  -5.9227600e-02
  -5.4398800e-02
  -4.9286300e-02
  -4.3459400e-02
  -3.7874000e-02
  -3.2974600e-02
  -2.7836200e-02
  -2.2440700e-02
  -1.7648300e-02
  -1.3226300e-02
  -9.2602300e-03
  -6.5393400e-03
  -4.7962600e-03
  -3.9869300e-03
  -4.1587000e-03
  -4.9795900e-03
  -6.2946900e-03
  -7.8423700e-03
  -9.2614600e-03
  -1.1234900e-02
  -1.3562900e-02
  -1.5174500e-02
  -1.7152600e-02
  -1.9382900e-02
  -2.1204000e-02
  -2.3003100e-02
  -2.4238200e-02
  -2.4449900e-02
  -2.3144600e-02
  -2.0540600e-02
  -1.7196700e-02
  -1.3296000e-02
  -9.0555600e-03
  -4.5029300e-03
  -7.4155000e-04
   2.8164500e-03
   6.1512100e-03
   7.6947300e-03
   8.1200300e-03
   7.9075100e-03
   6.7600600e-03
   4.9111200e-03
   3.1663900e-03
   1.3279200e-03
  -6.1882000e-04
  -3.1399300e-03
  -6.8251700e-03
  -1.0324100e-02
  -1.2848200e-02
  -1.4054700e-02
  -1.3561100e-02
  -1.2092700e-02
  -9.8818300e-03
  -6.0961500e-03
  -8.9004100e-04
   4.2501800e-03
   8.3677200e-03
   1.1878500e-02
   1.4530800e-02
   1.6066500e-02
   1.6618200e-02
   1.5692800e-02
   1.3638600e-02
   1.0684800e-02
   6.9391100e-03
   1.4192100e-03
  -7.2804500e-03
  -1.6483900e-02
  -2.3398600e-02
  -2.8355500e-02
  -3.2806300e-02
  -3.7438600e-02
  -4.1241900e-02
  -4.3939600e-02
  -4.6645400e-02
  -4.9864800e-02
  -5.2847700e-02
  -5.6021800e-02
  -5.9480400e-02
  -6.2142500e-02
  -6.4838600e-02
  -6.7378600e-02
  -6.9349400e-02
  -7.1005300e-02
  -7.2088200e-02
  -7.2907500e-02
  -7.2871300e-02
  -7.2923200e-02
  -7.4095200e-02
  -7.5187200e-02
  -7.5369200e-02
  -7.5416200e-02
  -7.6241000e-02
  -7.6639500e-02
  -7.6465100e-02
  -7.6057100e-02
  -7.4750100e-02
  -7.2827400e-02
  -6.9421100e-02
  -6.4692000e-02
  -5.8944700e-02
  -5.0648500e-02
  -3.9315500e-02
  -2.5448700e-02
  -1.0454700e-02
   3.4289200e-03
   1.4131900e-02
   2.2102200e-02
   2.8966900e-02
   3.4976300e-02
   3.8740600e-02
   3.9939900e-02
   3.8861100e-02
   3.5272200e-02
   2.9566300e-02
   2.0147700e-02
   7.3618700e-03
  -6.1325300e-03
  -1.9338300e-02
  -3.2334100e-02
  -4.5458900e-02
  -5.6869700e-02
  -6.4587200e-02
  -6.9957200e-02
  -7.5139300e-02
  -7.9562000e-02
  -8.1943900e-02
  -8.3823900e-02
  -8.5058200e-02
  -8.4812200e-02
  -8.4472600e-02
  -8.3547100e-02
  -8.1688400e-02
  -8.0040900e-02
  -7.8398300e-02
  -7.5949400e-02
  -7.2903700e-02
  -7.0050200e-02
  -6.7637200e-02
  -6.4314400e-02
  -5.9926500e-02
  -5.5272700e-02
  -4.9743300e-02
  -4.4075100e-02
  -3.8072500e-02
  -3.1529200e-02
  -2.7026500e-02
  -2.4058800e-02
  -2.1946300e-02
  -2.1150200e-02
  -2.0043000e-02
  -1.9108400e-02
  -1.8670500e-02
  -1.8274100e-02
  -1.8645600e-02
  -1.8798800e-02
  -1.7760400e-02
  -1.6542300e-02
  -1.5225700e-02
  -1.2486700e-02
  -9.0007900e-03
  -5.0726200e-03
  -3.5413300e-04
   3.8840800e-03
   8.6263200e-03
   1.4834300e-02
   2.0696200e-02
   2.5657800e-02
   3.0148300e-02
   3.5012500e-02
   3.9288100e-02
   4.2425500e-02
   4.6240200e-02
   4.9305900e-02
   5.1659000e-02
   5.3672000e-02
   5.3913200e-02
   5.3644100e-02
   5.3235700e-02
   5.1862100e-02
   4.9425600e-02
   4.5684100e-02
   4.0313000e-02
   3.4198500e-02
   2.8791900e-02
   2.3609600e-02
   1.8132300e-02
   1.3702500e-02
   1.1358400e-02
   1.0088400e-02
   9.5595000e-03
   1.0308200e-02
   1.2146900e-02
   1.4384900e-02
   1.6216300e-02
   1.8157600e-02
   2.0159400e-02
   2.1486200e-02
   2.2129900e-02
   2.3045200e-02
   2.3945800e-02
   2.4299100e-02
   2.5436000e-02
   2.7291000e-02
   2.9321700e-02
   3.0984700e-02
   3.2044400e-02
   3.3131800e-02
   3.3638000e-02
   3.3565300e-02
   3.3249200e-02
   3.2122200e-02
   3.0628200e-02
   2.8376800e-02
   2.5703600e-02
   2.2715400e-02
   1.8711400e-02
   1.4159400e-02
   8.1635500e-03
   1.3351300e-03
  -5.6926400e-03
  -1.3122400e-02
  -1.9410800e-02
  -2.4477500e-02
  -2.9211700e-02
  -3.3426500e-02
  -3.6879900e-02
  -3.9463000e-02
  -4.1075600e-02
  -4.1455900e-02
  -4.1251700e-02
  -4.0637400e-02
  -3.9330700e-02
  -3.7830900e-02
  -3.6972500e-02
  -3.6609800e-02
  -3.6590100e-02
  -3.7793700e-02
  -3.9025900e-02
  -4.0010000e-02
  -4.1151600e-02
  -4.2024300e-02
  -4.2649700e-02
  -4.1928400e-02
  -3.9747500e-02
  -3.7767500e-02
  -3.5280000e-02
  -3.2185500e-02
  -2.9379200e-02
  -2.5790800e-02
  -2.1788100e-02
  -1.7978600e-02
  -1.3984000e-02
  -9.8187000e-03
  -4.9497400e-03
   1.3340900e-03
   8.6430200e-03
   1.5779500e-02
   2.1436800e-02
   2.6348800e-02
   3.1128500e-02
   3.5030000e-02
   3.7779300e-02
   3.8443100e-02
   3.6769300e-02
   3.4319500e-02
   3.2413900e-02
   2.9692600e-02
   2.5062500e-02
   1.9617400e-02
   1.4660900e-02
   1.1812600e-02
   9.9550400e-03
   7.8103300e-03
   6.3475100e-03
   5.6683400e-03
   4.6890900e-03
   2.6873900e-03
   3.2322000e-04
  -2.5976900e-03
  -7.7922900e-03
  -1.4776000e-02
  -2.1583200e-02
  -2.8591800e-02
  -3.5669700e-02
  -4.2146600e-02
  -4.8044400e-02
  -5.2722700e-02
  -5.4617600e-02
  -5.4693400e-02
  -5.4351900e-02
  -5.1823300e-02
  -4.6812700e-02
  -4.0167900e-02
  -3.1887600e-02
  -2.2607500e-02
  -1.2969500e-02
  -3.1505400e-03
   5.9685200e-03
   1.4359900e-02
   2.1302400e-02
   2.6312100e-02
   3.0762900e-02
   3.4285300e-02
   3.6615600e-02
   3.7837400e-02
   3.8274100e-02
   3.8595000e-02
   3.8032300e-02
   3.7144000e-02
   3.6837000e-02
   3.6015300e-02
   3.4222900e-02
   3.2103800e-02
   2.9969600e-02
   2.7561800e-02
   2.4584600e-02
   2.0977900e-02
   1.7151700e-02
   1.3609200e-02
   9.8782800e-03
   6.8176800e-03
   4.7842100e-03
   3.5449100e-03
   3.4570500e-03
   3.1605900e-03
   2.9027000e-03
   3.5451100e-03
   4.3253700e-03
   5.7167500e-03
   7.9096400e-03
   1.0215100e-02
   1.2816200e-02
   1.6424400e-02
   2.1193800e-02
   2.5705100e-02
   2.9385700e-02
   3.2943700e-02
   3.6264800e-02
   3.9292200e-02
   4.2004300e-02
   4.3196000e-02
   4.2874200e-02
   4.1828600e-02
   3.9898700e-02
   3.7617000e-02
   3.5020600e-02
   3.2064900e-02
   2.9208500e-02
   2.6717600e-02
   2.5115200e-02
   2.3555100e-02
   2.1571100e-02
   1.9315100e-02
   1.6407400e-02
   1.2883900e-02
   7.7776300e-03
   1.3434300e-03
  -4.4046200e-03
  -8.8413700e-03
  -1.2989600e-02
  -1.7501700e-02
  -2.1421300e-02
  -2.4759800e-02
  -2.7706100e-02
  -2.9745500e-02
  -3.1345000e-02
  -3.2734500e-02
  -3.3865000e-02
  -3.4281000e-02
  -3.4051400e-02
  -3.3908400e-02
  -3.3607600e-02
  -3.3108700e-02
  -3.3073600e-02
  -3.3400300e-02
  -3.3854500e-02
  -3.5067500e-02
  -3.6868800e-02
  -3.8873000e-02
  -4.0643900e-02
  -4.2010300e-02
  -4.3080300e-02
  -4.3476600e-02
  -4.3615400e-02
  -4.3478800e-02
  -4.2568900e-02
  -4.1008100e-02
  -3.9008200e-02
  -3.5919800e-02
  -3.1854900e-02
  -2.7595200e-02
  -2.2795600e-02
  -1.7728600e-02
  -1.2439000e-02
  -6.1176700e-03
   5.5142300e-04
   6.8842000e-03
   1.2317400e-02
   1.6339200e-02
   1.9895500e-02
   2.3177200e-02
   2.5968300e-02
   2.8158100e-02
   2.9263400e-02
   3.0037000e-02
   3.1166100e-02
   3.1568600e-02
   3.1504600e-02
   3.1928800e-02
   3.2245900e-02
   3.2708900e-02
   3.4307100e-02
   3.6530000e-02
   3.8534000e-02
   4.0510800e-02
   4.2647600e-02
   4.5215200e-02
   4.7598200e-02
   4.9748200e-02
   5.2425200e-02
   5.5180100e-02
   5.8087300e-02
   6.0633800e-02
   6.2491300e-02
   6.3424500e-02
   6.3070000e-02
   6.2786200e-02
   6.2158000e-02
   6.0185400e-02
   5.7429600e-02
   5.3511100e-02
   4.8092300e-02
   4.2210300e-02
   3.6557900e-02
   3.1209400e-02
   2.6036000e-02
   2.1234600e-02
   1.7759000e-02
   1.5993200e-02
   1.5535100e-02
   1.5819400e-02
   1.6613400e-02
   1.7997700e-02
   1.9547700e-02
   2.0880000e-02
   2.1712500e-02
   2.1964000e-02
   2.2280800e-02
   2.3122200e-02
   2.4280000e-02
   2.5278500e-02
   2.5767500e-02
   2.6118900e-02
   2.6589900e-02
   2.7358900e-02
   2.7965300e-02
   2.7955200e-02
   2.7566100e-02
   2.6425900e-02
   2.5005900e-02
   2.2453200e-02
   1.9332700e-02
   1.6471500e-02
   1.2522700e-02
   8.5042700e-03
   4.0116600e-03
  -1.3961700e-03
  -6.3870000e-03
  -1.1600500e-02
  -1.7133800e-02
  -2.1719400e-02
  -2.5388900e-02
  -2.8160600e-02
  -2.9775400e-02
  -3.0551300e-02
  -3.0511700e-02
  -2.9471900e-02
  -2.6958400e-02
  -2.3541500e-02
  -1.9924500e-02
  -1.6544200e-02
  -1.3208100e-02
  -1.0185000e-02
  -8.5982200e-03
  -7.4223600e-03
  -6.9814900e-03
  -7.4530900e-03
  -7.7961600e-03
  -8.5549300e-03
  -9.3101900e-03
  -9.2070600e-03
  -8.3061000e-03
  -6.7024800e-03
  -4.0138200e-03
  -1.5873800e-04
   4.8310000e-03
   1.0364600e-02
   1.5944600e-02
   2.1751800e-02
   2.7042000e-02
   3.1772600e-02
   3.6346100e-02
   4.0489400e-02
   4.3696300e-02
   4.6162200e-02
   4.7849900e-02
   4.8612500e-02
   4.9010400e-02
   4.9100900e-02
   4.8973200e-02
   4.8587900e-02
   4.8071400e-02
   4.7486900e-02
   4.6706900e-02
   4.6009300e-02
   4.4878200e-02
   4.3021800e-02
   4.0771700e-02
   3.7942200e-02
   3.5073700e-02
   3.2705600e-02
   3.0700200e-02
   2.9099700e-02
   2.7923000e-02
   2.7044800e-02
   2.5873800e-02
   2.4350800e-02
   2.2845100e-02
   2.1239800e-02
   1.9633300e-02
   1.7721800e-02
   1.5241900e-02
   1.2496800e-02
   9.9108600e-03
   8.0907900e-03
   6.3761500e-03
   4.5232400e-03
   2.7304300e-03
   5.6942600e-04
  -1.6689700e-03
  -4.3094300e-03
  -7.4018100e-03
  -1.0584000e-02
  -1.3917100e-02
  -1.7225100e-02
  -2.0500400e-02
  -2.3617400e-02
  -2.6132200e-02
  -2.8265500e-02
  -3.0224300e-02
  -3.1510600e-02
  -3.2257700e-02
  -3.2956700e-02
  -3.3411600e-02
  -3.3602100e-02
  -3.3782900e-02
  -3.4013800e-02
  -3.4558900e-02
  -3.5774900e-02
  -3.7628800e-02
  -3.9922400e-02
  -4.2409800e-02
  -4.5032300e-02
  -4.7913700e-02
  -5.0699500e-02
  -5.3044100e-02
  -5.5141100e-02
  -5.6711700e-02
  -5.7913600e-02
  -5.9142900e-02
  -5.9789000e-02
  -5.9907600e-02
  -5.9679200e-02
  -5.8905000e-02
  -5.6894000e-02
  -5.3608400e-02
  -4.9146800e-02
  -4.3356700e-02
  -3.6906700e-02
  -2.9454500e-02
  -2.1760700e-02
  -1.5302600e-02
  -1.0087000e-02
  -6.1029800e-03
  -3.0605200e-03
  -7.2821100e-04
   7.5633700e-04
   1.0934000e-03
   7.4311700e-04
   8.4835300e-04
   1.7382800e-03
   3.4496900e-03
   5.8578800e-03
   8.7998200e-03
   1.1862200e-02
   1.4264400e-02
   1.5912600e-02
   1.6828800e-02
   1.6712700e-02
   1.5211700e-02
   1.2313100e-02
   8.3597900e-03
   3.2144300e-03
  -2.7003100e-03
  -8.4447400e-03
  -1.3989600e-02
  -2.0030000e-02
  -2.6255700e-02
  -3.1572100e-02
  -3.5867600e-02
  -3.9257200e-02
  -4.2002300e-02
  -4.4242000e-02
  -4.5485300e-02
  -4.6032600e-02
  -4.6274900e-02
  -4.5811000e-02
  -4.4747000e-02
  -4.3545500e-02
  -4.2414300e-02
  -4.1062300e-02
  -3.9194200e-02
  -3.7293100e-02
  -3.5485200e-02
  -3.3777400e-02
  -3.2456800e-02
  -3.1185900e-02
  -2.9441100e-02
  -2.7015800e-02
  -2.4435000e-02
  -2.1942300e-02
  -1.9071800e-02
  -1.5973700e-02
  -1.2674700e-02
  -8.9374400e-03
  -5.0859900e-03
  -1.0133200e-03
   3.1570400e-03
   6.7504600e-03
   9.9674700e-03
   1.3158800e-02
   1.6445400e-02
   1.9535400e-02
   2.2376800e-02
   2.5447300e-02
   2.8776900e-02
   3.1876300e-02
   3.4146600e-02
   3.5310300e-02
   3.5699200e-02
   3.5512600e-02
   3.4409100e-02
   3.1667900e-02
   2.7763800e-02
   2.3510800e-02
   1.8028200e-02
   1.1724900e-02
   5.8744000e-03
   1.0148500e-03
  -3.0149500e-03
  -6.4512600e-03
  -8.6104300e-03
  -9.5762100e-03
  -9.9787600e-03
  -9.7069300e-03
  -9.0689300e-03
  -7.6094600e-03
  -5.4221000e-03
  -2.9710000e-03
   3.3405300e-04
   4.0050000e-03
   7.8795200e-03
   1.2246300e-02
   1.6874300e-02
   2.1147400e-02
   2.4930000e-02
   2.8249100e-02
   3.1629200e-02
   3.5301500e-02
   3.7971600e-02
   3.9709600e-02
   4.1230200e-02
   4.2432300e-02
   4.3588400e-02
   4.4545700e-02
   4.4510300e-02
   4.3339900e-02
   4.1867900e-02
   4.0105000e-02
   3.7448400e-02
   3.4353700e-02
   3.1118100e-02
   2.7179500e-02
   2.2547700e-02
   1.8066400e-02
   1.4317700e-02
   1.1389400e-02
   9.2836200e-03
   8.5490800e-03
   9.1374600e-03
   1.0378300e-02
   1.2549700e-02
   1.5940000e-02
   1.9711400e-02
   2.3376100e-02
   2.6952500e-02
   3.0511900e-02
   3.4051000e-02
   3.7197500e-02
   4.0383700e-02
   4.3622000e-02
   4.6218400e-02
   4.8657400e-02
   5.1081300e-02
   5.2944500e-02
   5.4868600e-02
   5.7060700e-02
   5.9308800e-02
   6.1270100e-02
   6.2520400e-02
   6.3746100e-02
   6.5043300e-02
   6.6032200e-02
   6.6209300e-02
   6.5450500e-02
   6.4273600e-02
   6.2572100e-02
   6.0314600e-02
   5.8398300e-02
   5.6959800e-02
   5.5125400e-02
   5.2628600e-02
   4.9186400e-02
   4.4578100e-02
   3.9258100e-02
   3.3143500e-02
   2.5642000e-02
   1.8118200e-02
   1.1117400e-02
   3.5410700e-03
  -4.5263700e-03
  -1.2097300e-02
  -1.8722400e-02
  -2.4879600e-02
  -3.0754700e-02
  -3.6230800e-02
  -4.1385100e-02
  -4.6459400e-02
  -5.0304500e-02
  -5.2508600e-02
  -5.3485100e-02
  -5.2197600e-02
  -4.9134800e-02
  -4.5484900e-02
  -4.0980400e-02
  -3.6100300e-02
  -3.1364600e-02
  -2.6635400e-02
  -2.2109300e-02
  -1.7746800e-02
  -1.3749600e-02
  -9.8743100e-03
  -6.1861100e-03
  -2.5424700e-03
   1.6968700e-03
   5.9348700e-03
   1.0023800e-02
   1.3894600e-02
   1.7512300e-02
   2.1185600e-02
   2.4655600e-02
   2.7561800e-02
   3.0682300e-02
   3.4498500e-02
   3.7880200e-02
   3.9711700e-02
   4.0722900e-02
   4.2628600e-02
   4.4610400e-02
   4.5670000e-02
   4.5767500e-02
   4.5439600e-02
   4.5156600e-02
   4.4956300e-02
   4.5184900e-02
   4.4811100e-02
   4.4089700e-02
   4.3763700e-02
   4.2929500e-02
   4.1492600e-02
   3.9851000e-02
   3.7678800e-02
   3.4472400e-02
   3.0518400e-02
   2.6409700e-02
   2.1818700e-02
   1.6884800e-02
   1.1744600e-02
   6.7847300e-03
   2.2996300e-03
  -2.4206900e-03
  -6.8223600e-03
  -1.0434200e-02
  -1.3123000e-02
  -1.4787300e-02
  -1.6111300e-02
  -1.6808800e-02
  -1.7170100e-02
  -1.8006500e-02
  -1.8683700e-02
  -1.9225100e-02
  -2.0092700e-02
  -2.1215500e-02
  -2.2317900e-02
  -2.3673800e-02
  -2.5272800e-02
  -2.6108100e-02
  -2.6348900e-02
  -2.6287100e-02
  -2.6080000e-02
  -2.5941600e-02
  -2.5006000e-02
  -2.3220200e-02
  -2.1318900e-02
  -1.9872200e-02
  -1.8893900e-02
  -1.8128600e-02
  -1.7741400e-02
  -1.7730000e-02
  -1.7839100e-02
  -1.7984800e-02
  -1.8272800e-02
  -1.8565300e-02
  -1.9025700e-02
  -1.9767100e-02
  -2.0899000e-02
  -2.2266600e-02
  -2.3312600e-02
  -2.4903300e-02
  -2.7133100e-02
  -2.9049600e-02
  -3.0542400e-02
  -3.1522100e-02
  -3.1773300e-02
  -3.1503100e-02
  -3.0874300e-02
  -2.9271000e-02
  -2.6466200e-02
  -2.2450000e-02
  -1.7716400e-02
  -1.3056000e-02
  -7.9905100e-03
  -2.4193300e-03
   3.0402100e-03
   8.1308500e-03
   1.2311200e-02
   1.5531000e-02
   1.7925300e-02
   1.9046800e-02
   1.9136300e-02
   1.7938900e-02
   1.5814500e-02
   1.3555300e-02
   1.1142000e-02
   9.6530600e-03
   9.2118000e-03
   8.9429700e-03
   9.1615400e-03
   1.0116100e-02
   1.1208700e-02
   1.3035800e-02
   1.5416400e-02
   1.7688400e-02
   2.0048400e-02
   2.1737300e-02
   2.3239200e-02
   2.4599900e-02
   2.4672900e-02
   2.3882800e-02
   2.2559400e-02
   1.9637200e-02
   1.5592500e-02
   1.1691200e-02
   8.0051200e-03
   4.6747100e-03
   1.9567400e-03
   5.2904100e-04
  -1.8526100e-05
   8.8002400e-05
   1.6152400e-03
   4.1798900e-03
   7.2013500e-03
   1.0592400e-02
   1.4549400e-02
   1.8655600e-02
   2.2392200e-02
   2.5764400e-02
   2.8424100e-02
   2.9695000e-02
   2.9766600e-02
   2.9922800e-02
   2.9278000e-02
   2.7635700e-02
   2.6318900e-02
   2.4180400e-02
   2.1234000e-02
   1.8673200e-02
   1.5905500e-02
   1.2474600e-02
   9.0163000e-03
   5.5960900e-03
   2.4811900e-03
  -1.5985600e-04
  -2.3395600e-03
  -3.8080900e-03
  -4.6137800e-03
  -4.8733300e-03
  -5.0735500e-03
  -5.5451700e-03
  -5.8834400e-03
  -6.0917800e-03
  -6.7422100e-03
  -7.2053500e-03
  -7.9241700e-03
  -9.3876700e-03
  -1.0860800e-02
  -1.2393000e-02
  -1.3924500e-02
  -1.5296400e-02
  -1.6146600e-02
  -1.6673200e-02
  -1.6768300e-02
  -1.6370200e-02
  -1.5751700e-02
  -1.4019200e-02
  -1.1275800e-02
  -8.1332800e-03
  -4.2800400e-03
   2.0086400e-04
   5.0404400e-03
   1.0169000e-02
   1.4810900e-02
   1.9426300e-02
   2.4875400e-02
   3.0192800e-02
   3.4629900e-02
   3.7880800e-02
   4.0319400e-02
   4.2111900e-02
   4.3050700e-02
   4.3634200e-02
   4.3234800e-02
   4.1021400e-02
   3.7626300e-02
   3.3883800e-02
   2.9687500e-02
   2.5194000e-02
   2.0796300e-02
   1.7050500e-02
   1.5067300e-02
   1.4167300e-02
   1.3509200e-02
   1.3979200e-02
   1.5626600e-02
   1.7486100e-02
   1.9505900e-02
   2.1914800e-02
   2.4075000e-02
   2.5846600e-02
   2.7576200e-02
   2.8972300e-02
   2.9726700e-02
   2.9810100e-02
   2.9840900e-02
   2.9761200e-02
   2.9123600e-02
   2.8735200e-02
   2.8157800e-02
   2.7445100e-02
   2.7365800e-02
   2.7357100e-02
   2.8010600e-02
   2.9010900e-02
   2.9565600e-02
   3.0463600e-02
   3.1141500e-02
   3.1744900e-02
   3.2671500e-02
   3.2672400e-02
   3.1089200e-02
   2.7954500e-02
   2.4195800e-02
   1.9486000e-02
   1.3721300e-02
   6.9136200e-03
  -1.7474200e-03
  -1.0288900e-02
  -1.7410600e-02
  -2.3583400e-02
  -2.9015900e-02
  -3.3721100e-02
  -3.7502100e-02
