  -6.2335400e-02
  -5.2944400e-02
  -1.5412600e-02
  -2.9564300e-03
  -1.8555400e-02
  -1.2377400e-02
   7.7971100e-03
  -1.1066900e-02
  -3.0111400e-02
  -5.2235200e-03
   3.0788500e-02
   2.3897200e-02
   1.4302000e-02
   2.6572500e-02
  -5.7616300e-03
  -4.4179000e-02
  -5.4434200e-02
  -4.0789800e-02
  -2.6912800e-02
  -1.4674000e-02
  -5.7001300e-03
   3.3712400e-04
   1.2091500e-02
  -1.2317200e-02
  -8.1384300e-03
   1.5915100e-02
   9.4237000e-04
  -9.9656400e-03
  -9.8301100e-03
  -5.2682100e-04
  -2.5761800e-02
  -3.1769700e-02
  -3.2608200e-03
   2.1060900e-02
   3.2099300e-02
   1.7940500e-02
  -9.5792500e-03
  -1.5111900e-02
  -5.7700800e-04
   7.9602500e-03
   3.7893000e-02
   4.5229700e-02
   2.8256800e-02
   1.8562600e-02
   4.4129900e-03
  -8.8542900e-03
  -1.3268000e-02
  -3.0167500e-02
  -3.4496500e-02
  -1.1336600e-02
   5.0587800e-03
   8.0757900e-03
  -1.3504500e-02
  -2.5751800e-02
  -3.4771900e-03
  -5.3072200e-03
  -2.5044400e-02
   2.3526600e-03
   4.1580700e-02
   5.0145500e-02
   4.7455600e-02
   3.8470200e-02
   2.4033000e-02
   2.7975100e-02
   7.9503200e-03
   7.4488100e-04
   2.8129700e-02
   1.8234500e-02
   1.8969900e-03
  -8.9457800e-03
  -3.9304500e-05
   6.1651900e-03
   1.7576000e-03
   3.1507500e-03
  -2.8771300e-02
  -4.4250000e-02
  -1.7809700e-02
   2.6186500e-03
   8.0867000e-03
  -5.2387600e-03
  -1.4603600e-02
   1.4774300e-02
   1.5884900e-02
   6.0019600e-03
   2.0905000e-02
   2.4792000e-02
   1.9414400e-02
   5.8400900e-03
   1.8640900e-02
  -3.9756600e-04
  -4.3534600e-02
  -7.2468100e-02
  -8.2802900e-02
  -7.4627800e-02
  -7.6218100e-02
  -5.1996400e-02
  -1.2742900e-02
   2.9179900e-02
   6.8108100e-02
   5.4162400e-02
   1.3300000e-02
   6.9350500e-03
   2.5873200e-02
   3.2848800e-02
   3.1645000e-02
   5.3010700e-02
   3.4906600e-02
   6.1195100e-04
   7.0355900e-04
   4.7446100e-03
   1.9828200e-02
   3.0071600e-03
  -2.1293500e-02
  -2.4767800e-02
  -2.9874100e-02
  -2.0526000e-02
  -1.5642500e-02
  -2.3983200e-02
  -3.8317500e-02
  -4.6131900e-02
  -3.0861700e-02
  -1.8925800e-02
  -6.3616500e-03
  -9.0260900e-03
  -2.5762500e-02
  -2.3704300e-02
  -3.6569700e-02
  -4.1070200e-02
  -3.0038100e-02
  -1.0303300e-02
   1.4201000e-02
   3.1234800e-02
   4.8694900e-02
   4.6354800e-02
   3.6763600e-02
   4.5084500e-02
   4.5989100e-02
   3.4410800e-02
   2.0384600e-02
   9.8019100e-03
   1.0796800e-03
   2.5839700e-03
   1.4227100e-02
   1.7502100e-02
   2.5545600e-02
   2.8389100e-02
  -1.1468600e-02
  -4.7720600e-02
  -5.9369200e-02
  -5.8804300e-02
  -1.8005600e-02
   1.0021800e-02
   1.4016900e-02
  -1.3069400e-02
  -3.0431100e-02
  -1.0359700e-02
   9.9268800e-04
  -1.6136200e-03
  -8.3353700e-04
   3.8193500e-02
   6.5306900e-02
   6.2934200e-02
   4.6888400e-02
   2.0781200e-02
  -2.4578400e-02
  -6.5355100e-02
  -6.2841000e-02
  -7.4381600e-02
  -5.9036900e-02
  -1.7533300e-02
  -3.1035700e-03
  -1.8862800e-02
  -4.0817500e-02
  -1.6672300e-02
  -1.4530500e-02
  -3.3586300e-02
  -2.4792100e-02
   6.0300300e-03
   2.9307200e-02
   1.9611900e-02
   1.4669800e-02
   7.0583400e-03
  -2.1931300e-02
  -3.9672400e-02
  -5.9176000e-02
  -7.1577400e-02
  -3.8728500e-02
   1.6904100e-02
   5.4541900e-02
   4.3702100e-02
  -5.9690400e-03
  -7.1635800e-02
  -1.1664100e-01
  -1.3262300e-01
  -9.3345200e-02
   7.1093200e-03
   7.8709000e-02
   5.1508400e-02
  -8.1117900e-03
  -1.8221200e-02
   1.8074200e-02
   6.7491000e-02
   7.2082800e-02
   3.4693400e-02
   1.9927700e-02
   4.1597400e-02
   7.3579200e-02
   8.4993900e-02
   6.7615900e-02
   2.3823000e-02
  -3.6590900e-03
   1.9112200e-02
   3.6458100e-02
   1.4104600e-02
  -2.3990600e-02
  -2.3791900e-02
   2.4289700e-03
   1.7660400e-02
   3.4138400e-03
  -4.8624700e-02
  -1.1751200e-01
  -1.5152800e-01
  -1.2659100e-01
  -1.0103300e-01
  -8.2445000e-02
  -4.9411500e-02
   9.9155700e-03
   8.4793500e-02
   1.3026000e-01
   1.3447500e-01
   1.2343800e-01
   1.3013000e-01
   1.3861700e-01
   1.2390900e-01
   7.1355500e-02
  -1.1489100e-02
  -9.1286000e-02
  -1.2998700e-01
  -8.5127600e-02
  -1.4141000e-02
   1.6963400e-03
  -1.4031300e-02
  -3.4490600e-02
  -3.0566900e-02
   1.0492900e-02
   5.2655400e-02
   7.4360800e-02
   6.0375400e-02
   4.5887100e-02
   3.5160500e-02
   1.1713600e-02
  -8.2042200e-04
   7.2149100e-03
   7.2942500e-03
  -1.9952200e-02
  -1.7886900e-02
   1.8724700e-02
   6.9567600e-03
  -3.7156400e-02
  -6.1336800e-02
  -5.9619300e-02
  -4.4587800e-02
  -4.2384800e-02
  -5.7900200e-02
  -7.5257800e-02
  -7.9823600e-02
  -9.3635600e-02
  -1.0258200e-01
  -1.0252100e-01
  -6.9539800e-02
  -7.7976600e-04
   4.7933200e-02
   4.2313800e-02
   9.9071300e-03
   6.2675500e-03
   3.3021900e-02
   5.3089200e-02
   4.6599700e-02
   2.2575400e-02
  -4.0457500e-03
  -2.8669800e-02
  -5.0593900e-02
  -5.7769800e-02
  -2.7844300e-02
   4.4070600e-02
   8.7094000e-02
   1.0347900e-01
   1.2619100e-01
   1.4058600e-01
   1.4724800e-01
   1.0321400e-01
   2.6534300e-02
  -2.7996200e-02
  -6.8346500e-02
  -8.4400500e-02
  -4.2556300e-02
   2.9854300e-02
   6.6029400e-02
   6.4689900e-02
   6.7198900e-02
   6.0476900e-02
   2.3203900e-02
  -1.5010700e-02
  -3.2569100e-02
  -2.9064600e-02
   5.4529600e-03
   4.4345300e-02
   6.0229600e-02
   7.6173000e-02
   9.3664800e-02
   1.0181000e-01
   8.0939800e-02
   4.2389700e-02
   1.2070400e-03
  -5.6563900e-02
  -1.0119700e-01
  -1.1821900e-01
  -1.2619200e-01
  -1.2553900e-01
  -1.1399000e-01
  -1.1860300e-01
  -1.3547100e-01
  -1.4775700e-01
  -1.4494700e-01
  -1.0862600e-01
  -4.6252000e-02
   1.1698100e-02
   3.6930600e-02
   3.5426900e-02
   2.4753400e-02
   1.7097100e-02
   2.6451300e-02
   4.5336400e-02
   4.7666900e-02
   4.9030500e-02
   5.0914200e-02
   1.9782600e-02
   4.8087600e-03
   2.0505300e-02
   1.9229100e-02
   1.7459200e-02
   1.2325300e-02
   2.9832400e-02
   6.5382300e-02
   8.4638700e-02
   9.6114500e-02
   1.0663400e-01
   1.2138500e-01
   1.3102100e-01
   1.1930600e-01
   7.1875200e-02
   2.7200000e-02
   5.3289900e-03
   2.2578000e-02
   7.5593300e-02
   1.1538500e-01
   1.3957700e-01
   1.3747900e-01
   1.1806900e-01
   8.6839900e-02
   4.7714500e-02
   1.7002100e-02
  -2.4748700e-02
  -5.2418400e-02
  -5.7949100e-02
  -3.9082300e-02
   5.2915700e-03
   3.9779600e-02
   6.7283700e-02
   7.9983600e-02
   7.0513700e-02
   5.7577900e-02
   6.2275800e-02
   6.3091600e-02
   3.3883700e-02
  -1.7130800e-02
  -6.5685000e-02
  -8.2949700e-02
  -6.2530500e-02
  -3.0547600e-02
  -1.6954200e-02
  -1.4359500e-02
  -1.3153100e-02
  -4.2109100e-03
   5.9226000e-03
   2.3120600e-02
   4.9594600e-02
   6.5965400e-02
   4.8563000e-02
   6.2674700e-03
  -1.4714100e-02
  -2.5482400e-02
  -2.5702900e-02
  -2.2570700e-02
  -3.8426800e-02
  -5.4824500e-02
  -6.4990000e-02
  -5.9428100e-02
  -5.3974300e-02
  -6.5458700e-02
  -7.6196400e-02
  -8.1472000e-02
  -7.3166300e-02
  -6.8124700e-02
  -8.2715900e-02
  -8.3029300e-02
  -5.2138700e-02
  -1.5907500e-02
  -1.1712400e-02
  -3.8555900e-02
  -5.9675200e-02
  -4.5243400e-02
   1.3235400e-03
   3.6559300e-02
   4.1403100e-02
   2.8523400e-02
   3.3018400e-02
   6.1961700e-02
   8.6489500e-02
   1.0333600e-01
   1.0307600e-01
   8.1929600e-02
   5.1280400e-02
   2.7160300e-02
   2.4028800e-02
   4.8720800e-02
   6.5686300e-02
   6.7275300e-02
   7.5633000e-02
   6.0416500e-02
   4.3100800e-02
   3.1965300e-02
   2.4600700e-02
   2.1129500e-02
   1.3091700e-02
   2.4409500e-02
   2.6379000e-02
   1.6991700e-02
   1.2974800e-02
   1.6264200e-02
   7.4064800e-04
  -3.4620900e-02
  -5.0451400e-02
  -4.5200600e-02
  -2.5096600e-02
  -1.2868600e-03
   1.4547500e-03
  -2.0517200e-02
  -4.9745500e-02
  -7.0219100e-02
  -8.8894400e-02
  -1.0410000e-01
  -8.8376500e-02
  -7.0402200e-02
  -7.4095800e-02
  -7.1225700e-02
  -4.6928400e-02
  -2.9912900e-02
  -3.6882700e-02
  -5.3876000e-02
  -7.2507500e-02
  -7.8598100e-02
  -7.3819500e-02
  -5.7424200e-02
  -1.7790200e-02
   1.6973300e-02
   4.4852900e-02
   6.7471200e-02
   6.5002700e-02
   5.1466100e-02
   3.1763700e-02
  -3.5774300e-03
  -4.6981600e-02
  -7.1631100e-02
  -6.4180100e-02
  -4.0736600e-02
  -1.6108800e-02
  -2.4593300e-02
  -4.6395900e-02
  -4.8580900e-02
  -5.0949400e-02
  -3.5212000e-02
  -1.4772300e-02
  -1.2920200e-02
  -1.8700600e-02
  -3.4046600e-02
  -5.8837900e-02
  -8.0109100e-02
  -7.4087100e-02
  -3.9530700e-02
  -8.8665400e-03
  -1.4930800e-03
  -2.3138600e-02
  -4.8135900e-02
  -5.9822100e-02
  -6.2657900e-02
  -5.6495100e-02
  -4.0003900e-02
  -2.0377200e-02
   5.0105100e-03
   3.3484700e-02
   4.6413100e-02
   1.3953500e-02
  -1.5212500e-02
   2.1498600e-03
   1.3541100e-02
  -4.5986800e-03
  -2.1606300e-02
  -6.2655900e-03
   8.2254400e-03
   9.3167400e-03
   8.5455100e-03
  -4.6411600e-03
  -2.0626700e-02
  -5.1319900e-03
   2.2820000e-02
   3.9237800e-02
   2.9224400e-02
   1.5312500e-03
   2.1685600e-06
   2.3327700e-03
  -2.1727100e-02
  -6.0166900e-02
  -8.0157000e-02
  -7.1617600e-02
  -5.2899700e-02
  -4.6827800e-02
  -5.1675900e-02
  -4.3046800e-02
  -1.4529700e-02
   2.2410500e-02
   4.8760100e-02
   5.2291200e-02
   4.8701700e-02
   5.1204700e-02
   3.3138400e-02
   1.2472100e-02
   4.1477700e-03
  -1.9794600e-03
  -3.4942500e-03
  -1.5780200e-02
  -4.5476600e-02
  -7.2228200e-02
  -7.2947400e-02
  -7.0416900e-02
  -7.0093600e-02
  -5.8494300e-02
  -3.8048400e-02
  -9.4834200e-03
   1.5619700e-02
   2.2412800e-02
   8.4734400e-03
  -6.7970600e-03
  -3.7289700e-03
  -2.6794700e-03
  -1.4938900e-02
  -1.9669800e-02
  -1.6641500e-02
  -1.1406900e-02
  -7.9665000e-03
   8.2534700e-03
   3.1787800e-02
   4.4182800e-02
   5.4454100e-02
   5.2164200e-02
   3.3768400e-02
   2.2848200e-02
   2.9194600e-02
   4.1861900e-02
   3.7981800e-02
   3.0529600e-02
   3.4728900e-02
   4.3303900e-02
   4.1394400e-02
   3.7581600e-02
   3.1213700e-02
   1.7560900e-02
   2.4093000e-02
   3.4098100e-02
   3.9621300e-02
   4.1186000e-02
   3.7960700e-02
   3.9294800e-02
   4.4706800e-02
   4.7632100e-02
   4.7182300e-02
   4.7654500e-02
   3.0096100e-02
   9.0351200e-03
   1.9277900e-02
   3.2249200e-02
   2.0735400e-02
  -5.3542100e-03
  -6.5843700e-03
   1.9800900e-02
   3.2286700e-02
   2.9583700e-02
   1.7102900e-02
   1.2173900e-03
  -1.1257300e-02
  -1.5562700e-02
  -1.5546400e-02
  -1.3545200e-02
   6.3355500e-03
   1.9782200e-02
   1.2818600e-02
   9.5902500e-03
   1.5491900e-02
  -3.1455400e-03
  -2.2194100e-02
  -1.4450300e-02
  -3.2027500e-03
  -3.5832500e-03
  -9.1902200e-03
   8.5750900e-03
   2.0242800e-02
   1.1652400e-02
   3.1139300e-03
   1.2717800e-03
   7.5549600e-03
   9.9447900e-03
   2.1016900e-02
   2.1035200e-02
   1.3833000e-02
   2.8664800e-02
   2.1777700e-02
  -3.9293800e-03
  -2.0445200e-02
  -2.3378800e-02
  -1.4182500e-02
  -1.2078200e-02
  -2.5300300e-03
   4.9169700e-03
  -4.7975200e-03
  -2.1382700e-02
  -1.1840600e-02
   2.3452400e-02
   3.8560600e-02
   1.1283700e-02
  -3.7945600e-02
  -5.8643400e-02
  -4.3428100e-02
  -2.0193500e-02
  -1.7577200e-02
  -1.0353600e-02
  -6.2481400e-04
  -1.5190400e-02
  -1.2400200e-04
   4.3159700e-02
   4.2948600e-02
   8.9040100e-03
  -1.8867500e-02
   2.0312500e-03
   3.6833700e-02
   2.1709100e-02
   3.1871400e-02
   6.1221900e-02
   5.7218400e-02
   4.4539800e-02
   5.4503100e-02
   3.0050700e-02
  -1.2109000e-02
  -2.2190400e-03
  -2.6234900e-02
  -7.2972300e-02
  -4.7321400e-02
  -9.8740900e-03
  -2.2575100e-02
  -2.0163800e-02
   2.3995000e-02
   1.3204500e-02
  -2.1751900e-02
   3.0973300e-03
   7.2150900e-03
  -2.0309600e-02
  -2.6070500e-02
  -3.5807400e-02
  -4.5081300e-02
  -4.5478000e-02
  -5.3474800e-02
  -5.8140200e-02
  -6.0593300e-02
  -4.2564800e-02
  -1.8133700e-02
  -2.6605800e-02
  -4.3472500e-02
  -5.4630300e-02
  -5.1624300e-02
  -3.6957700e-02
  -2.8388700e-02
  -1.3123300e-02
  -1.1052700e-02
  -1.7895800e-02
  -7.6560000e-03
   2.4009900e-02
   4.1579500e-02
   2.8412300e-02
   1.5691900e-02
   1.4263000e-02
   1.8237900e-02
   6.1142500e-03
  -1.4305100e-02
  -9.5079900e-03
   1.6854000e-02
   3.8842100e-02
   3.4379700e-02
   2.9930500e-02
   5.1632100e-02
   6.6192600e-02
   5.7092200e-02
   1.9511400e-02
  -7.8511100e-03
  -1.4607600e-03
  -1.0629100e-03
  -1.2836700e-02
  -1.8632300e-02
  -1.9977600e-02
  -1.7045100e-02
  -5.1181700e-03
   8.0929200e-03
   1.6330500e-02
   3.7998500e-03
  -8.7338600e-03
  -8.7185000e-03
  -1.3562400e-02
  -2.0413700e-02
  -2.1833500e-02
  -1.5584900e-02
  -8.9997200e-03
   2.2060600e-03
   2.3587400e-02
   4.2225900e-02
   3.8434600e-02
   2.6751600e-02
   1.7398200e-02
   1.7421800e-02
   3.7189400e-02
   4.9117400e-02
   4.4457100e-02
   4.7830300e-02
   4.8376100e-02
   1.8545200e-02
   3.4686600e-03
   4.5499300e-03
  -6.7903500e-03
  -2.2727000e-03
   4.8443500e-04
  -1.2167600e-02
  -2.8132500e-02
  -2.1827800e-02
   4.5994200e-03
   6.7578200e-03
  -8.6063600e-03
  -2.4643700e-02
  -3.1892800e-02
  -3.3445200e-02
  -3.5669700e-02
  -3.2875800e-02
  -3.1118300e-02
  -2.2060600e-02
  -3.7505100e-03
  -8.0262100e-04
  -2.1458800e-03
   2.7420500e-03
   2.3090000e-04
  -6.6254500e-03
  -1.8283000e-03
   1.2893500e-02
   2.0080500e-02
   2.0807800e-02
   2.0950700e-02
   2.4963500e-02
   3.3766200e-02
   3.6767100e-02
   2.7315900e-02
   1.7109800e-02
   1.7058900e-02
   1.5712700e-02
   2.4425400e-03
  -7.6686200e-03
  -9.2199400e-03
  -2.3787000e-03
  -2.1746000e-03
  -1.0986300e-02
  -5.5169300e-03
   5.0717900e-03
   1.2341400e-02
   1.7185500e-02
   1.3070900e-02
   9.9906500e-03
   1.8105900e-02
   3.9664700e-02
   5.2923800e-02
   5.2535300e-02
   4.1786600e-02
   2.2446500e-02
   9.3151500e-03
  -7.0384000e-03
  -1.8491900e-02
  -1.1809700e-02
   1.5564600e-03
   4.7226500e-03
  -2.6809300e-04
  -1.7418800e-03
  -1.0495400e-02
  -2.9929300e-02
  -3.4142900e-02
  -2.4469100e-02
  -2.4805500e-02
  -4.3978300e-02
  -6.7760600e-02
  -8.1921100e-02
  -7.9550500e-02
  -6.5914000e-02
  -6.6579900e-02
  -7.8391400e-02
  -7.9210300e-02
  -6.1289800e-02
  -3.8129600e-02
  -2.8429300e-02
  -3.6985900e-02
  -4.5025400e-02
  -4.7857800e-02
  -3.4177500e-02
  -2.2921600e-02
  -2.3471300e-02
  -2.9554400e-02
  -3.7151300e-02
  -3.4049300e-02
  -3.0713800e-02
  -2.4812900e-02
  -7.6309100e-03
   1.4213500e-02
   3.1218100e-02
   3.1936300e-02
   9.6923000e-03
  -1.4531600e-02
  -1.1132800e-02
   4.3968700e-03
   1.0351800e-02
   1.7602100e-02
   2.1508800e-02
   3.0248300e-02
   3.3786800e-02
   3.4187800e-02
   3.3480100e-02
   2.3559700e-02
   1.0852700e-02
  -5.5171300e-03
  -6.5298400e-03
   1.4489400e-02
   3.2721100e-02
   4.3506700e-02
   4.5758000e-02
   4.1501700e-02
   3.7532000e-02
   3.3589800e-02
   4.4973200e-02
   5.9692900e-02
   5.6119000e-02
   4.5457100e-02
   4.6254900e-02
   4.0495100e-02
   3.9468100e-02
   3.4639600e-02
   1.7624100e-02
   1.1268700e-02
   1.2409200e-02
   2.5375600e-02
   4.1331600e-02
   5.0503600e-02
   4.8155700e-02
   3.8511800e-02
   3.0416200e-02
   3.3029600e-02
   2.6099900e-02
   8.1153900e-03
  -7.2446300e-03
  -2.9941500e-02
  -3.7082400e-02
  -1.0451000e-02
   1.2687900e-02
   9.9707300e-03
  -2.5404200e-03
  -1.1012400e-02
  -1.2041400e-02
  -1.2036100e-02
  -9.4298500e-03
  -1.1695100e-02
  -1.1676600e-02
  -7.7668900e-04
   1.1632800e-02
   2.2040000e-02
   2.4455600e-02
  -1.3748700e-04
  -3.2076600e-02
  -3.7052000e-02
  -3.4846500e-02
  -3.4149700e-02
  -3.6144700e-02
  -4.2447100e-02
  -4.6883900e-02
  -5.0361900e-02
  -5.0170000e-02
  -5.0156500e-02
  -4.5501100e-02
  -3.0690500e-02
  -2.3178000e-02
  -2.1233700e-02
  -1.9101800e-02
  -1.9336200e-02
  -1.0084600e-02
  -6.7327000e-03
  -1.5930900e-02
  -1.8069600e-02
  -1.1120200e-02
   2.9865900e-03
   2.1429400e-02
   3.2287500e-02
   2.9285800e-02
   1.6771600e-02
  -6.0697500e-04
  -7.1531500e-03
   4.4909500e-04
   1.1610100e-02
   1.3997100e-02
  -1.1384900e-03
  -1.4184100e-02
  -3.0002100e-02
  -4.1975700e-02
  -1.7448600e-02
   1.4807900e-03
  -1.0414800e-03
  -1.9055500e-02
  -2.1080000e-02
   1.4489100e-03
   3.3463100e-03
  -8.6272900e-03
  -3.5748900e-02
  -4.2105300e-02
  -9.5763300e-03
   2.8684100e-02
   3.9219800e-02
   2.7158500e-02
   2.2234200e-02
   3.8494200e-02
   6.3588400e-02
   6.7448300e-02
   4.9557700e-02
   1.5124700e-02
  -3.6679900e-02
  -9.2030000e-02
  -1.1213200e-01
  -8.8283100e-02
  -3.4783900e-02
   5.3980800e-02
   1.0873300e-01
   1.0967000e-01
   8.4578300e-02
   6.4738500e-02
   5.4152100e-02
   1.4751700e-02
  -4.0487200e-02
  -3.3418400e-02
   2.0652000e-02
   2.9122300e-02
   1.2420000e-02
  -1.6077600e-02
  -2.7194300e-02
  -2.5109200e-02
  -5.9890700e-05
   5.5390900e-03
  -1.9966800e-02
  -1.8470300e-02
  -2.9279000e-02
  -5.0137800e-02
  -4.1928600e-02
  -4.8991600e-04
   2.1193500e-02
   1.7618600e-02
   1.8279700e-02
   5.1770100e-03
   1.5349700e-02
   5.1538500e-02
   6.8666500e-02
   2.7614800e-02
  -4.8249600e-02
  -6.9813200e-02
  -4.8873400e-02
   6.5599600e-04
   3.4454900e-02
   2.4345900e-02
  -4.0965700e-03
   3.6658400e-03
   3.4515900e-02
   5.7649800e-02
   6.8564000e-02
   5.8249900e-02
   3.3170400e-02
   1.7977700e-02
   1.8177800e-02
   1.3833900e-02
   7.8925800e-03
  -1.4137200e-02
  -2.5642600e-02
  -2.4501000e-02
  -1.9995400e-02
  -1.4755400e-02
  -2.4030400e-03
  -1.8091900e-03
  -1.0586100e-02
  -1.0331900e-04
   1.1926800e-02
   2.5619500e-02
   3.0380000e-02
   2.0026200e-02
  -5.1757200e-03
  -2.5526500e-02
  -3.4235100e-02
  -4.0286500e-02
  -4.8882900e-02
  -4.3169600e-02
  -1.5312200e-02
   1.6400800e-02
   2.0792100e-02
   4.8803600e-03
   2.0470200e-03
  -4.8816300e-03
   8.2929100e-03
   3.4626500e-02
   3.7209300e-02
   9.8470200e-03
  -2.1944100e-02
  -4.5390600e-02
  -5.7462100e-02
  -4.1714100e-02
  -1.6299600e-02
  -4.3980100e-03
  -1.1310300e-02
  -9.4129100e-03
   3.3036400e-03
   8.9843500e-05
  -1.3895200e-02
  -1.7255800e-02
  -9.1629400e-03
  -1.3822100e-02
  -2.0681400e-02
  -1.9009400e-02
  -1.8738800e-02
  -1.7652300e-02
  -5.7599300e-03
   1.5034000e-02
   3.0454600e-02
   3.1320800e-02
   2.0461100e-02
   8.7720900e-03
   4.7188300e-03
   1.1433700e-02
   1.1093300e-02
   9.6399700e-03
   1.5303200e-02
   1.4317100e-02
   4.8690700e-03
   5.3996900e-03
   1.5348000e-02
   1.7756400e-02
   1.5046500e-02
   1.2283500e-02
   1.4906200e-02
   2.7210600e-02
   4.2843400e-02
   4.3198600e-02
   3.9043300e-02
   3.0155200e-02
   7.5226800e-03
  -1.4098000e-02
  -2.3150300e-02
  -1.3221400e-02
   4.3778800e-03
   5.7112400e-03
  -8.9245200e-03
  -2.1932400e-02
  -2.1905600e-02
  -8.4760800e-03
  -5.1598400e-03
  -1.5452400e-02
  -1.4920800e-02
  -4.5951300e-03
  -2.5309300e-05
  -5.5942900e-03
  -2.2494400e-02
  -3.4552700e-02
  -1.8547600e-02
   7.9419800e-03
   3.7744800e-03
  -1.4415000e-02
  -2.8616200e-02
  -1.8313000e-02
  -2.2814900e-04
  -5.0392700e-03
  -1.6650700e-02
  -2.6781200e-02
  -3.0630400e-02
  -3.0718900e-02
  -1.6865100e-02
   2.2162700e-03
   1.7482800e-02
   1.4375100e-02
  -3.1360400e-03
  -2.0121900e-02
  -1.6885200e-02
  -5.8608300e-03
  -2.0154900e-02
  -3.9000200e-02
  -4.0385200e-02
  -1.9025100e-02
   1.7116800e-02
   2.9735400e-02
   1.1557200e-02
   1.0745500e-02
   1.5035800e-02
   1.8882400e-02
   2.6213400e-02
   2.7122400e-02
   1.9794900e-02
   1.8705800e-02
   3.1459100e-02
   3.5132300e-02
   3.0938300e-02
   3.0207200e-02
   2.5491900e-02
   6.6312900e-03
  -5.5258800e-03
  -1.5993900e-02
  -2.3328500e-02
  -1.5324400e-02
  -8.9644800e-03
  -5.2667700e-03
  -7.5783300e-05
  -3.2742900e-03
  -5.6404900e-03
   1.0257400e-02
   3.2617100e-02
   3.6948200e-02
   2.4605400e-02
   1.1948400e-02
  -1.2543600e-02
  -2.4462100e-02
  -1.3077700e-02
  -1.4596900e-03
   1.8636800e-03
   7.8882000e-05
  -3.7805900e-03
   4.6179000e-04
   2.1215300e-03
  -7.3428400e-03
  -2.1151400e-03
   1.2252800e-02
   1.2990400e-02
  -1.0435400e-03
   2.3726400e-03
   1.7165900e-02
   1.4536500e-02
   4.0684900e-03
   4.9632200e-03
   7.1972200e-03
  -1.0106900e-02
  -2.6053400e-02
  -2.8517500e-02
  -2.4356700e-02
  -2.7421600e-02
  -3.9912300e-02
  -4.9495000e-02
  -4.3762400e-02
  -2.0427700e-02
  -4.8345100e-04
