  -1.0305070e-04
  -1.0781320e-04
  -1.1266330e-04
  -1.1731790e-04
  -1.2095280e-04
  -1.2777400e-04
  -1.3301670e-04
  -1.2530080e-04
  -1.2975090e-04
  -1.4182150e-04
  -1.3059870e-04
  -7.6373030e-05
  -1.0329880e-04
  -1.0133260e-04
  -2.0418190e-05
  -1.8894060e-04
  -2.7211550e-04
   6.2023650e-05
  -1.0971730e-04
  -5.1136290e-04
   6.2378030e-05
   6.7379440e-04
  -3.4737560e-04
  -1.0490840e-03
  -7.2657890e-04
  -4.5236610e-04
   7.8764610e-04
   2.3485050e-03
   1.4079810e-03
   3.0278560e-04
  -5.4145880e-04
  -1.8249530e-03
  -2.5015910e-03
  -4.0973300e-04
   1.7746580e-03
   3.0432590e-03
   4.8668030e-03
   4.6676290e-03
   5.4917690e-03
   1.5861270e-02
   1.4894400e-02
  -2.9789870e-05
   3.0835700e-03
   6.5622980e-03
  -1.1370800e-02
  -2.3898520e-02
  -1.5961170e-02
  -4.7941050e-03
  -1.5723300e-02
  -2.1387250e-02
  -7.4493080e-03
   6.7839540e-04
  -7.0494340e-03
  -8.6122300e-03
   7.7651780e-03
   8.3359250e-03
  -5.3350000e-04
   1.1275450e-02
   2.5951800e-02
   2.2391170e-02
   1.2578210e-02
   7.4037650e-03
   6.7472640e-03
   3.5667110e-03
  -5.8431630e-03
  -1.3240060e-02
  -1.4276650e-02
  -1.4520530e-02
  -1.2740860e-02
  -7.6103230e-03
  -3.7423600e-03
  -4.3882290e-03
  -9.3258330e-03
  -4.3813840e-03
   7.4325400e-03
   9.5006650e-03
   7.9578580e-03
   7.4357910e-03
   8.9648190e-03
   8.5824620e-03
   8.5306990e-03
   1.4703320e-02
   6.5843710e-03
  -5.0098270e-03
  -8.8038810e-04
   1.7293190e-03
  -7.2936950e-03
  -2.0640720e-02
  -1.6834420e-02
  -5.3353620e-03
  -5.1977160e-03
  -1.2888840e-02
  -1.5808980e-02
  -4.0887760e-03
   5.4605120e-03
   5.1633960e-03
  -1.2809950e-03
   9.0043280e-04
   8.2981900e-03
   1.8533570e-02
   3.4404890e-02
   4.7551930e-02
   5.8699910e-02
   6.9635740e-02
   7.6165320e-02
   6.8748040e-02
   4.2596920e-02
  -9.4367060e-03
  -5.1970190e-02
  -9.4831780e-02
  -1.3445740e-01
  -1.5093180e-01
  -1.3604510e-01
  -8.9317710e-02
  -3.9667980e-02
   2.2584410e-02
   8.4063690e-02
   6.4467550e-02
   4.3524880e-02
   2.0132520e-02
  -1.3911910e-02
  -2.3101820e-02
  -2.7862140e-03
   3.4901560e-02
   6.2178390e-02
   8.5319390e-02
   8.5904700e-02
   5.7959540e-02
   2.3145860e-02
   1.7609620e-03
  -1.8575210e-02
  -3.6586220e-02
  -4.9617440e-02
  -5.2123630e-02
  -2.5857160e-02
   7.8852490e-03
   1.7791010e-02
   2.6564030e-02
   2.0797730e-02
   1.0173190e-02
  -1.7507950e-04
  -1.3543020e-02
  -2.7336720e-02
  -3.3919020e-02
  -3.0791760e-02
  -1.9984620e-02
  -1.6303830e-02
  -1.9553630e-02
  -2.7600460e-02
  -3.1516510e-02
  -2.2772080e-02
  -9.1249540e-03
   3.0988040e-03
   2.3071080e-02
   4.8964570e-02
   7.4977270e-02
   8.9255660e-02
   8.1489510e-02
   5.6997690e-02
   2.9856280e-02
   5.3804080e-03
  -2.2158370e-02
  -4.8333800e-02
  -6.1566210e-02
  -5.2031970e-02
  -4.1410390e-02
  -2.0544680e-02
   3.0187230e-03
   1.3610490e-02
   2.4092690e-02
   1.5974050e-02
   5.0336860e-04
  -1.9652990e-02
  -3.3951370e-02
  -3.2261940e-02
  -3.3022830e-02
  -3.3329920e-02
  -2.8869530e-02
  -1.8248380e-02
  -1.1034220e-03
   1.4211520e-02
   1.8281700e-02
   1.8881160e-02
   2.4160760e-02
   2.6283800e-02
   2.2432550e-02
   5.6819580e-03
  -1.5419090e-02
  -2.6981520e-02
  -3.4835470e-02
  -2.6276450e-02
  -6.5666720e-03
   1.5647280e-02
   3.8771850e-02
   5.9177970e-02
   6.8738170e-02
   5.9145830e-02
   2.4598080e-02
  -1.0488680e-02
  -4.9701520e-02
  -9.0254520e-02
  -9.9054760e-02
  -9.0154670e-02
  -6.4580960e-02
  -3.1487480e-02
  -9.8003970e-04
   2.1747740e-02
   3.4950480e-02
   2.6260370e-02
   3.6056770e-03
  -2.0621030e-02
  -2.5631660e-02
  -1.2413470e-02
  -5.6196570e-03
  -7.0707180e-03
  -1.2873050e-02
  -1.3800160e-02
  -7.5395640e-04
   8.1220540e-03
   8.9808450e-03
   1.3837200e-02
   1.5706060e-02
   1.1483310e-02
   4.2529520e-04
  -1.8637670e-02
  -3.4336380e-02
  -3.1527340e-02
  -2.6206360e-02
  -3.1828570e-02
  -4.8168770e-02
  -6.5705890e-02
  -8.1565970e-02
  -8.5055950e-02
  -7.3103350e-02
  -5.7635220e-02
  -1.5385320e-02
   1.7835740e-02
   4.2099730e-02
   6.9197110e-02
   6.4877400e-02
   6.2867410e-02
   6.1972970e-02
   5.9904080e-02
   7.1255320e-02
   7.8003760e-02
   7.4108690e-02
   7.1947810e-02
   6.7302710e-02
   4.9562210e-02
   3.0930370e-02
   2.5499930e-02
   1.1570950e-02
  -8.5296650e-03
  -3.4738230e-02
  -7.0865560e-02
  -9.8231890e-02
  -1.1662710e-01
  -1.3420140e-01
  -1.2359530e-01
  -8.2574340e-02
  -3.7138000e-02
  -1.1042100e-02
   2.5746950e-02
   4.8692050e-02
   5.9469740e-02
   7.1106460e-02
   6.8615660e-02
   5.1259620e-02
   3.3430320e-02
   1.3546710e-02
  -1.3667380e-03
  -4.0199110e-03
   3.7211150e-03
   2.8035170e-02
   5.6471020e-02
   8.6959150e-02
   9.7968430e-02
   9.3438160e-02
   8.1008160e-02
   5.3973100e-02
   1.8637610e-02
  -1.7122310e-04
  -1.9273750e-02
  -4.6483280e-02
  -6.8287900e-02
  -7.7684570e-02
  -7.8416160e-02
  -6.7035090e-02
  -4.1028030e-02
  -1.5224790e-02
   7.4988210e-03
   3.2372020e-02
   5.7106790e-02
   7.1983010e-02
   6.5019310e-02
   5.0061790e-02
   3.8885050e-02
   3.3406210e-02
   2.9663780e-02
   2.9796960e-02
   2.8148690e-02
   1.8508400e-02
  -8.0114440e-03
  -2.9818770e-02
  -4.7095670e-02
  -5.9839550e-02
  -6.4225880e-02
  -6.6332590e-02
  -6.3593580e-02
  -5.0386940e-02
  -2.5336070e-02
   1.0468960e-02
   3.0718080e-02
   3.1999880e-02
   2.7824670e-02
   5.6219090e-03
  -2.4333630e-02
  -4.0909110e-02
  -3.9004160e-02
  -2.6661490e-02
  -6.3305650e-03
   2.6605350e-02
   3.2488530e-02
   3.3072580e-02
   3.1418250e-02
   1.3773890e-02
  -1.5854960e-02
  -3.0004080e-02
  -1.8634460e-02
  -5.8438770e-03
   9.7635080e-03
   2.4704830e-02
   3.5229390e-02
   4.7928910e-02
   5.9384920e-02
   6.3381060e-02
   5.9841410e-02
   5.2487840e-02
   4.7392320e-02
   4.1524040e-02
   2.8406800e-02
   5.5586240e-03
  -1.9139390e-02
  -3.0105650e-02
  -3.7291590e-02
  -4.8961400e-02
  -5.3739410e-02
  -5.6886850e-02
  -6.1716370e-02
  -6.5070290e-02
  -6.4692870e-02
  -6.3900090e-02
  -5.7930680e-02
  -3.9462550e-02
  -2.1212640e-03
   2.3963060e-02
   3.0306600e-02
   3.5535850e-02
   3.3687760e-02
   2.7154620e-02
   1.3515800e-02
  -6.0479900e-03
  -2.1553640e-02
  -3.2198670e-02
  -3.5197270e-02
  -3.7054270e-02
  -3.5182130e-02
  -3.9913380e-02
  -4.5742810e-02
  -3.1512410e-02
  -1.1957670e-02
  -8.5638980e-03
  -1.1152370e-02
  -2.3767400e-02
  -3.8187010e-02
  -2.7659720e-02
  -1.3005330e-02
  -5.2417860e-03
   6.7752210e-03
   2.0021250e-02
   3.1597490e-02
   4.2049410e-02
   4.4920650e-02
   4.2540030e-02
   4.1446040e-02
   4.3742930e-02
   4.9079410e-02
   5.2278440e-02
   5.1299030e-02
   4.4637090e-02
   4.2488550e-02
   4.9564480e-02
   5.3477510e-02
   4.5694440e-02
   2.6785810e-02
   1.2851680e-02
   4.9497830e-04
  -2.6696210e-03
   3.3940600e-03
   1.0146930e-02
   1.8020540e-02
   2.0438080e-02
   1.5655410e-02
   6.2081220e-03
  -7.4810640e-03
  -1.6141520e-02
  -1.1943940e-02
   2.2823920e-05
   8.2694890e-03
   1.8479540e-02
   2.9953310e-02
   3.6753110e-02
   3.7521220e-02
   3.5093080e-02
   3.2236530e-02
   1.4239280e-02
  -1.6323680e-02
  -3.6442090e-02
  -5.2444430e-02
  -5.9436870e-02
  -5.7290620e-02
  -5.0484740e-02
  -3.3745020e-02
  -1.4091580e-02
   1.1872830e-03
   1.1780880e-02
   9.2147280e-03
   8.6888180e-04
  -4.3342620e-03
  -1.1738240e-02
  -1.9949170e-02
  -2.7368400e-02
  -3.4243460e-02
  -3.7887870e-02
  -3.6209420e-02
  -2.8229160e-02
  -1.4306230e-02
   5.1412370e-03
   2.0713600e-02
   3.1655910e-02
   3.3459250e-02
   2.6845430e-02
   2.1281960e-02
   1.7161000e-02
   1.5573810e-02
   2.4011890e-02
   2.8853900e-02
   3.2092520e-02
   2.7385240e-02
   8.8066530e-03
  -1.3207730e-02
  -3.0414640e-02
  -4.0508100e-02
  -4.3027030e-02
  -4.0966700e-02
  -3.2512070e-02
  -2.2482960e-02
  -1.3526660e-02
  -9.1981500e-03
  -7.7308680e-03
  -1.2423810e-02
  -1.6801970e-02
  -1.9647820e-02
  -1.9258740e-02
  -1.1502960e-02
  -7.5060520e-03
  -5.7389220e-03
  -3.8776230e-03
  -1.7445900e-03
  -4.8207700e-03
  -1.1819780e-02
  -2.2777580e-02
  -2.9576550e-02
  -2.4812540e-02
  -1.4413820e-02
  -6.9616420e-03
   9.0796160e-04
   4.4164950e-03
   1.3451680e-04
  -7.5755750e-03
  -2.4514780e-02
  -3.9645470e-02
  -4.1277810e-02
  -3.5363770e-02
  -2.4607750e-02
  -7.0384640e-03
   4.3804030e-03
   2.1956680e-03
  -1.0774530e-02
  -2.1948430e-02
  -2.6472120e-02
  -2.7174540e-02
  -2.3976980e-02
  -1.0123500e-02
   2.9531410e-02
   6.1681500e-02
   6.3710120e-02
   6.4573290e-02
   4.9071240e-02
   9.3851990e-03
   1.2220930e-02
   1.5887690e-02
   1.4628140e-02
   2.1802310e-02
   2.2105770e-02
   1.8566560e-02
   1.3826850e-02
  -4.1393500e-04
  -1.4717150e-02
  -1.6112780e-02
  -1.8490620e-02
  -1.1879950e-02
  -1.6723960e-03
   9.8037970e-03
   2.0930170e-02
   3.2472670e-02
   4.4311480e-02
   5.4131200e-02
   5.9218220e-02
   5.8451550e-02
   4.7852260e-02
   4.1933780e-02
   3.6079560e-02
   3.5121710e-02
   3.9993690e-02
   3.3165690e-02
   2.7262660e-02
   2.5227450e-02
   1.2255970e-02
  -9.0743720e-03
  -2.1395060e-02
  -2.4456680e-02
  -1.0244930e-02
   1.1239400e-02
   2.5220710e-02
   2.3595360e-02
   2.5705060e-02
   3.1346340e-02
   2.9840050e-02
   2.0003430e-02
   1.3627190e-02
   1.4646120e-02
   1.7614150e-02
   1.8666740e-02
   1.4364120e-02
   1.1224430e-03
  -1.4256980e-02
  -2.6755780e-02
  -3.6976850e-02
  -4.1628390e-02
  -4.7689480e-02
  -4.0923670e-02
  -2.7226820e-02
  -1.7016130e-02
  -6.1450120e-03
   2.5301770e-05
  -4.8245780e-04
   1.5994200e-03
   3.9414180e-03
   2.0326910e-03
  -3.9706340e-03
  -7.5737940e-03
  -5.7221290e-03
  -8.9944190e-04
   8.3767720e-04
   3.8685240e-03
   7.6456690e-03
   7.6207040e-03
  -5.3167730e-03
  -1.7261560e-02
  -2.5738540e-02
  -3.2539380e-02
  -3.0530400e-02
  -2.0476150e-02
  -6.4779090e-03
   1.9545200e-03
   2.3506090e-03
   8.6314280e-05
  -2.4583480e-03
  -2.0055540e-03
  -1.7308460e-03
  -6.6330590e-03
  -1.3666570e-02
  -1.6970760e-02
  -1.3901490e-02
  -1.2359430e-02
  -1.5931860e-02
  -2.0259740e-02
  -2.4037850e-02
  -3.9695370e-02
  -5.4467820e-02
  -6.5807380e-02
  -7.5267860e-02
  -7.8792240e-02
  -8.4547710e-02
  -7.8195470e-02
  -6.2590450e-02
  -4.5582110e-02
  -2.9629580e-02
  -1.2472000e-02
   4.0128610e-03
   1.0332110e-02
   8.7185430e-03
  -1.7247800e-03
  -2.3812690e-02
  -4.5216480e-02
  -4.8082140e-02
  -4.2945860e-02
  -3.2031380e-02
  -1.8789390e-02
  -4.5456520e-03
   9.4864920e-03
   2.3988690e-02
   3.6416250e-02
   4.0879060e-02
   2.9164150e-02
   1.4773140e-02
  -1.6563400e-04
  -1.6173010e-02
  -3.2477290e-02
  -4.3660810e-02
  -4.6059540e-02
  -4.0415650e-02
  -2.4728350e-02
  -3.0086460e-03
  -9.4669170e-04
  -6.0283760e-03
  -4.7507070e-03
  -4.2886680e-03
  -3.1558320e-03
  -2.3249140e-03
  -4.7091150e-03
  -7.4421460e-03
  -7.1354000e-04
   1.8449850e-02
   3.1789620e-02
   4.2544350e-02
   4.5829610e-02
   4.5890010e-02
   4.2496520e-02
   3.9850480e-02
   3.3682470e-02
   1.7241970e-02
  -9.7204150e-03
  -1.7506400e-02
  -1.6832580e-02
  -1.5849970e-02
   8.6730260e-03
   3.8371000e-02
   5.6196360e-02
   6.3104240e-02
   7.1109810e-02
   7.1783960e-02
   6.5458710e-02
   5.8587400e-02
   5.3106130e-02
   4.6236870e-02
   3.9433720e-02
   3.5252020e-02
   3.2524360e-02
   3.4196780e-02
   3.6270930e-02
   3.1709700e-02
   2.7247350e-02
   2.5191970e-02
   2.4366430e-02
   2.4882390e-02
   2.2555710e-02
   1.7262450e-02
   1.5827840e-02
   2.2740040e-02
   2.7131560e-02
   2.6351360e-02
   2.2789830e-02
   2.5457780e-02
   2.8770840e-02
   2.4876200e-02
   2.1543550e-02
   2.1819230e-02
   2.2434320e-02
   2.2143220e-02
   2.7441210e-02
   3.6637910e-02
   4.1516900e-02
   4.0966880e-02
   4.0977960e-02
   4.2463720e-02
   4.1741200e-02
   3.6180450e-02
   3.0771260e-02
   2.6813520e-02
   2.1530390e-02
   1.5440390e-02
  -2.4483880e-03
  -2.6151740e-02
  -3.9531800e-02
  -4.0245450e-02
  -4.0876330e-02
  -3.6120650e-02
  -2.3119920e-02
  -8.9726720e-03
   2.7766010e-03
   1.3475050e-02
   1.8221990e-02
   1.0129600e-02
   3.0889670e-04
  -1.5514520e-02
  -2.9004740e-02
  -3.1990720e-02
  -3.5758900e-02
  -3.1223670e-02
  -2.6747760e-02
  -2.6921070e-02
  -2.8231760e-02
  -2.4902410e-02
  -1.6617260e-02
  -1.1201800e-02
  -5.7411850e-03
  -1.4980180e-03
  -6.4967330e-04
  -4.0289100e-03
  -8.2218990e-03
  -1.1638000e-02
  -1.0489830e-02
  -1.8830350e-03
   2.6295630e-03
   7.4994690e-03
   1.4245950e-02
   1.9752420e-02
   2.2553570e-02
   1.6231140e-02
  -7.3151950e-05
  -2.4103400e-02
  -4.2714800e-02
  -5.4513910e-02
  -5.8612560e-02
  -5.9847900e-02
  -4.9630960e-02
  -3.4384320e-02
  -1.5611950e-02
  -1.1343130e-02
  -1.4205870e-02
  -2.3573900e-02
  -3.5744590e-02
  -4.8641950e-02
  -5.9640490e-02
  -6.5689240e-02
  -6.2420910e-02
  -5.4713940e-02
  -5.1504150e-02
  -4.6087270e-02
  -4.0945200e-02
  -3.9871650e-02
  -4.3052620e-02
  -4.3690080e-02
  -3.6171670e-02
  -2.6410590e-02
  -1.6336750e-02
  -6.6769390e-03
  -1.0131830e-03
  -3.1735130e-03
  -1.0769420e-02
  -1.7168030e-02
  -2.3641400e-02
  -3.0455480e-02
  -3.0617240e-02
  -1.9959880e-02
  -1.3923710e-03
   1.5770580e-02
   3.0995380e-02
   3.8092670e-02
   3.4122660e-02
   2.4709330e-02
   1.6270840e-02
   1.4396950e-02
   1.0153760e-02
   7.1785490e-03
   7.7408530e-03
   1.0746070e-02
   1.5030040e-02
   1.6582090e-02
   1.5086270e-02
   1.2880420e-02
   1.1471220e-02
   6.0787520e-03
  -1.1929160e-03
  -5.9409040e-03
  -1.4918380e-03
   1.5505980e-02
   3.1265610e-02
   4.4778110e-02
   6.0501940e-02
   6.6075820e-02
   6.5079250e-02
   6.0307480e-02
   4.6854180e-02
   3.5586130e-02
   2.9755930e-02
   2.6602570e-02
   3.3034580e-02
   3.7990250e-02
   3.6426130e-02
   3.1832770e-02
   2.8011800e-02
   2.2957160e-02
   1.4869940e-02
   9.1200910e-03
   8.3351550e-03
   1.3162490e-02
   2.1932770e-02
   2.9219950e-02
   2.8581270e-02
   2.1201730e-02
   1.9318550e-02
   2.1717850e-02
   2.1480980e-02
   1.1958480e-02
   4.7324860e-03
  -4.2750750e-04
  -8.2490530e-03
  -1.5497900e-02
  -2.1357350e-02
  -2.5952280e-02
  -2.5279750e-02
  -1.4974110e-02
  -3.7999820e-03
   5.7269690e-03
   8.2453120e-03
   8.4001880e-03
   6.5578410e-03
   4.5099970e-03
   2.7167850e-03
   3.7183350e-04
   3.4748410e-03
   1.6794150e-02
   2.3059850e-02
   2.2953720e-02
   1.9814810e-02
   1.4977620e-02
   8.2332820e-03
   6.9560880e-04
  -6.0942780e-03
  -1.3380710e-02
  -2.0729180e-02
  -2.7889620e-02
  -3.5136860e-02
  -4.1572750e-02
  -4.6789860e-02
  -5.0166520e-02
  -5.2151610e-02
  -5.3271480e-02
  -5.6146190e-02
  -5.4422340e-02
  -4.9550040e-02
  -4.7695370e-02
  -4.7080550e-02
  -4.8641640e-02
  -3.8415190e-02
  -2.8987250e-02
  -2.3498180e-02
  -1.5083350e-02
  -9.4721350e-03
  -7.3047920e-03
  -5.3793500e-03
  -5.3624530e-03
  -4.7371750e-03
  -3.0094440e-03
  -1.4788520e-04
   2.0250730e-03
   3.6096540e-04
  -5.2773740e-03
  -7.8920060e-03
  -8.2658920e-03
  -2.9563310e-04
   8.8235160e-03
   1.5103890e-02
   2.3526120e-02
   3.1511230e-02
   3.3362980e-02
   2.4388980e-02
   7.7945030e-03
  -6.7869650e-03
  -1.9022350e-02
  -2.5864390e-02
  -2.5944150e-02
  -1.3264930e-02
  -1.3344480e-03
   8.2044200e-03
   1.6980560e-02
   1.9010520e-02
   1.5520280e-02
   1.1050110e-02
   6.8146410e-03
   2.9936670e-03
   7.1051090e-03
   1.0487090e-02
   1.1175610e-02
   9.7169250e-03
   5.4586970e-03
   2.7116290e-03
   1.1861650e-03
   8.5439210e-05
  -3.7826540e-04
   2.7288740e-03
   4.9872060e-03
   5.9005450e-03
   1.4027150e-03
  -3.5978770e-03
  -5.2528260e-03
  -4.4128570e-03
  -1.6403610e-03
   2.0224240e-04
   2.3962370e-03
   4.9148940e-03
   6.1194220e-03
   3.6254380e-03
  -6.0922310e-03
  -1.9685680e-02
  -3.1346750e-02
  -3.9668950e-02
  -4.0533990e-02
  -3.4596690e-02
  -2.7612630e-02
  -1.9656990e-02
  -1.1867880e-02
  -4.6978460e-03
  -1.9920590e-03
  -3.8858640e-03
  -8.7274190e-03
  -7.1278390e-03
  -2.0075950e-03
  -1.7561470e-03
  -6.1734460e-03
  -6.8081910e-03
   2.1908570e-03
   7.9197640e-03
   1.1850670e-02
   1.3811960e-02
   1.3111570e-02
   1.8200270e-02
   2.4308510e-02
   2.7829730e-02
   3.2660870e-02
   3.5968660e-02
   3.7884530e-02
   4.0997950e-02
   4.3432220e-02
   3.8912770e-02
   2.9239630e-02
   2.3798630e-02
   1.9090030e-02
   1.5432160e-02
   1.2434420e-02
   1.9480840e-02
   2.5785880e-02
   2.8561200e-02
   2.4159590e-02
   1.6585110e-03
  -1.7758450e-02
  -3.3911070e-02
  -5.1270660e-02
  -5.8302800e-02
  -6.5792400e-02
  -6.2113740e-02
  -4.8327600e-02
  -3.6467070e-02
  -2.8547130e-02
  -2.9699800e-02
  -3.6857080e-02
  -3.8880710e-02
  -4.2980070e-02
  -4.8467150e-02
  -4.7367440e-02
  -3.9105430e-02
  -3.5341020e-02
  -3.0885410e-02
  -2.5013130e-02
  -2.3437870e-02
  -2.0480040e-02
  -1.0174180e-02
  -2.1328950e-03
   4.6919040e-03
   1.3471540e-02
   2.1580840e-02
   2.6404950e-02
   2.8390910e-02
   2.4344110e-02
   1.2152250e-02
   5.4104890e-04
  -2.9586760e-04
   6.7037690e-03
   1.4029920e-02
   2.4897120e-02
   3.5302310e-02
   4.2787990e-02
   4.4736990e-02
   4.1244330e-02
   3.7282890e-02
   3.3035180e-02
   2.8170920e-02
   2.3361280e-02
   1.9052370e-02
   1.8870920e-02
   2.3309360e-02
   2.7001780e-02
   3.0023660e-02
   3.1975640e-02
   2.5986780e-02
   2.1834660e-02
   2.2018240e-02
   2.5526580e-02
   2.6596180e-02
   2.1165920e-02
   1.5955970e-02
   2.0553660e-02
   2.5127700e-02
   2.3455590e-02
   1.2495900e-02
   3.9352960e-03
  -2.9119460e-03
  -1.2598520e-02
  -2.1592090e-02
  -3.0111910e-02
  -3.7947310e-02
  -4.0544670e-02
  -3.9176710e-02
  -3.6841200e-02
  -3.8217730e-02
  -3.9643750e-02
  -3.7038350e-02
  -3.4276410e-02
  -3.2939650e-02
  -3.0644830e-02
  -2.7734350e-02
  -2.0658630e-02
  -1.3207540e-02
  -7.6912570e-03
  -6.0838270e-03
  -1.2051290e-02
  -1.5772300e-02
  -1.6749540e-02
  -1.6613740e-02
  -8.8725710e-03
  -1.4191400e-03
   2.1704570e-03
   2.7224770e-03
   1.4343980e-03
   3.3664240e-03
   6.7826750e-03
   8.0087720e-03
   7.5886790e-03
   8.4934530e-03
   1.4085550e-02
   1.7569290e-02
   2.0841760e-02
   2.8784680e-02
   3.8771330e-02
   4.4682940e-02
   4.3819080e-02
   3.1880650e-02
   2.2594390e-02
   1.6302230e-02
   8.7813080e-03
   7.7816510e-04
  -8.5996790e-03
  -1.7582050e-02
  -1.7704100e-02
  -1.1119190e-02
  -1.0045830e-02
  -1.1078990e-02
  -1.3194700e-02
  -1.5003580e-02
  -1.6858700e-02
  -1.6318220e-02
  -1.0395250e-02
  -9.7154060e-03
  -1.1750890e-02
  -1.1460920e-02
  -9.3204090e-03
  -5.9622180e-03
  -3.2309180e-03
  -6.1032540e-04
  -1.4327120e-03
  -3.1840090e-03
  -6.8428930e-03
  -1.1306600e-02
  -1.6902800e-02
  -2.6066580e-02
  -3.9384620e-02
  -4.9044740e-02
  -5.2692850e-02
  -5.6101710e-02
  -5.3620260e-02
  -4.9034660e-02
  -3.8927820e-02
  -1.8181700e-02
  -3.8764690e-03
   5.0370140e-03
   7.3507680e-03
   5.1030290e-03
   3.0157570e-03
   1.4600220e-03
   1.5489180e-03
   7.2199500e-03
   1.9269660e-02
   2.8546950e-02
   3.7384590e-02
   4.1507230e-02
   3.3372980e-02
   2.8664390e-02
   2.7632860e-02
   3.2141020e-02
   3.7989200e-02
   4.1997400e-02
   4.7407320e-02
   5.3061520e-02
   5.8205320e-02
   6.2407060e-02
   6.2935540e-02
   5.8230280e-02
   5.4881340e-02
   5.2239400e-02
   4.8933080e-02
   4.9260520e-02
   4.8676790e-02
   4.2267540e-02
   3.5680710e-02
   3.1035630e-02
   2.5040670e-02
   2.2336300e-02
   2.2554600e-02
   2.0332400e-02
   1.6708410e-02
   1.0658360e-02
   5.7950210e-03
   8.7086520e-04
  -4.7122710e-03
  -9.0576280e-03
  -4.0782380e-03
   2.9797590e-03
   6.0876430e-03
   4.0880020e-03
  -8.1973350e-03
  -1.5312310e-02
  -2.2657550e-02
  -2.8361010e-02
  -2.6693150e-02
  -2.9349740e-02
  -3.3389430e-02
  -3.4728660e-02
  -3.2158060e-02
  -2.6395650e-02
  -2.3080010e-02
  -1.6837440e-02
  -9.7443590e-03
  -1.0196360e-02
  -2.1717720e-02
  -2.8104740e-02
  -3.4245880e-02
  -4.1831400e-02
  -3.2867290e-02
  -2.0158990e-02
  -1.4501300e-02
  -4.6157280e-03
   5.9703630e-03
   1.4478930e-02
   1.8701380e-02
   1.5678780e-02
   1.0527570e-02
  -1.3059770e-04
  -1.2891630e-02
  -1.9425080e-02
  -1.5924650e-02
  -1.0067240e-02
   1.4220580e-03
   1.3815160e-02
   1.9731430e-02
   1.7176590e-02
   1.2358370e-02
   4.4790400e-03
  -5.6061200e-03
  -1.2692030e-02
  -1.4146860e-02
  -9.9671080e-03
  -4.9199240e-03
  -1.4712520e-03
  -1.2859990e-03
  -9.9661800e-03
  -1.5293850e-02
  -1.9982930e-02
  -2.5643930e-02
  -2.8929440e-02
  -2.9292480e-02
  -2.4368050e-02
  -2.2013060e-02
  -1.9783610e-02
  -1.8471040e-02
  -1.8349180e-02
  -1.5831010e-02
  -1.1597960e-02
  -8.7769750e-03
  -6.0032050e-03
  -5.7295690e-03
  -5.3867570e-03
  -3.1855900e-03
  -1.2896020e-03
   1.3695940e-04
   1.7971540e-03
   1.8661900e-03
   1.9958380e-03
   2.6355670e-03
   6.6996930e-03
   1.6304030e-02
   2.2883890e-02
   2.9719080e-02
   3.7935930e-02
   4.5398690e-02
   5.2340790e-02
   5.5087350e-02
   5.5217420e-02
   5.2062680e-02
   4.5121710e-02
   3.8136790e-02
   3.1932480e-02
   2.4791570e-02
   2.4603640e-02
   3.7688020e-02
   4.5057240e-02
   5.1849020e-02
   5.3989470e-02
   3.9162370e-02
   2.7366560e-02
   1.5604200e-02
   3.1593640e-03
  -6.0519950e-03
  -8.1168610e-03
  -1.2047830e-02
  -1.6285410e-02
  -1.7941950e-02
  -1.8200290e-02
  -1.5419330e-02
  -1.2276680e-02
  -1.0577640e-02
  -9.0938430e-03
  -1.3892760e-02
  -1.8992060e-02
  -2.4830460e-02
  -3.2681260e-02
  -4.1739350e-02
  -5.0433570e-02
  -5.8876410e-02
  -6.5607450e-02
  -6.9495420e-02
  -6.4791650e-02
  -5.4056560e-02
  -4.0776630e-02
  -3.2245430e-02
  -2.8568620e-02
  -2.4699720e-02
  -2.1260270e-02
  -1.7865930e-02
  -1.4506440e-02
  -7.9474990e-03
   3.3862350e-03
   1.0666280e-02
   1.6237540e-02
   1.7240230e-02
   7.5401210e-03
   1.0346220e-03
  -4.6157540e-03
  -5.9300230e-03
  -2.9160060e-03
   1.3938280e-03
   7.3433370e-03
   1.3236960e-02
   8.6263680e-03
  -2.7305940e-04
  -6.1332870e-03
  -1.5621210e-02
  -2.4141140e-02
  -2.8317230e-02
  -2.5156410e-02
  -2.0226730e-02
  -1.6006000e-02
  -9.3567470e-03
  -3.2786430e-03
   2.7295110e-03
   9.1086530e-03
   1.4937620e-02
   2.0187680e-02
   2.2566870e-02
   2.4075880e-02
   2.4460050e-02
   1.9467490e-02
   1.3908020e-02
   7.7554470e-03
   5.3972780e-03
   9.2316380e-03
   1.4651000e-02
   2.0623410e-02
   3.1578160e-02
   3.5829660e-02
   3.2802210e-02
   2.8232290e-02
   2.3864500e-02
   1.7509590e-02
   1.0808830e-02
   7.3215000e-03
   5.3658140e-03
   3.5369470e-03
   3.2525160e-03
   1.3372750e-03
  -1.6887750e-03
  -4.7441580e-03
  -9.0392390e-03
  -1.3910740e-02
  -1.9961940e-02
  -2.4142680e-02
  -2.6614330e-02
  -2.9279010e-02
  -2.3603180e-02
  -1.8373750e-02
  -1.5284760e-02
  -8.3497010e-03
  -3.0705600e-03
  -3.1087530e-03
  -3.9525480e-04
   4.2091640e-03
   5.2389960e-03
   4.9951700e-03
   6.5606380e-03
   1.0315610e-02
   1.4357190e-02
   1.7496240e-02
   2.1103810e-02
   2.3711380e-02
   1.7935020e-02
   1.3000200e-02
   7.4313480e-03
  -1.8940200e-03
  -3.5151100e-03
  -5.5652130e-03
  -8.7906280e-03
  -9.8392240e-03
  -6.6228020e-03
  -1.2536620e-03
   3.1245850e-03
   8.9174590e-03
   1.5255050e-02
   2.1097260e-02
   2.2753730e-02
   1.9735280e-02
   1.5787330e-02
   9.9261810e-03
  -2.8119220e-03
  -1.0812730e-02
  -1.5507630e-02
  -1.7323300e-02
  -1.3677590e-02
  -1.2035180e-02
  -1.1935250e-02
  -1.4805560e-02
  -1.6820220e-02
  -1.6165440e-02
  -1.0560310e-02
  -5.0746990e-03
   2.3488700e-03
   9.1421680e-03
   1.3058980e-02
   1.6133030e-02
   1.3840780e-02
   9.0826220e-03
   7.3918300e-03
   5.3050030e-03
   6.3501350e-03
   1.2136100e-02
   1.2791770e-02
   1.0897180e-02
   8.2830520e-03
   4.2103660e-03
  -1.5835010e-03
  -8.3808800e-03
  -1.6655830e-02
  -1.7083710e-02
  -1.2204090e-02
  -7.5505700e-03
  -3.4320730e-04
   3.3858090e-03
   7.4847610e-03
   1.3538700e-02
   1.9933930e-02
   2.5678950e-02
   3.1143960e-02
   3.2731850e-02
   2.8315070e-02
   2.7703430e-02
   2.7777020e-02
   2.5993040e-02
   2.5341250e-02
   2.5023210e-02
   2.5981820e-02
   2.7977480e-02
   2.9066640e-02
   2.7371490e-02
   2.2499620e-02
   1.8803590e-02
   1.1495440e-02
   3.9931170e-03
  -5.4721690e-03
  -1.6041900e-02
  -2.5996330e-02
  -3.5662520e-02
  -3.7687150e-02
  -3.9034620e-02
  -4.0493190e-02
  -3.8632770e-02
  -3.4508070e-02
  -2.5201770e-02
  -1.8217840e-02
  -1.2827380e-02
  -8.3757630e-03
  -8.0178310e-03
  -1.4578150e-02
  -1.9182160e-02
  -2.6148410e-02
  -3.3043450e-02
  -3.8335980e-02
  -4.1001000e-02
  -4.3022000e-02
  -4.0925700e-02
  -3.7903390e-02
  -3.3166010e-02
  -2.6581260e-02
  -1.8823810e-02
  -1.5227030e-02
  -1.8121690e-02
  -2.1767340e-02
  -2.3776270e-02
  -2.5334750e-02
  -2.7402430e-02
  -2.7208360e-02
  -2.4142110e-02
  -2.0992900e-02
  -1.7371360e-02
  -1.2558250e-02
  -8.1097020e-03
  -3.5598900e-03
   1.4259020e-03
   6.6463020e-03
   9.9966400e-03
   9.5261630e-03
   6.2612440e-03
   2.9449980e-03
  -2.5181340e-03
  -6.9466740e-03
  -8.0902860e-03
  -5.9684280e-03
  -2.8575050e-03
   6.4727500e-04
   4.6592990e-03
   5.0981000e-03
   5.4548430e-03
   4.6099640e-03
   3.4073820e-03
   2.7675460e-03
   1.8669400e-03
   8.9484970e-04
   1.3442020e-04
  -6.4911830e-04
  -1.3042810e-03
  -9.9881890e-05
   1.5269840e-03
   2.4541480e-03
   4.5240340e-03
   6.6016580e-03
   8.1534160e-03
   9.6737310e-03
   1.0992740e-02
   9.0493960e-03
   6.3252910e-03
   4.9328030e-03
   3.3911310e-03
   8.2693720e-03
   1.2787070e-02
   1.5035070e-02
   1.7060350e-02
   1.9111640e-02
   2.1001110e-02
   2.0599300e-02
   2.0453370e-02
   2.0503990e-02
   1.9340370e-02
   1.8652880e-02
   1.8409580e-02
   1.7869820e-02
   1.6596100e-02
   1.4677390e-02
   1.5785920e-02
   1.6944800e-02
   1.5793400e-02
   1.2245140e-02
   9.6688830e-03
   8.2343630e-03
   7.5446980e-03
   9.0407670e-03
   1.2687160e-02
   1.4779830e-02
   1.7128520e-02
   1.9535280e-02
   2.1727270e-02
   1.9800620e-02
   1.3269080e-02
   1.0064790e-02
   5.7771730e-03
   1.0559550e-03
   1.6252960e-03
   1.5089130e-03
  -1.6067700e-03
  -7.6012720e-03
  -1.2405620e-02
  -1.5477240e-02
  -1.8660370e-02
  -1.9423190e-02
  -1.8097080e-02
  -2.2987830e-02
  -2.7496630e-02
  -2.8587740e-02
  -2.7404420e-02
  -2.2887060e-02
  -1.9884960e-02
  -1.6513430e-02
  -1.2336830e-02
  -8.3988060e-03
  -4.5549440e-03
  -9.4480010e-04
   2.7320780e-03
   6.6327550e-03
   1.0654130e-02
   1.3657330e-02
   1.5012130e-02
   1.5645910e-02
   1.4215700e-02
   1.3185560e-02
   1.1970520e-02
   1.0994600e-02
   1.0524280e-02
   9.5976570e-03
   9.0116090e-03
   1.1867260e-02
   1.3607420e-02
   1.2604990e-02
   1.3376790e-02
   1.5301470e-02
   1.6313260e-02
   1.7017050e-02
   1.7274180e-02
   1.7876140e-02
   1.9977060e-02
   2.1766840e-02
   2.1935590e-02
   1.7400420e-02
   1.3670130e-02
   1.2311220e-02
   1.4300810e-02
   1.4910500e-02
   1.4634750e-02
   1.2789740e-02
   1.0878870e-02
   6.5477710e-03
   3.5991970e-04
  -3.4326570e-03
  -6.3026010e-03
  -9.7248380e-03
  -8.8375360e-03
  -7.4679780e-03
  -9.2248830e-03
  -1.3886050e-02
  -1.7152690e-02
  -1.9178120e-02
  -1.9990170e-02
  -1.7928000e-02
  -1.5801580e-02
  -1.1734120e-02
  -9.3143570e-03
  -8.9031760e-03
  -7.1087670e-03
  -6.5097650e-03
  -6.6351470e-03
  -6.6673230e-03
  -8.6835970e-03
  -1.0609970e-02
  -1.2956460e-02
  -1.5593390e-02
  -1.8248580e-02
  -1.9986720e-02
  -2.0211080e-02
  -2.3189800e-02
  -2.7002330e-02
  -3.0449130e-02
  -3.4408670e-02
  -3.5328290e-02
  -3.4517720e-02
  -3.2145800e-02
  -2.7145770e-02
  -2.1589990e-02
  -1.6510060e-02
  -1.0537910e-02
  -6.2321660e-03
  -3.6640120e-03
   2.4776420e-04
   3.7635520e-03
   6.7943670e-03
   9.1193770e-03
   1.1136390e-02
   1.3503070e-02
   1.5549520e-02
   1.7553070e-02
   1.7798100e-02
   1.2987250e-02
   9.5874060e-03
   5.4292990e-03
  -2.8487020e-04
  -1.3993300e-03
  -2.8855550e-03
  -3.2246240e-03
  -1.1921790e-03
  -6.4320920e-04
  -5.2639420e-04
  -2.9994980e-03
  -5.2124460e-03
  -6.7112680e-03
  -8.8321070e-03
  -1.0827100e-02
  -1.2679180e-02
  -1.4016930e-02
  -1.4878690e-02
  -1.5980770e-02
  -1.6384120e-02
  -1.6770570e-02
  -1.6812170e-02
  -1.6261730e-02
  -1.5844250e-02
  -1.3807560e-02
  -1.5855210e-02
  -2.0325400e-02
  -2.1660050e-02
  -2.0816770e-02
  -1.6755810e-02
  -1.4331510e-02
  -1.2035990e-02
  -9.0155710e-03
  -7.5420050e-03
  -9.4683230e-03
  -1.0351000e-02
  -1.1076400e-02
  -1.2991080e-02
  -1.4834830e-02
  -1.6342160e-02
  -1.7912910e-02
  -1.7265850e-02
  -1.5511880e-02
  -1.2512010e-02
  -4.2797260e-03
   2.1966100e-03
   9.0958220e-03
   1.8301370e-02
   2.4419760e-02
   2.7937890e-02
   3.1803770e-02
   3.2141860e-02
   3.2709980e-02
   3.0647570e-02
   2.8073660e-02
   2.6538420e-02
   2.4117940e-02
   2.1790030e-02
   1.9920360e-02
   1.7948270e-02
   1.8566930e-02
   2.1216560e-02
   2.1411960e-02
   1.7087490e-02
   1.3808880e-02
   1.2098200e-02
   9.4648920e-03
   9.3074780e-03
   1.2327260e-02
   1.3126870e-02
   1.4473280e-02
   1.7062200e-02
   1.8789780e-02
   1.6995560e-02
   1.5877270e-02
   1.6293440e-02
   1.6030710e-02
   1.5739710e-02
   1.6926870e-02
   1.7883740e-02
   1.6765620e-02
   1.2749780e-02
   1.0140160e-02
   8.1788930e-03
   8.1428460e-03
   9.0353920e-03
   8.7654690e-03
   8.1962480e-03
   7.7615900e-03
   8.1940720e-03
   1.0070920e-02
   1.1621010e-02
   1.3353200e-02
   1.2513750e-02
   8.6645250e-03
   8.8673030e-03
   1.1132780e-02
   1.2888520e-02
   1.4253050e-02
   1.4665000e-02
   1.2011970e-02
   1.1798210e-02
   1.3219390e-02
   1.2546110e-02
   1.0784480e-02
   9.3646400e-03
   8.4476630e-03
   7.5250520e-03
   8.5649930e-03
   9.5295120e-03
   9.8598340e-03
   1.0712980e-02
   1.0582660e-02
   9.3959940e-03
   1.0378090e-02
   1.2926500e-02
   1.5787310e-02
   1.8871690e-02
   2.2467350e-02
   2.3216550e-02
   2.3311720e-02
   2.1756530e-02
   1.9472550e-02
   1.4835660e-02
   1.1118420e-02
   1.0308750e-02
   9.6332220e-03
   1.1547640e-02
   1.3020700e-02
   1.4008390e-02
   1.5670740e-02
   1.6632830e-02
   1.3505510e-02
   1.0932060e-02
   8.3787950e-03
   2.7082190e-03
  -1.8235350e-03
  -4.4179530e-03
  -6.9841210e-03
  -8.3049780e-03
  -6.5462930e-03
  -6.3551920e-03
  -7.3284860e-03
  -7.8532720e-03
  -9.5291100e-03
  -1.4961450e-02
  -1.9280210e-02
  -2.3154190e-02
  -2.8028120e-02
  -3.2023040e-02
  -3.5348060e-02
  -3.7036810e-02
  -3.7535190e-02
  -3.9329480e-02
  -4.1065700e-02
  -4.2533000e-02
  -4.5041040e-02
  -4.6711580e-02
  -4.6249340e-02
  -4.5587860e-02
  -4.3176950e-02
  -4.1042530e-02
  -3.9224980e-02
  -3.6885660e-02
  -3.3659900e-02
  -3.0059400e-02
  -2.6999710e-02
  -2.4510350e-02
  -2.1971420e-02
  -1.9654180e-02
  -1.8063830e-02
  -1.6162940e-02
  -1.4367800e-02
  -1.3800040e-02
  -1.5974750e-02
  -1.6911640e-02
  -1.5886970e-02
  -1.6314960e-02
  -1.9676140e-02
  -2.2014900e-02
  -2.2064510e-02
  -2.2543490e-02
  -2.3372670e-02
  -2.2019700e-02
  -2.0655960e-02
  -1.9436730e-02
  -1.6919150e-02
  -1.4698290e-02
  -1.2160980e-02
  -9.7256110e-03
  -9.6405440e-03
  -9.5693020e-03
  -8.3998810e-03
  -7.3276390e-03
  -5.5580320e-03
  -3.1478300e-03
  -1.9182150e-03
  -1.2585170e-03
  -1.1105540e-04
   2.5653970e-04
   6.4011400e-04
   1.3622800e-03
   1.9871380e-03
   2.5546910e-03
   2.5215650e-03
   1.3865430e-03
  -2.0517830e-04
  -1.5831430e-03
  -1.8155330e-03
  -2.3102100e-03
  -2.9487910e-03
  -3.1866550e-03
  -1.0668150e-03
   3.7274690e-03
   6.2396250e-03
   8.3380030e-03
   9.6427490e-03
   8.1872360e-03
   8.0263920e-03
   9.0974400e-03
   1.1571070e-02
   1.5858340e-02
   1.9474140e-02
   2.3663850e-02
   2.7833340e-02
   2.9415860e-02
   3.0885000e-02
   3.1933450e-02
   3.1999340e-02
   3.2062110e-02
   3.0485040e-02
   2.9462800e-02
   2.9299500e-02
   2.9371700e-02
   3.0771710e-02
   3.1714710e-02
   3.3077760e-02
   3.3674300e-02
   2.9065270e-02
   2.5510730e-02
   2.2766650e-02
   1.8473860e-02
   1.6210330e-02
   1.5837960e-02
   1.3891060e-02
   1.1988060e-02
   1.0304600e-02
   7.9490180e-03
   5.3326690e-03
   3.9574090e-03
   4.7048320e-03
   8.2985410e-03
   1.1517150e-02
   1.4506970e-02
   1.8073870e-02
   1.6646380e-02
   1.2992970e-02
   1.2257810e-02
   1.1417170e-02
   1.0257820e-02
   1.1049190e-02
   1.1589750e-02
   1.1245040e-02
   1.1242940e-02
   1.0211290e-02
   7.7929020e-03
   3.2875080e-03
  -1.5882000e-03
  -5.6130670e-03
  -9.9986130e-03
  -1.3173440e-02
  -1.6069090e-02
  -1.8166060e-02
  -1.8178880e-02
  -1.6761540e-02
  -1.5077040e-02
  -1.4694180e-02
  -1.5023880e-02
  -1.2973350e-02
  -9.8946020e-03
  -9.0633430e-03
  -8.9895880e-03
  -7.9114220e-03
  -7.5483750e-03
  -8.3157450e-03
  -8.5862970e-03
  -8.2145170e-03
  -7.0183310e-03
  -5.9839960e-03
  -2.9947330e-03
   6.3609860e-04
   2.4294070e-03
   4.3121200e-03
   5.8441330e-03
   3.0901350e-03
   1.1327160e-03
   8.7727690e-04
   4.4480860e-05
  -1.4884100e-03
  -4.3807790e-03
  -6.9056270e-03
  -8.4913390e-03
  -1.0062870e-02
  -8.0010310e-03
  -6.0858700e-03
  -4.4375610e-03
  -8.2564280e-04
   1.8167800e-03
   2.0356530e-03
   1.5794720e-03
   2.1726680e-03
   2.1726170e-03
   1.2573070e-03
  -2.1374320e-04
  -1.2954090e-03
  -3.5581110e-03
  -4.3755550e-03
  -1.6034980e-03
  -6.6535960e-04
  -2.7151230e-03
  -5.1521520e-03
  -6.4134120e-03
  -8.2423500e-03
  -1.0131850e-02
  -1.0485830e-02
  -1.0586190e-02
  -1.0657030e-02
  -1.0356570e-02
  -1.3758260e-02
  -1.6674750e-02
  -1.8043400e-02
  -1.9437450e-02
  -1.7849810e-02
  -1.6786940e-02
  -1.6169510e-02
  -1.4107650e-02
  -1.2354740e-02
  -1.0775610e-02
  -8.4510220e-03
  -6.2875410e-03
  -4.2985510e-03
  -2.8602430e-03
  -2.0001720e-03
  -1.4715810e-03
  -4.2130960e-03
  -6.3321210e-03
  -6.6027100e-03
  -7.3506410e-03
  -7.6216150e-03
  -7.9549320e-03
  -1.0539900e-02
  -1.3096580e-02
  -1.4841850e-02
  -1.7092910e-02
  -1.9260240e-02
  -1.9887710e-02
  -1.9952930e-02
  -1.7863960e-02
  -1.5258550e-02
  -1.3404040e-02
  -1.0324200e-02
  -8.6139520e-03
  -9.7362080e-03
  -9.5209560e-03
  -8.6485660e-03
  -7.3949520e-03
  -6.2879970e-03
  -5.3446560e-03
  -4.5243970e-03
  -3.5935300e-03
  -1.5254060e-03
   1.3383110e-03
   3.7701800e-03
   8.6222610e-03
   1.3263270e-02
   1.5962490e-02
   1.9443650e-02
   2.2743230e-02
   2.3479680e-02
   2.2134300e-02
   2.0641910e-02
   2.0358550e-02
   2.0036500e-02
   1.9933460e-02
   2.1952260e-02
   2.3501090e-02
   2.4910760e-02
   2.6488210e-02
   2.4501980e-02
   2.1698450e-02
   2.0426650e-02
   1.8249880e-02
   1.5922420e-02
   1.4117040e-02
   1.2617760e-02
   1.0961940e-02
   1.0020900e-02
   1.1078310e-02
   1.1517660e-02
   1.1875780e-02
   1.3238420e-02
   1.4291990e-02
   1.5303290e-02
   1.6772290e-02
   1.8096770e-02
   1.9371140e-02
   2.0756740e-02
   2.2053920e-02
   2.2937650e-02
   2.3820820e-02
   2.4105420e-02
   2.2890360e-02
   2.1275800e-02
   1.7112110e-02
   1.3558660e-02
   1.0779860e-02
   8.7043210e-03
   8.4677510e-03
   7.3238420e-03
   7.4228590e-03
   7.8586670e-03
   8.1243030e-03
   8.5910030e-03
   5.7143900e-03
   2.4063700e-03
   1.9073480e-03
   9.6474580e-04
   2.4171380e-03
   3.8163340e-03
   1.6151040e-03
  -1.1683590e-03
  -2.3215330e-03
  -4.1236100e-03
  -4.7928950e-03
  -3.0225640e-03
  -2.5059850e-03
  -1.7424670e-03
  -3.5754100e-04
   6.3912650e-04
   5.6341810e-04
  -6.1991030e-04
  -9.8849400e-04
  -1.9325320e-03
  -3.4095640e-03
  -4.4499050e-03
  -5.4567380e-03
  -5.4879170e-03
  -5.5449400e-03
  -5.8562070e-03
  -5.7568420e-03
  -6.0676580e-03
  -7.7969080e-03
  -8.8870360e-03
  -6.7639180e-03
  -5.0554880e-03
  -6.4430430e-03
  -6.3571510e-03
  -4.6372380e-03
  -2.7486530e-03
  -1.8528840e-03
  -1.4123770e-03
  -5.3568170e-04
  -5.4149200e-04
  -1.8018630e-03
  -2.2794480e-03
  -2.2772420e-03
  -2.4429410e-03
  -2.6398940e-03
  -2.2027310e-03
  -2.2098090e-03
  -5.1214220e-03
  -7.3382190e-03
  -8.6818350e-03
  -1.0898190e-02
  -1.4295990e-02
  -1.7379190e-02
  -1.9926710e-02
  -2.1641530e-02
  -2.1898480e-02
  -2.2298870e-02
  -1.9409150e-02
  -1.7038230e-02
  -1.6510250e-02
  -1.4977970e-02
  -1.5197540e-02
  -1.7230190e-02
  -1.8139470e-02
  -1.9986980e-02
  -2.1818840e-02
  -2.1838580e-02
  -2.1993560e-02
  -2.1930140e-02
  -1.9460010e-02
  -1.7620470e-02
  -1.6231130e-02
  -1.4783200e-02
  -1.3349880e-02
  -1.0518270e-02
  -7.1219220e-03
  -5.2545870e-03
  -5.1900070e-03
  -5.9172060e-03
  -9.4357480e-03
  -1.1124360e-02
  -1.1988740e-02
  -1.5089100e-02
  -1.8700120e-02
  -2.0315780e-02
  -1.8067420e-02
  -1.5543860e-02
  -1.3392680e-02
  -1.1208960e-02
  -9.9392770e-03
  -8.3759440e-03
  -6.9929980e-03
  -6.9319840e-03
  -5.7547870e-03
  -4.1281790e-03
  -3.4105360e-03
  -2.6549250e-03
  -2.5612300e-03
  -1.1380530e-03
   2.8314500e-03
   5.6079060e-03
   8.7841150e-03
   1.2471380e-02
   1.6010740e-02
   1.9014830e-02
   2.0973600e-02
   2.0764190e-02
   1.8695490e-02
   1.8033440e-02
   1.6782750e-02
   1.5163200e-02
   1.4232320e-02
   1.3269590e-02
   1.2186750e-02
   1.1555920e-02
   1.0857660e-02
   1.0298330e-02
   1.0495050e-02
   1.0475790e-02
   1.1050950e-02
   1.2582780e-02
   1.3324910e-02
   1.2996090e-02
   1.3011760e-02
   1.3199240e-02
   1.2959980e-02
   1.2755140e-02
   1.2537400e-02
   1.0592770e-02
   7.8959880e-03
   6.0931040e-03
   3.9385850e-03
   1.6920690e-03
  -3.4940800e-04
  -1.7657860e-03
  -2.8740400e-03
  -3.4373940e-03
  -1.5003420e-03
  -5.0399130e-04
  -2.3943100e-03
  -3.7465010e-03
  -4.2559360e-03
  -5.2298030e-03
  -5.2764480e-03
  -4.1482040e-03
  -3.8335410e-03
  -2.4710060e-03
   3.7349940e-04
   5.7894300e-04
  -2.4342960e-03
  -3.9988460e-03
  -6.2156790e-03
  -7.2446750e-03
  -5.2915460e-03
  -4.1628550e-03
  -2.1376860e-03
  -8.8053740e-04
  -2.1960010e-03
  -4.1798780e-03
  -4.8393740e-03
  -5.3528810e-03
  -5.8790260e-03
  -5.6469610e-03
  -5.7450510e-03
  -5.8765970e-03
  -5.8426860e-03
  -5.8514610e-03
  -5.8142610e-03
  -4.7343570e-03
  -2.8990810e-03
  -1.4182390e-03
   7.4677830e-04
   2.0229750e-03
   2.2910740e-03
   3.2361770e-03
   2.9176500e-03
   2.3158900e-03
   2.3159020e-03
   2.0302930e-03
   1.7243690e-03
   2.2462420e-03
   3.0394210e-03
   3.4527000e-03
   4.5635390e-03
   6.4407760e-03
   7.6146670e-03
   8.1322790e-03
   6.6203310e-03
   5.2925200e-03
   3.1758220e-03
   1.7810900e-04
  -1.5060690e-03
  -1.6376870e-03
  -2.4588200e-03
  -3.2820790e-03
  -3.6298670e-03
  -4.1533570e-03
  -4.3625600e-03
  -4.1217220e-03
  -4.3619030e-04
   4.1225650e-03
   6.6884040e-03
   9.8401760e-03
   1.2314450e-02
   1.4376440e-02
   1.6111190e-02
   1.6570200e-02
   1.5999690e-02
   1.3568460e-02
   9.6743460e-03
   7.5147420e-03
   5.4987260e-03
   3.1656330e-03
   2.4008250e-03
   1.2060180e-03
  -1.3589710e-03
  -3.4219200e-03
  -3.5018550e-03
  -1.4264940e-03
  -6.5589920e-04
   5.3978050e-04
   2.0138270e-03
   8.9498820e-04
   9.2975220e-05
   3.8833520e-04
   4.2125660e-04
   3.1645390e-04
   6.0398750e-04
   6.8750100e-05
  -2.4820150e-03
  -4.1178350e-03
  -4.8669970e-03
  -4.5764380e-03
  -1.6560610e-03
   2.7404350e-04
   1.8610900e-03
   2.8736100e-03
   8.8271980e-04
  -6.0110720e-04
  -1.6207110e-03
  -3.4928860e-03
  -3.7510640e-03
  -3.2221780e-03
  -2.2852940e-03
  -3.1025890e-03
  -7.0471910e-03
  -8.7317240e-03
  -9.6532070e-03
  -1.0442000e-02
  -1.0918900e-02
  -9.6719320e-03
  -8.9882960e-03
  -1.0097300e-02
  -1.0684090e-02
  -1.0443790e-02
  -9.7064290e-03
  -7.7482470e-03
  -6.8834340e-03
  -6.4911330e-03
  -5.4815770e-03
  -5.1614090e-03
  -6.2383540e-03
  -6.8621600e-03
  -7.9833840e-03
  -9.6130640e-03
  -1.0388650e-02
  -1.0555080e-02
  -7.8270150e-03
  -3.4130450e-03
  -1.0963280e-03
   1.7896070e-03
   4.7406510e-03
   7.1005700e-03
   9.2762240e-03
   1.1394890e-02
   1.1560960e-02
   9.4717480e-03
   9.2103360e-03
   8.9369410e-03
   9.0724960e-03
   1.1138830e-02
   1.2281330e-02
   1.2780070e-02
   1.3408760e-02
   1.1557030e-02
   9.5586300e-03
   9.8082680e-03
   9.4411630e-03
   8.5133640e-03
   8.8032700e-03
   9.8957900e-03
   1.0304740e-02
   1.0703360e-02
   1.1163140e-02
   9.7067230e-03
   7.7629790e-03
   6.2459480e-03
   4.2421480e-03
   3.2902480e-03
   2.6532810e-03
   1.3806740e-03
  -8.7816860e-05
  -1.3999800e-03
  -1.8591540e-03
  -1.4560850e-03
  -1.1927110e-03
   1.3846670e-03
   3.7442040e-03
   4.7191320e-03
   4.8377960e-03
   5.8232140e-03
   7.2044090e-03
   7.2224910e-03
   5.2255330e-03
   4.0163460e-03
   2.9954690e-03
   1.5499790e-03
   1.4679180e-03
   1.5043160e-03
   2.3727890e-03
   5.0420440e-03
   5.4279720e-03
   3.6748230e-03
   3.2781260e-03
   2.6878700e-03
   3.1228500e-03
   5.5868500e-03
   5.7262360e-03
   4.6386500e-03
   4.8383540e-03
   4.3802660e-03
   3.4077940e-03
   2.9529320e-03
   2.4015180e-03
   1.7028790e-03
   1.5890900e-03
   3.3700210e-03
   4.4970030e-03
   3.1826860e-03
   1.7095840e-03
   1.1639800e-03
   2.3393380e-03
   3.2055900e-03
   4.5225720e-03
   5.7227980e-03
   5.5819360e-03
   5.4844310e-03
   5.9552760e-03
   6.0461260e-03
   6.6321840e-03
   8.7395430e-03
   1.0374350e-02
   1.0489910e-02
   7.4091620e-03
   4.8042790e-03
   2.7804780e-03
   2.0730310e-03
   1.2373820e-03
   2.3161790e-03
   4.1426970e-03
   4.5119010e-03
   4.5251880e-03
   3.4364680e-03
   1.2264530e-03
  -1.4826890e-04
  -1.1924180e-03
  -2.1838670e-03
  -3.4691860e-03
  -3.4804150e-03
  -2.0426420e-03
  -1.0767070e-03
   5.3974930e-04
   1.8522950e-03
   2.2700620e-03
   3.3675950e-03
   5.4437640e-03
   7.6060110e-03
   8.3205660e-03
   8.1954270e-03
   7.2657200e-03
   6.1287990e-03
   4.7217100e-03
   2.7911550e-03
   8.1172310e-04
  -6.1356470e-04
  -5.8897480e-04
  -2.6543120e-03
  -4.4027150e-03
  -5.2944920e-03
  -6.7491380e-03
  -7.3679150e-03
  -7.6289500e-03
  -8.4993730e-03
  -8.6718310e-03
  -7.6355800e-03
  -7.1779560e-03
  -6.6653460e-03
  -5.8821460e-03
  -5.4006880e-03
  -6.6280030e-03
  -8.2115810e-03
  -9.0879820e-03
  -1.0494610e-02
  -1.2302300e-02
  -1.4202750e-02
  -1.4294220e-02
  -1.3136780e-02
  -1.3163450e-02
  -1.2760200e-02
  -1.1936150e-02
  -1.1324380e-02
  -1.1380720e-02
  -1.2161870e-02
  -1.2403500e-02
  -1.2726560e-02
  -1.2723570e-02
  -1.2299330e-02
  -1.2099800e-02
  -1.1866940e-02
  -1.1536020e-02
  -1.1240360e-02
  -1.0856250e-02
  -1.0048600e-02
  -8.1435070e-03
  -7.4239370e-03
  -8.5046860e-03
  -8.5861040e-03
  -8.6937780e-03
  -9.3821170e-03
  -9.5805080e-03
  -8.9600080e-03
  -8.4927380e-03
  -7.5932400e-03
  -6.7426110e-03
  -6.4979920e-03
  -6.0474550e-03
  -5.5755120e-03
  -6.9851790e-03
  -9.4655040e-03
  -9.2494020e-03
  -9.1839940e-03
  -1.0952170e-02
  -1.2731980e-02
  -1.3710510e-02
  -1.4667810e-02
  -1.4860050e-02
  -1.4059400e-02
  -1.3907180e-02
  -1.3022410e-02
  -1.1665390e-02
  -1.0651640e-02
  -9.1619820e-03
  -7.6761090e-03
  -6.8245840e-03
  -6.6823210e-03
  -7.0625600e-03
  -7.2919170e-03
  -6.3886830e-03
  -5.2808060e-03
  -3.6545820e-03
  -1.9916320e-03
  -9.8930710e-04
  -2.8916490e-04
   6.0038740e-04
   1.4438320e-03
   2.7712220e-03
   4.2674430e-03
   5.4890760e-03
   6.5737600e-03
   7.5843990e-03
   7.6780060e-03
   7.6201300e-03
   9.0191490e-03
   1.0075950e-02
   9.1335070e-03
   8.2003250e-03
   7.9081040e-03
   7.8319450e-03
   8.6228660e-03
   8.9793040e-03
   9.3133600e-03
   9.7856520e-03
   9.7376450e-03
   9.0493630e-03
   8.6702590e-03
   7.5150190e-03
   7.7700890e-03
   8.4275880e-03
   8.8148410e-03
   1.1083390e-02
   1.2533810e-02
   1.1830580e-02
   1.1558090e-02
   9.9544290e-03
   8.0921380e-03
   6.3580900e-03
   3.1989850e-03
   5.6608710e-04
   3.5288460e-04
   4.2338430e-04
  -2.8109050e-04
  -4.3488260e-04
  -4.0294270e-04
   1.0858880e-03
   3.4237690e-03
   6.2346650e-03
   1.1282140e-02
   1.2925330e-02
   1.3068220e-02
   1.2464590e-02
   1.2430780e-02
   1.2007560e-02
   1.0841500e-02
   9.8359050e-03
   8.9241420e-03
   9.8136440e-03
   1.0780150e-02
   1.1125200e-02
   1.2229880e-02
   1.2439290e-02
   1.0295410e-02
   8.9758100e-03
   7.9909970e-03
   6.6665640e-03
   5.5961120e-03
   4.4901590e-03
   3.5463640e-03
   2.7193200e-03
   2.3697730e-03
   8.7191160e-04
  -2.1647580e-03
  -3.1724150e-03
  -3.8625490e-03
  -4.0954390e-03
  -3.0037490e-03
  -1.4201900e-03
  -3.6710140e-04
   9.7487590e-04
   2.5833330e-03
   5.6272880e-03
   5.2152940e-03
   1.1930790e-03
   1.2697680e-03
   1.7353380e-03
   3.1986550e-04
  -3.7838930e-05
   9.1246850e-04
   2.0044320e-03
   2.6601100e-03
   2.5063060e-03
   1.1935970e-03
   5.7561640e-04
  -6.1001390e-04
  -3.0086070e-03
  -6.3510060e-03
  -7.4349100e-03
  -8.8022790e-03
  -1.0902900e-02
  -1.1452480e-02
  -1.0308360e-02
  -9.9662570e-03
  -9.3213980e-03
  -8.2361300e-03
  -6.7190230e-03
  -5.1070940e-03
  -3.7275640e-03
  -3.3646850e-03
  -3.4436550e-03
  -2.2504190e-03
  -1.6188420e-03
  -1.1480890e-03
  -3.6506860e-04
   4.0970900e-04
   2.6571520e-03
   4.6826890e-03
   4.0437510e-03
   3.6518160e-03
   1.1115750e-03
   2.6816610e-03
   5.3881560e-03
   3.8750290e-03
   3.2541030e-03
   2.7890980e-03
   9.0555010e-04
   5.6406630e-04
  -9.1043140e-04
  -3.7935750e-03
  -3.9800790e-03
  -4.6058850e-03
  -5.9779240e-03
  -6.4663230e-03
  -4.3568910e-03
  -1.9384800e-03
  -1.0703530e-03
   2.7752330e-04
   6.5221790e-04
   1.0943120e-03
   1.7053140e-03
   1.4087220e-03
   1.5525950e-04
  -7.8938770e-04
  -1.6320840e-03
  -2.9760540e-03
  -4.8824970e-03
  -5.3869880e-03
  -5.9757310e-03
  -6.8656190e-03
  -5.9770760e-03
  -5.2718150e-03
  -4.7731540e-03
  -3.0707820e-03
  -1.7033360e-03
  -1.1603880e-03
  -6.2285470e-04
  -3.2273440e-04
  -2.1936140e-03
  -2.7805120e-03
  -1.9107820e-03
  -2.3518520e-03
  -2.4907540e-03
  -2.4196410e-03
  -3.5974340e-03
  -4.6406510e-03
  -5.4084390e-03
  -6.4825530e-03
  -7.7543620e-03
  -9.2395150e-03
  -1.0030180e-02
  -1.0381430e-02
  -1.2055330e-02
  -1.3553570e-02
  -1.4707680e-02
  -1.5712890e-02
  -1.6652590e-02
  -1.7608420e-02
  -1.6547000e-02
  -1.4041220e-02
  -1.2833170e-02
  -1.0557940e-02
  -7.3809010e-03
  -5.8124430e-03
  -4.1031310e-03
  -2.1123380e-03
  -5.6414830e-04
   1.1093110e-03
   2.8096120e-03
   4.4076870e-03
   4.9443330e-03
   3.5089550e-03
   3.6180020e-03
   3.1526840e-03
   4.0763280e-03
   6.0433970e-03
   6.7819370e-03
   7.9003670e-03
   9.3001580e-03
   9.1085810e-03
   7.5602420e-03
   7.0697910e-03
   6.1304530e-03
   4.9103400e-03
   4.5827170e-03
   4.9962180e-03
   6.5056180e-03
   8.5357010e-03
   9.0037180e-03
   9.0356630e-03
   9.7278050e-03
   9.2371000e-03
   8.2569690e-03
   6.3915990e-03
   5.0436790e-03
   4.9743790e-03
   4.2225880e-03
   3.5012380e-03
   3.0917220e-03
   2.5213780e-03
   1.9960290e-03
   2.1272730e-03
   2.6504740e-03
   4.0706370e-03
   5.3172700e-03
   4.6257000e-03
   4.5044680e-03
   4.1992200e-03
   1.9229450e-03
   3.2043360e-03
   4.4294010e-03
   4.3488520e-03
   5.4149130e-03
   6.3264450e-03
   6.3419540e-03
   6.6863260e-03
   6.1985880e-03
   4.4775020e-03
   3.6673100e-03
   3.1706670e-03
   2.2323170e-03
   1.5155320e-03
   1.8300600e-03
   2.0949740e-03
   2.0613620e-03
   2.2959350e-03
   2.1526020e-03
   1.5478780e-03
   1.0225670e-03
  -2.6909320e-04
  -1.4562290e-03
  -2.5980580e-03
  -4.4401400e-03
  -5.6264650e-03
  -5.2972160e-03
  -5.5593910e-03
  -5.8078490e-03
  -5.4839820e-03
  -5.4350730e-03
  -5.4677820e-03
  -5.4453440e-03
  -5.4344850e-03
  -5.7076630e-03
  -7.9314890e-03
  -9.6014960e-03
  -9.3653020e-03
  -9.4927450e-03
  -8.5930740e-03
  -7.5519820e-03
  -6.7617260e-03
  -5.7006530e-03
  -4.6807300e-03
  -3.8518950e-03
  -4.8931340e-03
  -6.1292740e-03
  -5.0253710e-03
  -4.9237830e-03
  -5.0494200e-03
  -4.4693280e-03
  -4.0979490e-03
  -3.8233320e-03
  -3.4145640e-03
  -3.7403920e-03
  -3.3227640e-03
  -2.3190680e-03
  -1.8942680e-03
  -1.1735440e-03
  -2.6176170e-03
  -4.3503570e-03
  -5.1202980e-03
  -5.4095800e-03
  -5.3436370e-03
  -5.9502240e-03
  -6.1921280e-03
  -5.1235060e-03
  -3.9820870e-03
  -3.9264300e-03
  -4.4575790e-03
  -4.5198600e-03
  -4.6956860e-03
  -4.9437390e-03
  -3.9745120e-03
  -2.6937450e-03
  -1.2756410e-03
   6.0213460e-04
   2.2499190e-03
   2.8948160e-03
   2.1286160e-03
   2.1561610e-03
   2.1797450e-03
   2.0023120e-03
   1.9251920e-03
   1.8500440e-03
   1.7578940e-03
   1.5780050e-03
   5.5580760e-04
  -5.0877560e-04
  -1.1436510e-03
  -5.1596050e-04
   9.4270960e-04
   1.6935990e-03
   2.3772500e-03
   3.3489950e-03
   4.2008220e-03
   4.4669800e-03
   4.0242470e-03
   3.8503890e-03
   3.0217090e-03
   2.7316000e-03
   5.0917730e-03
   6.5299530e-03
   5.5027290e-03
   5.4113700e-03
   5.6844880e-03
   5.3209380e-03
   5.7310500e-03
   6.5816360e-03
   7.2522500e-03
   8.0313520e-03
   8.8489620e-03
   9.5454890e-03
   8.9682720e-03
   7.8012510e-03
   7.3610760e-03
   7.1227320e-03
   6.8525200e-03
   6.4270030e-03
   6.1468540e-03
   6.5043980e-03
   7.0947910e-03
   7.3146760e-03
   7.2311980e-03
   7.2510580e-03
   7.1118050e-03
   5.0827990e-03
   2.9947860e-03
   1.6449250e-03
   1.2360970e-03
   1.5011740e-03
   1.0059540e-03
   5.7383510e-04
   3.8249860e-04
   3.6444070e-05
  -1.7961470e-04
  -2.8836090e-04
   1.9473600e-04
   2.0204280e-03
   3.3099370e-03
   4.5611640e-03
   6.4644580e-03
   8.1942560e-03
   9.4344320e-03
   1.0337360e-02
   1.0759560e-02
   1.0905260e-02
   1.1035730e-02
   9.9648820e-03
   9.0589520e-03
   8.3787030e-03
   6.5079700e-03
   4.2937300e-03
   3.4222920e-03
   3.4353310e-03
   2.9500060e-03
   2.9123510e-03
   2.6673930e-03
   1.6149960e-03
   1.0702660e-03
   1.4750590e-03
   1.4990900e-03
   1.4226090e-03
   1.7208770e-03
   2.1174750e-03
   2.6150140e-03
   3.0767520e-03
   3.6876120e-03
   4.6000140e-03
   5.3374650e-03
   4.9688000e-03
   4.0290080e-03
   3.9449390e-03
   3.4779210e-03
   2.7962190e-03
   1.2891820e-03
  -7.8481550e-04
  -2.5140180e-03
  -4.4681950e-03
  -6.3142360e-03
  -6.6953530e-03
  -5.9150620e-03
  -5.6553330e-03
  -5.5630310e-03
  -6.8289870e-03
  -8.6318680e-03
  -8.6900180e-03
  -7.1579140e-03
  -6.5702180e-03
  -5.9022040e-03
  -5.2696290e-03
  -5.3945670e-03
  -6.1519820e-03
  -8.0076080e-03
  -8.3964290e-03
  -8.3004130e-03
  -8.1776680e-03
  -5.9028290e-03
  -4.8965390e-03
  -4.4636210e-03
  -5.0524180e-03
  -5.6525680e-03
  -5.9232040e-03
  -5.8326360e-03
  -4.7063500e-03
  -4.5619880e-03
  -4.9549890e-03
  -4.6891240e-03
  -5.1458210e-03
  -6.4392260e-03
  -7.1931360e-03
  -8.8970520e-03
  -1.1742230e-02
  -1.1653470e-02
  -1.1318170e-02
  -1.1211320e-02
  -1.0654810e-02
  -1.0140140e-02
  -9.7108790e-03
  -9.8418600e-03
  -1.0280220e-02
  -1.0395120e-02
  -9.8709080e-03
  -8.3049240e-03
  -6.7707540e-03
  -4.4193940e-03
  -1.9645060e-03
  -2.2610620e-04
   1.2395810e-03
   1.6536270e-03
  -3.9961740e-04
   4.8345590e-04
   1.2118470e-03
   1.2048580e-03
   3.0391050e-03
   4.2506120e-03
   4.5469690e-03
   3.4717810e-03
   1.7139270e-03
   3.7492400e-04
   2.5446040e-04
   8.8813930e-04
   8.6880930e-04
   1.5346220e-03
   2.3072600e-03
   2.4744950e-03
   2.8829870e-03
   3.3604070e-03
   3.6955270e-03
   4.0831050e-03
   4.6727600e-03
   5.4418160e-03
   6.0679200e-03
   6.4967410e-03
   5.2275070e-03
   4.1156840e-03
   3.8744740e-03
   4.4748800e-03
   5.3403090e-03
   5.8578780e-03
   5.9141240e-03
   5.2652450e-03
   5.0082690e-03
   4.4970010e-03
   3.9395850e-03
   3.7803850e-03
   3.8319240e-03
   3.9647640e-03
   4.3438980e-03
   5.0539330e-03
   3.2561150e-03
   2.5247120e-03
   2.4665870e-03
   1.7998590e-03
   1.0688100e-03
   2.7102880e-04
  -5.0267380e-04
  -1.2678610e-03
  -1.9987310e-03
  -2.7242090e-03
  -3.4641840e-03
  -3.7984380e-03
  -2.8877210e-03
  -2.2056870e-03
  -1.7754690e-03
  -1.0586080e-03
  -4.1924200e-04
   1.3700560e-04
  -2.4292460e-04
  -1.3627580e-03
  -1.5802720e-03
  -9.4113600e-04
  -6.8647210e-04
  -5.2444650e-04
  -3.8472740e-04
  -6.0710910e-04
  -8.1322640e-04
  -9.5087230e-04
  -1.1507330e-03
  -9.5128260e-04
  -4.4435180e-04
  -2.0692590e-04
   9.2780560e-05
   4.1264450e-04
   1.0743560e-03
   1.9370280e-03
   2.5874500e-03
   3.1877300e-03
   3.2707510e-03
   3.4780290e-03
   4.6735720e-03
   6.1141670e-03
   6.9429560e-03
   6.4733560e-03
   6.1280970e-03
   7.2243050e-03
   7.8284610e-03
   8.1642630e-03
   8.6728440e-03
   7.2128540e-03
   5.6044320e-03
   5.0787320e-03
   5.8412640e-03
   6.7280690e-03
   7.1698770e-03
   7.9924160e-03
   8.5367610e-03
   8.5441990e-03
   8.7259270e-03
   8.3665150e-03
   8.0128340e-03
   8.0655430e-03
   7.9841440e-03
   7.8326320e-03
   7.1957880e-03
   4.2911760e-03
   3.0724110e-03
   4.0948000e-03
   3.9603350e-03
   3.4141600e-03
   3.3227620e-03
   3.1499480e-03
   2.6896340e-03
   8.7570330e-04
  -1.0117280e-03
  -1.2422580e-03
   3.0590000e-04
  -3.6667170e-05
  -8.1371570e-04
  -9.9377480e-04
  -1.4755870e-03
  -2.3330620e-03
  -5.2354260e-03
  -7.3412250e-03
  -6.4278250e-03
  -6.6469150e-03
  -7.5169600e-03
  -7.5561410e-03
  -7.8453310e-03
  -8.2650490e-03
  -8.1379530e-03
  -7.7729070e-03
  -7.6844430e-03
  -7.3669740e-03
  -6.8353420e-03
  -6.4578580e-03
  -6.0517110e-03
  -5.8209550e-03
  -6.2177100e-03
  -6.4293540e-03
  -6.5533740e-03
  -6.6485750e-03
  -6.4165700e-03
  -6.0216300e-03
  -4.4329200e-03
  -3.0063560e-03
  -1.9059560e-03
  -1.0032250e-03
  -4.3287730e-04
  -3.9338040e-04
  -9.7368150e-04
  -1.2724530e-03
  -2.8473160e-03
  -4.0831410e-03
  -2.6601630e-03
  -2.0031300e-03
  -2.1797550e-03
  -2.3335570e-03
  -2.3825980e-03
  -2.3057830e-03
  -1.4536090e-03
  -7.3105500e-04
  -2.7734290e-04
  -8.5386380e-04
  -2.0503320e-03
  -2.6258610e-03
  -3.2967190e-03
  -3.8570340e-03
  -4.4076430e-03
  -5.4032390e-03
  -4.5630420e-03
  -3.3917180e-03
  -3.1133690e-03
  -2.2524760e-03
  -9.9965180e-04
   1.2104820e-04
   1.1261340e-03
   2.1236670e-03
   1.8910020e-03
   1.5700610e-03
   1.6911610e-03
   1.4794870e-03
   1.6237830e-03
   3.3712570e-03
   3.5215240e-03
   3.1580810e-03
   2.3114020e-03
   1.6325720e-03
   9.4544930e-04
   2.4201080e-04
  -1.3201550e-04
  -6.1593830e-04
  -1.2474500e-03
  -1.7966110e-03
  -1.5984320e-03
  -1.1606880e-03
  -1.1771360e-03
  -9.6453590e-04
  -6.9071720e-04
  -9.8018670e-04
  -1.4217220e-03
  -1.3798140e-03
  -1.6009970e-03
  -1.8509620e-03
  -1.7165490e-03
  -1.3374940e-03
  -1.1843010e-03
  -9.5584480e-04
  -6.8138520e-04
  -6.0203390e-04
  -3.4439350e-05
   7.8106480e-04
   1.2953190e-03
   1.9381200e-03
   1.4858390e-03
  -1.6281750e-04
   3.3998560e-04
   8.9746950e-04
   6.3245530e-04
   3.0686370e-04
  -1.1389050e-03
  -2.1899310e-03
  -1.2065730e-03
  -1.0621010e-03
  -2.5132020e-03
  -1.5928130e-03
  -1.2826490e-03
   5.2409600e-04
   3.1160090e-03
   2.3153060e-03
  -5.9444690e-04
   3.9006780e-04
   2.0129370e-03
   1.3045940e-03
  -1.1868130e-03
  -3.0248910e-03
  -2.9344330e-03
  -3.3869890e-03
  -3.9521750e-03
  -2.8028870e-03
  -1.9710000e-03
  -8.5667490e-04
   9.2774830e-04
   4.2263540e-04
  -8.1769620e-05
   4.7047840e-04
   5.3772280e-04
   6.9902260e-04
   1.4106430e-03
   4.5216880e-04
   7.9393750e-05
   1.0409890e-04
   4.3000930e-04
   1.3873540e-03
   2.5362240e-03
   3.3237630e-03
   3.0319170e-03
   2.7046020e-03
   2.6543660e-03
   2.2002850e-03
   1.5814460e-03
   1.1121030e-03
   1.2537990e-03
   3.0558980e-03
   3.4986330e-03
   4.0763720e-03
   4.4887970e-03
   3.2767910e-03
   3.4288010e-03
   4.3044180e-03
   2.7471240e-03
  -1.3084210e-04
  -1.1134320e-03
  -1.2851510e-03
  -2.1635660e-03
  -2.3121880e-03
  -1.7572880e-03
  -1.7466550e-03
  -1.7182260e-03
  -2.8412040e-03
  -4.3891610e-03
  -5.3520700e-03
  -6.5962540e-03
  -7.9183260e-03
  -8.8393410e-03
  -7.7846980e-03
  -6.9635210e-03
  -6.8054860e-03
  -6.6250350e-03
  -7.9041740e-03
  -9.0972990e-03
  -9.0101080e-03
  -5.3051420e-03
  -4.7947680e-03
  -4.4646880e-03
  -4.0047880e-03
  -4.0499940e-03
  -3.8834460e-03
  -3.8057500e-03
  -3.8615640e-03
  -3.7313520e-03
  -2.6479700e-03
  -1.5497400e-03
  -8.8046260e-04
  -1.1308840e-03
  -1.6650230e-03
  -1.7905670e-03
  -2.5102430e-03
  -3.4389560e-03
  -4.0625930e-03
  -4.2634460e-03
  -4.1528670e-03
  -4.8771140e-03
  -5.6232500e-03
  -5.3941900e-03
  -3.6302190e-03
  -2.4064180e-03
  -1.1346090e-03
   2.1080770e-03
   3.9792860e-03
   1.6243820e-03
   7.5270510e-04
   2.2960030e-03
   2.7770770e-03
   2.9766640e-03
   3.7247480e-03
   3.3049030e-03
   2.6777820e-03
   3.9026570e-03
   5.4475020e-03
   6.1360270e-03
   6.2737280e-03
   6.2608580e-03
   6.5340580e-03
   7.0558410e-03
   7.3003350e-03
   7.0429780e-03
   7.1766530e-03
   7.3974220e-03
   7.5319340e-03
   7.6855690e-03
   7.8897930e-03
   8.3843610e-03
   9.0192130e-03
   9.4965720e-03
   9.8594740e-03
   9.4998510e-03
   9.3292180e-03
   9.9680900e-03
   1.0432800e-02
   1.0331810e-02
   9.4273570e-03
   8.7961360e-03
   8.2564830e-03
   7.4732070e-03
   6.7659840e-03
   6.3058740e-03
   6.3773830e-03
   6.2891060e-03
   6.0450790e-03
   5.2438810e-03
   4.3656190e-03
   4.0835590e-03
   4.1635750e-03
   3.9339720e-03
   3.9195040e-03
   4.2509230e-03
   3.8703890e-03
   2.4769410e-03
   1.5957990e-03
   9.2525480e-04
   5.3367860e-04
  -4.3952770e-04
  -2.4976800e-03
  -3.4260860e-03
  -2.7595410e-03
  -2.8559360e-03
  -2.9648170e-03
  -2.1388710e-03
  -1.5461630e-03
  -1.1701760e-03
  -1.2488780e-03
  -1.6908620e-03
  -1.8114430e-03
  -1.4007620e-03
  -1.3507270e-04
   6.7588060e-04
   1.4089990e-03
   2.0588060e-03
   2.6844360e-03
   3.0214380e-03
  -6.7033470e-04
  -2.2454860e-03
  -1.8553000e-03
  -3.9206950e-03
  -6.4720470e-03
  -7.5573070e-03
  -7.2584960e-03
  -5.9852000e-03
  -4.0652120e-03
  -2.7173180e-03
  -2.7045420e-03
  -3.7785660e-03
  -4.4867710e-03
  -5.7461110e-03
  -6.2851800e-03
  -7.0109980e-03
  -6.9472450e-03
  -4.1593870e-03
  -2.2641840e-03
  -1.7491040e-03
  -9.7572340e-04
   1.3965010e-04
   9.0324310e-04
   1.2186760e-03
   7.4783210e-04
   7.3874560e-04
   8.3975860e-04
   6.5037650e-04
   5.8108130e-04
   2.4595120e-04
  -4.6820520e-04
  -1.5112320e-03
  -3.7342280e-03
  -5.2893490e-03
  -4.7194490e-03
  -4.6707770e-03
  -4.8362850e-03
  -3.7817850e-03
  -3.0731420e-03
  -2.7319780e-03
  -2.1007740e-03
  -1.7402620e-03
  -1.9259510e-03
  -1.8615410e-03
  -1.6647870e-03
  -1.2912730e-03
  -1.0131310e-03
  -1.2837190e-03
  -1.5194840e-03
  -2.1745240e-03
  -3.9857110e-03
  -4.5695510e-03
  -5.1474380e-03
  -6.2442260e-03
  -6.9868200e-03
  -7.2720830e-03
  -7.3170960e-03
  -7.0236340e-03
  -5.0872510e-03
  -3.6114780e-03
  -3.1331730e-03
  -2.5617070e-03
  -1.6100160e-03
   5.4114780e-04
   1.8069040e-03
   1.1719950e-03
   1.9042200e-03
   2.4311850e-03
   2.5101150e-03
   2.8858150e-03
   3.2262260e-03
   3.5051990e-03
   3.8700960e-03
   4.2160940e-03
   4.5503180e-03
   4.9644750e-03
   5.2369800e-03
   3.7796310e-03
   2.0069440e-03
   1.8657010e-03
   1.6872190e-03
   9.7867230e-04
   1.1405840e-03
   1.6679270e-03
   1.7644170e-03
   2.0663670e-03
   2.4550390e-03
   2.6965340e-03
   2.9007490e-03
   3.1502900e-03
   3.2506240e-03
   1.9792630e-03
   6.1657360e-04
   1.4368130e-03
   1.7248770e-03
   1.5125330e-03
   1.9313360e-03
   2.2997080e-03
   2.5728610e-03
   3.5923510e-03
   4.9013810e-03
   5.5284820e-03
   5.7359290e-03
   6.2617580e-03
   6.9854150e-03
   6.4638010e-03
   4.0519350e-03
   2.9804020e-03
   2.5006910e-03
   1.9412490e-03
   1.2515850e-03
   6.5922270e-04
  -4.4901000e-04
  -1.4670730e-03
  -1.5058880e-03
  -1.5024790e-03
  -1.8328080e-03
  -1.3154910e-03
   2.3364550e-04
   5.4658470e-05
  -4.0620200e-04
  -7.1689250e-05
  -1.5302830e-04
   3.1783500e-04
   1.1399170e-03
   3.7965350e-04
  -2.7485060e-05
  -4.0389140e-05
   2.4622910e-04
   1.1479470e-03
   1.1371290e-03
  -2.9044230e-04
  -1.3767780e-03
  -2.2821850e-03
  -3.5387820e-03
  -4.7124850e-03
  -5.4315460e-03
  -5.1418980e-03
  -4.0410980e-03
  -2.2467620e-03
  -1.4516030e-03
  -1.5059920e-03
  -9.7115070e-04
  -5.1337250e-04
  -1.8600630e-04
   3.5944200e-04
   8.8376710e-04
   7.0535300e-04
   5.1837730e-05
  -1.4532590e-04
  -5.9530620e-04
  -2.0147910e-03
  -3.5291500e-03
  -4.6469280e-03
  -5.2369500e-03
  -5.4927030e-03
  -6.0400670e-03
  -6.0786200e-03
  -5.9561570e-03
  -6.0507710e-03
  -5.7412730e-03
  -5.2709820e-03
  -4.4660060e-03
  -6.2803820e-03
  -7.7444340e-03
  -5.9560440e-03
  -5.7250360e-03
  -6.3583450e-03
  -6.3938060e-03
  -6.9807550e-03
  -7.4552910e-03
  -7.6321270e-03
  -7.9615690e-03
  -7.7543210e-03
  -6.7813580e-03
  -4.5114640e-03
  -3.3980860e-03
  -2.1060770e-03
   1.5181820e-03
   3.1293440e-03
   3.5129060e-03
   3.4167820e-03
   2.9787800e-03
   1.3806370e-03
  -4.8467090e-04
  -4.3433000e-04
   1.7825570e-03
   3.6656260e-03
   4.1204570e-03
   4.6110280e-03
   6.5899350e-03
   6.3861870e-03
   5.1417560e-03
   5.0808310e-03
   4.4130230e-03
   4.2687600e-03
   4.6661870e-03
   3.7080750e-03
   2.2560490e-03
   1.8870040e-03
   1.7699190e-03
   1.5537180e-03
   2.7897730e-03
   2.9402960e-03
   3.1093020e-03
   3.8940090e-03
   3.1614830e-03
   2.5914930e-03
   1.6584970e-03
   7.2886360e-04
  -7.5475380e-06
   6.2478780e-04
   3.4040330e-03
   4.6266250e-03
   5.4049840e-03
   6.9499910e-03
   8.1103210e-03
   8.5894580e-03
   7.4608180e-03
   5.3446880e-03
   3.3974610e-03
   2.2672260e-03
   1.3993150e-03
  -2.4871770e-04
  -1.7266110e-03
  -6.0467130e-04
   6.7293740e-04
   5.6649640e-04
   5.1420550e-04
  -2.8581440e-04
  -7.6544520e-04
  -1.0085480e-03
  -1.4073530e-03
  -1.5619240e-03
  -1.2633350e-03
  -4.1406720e-04
  -2.6279210e-04
  -5.6612650e-04
  -5.5574500e-04
  -1.0869040e-03
  -1.4548720e-03
  -1.4748900e-03
  -1.6703740e-03
  -1.3756110e-03
   1.1715810e-03
   3.3324930e-03
   3.9818670e-03
   3.8985550e-03
   3.8143650e-03
   3.7809400e-03
   3.1881180e-03
   2.6816180e-03
   2.3854420e-03
   3.2152950e-03
   5.4670900e-03
   6.1015960e-03
   5.7944260e-03
   5.6615180e-03
   4.4000590e-03
   3.4380240e-03
   3.0701850e-03
   2.6635850e-03
   2.1190040e-03
   1.7808090e-03
   1.7989590e-03
  -3.3211310e-05
  -3.2122190e-03
  -4.2797440e-03
  -3.5638720e-03
  -2.2868640e-03
   1.2249160e-03
   3.6651230e-03
   4.2165680e-03
   4.6086680e-03
   2.6344030e-03
  -3.8929800e-04
  -2.4292850e-03
  -4.6934390e-03
  -6.2391080e-03
  -4.5106900e-03
  -3.4874940e-03
  -4.1529530e-03
  -5.4312700e-03
  -4.9852950e-03
  -4.4038040e-03
  -4.6715900e-03
  -4.4378500e-03
  -3.4061740e-03
  -2.3041850e-03
  -1.8396900e-03
  -1.9672320e-03
  -2.2846610e-03
  -2.1711950e-03
  -1.7777440e-03
   8.8444570e-04
   3.2288570e-03
   4.1048560e-03
   4.8281890e-03
   3.9677060e-03
   5.1683270e-04
  -1.6749370e-03
  -2.9046790e-03
  -3.5082210e-03
  -3.2871040e-03
  -2.8884520e-03
  -2.6703200e-03
  -2.3971470e-03
  -2.4170530e-03
  -2.7130700e-03
  -1.8501770e-03
  -2.4647830e-04
   2.2812480e-03
   3.7543610e-03
   2.8709060e-03
   1.5780040e-03
   4.6959580e-04
  -9.8246570e-04
  -1.9285020e-03
  -2.3558430e-03
  -1.8830350e-03
  -1.3047440e-03
   2.2892650e-04
   1.4233830e-03
   6.4214280e-04
  -8.9517540e-04
  -2.0595270e-03
  -3.2083430e-03
  -4.5619680e-03
  -5.1182500e-03
  -3.6895130e-03
  -2.4695350e-03
  -1.9799710e-03
  -3.8939010e-03
  -4.7509220e-03
  -4.5425360e-03
  -4.4700700e-03
  -3.3315060e-03
  -1.7546040e-03
  -1.6852890e-03
  -1.5471220e-03
  -2.6792930e-03
  -4.9763360e-03
  -6.6386700e-03
  -7.7669870e-03
  -8.4453740e-03
  -7.6730970e-03
  -7.3031380e-03
  -5.3431470e-03
  -3.2694120e-03
  -1.9845160e-03
  -9.8551830e-04
   1.3037360e-04
   1.1520950e-03
   5.1994200e-04
  -6.1277180e-04
   8.5829580e-04
   1.9204900e-03
   1.7823050e-03
   3.5000880e-03
   4.7085190e-03
   4.5360980e-03
   5.0034550e-03
   5.5085400e-03
   4.5474220e-03
   3.2155310e-03
   3.0562860e-03
   3.4372800e-03
   4.5337660e-03
   5.6410440e-03
   5.4068640e-03
   7.7152030e-03
   8.2646450e-03
   5.4482650e-03
   3.5940790e-03
   3.1351750e-03
   1.9022910e-03
   8.0242590e-04
   4.3595400e-04
   4.5446750e-04
  -6.4830880e-06
  -4.9296380e-04
  -7.0701790e-04
  -8.7398280e-04
   2.6546410e-04
   1.6252620e-03
   2.3479050e-03
   2.5258950e-03
   2.8657280e-03
   2.5142780e-03
   1.4206310e-03
  -4.2615480e-04
  -3.1383080e-03
  -3.3924930e-03
  -3.3670730e-03
  -2.9703490e-03
  -1.4930100e-03
  -2.2875440e-04
  -9.4907390e-05
  -6.0453590e-04
  -2.0223580e-03
  -3.1457180e-03
  -3.9619150e-03
  -3.7739440e-03
  -2.6461310e-03
  -2.6966230e-03
  -2.3839960e-03
  -6.5178800e-04
   1.1936050e-03
   2.3616960e-03
   3.8154210e-03
   4.8326410e-03
   3.7875490e-03
   2.6706970e-03
   1.7908960e-03
   1.4743620e-03
   1.5487820e-03
   1.1836710e-03
   7.2416480e-05
  -1.6220760e-03
  -2.7961500e-03
  -3.0101760e-03
  -2.0096550e-03
  -6.7845360e-04
   5.8414080e-04
   7.8161420e-04
   6.8253470e-04
   1.0413010e-03
   1.0618220e-03
   9.6516020e-04
  -2.2764080e-04
  -1.4584340e-03
  -1.9171150e-04
  -4.6481300e-04
  -9.2206470e-04
  -6.1146770e-04
  -7.4918490e-04
  -1.0745770e-03
  -5.8548660e-04
  -3.1022610e-05
  -6.3482500e-04
  -1.5374790e-03
  -2.5934110e-03
  -3.4196920e-03
  -3.7768320e-03
  -2.7022260e-03
  -2.2349420e-03
  -2.2760650e-03
  -2.7176030e-03
  -3.1648300e-03
  -3.3471470e-03
  -3.5456040e-03
  -2.2305490e-03
  -6.8562280e-04
   1.0803940e-05
   1.7998180e-04
   4.9975110e-04
  -3.3553100e-04
  -1.0082350e-03
  -9.8426880e-04
  -1.4050160e-03
  -1.3304790e-03
  -9.6854050e-04
  -5.1475660e-04
   1.0852860e-03
   2.4595230e-03
   2.3689020e-03
   3.0189270e-03
   2.1053410e-03
   1.6783780e-03
   2.2290450e-03
   2.4987110e-03
   3.7561780e-03
   4.3869150e-03
   5.1991250e-03
   6.5389140e-03
   7.1563050e-03
   6.8595290e-03
   6.2094770e-03
   4.2926460e-03
   2.4298470e-03
   1.8803190e-03
   9.9365720e-04
   4.0953510e-04
   1.8591290e-04
   1.8155980e-04
   2.2175990e-04
   4.5896250e-04
   1.3296550e-04
  -1.1326790e-03
  -1.7078420e-03
  -2.1815300e-03
  -3.0629220e-03
  -4.0783080e-03
  -5.1407940e-03
  -5.1358450e-03
  -4.9406220e-03
  -4.9911480e-03
  -3.2840260e-03
  -2.1766120e-03
  -1.8072590e-03
  -1.3919110e-03
  -1.9259290e-03
  -2.5594190e-03
  -3.3729190e-03
  -3.7148560e-03
  -3.9728240e-03
  -4.4327180e-03
  -4.5597720e-03
  -3.5515530e-03
  -2.2489670e-03
   5.1514060e-04
   1.4917940e-03
   1.5395510e-03
   2.2052580e-03
   1.9592070e-03
   7.3045880e-04
   3.6410150e-05
  -4.6909700e-04
  -1.5585490e-03
  -2.9257550e-03
  -3.7099220e-03
  -4.1900240e-03
  -3.9624780e-03
  -2.9561150e-03
  -2.2193680e-03
  -1.2598940e-03
  -4.6982630e-05
   1.0240580e-03
   2.1729400e-03
   3.3618060e-03
   4.7148260e-03
   5.6396850e-03
   5.2876880e-03
   4.1322370e-03
   9.8945780e-04
   7.1155090e-04
   1.6686430e-03
   9.6486150e-04
   1.1083620e-03
   1.9105900e-03
   3.0529870e-03
   3.0480410e-03
   2.8912330e-03
   2.2169000e-03
   1.4433320e-03
   2.2949510e-03
   2.6215280e-03
   2.6932620e-03
   3.2715110e-03
   3.7001980e-03
   3.7308860e-03
   3.7985880e-03
   3.2573020e-03
   3.0694470e-03
   3.6492810e-03
   3.9885770e-03
   3.6699640e-03
   1.0242090e-03
  -9.5795520e-04
  -2.2597430e-03
  -1.5141310e-03
  -4.7550240e-04
  -4.6190160e-04
   1.4796170e-04
   1.3006390e-03
   2.4969460e-03
   3.0300860e-03
   3.3583030e-03
   4.3087800e-03
   5.0509140e-03
   4.9692570e-03
   4.8800220e-03
   5.0004750e-03
   4.9674480e-03
   5.3625760e-03
   6.0749210e-03
   6.3746390e-03
   6.1943200e-03
   4.1613400e-03
   1.7487350e-03
  -4.9284200e-04
  -6.9673210e-04
  -1.3120490e-04
  -2.8781010e-05
   7.2215570e-04
   8.7677240e-04
   6.9446980e-04
   8.0033470e-04
   4.0330930e-04
  -6.6889440e-05
   4.0510210e-04
   9.2129140e-04
   1.6721200e-03
   2.3899300e-03
   2.2838000e-03
   2.1364020e-03
   2.1012510e-03
   1.9803320e-03
   2.4525870e-03
   2.8370560e-03
   2.6410310e-03
   2.5941980e-03
   2.2012210e-03
   7.7651010e-04
   2.9102670e-04
   4.6426200e-04
   2.8666250e-04
   5.8310250e-04
   1.0182110e-03
   1.1852430e-03
   5.6383090e-04
  -2.8493050e-04
  -2.2731340e-03
  -3.7297520e-03
  -4.6622800e-03
  -4.0636250e-03
  -3.5021540e-03
  -3.3438530e-03
  -2.5995150e-03
  -1.4333890e-03
   2.4034480e-05
   4.7495350e-04
   1.9163280e-04
   4.5702670e-04
  -5.4093190e-04
  -1.8323360e-03
  -3.2165910e-03
  -3.2164440e-03
  -1.8959960e-03
  -1.3944850e-04
   8.0578120e-05
  -2.5934100e-04
   3.9991450e-04
  -3.8370400e-04
  -1.5350800e-03
  -1.7631440e-03
  -3.0606090e-03
  -4.4444840e-03
  -5.3353530e-03
  -6.3162790e-03
  -7.0735550e-03
  -7.6277020e-03
  -6.0099490e-03
  -5.1300200e-03
  -5.0998040e-03
  -3.9184840e-03
  -2.8173130e-03
  -2.1286710e-03
  -1.4270150e-03
  -6.6897380e-04
   1.5546540e-04
   1.1050080e-03
   1.8311320e-03
   2.2672700e-03
   2.6622870e-03
   2.2436920e-03
   1.5071240e-03
   4.0729350e-04
  -6.8137910e-04
  -1.8693860e-03
  -2.7419490e-03
  -3.1778830e-03
  -3.2010620e-03
  -2.8394120e-03
  -2.8349600e-03
  -2.7417380e-03
  -2.6649080e-03
  -2.7099900e-03
  -2.1078990e-03
  -3.7002030e-04
   1.4095930e-03
   3.1199520e-03
   3.5284070e-03
   2.8133540e-03
   2.5709270e-03
   2.6634080e-03
   3.3130120e-03
   3.5804960e-03
   1.9827400e-03
   1.0070080e-03
   4.5376360e-04
  -5.7687600e-04
  -9.0959120e-04
  -1.1094410e-03
  -1.1528780e-03
  -9.1867070e-04
   1.0355890e-04
   7.0352620e-04
   5.4394500e-04
   8.0805170e-04
   8.8100850e-04
   6.3521430e-04
  -1.1398970e-04
  -6.6640350e-04
  -8.8759600e-04
  -1.3713500e-03
  -2.0109870e-03
  -2.7321170e-03
  -3.2029240e-03
  -3.5479880e-03
  -3.5876290e-03
  -3.5262100e-03
  -2.9517380e-03
  -2.3428950e-03
  -1.8408910e-03
  -1.1731230e-03
  -4.5025400e-04
   3.7960820e-04
   5.9939420e-04
   2.1259310e-05
   1.5578190e-03
   4.5405420e-03
   5.5610910e-03
   7.3912700e-03
   8.8639590e-03
   8.4159340e-03
   8.2499100e-03
   7.6766160e-03
   6.8386340e-03
   4.3911130e-03
   3.0228860e-03
   4.0313280e-03
   3.8131000e-03
   5.3711700e-03
   6.3800250e-03
   4.7980750e-03
   3.6253420e-03
   8.4806390e-04
  -2.1909030e-03
  -4.0264240e-03
  -5.0537000e-03
  -5.5468470e-03
  -5.3509340e-03
  -6.0447200e-03
  -6.9564770e-03
  -6.8694180e-03
  -4.8239110e-03
  -3.6356420e-03
  -3.0736580e-03
  -2.0293940e-03
  -1.8910130e-03
  -2.2853240e-03
  -2.9802300e-03
  -5.5265610e-03
  -7.6642790e-03
  -9.1720180e-03
  -8.6955970e-03
  -6.2752070e-03
  -3.8749470e-03
  -3.8222650e-04
   2.0579460e-04
  -4.5546100e-04
  -2.1717650e-03
  -5.6114330e-03
  -6.7600770e-03
  -6.3216550e-03
  -4.6995340e-03
  -2.6551040e-03
   8.5772260e-05
   1.9381050e-03
   3.2885300e-03
   3.3775690e-03
   6.7155220e-04
  -2.6802840e-03
  -4.2156860e-03
  -4.6095720e-03
  -5.1130190e-03
  -5.4599610e-03
  -4.7970530e-03
  -4.4192760e-03
  -3.6006020e-03
  -2.4131610e-03
  -1.4203210e-03
  -3.1716060e-05
   1.5795140e-03
   3.8590640e-03
   3.7257870e-03
   2.5677810e-03
   2.1897020e-03
   3.9040900e-04
  -2.5614630e-03
  -3.5084390e-03
  -2.6390270e-03
  -1.9092790e-03
   8.3578760e-04
   2.7471750e-03
   3.9747740e-03
   4.4862830e-03
   4.4292200e-03
   4.2116810e-03
   3.2954010e-03
   3.7545470e-03
   4.0157410e-03
   4.0685880e-03
   4.8481360e-03
   4.7118210e-03
   4.5605530e-03
   4.4377490e-03
   3.5380540e-03
   3.2121840e-03
   4.4817860e-03
   5.4263250e-03
   6.6118980e-03
   7.2002730e-03
