  -6.5105200e-02
  -6.8015300e-02
  -2.1427400e-02
   2.5673500e-02
   3.6861900e-02
   3.9039500e-02
   6.4396500e-02
   5.4514900e-02
   1.9428300e-02
   3.0354600e-02
   3.1509200e-02
  -1.1805100e-02
  -5.2376700e-02
  -1.0240000e-01
  -1.6233000e-01
  -2.1046800e-01
  -2.7030300e-01
  -3.0956500e-01
  -2.8562000e-01
  -2.5081900e-01
  -2.2364300e-01
  -1.4245600e-01
  -3.5383600e-02
   1.2890700e-01
   4.0037100e-01
   4.1819400e-01
   2.4279500e-02
  -2.0249700e-01
   4.7434000e-02
   1.9509800e-01
  -6.5598400e-02
  -2.0247800e-01
  -8.8167000e-02
  -6.1459200e-02
  -1.0085900e-01
  -8.0473000e-02
  -1.7671600e-02
   7.2511300e-02
   2.1700800e-01
   3.4917400e-01
   3.4241200e-01
   1.8137700e-01
   5.8685700e-02
   2.0378600e-01
   4.0016700e-01
   3.3442000e-01
   1.8086400e-01
   1.2076200e-01
   9.5438300e-02
   8.9356000e-02
   9.6318600e-02
   7.2546600e-02
   9.4585400e-03
  -6.1361600e-02
  -1.0766200e-01
  -1.2045700e-01
  -1.5424400e-01
  -2.2173600e-01
  -3.0679800e-01
  -4.4691600e-01
  -5.0600900e-01
  -4.1473800e-01
  -3.6677700e-01
  -3.8036100e-01
  -3.4584500e-01
  -2.7685400e-01
  -2.1128600e-01
  -1.6274300e-01
  -1.1023700e-01
  -3.5086500e-02
   1.4930500e-02
   1.2867000e-02
   1.1710900e-02
   4.8932300e-02
   1.0251600e-01
   1.6084900e-01
   2.1392800e-01
   2.4531700e-01
   2.8162300e-01
   3.2740000e-01
   2.9020600e-01
   1.4893700e-01
   1.7338400e-01
   4.1436900e-01
   4.9640500e-01
   3.8726400e-01
   3.0135100e-01
   2.5815600e-01
   2.2559300e-01
   1.7302500e-01
   1.0010900e-01
   4.2989300e-02
   3.9340500e-02
   2.0037000e-02
  -8.8517300e-02
  -1.8496600e-01
  -1.9963000e-01
  -1.7702500e-01
  -1.6958900e-01
  -1.7121800e-01
  -1.3242900e-01
  -6.2098800e-02
   2.4521900e-02
   1.2968200e-01
   1.9631100e-01
   1.7084800e-01
   1.2772100e-01
   1.5042500e-01
   1.6582600e-01
   1.4251900e-01
   1.2541700e-01
   7.6898500e-02
   8.0535900e-03
  -4.6357800e-02
  -1.3437400e-01
  -2.2763900e-01
  -2.3325500e-01
  -1.8162800e-01
  -1.6002800e-01
  -1.5840900e-01
  -1.6204200e-01
  -2.1719500e-01
  -2.5678200e-01
  -1.6176400e-01
  -3.3414700e-02
  -2.9839000e-02
  -9.8882100e-02
  -1.2263600e-01
  -1.2015800e-01
  -1.4917200e-01
  -1.6456800e-01
  -1.6150300e-01
  -1.7960900e-01
  -2.0724000e-01
  -2.4264000e-01
  -2.5361400e-01
  -2.2415200e-01
  -1.6704400e-01
  -7.7826300e-02
   1.2147000e-02
   1.4183200e-01
   2.7849800e-01
   1.9237700e-01
  -1.7422300e-02
  -1.1048100e-02
   9.2911400e-02
   6.3411000e-02
   2.8940900e-02
   5.1494000e-02
   1.1985500e-02
  -5.5386900e-02
  -6.5314400e-02
  -5.4196200e-02
  -4.0914100e-02
  -1.4048600e-02
   2.4155200e-02
   7.3182900e-02
   1.0092400e-01
   1.0220200e-01
   1.1267400e-01
   1.4968700e-01
   1.9363500e-01
   2.0704300e-01
   1.8108500e-01
   1.4096700e-01
   9.9272100e-02
   4.6058800e-02
  -1.6474700e-03
  -3.0598400e-02
  -3.9683900e-02
  -2.7393700e-02
  -1.1666600e-02
  -1.2584200e-02
  -4.8883300e-02
  -5.5426400e-02
   3.8953400e-03
   1.0815400e-02
  -2.2124400e-02
  -9.4016200e-03
  -2.0073600e-02
  -4.4313500e-02
   9.9349100e-03
   8.3341900e-02
   9.8943300e-02
   1.0980400e-01
   1.3025100e-01
   9.9321500e-02
   1.7822900e-02
  -6.4127700e-02
  -1.0191300e-01
  -1.0979800e-01
  -1.1648200e-01
  -7.4496800e-02
  -2.0447300e-02
  -9.1330400e-03
   2.7879400e-02
   5.9314000e-02
   4.9089600e-02
   6.8006100e-02
   9.8895800e-02
   9.0721300e-02
   6.1546200e-02
   3.1190600e-02
  -7.0977200e-04
  -1.0325800e-02
  -4.1267000e-04
  -1.4023900e-02
  -4.3002600e-02
  -4.2314300e-02
  -5.1081600e-03
   2.5097000e-02
   4.3197600e-02
   8.7796500e-02
   1.3401900e-01
   1.4042000e-01
   1.2388000e-01
   9.1018200e-02
   1.6214000e-02
  -7.9658900e-02
  -1.3646100e-01
  -1.1837900e-01
  -5.9825800e-02
  -2.8273200e-02
  -9.9534000e-03
   1.9577600e-02
   3.1796500e-02
   3.3565000e-02
   3.9522100e-02
   4.1854200e-02
   4.4944900e-02
   3.0935700e-02
  -3.7002200e-02
  -1.1127900e-01
  -1.1081900e-01
  -7.4014800e-02
  -5.8782500e-02
  -3.9100500e-02
  -5.9698400e-03
  -7.4728400e-03
  -5.8309200e-02
  -7.1453300e-02
  -1.5648700e-02
   2.7855400e-02
   4.4429700e-02
   1.4609600e-02
  -6.5330800e-02
  -1.1282700e-01
  -1.3250800e-01
  -1.4154400e-01
  -1.1721400e-01
  -7.8898600e-02
  -5.5918800e-02
  -6.0284600e-02
  -4.3090900e-02
   2.4496500e-02
   6.1401200e-02
   3.3894800e-02
   3.7148200e-02
   9.2617700e-02
   1.0559800e-01
   7.8324700e-02
   6.8056500e-02
   4.6358900e-02
   1.7644600e-02
   2.3609500e-02
   2.9205500e-02
   8.3276800e-03
  -4.8813100e-03
   3.4377400e-03
   2.4236100e-02
   4.8352200e-02
   6.1513400e-02
   7.8863700e-02
   9.4002900e-02
   8.1778800e-02
   8.2106200e-02
   9.6621100e-02
   9.7840700e-02
   9.5148800e-02
   5.4812700e-02
  -2.3973300e-02
  -9.3766700e-02
  -1.6140000e-01
  -2.1775100e-01
  -2.3513600e-01
  -2.3849800e-01
  -2.2523700e-01
  -1.7568500e-01
  -1.1002000e-01
  -3.0295900e-04
   1.7653700e-01
   2.6317300e-01
   9.7904100e-02
  -9.3024800e-02
  -4.6608500e-02
   1.3345500e-02
  -8.1442900e-02
  -1.4035500e-01
  -1.0618300e-01
  -6.2039200e-02
  -3.2149100e-03
   5.3158700e-02
   8.6414300e-02
   1.4967900e-01
   1.8111100e-01
   1.3124300e-01
   1.0191300e-01
   7.8846800e-02
   3.9222600e-02
   6.4406600e-02
   1.2459700e-01
   1.3627600e-01
   1.1768000e-01
   1.1101900e-01
   9.4037400e-02
   8.0686400e-02
   9.3195100e-02
   8.3081200e-02
   5.2659300e-02
   2.7432000e-02
   9.1671100e-03
   1.3226000e-02
   4.1245700e-03
  -4.6456700e-02
  -1.0167200e-01
  -1.3930300e-01
  -1.7837000e-01
  -2.2713100e-01
  -2.2691500e-01
  -1.6546900e-01
  -1.3859600e-01
  -1.5622700e-01
  -1.1908700e-01
  -3.0244100e-02
   1.2176800e-02
   1.5022900e-03
   5.3283800e-04
   3.5923400e-02
   7.8677300e-02
   5.3438200e-02
  -2.6845900e-02
  -6.0597700e-02
  -5.3401700e-02
  -7.1223000e-02
  -1.0314200e-01
  -1.0472400e-01
  -8.7624300e-02
  -9.4011400e-02
  -1.0264700e-01
  -3.3607000e-02
   1.2961500e-01
   2.9220800e-01
   3.4694700e-01
   2.5897400e-01
   1.2000700e-01
   4.9771900e-02
   2.6529800e-02
  -1.0796000e-02
  -5.0831400e-02
  -5.9289300e-02
  -5.9726000e-02
  -1.0949900e-01
  -1.3925400e-01
  -1.0285800e-01
  -6.8436600e-02
  -5.1885300e-02
  -4.2835600e-02
  -2.0030000e-02
   1.4748000e-02
   4.4243900e-02
   6.1533200e-02
   9.1782300e-02
   2.0581800e-01
   2.9122200e-01
   2.2287500e-01
   1.2008500e-01
   6.9885500e-02
   4.2772400e-02
   2.1916700e-02
   2.7084800e-02
   6.0017600e-02
   9.3973900e-02
   1.2746800e-01
   1.5387400e-01
   1.6721300e-01
   1.5693900e-01
   1.1988800e-01
   1.1371600e-01
   1.3362400e-01
   6.3869600e-02
  -7.4787100e-02
  -1.2906200e-01
  -1.0274700e-01
  -1.0406200e-01
  -1.6091300e-01
  -2.0967300e-01
  -2.0268100e-01
  -2.0086800e-01
  -2.1765300e-01
  -1.8525800e-01
  -9.4113100e-02
   9.3133700e-03
  -1.4685200e-02
  -1.8900300e-01
  -2.2534100e-01
  -9.3730800e-02
  -9.6307800e-02
  -1.7586600e-01
  -1.3145900e-01
  -5.0495500e-02
  -1.9451400e-02
   2.8375300e-02
   1.1846800e-01
   1.7860600e-01
   1.9955300e-01
   2.0797500e-01
   1.7917900e-01
   1.6774800e-01
   2.1139200e-01
   1.9474800e-01
   5.8092600e-02
  -1.2299100e-01
  -2.4175000e-01
  -2.4563100e-01
  -2.3361100e-01
  -3.0477500e-01
  -3.8279800e-01
  -3.5517100e-01
  -2.5331500e-01
  -1.5839300e-01
  -3.0757700e-02
   9.4642100e-02
   1.0204400e-01
   1.4756300e-02
  -1.0350100e-01
  -1.6106300e-01
  -8.1587700e-02
   5.2147500e-02
   1.0363600e-01
   7.4953200e-02
   6.5003100e-02
   6.7184500e-02
   1.2315600e-02
  -7.0848800e-02
  -9.4834100e-02
  -9.0541600e-02
  -1.0143400e-01
  -2.6923100e-02
   8.6641600e-02
   1.1276000e-01
   1.2250500e-01
   1.5369100e-01
   1.6671500e-01
   1.7999100e-01
   1.9632000e-01
   2.0024900e-01
   1.9397900e-01
   1.7830600e-01
   1.5250000e-01
   9.3083000e-02
   3.2923000e-03
  -3.6346600e-02
  -3.1845300e-02
  -6.2617300e-02
  -9.6270600e-02
  -8.3930200e-02
  -5.2873300e-02
  -4.6573600e-02
  -5.9146500e-02
  -4.8502700e-02
  -4.5757300e-02
  -8.4066700e-02
  -1.1460000e-01
  -1.0770100e-01
  -7.0807900e-02
  -3.0850400e-02
  -2.1235400e-02
  -3.2501700e-02
  -3.9837900e-02
  -3.7141800e-02
  -6.6538900e-03
   5.8536700e-02
   9.7053300e-02
   9.8321300e-02
   1.2858600e-01
   1.5987800e-01
   1.4807800e-01
   1.2973600e-01
   9.7679300e-02
  -2.3369700e-03
  -1.3551800e-01
  -2.0040000e-01
  -1.9654000e-01
  -2.1473600e-01
  -2.8005000e-01
  -3.1338900e-01
  -2.7032000e-01
  -2.3191100e-01
  -2.4855900e-01
  -2.2642500e-01
  -1.0150600e-01
   6.0278800e-02
   2.1490700e-01
   3.2233900e-01
   3.0169200e-01
   2.0780300e-01
   8.9599600e-02
  -2.4097800e-02
   5.1186800e-02
   1.6317000e-01
   6.7117900e-02
  -9.6423900e-05
   7.2752300e-02
   1.4938800e-01
   2.1388100e-01
   2.8815600e-01
   3.4857900e-01
   3.5570600e-01
   3.3140600e-01
   3.0862200e-01
   2.8036600e-01
   2.3198900e-01
   1.5389300e-01
   1.0267300e-01
   9.0812000e-02
   2.1608300e-02
  -8.3933900e-02
  -1.0566700e-01
  -6.6963000e-02
  -7.8407700e-02
  -1.0631300e-01
  -6.0318000e-02
   5.3535000e-02
   1.7526000e-01
   2.2854100e-01
   2.3847100e-01
   2.6256800e-01
   2.5677300e-01
   2.0227700e-01
   1.3008500e-01
   7.3806500e-02
   4.4085000e-02
  -4.4049400e-03
  -8.2522000e-02
  -1.5772600e-01
  -2.0821400e-01
  -2.2893000e-01
  -2.4674200e-01
  -2.5544600e-01
  -2.4442800e-01
  -2.4481700e-01
  -2.5066900e-01
  -2.3715400e-01
  -2.0023200e-01
  -1.3803300e-01
  -3.9751300e-02
   1.2135600e-01
   2.9714600e-01
   2.9455900e-01
   4.9486000e-02
  -1.3020600e-01
  -7.4919900e-02
  -6.2600600e-02
  -1.6061600e-01
  -2.1989900e-01
  -2.4841500e-01
  -1.7946800e-01
  -2.3085200e-02
   6.3157000e-02
   8.3163300e-02
   1.1346500e-01
   1.2885500e-01
   1.0867300e-01
   9.6782400e-02
   1.0433100e-01
   1.0241800e-01
   8.4401100e-02
   6.5922400e-02
   3.5408800e-02
  -2.3225300e-02
  -1.0839900e-01
  -2.1053500e-01
  -2.9535700e-01
  -3.3806300e-01
  -3.2409800e-01
  -2.8468000e-01
  -2.7814400e-01
  -3.0363400e-01
  -3.2278100e-01
  -2.8915900e-01
  -2.3564800e-01
  -1.3070100e-01
   1.4087100e-01
   3.9466300e-01
   4.3619600e-01
   3.2420500e-01
   1.0502300e-01
  -4.0991500e-03
   1.2244200e-01
   1.9003200e-01
   1.0545800e-01
   5.7701500e-02
   4.3039500e-02
  -3.9102200e-02
  -1.1841600e-01
  -1.1985300e-01
  -1.2289100e-01
  -1.6122300e-01
  -1.9959300e-01
  -2.0497400e-01
  -1.7313900e-01
  -1.6020000e-01
  -1.6811200e-01
  -1.2865600e-01
   8.7981900e-03
   2.1760700e-01
   3.4877600e-01
   2.6219800e-01
   6.7052800e-02
   1.4371900e-02
   1.1139700e-01
   1.3188000e-01
   3.1827700e-02
  -3.1149500e-02
  -5.7487400e-02
  -1.1758700e-01
  -1.3409100e-01
  -9.1722900e-02
  -8.4390500e-02
  -9.5792500e-02
  -5.7010400e-02
   5.9535600e-03
   2.8935300e-02
   4.2781000e-03
  -1.5474300e-02
   9.9273900e-04
   2.2317600e-02
   2.7202000e-02
   1.3098900e-02
  -1.3989600e-02
   6.6870200e-03
   9.5340500e-02
   1.9231700e-01
   2.4435600e-01
   2.1144700e-01
   1.2552800e-01
   8.6344800e-02
   1.0860000e-01
   1.3775000e-01
   1.5128000e-01
   1.2850200e-01
   6.2883700e-02
  -1.3476200e-02
  -9.7508200e-02
  -1.7900600e-01
  -1.9615500e-01
  -1.4355400e-01
  -9.7241000e-02
  -9.4439700e-02
  -1.0741700e-01
  -1.0820800e-01
  -7.9564700e-02
  -2.7299600e-02
   4.8139100e-02
   1.2467200e-01
   1.1954300e-01
   5.2809600e-02
   2.9204000e-02
   6.6572200e-02
   9.4801500e-02
   4.9269200e-02
  -1.2183800e-02
   7.4247500e-04
   5.3551500e-02
   8.1056700e-02
   9.3386400e-02
   1.1127300e-01
   1.1937200e-01
   1.1131800e-01
   9.5851100e-02
   8.6465200e-02
   8.6250400e-02
   6.7084800e-02
   2.3679400e-02
  -1.8796700e-02
  -4.4952000e-02
  -5.5786600e-02
  -6.2364900e-02
  -6.9602400e-02
  -8.0893800e-02
  -9.7199400e-02
  -1.0604100e-01
  -9.8892000e-02
  -9.2035200e-02
  -9.5372800e-02
  -9.7681700e-02
  -9.8397200e-02
  -9.9982800e-02
  -9.8201700e-02
  -9.5823600e-02
  -9.4430700e-02
  -8.3239100e-02
  -6.1505500e-02
  -4.9636900e-02
  -5.7135200e-02
  -7.4190400e-02
  -8.2869200e-02
  -6.9187000e-02
  -5.0962300e-02
  -5.2427000e-02
  -6.8564600e-02
  -8.0641900e-02
  -7.2661500e-02
  -4.4141400e-02
  -9.8394900e-03
   1.0367600e-02
   8.1733700e-03
   2.9921500e-03
   1.0490300e-02
   1.4813600e-02
   6.1730000e-03
  -7.7878600e-03
  -2.5310500e-02
  -2.6640200e-02
   4.6961200e-03
   4.5423600e-02
   7.1635100e-02
   8.0669300e-02
   8.9237000e-02
   1.1086600e-01
   1.3478800e-01
   1.5334600e-01
   1.7281100e-01
   2.0853400e-01
   2.5077400e-01
   2.5121300e-01
   2.0459400e-01
   1.5789100e-01
   1.1558700e-01
   4.8395000e-02
  -3.7645500e-03
   5.2480400e-04
   1.6392500e-02
   2.3910600e-02
   3.5168000e-02
   3.0961400e-02
   1.5536700e-02
   3.9629300e-03
  -1.6334300e-02
  -2.9642800e-02
  -1.0274400e-02
   2.4961600e-02
   5.6041200e-02
   6.8216200e-02
   5.5130800e-02
   3.4914900e-02
   1.9481900e-02
   3.4714200e-03
  -2.7026400e-02
  -7.0948000e-02
  -1.0241900e-01
  -1.1193000e-01
  -1.0984800e-01
  -9.9821600e-02
  -9.1999700e-02
  -9.3101800e-02
  -9.4367600e-02
  -8.9744700e-02
  -7.2822400e-02
  -4.6758400e-02
  -2.3000800e-02
  -1.2022900e-03
   1.6081000e-02
   1.9248600e-02
   7.3855200e-03
  -1.7684500e-02
  -5.4252800e-02
  -8.8292400e-02
  -1.0309800e-01
  -1.0291400e-01
  -1.0440500e-01
  -1.0816700e-01
  -1.0202900e-01
  -8.4727500e-02
  -5.8376200e-02
  -7.4130800e-03
   6.3816800e-02
   1.0457600e-01
   9.3342800e-02
   7.3885000e-02
   8.1068700e-02
   8.6512100e-02
   5.8084300e-02
   3.3267200e-02
   3.8479500e-02
   3.4709300e-02
   1.3024100e-02
   1.2631200e-02
   3.4724500e-02
   4.1008700e-02
   3.7040900e-02
   4.7513900e-02
   6.2995000e-02
   7.5386500e-02
   7.7412800e-02
   6.6712000e-02
   4.2904700e-02
   1.9975200e-03
  -1.5085200e-02
   4.5900500e-03
   8.9767600e-03
   2.3248500e-03
   8.8991600e-03
   4.8220300e-03
  -9.8579600e-03
  -2.0101400e-02
  -3.0384200e-02
  -3.7425900e-02
  -3.6113700e-02
  -2.7352100e-02
  -6.3843000e-03
   2.1299800e-02
   2.9387000e-02
   1.2100900e-02
   2.9110400e-03
   1.6962600e-02
   2.2367800e-02
   4.7817400e-03
  -1.1937500e-02
  -2.4090600e-02
  -4.0047700e-02
  -4.6266500e-02
  -3.7079000e-02
  -2.6637200e-02
  -2.3847500e-02
  -2.3875200e-02
  -2.3992100e-02
  -3.0114700e-02
  -3.2490600e-02
  -1.9405100e-02
   3.1900800e-04
   1.6277300e-02
   1.7571200e-02
   8.7914300e-03
   1.3114400e-02
   2.9220600e-02
   3.8186000e-02
   3.4759700e-02
   2.8372800e-02
   2.8847400e-02
   3.4003600e-02
   4.2197900e-02
   4.4024800e-02
   2.4525800e-02
  -4.3392400e-03
  -2.8579700e-02
  -5.2707300e-02
  -7.2747900e-02
  -7.5097500e-02
  -6.0728500e-02
  -4.5404700e-02
  -4.2390800e-02
  -4.7765000e-02
  -3.5284700e-02
  -3.5030900e-03
   1.4426100e-02
   1.8194400e-02
   2.9399300e-02
   4.0932400e-02
   3.8500600e-02
   2.9454700e-02
   2.7898200e-02
   3.0752700e-02
   2.6817600e-02
   1.4119700e-02
   2.4407000e-04
  -4.9345700e-03
  -5.6466400e-03
  -9.0812900e-03
  -1.9534600e-02
  -4.7623600e-02
  -7.7577700e-02
  -7.6262300e-02
  -4.7306400e-02
  -1.8833900e-02
   1.5323000e-03
   1.6980500e-02
   2.5996800e-02
   2.7089400e-02
   1.7086100e-02
   3.1369200e-03
  -6.5472600e-03
  -1.6034600e-02
  -3.0437000e-02
  -4.7598200e-02
  -5.8988700e-02
  -6.1835100e-02
  -6.1336100e-02
  -6.0785100e-02
  -5.1197700e-02
  -2.3580300e-02
   1.4899700e-02
   4.5376700e-02
   4.1427700e-02
   1.2929900e-02
   5.5522400e-03
   1.5204500e-02
   1.5885200e-02
   1.5813700e-02
   8.3107100e-03
  -1.8203900e-02
  -4.6902900e-02
  -6.3215000e-02
  -6.1158700e-02
  -3.7332100e-02
  -1.5277700e-02
  -1.5864000e-02
  -7.8383800e-03
   2.4777100e-02
   6.2315700e-02
   9.4143200e-02
   9.6509600e-02
   7.4306200e-02
   6.3618000e-02
   5.3555800e-02
   1.7917000e-02
  -2.0451700e-02
  -2.9487200e-02
  -2.9867600e-02
  -4.0744700e-02
  -5.2902200e-02
  -6.2013500e-02
  -5.1355800e-02
  -2.6185800e-02
  -9.5180900e-03
   9.3129100e-03
   2.1575400e-02
   1.0024300e-03
  -2.6523600e-02
  -3.5558400e-02
  -3.6969600e-02
  -3.2261500e-02
  -2.7878800e-02
  -3.3939700e-02
  -4.2055900e-02
  -4.0971800e-02
  -2.2330200e-02
   1.5113000e-02
   4.8958700e-02
   5.1698700e-02
   4.2118200e-02
   5.4292700e-02
   7.3096100e-02
   6.7719300e-02
   4.2752800e-02
   1.7834300e-02
  -5.8199900e-03
  -3.0618200e-02
  -4.3859600e-02
  -4.2591500e-02
  -4.1861400e-02
  -3.1265500e-02
   1.0750800e-02
   6.6094900e-02
   9.9716500e-02
   9.9440900e-02
   8.1622900e-02
   6.4193600e-02
   5.2050800e-02
   3.7545100e-02
  -6.0969400e-03
  -7.7647700e-02
  -1.2278300e-01
