  -8.1182800e-02
  -7.1970700e-02
  -5.9342400e-02
  -4.3927100e-02
  -2.6349100e-02
  -7.3733600e-03
   1.1938600e-02
   3.0569500e-02
   4.7768600e-02
   6.2593800e-02
   7.4128200e-02
   8.1956000e-02
   8.5853600e-02
   8.5725300e-02
   8.1731500e-02
   7.4507900e-02
   6.5167200e-02
   5.4541400e-02
   4.2729800e-02
   2.9440200e-02
   1.4568600e-02
  -1.3088300e-03
  -1.7006200e-02
  -3.1243000e-02
  -4.3420600e-02
  -5.3811900e-02
  -6.3008000e-02
  -7.1357000e-02
  -7.8711400e-02
  -8.4775900e-02
  -8.9455500e-02
  -9.2792100e-02
  -9.4962600e-02
  -9.6324500e-02
  -9.7260100e-02
  -9.8029800e-02
  -9.8667000e-02
  -9.8992400e-02
  -9.8694800e-02
  -9.7639300e-02
  -9.6034200e-02
  -9.4080100e-02
  -9.1854900e-02
  -8.9507700e-02
  -8.7270800e-02
  -8.5378000e-02
  -8.4125600e-02
  -8.3776200e-02
  -8.4336400e-02
  -8.5548500e-02
  -8.7000900e-02
  -8.8120500e-02
  -8.8303300e-02
  -8.7136200e-02
  -8.4558000e-02
  -8.0863800e-02
  -7.6403300e-02
  -7.1391200e-02
  -6.6084100e-02
  -6.0749200e-02
  -5.5373600e-02
  -4.9779100e-02
  -4.3874700e-02
  -3.7717500e-02
  -3.1463600e-02
  -2.5322400e-02
  -1.9556700e-02
  -1.4428500e-02
  -9.7842300e-03
  -4.9976400e-03
   4.1702200e-04
   6.5112400e-03
   1.2980300e-02
   1.9471400e-02
   2.5796600e-02
   3.1763100e-02
   3.7137600e-02
   4.1792500e-02
   4.5835900e-02
   4.9575000e-02
   5.2928300e-02
   5.5315600e-02
   5.6032600e-02
   5.4648300e-02
   5.1214100e-02
   4.6069400e-02
   3.9663400e-02
   3.2509300e-02
   2.5136200e-02
   1.8002100e-02
   1.1424400e-02
   5.5137800e-03
   2.3198400e-04
  -4.4248900e-03
  -7.9903300e-03
  -9.7369200e-03
  -9.1760700e-03
  -6.2936600e-03
  -1.5376700e-03
   4.4949300e-03
   1.1273000e-02
   1.8388200e-02
   2.5401100e-02
   3.1827000e-02
   3.7455200e-02
   4.2375900e-02
   4.6656400e-02
   4.9894100e-02
   5.1174800e-02
   4.9641300e-02
   4.5005600e-02
   3.7527400e-02
   2.7747300e-02
   1.6195400e-02
   3.2197300e-03
  -1.0903000e-02
  -2.5515900e-02
  -3.9747200e-02
  -5.2980500e-02
  -6.4856200e-02
  -7.5199400e-02
  -8.3899100e-02
  -9.0908000e-02
  -9.6204000e-02
  -9.9857300e-02
  -1.0213800e-01
  -1.0349100e-01
  -1.0443200e-01
  -1.0541400e-01
  -1.0670200e-01
  -1.0830400e-01
  -1.1007200e-01
  -1.1180900e-01
  -1.1333900e-01
  -1.1451000e-01
  -1.1519700e-01
  -1.1534500e-01
  -1.1504200e-01
  -1.1453800e-01
  -1.1417300e-01
  -1.1423100e-01
  -1.1482400e-01
  -1.1585300e-01
  -1.1720100e-01
  -1.1884500e-01
  -1.2089800e-01
  -1.2351500e-01
  -1.2676000e-01
  -1.3054800e-01
  -1.3466900e-01
  -1.3896000e-01
  -1.4350000e-01
  -1.4876200e-01
  -1.5512000e-01
  -1.6235300e-01
  -1.6976300e-01
  -1.7658200e-01
  -1.8239100e-01
  -1.8688900e-01
  -1.8951800e-01
  -1.8934200e-01
  -1.8539600e-01
  -1.7665900e-01
  -1.6255100e-01
  -1.4338400e-01
  -1.1975700e-01
  -9.2283000e-02
  -6.2599200e-02
  -3.3232700e-02
  -6.4279700e-03
   1.6400300e-02
   3.4840000e-02
   4.9407000e-02
   6.1247000e-02
   7.1248600e-02
   7.9879100e-02
   8.7412700e-02
   9.3939600e-02
   9.9422200e-02
   1.0395500e-01
   1.0775900e-01
   1.1092100e-01
   1.1332500e-01
   1.1477500e-01
   1.1514000e-01
   1.1446600e-01
   1.1291400e-01
   1.1061000e-01
   1.0751800e-01
   1.0360500e-01
   9.8969100e-02
   9.3619200e-02
   8.7367900e-02
   7.9858300e-02
   7.0962300e-02
   6.1104800e-02
   5.0964600e-02
   4.1047100e-02
   3.1280500e-02
   2.1397300e-02
   1.1503000e-02
   1.8951100e-03
  -7.2235300e-03
  -1.5600100e-02
  -2.2941600e-02
  -2.9001900e-02
  -3.3529000e-02
  -3.6306400e-02
  -3.7314900e-02
  -3.6834000e-02
  -3.5393700e-02
  -3.3627600e-02
  -3.2049500e-02
  -3.0627400e-02
  -2.8885300e-02
  -2.6866800e-02
  -2.5182800e-02
  -2.4439600e-02
  -2.4982400e-02
  -2.6802700e-02
  -2.9634300e-02
  -3.3125400e-02
  -3.7084400e-02
  -4.1396600e-02
  -4.5854600e-02
  -5.0152300e-02
  -5.4011900e-02
  -5.7317500e-02
  -6.0092000e-02
  -6.2352800e-02
  -6.3947500e-02
  -6.4546700e-02
  -6.3724400e-02
  -6.1213500e-02
  -5.7184200e-02
  -5.2151300e-02
  -4.6708000e-02
  -4.1082200e-02
  -3.5110900e-02
  -2.8582600e-02
  -2.1528800e-02
  -1.4270700e-02
  -6.9625600e-03
   6.1261900e-04
   8.5177500e-03
   1.6506900e-02
   2.4225200e-02
   3.1516500e-02
   3.8578300e-02
   4.5878400e-02
   5.3905800e-02
   6.2968700e-02
   7.3042700e-02
   8.3744600e-02
   9.4594900e-02
   1.0525300e-01
   1.1548400e-01
   1.2510400e-01
   1.3392300e-01
   1.4183600e-01
   1.4892800e-01
   1.5534900e-01
   1.6119800e-01
   1.6639100e-01
   1.7069700e-01
   1.7387400e-01
   1.7586800e-01
   1.7698200e-01
   1.7814200e-01
   1.8034800e-01
   1.8368000e-01
   1.8749200e-01
   1.9108500e-01
   1.9420500e-01
   1.9702700e-01
   1.9969500e-01
   2.0221800e-01
   2.0463500e-01
   2.0702000e-01
   2.0942900e-01
   2.1174500e-01
   2.1372900e-01
   2.1517100e-01
   2.1590900e-01
   2.1580500e-01
   2.1465500e-01
   2.1227300e-01
   2.0867400e-01
   2.0397100e-01
   1.9814300e-01
   1.9100200e-01
   1.8235500e-01
   1.7208300e-01
   1.6027800e-01
   1.4736800e-01
   1.3390900e-01
   1.2038200e-01
   1.0739900e-01
   9.5643100e-02
   8.5462400e-02
   7.6767700e-02
   6.9204400e-02
   6.2475800e-02
   5.6513200e-02
   5.1528700e-02
   4.7820600e-02
   4.5541900e-02
   4.4661600e-02
   4.5017300e-02
   4.6474200e-02
   4.8951300e-02
   5.2406600e-02
   5.6738400e-02
   6.1714600e-02
   6.7129400e-02
   7.2914900e-02
   7.9021300e-02
   8.5391200e-02
   9.2075800e-02
   9.9112300e-02
   1.0634900e-01
   1.1358800e-01
   1.2070700e-01
   1.2758100e-01
   1.3407600e-01
   1.4011100e-01
   1.4559500e-01
   1.5041500e-01
   1.5440300e-01
   1.5740200e-01
   1.5926200e-01
   1.5996600e-01
   1.5973900e-01
   1.5891500e-01
   1.5780100e-01
   1.5671200e-01
   1.5591000e-01
   1.5544700e-01
   1.5484500e-01
   1.5306300e-01
   1.4880900e-01
   1.4109400e-01
   1.2942400e-01
   1.1346700e-01
   9.2736500e-02
   6.7179100e-02
   3.7834400e-02
   7.3330300e-03
  -2.1089400e-02
  -4.5136000e-02
  -6.3802800e-02
  -7.7328000e-02
  -8.6919800e-02
  -9.4308100e-02
  -1.0099200e-01
  -1.0779400e-01
  -1.1477200e-01
  -1.2183800e-01
  -1.2912600e-01
  -1.3692000e-01
  -1.4535900e-01
  -1.5425900e-01
  -1.6351900e-01
  -1.7338800e-01
  -1.8399100e-01
  -1.9515300e-01
  -2.0664800e-01
  -2.1830800e-01
  -2.2998200e-01
  -2.4141500e-01
  -2.5220000e-01
  -2.6166900e-01
  -2.6941600e-01
  -2.7597800e-01
  -2.8212100e-01
  -2.8816500e-01
  -2.9415700e-01
  -2.9998800e-01
  -3.0513600e-01
  -3.0901400e-01
  -3.1138500e-01
  -3.1212800e-01
  -3.1110700e-01
  -3.0827300e-01
  -3.0367200e-01
  -2.9737100e-01
  -2.8921800e-01
  -2.7887700e-01
  -2.6579100e-01
  -2.4941100e-01
  -2.2918000e-01
  -2.0385400e-01
  -1.7156200e-01
  -1.3163900e-01
  -8.5592500e-02
  -3.6663100e-02
   1.1025000e-02
   5.3384700e-02
   8.7516500e-02
   1.1270100e-01
   1.3032600e-01
   1.4289600e-01
   1.5260600e-01
   1.6084800e-01
   1.6832400e-01
   1.7519900e-01
   1.8129900e-01
   1.8625200e-01
   1.8972900e-01
   1.9167700e-01
   1.9226600e-01
   1.9181500e-01
   1.9075700e-01
   1.8953700e-01
   1.8846400e-01
   1.8766900e-01
   1.8713200e-01
   1.8674700e-01
   1.8643300e-01
   1.8625900e-01
   1.8632900e-01
   1.8662600e-01
   1.8718800e-01
   1.8813700e-01
   1.8938500e-01
   1.9070300e-01
   1.9196500e-01
   1.9299600e-01
   1.9340100e-01
   1.9232400e-01
   1.8875700e-01
   1.8199800e-01
   1.7170200e-01
   1.5789000e-01
   1.4094700e-01
   1.2156000e-01
   1.0033100e-01
   7.7816400e-02
   5.4830600e-02
   3.2739500e-02
   1.3128600e-02
  -3.1258800e-03
  -1.6093100e-02
  -2.6278600e-02
  -3.4327400e-02
  -4.0936300e-02
  -4.6689200e-02
  -5.2011000e-02
  -5.7246600e-02
  -6.2829900e-02
  -6.9308900e-02
  -7.6809300e-02
  -8.4798200e-02
  -9.2461100e-02
  -9.9241900e-02
  -1.0523800e-01
  -1.1083100e-01
  -1.1620900e-01
  -1.2078700e-01
  -1.2347900e-01
  -1.2335800e-01
  -1.2008900e-01
  -1.1414200e-01
  -1.0662500e-01
  -9.8757200e-02
  -9.1173600e-02
  -8.3922900e-02
  -7.6808100e-02
  -6.9886400e-02
  -6.3544200e-02
  -5.8328100e-02
  -5.4682600e-02
  -5.2722400e-02
  -5.2169400e-02
  -5.2460400e-02
  -5.2977600e-02
  -5.3271300e-02
  -5.3177500e-02
  -5.2689900e-02
  -5.1874300e-02
  -5.0993100e-02
  -5.0500100e-02
  -5.0915400e-02
  -5.2571700e-02
  -5.5437600e-02
  -5.9259000e-02
  -6.3728800e-02
  -6.8643200e-02
  -7.3973200e-02
  -7.9789200e-02
  -8.5985200e-02
  -9.2233700e-02
  -9.8155500e-02
  -1.0363500e-01
  -1.0894900e-01
  -1.1435800e-01
  -1.1986200e-01
  -1.2525800e-01
  -1.3028600e-01
  -1.3477600e-01
  -1.3874300e-01
  -1.4234300e-01
  -1.4566400e-01
  -1.4861100e-01
  -1.5089600e-01
  -1.5219700e-01
  -1.5229000e-01
  -1.5087400e-01
  -1.4777400e-01
  -1.4329000e-01
  -1.3792200e-01
  -1.3198000e-01
  -1.2502100e-01
  -1.1631200e-01
  -1.0575100e-01
  -9.3840400e-02
  -8.1262400e-02
  -6.8424600e-02
  -5.5425100e-02
  -4.2261900e-02
  -2.8913700e-02
  -1.5372500e-02
  -1.8986800e-03
   1.0974900e-02
   2.2583500e-02
   3.2489300e-02
   4.0772300e-02
   4.7816500e-02
   5.4012000e-02
   5.9415500e-02
   6.3813600e-02
   6.6985800e-02
   6.8850100e-02
   6.9554800e-02
   6.9515900e-02
   6.9300700e-02
   6.9438700e-02
   7.0322000e-02
   7.2121300e-02
   7.4763200e-02
   7.7973200e-02
   8.1385600e-02
   8.4708900e-02
   8.7821900e-02
   9.0650400e-02
   9.3110000e-02
   9.5104100e-02
   9.6502000e-02
   9.7142100e-02
   9.6797900e-02
   9.5283100e-02
   9.2576500e-02
   8.8771700e-02
   8.4002600e-02
   7.8485100e-02
   7.2501800e-02
   6.6228300e-02
   5.9698000e-02
   5.2878000e-02
   4.5776600e-02
   3.8463700e-02
   3.0952200e-02
   2.3290700e-02
   1.5717300e-02
   8.5121100e-03
   1.8170000e-03
  -4.3920500e-03
  -1.0255300e-02
  -1.5941200e-02
  -2.1525100e-02
  -2.6955300e-02
  -3.2112200e-02
  -3.6896700e-02
  -4.1293400e-02
  -4.5369000e-02
  -4.9228700e-02
  -5.2890500e-02
  -5.6299100e-02
  -5.9417900e-02
  -6.2204100e-02
  -6.4600900e-02
  -6.6634600e-02
  -6.8404700e-02
  -6.9926300e-02
  -7.0984400e-02
  -7.1163100e-02
  -7.0076800e-02
  -6.7577700e-02
  -6.3775700e-02
  -5.8931600e-02
  -5.3272500e-02
  -4.6527300e-02
  -3.8242300e-02
  -2.8801300e-02
  -1.9030000e-02
  -9.3026900e-03
   3.0601800e-04
   9.7424800e-03
   1.8924200e-02
   2.7762100e-02
   3.6168000e-02
   4.4073900e-02
   5.1478500e-02
   5.8501500e-02
   6.5250100e-02
   7.1663600e-02
   7.7682000e-02
   8.3376700e-02
   8.8739400e-02
   9.3625500e-02
   9.7836500e-02
   1.0128800e-01
   1.0410200e-01
   1.0646400e-01
   1.0845000e-01
   1.0988700e-01
   1.1044600e-01
   1.0982400e-01
   1.0767800e-01
   1.0374700e-01
   9.8023500e-02
   9.0690200e-02
   8.2009100e-02
   7.2142000e-02
   6.1175500e-02
   4.9242600e-02
   3.6687500e-02
   2.4102100e-02
   1.2152200e-02
   1.3599000e-03
  -7.9299700e-03
  -1.5552200e-02
  -2.1499700e-02
  -2.5667600e-02
  -2.7896900e-02
  -2.8190600e-02
  -2.6832000e-02
  -2.4335500e-02
  -2.1082400e-02
  -1.7223800e-02
  -1.2968900e-02
  -8.6046200e-03
  -4.3499800e-03
  -4.1370600e-04
   2.9901300e-03
   5.6736100e-03
   7.5640000e-03
   8.7566000e-03
   9.3928200e-03
   9.5895400e-03
   9.4940800e-03
   9.2240400e-03
   8.7402500e-03
   7.9905600e-03
   7.0346800e-03
   5.9106700e-03
   4.6381400e-03
   3.3712600e-03
   2.3308300e-03
   1.6515400e-03
   1.2923600e-03
   1.1108000e-03
   1.0511300e-03
   1.0899700e-03
   1.1176400e-03
   1.0043100e-03
   6.8057900e-04
   1.6585800e-04
  -3.7201100e-04
  -6.0716100e-04
  -2.8321000e-04
   6.1710400e-04
   1.8970700e-03
   3.3380600e-03
   4.8931700e-03
   6.5968700e-03
   8.4249700e-03
   1.0225800e-02
   1.1820500e-02
   1.3153100e-02
   1.4220300e-02
   1.4992100e-02
   1.5411300e-02
   1.5449700e-02
   1.5148500e-02
   1.4603600e-02
   1.3927300e-02
   1.3218100e-02
   1.2580400e-02
   1.2214600e-02
   1.2349600e-02
   1.3108500e-02
   1.4466400e-02
   1.6271900e-02
   1.8320800e-02
   2.0403800e-02
   2.2318000e-02
   2.3791100e-02
   2.4525100e-02
   2.4291900e-02
   2.2997000e-02
   2.0711700e-02
   1.7770700e-02
   1.4687900e-02
   1.1682900e-02
   8.7412200e-03
   6.0314900e-03
   3.8494900e-03
   2.4242100e-03
   2.0624800e-03
   3.0904700e-03
   5.6753100e-03
   9.7046300e-03
   1.4799400e-02
   2.0678800e-02
   2.7200100e-02
   3.4083300e-02
   4.1088700e-02
   4.8247500e-02
   5.5493900e-02
   6.2494900e-02
   6.8809800e-02
   7.4150900e-02
   7.8551300e-02
   8.2170900e-02
   8.5148500e-02
   8.7576700e-02
   8.9502700e-02
   9.0916900e-02
   9.1783600e-02
   9.2105400e-02
   9.1952900e-02
   9.1419000e-02
   9.0532900e-02
   8.9294500e-02
   8.7736000e-02
   8.5884100e-02
   8.3742500e-02
   8.1305200e-02
   7.8638200e-02
   7.5900900e-02
   7.3136700e-02
   7.0233800e-02
   6.7080900e-02
   6.3688700e-02
   6.0212700e-02
   5.6817200e-02
   5.3544800e-02
   5.0221500e-02
   4.6630500e-02
   4.2736600e-02
   3.8579000e-02
   3.4190100e-02
   2.9739200e-02
   2.5499900e-02
   2.1678200e-02
   1.8253100e-02
   1.4950800e-02
   1.1417000e-02
   7.4383900e-03
   3.1319700e-03
  -1.1992000e-03
  -5.3071300e-03
  -9.1635300e-03
  -1.2910100e-02
  -1.6681500e-02
  -2.0585100e-02
  -2.4757900e-02
  -2.9330600e-02
  -3.4336500e-02
  -3.9569600e-02
  -4.4741200e-02
  -4.9733100e-02
  -5.4588900e-02
  -5.9415800e-02
  -6.4358900e-02
  -6.9524600e-02
  -7.4886200e-02
  -8.0269900e-02
  -8.5439000e-02
  -9.0258200e-02
  -9.4645800e-02
  -9.8310500e-02
  -1.0091800e-01
  -1.0237800e-01
  -1.0273900e-01
  -1.0204800e-01
  -1.0012600e-01
  -9.6734200e-02
  -9.1857400e-02
  -8.5702400e-02
  -7.8623600e-02
  -7.1053700e-02
  -6.3331700e-02
  -5.5538200e-02
  -4.7649000e-02
  -3.9674600e-02
  -3.1523700e-02
  -2.3059400e-02
  -1.4324100e-02
  -5.6076200e-03
   2.6499900e-03
   1.0039200e-02
   1.6369300e-02
   2.1771400e-02
   2.6539300e-02
   3.0908700e-02
   3.4917200e-02
   3.8412700e-02
   4.1045500e-02
   4.2512400e-02
   4.2839200e-02
   4.2320800e-02
   4.1341400e-02
   4.0147600e-02
   3.8860900e-02
   3.7610900e-02
   3.6484800e-02
   3.5474300e-02
   3.4601400e-02
   3.3951500e-02
   3.3625000e-02
   3.3730800e-02
   3.4361700e-02
   3.5531600e-02
   3.7147800e-02
   3.9054700e-02
   4.1090600e-02
   4.3132800e-02
   4.5115300e-02
   4.7016700e-02
   4.8801000e-02
   5.0407500e-02
   5.1763500e-02
   5.2763600e-02
   5.3303500e-02
   5.3351300e-02
   5.2904100e-02
   5.1861600e-02
   5.0114800e-02
   4.7645800e-02
   4.4269700e-02
   3.9758100e-02
   3.4249700e-02
   2.8056100e-02
   2.1328600e-02
   1.4146000e-02
   6.6314200e-03
  -1.0917300e-03
  -9.0259600e-03
  -1.7330400e-02
  -2.5955500e-02
  -3.4522200e-02
  -4.2595200e-02
  -4.9883000e-02
  -5.6300700e-02
  -6.1841100e-02
  -6.6500600e-02
  -7.0183800e-02
  -7.2817700e-02
  -7.4510800e-02
  -7.5517100e-02
  -7.6130500e-02
  -7.6558400e-02
  -7.6923200e-02
  -7.7323000e-02
  -7.7820200e-02
  -7.8413400e-02
  -7.9015300e-02
  -7.9507900e-02
  -7.9815800e-02
  -7.9889100e-02
  -7.9680200e-02
  -7.9089400e-02
  -7.7980200e-02
  -7.6214400e-02
  -7.3559000e-02
  -6.9761600e-02
  -6.4722300e-02
  -5.8539100e-02
  -5.1438000e-02
  -4.3605000e-02
  -3.5190600e-02
  -2.6516100e-02
  -1.7943800e-02
  -9.6250300e-03
  -1.6376400e-03
   5.9031400e-03
   1.2806300e-02
   1.8855900e-02
   2.3882800e-02
   2.7797400e-02
   3.0650000e-02
   3.2652400e-02
   3.4136400e-02
   3.5456700e-02
   3.6810800e-02
   3.8200100e-02
   3.9590500e-02
   4.1020400e-02
   4.2601200e-02
   4.4364800e-02
   4.6193200e-02
   4.7885400e-02
   4.9223100e-02
   4.9997900e-02
   4.9923500e-02
   4.8704500e-02
   4.6176800e-02
   4.2425300e-02
   3.7787300e-02
   3.2587000e-02
   2.7019600e-02
   2.1285400e-02
   1.5568900e-02
   9.9432200e-03
   4.5025900e-03
  -5.6388200e-04
  -4.9409000e-03
  -8.3613300e-03
  -1.0795400e-02
  -1.2357600e-02
  -1.3218900e-02
  -1.3589300e-02
  -1.3685400e-02
  -1.3677500e-02
  -1.3631600e-02
  -1.3517900e-02
  -1.3279800e-02
  -1.2859500e-02
  -1.2194100e-02
  -1.1217000e-02
  -9.9139300e-03
  -8.4277000e-03
  -6.9900000e-03
  -5.7749800e-03
  -4.8869500e-03
  -4.3585200e-03
  -4.1409300e-03
  -4.1033500e-03
  -4.0717900e-03
  -3.9366700e-03
  -3.6924000e-03
  -3.3346500e-03
  -2.7763100e-03
  -1.8534700e-03
  -5.4644200e-04
   9.8787100e-04
   2.7298600e-03
   4.8015900e-03
   7.2818900e-03
   1.0193900e-02
   1.3510100e-02
   1.7160100e-02
   2.1104100e-02
   2.5417800e-02
   3.0197500e-02
   3.5432600e-02
   4.0930400e-02
   4.6491500e-02
   5.2150000e-02
   5.8043800e-02
   6.4187300e-02
   7.0273200e-02
   7.5859200e-02
   8.0724000e-02
   8.4847700e-02
   8.8287800e-02
   9.0988400e-02
   9.2815900e-02
   9.3676600e-02
   9.3575300e-02
   9.2647100e-02
   9.1161200e-02
   8.9430200e-02
   8.7661300e-02
   8.5958700e-02
   8.4382800e-02
   8.2948400e-02
   8.1612000e-02
   8.0262300e-02
   7.8778700e-02
   7.7106400e-02
   7.5298600e-02
   7.3483000e-02
   7.1765000e-02
   7.0118100e-02
   6.8344900e-02
   6.6225500e-02
   6.3657200e-02
   6.0668300e-02
   5.7330800e-02
   5.3670500e-02
   4.9695700e-02
   4.5460700e-02
   4.1097500e-02
   3.6765300e-02
   3.2576600e-02
   2.8639900e-02
   2.5067900e-02
   2.1956800e-02
   1.9369000e-02
   1.7362600e-02
   1.6037300e-02
   1.5498800e-02
   1.5791200e-02
   1.6840600e-02
   1.8467500e-02
   2.0505900e-02
   2.2877600e-02
   2.5539800e-02
   2.8406400e-02
   3.1300500e-02
   3.4088200e-02
   3.6790500e-02
   3.9469500e-02
   4.2149800e-02
   4.4821000e-02
   4.7382200e-02
   4.9618000e-02
   5.1262200e-02
   5.2084300e-02
   5.1853700e-02
   5.0375600e-02
   4.7580900e-02
   4.3515100e-02
   3.8367700e-02
   3.2462000e-02
   2.5977700e-02
   1.8736800e-02
   1.0713500e-02
   2.2798800e-03
  -6.1469000e-03
  -1.4238500e-02
  -2.1677000e-02
  -2.8202900e-02
  -3.3725400e-02
  -3.8360400e-02
  -4.2318100e-02
  -4.5740100e-02
  -4.8691200e-02
  -5.1211400e-02
  -5.3236500e-02
  -5.4684900e-02
  -5.5604600e-02
  -5.6069400e-02
  -5.6085100e-02
  -5.5630700e-02
  -5.4670300e-02
  -5.3079200e-02
  -5.0666100e-02
  -4.7287200e-02
  -4.2986600e-02
  -3.7982900e-02
  -3.2339200e-02
  -2.5979200e-02
  -1.8918600e-02
  -1.1343600e-02
  -3.5726700e-03
   4.1334300e-03
   1.1638200e-02
   1.8749300e-02
   2.5293900e-02
   3.1325900e-02
   3.6925300e-02
   4.2051200e-02
   4.6820800e-02
   5.1546700e-02
   5.6292700e-02
   6.0903800e-02
   6.5311400e-02
   6.9568700e-02
   7.3742800e-02
   7.7737800e-02
   8.1351000e-02
   8.4586400e-02
   8.7614300e-02
   9.0538200e-02
   9.3344300e-02
   9.5972300e-02
   9.8414800e-02
   1.0071500e-01
   1.0280000e-01
   1.0452600e-01
   1.0581800e-01
   1.0661900e-01
   1.0685000e-01
   1.0649600e-01
   1.0563700e-01
   1.0438200e-01
   1.0283400e-01
   1.0109200e-01
   9.9178900e-02
   9.7056200e-02
   9.4838600e-02
   9.2766000e-02
   9.0897100e-02
   8.9160300e-02
   8.7579200e-02
   8.6268700e-02
   8.5330100e-02
   8.4785700e-02
   8.4569300e-02
   8.4567100e-02
   8.4681100e-02
   8.4884400e-02
   8.5222900e-02
   8.5758400e-02
   8.6439200e-02
   8.7109400e-02
   8.7629900e-02
   8.7935800e-02
   8.8045000e-02
   8.8055600e-02
   8.8104400e-02
   8.8256500e-02
   8.8483300e-02
   8.8720900e-02
   8.8912800e-02
   8.9030000e-02
   8.9071900e-02
   8.9052100e-02
   8.8946700e-02
   8.8643300e-02
   8.7848300e-02
   8.6313500e-02
   8.4123500e-02
   8.1549200e-02
   7.8847900e-02
   7.6185600e-02
   7.3623400e-02
   7.1107200e-02
   6.8576300e-02
   6.6071500e-02
   6.3718400e-02
   6.1650300e-02
   6.0020800e-02
   5.8987400e-02
   5.8729600e-02
   5.9329700e-02
   6.0646700e-02
   6.2418100e-02
   6.4382200e-02
   6.6306400e-02
   6.8039800e-02
   6.9583900e-02
   7.1021200e-02
   7.2415800e-02
   7.3830000e-02
   7.5325200e-02
   7.6849200e-02
   7.8275700e-02
   7.9546800e-02
   8.0638700e-02
   8.1502400e-02
   8.2169400e-02
   8.2781300e-02
   8.3438900e-02
   8.4142200e-02
   8.4801800e-02
   8.5285500e-02
   8.5471600e-02
   8.5272600e-02
   8.4660800e-02
   8.3688600e-02
   8.2447300e-02
   8.0997900e-02
   7.9315900e-02
   7.7307400e-02
   7.4863200e-02
   7.1913100e-02
   6.8395600e-02
   6.4315000e-02
   5.9818500e-02
   5.5133800e-02
   5.0443700e-02
   4.5714600e-02
   4.0767500e-02
   3.5555900e-02
   3.0184000e-02
   2.4797700e-02
   1.9571300e-02
   1.4695600e-02
   1.0353900e-02
   6.6275300e-03
   3.3635300e-03
   2.9482000e-04
  -2.7668900e-03
  -5.8309000e-03
  -8.7645200e-03
  -1.1383100e-02
  -1.3577400e-02
  -1.5399100e-02
  -1.7010100e-02
  -1.8575100e-02
  -2.0173700e-02
  -2.1781500e-02
  -2.3291900e-02
  -2.4587000e-02
  -2.5616900e-02
  -2.6405400e-02
  -2.7021700e-02
  -2.7510300e-02
  -2.7894000e-02
  -2.8278200e-02
  -2.8781000e-02
  -2.9382200e-02
  -3.0027800e-02
  -3.0728100e-02
  -3.1450400e-02
  -3.2084900e-02
  -3.2535500e-02
  -3.2726700e-02
  -3.2575900e-02
  -3.2063200e-02
  -3.1277400e-02
  -3.0275100e-02
  -2.9035600e-02
  -2.7495200e-02
  -2.5589100e-02
  -2.3292600e-02
  -2.0702000e-02
  -1.8033300e-02
  -1.5496300e-02
  -1.3191800e-02
  -1.1076000e-02
  -9.0670500e-03
  -7.1645200e-03
  -5.4125800e-03
  -3.8396100e-03
  -2.4795200e-03
  -1.3609400e-03
  -4.7173400e-04
   2.1352300e-04
   6.9919700e-04
   9.5457300e-04
   9.5244600e-04
   7.4577000e-04
   4.2169600e-04
  -3.0588100e-05
  -7.0539600e-04
  -1.6999800e-03
  -3.0496300e-03
  -4.7171800e-03
  -6.6619800e-03
  -8.8874000e-03
  -1.1441900e-02
  -1.4285600e-02
  -1.7211300e-02
  -2.0026200e-02
  -2.2660600e-02
  -2.5144000e-02
  -2.7549000e-02
  -2.9952600e-02
  -3.2404300e-02
  -3.4910200e-02
  -3.7353700e-02
  -3.9563700e-02
  -4.1434400e-02
  -4.2903600e-02
  -4.3930100e-02
  -4.4570300e-02
  -4.4955400e-02
  -4.5145600e-02
  -4.5154200e-02
  -4.5047000e-02
  -4.4950300e-02
  -4.4998900e-02
  -4.5269600e-02
  -4.5781700e-02
  -4.6535300e-02
  -4.7512900e-02
  -4.8676700e-02
  -5.0056100e-02
  -5.1699800e-02
  -5.3528600e-02
  -5.5399600e-02
  -5.7238500e-02
  -5.9039200e-02
  -6.0837800e-02
  -6.2717200e-02
  -6.4746700e-02
  -6.6896600e-02
  -6.9046400e-02
  -7.1056200e-02
  -7.2881500e-02
  -7.4565200e-02
  -7.6135300e-02
  -7.7540500e-02
  -7.8660700e-02
  -7.9364800e-02
  -7.9598400e-02
  -7.9457100e-02
  -7.9133400e-02
  -7.8806700e-02
  -7.8590500e-02
  -7.8518600e-02
  -7.8565300e-02
  -7.8673100e-02
  -7.8788700e-02
  -7.8905400e-02
  -7.9049700e-02
  -7.9096100e-02
  -7.8815000e-02
  -7.8148600e-02
  -7.7248200e-02
  -7.6359700e-02
  -7.5727300e-02
  -7.5487300e-02
  -7.5508500e-02
  -7.5539000e-02
  -7.5507300e-02
  -7.5497200e-02
  -7.5604300e-02
  -7.5836300e-02
  -7.6118900e-02
  -7.6353800e-02
  -7.6429900e-02
  -7.6226100e-02
  -7.5665000e-02
  -7.4755000e-02
  -7.3567800e-02
  -7.2129600e-02
  -7.0312400e-02
  -6.8014400e-02
  -6.5323100e-02
  -6.2431900e-02
  -5.9528400e-02
  -5.6731100e-02
  -5.4079800e-02
  -5.1544700e-02
  -4.9026900e-02
  -4.6408400e-02
  -4.3663200e-02
  -4.0873300e-02
  -3.8181400e-02
  -3.5741700e-02
  -3.3661400e-02
  -3.1958200e-02
  -3.0594400e-02
  -2.9563900e-02
  -2.8847100e-02
  -2.8352300e-02
  -2.8034400e-02
  -2.7937200e-02
  -2.8148100e-02
  -2.8725400e-02
  -2.9657700e-02
  -3.0937000e-02
  -3.2579000e-02
  -3.4528000e-02
  -3.6704800e-02
  -3.9143900e-02
  -4.1880600e-02
  -4.4816600e-02
  -4.7793500e-02
  -5.0696700e-02
  -5.3522700e-02
  -5.6319300e-02
  -5.9093600e-02
  -6.1786700e-02
  -6.4315300e-02
  -6.6633500e-02
  -6.8771900e-02
  -7.0835400e-02
  -7.2886700e-02
  -7.4868300e-02
  -7.6646200e-02
  -7.8100900e-02
  -7.9198200e-02
  -7.9965400e-02
  -8.0446700e-02
  -8.0698700e-02
  -8.0795800e-02
  -8.0809100e-02
  -8.0774300e-02
  -8.0663700e-02
  -8.0426500e-02
  -8.0038400e-02
  -7.9510600e-02
  -7.8865400e-02
  -7.8092500e-02
  -7.7165900e-02
  -7.6093100e-02
  -7.4947100e-02
  -7.3833100e-02
  -7.2782300e-02
  -7.1752600e-02
  -7.0698900e-02
  -6.9661300e-02
  -6.8765600e-02
  -6.8120700e-02
  -6.7740000e-02
  -6.7531000e-02
  -6.7436600e-02
  -6.7542000e-02
  -6.8002800e-02
  -6.8894400e-02
  -7.0053200e-02
  -7.1244000e-02
  -7.2416800e-02
  -7.3657300e-02
  -7.5042200e-02
  -7.6509700e-02
  -7.7937500e-02
  -7.9314200e-02
  -8.0660500e-02
  -8.1918900e-02
  -8.2972700e-02
  -8.3761200e-02
  -8.4428700e-02
  -8.5185700e-02
  -8.6090800e-02
  -8.7078600e-02
  -8.8060500e-02
  -8.9018000e-02
  -8.9974700e-02
  -9.0915100e-02
  -9.1796900e-02
  -9.2600700e-02
  -9.3373500e-02
  -9.4178100e-02
  -9.4963300e-02
  -9.5583600e-02
  -9.5902700e-02
  -9.5897700e-02
  -9.5663200e-02
  -9.5287800e-02
  -9.4795700e-02
  -9.4161100e-02
  -9.3381300e-02
  -9.2506300e-02
  -9.1515400e-02
  -9.0289300e-02
  -8.8660100e-02
  -8.6535000e-02
  -8.3996200e-02
  -8.1264400e-02
  -7.8593100e-02
  -7.6152600e-02
  -7.3998700e-02
  -7.2100800e-02
  -7.0433900e-02
  -6.9010200e-02
  -6.7841900e-02
  -6.6922300e-02
  -6.6262400e-02
  -6.5920600e-02
  -6.5981700e-02
  -6.6442300e-02
  -6.7193700e-02
  -6.8130100e-02
  -6.9164400e-02
  -7.0195100e-02
  -7.1170300e-02
  -7.2126600e-02
  -7.3177700e-02
  -7.4443600e-02
  -7.5968200e-02
  -7.7662600e-02
  -7.9339400e-02
  -8.0935600e-02
  -8.2535100e-02
  -8.4117400e-02
  -8.5575500e-02
  -8.6866400e-02
  -8.7958600e-02
  -8.8770900e-02
  -8.9144400e-02
  -8.8961900e-02
  -8.8314200e-02
  -8.7369000e-02
  -8.6185700e-02
  -8.4644100e-02
  -8.2552000e-02
  -7.9816400e-02
  -7.6495900e-02
  -7.2757400e-02
  -6.8803300e-02
  -6.4798100e-02
  -6.0803200e-02
  -5.6786300e-02
  -5.2692300e-02
  -4.8534600e-02
  -4.4426400e-02
  -4.0420500e-02
  -3.6447400e-02
  -3.2403600e-02
  -2.8220900e-02
  -2.3899800e-02
  -1.9580300e-02
  -1.5493100e-02
  -1.1690800e-02
  -8.0379600e-03
  -4.4568000e-03
  -1.0045600e-03
   2.1639000e-03
   4.8480900e-03
   6.8973800e-03
   8.3044000e-03
   9.1993800e-03
   9.7757900e-03
   1.0158900e-02
   1.0364900e-02
   1.0408000e-02
   1.0336200e-02
   1.0159900e-02
   9.8599900e-03
   9.4408000e-03
   9.0035500e-03
   8.7104200e-03
   8.6368900e-03
   8.7603400e-03
   9.0552600e-03
   9.5317100e-03
   1.0207200e-02
   1.0996200e-02
   1.1739500e-02
   1.2360000e-02
   1.2904500e-02
   1.3475000e-02
   1.4025500e-02
   1.4342600e-02
   1.4280700e-02
   1.3831400e-02
   1.3044200e-02
   1.1993800e-02
   1.0769800e-02
   9.4176600e-03
   7.9614100e-03
   6.5008000e-03
   5.1060200e-03
   3.6846600e-03
   2.1445900e-03
   5.2273700e-04
  -1.0410000e-03
  -2.4160900e-03
  -3.6037900e-03
  -4.7847800e-03
  -6.2350600e-03
  -8.0480800e-03
  -1.0118300e-02
  -1.2440400e-02
  -1.5047000e-02
  -1.7800800e-02
  -2.0483100e-02
  -2.2936600e-02
  -2.5112300e-02
  -2.7036200e-02
  -2.8732300e-02
  -3.0139200e-02
  -3.1114000e-02
  -3.1552200e-02
  -3.1452800e-02
  -3.0832900e-02
  -2.9766100e-02
  -2.8462100e-02
  -2.7139400e-02
  -2.5905000e-02
  -2.4766300e-02
  -2.3693800e-02
  -2.2688600e-02
  -2.1775100e-02
  -2.0967000e-02
  -2.0292600e-02
  -1.9792800e-02
  -1.9479600e-02
  -1.9287700e-02
  -1.9050800e-02
  -1.8619800e-02
  -1.7966000e-02
  -1.7113000e-02
  -1.6088700e-02
  -1.4938000e-02
  -1.3761600e-02
  -1.2723300e-02
  -1.1934300e-02
  -1.1388000e-02
  -1.1089300e-02
  -1.1089100e-02
  -1.1442900e-02
  -1.2191100e-02
  -1.3344700e-02
  -1.4900800e-02
  -1.6825700e-02
  -1.9013400e-02
  -2.1343300e-02
  -2.3762800e-02
  -2.6162600e-02
  -2.8327600e-02
  -3.0157000e-02
  -3.1713300e-02
  -3.3047800e-02
  -3.4193700e-02
  -3.5236100e-02
  -3.6279000e-02
  -3.7386200e-02
  -3.8528400e-02
  -3.9617000e-02
  -4.0581400e-02
  -4.1396700e-02
  -4.2071300e-02
  -4.2561700e-02
  -4.2790500e-02
  -4.2769600e-02
  -4.2599100e-02
  -4.2389200e-02
  -4.2185800e-02
  -4.1959000e-02
  -4.1652800e-02
  -4.1202900e-02
  -4.0499300e-02
  -3.9490200e-02
  -3.8271700e-02
  -3.6904600e-02
  -3.5345700e-02
  -3.3622500e-02
  -3.1767500e-02
  -2.9616200e-02
  -2.7047000e-02
  -2.4198300e-02
  -2.1254500e-02
  -1.8330100e-02
  -1.5600200e-02
  -1.3231600e-02
  -1.1236500e-02
  -9.5356300e-03
  -8.0260500e-03
  -6.5304700e-03
  -4.8887900e-03
  -3.1514400e-03
  -1.4525100e-03
   1.6019800e-04
   1.6098000e-03
   2.7503300e-03
   3.4964400e-03
   3.9278800e-03
   4.3130700e-03
   4.8623000e-03
   5.5616600e-03
   6.3128600e-03
   7.0489300e-03
   7.7418600e-03
   8.4152900e-03
   9.1342900e-03
   9.8966600e-03
   1.0606600e-02
   1.1208300e-02
   1.1707500e-02
   1.2095000e-02
   1.2323100e-02
   1.2338300e-02
   1.2159600e-02
   1.1886000e-02
   1.1615900e-02
   1.1345400e-02
   1.0910500e-02
   1.0117500e-02
   8.8808500e-03
   7.2395100e-03
   5.2991200e-03
   3.1481000e-03
   8.4393500e-04
  -1.5759500e-03
  -4.1599400e-03
  -7.0168500e-03
  -1.0207500e-02
  -1.3666900e-02
  -1.7195200e-02
  -2.0603900e-02
  -2.3816300e-02
  -2.6763800e-02
  -2.9345400e-02
  -3.1446900e-02
  -3.3007500e-02
  -3.4079400e-02
  -3.4759500e-02
  -3.5135700e-02
  -3.5248500e-02
  -3.5114200e-02
  -3.4767500e-02
  -3.4262900e-02
  -3.3668900e-02
  -3.3084700e-02
  -3.2569300e-02
  -3.2010000e-02
  -3.1261100e-02
  -3.0331900e-02
  -2.9371600e-02
  -2.8536000e-02
  -2.7781600e-02
  -2.6976100e-02
  -2.6139900e-02
  -2.5367100e-02
  -2.4688300e-02
  -2.4035500e-02
  -2.3325800e-02
  -2.2597200e-02
  -2.1967500e-02
  -2.1529100e-02
  -2.1346100e-02
  -2.1458900e-02
  -2.1897600e-02
  -2.2620200e-02
  -2.3458600e-02
  -2.4266500e-02
  -2.5033700e-02
  -2.5782800e-02
  -2.6482900e-02
  -2.7014100e-02
  -2.7267500e-02
  -2.7259000e-02
  -2.7091300e-02
  -2.6875100e-02
  -2.6644000e-02
  -2.6385300e-02
  -2.6121900e-02
  -2.5900800e-02
  -2.5759200e-02
  -2.5747900e-02
  -2.5919500e-02
  -2.6287200e-02
  -2.6818900e-02
  -2.7456500e-02
  -2.8138900e-02
  -2.8805200e-02
  -2.9320100e-02
  -2.9492200e-02
  -2.9135200e-02
  -2.8097600e-02
  -2.6313900e-02
  -2.3845200e-02
  -2.0858200e-02
  -1.7522100e-02
  -1.3995200e-02
  -1.0413400e-02
  -6.7030800e-03
  -2.5751800e-03
   2.2129300e-03
   7.6809800e-03
   1.3593100e-02
   1.9665600e-02
   2.5740500e-02
   3.1702400e-02
   3.7425700e-02
   4.2808200e-02
   4.7812900e-02
   5.2491400e-02
   5.6916000e-02
   6.1141500e-02
   6.5216600e-02
   6.9245700e-02
   7.3444900e-02
   7.8009100e-02
   8.2953700e-02
   8.8124400e-02
   9.3292900e-02
   9.8288600e-02
   1.0310900e-01
   1.0794800e-01
   1.1288000e-01
   1.1772200e-01
   1.2227500e-01
   1.2646600e-01
   1.3028000e-01
   1.3367200e-01
   1.3654600e-01
   1.3889300e-01
   1.4082200e-01
   1.4241000e-01
   1.4366000e-01
   1.4455700e-01
   1.4511000e-01
   1.4536600e-01
   1.4531500e-01
   1.4490800e-01
   1.4414300e-01
   1.4305100e-01
   1.4165600e-01
   1.3987500e-01
   1.3757600e-01
   1.3474700e-01
   1.3145700e-01
   1.2771700e-01
   1.2348200e-01
   1.1873400e-01
   1.1352700e-01
   1.0799700e-01
   1.0234700e-01
   9.6768700e-02
   9.1388600e-02
   8.6350800e-02
   8.1828700e-02
   7.7992100e-02
   7.4975600e-02
   7.2869500e-02
   7.1694900e-02
   7.1358100e-02
   7.1692000e-02
   7.2508600e-02
   7.3679400e-02
   7.5177100e-02
   7.7063900e-02
   7.9430700e-02
   8.2319500e-02
   8.5679400e-02
   8.9383100e-02
   9.3275800e-02
   9.7223100e-02
   1.0112400e-01
   1.0484900e-01
   1.0826100e-01
   1.1131300e-01
   1.1405300e-01
   1.1658500e-01
   1.1898600e-01
   1.2126400e-01
   1.2331300e-01
   1.2497100e-01
   1.2612500e-01
   1.2672900e-01
   1.2679800e-01
   1.2629200e-01
   1.2513500e-01
   1.2328900e-01
   1.2073500e-01
   1.1743300e-01
   1.1332200e-01
   1.0836900e-01
   1.0247000e-01
   9.5595900e-02
   8.8005100e-02
   8.0033200e-02
   7.1853100e-02
   6.3513000e-02
   5.5043500e-02
   4.6575200e-02
   3.8343800e-02
   3.0635600e-02
   2.3701900e-02
   1.7651500e-02
   1.2356500e-02
   7.5371100e-03
   2.9383100e-03
  -1.6029800e-03
  -6.1509700e-03
  -1.0583100e-02
  -1.4656400e-02
  -1.8154100e-02
  -2.0969400e-02
  -2.3128400e-02
  -2.4799200e-02
  -2.6231100e-02
  -2.7563500e-02
  -2.8798300e-02
  -2.9902500e-02
  -3.0855900e-02
  -3.1661300e-02
  -3.2303800e-02
  -3.2745000e-02
  -3.2926800e-02
  -3.2813700e-02
  -3.2425900e-02
  -3.1800000e-02
  -3.0974000e-02
  -3.0080200e-02
  -2.9292500e-02
  -2.8681900e-02
  -2.8239100e-02
  -2.7946300e-02
  -2.7781400e-02
  -2.7698600e-02
  -2.7609400e-02
  -2.7479700e-02
  -2.7436400e-02
  -2.7629700e-02
  -2.8093900e-02
  -2.8766400e-02
  -2.9545500e-02
  -3.0337500e-02
  -3.1081800e-02
  -3.1745500e-02
  -3.2251200e-02
  -3.2487300e-02
  -3.2391800e-02
  -3.1944900e-02
  -3.1121500e-02
  -2.9979600e-02
  -2.8691900e-02
  -2.7354300e-02
  -2.5943000e-02
  -2.4422600e-02
  -2.2809200e-02
  -2.1152800e-02
  -1.9363400e-02
  -1.7237600e-02
  -1.4767000e-02
  -1.2128400e-02
  -9.4741900e-03
  -6.8780500e-03
  -4.3602800e-03
  -1.9498500e-03
   3.0149000e-04
   2.3222700e-03
   4.0151700e-03
   5.2690100e-03
   5.9964600e-03
   6.1953300e-03
   6.0092600e-03
   5.7035700e-03
   5.5814300e-03
   5.8073900e-03
   6.3174900e-03
   6.9734900e-03
   7.6832200e-03
   8.4357600e-03
   9.2191600e-03
   9.9615700e-03
   1.0716800e-02
   1.1693700e-02
   1.2983200e-02
   1.4501400e-02
   1.6106000e-02
   1.7672800e-02
   1.9131300e-02
   2.0467900e-02
   2.1697400e-02
   2.2804200e-02
   2.3709800e-02
   2.4301400e-02
   2.4573100e-02
   2.4661000e-02
   2.4647300e-02
   2.4537100e-02
   2.4365700e-02
   2.4195100e-02
   2.4077800e-02
   2.4075900e-02
   2.4225100e-02
   2.4433000e-02
   2.4556600e-02
   2.4542800e-02
   2.4422500e-02
   2.4259500e-02
   2.4112500e-02
   2.4017300e-02
   2.3989700e-02
   2.4077500e-02
   2.4380200e-02
   2.4987000e-02
   2.5905500e-02
   2.7018000e-02
   2.8147300e-02
   2.9164500e-02
   3.0054000e-02
   3.0881600e-02
   3.1637300e-02
   3.2241300e-02
   3.2644400e-02
   3.2851300e-02
   3.2895900e-02
   3.2738800e-02
   3.2311400e-02
   3.1636700e-02
   3.0783900e-02
   2.9804600e-02
   2.8770800e-02
   2.7747800e-02
   2.6690500e-02
   2.5540500e-02
   2.4350000e-02
   2.3226200e-02
   2.2268600e-02
   2.1611200e-02
   2.1368300e-02
   2.1557300e-02
   2.2171400e-02
   2.3203600e-02
   2.4562500e-02
   2.6103900e-02
   2.7739000e-02
   2.9438000e-02
   3.1187800e-02
   3.2936500e-02
   3.4625000e-02
   3.6258000e-02
   3.7833500e-02
   3.9287800e-02
   4.0633000e-02
   4.1986200e-02
   4.3468200e-02
   4.5166800e-02
   4.7126800e-02
   4.9267100e-02
   5.1403400e-02
   5.3415100e-02
   5.5267900e-02
   5.6948300e-02
   5.8459700e-02
   5.9822200e-02
   6.0976500e-02
   6.1784400e-02
   6.2091200e-02
   6.1812600e-02
   6.0994500e-02
   5.9731600e-02
   5.8069400e-02
   5.5900100e-02
   5.3156000e-02
   4.9984800e-02
   4.6490400e-02
   4.2614300e-02
   3.8249400e-02
   3.3344500e-02
   2.7989400e-02
   2.2530400e-02
   1.7425300e-02
   1.2714500e-02
   8.1516600e-03
   3.6824500e-03
  -5.8003000e-04
  -4.5345300e-03
  -8.1170300e-03
  -1.1352700e-02
  -1.4408400e-02
  -1.7419700e-02
  -2.0361200e-02
  -2.3216200e-02
  -2.6027400e-02
  -2.8764400e-02
  -3.1365000e-02
  -3.3834800e-02
  -3.6194400e-02
  -3.8463300e-02
  -4.0743600e-02
  -4.3094300e-02
  -4.5365800e-02
  -4.7400200e-02
  -4.9199300e-02
  -5.0863600e-02
  -5.2469300e-02
  -5.3987500e-02
  -5.5398000e-02
  -5.6778200e-02
  -5.8192000e-02
  -5.9654300e-02
  -6.1193400e-02
  -6.2846800e-02
  -6.4617400e-02
  -6.6438600e-02
  -6.8201700e-02
  -6.9823600e-02
  -7.1251600e-02
  -7.2449200e-02
  -7.3411300e-02
  -7.4160200e-02
  -7.4646800e-02
  -7.4746200e-02
  -7.4333600e-02
  -7.3431500e-02
  -7.2230800e-02
  -7.0869500e-02
  -6.9378300e-02
  -6.7765800e-02
  -6.6078200e-02
  -6.4389500e-02
  -6.2676700e-02
  -6.0883800e-02
  -5.9098700e-02
  -5.7430600e-02
  -5.5880000e-02
  -5.4502300e-02
  -5.3430000e-02
  -5.2742700e-02
  -5.2451300e-02
  -5.2523700e-02
  -5.2891300e-02
  -5.3454800e-02
  -5.4115000e-02
  -5.4794300e-02
  -5.5439200e-02
  -5.5950900e-02
  -5.6200400e-02
  -5.6106400e-02
  -5.5588800e-02
  -5.4481200e-02
  -5.2636900e-02
  -5.0052500e-02
  -4.6871800e-02
  -4.3348400e-02
  -3.9781900e-02
  -3.6317700e-02
  -3.2864900e-02
  -2.9250200e-02
  -2.5369900e-02
  -2.1262300e-02
  -1.7082300e-02
  -1.3025900e-02
  -9.2730900e-03
  -5.9131200e-03
  -2.8751600e-03
   1.1222300e-05
   2.8859900e-03
   5.6693800e-03
   8.1207200e-03
   1.0097400e-02
   1.1576500e-02
   1.2573200e-02
   1.3178600e-02
   1.3549600e-02
   1.3762400e-02
   1.3894800e-02
   1.4173900e-02
   1.4815000e-02
   1.5844200e-02
   1.7063900e-02
   1.8260400e-02
   1.9462100e-02
   2.0782200e-02
   2.2229600e-02
   2.3736200e-02
   2.5209900e-02
   2.6547700e-02
   2.7705500e-02
   2.8740000e-02
   2.9747600e-02
   3.0762400e-02
   3.1651300e-02
   3.2240400e-02
   3.2488900e-02
   3.2470800e-02
   3.2272200e-02
   3.1845100e-02
   3.1140300e-02
   3.0286300e-02
   2.9456600e-02
   2.8736600e-02
   2.8128800e-02
   2.7590500e-02
   2.7073200e-02
   2.6574400e-02
   2.6149800e-02
   2.5897700e-02
   2.5864800e-02
   2.5949600e-02
   2.6013000e-02
   2.5994600e-02
   2.5903700e-02
   2.5779800e-02
   2.5664200e-02
   2.5584200e-02
   2.5549100e-02
   2.5551300e-02
   2.5560300e-02
   2.5508000e-02
   2.5372500e-02
   2.5244100e-02
   2.5210400e-02
   2.5289400e-02
   2.5492700e-02
   2.5814900e-02
   2.6185900e-02
   2.6512800e-02
   2.6741600e-02
   2.6912600e-02
   2.7124000e-02
   2.7448000e-02
   2.7877100e-02
   2.8312700e-02
   2.8561400e-02
   2.8456500e-02
   2.8035800e-02
   2.7482800e-02
   2.6983600e-02
   2.6652300e-02
   2.6503500e-02
   2.6443800e-02
   2.6359600e-02
   2.6214700e-02
   2.6035400e-02
   2.5863900e-02
   2.5735600e-02
   2.5688400e-02
   2.5785300e-02
   2.6110200e-02
   2.6722300e-02
   2.7576800e-02
   2.8561700e-02
   2.9604400e-02
   3.0654200e-02
   3.1652100e-02
   3.2596300e-02
   3.3548300e-02
   3.4568200e-02
   3.5659800e-02
   3.6749700e-02
   3.7710000e-02
   3.8420900e-02
   3.8837100e-02
   3.8993200e-02
   3.8975800e-02
   3.8882400e-02
   3.8776000e-02
   3.8589100e-02
   3.8181500e-02
   3.7461300e-02
   3.6358800e-02
   3.4812800e-02
   3.2817900e-02
   3.0385000e-02
   2.7412500e-02
   2.3809100e-02
   1.9662400e-02
   1.5200600e-02
   1.0687100e-02
   6.3136400e-03
   2.1418500e-03
  -1.9010000e-03
  -5.9042100e-03
  -9.9159600e-03
  -1.3985800e-02
  -1.8102900e-02
  -2.2095100e-02
  -2.5721700e-02
  -2.8826900e-02
  -3.1468200e-02
  -3.3807800e-02
  -3.5895000e-02
  -3.7708500e-02
  -3.9259900e-02
  -4.0519300e-02
  -4.1441200e-02
  -4.2074900e-02
  -4.2547900e-02
  -4.2981400e-02
  -4.3418100e-02
  -4.3833400e-02
  -4.4234500e-02
  -4.4662800e-02
  -4.5146500e-02
  -4.5652900e-02
  -4.6093200e-02
  -4.6345700e-02
  -4.6337700e-02
  -4.6114200e-02
  -4.5760900e-02
  -4.5326100e-02
  -4.4832800e-02
  -4.4312100e-02
  -4.3835300e-02
  -4.3477200e-02
  -4.3256000e-02
  -4.3060300e-02
  -4.2732200e-02
  -4.2258600e-02
  -4.1749500e-02
  -4.1327200e-02
  -4.1104600e-02
  -4.1148000e-02
  -4.1406300e-02
  -4.1748800e-02
  -4.2047200e-02
  -4.2185800e-02
  -4.2069600e-02
  -4.1625600e-02
  -4.0830300e-02
  -3.9737500e-02
  -3.8448900e-02
  -3.7066900e-02
  -3.5623200e-02
  -3.4110900e-02
  -3.2560000e-02
  -3.0993200e-02
  -2.9391300e-02
  -2.7762700e-02
  -2.6124100e-02
  -2.4396500e-02
  -2.2431800e-02
  -2.0113200e-02
  -1.7455600e-02
  -1.4624600e-02
  -1.1896400e-02
  -9.5263000e-03
  -7.6101300e-03
  -6.0348100e-03
  -4.5649200e-03
  -3.0335500e-03
  -1.3998800e-03
   2.7882300e-04
   1.8787000e-03
   3.2672600e-03
   4.3793300e-03
   5.2531700e-03
   6.0310000e-03
   6.9072400e-03
   8.0513600e-03
   9.5337800e-03
   1.1300700e-02
   1.3193800e-02
   1.5068600e-02
   1.6883000e-02
   1.8708200e-02
   2.0643600e-02
   2.2702300e-02
   2.4795200e-02
   2.6788300e-02
   2.8578100e-02
   3.0121300e-02
   3.1393700e-02
   3.2370800e-02
   3.3026200e-02
   3.3291000e-02
   3.3102200e-02
   3.2510300e-02
   3.1593000e-02
   3.0326800e-02
   2.8657000e-02
   2.6593600e-02
   2.4221900e-02
   2.1707600e-02
   1.9279400e-02
   1.7068500e-02
   1.5029400e-02
   1.3069000e-02
   1.1161300e-02
   9.3892200e-03
   7.8048500e-03
   6.3415400e-03
   4.9668400e-03
   3.6925000e-03
   2.4475400e-03
   1.1682300e-03
  -1.0471500e-04
  -1.3224100e-03
  -2.4491300e-03
  -3.3424600e-03
  -3.8280300e-03
  -3.8484600e-03
  -3.5089300e-03
  -3.0187300e-03
  -2.5734700e-03
  -2.2909000e-03
  -2.1959300e-03
  -2.2472300e-03
  -2.3710800e-03
  -2.5026100e-03
  -2.6439700e-03
  -2.8995600e-03
  -3.3605300e-03
  -4.0236600e-03
  -4.8652000e-03
  -5.8518800e-03
  -6.8934100e-03
  -7.8834300e-03
  -8.7552200e-03
  -9.4982100e-03
  -1.0162800e-02
  -1.0861500e-02
  -1.1672400e-02
  -1.2566300e-02
  -1.3468600e-02
  -1.4347800e-02
  -1.5293300e-02
  -1.6446200e-02
  -1.7883600e-02
  -1.9597800e-02
  -2.1527800e-02
  -2.3635500e-02
  -2.5906100e-02
  -2.8304000e-02
  -3.0707200e-02
  -3.2935600e-02
  -3.4861300e-02
  -3.6439700e-02
  -3.7666300e-02
  -3.8511000e-02
  -3.8910900e-02
  -3.8760000e-02
  -3.7986600e-02
  -3.6641800e-02
  -3.4875100e-02
  -3.2874100e-02
  -3.0802500e-02
  -2.8767300e-02
  -2.6817800e-02
  -2.5011900e-02
  -2.3452300e-02
  -2.2254900e-02
  -2.1481100e-02
  -2.1104600e-02
  -2.1079000e-02
  -2.1401800e-02
  -2.2070500e-02
  -2.3048700e-02
  -2.4313100e-02
  -2.5895400e-02
  -2.7846100e-02
  -3.0007300e-02
  -3.2064700e-02
  -3.4120400e-02
  -3.6537500e-02
  -3.9399900e-02
  -4.2498500e-02
  -4.5539000e-02
  -4.8342500e-02
  -5.0815900e-02
  -5.2797400e-02
  -5.4139100e-02
  -5.4825100e-02
  -5.4842300e-02
  -5.4160800e-02
  -5.2804600e-02
  -5.0904400e-02
  -4.8646100e-02
  -4.5917500e-02
  -4.2418200e-02
  -3.8187000e-02
  -3.3513300e-02
  -2.8628300e-02
  -2.3742400e-02
  -1.9060400e-02
  -1.4636600e-02
  -1.0384500e-02
  -6.1720500e-03
  -1.8922500e-03
   2.4830500e-03
   6.7903500e-03
   1.0818600e-02
   1.4547800e-02
   1.8141800e-02
   2.1801100e-02
   2.5531000e-02
   2.9202200e-02
   3.2775400e-02
   3.6245300e-02
   3.9561600e-02
   4.2714200e-02
   4.5735200e-02
   4.8583500e-02
   5.1155200e-02
   5.3361600e-02
   5.5183800e-02
   5.6657900e-02
   5.7776900e-02
   5.8489700e-02
   5.8778400e-02
   5.8759200e-02
   5.8644900e-02
   5.8531600e-02
   5.8385300e-02
   5.8150000e-02
   5.7828100e-02
   5.7487000e-02
   5.7201500e-02
   5.7015000e-02
   5.6927200e-02
   5.6878800e-02
   5.6760500e-02
   5.6439600e-02
   5.5831700e-02
   5.4982000e-02
   5.4021500e-02
   5.3080100e-02
   5.2238200e-02
   5.1497000e-02
   5.0720400e-02
   4.9719300e-02
   4.8391000e-02
   4.6775300e-02
   4.5023700e-02
   4.3298400e-02
   4.1687400e-02
   4.0171400e-02
   3.8727100e-02
   3.7398400e-02
   3.6200600e-02
   3.5080500e-02
   3.3970300e-02
   3.2846800e-02
   3.1747400e-02
   3.0691600e-02
   2.9645100e-02
   2.8560900e-02
   2.7409600e-02
   2.6187700e-02
   2.4910600e-02
   2.3610100e-02
   2.2357900e-02
   2.1205300e-02
   2.0075100e-02
   1.8825200e-02
   1.7359400e-02
   1.5660400e-02
   1.3788600e-02
   1.1876900e-02
   1.0043400e-02
   8.3121700e-03
   6.6740500e-03
   5.1344100e-03
   3.6956800e-03
   2.3643400e-03
   1.1779200e-03
   2.0614300e-04
  -4.8813400e-04
  -8.8913300e-04
  -1.0099600e-03
  -8.1270400e-04
  -2.2258100e-04
   7.9885900e-04
   2.1791200e-03
   3.7375700e-03
   5.2506600e-03
   6.5622000e-03
   7.6618800e-03
   8.6020400e-03
   9.4347100e-03
   1.0249800e-02
   1.1154900e-02
   1.2200400e-02
   1.3316200e-02
   1.4347300e-02
   1.5284800e-02
   1.6250300e-02
   1.7284700e-02
   1.8385900e-02
   1.9600600e-02
   2.0909800e-02
   2.2218700e-02
   2.3520300e-02
   2.4874500e-02
   2.6279100e-02
   2.7617200e-02
   2.8717300e-02
   2.9516000e-02
   3.0080500e-02
   3.0517300e-02
   3.0831600e-02
   3.0902100e-02
   3.0641900e-02
   3.0010600e-02
   2.8828100e-02
   2.6933500e-02
   2.4383200e-02
   2.1198000e-02
   1.7327500e-02
   1.2991200e-02
   8.5662200e-03
   4.2689100e-03
   2.2733100e-04
  -3.4331400e-03
  -6.6624800e-03
  -9.5384900e-03
  -1.2249400e-02
  -1.5000300e-02
  -1.7900900e-02
  -2.0832800e-02
  -2.3535100e-02
  -2.5801100e-02
  -2.7449700e-02
  -2.8299700e-02
  -2.8287600e-02
  -2.7536000e-02
  -2.6284800e-02
  -2.4772000e-02
  -2.3131900e-02
  -2.1337000e-02
  -1.9259900e-02
  -1.6815500e-02
  -1.4056200e-02
  -1.1188000e-02
  -8.4444000e-03
  -5.9687500e-03
  -3.7864100e-03
  -1.8335700e-03
  -1.5064500e-05
   1.6911600e-03
   3.2241200e-03
   4.5659600e-03
   5.7576900e-03
   6.8233500e-03
   7.7998900e-03
   8.7730200e-03
   9.8670000e-03
   1.1140000e-02
   1.2452100e-02
   1.3597200e-02
   1.4479300e-02
   1.5076700e-02
   1.5392300e-02
   1.5425000e-02
   1.5188300e-02
   1.4728000e-02
   1.4075400e-02
   1.3235100e-02
   1.2226700e-02
   1.1137400e-02
   1.0135600e-02
   9.3412300e-03
   8.7315300e-03
   8.1197500e-03
   7.3338500e-03
   6.4231900e-03
   5.5694900e-03
   4.9259300e-03
   4.5593400e-03
   4.4859400e-03
   4.7430600e-03
   5.3274400e-03
   6.1362200e-03
   7.0258000e-03
   7.8616200e-03
   8.5316600e-03
   9.0290700e-03
   9.4925600e-03
   1.0094100e-02
   1.0939200e-02
   1.2043500e-02
   1.3378700e-02
   1.4912500e-02
   1.6571300e-02
   1.8249600e-02
   1.9909000e-02
   2.1578500e-02
   2.3293800e-02
   2.5037900e-02
   2.6734700e-02
   2.8265700e-02
   2.9532500e-02
   3.0501100e-02
   3.1107100e-02
   3.1236700e-02
   3.0835200e-02
   2.9960800e-02
   2.8762700e-02
   2.7475400e-02
   2.6355200e-02
   2.5484200e-02
   2.4753100e-02
   2.3998000e-02
   2.3063500e-02
   2.1848100e-02
   2.0410900e-02
   1.8933100e-02
   1.7536400e-02
   1.6219500e-02
   1.4888000e-02
   1.3436800e-02
   1.1819000e-02
   1.0089900e-02
   8.3374200e-03
   6.6005500e-03
   4.9448500e-03
   3.4852100e-03
   2.2985900e-03
   1.3849700e-03
   6.8383700e-04
   1.4480200e-04
  -2.4842500e-04
  -5.0029600e-04
  -5.8320400e-04
  -4.1397900e-04
   1.2356300e-05
   5.6329800e-04
   1.0703400e-03
   1.3967300e-03
   1.4469400e-03
   1.1908600e-03
   6.6060600e-04
  -1.6191800e-04
  -1.3278900e-03
  -2.8302200e-03
  -4.6018000e-03
  -6.5417200e-03
  -8.5532800e-03
  -1.0565400e-02
  -1.2534200e-02
  -1.4379000e-02
  -1.5978500e-02
  -1.7254700e-02
  -1.8238300e-02
  -1.9070000e-02
  -1.9921600e-02
  -2.0910300e-02
  -2.2073600e-02
  -2.3363500e-02
  -2.4670100e-02
  -2.5969400e-02
  -2.7373500e-02
  -2.8888800e-02
  -3.0422900e-02
  -3.2004100e-02
  -3.3694700e-02
  -3.5448700e-02
  -3.7167700e-02
  -3.8774100e-02
  -4.0242800e-02
  -4.1592000e-02
  -4.2866400e-02
  -4.4110700e-02
  -4.5328000e-02
  -4.6420500e-02
  -4.7288000e-02
  -4.7929900e-02
  -4.8383200e-02
  -4.8705000e-02
  -4.9043100e-02
  -4.9544700e-02
  -5.0232500e-02
  -5.0996500e-02
  -5.1674000e-02
  -5.2148700e-02
  -5.2387000e-02
  -5.2428500e-02
  -5.2348900e-02
  -5.2202000e-02
  -5.1934100e-02
  -5.1463600e-02
  -5.0793400e-02
  -4.9954400e-02
  -4.8962600e-02
  -4.7834600e-02
  -4.6573700e-02
  -4.5165700e-02
  -4.3676000e-02
  -4.2245900e-02
  -4.0950200e-02
  -3.9792900e-02
  -3.8770800e-02
  -3.7838900e-02
  -3.6903000e-02
  -3.5882600e-02
  -3.4765500e-02
  -3.3624400e-02
  -3.2556400e-02
  -3.1614000e-02
  -3.0753500e-02
  -2.9896700e-02
  -2.9029400e-02
  -2.8220800e-02
  -2.7571300e-02
  -2.7143200e-02
  -2.6934200e-02
  -2.6886600e-02
  -2.6885600e-02
  -2.6793500e-02
  -2.6517100e-02
  -2.6037500e-02
  -2.5391300e-02
  -2.4611400e-02
  -2.3708500e-02
  -2.2737200e-02
  -2.1789300e-02
  -2.0924100e-02
  -2.0099600e-02
  -1.9186500e-02
  -1.8174600e-02
  -1.7168600e-02
  -1.6112200e-02
  -1.4900100e-02
  -1.3634000e-02
  -1.2462100e-02
  -1.1399500e-02
  -1.0334400e-02
  -9.1538400e-03
  -7.8877100e-03
  -6.6610800e-03
  -5.5908500e-03
  -4.8089800e-03
  -4.4361100e-03
  -4.5011600e-03
  -4.9308500e-03
  -5.6017600e-03
  -6.4507100e-03
  -7.4934500e-03
  -8.6744300e-03
  -9.8833200e-03
  -1.1116700e-02
  -1.2455200e-02
  -1.3957900e-02
  -1.5597200e-02
  -1.7291300e-02
  -1.9051600e-02
  -2.0965500e-02
  -2.3076800e-02
  -2.5275500e-02
  -2.7313300e-02
  -2.8973500e-02
  -3.0162800e-02
  -3.0876600e-02
  -3.1128600e-02
  -3.0921600e-02
  -3.0284500e-02
  -2.9279200e-02
  -2.7861700e-02
  -2.5933500e-02
  -2.3475900e-02
  -2.0507400e-02
  -1.7053000e-02
  -1.3215200e-02
  -9.1575700e-03
  -4.9946200e-03
  -7.9806500e-04
   3.3565300e-03
   7.4110600e-03
   1.1326100e-02
   1.4961800e-02
   1.8161400e-02
   2.0918800e-02
   2.3296600e-02
   2.5341500e-02
   2.7140600e-02
   2.8818800e-02
   3.0440500e-02
   3.2008300e-02
   3.3497300e-02
   3.4818200e-02
   3.5832300e-02
   3.6414100e-02
   3.6532900e-02
   3.6299000e-02
   3.5807600e-02
   3.5024000e-02
   3.3798800e-02
   3.1977600e-02
   2.9491900e-02
   2.6437200e-02
   2.3086200e-02
   1.9712400e-02
   1.6458600e-02
   1.3347500e-02
   1.0330500e-02
   7.3518800e-03
   4.4842100e-03
   1.9433700e-03
  -1.5896600e-04
  -1.9142200e-03
  -3.5000500e-03
  -5.0603700e-03
  -6.6377600e-03
  -8.2065200e-03
  -9.7262900e-03
  -1.1168800e-02
  -1.2510000e-02
  -1.3709300e-02
  -1.4760200e-02
  -1.5725700e-02
  -1.6654300e-02
  -1.7555900e-02
  -1.8461100e-02
  -1.9354600e-02
  -2.0079900e-02
  -2.0421100e-02
  -2.0243400e-02
  -1.9590900e-02
  -1.8615700e-02
  -1.7413000e-02
  -1.6040000e-02
  -1.4585200e-02
  -1.3140000e-02
  -1.1771200e-02
  -1.0547000e-02
  -9.5188500e-03
  -8.6979900e-03
  -8.1521400e-03
  -8.0162000e-03
  -8.3767500e-03
  -9.2376800e-03
  -1.0587800e-02
  -1.2340200e-02
  -1.4288600e-02
  -1.6283500e-02
  -1.8313000e-02
  -2.0418900e-02
  -2.2595200e-02
  -2.4739500e-02
  -2.6787900e-02
  -2.8795200e-02
  -3.0817700e-02
  -3.2857100e-02
  -3.4893100e-02
  -3.6905100e-02
  -3.8888400e-02
  -4.0886600e-02
  -4.2967900e-02
  -4.5131500e-02
  -4.7313600e-02
  -4.9436600e-02
  -5.1355900e-02
  -5.2870000e-02
  -5.3851100e-02
  -5.4301500e-02
