  -9.7614200e-02
  -7.5992400e-02
  -5.7962900e-02
  -4.3048200e-02
  -2.7140000e-02
  -1.5292900e-02
  -7.2972000e-03
   1.9164800e-03
   1.1388800e-02
   2.5764600e-02
   5.3015600e-02
   8.8113400e-02
   1.2443700e-01
   1.4998500e-01
   1.4803400e-01
   1.2092600e-01
   8.3333900e-02
   4.6267600e-02
   1.9276800e-02
   5.3280800e-04
  -1.5197400e-02
  -2.3481700e-02
  -3.3191200e-02
  -4.5950800e-02
  -5.0434500e-02
  -5.3677100e-02
  -5.4877000e-02
  -4.9371400e-02
  -4.5142800e-02
  -3.6728100e-02
  -1.6100300e-02
   5.5681700e-03
   7.0216400e-03
  -1.0249300e-02
  -1.4040500e-02
   1.0765100e-02
   4.2510000e-02
   5.9108900e-02
   6.5020500e-02
   7.2987900e-02
   8.7195000e-02
   1.0359000e-01
   1.1454600e-01
   1.2042900e-01
   1.2109800e-01
   1.1667000e-01
   1.1315400e-01
   1.1088500e-01
   1.0708300e-01
   1.0273800e-01
   9.7272300e-02
   8.8370400e-02
   7.4501500e-02
   6.3566300e-02
   7.2413300e-02
   9.1932000e-02
   1.0299500e-01
   1.1486600e-01
   1.3714500e-01
   1.6803700e-01
   2.0307500e-01
   2.3185300e-01
   2.4765100e-01
   2.5015300e-01
   2.4165700e-01
   2.2041700e-01
   1.8500000e-01
   1.3970200e-01
   8.9676300e-02
   4.0600200e-02
  -8.1895400e-03
  -5.6452900e-02
  -9.7450900e-02
  -1.1704800e-01
  -9.3709600e-02
  -3.5550800e-02
   4.6376100e-04
  -2.2465400e-02
  -4.2091400e-02
  -1.9386300e-02
  -1.1488700e-02
  -9.1474800e-03
  -1.6461000e-03
  -2.5384900e-02
  -5.9769600e-02
  -9.5302700e-02
  -1.2370700e-01
  -1.4357200e-01
  -1.6760300e-01
  -1.8436200e-01
  -1.8415600e-01
  -1.6402700e-01
  -1.5032500e-01
  -1.4795800e-01
  -1.3599000e-01
  -1.0766100e-01
  -6.4890200e-02
  -2.5577400e-02
  -2.8005200e-04
   1.8896000e-02
   3.1392500e-02
   3.2041400e-02
   3.0444300e-02
   3.5313600e-02
   5.0591400e-02
   6.8508000e-02
   7.8033300e-02
   7.4369800e-02
   5.1515200e-02
   1.6062200e-02
  -7.6192500e-03
  -2.3608200e-03
  -1.0031400e-03
  -3.8487000e-02
  -8.6298300e-02
  -1.1158900e-01
  -1.1356000e-01
  -1.0230300e-01
  -9.8043700e-02
  -1.0187100e-01
  -9.8221300e-02
  -8.5392800e-02
  -6.6575900e-02
  -6.0850800e-02
  -8.2272900e-02
  -1.1226200e-01
  -1.2984000e-01
  -1.3848300e-01
  -1.5583000e-01
  -1.8103300e-01
  -1.9790800e-01
  -1.9473800e-01
  -1.8044100e-01
  -1.7464200e-01
  -1.7921100e-01
  -1.8964400e-01
  -1.9975000e-01
  -1.9890000e-01
  -1.8986300e-01
  -1.7889500e-01
  -1.6748300e-01
  -1.5978900e-01
  -1.5248000e-01
  -1.3997600e-01
  -1.2287000e-01
  -1.0942100e-01
  -1.0513700e-01
  -9.7240300e-02
  -8.2825500e-02
  -6.5484400e-02
  -3.3615400e-02
   4.4608200e-03
   3.5276600e-02
   6.1717600e-02
   7.9824300e-02
   9.2143500e-02
   1.0615500e-01
   1.2484000e-01
   1.5626700e-01
   1.9629400e-01
   2.2377400e-01
   2.2723200e-01
   2.0665300e-01
   1.6820800e-01
   1.3518100e-01
   1.2285900e-01
   1.2511300e-01
   1.3560200e-01
   1.4744600e-01
   1.5908300e-01
   1.7049400e-01
   1.7762100e-01
   1.7985200e-01
   1.7420700e-01
   1.6345100e-01
   1.4641200e-01
   1.2063900e-01
   8.5557900e-02
   3.9431900e-02
   8.6597300e-04
  -1.3852400e-02
  -5.2062600e-03
   3.3134700e-02
   9.9259300e-02
   1.2888000e-01
   1.0259500e-01
   1.0627300e-01
   1.3288900e-01
   1.3338600e-01
   1.3539700e-01
   1.3552200e-01
   1.3060900e-01
   1.3270700e-01
   1.3548100e-01
   1.4455000e-01
   1.4799000e-01
   1.3795900e-01
   1.2666200e-01
   1.2064700e-01
   1.1666400e-01
   1.0124900e-01
   7.3908100e-02
   6.1758500e-02
   7.3559400e-02
   7.0378700e-02
   4.3358300e-02
   2.6853000e-02
   2.4385400e-02
   2.4715500e-02
   3.4864800e-02
   5.2990600e-02
   6.8276200e-02
   8.1963100e-02
   9.9841600e-02
   1.1819000e-01
   1.2985500e-01
   1.3021900e-01
   1.1351900e-01
   8.5295200e-02
   5.9095600e-02
   4.1207700e-02
   3.5312800e-02
   3.7999200e-02
   3.6661500e-02
   2.5343900e-02
   8.2701300e-03
  -1.5603900e-02
  -4.8996500e-02
  -8.3394700e-02
  -1.1155600e-01
  -1.2927900e-01
  -1.3318600e-01
  -1.2838900e-01
  -1.2287900e-01
  -1.1917000e-01
  -1.1657900e-01
  -1.1985100e-01
  -1.2956300e-01
  -1.3482700e-01
  -1.2884200e-01
  -1.1065800e-01
  -8.4751600e-02
  -6.4570800e-02
  -5.7388100e-02
  -5.9671300e-02
  -6.1802000e-02
  -5.6004300e-02
  -4.5082900e-02
  -2.9171700e-02
  -8.7651600e-03
   5.7958800e-03
   9.1947000e-03
   8.9862300e-03
   1.3909900e-02
   1.2303300e-02
  -7.8662800e-03
  -3.7060500e-02
  -6.1951600e-02
  -7.4379800e-02
  -6.8405700e-02
  -4.1265500e-02
  -1.6945000e-02
  -1.7695300e-02
  -2.2786700e-02
  -9.0112900e-03
   1.8495100e-02
   4.4285700e-02
   6.5999100e-02
   8.4649100e-02
   9.8914500e-02
   1.1209500e-01
   1.1918000e-01
   1.1798800e-01
   1.0923400e-01
   8.2062700e-02
   3.6339500e-02
  -7.1472700e-03
  -3.3149100e-02
  -5.4659400e-02
  -8.3739600e-02
  -1.0561800e-01
  -1.1332700e-01
  -1.1673100e-01
  -1.1202600e-01
  -1.0225200e-01
  -1.0563600e-01
  -1.1651800e-01
  -1.1403700e-01
  -8.4254100e-02
  -4.0420300e-02
  -8.4113200e-03
   8.3906800e-03
   2.1634200e-02
   4.4135600e-02
   7.2396900e-02
   9.1991000e-02
   9.1449900e-02
   7.3646000e-02
   5.1848100e-02
   3.8513300e-02
   4.2644300e-02
   5.3722400e-02
   4.8973100e-02
   1.5309200e-02
  -4.1001500e-02
  -9.5189400e-02
  -1.2057300e-01
  -1.1690200e-01
  -1.0345000e-01
  -9.4726000e-02
  -9.6942800e-02
  -1.0432900e-01
  -1.0207000e-01
  -8.1081900e-02
  -5.2799500e-02
  -3.5869300e-02
  -3.1153500e-02
  -2.2113500e-02
  -3.7282400e-03
   1.0315000e-02
   1.4940800e-02
   7.3286900e-03
  -1.4211100e-02
  -3.7306800e-02
  -5.2189500e-02
  -4.9359900e-02
  -1.9933300e-02
   1.0939200e-02
   1.4114600e-02
   1.5951000e-02
   3.6146100e-02
   3.9759700e-02
   3.6001600e-02
   6.1007100e-02
   9.5046300e-02
   1.2185900e-01
   1.3421200e-01
   1.3276000e-01
   1.2640100e-01
   9.4288800e-02
   2.0471800e-02
  -8.2286000e-02
  -1.8052900e-01
  -2.5513800e-01
  -2.7156800e-01
  -1.9595000e-01
  -1.3073000e-01
  -1.6852300e-01
  -1.9785200e-01
  -1.6377500e-01
  -1.4598800e-01
  -1.2331000e-01
  -1.0544300e-01
  -1.0827700e-01
  -8.4519000e-02
  -6.6844200e-02
  -4.8247400e-02
  -3.1850000e-02
  -3.0793800e-02
  -2.7061300e-02
  -2.2735400e-02
  -1.0484300e-02
  -2.4056600e-02
  -6.0771400e-02
  -9.3494000e-02
  -1.1925600e-01
  -1.5264600e-01
  -1.8766300e-01
  -1.9539700e-01
  -1.8422900e-01
  -1.5269700e-01
  -1.0048600e-01
  -4.1255100e-02
  -7.6148400e-04
   1.3504300e-02
   3.1974600e-02
   5.9693600e-02
   9.0573300e-02
   1.4088400e-01
   2.1227800e-01
   2.8502200e-01
   3.3371900e-01
   3.3676900e-01
   2.9724500e-01
   2.3204200e-01
   1.6440700e-01
   1.1212900e-01
   8.7381200e-02
   8.9961800e-02
   8.7176800e-02
   7.2952800e-02
   6.6771300e-02
   6.3350600e-02
   5.8267400e-02
   5.3983400e-02
   5.3843500e-02
   5.8306700e-02
   5.6379500e-02
   4.7083500e-02
   3.1133000e-02
   1.1491900e-02
   2.9008600e-03
   5.5068800e-03
   8.9572500e-03
  -7.7708700e-03
  -4.8751400e-02
  -7.4635900e-02
  -5.8573600e-02
  -1.0574800e-02
   1.7107800e-02
  -7.6870500e-03
  -2.8306700e-02
  -5.4491700e-03
   2.5357900e-02
   2.9147400e-02
   1.1403600e-02
  -6.6336800e-03
  -7.5638500e-03
   1.5153100e-02
   3.6684200e-02
   3.4188300e-02
   2.3087600e-02
   1.4122400e-02
   1.8551400e-03
  -1.5267300e-02
  -3.1099300e-02
  -3.0080000e-02
  -1.7068300e-02
  -6.6643900e-03
  -6.9710900e-03
  -1.6796000e-02
  -1.7534000e-02
   2.4148400e-03
   2.8036100e-02
   3.6082600e-02
   4.0089900e-02
   5.4226000e-02
   6.5354800e-02
   7.0603000e-02
   6.9492400e-02
   6.4160500e-02
   5.9191900e-02
   4.7639400e-02
   2.5067400e-02
   7.3671900e-04
  -1.3038500e-02
  -1.8464500e-02
  -2.2378400e-02
  -2.4000000e-02
  -2.8628400e-02
  -4.3794000e-02
  -6.2686000e-02
  -7.3924000e-02
  -7.8305800e-02
  -7.5191800e-02
  -5.9470000e-02
  -5.1959200e-02
  -7.0355600e-02
  -9.2705500e-02
  -1.0168600e-01
  -1.0710400e-01
  -1.1436900e-01
  -1.1555600e-01
  -1.0981300e-01
  -9.9893800e-02
  -8.6576000e-02
  -7.4580600e-02
  -6.7794000e-02
  -6.8326500e-02
  -6.9735400e-02
  -6.6282700e-02
  -5.7400500e-02
  -4.1311600e-02
  -2.6684800e-02
  -1.7179200e-02
  -7.0656000e-03
   1.5948100e-03
   2.3911000e-04
  -1.5801100e-02
  -3.5381700e-02
  -4.3478300e-02
  -3.7792700e-02
  -3.8002900e-02
  -5.7920600e-02
  -7.6582900e-02
  -7.5986800e-02
  -6.1128200e-02
  -4.7001200e-02
  -4.8243100e-02
  -5.8770500e-02
  -6.4523800e-02
  -6.0659200e-02
  -4.3727400e-02
  -2.5808500e-02
  -1.4165400e-02
   4.8831300e-03
   3.0896100e-02
   5.6520000e-02
   8.3505200e-02
   1.0300000e-01
   1.0188300e-01
   8.8098000e-02
   7.9525400e-02
   8.2281800e-02
   8.4628800e-02
   8.0568100e-02
   8.5628200e-02
   1.0523700e-01
   1.2215200e-01
   1.1645300e-01
   9.0151400e-02
   5.9646500e-02
   3.7571300e-02
   3.2902700e-02
   4.0688600e-02
   5.2896800e-02
   6.8445000e-02
   8.4339000e-02
   9.7179700e-02
   1.0012300e-01
   8.6948900e-02
   6.2253700e-02
   3.6063800e-02
   1.8536500e-02
   1.1372900e-02
   4.7338400e-03
  -7.9177000e-03
  -2.3023900e-02
  -3.1549600e-02
  -2.7519600e-02
  -1.5490200e-02
  -1.2671600e-02
  -3.0293000e-02
  -5.4726300e-02
  -7.0699300e-02
  -7.8967000e-02
  -8.4456400e-02
  -8.8550700e-02
  -8.6879600e-02
  -8.1103600e-02
  -7.5080900e-02
  -5.6360800e-02
  -2.5800400e-02
  -4.5247700e-03
   6.3940400e-03
   2.1078100e-02
   4.2108800e-02
   6.1158100e-02
   7.5674100e-02
   8.9830200e-02
   1.0302800e-01
   1.1309000e-01
   1.2234100e-01
   1.3517500e-01
   1.5295100e-01
   1.7480300e-01
   1.9572100e-01
   2.0632900e-01
   1.9985800e-01
   1.7238800e-01
   1.2685700e-01
   7.8623300e-02
   4.1394200e-02
   1.7237200e-02
   6.0597100e-03
   2.7216800e-03
  -4.5584000e-03
  -1.9090900e-02
  -3.1478700e-02
  -3.5597700e-02
  -3.5945100e-02
  -3.6758800e-02
  -4.3300900e-02
  -5.5759300e-02
  -5.6117000e-02
  -3.0150600e-02
   1.5463100e-03
   6.9131500e-03
  -1.3012800e-02
  -3.0614900e-02
  -2.4950300e-02
  -7.9529300e-03
  -5.3151800e-03
  -1.5827800e-02
  -2.3819100e-02
  -2.4388800e-02
  -2.4134900e-02
  -2.7411700e-02
  -2.9007300e-02
  -2.8718400e-02
  -2.9289800e-02
  -2.3214700e-02
  -7.4926200e-03
   3.5009900e-03
  -4.7925700e-03
  -2.2919300e-02
  -3.8427100e-02
  -5.6883400e-02
  -7.5228700e-02
  -8.4995900e-02
  -8.0054000e-02
  -5.8085500e-02
  -3.6733400e-02
  -3.1844600e-02
  -3.0558400e-02
  -1.7209000e-02
  -8.8469500e-03
  -2.1618400e-02
  -3.5671400e-02
  -3.0312900e-02
  -9.9820500e-03
   1.3093600e-02
   3.2922200e-02
   5.1585000e-02
   7.5689900e-02
   9.2419800e-02
   8.6799300e-02
   7.4730400e-02
   6.3054700e-02
   3.5449500e-02
  -1.1671100e-02
  -6.0559800e-02
  -1.0499700e-01
  -1.4053800e-01
  -1.4566000e-01
  -1.2700200e-01
  -1.0278700e-01
  -7.5124300e-02
  -4.6538300e-02
  -2.1788600e-02
  -1.3778400e-02
  -2.7882700e-02
  -4.8591000e-02
  -6.2793000e-02
  -6.2381800e-02
  -4.8722500e-02
  -3.2595600e-02
  -1.5782600e-02
  -9.7380800e-03
  -2.6069800e-02
  -4.9593900e-02
  -5.6796500e-02
  -5.2813000e-02
  -6.1183400e-02
  -8.0126800e-02
  -9.6034600e-02
  -1.0484900e-01
  -1.0485800e-01
  -9.5411600e-02
  -8.7793900e-02
  -9.4271300e-02
  -1.0535100e-01
  -1.0933100e-01
  -9.4309000e-02
  -5.8883000e-02
  -3.0096700e-02
  -1.7712300e-02
  -3.4030100e-03
   2.3327500e-02
   5.6055400e-02
   8.6802600e-02
   1.0758300e-01
   1.1417900e-01
   1.2390000e-01
   1.5040500e-01
   1.8225600e-01
   2.0653900e-01
   2.2275100e-01
   2.3183500e-01
   2.3190200e-01
   2.2170700e-01
   1.9664200e-01
   1.5272500e-01
   9.8802500e-02
   5.2737300e-02
   1.6276600e-02
  -1.9037900e-02
  -5.6273800e-02
  -9.2865100e-02
  -1.0771800e-01
  -9.6394900e-02
  -7.8878800e-02
  -7.0318500e-02
  -7.0274400e-02
  -5.6257700e-02
  -4.2681600e-02
  -5.1880400e-02
  -6.6333600e-02
  -8.4633500e-02
  -1.0214800e-01
  -1.1543900e-01
  -1.3558100e-01
  -1.5402300e-01
  -1.5389100e-01
  -1.2824300e-01
  -9.3553600e-02
  -6.5928700e-02
  -5.4508900e-02
  -5.9866500e-02
  -7.3278500e-02
  -8.8474700e-02
  -1.0089400e-01
  -1.1957900e-01
  -1.3688800e-01
  -1.3875600e-01
  -1.2495600e-01
  -1.0196100e-01
  -8.3700900e-02
  -6.9349000e-02
  -5.4169900e-02
  -3.7488800e-02
  -1.5117800e-02
   1.2098500e-02
   3.5885800e-02
   5.3010200e-02
   7.0564200e-02
   9.7705100e-02
   1.3521700e-01
   1.6842600e-01
   1.8691100e-01
   2.0051300e-01
   2.2617100e-01
   2.6014100e-01
   2.8223900e-01
   2.8400500e-01
   2.6840700e-01
   2.4134100e-01
   2.0520600e-01
   1.6009500e-01
   1.1126700e-01
   7.0250900e-02
   3.9956800e-02
   1.2444200e-02
  -1.6656100e-02
  -4.6688400e-02
  -7.2013300e-02
  -8.9427400e-02
  -1.0316300e-01
  -1.1565200e-01
  -1.2572400e-01
  -1.2751300e-01
  -1.2202700e-01
  -1.2489400e-01
  -1.3484000e-01
  -1.3237300e-01
  -1.1164200e-01
  -8.3115500e-02
  -5.4003200e-02
  -2.0961800e-02
   1.3095500e-02
   2.5070600e-02
   4.7873100e-03
  -1.3682200e-02
  -3.8033000e-04
   3.3919000e-02
   6.4976300e-02
   8.6886800e-02
   1.1369000e-01
   1.4192100e-01
   1.5660500e-01
   1.6113700e-01
   1.6375100e-01
   1.6812500e-01
   1.7040300e-01
   1.6800800e-01
   1.6348000e-01
   1.5656800e-01
   1.4798700e-01
   1.3795100e-01
   1.2795400e-01
   1.1819700e-01
   1.0358500e-01
   9.0577500e-02
   8.9134300e-02
   9.9711800e-02
   1.1921600e-01
   1.3666100e-01
   1.4465400e-01
   1.4606200e-01
   1.3946400e-01
   1.1654200e-01
   8.1802500e-02
   4.2707900e-02
   7.3723700e-04
  -4.0345200e-02
  -7.7125000e-02
  -1.0425100e-01
  -1.1490000e-01
  -1.0456700e-01
  -9.7083400e-02
  -1.1195700e-01
  -1.2965700e-01
  -1.4087800e-01
  -1.5095100e-01
  -1.5457400e-01
  -1.6445700e-01
  -1.9646900e-01
  -2.3363800e-01
  -2.5451700e-01
  -2.5084500e-01
  -2.3381200e-01
  -2.1955700e-01
  -2.1231700e-01
  -2.0322900e-01
  -1.8271300e-01
  -1.5386400e-01
  -1.1911800e-01
  -8.4922300e-02
  -6.2958000e-02
  -5.9221500e-02
  -5.4173800e-02
  -2.4201200e-02
   2.6682600e-02
   8.6671300e-02
   1.3996700e-01
   1.7411600e-01
   1.9468300e-01
   2.1078200e-01
   2.2214300e-01
   2.2653700e-01
   2.2545000e-01
   2.2386200e-01
   2.2269500e-01
   2.2044300e-01
   2.1817000e-01
   2.1251900e-01
   2.0049400e-01
   1.8248000e-01
   1.5750200e-01
   1.1259900e-01
   4.7017900e-02
  -1.4739600e-02
  -6.6526000e-02
  -1.1478900e-01
  -1.6822800e-01
  -2.3857000e-01
  -3.0361900e-01
  -3.2229200e-01
  -2.9661700e-01
  -2.6013000e-01
  -2.4458200e-01
  -2.5368100e-01
  -2.4033400e-01
  -2.0244700e-01
  -1.6306800e-01
  -1.2087200e-01
  -9.7787200e-02
  -8.2396500e-02
  -5.4588300e-02
  -2.8569100e-02
  -7.2367400e-03
   2.5402700e-03
   1.3243700e-03
   1.7246900e-02
   4.1743100e-02
   5.3967600e-02
   5.7835700e-02
   5.9640500e-02
   6.5255500e-02
   8.0570100e-02
   1.1072300e-01
   1.3670000e-01
   1.4303900e-01
   1.4347000e-01
   1.5033200e-01
   1.5683000e-01
   1.6089900e-01
   1.6540700e-01
   1.6506200e-01
   1.6184300e-01
   1.5780700e-01
   1.5391500e-01
   1.5064300e-01
   1.4833500e-01
   1.4876200e-01
   1.4929500e-01
   1.4934300e-01
   1.4341600e-01
   1.2469300e-01
   1.0966300e-01
   1.0947000e-01
   1.1234100e-01
   1.1142800e-01
   1.0057400e-01
   8.3813400e-02
   6.5097700e-02
   4.0034600e-02
   7.1189600e-03
  -4.1961600e-02
  -9.2945500e-02
  -1.2792000e-01
  -1.4816400e-01
  -1.5464500e-01
  -1.7630900e-01
  -2.0992700e-01
  -2.2575800e-01
  -2.3950200e-01
  -2.3589100e-01
  -2.0643400e-01
  -1.7592300e-01
  -1.5868100e-01
  -1.4602200e-01
  -1.1894900e-01
  -9.2122700e-02
  -6.7982300e-02
  -3.9093200e-02
  -8.9790700e-03
   1.7640300e-02
   3.3527000e-02
   4.1358500e-02
   5.3028600e-02
   6.7238400e-02
   7.5563900e-02
   7.7375100e-02
   7.1942000e-02
   5.5719000e-02
   2.5999700e-02
  -7.5407000e-03
  -2.4237300e-02
  -1.6403100e-02
  -8.0668300e-03
  -1.8274800e-02
  -3.6311100e-02
  -4.7119100e-02
  -4.7433600e-02
  -3.9239300e-02
  -3.5318900e-02
  -5.4379100e-02
  -8.6121500e-02
  -1.0257500e-01
  -9.2053400e-02
  -6.7982100e-02
  -5.5509200e-02
  -6.4877500e-02
  -8.5402700e-02
  -9.7622100e-02
  -9.5319400e-02
  -8.4619200e-02
  -7.7537200e-02
  -7.8935100e-02
  -7.2249800e-02
  -4.7331500e-02
  -1.3963000e-02
   1.6000500e-02
   3.7759300e-02
   5.0826900e-02
   6.2210600e-02
   7.0302600e-02
   7.6745500e-02
   8.5554000e-02
   8.4581500e-02
   7.5596100e-02
   7.1727500e-02
   7.7285300e-02
   7.9552100e-02
   7.3568300e-02
   6.8150800e-02
   6.3401300e-02
   5.8712700e-02
   5.7084200e-02
   6.2056500e-02
   6.6786600e-02
   6.0902000e-02
   5.0956400e-02
   5.2767700e-02
   7.1016800e-02
   9.3315600e-02
   1.0302900e-01
   9.6817800e-02
   7.9448100e-02
   5.6036100e-02
   3.4562100e-02
   2.2972200e-02
   2.3739200e-02
   2.8108000e-02
   2.2092600e-02
  -5.3460900e-05
  -2.5490300e-02
  -3.9729400e-02
  -4.7047100e-02
  -5.5020000e-02
  -6.5922400e-02
  -7.6111800e-02
  -7.5243400e-02
  -6.0098700e-02
  -3.4955300e-02
  -1.2649000e-02
  -1.3174800e-02
  -2.9116500e-02
  -3.0689700e-02
  -2.0657100e-02
  -2.1134400e-02
  -2.5352800e-02
  -1.9753300e-02
  -1.4731000e-02
  -1.8521200e-02
  -1.7561300e-02
  -5.8324300e-03
   9.6002900e-04
  -4.3142300e-03
  -8.6481500e-03
  -5.4564400e-03
  -2.9236000e-03
  -9.2244300e-03
  -2.2233100e-02
  -2.8557800e-02
  -2.3664000e-02
  -1.9162600e-02
  -1.9051800e-02
  -1.2870300e-02
   3.5351600e-03
   1.4622900e-02
   3.0971400e-03
  -2.2465100e-02
  -3.7592600e-02
  -3.6647700e-02
  -3.3733400e-02
  -3.3402000e-02
  -3.1701600e-02
  -3.2358700e-02
  -3.5865500e-02
  -3.6938800e-02
  -4.0740300e-02
  -5.5841800e-02
  -7.4296000e-02
  -8.0290900e-02
  -7.0869900e-02
  -5.7015600e-02
  -4.8458100e-02
  -4.5705100e-02
  -4.2712400e-02
  -3.5308100e-02
  -2.2146400e-02
  -5.5349500e-03
   4.1121800e-03
   6.6160000e-03
   7.9922100e-03
   9.3292700e-03
   1.2812400e-02
   1.7944000e-02
   2.1311100e-02
   1.6104300e-02
  -3.7429900e-04
  -2.0490800e-02
  -3.0603300e-02
  -2.5654400e-02
  -1.3190200e-02
  -1.6565500e-03
  -9.0458500e-04
  -1.3692000e-02
  -2.4058100e-02
  -1.9951100e-02
  -1.6898100e-02
  -2.7427400e-02
  -3.4103800e-02
  -2.1755200e-02
  -2.4935100e-04
   1.6923600e-02
   2.5322400e-02
   2.6302600e-02
   1.7632400e-02
  -1.6634600e-05
  -1.2618600e-02
  -1.5058700e-02
  -1.1498200e-02
  -2.2733000e-03
   1.3041100e-02
   2.7035300e-02
   3.6169800e-02
   4.5799400e-02
   4.8596600e-02
   4.2430600e-02
   3.8145100e-02
   3.8314300e-02
   3.7478600e-02
   3.6730300e-02
   4.0311000e-02
   4.2104200e-02
   3.7867100e-02
   3.4376300e-02
   4.0588200e-02
   4.9898900e-02
   4.7478900e-02
   3.3342800e-02
   1.7017300e-02
   5.8157200e-03
   1.4102700e-03
  -2.4816300e-03
  -1.5252100e-02
  -3.1107000e-02
  -3.6833900e-02
  -3.0074000e-02
  -1.5940100e-02
  -3.0308400e-03
   2.6613200e-03
   3.4042900e-03
   3.4758700e-03
   2.5997800e-03
   6.9777800e-03
   2.0453500e-02
   3.8204300e-02
   5.3873200e-02
   5.6047000e-02
   4.8157700e-02
   4.1012600e-02
   3.8871200e-02
   4.6978600e-02
   5.3937700e-02
   4.4863400e-02
   2.5553400e-02
   1.0202200e-02
   5.8964600e-03
   4.0553600e-03
  -4.9055500e-03
  -1.3941000e-02
  -1.7328400e-02
  -1.8417700e-02
  -1.5284100e-02
  -7.6401100e-03
  -1.0943100e-03
   1.6097800e-03
   2.3283900e-03
   1.8479900e-03
  -2.9866600e-03
  -5.2441200e-03
   5.9062900e-03
   2.5007900e-02
   3.7758200e-02
   4.0213000e-02
   3.6797500e-02
   2.5393300e-02
   7.2999100e-03
  -8.4310200e-03
  -1.5654400e-02
  -1.8865500e-02
  -2.6715800e-02
  -3.6848200e-02
  -3.9781400e-02
  -3.5490500e-02
  -3.8396600e-02
  -4.9917900e-02
  -5.6729200e-02
  -5.5101900e-02
  -4.9004900e-02
  -4.3707500e-02
  -3.9731500e-02
  -3.6341100e-02
  -3.7183400e-02
  -4.2594500e-02
  -4.4206400e-02
  -3.7834200e-02
  -3.2409200e-02
  -3.4017300e-02
  -3.7837400e-02
  -3.3847300e-02
  -2.6631800e-02
  -2.7972500e-02
  -3.1637100e-02
  -3.3034700e-02
  -3.6393300e-02
  -3.8091200e-02
  -3.2744600e-02
  -2.4806200e-02
  -2.0649700e-02
  -1.8160700e-02
  -1.7005300e-02
  -2.2801100e-02
  -3.3873800e-02
  -4.4050900e-02
  -5.0651000e-02
  -5.2485100e-02
  -5.1600100e-02
  -4.9053300e-02
  -4.4154500e-02
  -4.0175500e-02
  -3.5982900e-02
  -2.9687600e-02
  -2.7351300e-02
  -2.9956100e-02
  -3.1998100e-02
  -3.0577000e-02
  -2.4567100e-02
  -1.0905000e-02
   7.6727300e-03
   2.2751200e-02
   3.2762600e-02
   3.7599500e-02
   4.1292200e-02
   4.6447200e-02
   4.6188800e-02
   3.9791600e-02
   3.7155600e-02
   4.6143500e-02
   5.6041000e-02
   5.6621700e-02
   5.5572500e-02
   5.3669400e-02
   4.7821100e-02
   4.5987300e-02
   4.7422400e-02
   4.8134000e-02
   5.0075700e-02
   4.4351800e-02
   2.7163100e-02
   1.2474400e-02
   7.5049900e-03
   3.1020700e-03
  -2.0543100e-03
  -1.1550200e-05
   3.9775600e-03
   3.1764000e-03
   4.1195700e-03
   9.8776200e-03
   1.3507100e-02
   1.1604500e-02
   3.3593900e-03
  -5.0466300e-03
  -1.6346200e-03
   3.5472300e-03
  -2.4774000e-03
  -8.1985100e-03
  -4.3026800e-03
   3.1388600e-03
   4.3112900e-03
   2.6566900e-03
   9.6833500e-03
   2.2497200e-02
   3.1729800e-02
   3.3561400e-02
   3.0693200e-02
   2.9244000e-02
   3.3813300e-02
   4.3018200e-02
   5.1570900e-02
   5.4832700e-02
   5.4405300e-02
   5.7919800e-02
   5.6208300e-02
   3.9864800e-02
   2.3617400e-02
   1.5437200e-02
   7.0266200e-03
  -9.0045600e-04
  -4.5958800e-03
  -7.5451700e-03
  -1.2242700e-02
  -2.3614200e-02
  -3.8366300e-02
  -4.4239300e-02
  -4.0901100e-02
  -3.5645600e-02
  -3.0452400e-02
  -2.5438600e-02
  -2.4043000e-02
  -2.5194500e-02
  -2.4646400e-02
  -2.6953700e-02
  -3.4703200e-02
  -3.5871600e-02
  -2.2812300e-02
  -8.1267700e-03
  -4.3363000e-03
  -4.7406000e-03
  -3.8423200e-04
   2.3665200e-04
  -1.0192200e-02
  -1.6166800e-02
  -7.1740500e-03
   2.5499700e-03
   2.3797600e-03
  -3.0239100e-03
  -5.6878300e-03
  -1.6803600e-03
  -1.0126500e-03
  -1.3295000e-02
  -2.1722000e-02
  -8.6702700e-03
   1.3803500e-02
   2.5871900e-02
   2.5445900e-02
   2.1538400e-02
   2.0234900e-02
   2.0865100e-02
   1.4614300e-02
  -2.9372600e-03
  -1.6078600e-02
  -1.5389000e-02
  -1.5467600e-02
  -2.1664000e-02
  -2.9222800e-02
  -4.1618200e-02
  -5.5962600e-02
  -6.2480900e-02
  -6.1276000e-02
  -5.7015500e-02
  -4.6071800e-02
  -3.0173000e-02
  -2.0019200e-02
  -1.9503900e-02
  -2.5008400e-02
  -2.7617100e-02
  -2.2924300e-02
  -2.1748800e-02
  -3.1479900e-02
  -4.2400400e-02
  -4.7489000e-02
  -4.6010000e-02
  -3.5369600e-02
  -1.8508600e-02
  -2.5735400e-03
   9.8799900e-03
   2.0911600e-02
   2.6554100e-02
   2.4734700e-02
   2.4174800e-02
   2.7126300e-02
   3.1164700e-02
   3.7913900e-02
   4.3324800e-02
   4.3673300e-02
   4.3498500e-02
