  -9.4693500e-02
  -9.2043000e-02
  -8.8837700e-02
  -8.5158100e-02
  -8.1214700e-02
  -7.7279100e-02
  -7.3217200e-02
  -6.9904900e-02
  -6.7140000e-02
  -6.5027300e-02
  -6.4050700e-02
  -6.4325300e-02
  -6.5769500e-02
  -6.7626400e-02
  -6.9489100e-02
  -7.0699500e-02
  -7.0997800e-02
  -7.1139000e-02
  -7.1400600e-02
  -7.1368900e-02
  -7.1199500e-02
  -7.1064300e-02
  -7.0641500e-02
  -7.0353300e-02
  -7.0190700e-02
  -6.9667200e-02
  -6.9353400e-02
  -6.8812400e-02
  -6.7524700e-02
  -6.6041000e-02
  -6.3978300e-02
  -6.1248300e-02
  -5.8032100e-02
  -5.4756400e-02
  -5.1735600e-02
  -4.9094800e-02
  -4.6831200e-02
  -4.4317600e-02
  -4.1772700e-02
  -3.8948500e-02
  -3.5262700e-02
  -3.1006200e-02
  -2.6530400e-02
  -2.0945600e-02
  -1.4021400e-02
  -7.2131500e-03
  -1.6389800e-04
   7.2731600e-03
   1.3109700e-02
   1.7140500e-02
   2.0316900e-02
   2.2457400e-02
   2.3813500e-02
   2.4793700e-02
   2.4871900e-02
   2.4670900e-02
   2.4399900e-02
   2.3482800e-02
   2.2344900e-02
   2.0840900e-02
   1.9789000e-02
   1.9197200e-02
   1.9013100e-02
   1.9730300e-02
   2.0429400e-02
   2.1429400e-02
   2.3088400e-02
   2.4768800e-02
   2.6577300e-02
   2.8557100e-02
   2.9850600e-02
   3.0576700e-02
   3.0908600e-02
   3.0830700e-02
   3.0796000e-02
   3.0890900e-02
   3.0918000e-02
   3.0005600e-02
   2.8157200e-02
   2.5767100e-02
   2.2639000e-02
   1.9715200e-02
   1.7114200e-02
   1.4832400e-02
   1.3558600e-02
   1.2929900e-02
   1.2776100e-02
   1.3314000e-02
   1.4759000e-02
   1.6984600e-02
   1.9829200e-02
   2.2406500e-02
   2.3951900e-02
   2.4138700e-02
   2.1970900e-02
   1.7605500e-02
   1.1401900e-02
   3.0065600e-03
  -7.0374100e-03
  -1.7274000e-02
  -2.6607200e-02
  -3.4820900e-02
  -4.1363700e-02
  -4.6039200e-02
  -4.8891900e-02
  -4.9767400e-02
  -4.8976300e-02
  -4.6312400e-02
  -4.2130800e-02
  -3.7099600e-02
  -3.1507900e-02
  -2.6282500e-02
  -2.2073000e-02
  -1.8883100e-02
  -1.6173700e-02
  -1.4227200e-02
  -1.3441500e-02
  -1.2988900e-02
  -1.3551400e-02
  -1.5044100e-02
  -1.5959600e-02
  -1.6154600e-02
  -1.5845500e-02
  -1.5163400e-02
  -1.5251200e-02
  -1.6906800e-02
  -1.9668900e-02
  -2.3812500e-02
  -2.9454400e-02
  -3.5817400e-02
  -4.2106800e-02
  -4.7907300e-02
  -5.2613800e-02
  -5.5930900e-02
  -5.8255100e-02
  -5.9641100e-02
  -5.9557200e-02
  -5.7759300e-02
  -5.4644500e-02
  -5.0128500e-02
  -4.5016600e-02
  -3.9660500e-02
  -3.3766000e-02
  -2.8216700e-02
  -2.2854400e-02
  -1.7569400e-02
  -1.2752000e-02
  -8.5657200e-03
  -5.1238300e-03
  -2.2396700e-03
  -6.0112100e-05
   1.2709900e-03
   1.2641900e-03
  -3.3952200e-04
  -3.4298700e-03
  -8.0549400e-03
  -1.4158500e-02
  -2.1113500e-02
  -2.8852800e-02
  -3.7229900e-02
  -4.5347300e-02
  -5.3514500e-02
  -6.0905400e-02
  -6.6909100e-02
  -7.1714200e-02
  -7.4903800e-02
  -7.6827400e-02
  -7.7114000e-02
  -7.5898600e-02
  -7.3799800e-02
  -7.0626100e-02
  -6.6559800e-02
  -6.1433300e-02
  -5.4602600e-02
  -4.6365700e-02
  -3.6973700e-02
  -2.6279000e-02
  -1.4704000e-02
  -2.5095000e-03
   9.4016500e-03
   1.9439400e-02
   2.6669500e-02
   3.0705200e-02
   3.1458500e-02
   2.9794700e-02
   2.6459900e-02
   2.1179700e-02
   1.4669800e-02
   7.7933500e-03
   6.1746800e-04
  -6.2610000e-03
  -1.2589500e-02
  -1.8623600e-02
  -2.4502800e-02
  -3.0341400e-02
  -3.6265700e-02
  -4.2542900e-02
  -4.9320300e-02
  -5.6595300e-02
  -6.3767500e-02
  -7.0379000e-02
  -7.6312100e-02
  -8.1200500e-02
  -8.5358500e-02
  -8.8788400e-02
  -9.1276700e-02
  -9.2925500e-02
  -9.3865000e-02
  -9.4646200e-02
  -9.5446500e-02
  -9.5993400e-02
  -9.6386200e-02
  -9.6783900e-02
  -9.6675300e-02
  -9.6358700e-02
  -9.6356500e-02
  -9.5952000e-02
  -9.4109400e-02
  -9.0765700e-02
  -8.5858500e-02
  -7.8450000e-02
  -6.8138700e-02
  -5.4108700e-02
  -3.5976500e-02
  -1.4470100e-02
   8.5203800e-03
   3.0488300e-02
   5.0710600e-02
   7.0174700e-02
   8.9761500e-02
   1.0897900e-01
   1.2722600e-01
   1.4348800e-01
   1.5681100e-01
   1.6755500e-01
   1.7614800e-01
   1.8256500e-01
   1.8656700e-01
   1.8909800e-01
   1.9059800e-01
   1.9075700e-01
   1.9044000e-01
   1.8936600e-01
   1.8761300e-01
   1.8573900e-01
   1.8339200e-01
   1.8095300e-01
   1.7852000e-01
   1.7607700e-01
   1.7382900e-01
   1.7180300e-01
   1.7047600e-01
   1.6933700e-01
   1.6818100e-01
   1.6774900e-01
   1.6768800e-01
   1.6791000e-01
   1.6867200e-01
   1.7039700e-01
   1.7280300e-01
   1.7549700e-01
   1.7857700e-01
   1.8118600e-01
   1.8333900e-01
   1.8581100e-01
   1.8802900e-01
   1.8994700e-01
   1.9216500e-01
   1.9377300e-01
   1.9448800e-01
   1.9479600e-01
   1.9444000e-01
   1.9309900e-01
   1.9088100e-01
   1.8737900e-01
   1.8211300e-01
   1.7486100e-01
   1.6477400e-01
   1.5199500e-01
   1.3655900e-01
   1.1827600e-01
   9.7607500e-02
   7.5800900e-02
   5.5522100e-02
   3.7955900e-02
   2.2673000e-02
   8.4119700e-03
  -5.7304500e-03
  -1.8651000e-02
  -2.9754000e-02
  -3.9445700e-02
  -4.8104800e-02
  -5.6760000e-02
  -6.5905400e-02
  -7.5199300e-02
  -8.4154800e-02
  -9.2148600e-02
  -9.9650900e-02
  -1.0651000e-01
  -1.1290300e-01
  -1.1976800e-01
  -1.2654800e-01
  -1.3286900e-01
  -1.3814300e-01
  -1.4204000e-01
  -1.4483800e-01
  -1.4658700e-01
  -1.4755000e-01
  -1.4765700e-01
  -1.4664000e-01
  -1.4405000e-01
  -1.3928800e-01
  -1.3152400e-01
  -1.1890100e-01
  -9.9779300e-02
  -7.3189800e-02
  -3.8079100e-02
   3.3258800e-03
   4.5710300e-02
   8.5501900e-02
   1.2030000e-01
   1.4941800e-01
   1.7250000e-01
   1.8941800e-01
   2.0162600e-01
   2.0876300e-01
   2.1129800e-01
   2.1016500e-01
   2.0522600e-01
   1.9829600e-01
   1.9140500e-01
   1.8548800e-01
   1.8118100e-01
   1.7796600e-01
   1.7587600e-01
   1.7452400e-01
   1.7281800e-01
   1.7106100e-01
   1.6885100e-01
   1.6481500e-01
   1.5873700e-01
   1.5028500e-01
   1.3931900e-01
   1.2682000e-01
   1.1295400e-01
   9.8616300e-02
   8.4848300e-02
   7.1690100e-02
   5.8717000e-02
   4.5810100e-02
   3.3207200e-02
   2.0957100e-02
   8.6642800e-03
  -4.9937400e-03
  -2.0145900e-02
  -3.6328200e-02
  -5.3612000e-02
  -7.1380700e-02
  -9.0048500e-02
  -1.0846600e-01
  -1.2518100e-01
  -1.4063000e-01
  -1.5358100e-01
  -1.6346900e-01
  -1.7030700e-01
  -1.7403100e-01
  -1.7463400e-01
  -1.7358700e-01
  -1.7181500e-01
  -1.6839500e-01
  -1.6359800e-01
  -1.5750800e-01
  -1.5026200e-01
  -1.4195200e-01
  -1.3353200e-01
  -1.2620900e-01
  -1.1955600e-01
  -1.1404500e-01
  -1.1054900e-01
  -1.0783900e-01
  -1.0642600e-01
  -1.0738300e-01
  -1.0930100e-01
  -1.1279800e-01
  -1.1768500e-01
  -1.2196100e-01
  -1.2584300e-01
  -1.2973600e-01
  -1.3293000e-01
  -1.3553000e-01
  -1.3742900e-01
  -1.3819000e-01
  -1.3795100e-01
  -1.3625800e-01
  -1.3162500e-01
  -1.2321500e-01
  -1.1259600e-01
  -1.0044100e-01
  -8.7128800e-02
  -7.4041400e-02
  -6.1662700e-02
  -4.9869400e-02
  -3.8996300e-02
  -2.9894100e-02
  -2.3148000e-02
  -1.8981000e-02
  -1.7322300e-02
  -1.7866200e-02
  -2.0172400e-02
  -2.4257000e-02
  -2.9400500e-02
  -3.4349700e-02
  -3.9480300e-02
  -4.4887200e-02
  -4.9022500e-02
  -5.2560500e-02
  -5.6205100e-02
  -5.8652600e-02
  -5.9933400e-02
  -6.0395200e-02
  -6.0173200e-02
  -5.9352500e-02
  -5.7945100e-02
  -5.5788600e-02
  -5.3366600e-02
  -5.0707500e-02
  -4.6784800e-02
  -4.2182500e-02
  -3.7140600e-02
  -3.0715600e-02
  -2.3473100e-02
  -1.6044700e-02
  -7.7443300e-03
   1.3935200e-03
   1.0855500e-02
   2.1012400e-02
   3.1947000e-02
   4.2410600e-02
   5.2852800e-02
   6.4009200e-02
   7.5956500e-02
   8.8689100e-02
   1.0107500e-01
   1.1330400e-01
   1.2577700e-01
   1.3923500e-01
   1.5405000e-01
   1.7029400e-01
   1.8675800e-01
   2.0115800e-01
   2.1382000e-01
   2.2448600e-01
   2.3283400e-01
   2.3943200e-01
   2.4460200e-01
   2.4821800e-01
   2.5001600e-01
   2.5078600e-01
   2.5067200e-01
   2.5064800e-01
   2.5060300e-01
   2.5007100e-01
   2.5023300e-01
   2.5021300e-01
   2.5033700e-01
   2.5073500e-01
   2.5101900e-01
   2.5134400e-01
   2.5023600e-01
   2.4771800e-01
   2.4427200e-01
   2.3930400e-01
   2.3347800e-01
   2.2741000e-01
   2.2005700e-01
   2.1142000e-01
   2.0221200e-01
   1.9222700e-01
   1.8066600e-01
   1.6814300e-01
   1.5609700e-01
   1.4356600e-01
   1.3033700e-01
   1.1703400e-01
   1.0354400e-01
   9.0169200e-02
   7.8002900e-02
   6.7608400e-02
   5.7585800e-02
   4.7470900e-02
   3.7144200e-02
   2.6622900e-02
   1.6899500e-02
   8.1463400e-03
  -4.0140300e-04
  -9.1341100e-03
  -1.8781000e-02
  -3.0059600e-02
  -4.2230200e-02
  -5.5075200e-02
  -6.9343400e-02
  -8.4904700e-02
  -1.0128200e-01
  -1.1931400e-01
  -1.3814900e-01
  -1.5558700e-01
  -1.7085100e-01
  -1.8401500e-01
  -1.9570000e-01
  -2.0694100e-01
  -2.1772700e-01
  -2.2686000e-01
  -2.3513600e-01
  -2.4286000e-01
  -2.4939800e-01
  -2.5542000e-01
  -2.6143800e-01
  -2.6632800e-01
  -2.6952600e-01
  -2.7252200e-01
  -2.7510300e-01
  -2.7690700e-01
  -2.7810000e-01
  -2.7862100e-01
  -2.7888000e-01
  -2.7873000e-01
  -2.7884900e-01
  -2.7845500e-01
  -2.7674700e-01
  -2.7422000e-01
  -2.7023300e-01
  -2.6450400e-01
  -2.5577600e-01
  -2.4279500e-01
  -2.2512900e-01
  -2.0189600e-01
  -1.7441300e-01
  -1.4569900e-01
  -1.1906400e-01
  -9.5795100e-02
  -7.5936200e-02
  -6.1126900e-02
  -5.0241900e-02
  -4.3189000e-02
  -3.9824900e-02
  -3.7589400e-02
  -3.6385100e-02
  -3.6866100e-02
  -3.8849900e-02
  -4.0996300e-02
  -4.3260800e-02
  -4.5955800e-02
  -4.7416500e-02
  -4.7555900e-02
  -4.6993100e-02
  -4.4707700e-02
  -4.1463000e-02
  -3.7621600e-02
  -3.2599000e-02
  -2.7162600e-02
  -2.1160700e-02
  -1.5587000e-02
  -1.1403400e-02
  -7.5358800e-03
  -3.0713800e-03
   1.7563200e-03
   7.5581200e-03
   1.5090400e-02
   2.2648100e-02
   2.9020800e-02
   3.4539400e-02
   3.9254600e-02
   4.2792900e-02
   4.5059100e-02
   4.6372700e-02
   4.7174900e-02
   4.6661500e-02
   4.5417900e-02
   4.4570600e-02
   4.3772500e-02
   4.3656300e-02
   4.4533100e-02
   4.6326000e-02
   4.9622100e-02
   5.4899500e-02
   6.1921700e-02
   6.9993900e-02
   7.9232100e-02
   8.9612600e-02
   1.0035900e-01
   1.1078300e-01
   1.1988300e-01
   1.2834400e-01
   1.3637500e-01
   1.4274300e-01
   1.4724900e-01
   1.5000800e-01
   1.4975400e-01
   1.4631500e-01
   1.4049700e-01
   1.3136500e-01
   1.1987500e-01
   1.0630300e-01
   9.0376400e-02
   7.4465200e-02
   6.0646300e-02
   4.9447300e-02
   3.9670000e-02
   3.0977600e-02
   2.4401800e-02
   2.0571000e-02
   1.8917600e-02
   1.8402400e-02
   1.9054900e-02
   2.0602400e-02
   2.2150000e-02
   2.3151600e-02
   2.4506400e-02
   2.6050300e-02
   2.7019600e-02
   2.7734600e-02
   2.7974000e-02
   2.8756200e-02
   2.9792000e-02
   3.0276700e-02
   3.1913400e-02
   3.4166700e-02
   3.6738900e-02
   4.0418900e-02
   4.3948500e-02
   4.7316500e-02
   5.0894200e-02
   5.3844900e-02
   5.4973300e-02
   5.4500800e-02
   5.2799100e-02
   4.9337800e-02
   4.5431500e-02
   4.1549100e-02
   3.8064200e-02
   3.5881500e-02
   3.4657200e-02
   3.5127900e-02
   3.7035200e-02
   3.9979300e-02
   4.4339600e-02
   4.9411400e-02
   5.4994400e-02
   6.0190900e-02
   6.3757100e-02
   6.6500000e-02
   6.8161600e-02
   6.7438700e-02
   6.4410400e-02
   5.9029300e-02
   5.1211700e-02
   4.1043000e-02
   2.8802100e-02
   1.5499800e-02
   1.8104300e-03
  -1.0751800e-02
  -2.2056400e-02
  -3.4604600e-02
  -4.9102000e-02
  -6.4558700e-02
  -7.8342800e-02
  -8.9195900e-02
  -9.8924100e-02
  -1.0833500e-01
  -1.1704400e-01
  -1.2472400e-01
  -1.3060200e-01
  -1.3407300e-01
  -1.3625100e-01
  -1.3713800e-01
  -1.3589200e-01
  -1.3298500e-01
  -1.2820900e-01
  -1.2120400e-01
  -1.1157500e-01
  -9.8842200e-02
  -8.3329500e-02
  -6.5822400e-02
  -4.6669800e-02
  -2.6361100e-02
  -6.0674500e-03
   1.3333500e-02
   3.1127200e-02
   4.6836100e-02
   5.9436000e-02
   6.7320100e-02
   7.0715100e-02
   7.0875900e-02
   6.8281600e-02
   6.3334900e-02
   5.6829200e-02
   4.9124300e-02
   4.0327700e-02
   3.1267100e-02
   2.2382700e-02
   1.4299800e-02
   7.5015700e-03
   1.6877100e-03
  -3.5005300e-03
  -8.9462500e-03
  -1.4739100e-02
  -2.1278700e-02
  -2.9214800e-02
  -3.8098800e-02
  -4.7721000e-02
  -5.7227600e-02
  -6.6414300e-02
  -7.5709900e-02
  -8.4409100e-02
  -9.2220200e-02
  -9.8621400e-02
  -1.0303700e-01
  -1.0577300e-01
  -1.0725400e-01
  -1.0772800e-01
  -1.0706800e-01
  -1.0521100e-01
  -1.0229200e-01
  -9.8317500e-02
  -9.3786800e-02
  -8.9077400e-02
  -8.4332600e-02
  -8.0446500e-02
  -7.7536900e-02
  -7.5388300e-02
  -7.4309800e-02
  -7.3591600e-02
  -7.2823400e-02
  -7.2638000e-02
  -7.2694100e-02
  -7.2665800e-02
  -7.2806200e-02
  -7.2787400e-02
  -7.2569900e-02
  -7.2147100e-02
  -7.1345100e-02
  -7.0531000e-02
  -6.9466200e-02
  -6.7646800e-02
  -6.4902400e-02
  -6.0655700e-02
  -5.5478100e-02
  -4.9918600e-02
  -4.3564200e-02
  -3.7807900e-02
  -3.3301100e-02
  -2.9436900e-02
  -2.6644400e-02
  -2.5407100e-02
  -2.5611600e-02
  -2.7192300e-02
  -3.0985700e-02
  -3.6886300e-02
  -4.3907200e-02
  -5.1893800e-02
  -6.0976100e-02
  -7.0147400e-02
  -7.8722200e-02
  -8.6524400e-02
  -9.2540200e-02
  -9.7042900e-02
  -9.9901200e-02
  -1.0090300e-01
  -1.0121100e-01
  -1.0077800e-01
  -9.9760700e-02
  -9.8006900e-02
  -9.5324700e-02
  -9.2732500e-02
  -9.0242900e-02
  -8.7680500e-02
  -8.5457000e-02
  -8.4004900e-02
  -8.2670600e-02
  -8.1104700e-02
  -7.9884000e-02
  -7.8513100e-02
  -7.6490400e-02
  -7.3682400e-02
  -6.9895800e-02
  -6.5236400e-02
  -5.9670300e-02
  -5.3285000e-02
  -4.6628500e-02
  -3.9881500e-02
  -3.3485500e-02
  -2.7536100e-02
  -2.1898500e-02
  -1.6461300e-02
  -1.0692000e-02
  -5.0514600e-03
   3.3805400e-04
   5.4770800e-03
   9.6682600e-03
   1.3417700e-02
   1.7324800e-02
   2.1640400e-02
   2.6729800e-02
   3.2135300e-02
   3.7524600e-02
   4.2995700e-02
   4.8065300e-02
   5.2828200e-02
   5.7712600e-02
   6.1927000e-02
   6.5706500e-02
   6.9199200e-02
   7.2202200e-02
   7.4812600e-02
   7.6846500e-02
   7.8763700e-02
   8.0691400e-02
   8.2591600e-02
   8.4426000e-02
   8.6834600e-02
   8.9449800e-02
   9.1806900e-02
   9.5107500e-02
   9.8714900e-02
   1.0227000e-01
   1.0645400e-01
   1.1064500e-01
   1.1429600e-01
   1.1764600e-01
   1.2097500e-01
   1.2400200e-01
   1.2652200e-01
   1.2825100e-01
   1.2947300e-01
   1.3087200e-01
   1.3144500e-01
   1.3144500e-01
   1.3215300e-01
   1.3262400e-01
   1.3282400e-01
   1.3318400e-01
   1.3313000e-01
   1.3307500e-01
   1.3344900e-01
   1.3291600e-01
   1.3101500e-01
   1.2839400e-01
   1.2431900e-01
   1.1887700e-01
   1.1271900e-01
   1.0591300e-01
   9.8386900e-02
   9.0514400e-02
   8.2981400e-02
   7.5025400e-02
   6.6685300e-02
   5.8997000e-02
   5.1619500e-02
   4.4426900e-02
   3.7559300e-02
   3.1116400e-02
   2.4707000e-02
   1.8608400e-02
   1.3451200e-02
   8.4738500e-03
   4.5982200e-03
   1.6450700e-03
  -1.0499000e-03
  -3.0447100e-03
  -4.4802500e-03
  -5.0275700e-03
  -5.1042600e-03
  -4.6992000e-03
  -3.9466000e-03
  -3.1516100e-03
  -2.1786000e-03
  -1.0903300e-03
  -3.0561000e-04
  -2.6106300e-05
  -1.2062300e-04
   6.0852300e-05
  -1.9512500e-04
  -1.3144500e-03
  -1.2879500e-03
  -8.2185500e-04
  -7.8056700e-04
  -4.2865900e-04
   6.9200200e-04
   1.4994300e-03
   1.8899400e-03
   2.9390300e-03
   3.3238500e-03
   3.0073600e-03
   2.5750400e-03
   1.6795900e-03
   3.7099300e-04
  -1.0901900e-03
  -2.7285100e-03
  -5.4062100e-03
  -8.5794900e-03
  -1.1158300e-02
  -1.3853000e-02
  -1.7159700e-02
  -2.0534700e-02
  -2.4025500e-02
  -2.7990100e-02
  -3.1158800e-02
  -3.3346200e-02
  -3.5824300e-02
  -3.7563600e-02
  -3.8075600e-02
  -3.8314200e-02
  -3.7251000e-02
  -3.4352400e-02
  -3.0630200e-02
  -2.5477500e-02
  -1.8859600e-02
  -1.1652400e-02
  -3.7214100e-03
   3.8177100e-03
   1.0244900e-02
   1.5553600e-02
   1.9789000e-02
   2.3350700e-02
   2.5877800e-02
   2.7690500e-02
   2.8899400e-02
   2.9653100e-02
   3.0788700e-02
   3.1998200e-02
   3.3254500e-02
   3.5106300e-02
   3.7648600e-02
   4.0967500e-02
   4.4442800e-02
   4.7793800e-02
   5.1268400e-02
   5.4579800e-02
   5.7409800e-02
   5.9780300e-02
   6.1797700e-02
   6.2822500e-02
   6.2059800e-02
   6.0399600e-02
   5.9200700e-02
   5.8032200e-02
   5.6708100e-02
   5.5963200e-02
   5.5529900e-02
   5.5036400e-02
   5.4608500e-02
   5.4322500e-02
   5.4413800e-02
   5.4847100e-02
   5.5059500e-02
   5.4837400e-02
   5.3962400e-02
   5.1862200e-02
   4.8956700e-02
   4.5999800e-02
   4.2861100e-02
   3.9448300e-02
   3.6658100e-02
   3.4717800e-02
   3.3641100e-02
   3.3826700e-02
   3.4466200e-02
   3.5455700e-02
   3.6714000e-02
   3.7884700e-02
   3.9363800e-02
   4.0260400e-02
   4.0695000e-02
   4.0991900e-02
   4.0544700e-02
   3.9786800e-02
   3.8171400e-02
   3.6182700e-02
   3.4522200e-02
   3.2640100e-02
   3.1117300e-02
   3.0153600e-02
   2.9303000e-02
   2.8612500e-02
   2.8569700e-02
   2.9152300e-02
   3.0418100e-02
   3.2625500e-02
   3.4954400e-02
   3.6447700e-02
   3.7780600e-02
   3.9456900e-02
   4.0395200e-02
   4.1039500e-02
   4.2035800e-02
   4.3092300e-02
   4.4775400e-02
   4.6522000e-02
   4.7458700e-02
   4.8676500e-02
   5.0419800e-02
   5.1519000e-02
   5.1833500e-02
   5.1378300e-02
   5.0195800e-02
   4.8247700e-02
   4.5719700e-02
   4.2745400e-02
   3.9171500e-02
   3.6036000e-02
   3.3287300e-02
   3.0313700e-02
   2.7409600e-02
   2.5101800e-02
   2.2957400e-02
   2.0426600e-02
   1.8190000e-02
   1.5957800e-02
   1.3330800e-02
   1.0243000e-02
   6.7280100e-03
   2.8119600e-03
  -1.4115800e-03
  -5.9583600e-03
  -1.0900800e-02
  -1.5572200e-02
  -1.9976900e-02
  -2.3823200e-02
  -2.6291700e-02
  -2.7899000e-02
  -2.8922500e-02
  -2.8734700e-02
  -2.8398600e-02
  -2.8190700e-02
  -2.7179000e-02
  -2.6298400e-02
  -2.5720700e-02
  -2.4946900e-02
  -2.4559700e-02
  -2.4925300e-02
  -2.5642200e-02
  -2.6140200e-02
  -2.6583100e-02
  -2.7044400e-02
  -2.7434100e-02
  -2.7188300e-02
  -2.6791300e-02
  -2.6789700e-02
  -2.5692900e-02
  -2.3972800e-02
  -2.2286500e-02
  -1.9608300e-02
  -1.6227300e-02
  -1.3231400e-02
  -1.0980200e-02
  -8.8541200e-03
  -7.3805700e-03
  -7.2918300e-03
  -8.0993200e-03
  -9.9810300e-03
  -1.2501100e-02
  -1.5467200e-02
  -1.9063000e-02
  -2.3082900e-02
  -2.7255900e-02
  -3.0877600e-02
  -3.3759000e-02
  -3.5897800e-02
  -3.7996600e-02
  -4.0119900e-02
  -4.1541600e-02
  -4.2688100e-02
  -4.3724900e-02
  -4.4144600e-02
  -4.3769800e-02
  -4.3405200e-02
  -4.2956700e-02
  -4.1807600e-02
  -4.0205000e-02
  -3.7686800e-02
  -3.4205900e-02
  -2.9774000e-02
  -2.4013300e-02
  -1.7167000e-02
  -9.3483500e-03
  -1.0789400e-03
   7.2905400e-03
   1.5949200e-02
   2.4713400e-02
   3.3025900e-02
   3.9996700e-02
   4.5730200e-02
   5.0665400e-02
   5.4525500e-02
   5.7501300e-02
   5.9998500e-02
   6.1631800e-02
   6.2610400e-02
   6.3380900e-02
   6.3786100e-02
   6.4061800e-02
   6.4096200e-02
   6.3900100e-02
   6.3586900e-02
   6.2861200e-02
   6.1672000e-02
   6.0368000e-02
   5.9049600e-02
   5.7713000e-02
   5.6085500e-02
   5.4088800e-02
   5.2120400e-02
   4.9805700e-02
   4.7247400e-02
   4.4289300e-02
   4.0517400e-02
   3.5915900e-02
   3.0218200e-02
   2.4029200e-02
   1.7344600e-02
   9.9602200e-03
   2.0422100e-03
  -5.9915300e-03
  -1.3226400e-02
  -1.9791600e-02
  -2.5470800e-02
  -3.0075300e-02
  -3.4009400e-02
  -3.7372300e-02
  -3.9815800e-02
  -4.1002100e-02
  -4.1853800e-02
  -4.2616500e-02
  -4.2574900e-02
  -4.2254600e-02
  -4.1952000e-02
  -4.1325600e-02
  -4.0399300e-02
  -3.9234800e-02
  -3.8224800e-02
  -3.7743600e-02
  -3.7136700e-02
  -3.6362700e-02
  -3.6126500e-02
  -3.5621200e-02
  -3.4519500e-02
  -3.3603900e-02
  -3.2684900e-02
  -3.2214400e-02
  -3.2558500e-02
  -3.2873700e-02
  -3.3730900e-02
  -3.5041100e-02
  -3.6283500e-02
  -3.7885900e-02
  -3.9738900e-02
  -4.1457900e-02
  -4.3024300e-02
  -4.4349800e-02
  -4.4951300e-02
  -4.5509900e-02
  -4.5648500e-02
  -4.4783300e-02
  -4.3681400e-02
  -4.1845200e-02
  -3.8622800e-02
  -3.4172600e-02
  -2.9073700e-02
  -2.3614000e-02
  -1.8476700e-02
  -1.3874900e-02
  -9.2478300e-03
  -5.3770600e-03
  -2.1624200e-03
   5.8205400e-04
   2.3248100e-03
   3.3831300e-03
   4.1237600e-03
   4.1243500e-03
   3.5619600e-03
   2.9869400e-03
   2.1456100e-03
   1.5547100e-03
   5.9878000e-04
  -1.3892000e-03
  -4.0256500e-03
  -7.4847900e-03
  -1.1292500e-02
  -1.5161500e-02
  -1.9269600e-02
  -2.4099100e-02
  -3.0175700e-02
  -3.6346900e-02
  -4.1791300e-02
  -4.7034700e-02
  -5.2214300e-02
  -5.7491800e-02
  -6.3089300e-02
  -6.8395000e-02
  -7.2834600e-02
  -7.6586500e-02
  -8.0585100e-02
  -8.4815900e-02
  -8.8482000e-02
  -9.2113200e-02
  -9.5610500e-02
  -9.9057300e-02
  -1.0211900e-01
  -1.0441900e-01
  -1.0707400e-01
  -1.0968900e-01
  -1.1120700e-01
  -1.1202500e-01
  -1.1293600e-01
  -1.1356700e-01
  -1.1324400e-01
  -1.1281500e-01
  -1.1161100e-01
  -1.0937400e-01
  -1.0778400e-01
  -1.0558200e-01
  -1.0262700e-01
  -9.9297800e-02
  -9.4891500e-02
  -8.9865200e-02
  -8.3924100e-02
  -7.7603500e-02
  -7.1421700e-02
  -6.4221600e-02
  -5.5315400e-02
  -4.5747900e-02
  -3.7031200e-02
  -2.9688800e-02
  -2.3542400e-02
  -1.8118900e-02
  -1.3713500e-02
  -9.5721500e-03
  -5.8706900e-03
  -3.5065300e-03
  -1.1017500e-03
   1.1725400e-03
   3.9909100e-03
   8.0893600e-03
   1.2799900e-02
   1.8769100e-02
   2.6052400e-02
   3.3346300e-02
   4.0476200e-02
   4.7633500e-02
   5.4297100e-02
   6.0536900e-02
   6.5466800e-02
   6.8882500e-02
   7.1067200e-02
   7.2523500e-02
   7.3621500e-02
   7.3881300e-02
   7.3387100e-02
   7.2329100e-02
   7.0861400e-02
   6.9752400e-02
   6.9081900e-02
   6.8013900e-02
   6.6964200e-02
   6.6251100e-02
   6.5899500e-02
   6.5999400e-02
   6.6353400e-02
   6.6312900e-02
   6.5486600e-02
   6.4621700e-02
   6.4110500e-02
   6.3414900e-02
   6.2560800e-02
   6.1742800e-02
   6.1061200e-02
   6.0535200e-02
   5.9956800e-02
   5.9341300e-02
   5.8531300e-02
   5.7025000e-02
   5.5228900e-02
   5.3505500e-02
   5.1724400e-02
   5.0359400e-02
   4.8751600e-02
   4.6900900e-02
   4.5140500e-02
   4.2667000e-02
   3.9827000e-02
   3.7232700e-02
   3.4521000e-02
   3.1815000e-02
   2.9410200e-02
   2.7145900e-02
   2.4487700e-02
   2.1520500e-02
   1.9446000e-02
   1.7783100e-02
   1.5959600e-02
   1.4207800e-02
   1.2392000e-02
   1.0963300e-02
   9.8418700e-03
   8.8315600e-03
   7.8008600e-03
   6.2093400e-03
   4.3959900e-03
   2.8169400e-03
   1.5169700e-04
  -3.4008500e-03
  -6.3433000e-03
  -9.6545400e-03
  -1.3506000e-02
  -1.7500800e-02
  -2.1421500e-02
  -2.5199800e-02
  -2.8991500e-02
  -3.2446400e-02
  -3.6662200e-02
  -4.0254600e-02
  -4.2610400e-02
  -4.6071000e-02
  -4.9703000e-02
  -5.2413900e-02
  -5.4905600e-02
  -5.7025100e-02
  -5.9067400e-02
  -6.0857300e-02
  -6.2300000e-02
  -6.3921400e-02
  -6.4864300e-02
  -6.5441400e-02
  -6.5882400e-02
  -6.5982300e-02
  -6.6183200e-02
  -6.5849700e-02
  -6.4332900e-02
  -6.2305400e-02
  -6.0191500e-02
  -5.8425400e-02
  -5.7246700e-02
  -5.6322100e-02
  -5.5886000e-02
  -5.5620800e-02
  -5.5666700e-02
  -5.6095500e-02
  -5.6639100e-02
  -5.7895000e-02
  -5.8952800e-02
  -5.9444500e-02
  -6.0575400e-02
  -6.1409900e-02
  -6.1721200e-02
  -6.1745200e-02
  -6.1214300e-02
  -6.0242400e-02
  -5.8303800e-02
  -5.5706600e-02
  -5.2224900e-02
  -4.8141400e-02
  -4.4039700e-02
  -3.9396400e-02
  -3.4609400e-02
  -2.9565500e-02
  -2.4783900e-02
  -2.0927800e-02
  -1.7695300e-02
  -1.5311700e-02
  -1.3338500e-02
  -1.1424400e-02
  -1.0070200e-02
  -9.2754800e-03
  -8.6646200e-03
  -8.2852300e-03
  -8.3959200e-03
  -9.3953100e-03
  -1.0141400e-02
  -1.0433900e-02
  -1.0985600e-02
  -1.1182700e-02
  -1.1309600e-02
  -1.1199700e-02
  -1.0607200e-02
  -9.7225700e-03
  -8.5292100e-03
  -6.5063300e-03
  -3.5121600e-03
  -6.4974300e-04
   2.1157700e-03
   5.2268900e-03
   7.8857400e-03
   9.9477700e-03
   1.2617900e-02
   1.5943800e-02
   1.8571800e-02
   2.0418600e-02
   2.2351600e-02
   2.3907800e-02
   2.4494400e-02
   2.4382300e-02
   2.4117900e-02
   2.3162000e-02
   2.1646200e-02
   1.9596100e-02
   1.6833100e-02
   1.4748600e-02
   1.1862200e-02
   8.1718200e-03
   5.0402100e-03
   1.7146500e-03
  -1.4737300e-03
  -4.5400200e-03
  -8.2034300e-03
  -1.1974800e-02
  -1.5314600e-02
  -1.8376600e-02
  -2.0945000e-02
  -2.3479800e-02
  -2.5889100e-02
  -2.8324500e-02
  -3.0766800e-02
  -3.2759700e-02
  -3.4756600e-02
  -3.6257000e-02
  -3.7659600e-02
  -3.9361400e-02
  -4.0400200e-02
  -4.0738000e-02
  -4.0559500e-02
  -3.9937600e-02
  -3.9381600e-02
  -3.8562000e-02
  -3.7185800e-02
  -3.5344500e-02
  -3.2896200e-02
  -3.0495300e-02
  -2.7902700e-02
  -2.4832600e-02
  -2.1520500e-02
  -1.8062300e-02
  -1.4664200e-02
  -1.0827500e-02
  -7.1354400e-03
  -3.5022800e-03
   4.4207900e-05
   2.7084000e-03
   5.1848600e-03
   6.5934100e-03
   6.2852900e-03
   5.2311100e-03
   3.1998600e-03
  -2.5496600e-05
  -4.2553600e-03
  -8.5206400e-03
  -1.2682300e-02
  -1.7258700e-02
  -2.1707200e-02
  -2.6328100e-02
  -3.0984600e-02
  -3.5386700e-02
  -3.9889000e-02
  -4.4312600e-02
  -4.8377300e-02
  -5.2145400e-02
  -5.5579400e-02
  -5.8451300e-02
  -6.1020500e-02
  -6.3565900e-02
  -6.6436900e-02
  -6.9046900e-02
  -7.1344800e-02
  -7.3701000e-02
  -7.5234800e-02
  -7.6059700e-02
  -7.7208600e-02
  -7.8203900e-02
  -7.8422300e-02
  -7.8613500e-02
  -7.8184100e-02
  -7.7208600e-02
  -7.6428700e-02
  -7.4881500e-02
  -7.2263000e-02
  -6.9069000e-02
  -6.5232300e-02
  -6.0425200e-02
  -5.4157000e-02
  -4.7230400e-02
  -3.9839300e-02
  -3.2089500e-02
  -2.4381800e-02
  -1.6771000e-02
  -1.0334800e-02
  -4.4310300e-03
   1.1346000e-03
   6.3694800e-03
   1.1311800e-02
   1.5903000e-02
   2.0288400e-02
   2.4689700e-02
   2.9276200e-02
   3.2751600e-02
   3.7048300e-02
   4.1563300e-02
   4.4538000e-02
   4.7574700e-02
   5.0014500e-02
   5.1782600e-02
   5.2914600e-02
   5.3433500e-02
   5.3948700e-02
   5.3471200e-02
   5.2182300e-02
   5.0970300e-02
   5.0280100e-02
   4.9873400e-02
   4.9168600e-02
   4.9103900e-02
   4.9336100e-02
   5.0000300e-02
   5.2173000e-02
   5.4612100e-02
   5.7085200e-02
   6.0368400e-02
   6.3683500e-02
   6.6528700e-02
   6.9618800e-02
   7.2693600e-02
   7.4957700e-02
   7.7425700e-02
   7.9499800e-02
   8.0275500e-02
   8.1334600e-02
   8.1774000e-02
   8.1459500e-02
   8.2007900e-02
   8.2642000e-02
   8.2863100e-02
   8.2599900e-02
   8.2173300e-02
   8.1903800e-02
   8.0661200e-02
   7.8829700e-02
   7.7183300e-02
   7.4870300e-02
   7.2197800e-02
   6.9007400e-02
   6.5098600e-02
   6.0761300e-02
   5.6274900e-02
   5.2393000e-02
   4.7838300e-02
   4.2655700e-02
   3.7885300e-02
   3.2617900e-02
   2.7142400e-02
   2.2538700e-02
   1.8795000e-02
   1.5612300e-02
   1.2729100e-02
   1.0389500e-02
   8.2090100e-03
   6.5282800e-03
   5.5479200e-03
   4.0764700e-03
   3.7649800e-03
   3.5437000e-03
   1.7139000e-03
   6.0351000e-04
   1.6497700e-04
  -7.3751400e-04
  -1.4442700e-03
  -1.6375300e-03
  -2.2226400e-03
  -2.6596900e-03
  -2.2029800e-03
  -1.7148100e-03
  -6.6226000e-04
   1.0949000e-03
   2.9525200e-03
   5.2715600e-03
   7.7207000e-03
   9.8244000e-03
   1.2014800e-02
   1.4101800e-02
   1.5495200e-02
   1.6517600e-02
   1.7761500e-02
   1.8727400e-02
   1.8454000e-02
   1.7402200e-02
   1.6372900e-02
   1.5498300e-02
   1.4700000e-02
   1.4277000e-02
   1.3312400e-02
   1.1804300e-02
   1.0684500e-02
   9.9223100e-03
   9.7305800e-03
   9.7866900e-03
   1.0477200e-02
   1.1156700e-02
   1.1435700e-02
   1.1855900e-02
   1.2091000e-02
   1.3173000e-02
   1.4283600e-02
   1.4579900e-02
   1.5453100e-02
   1.5914900e-02
   1.5040400e-02
   1.3859200e-02
   1.2157200e-02
   9.3895400e-03
   5.4884100e-03
   1.0236500e-03
  -3.6233500e-03
  -8.6555500e-03
  -1.3161700e-02
  -1.6904600e-02
  -2.0515300e-02
  -2.3336700e-02
  -2.5124400e-02
  -2.6815200e-02
  -2.8106300e-02
  -2.8570800e-02
  -2.8561200e-02
  -2.8907800e-02
  -2.9180900e-02
  -2.9015900e-02
  -2.9055800e-02
  -2.8599400e-02
  -2.8283900e-02
  -2.7976900e-02
  -2.7534000e-02
  -2.7330500e-02
  -2.6369300e-02
  -2.5028500e-02
  -2.3787300e-02
  -2.2794700e-02
  -2.1872800e-02
  -2.0837000e-02
  -1.9872900e-02
  -1.9020500e-02
  -1.8379600e-02
  -1.8127300e-02
  -1.8220900e-02
  -1.8930000e-02
  -1.9878300e-02
  -2.0801200e-02
  -2.2203600e-02
  -2.3427300e-02
  -2.4312300e-02
  -2.5904700e-02
  -2.7903000e-02
  -2.9267700e-02
  -3.1165300e-02
  -3.3419300e-02
  -3.5413700e-02
  -3.7584700e-02
  -4.0783200e-02
  -4.4432900e-02
  -4.6808500e-02
  -4.9001900e-02
  -5.1289900e-02
  -5.3527100e-02
  -5.5629800e-02
  -5.7537700e-02
  -5.9275600e-02
  -6.0482200e-02
  -6.0785700e-02
  -6.0685300e-02
  -6.0905100e-02
  -6.0525400e-02
  -5.9345800e-02
  -5.7761900e-02
  -5.5875500e-02
  -5.3548400e-02
  -5.0517800e-02
  -4.7089700e-02
  -4.4125500e-02
  -4.1186100e-02
  -3.7842300e-02
  -3.5325000e-02
  -3.3505300e-02
  -3.1112200e-02
  -2.8793300e-02
  -2.7292400e-02
  -2.6257900e-02
  -2.5244300e-02
  -2.3746200e-02
  -2.2099900e-02
  -1.9990500e-02
  -1.6884900e-02
  -1.3714800e-02
  -1.0378600e-02
  -6.3183200e-03
  -1.9187800e-03
   2.5695900e-03
   7.0691000e-03
   1.1980200e-02
   1.6286300e-02
   1.9363400e-02
   2.2269200e-02
   2.5556100e-02
   2.8135100e-02
   2.9628800e-02
   3.0998900e-02
   3.1536100e-02
   3.1548800e-02
   3.1680700e-02
   3.1244000e-02
   3.0357100e-02
   2.9281100e-02
   2.7749000e-02
   2.6068700e-02
   2.3814800e-02
   2.0988300e-02
   1.8118500e-02
   1.4698100e-02
   1.1674700e-02
   8.7730800e-03
   5.1223100e-03
   1.4714400e-03
  -2.1331600e-03
  -5.6967100e-03
  -8.6473800e-03
  -1.0260500e-02
  -1.1435700e-02
  -1.2886600e-02
  -1.3405400e-02
  -1.3321200e-02
  -1.3125600e-02
  -1.2684200e-02
  -1.2672900e-02
  -1.2402000e-02
  -1.1592200e-02
  -1.1035200e-02
  -1.0974700e-02
  -1.1150000e-02
  -1.1737600e-02
  -1.3237300e-02
  -1.4733400e-02
  -1.5681700e-02
  -1.6799000e-02
  -1.8126600e-02
  -1.9087300e-02
  -2.0102900e-02
  -2.1200300e-02
  -2.1913200e-02
  -2.2139300e-02
  -2.2645200e-02
  -2.3901800e-02
  -2.4995900e-02
  -2.6711300e-02
  -2.8837600e-02
  -3.0617700e-02
  -3.2959600e-02
  -3.5518600e-02
  -3.7728000e-02
  -3.9720800e-02
  -4.1554700e-02
  -4.3262600e-02
  -4.4498000e-02
  -4.4829900e-02
  -4.5179300e-02
  -4.5584500e-02
  -4.5300300e-02
  -4.5030900e-02
  -4.4523100e-02
  -4.3528000e-02
  -4.2474200e-02
  -4.1379100e-02
  -4.0073000e-02
  -3.8442200e-02
  -3.6573900e-02
  -3.4605200e-02
  -3.2812100e-02
  -3.1054100e-02
  -2.9589700e-02
  -2.7951700e-02
  -2.5832700e-02
  -2.3661700e-02
  -2.1520500e-02
  -1.9808700e-02
  -1.8297800e-02
  -1.6318800e-02
  -1.4221400e-02
  -1.3303000e-02
  -1.2639400e-02
  -1.2107600e-02
  -1.2696900e-02
  -1.2838000e-02
  -1.3035400e-02
  -1.3886300e-02
  -1.4566200e-02
  -1.5582800e-02
  -1.6512200e-02
  -1.7157600e-02
  -1.7864700e-02
  -1.8511700e-02
  -1.9135800e-02
  -1.9306600e-02
  -1.9055000e-02
  -1.8244100e-02
  -1.6342800e-02
  -1.3515700e-02
  -9.7101800e-03
  -5.3553900e-03
  -2.8632900e-04
   5.4831000e-03
   1.1242100e-02
   1.7138700e-02
   2.2940600e-02
   2.8913800e-02
   3.4750100e-02
   3.9874000e-02
   4.4883800e-02
   4.9745300e-02
   5.4373900e-02
   5.9095800e-02
   6.3674900e-02
   6.7942300e-02
   7.2352200e-02
   7.6747000e-02
   8.0714000e-02
   8.4379000e-02
   8.7932900e-02
   9.1422400e-02
   9.4128700e-02
   9.6099200e-02
   9.7631400e-02
   9.8413900e-02
   9.8184300e-02
   9.7212300e-02
   9.5942400e-02
   9.3667500e-02
   9.1041200e-02
   8.8237600e-02
   8.5006800e-02
   8.1608400e-02
   7.8072400e-02
   7.5028100e-02
   7.2017100e-02
   6.8911600e-02
   6.5536300e-02
   6.1953500e-02
   5.8487900e-02
   5.4631800e-02
   5.0868300e-02
   4.7469300e-02
   4.3539400e-02
   3.9320800e-02
   3.5568200e-02
   3.2083500e-02
   2.8681100e-02
   2.4851800e-02
   2.1013900e-02
   1.8169700e-02
   1.6275500e-02
   1.4787200e-02
   1.3619300e-02
   1.2362100e-02
   1.0475400e-02
   8.7061200e-03
   6.8627200e-03
   5.2316600e-03
   3.9238600e-03
   2.3978900e-03
   1.1394800e-03
  -3.5074900e-04
  -1.7549100e-03
  -2.5893500e-03
  -3.6233500e-03
  -4.6940400e-03
  -5.4911700e-03
  -5.8206300e-03
  -6.1298400e-03
  -6.6420800e-03
  -6.6628900e-03
  -6.2786300e-03
  -5.9469900e-03
  -5.1744000e-03
  -3.6443300e-03
  -1.8420900e-03
   5.8096500e-04
   3.6664500e-03
   7.4319000e-03
   1.1109600e-02
   1.4822900e-02
   1.9171100e-02
   2.3317600e-02
   2.7721100e-02
   3.2681500e-02
   3.7377000e-02
   4.1687600e-02
   4.6266200e-02
   5.0172300e-02
   5.3506800e-02
   5.6918200e-02
   5.9795200e-02
   6.2673300e-02
   6.4960300e-02
   6.6584000e-02
   6.8299600e-02
   6.9334100e-02
   6.9502600e-02
   6.9756500e-02
   6.9741400e-02
   6.9060000e-02
   6.8029900e-02
   6.5893300e-02
   6.3641100e-02
   6.0982900e-02
   5.6958800e-02
   5.2901100e-02
   4.9226400e-02
   4.5378600e-02
   4.0921100e-02
   3.6595300e-02
   3.2432400e-02
   2.8257600e-02
   2.4364600e-02
   1.9946600e-02
   1.5764700e-02
   1.2313000e-02
   8.7520700e-03
   5.3641200e-03
   2.5240400e-03
   5.5293200e-04
  -1.3586300e-03
  -2.8979300e-03
  -3.8753100e-03
  -5.0510100e-03
  -5.3149300e-03
  -4.7045000e-03
  -3.5728100e-03
  -2.1364600e-03
  -1.1326700e-03
  -1.8343000e-05
   1.5856500e-03
   2.9901300e-03
   4.2002800e-03
   5.2267100e-03
   6.1392900e-03
   6.8344000e-03
   6.8136100e-03
   6.7797300e-03
   6.3349500e-03
   5.8582200e-03
   5.6831000e-03
   5.1090000e-03
   4.4297400e-03
   3.3010800e-03
   2.0762200e-03
   1.1655700e-03
   1.5594500e-04
  -7.4828400e-04
  -1.2004900e-03
  -2.0616000e-03
  -2.9419500e-03
  -3.3825200e-03
  -3.7635400e-03
  -3.9184300e-03
  -3.8163000e-03
  -3.5294000e-03
  -3.8484900e-03
  -4.2275800e-03
  -4.0742000e-03
  -4.5833100e-03
  -5.5719700e-03
  -6.0688600e-03
  -6.7981900e-03
  -7.6666800e-03
  -8.1658500e-03
  -8.9935900e-03
  -9.8662500e-03
  -1.0669000e-02
  -1.1426300e-02
  -1.1565100e-02
  -1.1798100e-02
  -1.1758200e-02
  -1.0972600e-02
  -1.0484800e-02
  -9.6821800e-03
  -8.0951800e-03
  -6.6099300e-03
  -5.8201700e-03
  -5.5792400e-03
  -5.4914700e-03
  -5.9815500e-03
  -7.1409500e-03
  -8.4920700e-03
  -1.0702800e-02
  -1.3346600e-02
  -1.5415500e-02
  -1.7865700e-02
  -1.9811000e-02
  -2.1618100e-02
  -2.3715500e-02
  -2.4600100e-02
  -2.5488700e-02
  -2.6294500e-02
  -2.6189000e-02
  -2.5902900e-02
  -2.5316400e-02
  -2.4344300e-02
  -2.3161700e-02
  -2.1203400e-02
  -1.9367800e-02
  -1.7902000e-02
  -1.5566500e-02
  -1.3352400e-02
  -1.2053600e-02
  -1.0450200e-02
  -9.3728800e-03
  -9.1784800e-03
  -8.6055800e-03
  -8.1994300e-03
  -8.4129000e-03
  -8.6968500e-03
  -8.7534100e-03
  -8.9293400e-03
  -9.2070700e-03
  -8.9915800e-03
  -8.4663400e-03
  -8.0534500e-03
  -6.9864000e-03
  -5.7755200e-03
  -4.7166900e-03
  -3.4751700e-03
  -2.3604500e-03
  -1.3830300e-03
  -4.6326500e-04
   2.4773700e-04
   6.1203100e-04
   1.0307300e-03
   1.5258700e-03
   2.0835000e-03
   3.1886300e-03
   4.8726200e-03
   6.2143100e-03
   7.8838400e-03
   9.8091000e-03
   1.1506400e-02
   1.3532300e-02
   1.5243600e-02
   1.6665000e-02
   1.7497000e-02
   1.7845400e-02
   1.8156600e-02
   1.8212200e-02
   1.7555000e-02
   1.6313100e-02
   1.5754300e-02
   1.4721600e-02
   1.2630900e-02
   1.1108900e-02
   9.8585500e-03
   8.3942600e-03
   7.0886300e-03
   5.5697700e-03
   4.5039500e-03
   4.0313700e-03
   3.5338200e-03
   3.6230800e-03
   3.0947200e-03
   2.1861900e-03
   2.2481700e-03
   2.1000700e-03
   1.8446000e-03
   1.5151700e-03
   6.9869400e-04
   1.5494800e-04
  -2.6926100e-04
  -9.2179100e-04
  -1.7732400e-03
  -2.1029600e-03
  -2.0894700e-03
  -2.1650700e-03
  -1.6256500e-03
  -9.4311600e-04
  -3.6632800e-04
   1.0031700e-03
   3.2826200e-03
   5.0621800e-03
   6.6676900e-03
   8.6304900e-03
   9.1658700e-03
   8.7275900e-03
   8.6138900e-03
   8.5326200e-03
   8.5958000e-03
   8.7562200e-03
   8.5909600e-03
   8.1502400e-03
   7.4540900e-03
   6.5637800e-03
   5.7595800e-03
   4.8765500e-03
   3.7106800e-03
   1.9933500e-03
  -5.2518300e-04
  -3.2368000e-03
  -6.3561600e-03
  -1.0379000e-02
  -1.4170200e-02
  -1.7911200e-02
  -2.2185100e-02
  -2.5822300e-02
  -2.9112800e-02
  -3.2945900e-02
  -3.6343400e-02
  -3.8510400e-02
  -4.0156800e-02
  -4.2121300e-02
  -4.3796800e-02
  -4.4810000e-02
  -4.5869600e-02
  -4.6970900e-02
  -4.7825800e-02
  -4.8552200e-02
  -4.9419600e-02
  -5.0003800e-02
  -5.0797100e-02
  -5.2088200e-02
  -5.2355200e-02
  -5.2570700e-02
  -5.3283300e-02
  -5.3348400e-02
  -5.3474200e-02
  -5.3867100e-02
  -5.3821600e-02
  -5.3069300e-02
  -5.2143800e-02
  -5.0577900e-02
  -4.7970000e-02
  -4.5206400e-02
  -4.1553100e-02
  -3.7224500e-02
  -3.3532500e-02
  -2.9994700e-02
  -2.5755700e-02
  -2.1768900e-02
  -1.8677100e-02
  -1.5486800e-02
  -1.2917900e-02
  -1.1461600e-02
  -1.0559800e-02
  -1.0113000e-02
  -1.0182700e-02
  -1.0693000e-02
  -1.1043300e-02
  -1.1396500e-02
  -1.1750200e-02
  -1.1717800e-02
  -1.1480300e-02
  -1.1110800e-02
  -1.0352900e-02
  -9.6253900e-03
  -8.8368500e-03
  -7.7617200e-03
  -6.9413300e-03
  -6.0340400e-03
  -5.1762100e-03
  -4.7508700e-03
  -4.7857700e-03
  -5.3320100e-03
  -6.6914000e-03
  -8.1852400e-03
  -9.4067800e-03
  -1.0864500e-02
  -1.1982600e-02
  -1.2602600e-02
  -1.2971300e-02
  -1.2896000e-02
  -1.2704300e-02
  -1.2264600e-02
  -1.0996500e-02
  -9.7019400e-03
  -8.3907200e-03
  -6.7994800e-03
  -4.9391200e-03
  -2.7546300e-03
  -1.3481600e-03
  -1.7675200e-04
   1.7289900e-03
   2.7924400e-03
   2.9411200e-03
   3.6340600e-03
   4.3588300e-03
   4.8466400e-03
   5.9180500e-03
   6.9065300e-03
   7.6557800e-03
   9.0273200e-03
   1.0596500e-02
   1.1981200e-02
   1.3357000e-02
   1.5137500e-02
   1.6563400e-02
   1.7369400e-02
   1.8773800e-02
   1.9955700e-02
   2.0314800e-02
   2.0946500e-02
   2.1558800e-02
   2.1657500e-02
   2.1816200e-02
   2.1907300e-02
   2.1826300e-02
   2.1655000e-02
   2.1328600e-02
   2.1111800e-02
   2.0640100e-02
   1.9922200e-02
   1.9514800e-02
   1.9133600e-02
   1.8716900e-02
   1.8446400e-02
   1.7849200e-02
   1.7654500e-02
   1.7604400e-02
   1.6913000e-02
   1.6677500e-02
   1.6637300e-02
   1.6823300e-02
   1.7533600e-02
   1.8079500e-02
   1.8662300e-02
   1.9616500e-02
   2.0727400e-02
   2.2136500e-02
   2.3649400e-02
   2.5065100e-02
   2.6513800e-02
   2.7758500e-02
   2.9263100e-02
   3.0637700e-02
   3.1939800e-02
   3.3231900e-02
   3.3376500e-02
   3.3739400e-02
   3.4622100e-02
   3.4634800e-02
   3.4334200e-02
   3.3491300e-02
   3.2137300e-02
   3.0725000e-02
   2.8732000e-02
   2.7203400e-02
   2.6050500e-02
   2.3488900e-02
   2.0638100e-02
   1.8419500e-02
   1.6012700e-02
   1.3620400e-02
   1.1725000e-02
   1.0351600e-02
   8.7826200e-03
   7.4035300e-03
   6.7392200e-03
   5.8792800e-03
   5.6001900e-03
   6.4509600e-03
   7.1212000e-03
   7.6040300e-03
   7.8778600e-03
   7.8973000e-03
   8.4260500e-03
   8.5755200e-03
   7.8936600e-03
   7.9143200e-03
   8.1033400e-03
   8.0091200e-03
   8.9701800e-03
   1.0111600e-02
   1.0809300e-02
   1.2192000e-02
   1.4383700e-02
   1.6586200e-02
   1.8573600e-02
   2.0817700e-02
   2.3527400e-02
   2.5845000e-02
   2.7874200e-02
   2.9835600e-02
   3.1252100e-02
   3.2389700e-02
   3.3233000e-02
   3.4410600e-02
   3.5595000e-02
   3.6830800e-02
   3.8610800e-02
   4.0081400e-02
   4.1643100e-02
   4.3221700e-02
   4.4566300e-02
   4.5731800e-02
   4.6661900e-02
   4.7747200e-02
   4.8574700e-02
   4.9158500e-02
   4.9599000e-02
   4.9281700e-02
   4.8711600e-02
   4.8409100e-02
   4.7491200e-02
   4.6277800e-02
   4.5292500e-02
   4.3601800e-02
   4.1862800e-02
   4.0780400e-02
   3.9352600e-02
   3.7786400e-02
   3.6056700e-02
   3.3770800e-02
   3.1798900e-02
   3.0372000e-02
   2.8899500e-02
   2.7204000e-02
   2.5317800e-02
   2.3770600e-02
   2.2613400e-02
   2.1342400e-02
   2.0434500e-02
   1.9844500e-02
   1.9063300e-02
   1.7901500e-02
   1.7183300e-02
   1.7101200e-02
   1.6433500e-02
   1.5305300e-02
   1.4742400e-02
   1.4530700e-02
   1.4290300e-02
   1.4417300e-02
   1.4771500e-02
   1.4747700e-02
   1.4236000e-02
   1.3707100e-02
   1.3532900e-02
   1.3371500e-02
   1.2631400e-02
   1.1572500e-02
   1.0592700e-02
   9.6737700e-03
   8.5748900e-03
   7.1851600e-03
   5.5536100e-03
   3.6243500e-03
   1.7137300e-03
  -6.1526600e-04
  -3.5402900e-03
  -5.6809500e-03
  -7.6050800e-03
  -1.0340200e-02
  -1.2560900e-02
  -1.4550400e-02
  -1.6879700e-02
  -1.9276700e-02
  -2.1907200e-02
  -2.3450000e-02
  -2.4365000e-02
  -2.6078900e-02
  -2.7511700e-02
  -2.8814400e-02
  -3.0406600e-02
  -3.1649400e-02
  -3.2808300e-02
  -3.3852900e-02
  -3.5040600e-02
  -3.6318100e-02
  -3.7125200e-02
  -3.7709400e-02
  -3.7974200e-02
  -3.8122800e-02
  -3.8441900e-02
  -3.8528700e-02
  -3.8449000e-02
  -3.8054200e-02
  -3.7163300e-02
  -3.6091000e-02
  -3.5289500e-02
  -3.3765000e-02
  -3.1483800e-02
  -2.9501500e-02
  -2.7085500e-02
  -2.4391300e-02
  -2.1935300e-02
  -1.9069400e-02
  -1.5378700e-02
  -1.1953500e-02
  -9.8389900e-03
  -8.3892400e-03
  -7.2759700e-03
  -6.7143100e-03
  -6.3033900e-03
  -6.2299200e-03
  -6.3132500e-03
  -6.8282400e-03
  -8.1591300e-03
  -9.0730100e-03
  -9.6960500e-03
  -1.0347000e-02
  -1.0481900e-02
  -1.0310500e-02
  -1.0238300e-02
  -1.0359200e-02
  -9.9345900e-03
  -8.8650400e-03
  -8.1429500e-03
  -7.5705300e-03
  -6.9423300e-03
  -6.2489400e-03
  -5.5304000e-03
  -4.4992700e-03
  -3.5187900e-03
  -3.2478400e-03
  -2.1295400e-03
  -1.1662500e-03
  -7.4187100e-04
   5.0945100e-04
   1.3540300e-03
   1.5177300e-03
   1.9507500e-03
   2.3178500e-03
   2.3265600e-03
   2.4507600e-03
   2.3975800e-03
   1.6965100e-03
   7.1709400e-04
  -1.0632000e-04
  -6.4855000e-04
  -7.3004000e-04
  -7.6182100e-04
  -7.1194200e-04
  -7.2459600e-04
  -7.9856800e-04
  -8.3992500e-04
  -8.4305200e-04
  -6.3908700e-04
  -7.8780100e-04
  -1.0855400e-03
  -1.7244900e-03
  -2.5430600e-03
  -2.7254800e-03
  -2.8994400e-03
  -2.9924900e-03
  -2.5035800e-03
  -1.7689200e-03
  -9.9699000e-04
  -2.4066100e-04
   7.0246500e-04
   1.5862600e-03
   2.3311000e-03
   3.1200400e-03
   4.1981800e-03
   5.1548100e-03
   5.8458800e-03
   6.6093600e-03
   7.2385900e-03
   8.2403600e-03
   9.8084000e-03
   1.1363600e-02
   1.2629900e-02
   1.3674300e-02
   1.4624900e-02
   1.5490900e-02
   1.5927100e-02
   1.6515800e-02
   1.6864200e-02
   1.6694100e-02
   1.6864400e-02
   1.6945700e-02
   1.7177500e-02
   1.7789000e-02
   1.8569800e-02
   1.9973400e-02
   2.1557600e-02
   2.2633300e-02
   2.3841000e-02
   2.5527700e-02
   2.7189800e-02
   2.8730500e-02
   3.0357500e-02
   3.1726100e-02
   3.3011600e-02
   3.4025600e-02
   3.4764000e-02
   3.6223100e-02
   3.8018400e-02
   3.9956800e-02
   4.2251700e-02
   4.4458100e-02
   4.6618700e-02
   4.8793900e-02
   5.0681300e-02
   5.2615500e-02
   5.4407800e-02
   5.5852900e-02
   5.7075900e-02
   5.7788300e-02
   5.7928200e-02
   5.7655800e-02
   5.7479600e-02
   5.6974200e-02
   5.6043700e-02
   5.5285900e-02
   5.4467000e-02
   5.3630700e-02
   5.2869500e-02
   5.2065000e-02
   5.1057100e-02
   4.9646700e-02
   4.8306500e-02
   4.6953400e-02
   4.5188900e-02
   4.3496600e-02
   4.1583900e-02
   3.9277100e-02
   3.7378400e-02
   3.5413800e-02
   3.3043600e-02
   3.1074800e-02
   2.9074800e-02
   2.7176900e-02
   2.5770500e-02
   2.4029400e-02
   2.2317700e-02
   2.0837800e-02
   1.8934400e-02
   1.6976200e-02
   1.5299200e-02
   1.3794600e-02
   1.2776400e-02
   1.2119100e-02
   1.1138600e-02
   9.9682600e-03
   8.8855800e-03
   7.8508600e-03
   7.0687000e-03
   6.1302300e-03
   5.0849400e-03
   4.1661700e-03
   2.9312200e-03
   1.5669800e-03
   4.7104400e-04
  -4.9173700e-04
  -1.8439600e-03
  -3.3801400e-03
  -4.8731300e-03
  -6.3157300e-03
  -7.5741400e-03
  -9.0486000e-03
  -1.0463300e-02
  -1.1494900e-02
  -1.2325200e-02
  -1.3456900e-02
  -1.4845700e-02
  -1.6138000e-02
  -1.7272100e-02
  -1.7755300e-02
  -1.7737000e-02
  -1.7944700e-02
  -1.8081500e-02
  -1.8135500e-02
  -1.8396600e-02
  -1.7635000e-02
  -1.6465500e-02
  -1.5930600e-02
  -1.4954200e-02
  -1.3820000e-02
  -1.2845200e-02
  -1.1451600e-02
  -1.0346800e-02
  -9.6333100e-03
  -8.9213100e-03
  -8.4876600e-03
  -8.4700000e-03
  -8.9624700e-03
  -9.9612200e-03
  -1.1329600e-02
  -1.2354800e-02
  -1.3011300e-02
  -1.3995100e-02
  -1.5057900e-02
  -1.6230600e-02
  -1.7871500e-02
  -1.9280600e-02
  -2.0198400e-02
  -2.0669900e-02
  -2.0279400e-02
  -2.0388600e-02
  -2.0527800e-02
  -1.9770400e-02
  -1.9488700e-02
  -1.8895200e-02
  -1.8275400e-02
  -1.8149100e-02
  -1.7808200e-02
  -1.7444700e-02
  -1.6589600e-02
  -1.5416400e-02
  -1.4600900e-02
  -1.3993900e-02
  -1.3175900e-02
  -1.2483100e-02
  -1.2208800e-02
  -1.1846200e-02
  -1.1792800e-02
  -1.2254300e-02
  -1.3076800e-02
  -1.4080900e-02
  -1.4992500e-02
  -1.6372700e-02
  -1.7789600e-02
  -1.9255100e-02
  -2.0946100e-02
  -2.2414300e-02
  -2.3839300e-02
  -2.5707400e-02
  -2.7221000e-02
  -2.7850000e-02
  -2.9131500e-02
  -3.0285700e-02
  -3.0836600e-02
  -3.1813600e-02
  -3.2627200e-02
  -3.2806900e-02
  -3.3152800e-02
  -3.3754900e-02
  -3.3661000e-02
  -3.3262300e-02
  -3.2943200e-02
  -3.2112000e-02
  -3.1224700e-02
  -3.0519100e-02
  -2.9831500e-02
  -2.8693000e-02
  -2.7267700e-02
  -2.6744800e-02
  -2.5918900e-02
  -2.4780700e-02
  -2.3984600e-02
  -2.3101100e-02
  -2.2284500e-02
  -2.1123700e-02
  -2.0190600e-02
  -1.9415400e-02
  -1.8374400e-02
  -1.7509000e-02
  -1.6673600e-02
  -1.5883600e-02
  -1.4846300e-02
  -1.3805300e-02
  -1.3095200e-02
  -1.2251300e-02
  -1.1602700e-02
  -1.1404800e-02
  -1.1114200e-02
  -1.0399400e-02
  -9.9271700e-03
  -9.8645400e-03
  -9.5907200e-03
  -1.0055200e-02
  -1.1407500e-02
  -1.2732900e-02
  -1.3827000e-02
  -1.5116200e-02
  -1.7432700e-02
  -1.9628300e-02
  -2.1333100e-02
  -2.3935300e-02
  -2.6528400e-02
  -2.8571800e-02
  -3.1167500e-02
  -3.3486000e-02
  -3.5358500e-02
  -3.7222100e-02
  -3.8317600e-02
  -3.9184700e-02
  -4.0534100e-02
  -4.1458200e-02
  -4.1796500e-02
  -4.1797800e-02
  -4.1500600e-02
  -4.1423700e-02
  -4.1356600e-02
  -4.1026100e-02
  -4.0203100e-02
  -3.8739400e-02
  -3.7129200e-02
  -3.5788700e-02
  -3.4398200e-02
  -3.3084500e-02
  -3.1601500e-02
  -3.0090800e-02
  -2.8602900e-02
  -2.6987600e-02
  -2.5856900e-02
  -2.4793200e-02
  -2.3613400e-02
  -2.3094700e-02
  -2.3102500e-02
  -2.2701500e-02
  -2.2492700e-02
  -2.2570000e-02
  -2.2224600e-02
  -2.1952100e-02
  -2.1971600e-02
  -2.1825800e-02
  -2.1698000e-02
  -2.1485000e-02
  -2.0917600e-02
  -2.0305200e-02
  -2.0252500e-02
  -2.0210900e-02
  -1.9764000e-02
  -1.9745400e-02
  -1.9424600e-02
  -1.9262800e-02
  -1.9507200e-02
  -1.9462700e-02
  -1.9341100e-02
  -1.9525300e-02
  -1.9594700e-02
  -1.8995000e-02
  -1.8907500e-02
  -1.8604200e-02
  -1.8388700e-02
  -1.9023600e-02
  -1.9080300e-02
  -1.8764100e-02
  -1.8886400e-02
  -1.8612600e-02
  -1.7429300e-02
  -1.6911600e-02
  -1.6587000e-02
  -1.6235700e-02
  -1.6110900e-02
  -1.5459600e-02
  -1.4936800e-02
  -1.4675700e-02
  -1.4546400e-02
  -1.4219100e-02
  -1.4335200e-02
  -1.4671100e-02
  -1.4850400e-02
  -1.5644600e-02
  -1.6506100e-02
  -1.7764100e-02
  -1.9347100e-02
  -2.0707900e-02
  -2.2660000e-02
  -2.5105200e-02
  -2.7160500e-02
  -2.9059700e-02
  -3.1544300e-02
  -3.4169400e-02
  -3.6116100e-02
  -3.7873000e-02
  -3.9172200e-02
  -3.9938800e-02
  -4.0975800e-02
  -4.1655700e-02
  -4.2111500e-02
  -4.2953800e-02
  -4.3328600e-02
  -4.3137500e-02
  -4.3180100e-02
  -4.2919300e-02
  -4.2006300e-02
  -4.1342000e-02
  -4.1130000e-02
  -4.0353100e-02
  -3.9352900e-02
  -3.8359900e-02
  -3.7151200e-02
  -3.6594500e-02
  -3.6054300e-02
  -3.5627900e-02
  -3.6032100e-02
  -3.6208000e-02
  -3.6449500e-02
  -3.7338100e-02
  -3.7965900e-02
  -3.9256300e-02
  -4.0880900e-02
  -4.1661100e-02
  -4.2746900e-02
  -4.4070300e-02
  -4.5327800e-02
  -4.6756900e-02
  -4.7979100e-02
  -4.8785200e-02
  -4.9392800e-02
  -4.9577400e-02
  -4.9256100e-02
  -4.9100900e-02
  -4.9013900e-02
  -4.8965500e-02
  -4.8304400e-02
  -4.7556800e-02
  -4.7429400e-02
  -4.6768700e-02
  -4.5793300e-02
  -4.4950700e-02
  -4.4632200e-02
  -4.4535700e-02
  -4.4109800e-02
  -4.3862100e-02
  -4.3700900e-02
  -4.3005100e-02
  -4.2635000e-02
  -4.2406300e-02
  -4.1540600e-02
  -4.0885000e-02
  -4.0010100e-02
  -3.9010100e-02
  -3.8243400e-02
  -3.6978600e-02
  -3.5502500e-02
  -3.4695800e-02
  -3.3686100e-02
  -3.2129200e-02
  -3.0618700e-02
  -2.8580900e-02
  -2.6597400e-02
  -2.5168500e-02
  -2.3838200e-02
  -2.2500900e-02
  -2.0835600e-02
  -1.9248700e-02
  -1.8149200e-02
  -1.6415700e-02
  -1.5156400e-02
  -1.4721000e-02
  -1.3306500e-02
  -1.2131100e-02
  -1.1793400e-02
  -1.1998300e-02
  -1.2692800e-02
  -1.2579400e-02
  -1.3168200e-02
  -1.4579100e-02
  -1.4831300e-02
  -1.5375400e-02
  -1.6379900e-02
  -1.6405800e-02
  -1.5795300e-02
  -1.5330000e-02
  -1.4734600e-02
  -1.3713400e-02
  -1.2565000e-02
  -1.1442800e-02
  -1.0466100e-02
  -1.0324300e-02
  -9.9192100e-03
  -9.2679100e-03
  -9.5139600e-03
  -9.2322700e-03
  -9.0583600e-03
  -9.2363900e-03
  -9.2463100e-03
  -9.0408700e-03
  -8.4713500e-03
  -8.0401200e-03
  -7.0614000e-03
  -5.9168600e-03
  -4.6734200e-03
  -3.1352700e-03
  -1.8040100e-03
   1.9481000e-04
   2.5192400e-03
   4.8249000e-03
   6.5834500e-03
   7.3227900e-03
   8.8111800e-03
   1.0035200e-02
   1.0998300e-02
   1.2296200e-02
   1.2892400e-02
   1.3853000e-02
   1.4770700e-02
   1.4917000e-02
   1.4826400e-02
   1.4655600e-02
   1.3769900e-02
   1.2472900e-02
   1.1807300e-02
   1.1335600e-02
   1.0673600e-02
   1.0167900e-02
   9.1491700e-03
   7.9552400e-03
   7.5561400e-03
   7.1514000e-03
   6.8605000e-03
   6.6869100e-03
   6.9873900e-03
   7.8931700e-03
   8.1476700e-03
   9.0278200e-03
   1.0230700e-02
   1.1114700e-02
   1.3059900e-02
   1.4647400e-02
   1.6218100e-02
   1.7982500e-02
   1.9155200e-02
   2.0407600e-02
   2.1321400e-02
   2.2684300e-02
   2.4034000e-02
   2.4891000e-02
   2.5329300e-02
   2.5397100e-02
   2.5790400e-02
   2.5686300e-02
   2.5275800e-02
   2.4690200e-02
   2.3733900e-02
   2.2887200e-02
   2.1549600e-02
   1.9861600e-02
   1.8533900e-02
   1.6402800e-02
   1.3967200e-02
   1.1758300e-02
   9.4737800e-03
   8.2148800e-03
   6.7433400e-03
   5.2820700e-03
   4.6110600e-03
   4.2828300e-03
   4.7833200e-03
   4.7762800e-03
   4.9056700e-03
   5.7026300e-03
   6.2135400e-03
   7.2666500e-03
   7.9816200e-03
   8.1007900e-03
   8.7149900e-03
   9.2746000e-03
   9.5846300e-03
   9.5298300e-03
   9.4077900e-03
   9.6152700e-03
   9.3733300e-03
   9.0211100e-03
   8.7128800e-03
   8.7183400e-03
   8.8929700e-03
   9.2562500e-03
   1.0290800e-02
   1.1073200e-02
   1.2013200e-02
   1.3554300e-02
   1.5289100e-02
   1.7247400e-02
   1.9780200e-02
   2.2621000e-02
   2.4993500e-02
   2.6773300e-02
   2.8275700e-02
   3.0085400e-02
   3.1431900e-02
   3.2438800e-02
   3.3566800e-02
   3.3976600e-02
   3.3968300e-02
   3.3813000e-02
   3.3653900e-02
   3.3113400e-02
   3.2324800e-02
   3.1597700e-02
   3.1124800e-02
   3.0291700e-02
   2.8812700e-02
   2.8210700e-02
   2.7698700e-02
   2.6955300e-02
   2.6458600e-02
   2.5624400e-02
   2.4959500e-02
   2.4700400e-02
   2.3993200e-02
   2.2901600e-02
   2.2212600e-02
   2.0875800e-02
   1.9186000e-02
   1.8547700e-02
   1.7288300e-02
   1.5797900e-02
   1.5293700e-02
   1.4553900e-02
   1.4027600e-02
   1.4077100e-02
   1.4237000e-02
   1.4835700e-02
   1.6460800e-02
   1.8306400e-02
   1.9898200e-02
   2.1885700e-02
   2.3870400e-02
   2.5826700e-02
   2.8222400e-02
   3.0785900e-02
   3.2983500e-02
   3.4620500e-02
   3.5945600e-02
   3.7733600e-02
   3.9373300e-02
   4.0694100e-02
   4.2454600e-02
   4.3398100e-02
   4.4248200e-02
   4.5400600e-02
   4.5845000e-02
   4.6564600e-02
   4.7134700e-02
   4.7801300e-02
   4.8684300e-02
   4.8517800e-02
   4.8254000e-02
   4.8181900e-02
   4.7516100e-02
   4.6830100e-02
   4.6020200e-02
   4.4864900e-02
   4.3374100e-02
   4.1810200e-02
   4.0143400e-02
   3.8067900e-02
   3.6018200e-02
   3.3731500e-02
   3.1287100e-02
   2.8870600e-02
   2.6309700e-02
   2.3636300e-02
   2.1169400e-02
   1.8756600e-02
   1.6356900e-02
   1.4212900e-02
   1.2449800e-02
   1.0647000e-02
   9.2849300e-03
   8.6951700e-03
   7.6658900e-03
   7.1136600e-03
   7.0448000e-03
   6.5323800e-03
   6.2476300e-03
   6.6709100e-03
   7.2392100e-03
   7.0981200e-03
   7.1598100e-03
   7.5271900e-03
   7.8193700e-03
   8.9382800e-03
   9.9768500e-03
   1.1385200e-02
   1.3253100e-02
   1.4551000e-02
   1.6071900e-02
   1.7619900e-02
   1.9608500e-02
   2.1777600e-02
   2.3153400e-02
   2.4709100e-02
   2.6230700e-02
   2.6875000e-02
   2.7763700e-02
   2.8423800e-02
   2.8325400e-02
   2.8172900e-02
   2.7219900e-02
   2.6141500e-02
   2.5704300e-02
   2.5044200e-02
   2.3854700e-02
   2.3040500e-02
   2.3462800e-02
   2.3525900e-02
   2.2966900e-02
   2.3348200e-02
   2.3583800e-02
   2.3624400e-02
   2.4324800e-02
   2.4951400e-02
   2.4515400e-02
   2.3952900e-02
   2.3777800e-02
   2.2390700e-02
   2.0769000e-02
   1.9233000e-02
   1.7727900e-02
   1.5847900e-02
   1.3603000e-02
   1.2474400e-02
   1.1019400e-02
   9.1353800e-03
   7.6837600e-03
   6.8244700e-03
   6.4139900e-03
   5.8004800e-03
   5.5879500e-03
   5.1939400e-03
   4.6903400e-03
   4.5547800e-03
   4.6531900e-03
   5.1528700e-03
   5.0438000e-03
   4.9441600e-03
   5.5461700e-03
   5.7584300e-03
   5.3963300e-03
   5.3219200e-03
   5.6153000e-03
   6.0558700e-03
   6.1852200e-03
   6.1662900e-03
   6.4438800e-03
   6.2320600e-03
   6.0137300e-03
   6.0708300e-03
   5.7847200e-03
   5.6850700e-03
   5.2879400e-03
   4.1031600e-03
   3.6470600e-03
   3.7323600e-03
   3.3130300e-03
   3.4961100e-03
   4.0651700e-03
   3.6242100e-03
   3.3711800e-03
   3.1622900e-03
   2.8533700e-03
   3.2372400e-03
   2.7021500e-03
   1.8138300e-03
   9.4485100e-04
  -1.5112200e-04
  -1.2398200e-03
  -2.4177200e-03
  -3.9060500e-03
  -6.0500400e-03
  -7.7395300e-03
  -9.5337000e-03
  -1.2148000e-02
  -1.4576000e-02
  -1.6785300e-02
  -1.9433800e-02
  -2.1813800e-02
  -2.3540700e-02
  -2.5979500e-02
  -2.8652300e-02
  -3.0696000e-02
  -3.2497700e-02
  -3.3454900e-02
  -3.4378000e-02
  -3.5370000e-02
  -3.5875700e-02
  -3.6506600e-02
  -3.6762600e-02
  -3.6273900e-02
  -3.5552500e-02
  -3.4760600e-02
  -3.3483300e-02
  -3.1995800e-02
  -3.0572000e-02
  -2.8826800e-02
  -2.6972900e-02
  -2.5596200e-02
  -2.4528500e-02
  -2.3413900e-02
  -2.2271400e-02
  -2.1134400e-02
  -2.0277400e-02
  -1.9347000e-02
  -1.8020700e-02
  -1.6746500e-02
  -1.5151800e-02
  -1.3875900e-02
  -1.3085700e-02
  -1.1900700e-02
  -1.0354600e-02
  -8.4157900e-03
  -6.4966200e-03
  -5.2953600e-03
  -4.5909700e-03
  -3.5954600e-03
  -2.2410800e-03
  -4.9500700e-04
   1.4325500e-03
   3.3978700e-03
   5.8718600e-03
   8.1582800e-03
   9.9890100e-03
   1.1935300e-02
   1.3881900e-02
   1.6088700e-02
   1.8182400e-02
   1.9858600e-02
   2.1315400e-02
   2.2506300e-02
   2.3571900e-02
   2.4570100e-02
   2.5496400e-02
   2.6251900e-02
   2.6848600e-02
   2.7248200e-02
   2.7552800e-02
   2.7997500e-02
   2.7953600e-02
   2.7906000e-02
   2.8142800e-02
   2.7460700e-02
   2.6588500e-02
   2.5948200e-02
   2.4663300e-02
   2.2718500e-02
   2.1117400e-02
   1.9303500e-02
   1.7338600e-02
   1.6042100e-02
   1.4286100e-02
   1.2607300e-02
   1.1723300e-02
   1.0943800e-02
   1.0103500e-02
   9.6000900e-03
   9.2593300e-03
   8.7933700e-03
   8.3615600e-03
   8.3205200e-03
   8.6356400e-03
   8.6465700e-03
   8.7074700e-03
   9.2262100e-03
   9.4406000e-03
   9.5868200e-03
   1.0266500e-02
   1.0978200e-02
   1.2027800e-02
   1.3536000e-02
   1.5036200e-02
   1.6664800e-02
   1.8782800e-02
   2.1105200e-02
   2.3353400e-02
   2.5652900e-02
   2.7544400e-02
   2.9181800e-02
   3.0527400e-02
   3.1379000e-02
   3.1665600e-02
   3.1835500e-02
   3.2063400e-02
   3.1597900e-02
   3.0774900e-02
   2.9585100e-02
   2.7952000e-02
   2.6239300e-02
   2.4445400e-02
   2.2734000e-02
   2.1073100e-02
   1.9455300e-02
   1.8015700e-02
   1.6677000e-02
   1.5510600e-02
   1.4616600e-02
   1.3748300e-02
   1.2655000e-02
   1.2067100e-02
   1.1536200e-02
   1.0504900e-02
   9.9344500e-03
   9.4475500e-03
   8.8937300e-03
   8.4509700e-03
   8.0433200e-03
   7.5209300e-03
   6.6550400e-03
   5.7642800e-03
   4.8230800e-03
   4.0545100e-03
   3.5861400e-03
   3.2721000e-03
   2.6077700e-03
   1.6832900e-03
   1.2578100e-03
   9.2664800e-04
   2.5311600e-04
  -7.9871800e-04
  -1.6613300e-03
  -2.5907900e-03
  -4.0480900e-03
  -5.3115000e-03
  -6.8455600e-03
  -8.2735500e-03
  -9.3176800e-03
  -1.0547200e-02
  -1.1391100e-02
  -1.2451600e-02
  -1.3630500e-02
  -1.3863000e-02
  -1.3931600e-02
  -1.4419200e-02
  -1.4591900e-02
  -1.4477300e-02
  -1.4556500e-02
  -1.4332500e-02
  -1.4160600e-02
  -1.4393800e-02
  -1.4002100e-02
  -1.3619200e-02
  -1.3551900e-02
  -1.3096600e-02
  -1.2279800e-02
  -1.1344300e-02
  -1.0582200e-02
  -9.6624400e-03
  -8.8981800e-03
  -7.9548000e-03
  -6.8042100e-03
  -5.9822400e-03
  -4.9097400e-03
  -4.1634900e-03
  -3.6964700e-03
  -2.6099600e-03
  -1.0660300e-03
   7.5313900e-04
   2.5687500e-03
   4.1346400e-03
   5.2554100e-03
   6.4069300e-03
   7.3576600e-03
   7.8728000e-03
   8.6903900e-03
   9.1853200e-03
   9.3186500e-03
   9.0191000e-03
   8.6033600e-03
   8.8155700e-03
   8.4089700e-03
   7.7231300e-03
   7.6368700e-03
   7.4763000e-03
   6.9019400e-03
   6.2663200e-03
   5.7594100e-03
   5.2935600e-03
   4.9225200e-03
   4.2352200e-03
   3.3914000e-03
   2.4733100e-03
   1.8453900e-03
   1.6897700e-03
   1.5674200e-03
   2.2994200e-03
   3.0847600e-03
   3.2487100e-03
   4.2137400e-03
   5.9447300e-03
   7.3171900e-03
   8.3922800e-03
   9.6500300e-03
   1.0461100e-02
   1.0704100e-02
   1.0632800e-02
   1.0264100e-02
   9.6759000e-03
   8.6903000e-03
   7.4175200e-03
   6.0675400e-03
   4.6895800e-03
   3.3627100e-03
   2.3450600e-03
   1.0658800e-03
  -4.0193800e-04
  -1.0600100e-03
  -2.2772700e-03
  -4.0146900e-03
  -5.1756000e-03
  -6.9294300e-03
  -8.5478200e-03
  -9.7772700e-03
  -1.1830300e-02
  -1.4092200e-02
  -1.6173100e-02
  -1.8123700e-02
  -2.0162500e-02
  -2.2197800e-02
  -2.4093400e-02
  -2.5655000e-02
  -2.6954500e-02
  -2.8577700e-02
  -2.9858100e-02
  -3.1062100e-02
  -3.2166600e-02
  -3.3126400e-02
  -3.4260800e-02
  -3.4876200e-02
  -3.5481500e-02
  -3.5814900e-02
  -3.5960600e-02
  -3.6231600e-02
  -3.5715800e-02
  -3.5152100e-02
  -3.4476400e-02
  -3.3509700e-02
  -3.2580500e-02
  -3.1415600e-02
  -3.0223300e-02
  -2.9021400e-02
  -2.8009800e-02
  -2.6975900e-02
  -2.5994500e-02
  -2.5356400e-02
  -2.4664100e-02
  -2.3733800e-02
  -2.2955200e-02
  -2.2272300e-02
  -2.1380500e-02
  -2.0433800e-02
  -1.9356500e-02
  -1.8439800e-02
  -1.7709300e-02
  -1.6784700e-02
  -1.5866300e-02
  -1.4644300e-02
  -1.3218400e-02
  -1.2337300e-02
  -1.1465700e-02
  -9.9972800e-03
  -8.5109100e-03
  -6.8901400e-03
  -5.1286400e-03
  -3.5639300e-03
  -1.5073400e-03
   4.2607200e-04
   2.3208700e-03
   4.4739600e-03
   6.3596800e-03
   8.2280900e-03
   9.8506500e-03
   1.1203000e-02
   1.2283700e-02
   1.3172800e-02
   1.3795200e-02
   1.4151400e-02
   1.4631500e-02
   1.4978300e-02
   1.4864800e-02
   1.4824100e-02
   1.4723300e-02
   1.4503700e-02
   1.5251600e-02
   1.6212100e-02
   1.6889800e-02
   1.7837300e-02
   1.8526900e-02
   1.9179500e-02
   2.0230200e-02
   2.0807000e-02
   2.0498500e-02
   2.0965000e-02
   2.1079200e-02
   1.9877200e-02
   1.9764500e-02
   1.9449900e-02
   1.7950700e-02
   1.6638400e-02
   1.5235400e-02
   1.3443000e-02
   1.1601900e-02
   1.0029000e-02
   8.4870500e-03
   7.0590500e-03
   5.9607000e-03
   5.1382500e-03
   4.6224300e-03
   4.1048700e-03
   3.5660000e-03
   3.3184300e-03
   3.8306000e-03
   4.7567600e-03
   5.7980600e-03
   7.4742300e-03
   9.3007300e-03
   1.0959600e-02
   1.2850400e-02
   1.4311500e-02
   1.5623300e-02
   1.7218900e-02
   1.8030200e-02
   1.8770200e-02
   1.9376000e-02
   1.9384100e-02
   1.9772500e-02
   1.9983100e-02
   1.9695100e-02
   1.9535100e-02
   1.9281300e-02
   1.9138800e-02
   1.9455700e-02
   1.9476900e-02
   2.0144800e-02
   2.1263000e-02
   2.1419600e-02
   2.1482800e-02
   2.1762400e-02
   2.2178800e-02
   2.2394000e-02
   2.2563100e-02
   2.3085100e-02
   2.3047500e-02
   2.2595900e-02
   2.2284200e-02
   2.1782800e-02
   2.1460300e-02
   2.1166300e-02
   2.0629100e-02
   2.0397500e-02
   1.9711900e-02
   1.8748200e-02
   1.7868700e-02
   1.6673800e-02
   1.5521300e-02
   1.4770000e-02
   1.4158200e-02
   1.2910700e-02
   1.1665100e-02
   1.0683300e-02
   9.4633600e-03
   8.3411000e-03
   7.4502000e-03
   6.4591000e-03
   5.6990700e-03
   5.0635200e-03
   4.2927000e-03
   3.9727400e-03
   3.4369900e-03
   2.2255700e-03
   1.3630200e-03
   7.9539800e-04
  -6.3657000e-04
  -2.0603800e-03
  -3.1557800e-03
  -4.4163200e-03
  -5.2740500e-03
  -6.2349700e-03
  -6.8855400e-03
  -7.1209900e-03
  -7.1226100e-03
  -6.5173400e-03
  -5.8047600e-03
  -4.8418700e-03
  -3.0736900e-03
  -1.2741500e-03
   1.8771300e-04
   2.0153700e-03
   3.6326700e-03
   5.2613600e-03
   7.0041000e-03
   7.7831300e-03
   8.3828200e-03
   8.9495000e-03
   8.7946400e-03
   8.4500400e-03
   8.1907700e-03
   7.6199900e-03
   6.6581300e-03
   5.8968400e-03
   4.8263400e-03
   3.5486500e-03
   2.3501200e-03
   1.1715900e-03
   3.8342600e-04
  -6.7666400e-04
  -1.5917700e-03
  -2.1785000e-03
  -3.7801100e-03
  -5.5583000e-03
  -6.4146700e-03
  -7.3963400e-03
  -8.7454100e-03
  -9.9713100e-03
  -1.1396800e-02
  -1.2554300e-02
  -1.3175300e-02
  -1.3435100e-02
  -1.3184800e-02
  -1.2916700e-02
  -1.2150000e-02
  -1.1019400e-02
  -9.8229400e-03
  -8.2596900e-03
  -6.9656100e-03
  -5.8707000e-03
  -4.5197300e-03
  -3.4590000e-03
  -3.1000200e-03
  -3.2367600e-03
  -3.6930400e-03
  -4.4490300e-03
  -5.5772300e-03
  -6.8302300e-03
  -8.3640700e-03
  -9.7172700e-03
  -1.0658700e-02
  -1.1983700e-02
  -1.3059900e-02
  -1.3766800e-02
  -1.4621500e-02
  -1.5490500e-02
  -1.6230900e-02
  -1.6862300e-02
  -1.7675000e-02
  -1.8290600e-02
  -1.9062400e-02
  -2.0298600e-02
  -2.1381000e-02
  -2.2443700e-02
  -2.3855600e-02
  -2.5365600e-02
  -2.6647800e-02
  -2.7733800e-02
  -2.8844200e-02
  -2.9978100e-02
  -3.0551600e-02
  -3.1116000e-02
  -3.1828800e-02
  -3.1785700e-02
  -3.1446400e-02
  -3.1260500e-02
  -3.0877300e-02
  -3.0343100e-02
  -2.9838600e-02
  -2.9318800e-02
  -2.8483200e-02
  -2.7585900e-02
  -2.7208900e-02
  -2.6959600e-02
  -2.6388100e-02
  -2.5732600e-02
  -2.5253000e-02
  -2.4430800e-02
  -2.3277800e-02
  -2.2103300e-02
  -2.0552200e-02
  -1.8705000e-02
  -1.6392200e-02
  -1.3745700e-02
  -1.1680800e-02
  -9.9754600e-03
  -7.6289600e-03
  -5.2441700e-03
  -3.6373600e-03
  -2.1387200e-03
  -1.1663900e-03
  -9.6454300e-04
  -9.6649600e-04
  -1.5129300e-03
  -2.3577600e-03
  -3.1204900e-03
  -3.7339700e-03
  -4.4016600e-03
  -4.8678800e-03
  -5.0567800e-03
  -5.2884200e-03
  -5.4923000e-03
  -5.6354300e-03
  -5.5983100e-03
  -5.6754200e-03
  -5.5561400e-03
  -5.0843100e-03
  -4.6165400e-03
  -3.9561700e-03
  -3.0746200e-03
  -1.9769200e-03
  -9.2194700e-04
  -1.6273000e-04
   4.1190700e-04
   9.4367800e-04
   2.1080800e-03
   3.3296700e-03
   4.1601800e-03
   5.1620100e-03
   6.1316500e-03
   7.1349800e-03
   8.1581600e-03
   8.8800400e-03
   9.3408400e-03
   9.9661300e-03
   1.0551200e-02
   1.0860500e-02
   1.1305400e-02
   1.1517300e-02
   1.1555900e-02
   1.1716200e-02
   1.1727300e-02
   1.1760100e-02
   1.1757400e-02
   1.1734800e-02
   1.1487700e-02
   1.0892100e-02
   1.0233900e-02
   9.5609700e-03
   8.7665000e-03
   7.6961700e-03
   6.3712100e-03
   5.0890700e-03
   3.9322100e-03
   2.6003400e-03
   1.7448400e-03
   1.1297100e-03
   1.6848600e-04
  -3.1586500e-04
  -5.8721400e-04
  -6.9256100e-04
  -2.5958300e-04
   5.9102800e-05
   3.4196100e-04
   8.2448200e-04
   1.4098000e-03
   1.8467100e-03
   1.7281400e-03
   1.4628500e-03
   1.2568200e-03
   1.0682800e-03
   1.0927300e-03
   9.3569300e-04
   4.4961300e-04
  -7.6025100e-05
  -6.6879800e-04
  -1.1925000e-03
  -1.5807200e-03
  -2.0384400e-03
  -2.4456500e-03
  -2.9209600e-03
  -3.3761200e-03
  -3.8650200e-03
  -4.4752000e-03
  -4.8783500e-03
  -5.5955800e-03
  -6.5749100e-03
  -7.3136200e-03
  -7.9591600e-03
  -8.5668900e-03
  -9.0262200e-03
  -9.2708900e-03
  -9.4901800e-03
  -9.6107500e-03
  -9.5427200e-03
  -9.8301700e-03
  -9.9503400e-03
  -9.3503400e-03
  -8.7470800e-03
  -8.3302600e-03
  -8.1026300e-03
  -7.8591900e-03
  -7.4542700e-03
  -7.2793000e-03
  -6.8737200e-03
  -6.3085200e-03
  -5.8015200e-03
  -5.0259800e-03
  -4.4585100e-03
  -4.0392600e-03
  -3.5826200e-03
  -3.4618000e-03
  -3.5236500e-03
  -3.7945100e-03
  -4.2593900e-03
  -4.9016900e-03
  -5.8556100e-03
  -6.4425500e-03
  -6.9764200e-03
  -7.7507700e-03
  -8.3656700e-03
  -8.6571800e-03
  -8.8821300e-03
  -9.1016900e-03
  -9.3820000e-03
  -1.0019200e-02
  -1.0448000e-02
  -1.0956700e-02
  -1.1364700e-02
  -1.1649800e-02
  -1.2200900e-02
  -1.2248100e-02
  -1.2320500e-02
  -1.2929000e-02
  -1.3118600e-02
  -1.3139700e-02
  -1.3270900e-02
  -1.2835500e-02
  -1.1975800e-02
  -1.1113500e-02
  -9.9270500e-03
  -8.4400900e-03
  -7.2852600e-03
  -6.1970100e-03
  -5.3039900e-03
  -4.3864000e-03
  -3.3539100e-03
  -3.0502600e-03
  -3.1457300e-03
  -3.7318600e-03
  -4.3693000e-03
  -4.5748000e-03
  -5.1803700e-03
  -5.8583200e-03
  -6.2825600e-03
  -6.7998300e-03
  -7.3142600e-03
  -7.9259100e-03
  -8.5051600e-03
  -8.9537100e-03
  -9.6000500e-03
  -1.0183500e-02
  -1.0938000e-02
  -1.1772700e-02
  -1.2135900e-02
  -1.2893800e-02
  -1.3842400e-02
  -1.4562900e-02
  -1.5644700e-02
  -1.6662600e-02
  -1.7639400e-02
  -1.8644500e-02
  -1.9561200e-02
  -2.0418100e-02
  -2.1228900e-02
  -2.1932500e-02
  -2.2101400e-02
  -2.2220000e-02
  -2.2360500e-02
  -2.1966100e-02
  -2.1295500e-02
  -2.0568300e-02
  -1.9445300e-02
  -1.7793000e-02
  -1.6190300e-02
  -1.4670400e-02
  -1.2912900e-02
  -1.1020000e-02
  -8.9423300e-03
  -7.2010800e-03
  -5.6898100e-03
  -4.1739800e-03
  -3.3292800e-03
  -2.8118700e-03
  -2.3055900e-03
  -2.1555700e-03
  -2.1693500e-03
  -1.9009600e-03
  -1.6231900e-03
  -1.5944700e-03
  -1.8508800e-03
  -2.2536200e-03
  -2.7272900e-03
  -3.1930200e-03
  -3.1873300e-03
  -3.5568800e-03
  -4.2631900e-03
  -4.6050500e-03
  -5.5008200e-03
  -6.6460500e-03
  -7.5404300e-03
  -8.6758800e-03
  -9.7335800e-03
  -1.0534100e-02
  -1.1589900e-02
  -1.2736900e-02
  -1.3674300e-02
  -1.4854100e-02
  -1.6126600e-02
  -1.7224400e-02
  -1.7971400e-02
  -1.8441200e-02
  -1.9307400e-02
  -2.0231900e-02
  -2.0640500e-02
  -2.0892400e-02
  -2.1128600e-02
  -2.0872200e-02
  -2.0240300e-02
  -2.0049700e-02
  -1.9945500e-02
  -1.9623900e-02
  -1.9564200e-02
  -1.9587600e-02
  -1.9520300e-02
  -1.9493000e-02
  -1.9368000e-02
  -1.9091900e-02
