   2.3170850e-03
   2.4186330e-03
   1.0275840e-03
  -3.3883950e-04
   9.4931900e-04
   3.1595880e-03
   2.5099060e-03
   4.8821620e-04
   1.3763630e-04
   5.1049660e-04
   1.3399910e-03
   2.2019130e-03
  -1.4815550e-04
  -4.6377630e-03
  -4.3519520e-03
   1.9141500e-03
   5.1622650e-03
   3.2867530e-04
  -6.8171830e-03
  -9.2519910e-03
  -5.3941140e-03
  -5.1926780e-04
  -6.2784420e-04
  -2.8773710e-03
  -2.6647820e-03
  -1.7114670e-03
  -1.7592050e-03
  -1.7222450e-03
   6.5056690e-04
   4.1393830e-03
   3.5387430e-03
   2.8979090e-04
   4.7451660e-04
   2.5012690e-03
   2.7370860e-03
   2.2734050e-03
   3.7698290e-04
  -1.8581100e-03
  -1.1035670e-03
   1.8806530e-04
  -2.1838380e-04
  -2.2337730e-03
  -4.2180060e-03
  -2.7175840e-03
   2.0475060e-03
   6.4036910e-03
   3.7468130e-03
  -2.5331490e-03
  -2.7951380e-03
   1.7640890e-04
   3.3213610e-03
   3.0099330e-03
  -7.2261400e-04
  -7.5995220e-04
   8.9485890e-04
   3.4786930e-03
   5.6992850e-03
   4.9143250e-03
   5.0228720e-03
   8.9104940e-03
   1.3742320e-02
   1.0514250e-02
   3.3554510e-03
   9.4164070e-04
   1.6898280e-03
   6.5086640e-03
   6.6701260e-03
  -2.9740000e-03
  -8.4813360e-03
  -2.9922940e-03
   5.1370630e-03
   5.2486810e-03
  -2.3451930e-03
  -6.8324960e-03
  -5.4463310e-04
   8.2849000e-03
   9.0362670e-03
   5.6053210e-03
   5.7009320e-04
  -3.0773390e-03
  -6.0298420e-04
   1.3187210e-03
  -9.1843950e-04
  -4.9650630e-03
  -9.1151730e-03
  -8.9042850e-03
  -5.1131460e-03
  -2.0577950e-03
  -4.0178090e-03
  -9.0892330e-03
  -6.1505600e-03
   2.1258550e-03
   5.7868280e-03
   3.8120710e-03
   6.0763930e-04
   8.4339940e-04
   2.8700450e-03
   5.2534380e-03
   4.7492290e-03
   3.3923750e-03
   3.8294000e-03
   1.3692700e-03
   1.7670600e-03
   3.5023350e-03
   5.5175850e-04
  -7.0972510e-04
   2.1420650e-03
   5.6633220e-03
   4.3300040e-03
  -2.3333220e-04
  -2.3175210e-03
  -3.6963190e-03
  -1.3938830e-03
   4.3310460e-03
   2.1347580e-03
  -2.0343940e-03
   3.3327030e-03
   8.8619430e-03
   7.0382240e-03
   3.0272140e-03
   3.1899340e-03
   5.8562580e-03
   8.8821430e-03
   1.0943770e-02
   6.1104080e-03
   4.1873320e-03
   9.3674090e-03
   1.1202730e-02
   1.0073930e-02
   7.5004250e-03
   5.4170380e-03
   1.7828610e-03
  -3.0571050e-03
  -2.6352350e-03
  -1.5906970e-03
  -4.0144440e-03
  -7.2194250e-03
  -8.0676520e-03
  -8.0640220e-03
  -9.5780390e-03
  -1.0986930e-02
  -9.1205240e-03
  -4.4693320e-04
   9.1459670e-03
   9.5804270e-03
   2.3481060e-03
  -3.2193920e-04
   7.1346330e-03
   1.5558170e-02
   1.4809340e-02
   7.6070120e-03
  -3.5578630e-04
  -9.6099840e-03
  -1.3772530e-02
  -9.0355690e-03
   7.4781470e-04
   7.8840110e-03
   3.8417030e-03
  -2.4592570e-03
  -1.5975630e-03
   4.2610750e-03
   8.4948570e-03
   4.5826660e-03
  -4.9067830e-04
   3.3654920e-04
   2.0211440e-03
  -2.3142910e-04
  -2.9298230e-03
  -2.3753640e-03
  -1.1879580e-03
   1.3915780e-04
   4.4391700e-04
  -4.8737840e-03
  -7.8342570e-03
   2.3152070e-04
   5.8324900e-03
   1.4809600e-03
  -2.4609070e-03
  -2.9515610e-03
  -1.0673400e-03
   3.6883310e-03
   3.5274150e-03
  -4.6533230e-03
  -5.7749070e-03
   1.4496240e-03
   7.2905910e-03
   1.2488210e-02
   8.8362160e-03
   4.2877870e-04
  -5.7153620e-04
   1.7541350e-03
   3.0159350e-03
  -7.2061470e-04
  -1.9737740e-03
   2.4084240e-03
   2.2973310e-03
  -4.1312480e-03
  -1.5294270e-02
  -1.8340600e-02
  -7.6477690e-03
   3.3698460e-03
   4.6238130e-03
  -5.9561780e-03
  -1.1534360e-02
  -1.5087210e-03
   1.0123650e-02
   1.5334400e-02
   1.2887020e-02
   6.4813540e-03
   4.2245450e-03
   4.1622830e-03
   3.7331920e-03
   3.5616260e-03
   4.4922420e-03
   7.4099350e-03
   8.2234710e-03
   7.6282430e-03
   1.0314100e-02
   1.1859880e-02
   8.0607650e-03
   5.6064740e-03
   3.8186210e-03
   7.9790990e-04
   3.1553320e-03
  -1.0125250e-03
  -1.3857810e-02
  -1.8960040e-02
  -1.8437710e-02
  -1.5728060e-02
  -1.2431840e-02
  -1.3323760e-02
  -1.0027360e-02
   3.7737060e-03
   1.1301590e-02
   4.8085990e-03
   2.0992490e-03
   7.8466250e-03
   1.2628690e-02
   8.8203130e-03
  -4.0432150e-03
  -1.4444290e-02
  -9.3345910e-03
   5.9332890e-03
   1.0016780e-02
   1.4971980e-03
  -5.6158700e-03
  -4.3214720e-03
   1.0982550e-03
   5.8963560e-05
  -5.9235360e-03
  -7.8623960e-03
  -7.0217170e-03
  -1.0803970e-02
  -1.1134400e-02
  -6.1698550e-03
  -6.1280330e-03
  -4.8115940e-03
  -4.2098160e-03
  -7.0616140e-03
  -7.8165750e-03
  -6.9419110e-03
  -3.1221170e-03
  -2.8317060e-03
  -1.2627240e-03
   6.8747310e-03
   1.1637440e-02
   1.4125140e-02
   1.0997870e-02
   7.0541290e-03
   1.2688290e-02
   1.4706850e-02
   1.1001620e-02
   5.4411940e-03
  -7.3541170e-03
  -1.3568730e-02
  -6.5794850e-03
   3.4181950e-04
   3.4383490e-03
   4.2211570e-04
  -6.6891040e-03
  -1.0104180e-02
  -4.6356140e-03
   1.1696820e-02
   2.0451880e-02
   1.5124060e-02
   1.0198490e-02
   6.2808060e-03
   7.7363010e-03
   1.0192510e-02
   2.4457960e-03
  -6.0641010e-03
  -8.3952390e-03
  -4.6358460e-03
  -3.5926310e-03
  -7.6846020e-03
  -8.9962460e-03
  -1.0515640e-02
  -4.8272150e-03
   2.7886250e-03
  -3.2775590e-04
  -3.7269400e-03
  -6.1137360e-03
  -2.2131580e-03
   6.0325640e-03
   2.1955330e-03
  -9.9988160e-03
  -2.1481570e-02
  -2.0900430e-02
  -1.2300960e-02
  -1.0602720e-02
  -1.4147390e-02
  -2.0521240e-02
  -1.6457150e-02
   3.2304180e-03
   1.7928710e-02
   1.6085210e-02
   3.1566840e-03
  -8.8515550e-03
  -1.2617240e-02
  -1.0374340e-02
  -1.0626540e-02
  -1.3634670e-02
  -1.7957570e-02
  -2.6623920e-02
  -2.5053810e-02
  -1.3291960e-02
  -5.9128510e-03
  -1.9307260e-03
  -3.3189120e-03
  -2.1240890e-03
   9.5028910e-03
   1.9357850e-02
   1.8235160e-02
   1.3679370e-02
   1.5485090e-02
   1.6324350e-02
   1.1609120e-02
   3.2097390e-03
  -6.1378740e-03
  -7.9770980e-03
  -3.3991010e-03
  -9.1765320e-05
  -1.8565280e-03
  -2.0543590e-03
   1.2139830e-03
  -5.0422950e-04
  -4.2996750e-03
  -9.5795180e-03
  -1.8414140e-02
  -2.0713840e-02
  -1.5542750e-02
  -9.2075800e-03
   1.1491040e-03
   1.0499440e-02
   1.0717890e-02
   8.4390210e-03
   1.1248100e-02
   1.4204040e-02
   9.6573900e-03
  -3.5384500e-05
  -5.4072840e-03
  -1.8761670e-03
   5.7271130e-04
  -3.6335590e-03
  -1.0069260e-02
  -1.6045020e-02
  -1.6832980e-02
  -1.6266720e-02
  -1.9870830e-02
  -2.4958560e-02
  -2.2686130e-02
  -1.1679530e-02
  -7.2658030e-03
  -6.2109570e-03
   1.9917390e-03
   9.7189670e-03
   1.8302860e-02
   2.4418420e-02
   1.8848690e-02
   1.2364190e-02
   5.7782330e-03
  -3.7247540e-03
  -1.0167700e-02
  -1.3520130e-02
  -8.5342510e-03
  -6.5302580e-03
  -1.3118740e-02
  -1.3558230e-02
  -8.8479670e-03
  -1.6647180e-03
  -3.3620990e-03
  -1.1309110e-02
  -5.7030790e-03
   6.6735150e-03
   1.4511430e-02
   2.7891740e-04
  -2.6994150e-02
  -3.1352920e-02
  -1.7119070e-02
  -2.5742120e-03
  -5.2714480e-03
  -1.7858530e-02
  -1.3359320e-02
   2.6834440e-03
   1.5539060e-02
   1.2868380e-02
   1.9457980e-03
   1.6247210e-03
   1.5239140e-02
   2.9456360e-02
   1.5351750e-02
  -1.5411780e-02
  -2.3407020e-02
  -7.8723360e-03
   8.5787710e-03
   4.8764910e-03
  -1.8824570e-02
  -2.6428770e-02
  -7.9474810e-03
   8.5017690e-03
   1.3816450e-02
   3.2608470e-03
  -1.4571880e-02
  -1.9453090e-02
  -1.1063130e-02
  -2.7348340e-03
  -8.2475270e-03
  -1.0816050e-02
  -9.4203920e-04
   7.2104790e-03
   1.2190170e-02
   8.1160480e-03
  -2.3581940e-03
  -4.6860990e-03
   3.1750650e-03
   1.5027080e-02
   2.2282240e-02
   1.7681480e-02
   2.9099580e-03
  -7.8098100e-03
  -7.2851810e-03
  -7.8016750e-03
  -1.5903540e-02
  -2.0927540e-02
  -1.7551720e-02
  -1.1557000e-02
  -5.8722250e-03
  -1.5761340e-03
  -4.2437150e-03
  -1.0441000e-02
  -1.0372860e-02
  -4.6198710e-03
   4.3894450e-03
   7.0388280e-03
   1.1503110e-03
  -2.7617320e-03
  -5.3902040e-03
  -1.2882650e-03
   2.7742840e-03
  -4.9120450e-03
  -1.6484310e-02
  -2.6294080e-02
  -2.1697710e-02
  -9.6249000e-03
  -1.8816430e-03
   4.9850280e-03
   5.6396600e-03
   1.4413860e-02
   2.1263590e-02
   9.2146520e-03
   3.3050970e-03
   2.8567460e-03
   1.5510040e-03
   3.6943660e-04
  -5.5146430e-03
  -3.7663450e-03
   1.5369010e-03
   1.7983430e-03
  -2.3122230e-03
  -7.0272770e-03
   2.1944910e-03
   1.5979120e-02
   1.8948210e-02
   1.5055200e-02
   8.3029380e-03
   6.5073750e-03
   1.0519800e-02
   8.1158810e-03
  -7.1250080e-03
  -2.2797760e-02
  -2.8518560e-02
  -2.9199350e-02
  -2.3399050e-02
  -1.9811900e-02
  -2.1088180e-02
  -1.0790660e-02
   1.6087670e-04
  -1.4102030e-03
  -4.1399160e-03
   1.4957190e-03
   1.1099390e-02
   1.9711000e-02
   2.7658710e-02
   2.6910180e-02
   2.1446240e-02
   2.3396560e-02
   2.3425200e-02
   1.4931680e-02
   2.3627760e-03
  -1.5427670e-02
  -2.7103350e-02
  -2.4320800e-02
  -2.3328720e-02
  -2.5185760e-02
  -2.2661520e-02
  -1.9828840e-02
  -1.5936520e-02
  -1.3096150e-02
  -5.3190060e-03
   5.7185870e-03
   6.2044370e-03
   9.2472170e-03
   1.6743820e-02
   1.9372390e-02
   2.7620590e-02
   3.5638120e-02
   3.3453220e-02
   1.9850220e-02
   3.0325130e-04
  -5.9671040e-03
  -6.9410160e-03
  -1.9964150e-02
  -3.0411860e-02
  -2.8288420e-02
  -1.4125780e-02
   2.6081170e-03
   4.3622240e-03
   1.2663950e-03
   1.1417670e-03
   5.2536600e-03
   1.4542810e-02
   7.2191930e-03
  -6.9619420e-03
  -1.0017230e-02
  -1.1685330e-02
  -5.0297770e-03
   5.7079760e-03
   4.5118840e-03
  -7.1056980e-03
  -2.2203910e-02
  -2.5831510e-02
  -2.1401510e-02
  -1.9676190e-02
  -1.5997900e-02
  -1.5834640e-02
  -8.0315710e-03
   1.1049760e-02
   1.9952460e-02
   2.5203190e-02
   2.9325510e-02
   2.4342630e-02
   2.3672990e-02
   2.7542220e-02
   2.2041570e-02
   1.3367600e-02
   3.0649500e-03
  -9.9778260e-03
  -1.2257470e-02
  -9.4600680e-03
  -4.0613020e-03
   3.2501970e-03
   4.7694930e-03
   1.0935280e-02
   1.8693790e-02
   2.6227480e-02
   3.7099300e-02
   4.0421890e-02
   3.4938710e-02
   2.0858490e-02
   4.8481910e-03
   1.0200960e-03
  -1.3040670e-03
  -1.5800680e-02
  -3.0957000e-02
  -3.7176560e-02
  -2.9817980e-02
  -1.2633020e-02
  -3.5311000e-03
  -1.2713040e-03
   4.8425900e-03
   2.5077340e-02
   4.9720210e-02
   5.1044910e-02
   4.0383680e-02
   3.2606090e-02
   2.7163930e-02
   2.2586230e-02
   1.0049190e-02
  -4.3574440e-03
  -1.4262920e-02
  -1.3633500e-02
  -6.6968200e-03
  -4.2022860e-03
  -1.1428890e-03
  -2.8538420e-03
  -2.0101820e-03
   8.5092270e-03
   1.2280880e-02
   3.8919780e-03
  -1.3555890e-02
  -2.2772350e-02
  -1.6962710e-02
  -1.5213140e-02
  -1.3423770e-02
  -3.7419710e-03
   4.6070220e-03
   1.2287680e-02
   1.7768770e-02
   1.7683320e-02
   1.6053290e-02
   1.7744030e-02
   2.6884730e-02
   3.6122400e-02
   3.6701140e-02
   3.0455040e-02
   2.2993370e-02
   1.7254250e-02
   1.8306870e-02
   2.4629710e-02
   2.3317090e-02
   1.8899950e-02
   1.4144000e-02
   7.5374350e-03
   6.4195840e-03
   8.7270710e-03
   1.2072370e-02
   5.5437270e-03
  -7.7549560e-03
  -1.1754040e-02
  -7.3147990e-03
  -2.3929910e-04
  -2.4528440e-04
  -4.8884950e-03
  -8.0093720e-03
   1.0982410e-03
   2.0916870e-02
   2.7956400e-02
   2.4994200e-02
   1.8171780e-02
   1.5227090e-02
   1.6537940e-02
   4.4192120e-03
  -1.3629640e-02
  -2.6022690e-02
  -2.6344900e-02
  -2.3243880e-02
  -3.3896040e-02
  -4.4237370e-02
  -4.5176450e-02
  -4.2048800e-02
  -3.5360120e-02
  -3.5062070e-02
  -3.9146700e-02
  -3.9262970e-02
  -4.3886760e-02
  -4.8710360e-02
  -4.5359000e-02
  -4.1377050e-02
  -4.1585810e-02
  -4.0393880e-02
  -3.7447340e-02
  -4.4241920e-02
  -5.4444530e-02
  -5.8315440e-02
  -5.8470280e-02
  -5.4115350e-02
  -5.2830670e-02
  -5.2503930e-02
  -5.2542180e-02
  -5.7209980e-02
  -5.4991670e-02
  -4.6979320e-02
  -3.7781620e-02
  -4.0051130e-02
  -4.6240010e-02
  -3.4047260e-02
  -2.9318890e-02
  -3.5911310e-02
  -4.2005020e-02
  -4.5954000e-02
  -3.5479430e-02
  -2.3949060e-02
  -1.7943070e-02
  -1.7777380e-02
  -1.5925490e-02
  -3.7791670e-03
   2.9872310e-03
   4.1009910e-03
   1.0411670e-03
   2.9685100e-03
   1.8805640e-02
   3.1919550e-02
   3.5606050e-02
   3.0822750e-02
   3.1236380e-02
   5.0513370e-02
   7.3717090e-02
   9.1801420e-02
   1.0052560e-01
   9.7946110e-02
   1.0015410e-01
   1.0704890e-01
   1.1423530e-01
   1.2337640e-01
   1.2498030e-01
   1.2254430e-01
   1.1834720e-01
   1.0827520e-01
   1.0197040e-01
   1.0053320e-01
   9.8545730e-02
   9.8026870e-02
   9.5249220e-02
   9.1860390e-02
   9.8256790e-02
   1.0932340e-01
   1.1407420e-01
   1.1283500e-01
   1.1009510e-01
   1.0874840e-01
   1.1022040e-01
   1.1295900e-01
   1.1304440e-01
   1.1027000e-01
   1.0685220e-01
   1.0392190e-01
   1.0509660e-01
   1.0976380e-01
   1.1121570e-01
   1.0944620e-01
   1.0601250e-01
   1.0323030e-01
   1.0101930e-01
   9.0870110e-02
   7.3302900e-02
   4.6764240e-02
   1.0834430e-02
  -2.0408230e-02
  -4.3027710e-02
  -5.9340890e-02
  -7.3430970e-02
  -9.2373950e-02
  -1.1315000e-01
  -1.3106900e-01
  -1.4857670e-01
  -1.6932640e-01
  -1.9037350e-01
  -2.0486370e-01
  -2.1061050e-01
  -2.1505210e-01
  -2.2116280e-01
  -2.2129250e-01
  -2.1532380e-01
  -2.0456050e-01
  -1.9439600e-01
  -1.9450170e-01
  -1.9817790e-01
  -1.9697660e-01
  -1.9246160e-01
  -1.8650030e-01
  -1.7698710e-01
  -1.6594190e-01
  -1.5532360e-01
  -1.3757750e-01
  -1.1651350e-01
  -1.0105220e-01
  -8.5300970e-02
  -6.1526640e-02
  -3.6343760e-02
  -1.8971150e-02
  -2.3933590e-03
   1.2902560e-02
   2.5467480e-02
   4.4711390e-02
   6.3399320e-02
   8.1262050e-02
   1.0257210e-01
   1.2043200e-01
   1.3914930e-01
   1.5492140e-01
   1.6363450e-01
   1.7225900e-01
   1.7687370e-01
   1.7467570e-01
   1.6258400e-01
   1.4108730e-01
   1.2172090e-01
   1.0720180e-01
   9.8718860e-02
   9.6562460e-02
   9.7679330e-02
   1.0173790e-01
   1.0158770e-01
   9.5444060e-02
   8.5996280e-02
   7.5142310e-02
   6.5702260e-02
   5.4543900e-02
   4.6201450e-02
   3.6624680e-02
   2.0899160e-02
   1.2996010e-02
   8.6425080e-03
  -1.8678330e-04
  -6.2126260e-03
  -1.2885720e-02
  -2.3956020e-02
  -3.1532200e-02
  -4.2803710e-02
  -6.3626560e-02
  -8.0991250e-02
  -1.0023690e-01
  -1.1858930e-01
  -1.2939800e-01
  -1.4058700e-01
  -1.3765750e-01
  -1.2339570e-01
  -1.0602190e-01
  -8.3577760e-02
  -7.3969760e-02
  -7.2172420e-02
  -7.1204120e-02
  -7.7247440e-02
  -8.3788080e-02
  -9.3025520e-02
  -9.7667400e-02
  -8.8940810e-02
  -8.0576110e-02
  -7.3605040e-02
  -5.8772610e-02
  -3.5686740e-02
  -7.6158540e-03
   1.6064850e-02
   3.2210270e-02
   4.4618610e-02
   5.0734770e-02
   5.1880840e-02
   5.2444070e-02
   5.0744560e-02
   4.5487420e-02
   3.7477570e-02
   2.4671650e-02
   8.3906040e-03
  -2.3614200e-03
  -4.6209450e-03
  -1.9950900e-03
   4.3106900e-03
   1.3656700e-02
   2.4952390e-02
   3.7200220e-02
   5.3542710e-02
   6.9825260e-02
   7.2615560e-02
   6.6419290e-02
   6.2121440e-02
   6.0459430e-02
   6.6977850e-02
   7.9776180e-02
   8.6113780e-02
   8.2572810e-02
   7.4388890e-02
   6.5952260e-02
   5.9847720e-02
   6.0930760e-02
   6.2051540e-02
   5.0063140e-02
   3.1545530e-02
   1.5040990e-02
   1.2046770e-03
  -8.4444720e-03
  -1.4343420e-02
  -1.7723070e-02
  -2.0786540e-02
  -2.1629480e-02
  -2.3127240e-02
  -3.0671540e-02
  -3.8120470e-02
  -5.0972200e-02
  -6.4185470e-02
  -6.3392750e-02
  -6.8916280e-02
  -8.0351840e-02
  -9.1203840e-02
  -1.1471770e-01
  -1.2990550e-01
  -1.3391670e-01
  -1.3828530e-01
  -1.3697350e-01
  -1.3909440e-01
  -1.4237740e-01
  -1.3882940e-01
  -1.2630570e-01
  -1.0484170e-01
  -8.0102940e-02
  -5.1716850e-02
  -2.6865240e-02
  -7.1376680e-03
   1.3973080e-02
   3.2642990e-02
   4.8984320e-02
   6.4812240e-02
   7.8054560e-02
   8.8109160e-02
   9.4105690e-02
   9.8596960e-02
   1.0173240e-01
   9.9521810e-02
   9.6475860e-02
   9.1866890e-02
   8.5338500e-02
   8.3353450e-02
   7.8653670e-02
   7.2710310e-02
   6.5696580e-02
   5.1124520e-02
   4.1885800e-02
   4.0371850e-02
   3.9953310e-02
   3.8626320e-02
   3.4244360e-02
   2.5648390e-02
   1.1680100e-02
   2.0729480e-03
  -2.2464230e-05
  -1.4658460e-03
   4.6084210e-04
   4.4430860e-03
  -1.4672750e-04
  -7.1628350e-03
  -7.9988920e-03
  -1.0931490e-02
  -1.1278530e-02
  -7.4879520e-03
  -1.1866270e-02
  -2.2555680e-02
  -3.3743620e-02
  -4.5760240e-02
  -5.0706930e-02
  -3.6367440e-02
  -1.1655480e-02
   9.7264110e-03
   2.6140720e-02
   3.3614860e-02
   2.8871460e-02
   1.8662370e-02
   1.5108830e-02
   1.5120620e-02
   1.4652010e-02
   1.3199200e-02
  -8.7594920e-04
  -1.8831070e-02
  -2.7937950e-02
  -3.3311630e-02
  -3.6334180e-02
  -4.1100640e-02
  -4.6012140e-02
  -4.8686410e-02
  -4.5385570e-02
  -1.8497310e-02
   2.1397950e-02
   5.2619630e-02
   7.5045070e-02
   8.5152150e-02
   8.6189090e-02
   8.5114710e-02
   7.7746180e-02
   6.5652090e-02
   5.3525110e-02
   4.0910580e-02
   2.5299780e-02
   5.5121770e-03
  -8.0967400e-03
  -1.5106620e-02
  -2.7113860e-02
  -3.4481680e-02
  -3.9995320e-02
  -4.9989870e-02
  -5.2037950e-02
  -5.3703760e-02
  -5.4128110e-02
  -4.9174220e-02
  -4.4037490e-02
  -3.7437130e-02
  -4.3559680e-02
  -5.5675220e-02
  -5.7774320e-02
  -5.6227320e-02
  -5.2953970e-02
  -5.5546470e-02
  -6.3736680e-02
  -6.5407050e-02
  -6.4478160e-02
  -6.6604410e-02
  -6.5684370e-02
  -6.5624840e-02
  -7.0958810e-02
  -7.2271560e-02
  -7.5213090e-02
  -6.4055010e-02
  -1.9535270e-02
   1.8699640e-02
   4.0612810e-02
   6.9370830e-02
   9.1527080e-02
   1.0613200e-01
   1.2372350e-01
   1.3475020e-01
   1.4399390e-01
   1.5991460e-01
   1.6780700e-01
   1.5938600e-01
   1.3776740e-01
   1.0627240e-01
   7.7447360e-02
   5.8948870e-02
   4.4930940e-02
   3.6314510e-02
   3.5125140e-02
   2.9087480e-02
   2.0233650e-02
   1.2382940e-02
  -9.4647240e-03
  -3.7700300e-02
  -6.2172670e-02
  -8.6468770e-02
  -1.0158760e-01
  -1.0989870e-01
  -1.1810650e-01
  -1.2444450e-01
  -1.3304190e-01
  -1.3871140e-01
  -1.3812810e-01
  -1.3901070e-01
  -1.4081810e-01
  -1.3971690e-01
  -1.3428260e-01
  -1.2826950e-01
  -1.2340280e-01
  -1.1678750e-01
  -1.1495480e-01
  -1.1498330e-01
  -1.0649480e-01
  -9.4991860e-02
  -8.6671300e-02
  -7.9896600e-02
  -7.4297210e-02
  -7.0554330e-02
  -6.2757740e-02
  -5.0282140e-02
  -3.8513430e-02
  -2.1069940e-02
  -3.7168420e-04
   1.7104610e-02
   3.8315460e-02
   5.9858620e-02
   7.8044710e-02
   9.8201030e-02
   1.1564210e-01
   1.2741900e-01
   1.3815310e-01
   1.4597760e-01
   1.4924480e-01
   1.5154870e-01
   1.5285350e-01
   1.5032070e-01
   1.3932950e-01
   1.1668560e-01
   8.9925070e-02
   6.7457030e-02
   4.8452710e-02
   3.5199500e-02
   3.1180720e-02
   3.3142560e-02
   3.9650010e-02
   4.6390130e-02
   4.9406990e-02
   5.1929770e-02
   5.3358170e-02
   5.2675020e-02
   5.1950520e-02
   5.2294600e-02
   5.4372840e-02
   5.9326780e-02
   6.5339700e-02
   7.0427450e-02
   7.6282660e-02
   7.9627840e-02
   8.0200810e-02
   7.9167610e-02
   7.4116660e-02
   6.8507100e-02
   6.1173820e-02
   5.1404070e-02
   4.4424810e-02
   4.0622020e-02
   3.9548310e-02
   3.9995790e-02
   3.8824170e-02
   3.1878230e-02
   1.6987500e-02
   1.7285270e-03
  -1.1460300e-02
  -2.7940870e-02
  -4.0542560e-02
  -4.6724300e-02
  -5.3198590e-02
  -5.2812800e-02
  -4.4498470e-02
  -4.3109420e-02
  -4.5162250e-02
  -4.1239020e-02
  -4.2243310e-02
  -4.5016500e-02
  -4.0722930e-02
  -3.5802760e-02
  -2.9562190e-02
  -2.9373680e-02
  -3.7613570e-02
  -4.3733890e-02
  -4.9538780e-02
  -5.1526190e-02
  -5.4175250e-02
  -6.4804100e-02
  -7.1432190e-02
  -7.3081250e-02
  -6.9866490e-02
  -5.9708140e-02
  -4.8977400e-02
  -3.4760820e-02
  -1.6281140e-02
   2.0393750e-03
   1.0547470e-02
   6.3252900e-03
   3.2337340e-03
  -3.8316900e-03
  -1.4993500e-02
  -1.8138820e-02
  -2.4332580e-02
  -3.1609130e-02
  -3.6650630e-02
  -4.8626410e-02
  -5.8767480e-02
  -6.7045960e-02
  -7.6383030e-02
  -8.2312960e-02
  -8.6923940e-02
  -8.8400640e-02
  -8.6915580e-02
  -8.3186010e-02
  -7.5847000e-02
  -6.2639090e-02
  -4.7552410e-02
  -3.8349140e-02
  -3.3088690e-02
  -3.4929110e-02
  -3.8368780e-02
  -3.5092480e-02
  -2.7492380e-02
  -1.4286060e-02
  -8.1100220e-03
  -7.0622330e-03
   4.1933300e-03
   1.7313280e-02
   2.9914580e-02
   4.2531490e-02
   5.3202970e-02
   6.4357120e-02
   6.9401430e-02
   6.9063060e-02
   6.9513380e-02
   7.0008500e-02
   7.3701320e-02
   8.2990530e-02
   9.1406650e-02
   9.8844860e-02
   1.1178010e-01
   1.2499090e-01
   1.3053500e-01
   1.2904720e-01
   1.2516180e-01
   1.1595570e-01
   9.3727480e-02
   6.7915280e-02
   4.5977210e-02
   2.1959700e-02
   5.3660930e-03
   2.0207590e-03
   2.7101210e-03
   1.2721630e-02
   2.7773170e-02
   3.1670340e-02
   3.4570180e-02
   3.8990190e-02
   3.6658840e-02
   3.7349820e-02
   3.5072320e-02
   2.4940330e-02
   1.8648990e-02
   1.3183480e-02
   5.6355380e-03
  -4.3833070e-03
  -1.6765820e-02
  -2.5587730e-02
  -2.7966700e-02
  -2.6074720e-02
  -3.1094390e-02
  -4.0989220e-02
  -4.4134150e-02
  -3.7502730e-02
  -2.3457180e-02
  -1.7304980e-02
  -1.9219620e-02
  -1.9484140e-02
  -2.4126580e-02
  -3.1495520e-02
  -3.4792130e-02
  -3.3581810e-02
  -3.0728440e-02
  -2.8810650e-02
  -2.9817510e-02
  -2.8828650e-02
  -1.5896490e-02
   3.7198760e-03
   2.5601480e-02
   4.7606590e-02
   6.1849600e-02
   6.8576430e-02
   6.1484100e-02
   4.4729880e-02
   3.2087870e-02
   1.8737990e-02
   1.4351460e-02
   2.1759780e-02
   2.3669020e-02
   3.0662900e-02
   4.2247350e-02
   4.2574930e-02
   3.5204310e-02
   1.6488040e-02
  -4.4819750e-03
  -1.0520080e-02
  -1.4936940e-02
  -2.6861010e-02
  -3.5021340e-02
  -3.6868910e-02
  -3.8332170e-02
  -3.5815580e-02
  -2.4678300e-02
  -7.3765520e-03
   1.1239720e-02
   2.2524040e-02
   2.7993980e-02
   3.6396670e-02
   4.5839550e-02
   5.3588160e-02
   6.1085280e-02
   6.3267790e-02
   5.2260610e-02
   3.1049790e-02
   7.7650680e-03
  -1.2883150e-02
  -3.1258520e-02
  -4.9342350e-02
  -6.3104380e-02
  -6.9942460e-02
  -6.7466350e-02
  -5.9195890e-02
  -5.3661020e-02
  -4.8492630e-02
  -4.4480250e-02
  -3.8946240e-02
  -2.5403210e-02
  -1.0816710e-02
   2.7195630e-03
   2.0315450e-02
   3.7336980e-02
   4.3137600e-02
   4.0442130e-02
   3.3317180e-02
   2.3270320e-02
   1.6993350e-02
   6.0617870e-03
  -3.0142880e-03
  -3.5312370e-03
  -7.5566960e-03
  -4.9485400e-03
  -1.6292880e-03
  -4.0422200e-03
   1.3341330e-03
   1.0451500e-02
   2.3547070e-02
   3.4562670e-02
   3.6918140e-02
   3.9206700e-02
   4.4285270e-02
   4.9539330e-02
   4.5984010e-02
   3.1084280e-02
   5.3350400e-03
  -2.2490710e-02
  -4.0110300e-02
  -5.5871860e-02
  -6.6770060e-02
  -6.9895220e-02
  -7.6331440e-02
  -8.1594070e-02
  -7.9946790e-02
  -7.8840780e-02
  -8.4001760e-02
  -8.4777760e-02
  -7.9144770e-02
  -7.0390940e-02
  -5.1990990e-02
  -3.8123640e-02
  -3.7639410e-02
  -4.5503260e-02
  -6.4348180e-02
  -8.6151160e-02
  -1.0002100e-01
  -1.1039160e-01
  -1.2198720e-01
  -1.2896550e-01
  -1.3953750e-01
  -1.5384630e-01
  -1.6669360e-01
  -1.7510480e-01
  -1.4177650e-01
  -8.0102670e-02
  -3.4290630e-02
   2.7480490e-03
   3.6016020e-02
   6.9509300e-02
   9.6867880e-02
   1.0951060e-01
   1.2132120e-01
   1.3350320e-01
   1.4341170e-01
   1.4970020e-01
   1.5131550e-01
   1.4908110e-01
   1.3998950e-01
   1.2305060e-01
   1.0000100e-01
   7.2206590e-02
   3.6659280e-02
   3.2423150e-03
  -1.9568080e-02
  -3.6491050e-02
  -4.0577820e-02
  -3.2819570e-02
  -1.9721100e-02
  -3.6982900e-04
   1.8516830e-02
   3.7599400e-02
   5.6619280e-02
   6.3308520e-02
   5.9199310e-02
   5.4179210e-02
   4.5263130e-02
   3.3751890e-02
   2.5582210e-02
   1.5127180e-02
   9.0248300e-03
   1.3670220e-02
   1.8686780e-02
   2.5939710e-02
   3.6493820e-02
   3.5353360e-02
   1.6858430e-02
  -7.1797140e-03
  -2.9525410e-02
  -4.9388820e-02
  -6.7147740e-02
  -8.6715300e-02
  -1.0473030e-01
  -1.2021710e-01
  -1.3374450e-01
  -1.4506100e-01
  -1.5668000e-01
  -1.6366270e-01
  -1.6405950e-01
  -1.5601120e-01
  -1.4305790e-01
  -1.2958510e-01
  -1.1451830e-01
  -1.0604760e-01
  -9.3909300e-02
  -6.9838810e-02
  -4.4962220e-02
  -2.3421700e-02
  -9.2354440e-03
   7.1744490e-03
   2.9031410e-02
   4.3701170e-02
   5.2786690e-02
   5.9016990e-02
   6.6277980e-02
   7.7173820e-02
   8.5333840e-02
   8.6456860e-02
   7.9682180e-02
   6.8882640e-02
   5.6793600e-02
   4.3187340e-02
   2.8253840e-02
   1.8107610e-02
   2.1599810e-02
   3.5277950e-02
   5.3714690e-02
   6.7371680e-02
   6.7063600e-02
   6.3705040e-02
   6.2495990e-02
   6.0306850e-02
   6.0020260e-02
   6.3090270e-02
   6.6850020e-02
   5.6862490e-02
   3.1493790e-02
   7.5037580e-03
  -1.4400000e-02
  -3.3557190e-02
  -3.9857790e-02
  -4.0291450e-02
  -4.7260140e-02
  -5.8873710e-02
  -6.9786080e-02
  -7.4155930e-02
  -6.7437920e-02
  -5.9854270e-02
  -5.9018930e-02
  -5.8528240e-02
  -5.8534160e-02
  -5.6183740e-02
  -4.5205870e-02
  -2.7630670e-02
  -2.2918400e-03
   2.3461820e-02
   3.9948800e-02
   5.0667340e-02
   5.8047710e-02
   6.0144750e-02
   5.5561430e-02
   4.9216410e-02
   4.4605740e-02
   4.0903600e-02
   4.0878490e-02
   4.0835570e-02
   3.8124400e-02
   3.4661680e-02
   2.7669550e-02
   2.3811750e-02
   2.4431320e-02
   1.8553060e-02
   9.1994030e-03
   2.6735540e-03
   1.9787110e-03
   6.6370160e-03
   1.3613770e-02
   2.3621290e-02
   2.7210820e-02
   2.0303250e-02
   8.4429870e-03
  -3.2974870e-03
  -1.0729080e-02
  -2.1971660e-02
  -3.7004910e-02
  -4.8467230e-02
  -5.6520930e-02
  -5.6680850e-02
  -4.9030720e-02
  -4.2363860e-02
  -4.1121210e-02
  -4.2891700e-02
  -5.0481800e-02
  -6.5138340e-02
  -7.5415880e-02
  -8.2467090e-02
  -8.9033940e-02
  -8.1723750e-02
  -6.4277710e-02
  -4.9420700e-02
  -3.9012120e-02
  -3.3759210e-02
  -2.7637970e-02
  -1.8272810e-02
  -8.9790910e-03
   6.3239340e-03
   2.5638750e-02
   3.7331210e-02
   4.3034040e-02
   4.6853820e-02
   4.6359920e-02
   4.8983930e-02
   5.6420400e-02
   5.5474800e-02
   4.9082390e-02
   4.3218370e-02
   3.1763310e-02
   2.5148810e-02
   2.6899920e-02
   2.3719150e-02
   2.5308940e-02
   3.1396320e-02
   2.4365130e-02
   1.3800470e-02
   6.7218640e-03
   3.8352590e-03
   1.0135900e-02
   1.5199970e-02
   2.3965970e-02
   4.1103560e-02
   5.2259960e-02
   5.5827310e-02
   5.3037630e-02
   4.9297320e-02
   4.7336560e-02
   3.9491670e-02
   2.8510990e-02
   1.6708470e-02
   3.9495090e-04
  -1.9380530e-02
  -3.7008500e-02
  -5.0850120e-02
  -6.0154120e-02
  -6.4613790e-02
  -6.5886970e-02
  -6.0497830e-02
  -5.2144810e-02
  -4.4792090e-02
  -4.0963240e-02
  -4.2101600e-02
  -4.0675400e-02
  -4.0114360e-02
  -4.0526370e-02
  -3.7016550e-02
  -3.5803990e-02
  -3.8229600e-02
  -4.0287300e-02
  -3.9013710e-02
  -3.4567000e-02
  -2.9025350e-02
  -2.4218850e-02
  -1.6795440e-02
  -7.7807620e-03
  -3.2454270e-03
   2.1161670e-03
   4.2194350e-03
   2.3568110e-03
   6.3020030e-03
   8.2988670e-03
   8.9472300e-03
   1.2476010e-02
   1.1655270e-02
   1.0336950e-02
   1.1191330e-02
   1.4126160e-02
   2.2502270e-02
   3.2861840e-02
   4.3468710e-02
   4.9204870e-02
   4.6785180e-02
   4.5243910e-02
   4.7921110e-02
   5.8054100e-02
   7.8314110e-02
   9.8984460e-02
   1.0953180e-01
   1.0683480e-01
   9.3049650e-02
   7.3921850e-02
   5.9855480e-02
   5.3137020e-02
   5.0537100e-02
   4.6269080e-02
   2.9309370e-02
   9.1235150e-03
  -5.9146290e-03
  -2.1748300e-02
  -3.2296630e-02
  -3.8035480e-02
  -4.1337870e-02
  -3.8660160e-02
  -3.5160430e-02
  -2.7315070e-02
  -1.2725230e-02
  -3.8904380e-03
  -5.4557810e-03
  -1.1837170e-02
  -1.5818230e-02
  -1.4416510e-02
  -1.0841320e-02
  -4.5148420e-03
   2.7061940e-03
   5.8383600e-03
   7.0402070e-03
   8.7508270e-03
   1.2026900e-02
   1.9134290e-02
   2.7244550e-02
   2.7744940e-02
   2.3592310e-02
   2.6017120e-02
   3.1355440e-02
   3.3892330e-02
   3.1667860e-02
   2.1889440e-02
   1.0579600e-02
   2.6321810e-03
  -5.9476190e-03
  -1.7349300e-02
  -2.6577870e-02
  -3.6523310e-02
  -4.5486640e-02
  -4.0218580e-02
  -2.6173000e-02
  -7.3613950e-03
   1.3264690e-02
   2.2652790e-02
   2.7116700e-02
   3.3957220e-02
   3.9691690e-02
   4.4316190e-02
   4.9858550e-02
   5.3080920e-02
   5.1951920e-02
   4.7342520e-02
   3.0652690e-02
   7.3044470e-03
  -1.2047120e-02
  -2.6489270e-02
  -2.8273340e-02
  -1.7639010e-02
   1.4777600e-03
   2.2800350e-02
   3.5217420e-02
   3.3831350e-02
   2.1070420e-02
   1.3958780e-02
   2.1034500e-02
   3.5177720e-02
   5.1708840e-02
   6.3199620e-02
   6.9542020e-02
   7.2704440e-02
   6.3240310e-02
   4.2686740e-02
   2.2071030e-02
   6.3853130e-03
   1.7340430e-03
   7.9194880e-03
   1.6689760e-02
   2.3905590e-02
   2.9386170e-02
   3.1400610e-02
   2.7833870e-02
   2.5536140e-02
   2.3203010e-02
   1.4860380e-02
   8.8266760e-03
   2.0651810e-03
  -7.7500010e-03
  -1.2929650e-02
  -1.7264450e-02
  -2.2014790e-02
  -2.5023660e-02
  -3.0396670e-02
  -3.7585500e-02
  -3.9572030e-02
  -4.2084230e-02
  -4.7176900e-02
  -4.7234020e-02
  -4.5490300e-02
  -3.5210770e-02
  -2.0171390e-02
  -1.2567890e-02
  -9.6517270e-03
  -1.7190450e-02
  -2.8127220e-02
  -3.2876440e-02
  -2.9794590e-02
  -1.2358310e-02
   6.6744270e-03
   1.6071800e-02
   1.5610440e-02
   7.5253410e-03
   2.9431120e-04
  -5.4061900e-03
  -1.0454620e-02
  -1.6913500e-02
  -2.2125860e-02
  -1.8663980e-02
  -1.4524210e-02
  -1.2358110e-02
  -1.0651410e-02
  -1.4667920e-02
  -1.6143300e-02
  -8.8921950e-03
   3.7282880e-03
   1.8253550e-02
   2.5429980e-02
   2.4684410e-02
   2.4348950e-02
   2.2398880e-02
   1.9528440e-02
   2.2267030e-02
   2.3777320e-02
   1.8230110e-02
   8.0585680e-03
  -5.4499470e-03
  -1.5460140e-02
  -1.8512270e-02
  -1.8490090e-02
  -1.3868460e-02
  -2.6821850e-03
   9.9075940e-03
   1.9589610e-02
   2.6054520e-02
   3.1860970e-02
   3.9998440e-02
   4.7283930e-02
   5.0859380e-02
   4.5392160e-02
   3.0673310e-02
   1.8507990e-02
   8.9807540e-03
   8.6186710e-04
  -5.3768280e-03
  -1.1216450e-02
  -9.8908210e-03
  -5.9882170e-03
  -5.2290360e-03
  -7.6408090e-03
  -1.4441900e-02
  -2.1342570e-02
  -2.9358470e-02
  -3.8882660e-02
  -4.7595390e-02
  -5.0843390e-02
  -4.7172100e-02
  -4.7300900e-02
  -5.1762480e-02
  -5.8629080e-02
  -6.9081790e-02
  -7.6409370e-02
  -8.2945360e-02
  -9.0764360e-02
  -9.4420830e-02
  -9.6828140e-02
  -9.6791290e-02
  -8.9385420e-02
  -8.2246250e-02
  -7.6370790e-02
  -6.7963040e-02
  -6.2822350e-02
  -5.9269420e-02
  -5.4921090e-02
  -4.9168760e-02
  -3.6835220e-02
  -2.2156070e-02
  -8.1078760e-03
   9.5418510e-03
   2.8049530e-02
   4.1729630e-02
   4.7338250e-02
   4.3957260e-02
   3.6453490e-02
   3.0163200e-02
   2.6540780e-02
   2.5848840e-02
   2.8642010e-02
   3.4357190e-02
   4.0862750e-02
   4.8727310e-02
   5.4088800e-02
   5.4194210e-02
   5.1706270e-02
   4.1954000e-02
   3.0593110e-02
   2.5303720e-02
   1.9164450e-02
   1.3805000e-02
   1.3286510e-02
   1.5244060e-02
   1.8745100e-02
   2.2480890e-02
   2.6460850e-02
   3.4687010e-02
   4.6431090e-02
   5.4406490e-02
   6.0403620e-02
   6.5419230e-02
   6.5223390e-02
   5.9777550e-02
   4.8028540e-02
   3.8364540e-02
   3.5058570e-02
   3.2279100e-02
   3.1796220e-02
   2.7899340e-02
   1.8609110e-02
   1.1487180e-02
   4.0556670e-03
  -1.6049070e-03
  -1.1432640e-03
   4.2668310e-03
   1.4923510e-02
   2.2612940e-02
   2.0694700e-02
   1.6030240e-02
   1.1319660e-02
   3.2217060e-03
  -6.4920840e-03
  -1.7769080e-02
  -3.1602960e-02
  -4.3714820e-02
  -5.5042900e-02
  -6.4505900e-02
  -6.4854700e-02
  -6.0131260e-02
  -5.4121550e-02
  -4.7073800e-02
  -4.6484280e-02
  -5.3182400e-02
  -6.0686500e-02
  -6.3194970e-02
  -6.1045130e-02
  -5.9274680e-02
  -5.7608600e-02
  -5.8262020e-02
  -6.3979340e-02
  -7.0182350e-02
  -7.2992080e-02
  -7.3439730e-02
  -7.4855980e-02
  -7.8364030e-02
  -8.2778100e-02
  -8.5980430e-02
  -8.5917070e-02
  -7.7342140e-02
  -5.6830520e-02
  -3.5013860e-02
  -2.1728720e-02
  -1.5126880e-02
  -1.3181440e-02
  -1.2441240e-02
  -8.3817370e-03
  -5.9409370e-03
  -8.8934260e-03
  -1.2673580e-02
  -1.8404700e-02
  -2.5493440e-02
  -2.8466610e-02
  -2.8109380e-02
  -2.2421810e-02
  -1.3009420e-02
  -6.6263200e-03
   1.2465860e-03
   1.0847300e-02
   1.9010160e-02
   2.8907130e-02
   3.2087750e-02
   2.5071430e-02
   1.9269920e-02
   1.9738990e-02
   2.4954380e-02
   2.6273810e-02
   1.6444770e-02
   2.2695280e-03
  -7.9869990e-03
  -1.0955800e-02
  -3.9865930e-03
   1.0438250e-02
   2.5575800e-02
   3.9211530e-02
   4.9675760e-02
   5.4778250e-02
   5.8329270e-02
   6.3106520e-02
   6.8432640e-02
   7.4397460e-02
   7.9869540e-02
   8.2522890e-02
   8.1389920e-02
   7.5937590e-02
   6.3795510e-02
   4.8075680e-02
   3.7570190e-02
   2.9793180e-02
   1.8753510e-02
   8.4766560e-03
  -2.3753730e-03
  -1.5370940e-02
  -2.7008990e-02
  -3.8437520e-02
  -4.4430370e-02
  -4.3836570e-02
  -4.2456230e-02
  -3.7661550e-02
  -3.0545170e-02
  -2.2860420e-02
  -1.5922710e-02
  -1.4108530e-02
  -1.4017200e-02
  -1.4470260e-02
  -1.5887070e-02
  -1.7398770e-02
  -2.2275480e-02
  -2.6660030e-02
  -2.8534740e-02
  -3.1623110e-02
  -3.2964490e-02
  -3.2645450e-02
  -3.1172430e-02
  -2.7099790e-02
  -2.4785250e-02
  -2.0332920e-02
  -1.0004780e-02
  -2.1375130e-03
   2.7294070e-03
   7.6091140e-03
   1.1846620e-02
   2.0460210e-02
   3.2313920e-02
   4.1196520e-02
   4.6140870e-02
   4.1931560e-02
   2.5302570e-02
   1.6868990e-03
  -1.8978090e-02
  -2.5000540e-02
  -1.9676020e-02
  -1.5596950e-02
  -1.4201750e-02
  -1.1681570e-02
  -6.5577940e-03
  -1.1171820e-03
   1.4322680e-03
   2.6197390e-03
   7.4384330e-03
   1.4571870e-02
   1.8038230e-02
   2.0607160e-02
   2.2866250e-02
   2.3092380e-02
   2.4465150e-02
   2.2502700e-02
   1.7715160e-02
   1.5619150e-02
   1.2623920e-02
   1.0763080e-02
   1.4029610e-02
   1.8368290e-02
   2.3090650e-02
   3.1367040e-02
   4.2123790e-02
   4.9077970e-02
   5.1469050e-02
   5.3272670e-02
   5.3147890e-02
   5.4535010e-02
   5.1730280e-02
   3.4474540e-02
   1.7168720e-02
   6.1887070e-03
  -5.8791590e-03
  -1.4848650e-02
  -1.5331670e-02
  -9.7121630e-03
  -4.5784630e-03
   1.1410940e-03
   6.0103160e-03
   5.1373470e-03
   1.9987510e-03
  -5.0041960e-03
  -1.2291300e-02
  -9.0370750e-03
   3.1601650e-05
   9.1786950e-03
   1.7267300e-02
   1.5250030e-02
   8.0742440e-03
   7.9791500e-03
   1.2871070e-02
   1.9514110e-02
   2.1790530e-02
   1.4456790e-02
   2.4951420e-04
  -1.6104100e-02
  -2.9775470e-02
  -3.8405850e-02
  -3.7021370e-02
  -2.8273540e-02
  -2.0886540e-02
  -1.2688410e-02
  -4.2002370e-03
   1.7902430e-03
   7.8577990e-03
   9.9364530e-03
   4.7915560e-03
  -6.8700010e-04
  -3.8277570e-03
  -5.4939210e-03
  -3.6616240e-04
   8.4116940e-03
   1.5012240e-02
   2.1488360e-02
   2.4310000e-02
   2.5551270e-02
   3.1412180e-02
   3.7307400e-02
   3.8564450e-02
   3.3666750e-02
   2.2337760e-02
   7.4403090e-03
  -2.8414780e-03
  -5.9989160e-03
  -8.3323630e-03
  -5.8777780e-03
   2.5219140e-03
   8.4872480e-03
   1.3709670e-02
   2.0063410e-02
   2.5138150e-02
   2.6271640e-02
   1.6728250e-02
   2.7723810e-03
  -4.6977980e-03
  -8.7573290e-03
  -7.7918380e-03
  -2.3875240e-03
  -1.4033770e-03
  -1.9530540e-03
  -8.7043950e-04
  -2.6715390e-06
   4.7825100e-04
   1.9427530e-04
   1.4742040e-03
   2.6999380e-03
   4.3095070e-03
   9.7646320e-03
   1.4140620e-02
   1.3073290e-02
   6.1449730e-03
  -4.8562040e-03
  -1.5698900e-02
  -2.1188450e-02
  -2.0377660e-02
  -1.5722160e-02
  -8.4492910e-03
  -5.6092870e-03
  -7.9628690e-03
  -1.3994370e-02
  -2.5930910e-02
  -3.5065520e-02
  -3.9121430e-02
  -3.6837950e-02
  -2.5759670e-02
  -1.6874180e-02
  -1.2366330e-02
  -9.7088820e-03
  -1.0039740e-02
  -1.1062700e-02
  -1.4133970e-02
  -1.8931170e-02
  -2.3710280e-02
  -2.8907640e-02
  -3.3091250e-02
  -3.4135900e-02
  -2.7666740e-02
  -1.5798240e-02
  -7.7353940e-03
  -4.9270310e-03
  -8.9204830e-03
  -2.0409140e-02
  -2.9643530e-02
  -3.1092160e-02
  -2.2661030e-02
  -4.2130210e-03
   1.2784690e-02
   2.3609040e-02
   3.3462720e-02
   3.8746340e-02
   3.7497670e-02
   3.4180510e-02
   2.9081230e-02
   2.2315620e-02
   1.5755900e-02
   1.2468910e-02
   1.2352130e-02
   1.3586380e-02
   2.1032380e-02
   3.1726640e-02
   3.6511190e-02
   3.7275790e-02
   3.5343600e-02
   3.1416750e-02
   3.1744860e-02
   3.3240490e-02
   2.9211610e-02
   1.9571310e-02
   4.6751060e-03
  -1.2430850e-02
  -2.6667960e-02
  -3.4529760e-02
  -3.7181680e-02
  -3.7761580e-02
  -3.6003900e-02
  -3.4296500e-02
  -3.2098620e-02
  -2.9612630e-02
  -2.9459480e-02
  -2.4943920e-02
  -1.7442150e-02
  -1.2769400e-02
  -9.8631250e-03
  -1.3027980e-02
  -2.1038370e-02
  -2.5586650e-02
  -2.4285840e-02
  -1.9629930e-02
  -1.2809490e-02
  -2.9695890e-03
   8.2053700e-03
   1.9579670e-02
   2.8985510e-02
   3.4182170e-02
   3.4835020e-02
   2.9863780e-02
   2.4942050e-02
   2.2919340e-02
   1.9712030e-02
   1.5429250e-02
   8.5780990e-03
  -6.5857640e-04
  -8.2737050e-03
  -1.3184110e-02
  -1.5643250e-02
  -1.5649010e-02
  -1.1980710e-02
  -5.8297430e-03
   9.3282710e-04
   6.7144110e-03
   9.6647410e-03
   1.2503290e-02
   1.3188790e-02
   8.5009820e-03
   3.4282670e-03
   1.1273200e-04
  -1.6792010e-03
  -2.1152960e-03
  -3.3267530e-03
  -3.9962480e-03
  -1.7356000e-03
   3.8190320e-03
   1.2851750e-02
   2.5091310e-02
   3.8045430e-02
   4.8348620e-02
   5.5561590e-02
   5.8229890e-02
   5.5964530e-02
   5.3701060e-02
   5.1009530e-02
   4.6449340e-02
   4.2960760e-02
   3.8913980e-02
   3.5248830e-02
   3.3024870e-02
   2.9967830e-02
   3.2387060e-02
   4.2213880e-02
   5.0874420e-02
   5.4481410e-02
   5.1798590e-02
   4.3781520e-02
   3.5230000e-02
   2.7477270e-02
   2.0577260e-02
   1.3601140e-02
   4.3721750e-03
  -6.7576950e-03
  -1.8950750e-02
  -2.9179730e-02
  -3.4737420e-02
  -3.7633850e-02
  -3.7826430e-02
  -2.9388770e-02
  -1.1057950e-02
   9.8467910e-03
   2.6352990e-02
   3.1665110e-02
   2.5888880e-02
   1.6400030e-02
   5.1147530e-03
  -5.8426610e-03
  -1.4435490e-02
  -2.2187510e-02
  -2.9277760e-02
  -3.6037910e-02
  -4.1712510e-02
  -4.4432270e-02
  -4.5440470e-02
  -4.7200870e-02
  -4.8026340e-02
  -4.6444990e-02
  -4.4773950e-02
  -4.3861730e-02
  -4.2248280e-02
  -3.8532060e-02
  -3.3866650e-02
  -2.9783280e-02
  -2.7543830e-02
  -3.0270020e-02
  -3.8094360e-02
  -4.7355810e-02
  -5.2895420e-02
  -5.1945230e-02
  -4.7773580e-02
  -4.4091520e-02
  -3.9313600e-02
  -3.0569520e-02
  -2.1258160e-02
  -1.4348710e-02
  -9.0658170e-03
  -6.9595050e-03
  -5.8423510e-03
  -2.9922500e-03
  -4.9660390e-04
   2.1715450e-03
   7.0829530e-03
   1.2295480e-02
   1.3397270e-02
   9.9810660e-03
   4.0662970e-03
  -2.4777590e-03
  -6.6045520e-03
  -9.6037420e-03
  -1.1603160e-02
  -9.2593090e-03
  -5.3322810e-03
  -2.8961980e-03
  -1.6238050e-03
  -1.9369810e-03
  -3.4079580e-03
  -3.8691500e-03
  -3.1459810e-03
  -3.2095650e-03
  -2.3666730e-03
  -7.0839780e-04
  -1.8573040e-03
  -5.1686740e-03
  -9.0590550e-03
  -1.4549600e-02
  -2.2548610e-02
  -3.0032900e-02
  -3.2761530e-02
  -3.0504450e-02
  -2.5829570e-02
  -2.3314210e-02
  -2.5254810e-02
  -2.7158460e-02
  -2.6478830e-02
  -2.6525070e-02
  -2.6364400e-02
  -2.4629860e-02
  -2.3716570e-02
  -2.2993510e-02
  -2.2131960e-02
  -2.2797070e-02
  -2.7003390e-02
  -3.3382180e-02
  -3.7257540e-02
  -3.9319780e-02
  -4.1079670e-02
  -4.1104480e-02
  -3.8830690e-02
  -3.4481990e-02
  -3.0368290e-02
  -2.7316340e-02
  -2.3628670e-02
  -1.9886600e-02
  -1.6869360e-02
  -1.3816990e-02
  -1.2077860e-02
  -1.3264800e-02
  -1.3593320e-02
  -9.7850840e-03
  -3.9223580e-03
   3.5056020e-03
   1.1976130e-02
   1.7983930e-02
   2.0499800e-02
   1.9983550e-02
   1.5153840e-02
   5.5165120e-03
  -5.3435380e-03
  -1.2549220e-02
  -1.5929020e-02
  -1.8613860e-02
  -2.2667240e-02
  -2.7322290e-02
  -3.0552510e-02
  -3.2464280e-02
  -3.3132730e-02
  -3.2382270e-02
  -2.8151950e-02
  -1.6814730e-02
  -3.5161170e-03
   4.9046490e-03
   9.0631690e-03
   9.4527650e-03
   5.2994360e-03
  -1.4411500e-03
  -3.7392620e-03
   1.6452710e-03
   8.3785170e-03
   1.3158360e-02
   1.7902750e-02
   2.3079800e-02
   2.8287480e-02
   3.3392040e-02
   3.7674670e-02
   4.1391050e-02
   4.6123070e-02
   5.0938230e-02
   5.5288630e-02
   5.9320030e-02
   6.0203920e-02
   5.4956060e-02
   4.2560080e-02
   2.7572210e-02
   1.7103630e-02
   1.3662990e-02
   1.5246000e-02
   1.8648490e-02
   2.3364300e-02
   2.5715370e-02
   2.3704120e-02
   2.3831290e-02
   2.6476510e-02
   2.9377660e-02
   3.0596830e-02
   2.5305020e-02
   1.8171850e-02
   1.4200280e-02
   1.5038590e-02
   2.2074840e-02
   2.8219830e-02
   3.1550310e-02
   3.4050620e-02
   3.3353560e-02
   3.2081150e-02
   3.1904640e-02
   3.2042590e-02
   3.2238180e-02
   3.1084170e-02
   2.8174420e-02
   2.1385660e-02
   1.0247340e-02
   6.8651060e-05
  -3.2607400e-03
   3.2395670e-04
   7.4993080e-03
   1.5491090e-02
   1.8955820e-02
   1.7521590e-02
   1.4977840e-02
   1.0379940e-02
   5.4802770e-03
   5.6331190e-04
  -6.3553680e-03
  -1.1836520e-02
  -1.7415820e-02
  -2.3758250e-02
  -2.6425960e-02
  -2.6113140e-02
  -2.1414920e-02
  -1.4065110e-02
  -9.4725170e-03
  -6.8430350e-03
  -6.5794500e-03
  -6.6764010e-03
  -5.1497900e-03
  -4.0482850e-03
  -3.0953030e-03
  -4.1702390e-03
  -7.7372610e-03
  -1.2112450e-02
  -1.4889450e-02
  -1.4005370e-02
  -1.1378200e-02
  -5.2801870e-03
   3.7329300e-03
   1.2679780e-02
   2.1105230e-02
   2.6069590e-02
   2.7833130e-02
   2.5707620e-02
   2.0009210e-02
   1.4311270e-02
   7.1743260e-03
   1.6653360e-04
  -3.7850880e-03
  -4.1293560e-03
  -7.8914430e-05
   5.6813690e-03
   1.0694500e-02
   1.4069260e-02
   1.5341230e-02
   1.4679420e-02
   1.2443920e-02
   1.0420110e-02
   9.3210340e-03
   1.0321660e-02
   1.4624350e-02
   1.9111890e-02
   2.2962480e-02
   2.6858570e-02
   2.6215040e-02
   2.1011460e-02
   1.7937400e-02
   1.9894860e-02
   2.4723660e-02
   2.8006750e-02
   2.8826090e-02
   2.8714650e-02
   2.6531790e-02
   2.3928340e-02
   2.1963490e-02
   1.8882970e-02
   1.4886370e-02
   7.9115310e-03
  -1.2491870e-03
  -7.3866930e-03
  -9.0248590e-03
  -7.1667670e-03
  -5.2253530e-03
  -5.0746180e-03
  -5.3048670e-03
  -4.6764140e-03
   8.4913640e-04
   1.0032540e-02
   1.6547180e-02
   2.1011760e-02
   2.3169040e-02
   2.1250640e-02
   1.8452590e-02
   1.4456670e-02
   9.5874260e-03
   6.6607100e-03
   2.9541590e-03
   8.7477290e-05
   1.3045500e-03
   2.4823490e-03
   1.6107890e-03
  -7.7535490e-04
  -3.6039080e-03
  -4.2781940e-03
  -3.4180590e-03
  -3.4838000e-03
  -2.8105020e-03
  -1.0371590e-03
  -3.5506940e-03
  -8.7292620e-03
  -1.2068370e-02
  -1.4920580e-02
  -1.6087240e-02
  -1.5052320e-02
  -9.6650220e-03
   1.9328770e-03
   1.2983020e-02
   2.0295220e-02
   2.3425970e-02
   2.1041540e-02
   1.5490660e-02
   8.1729400e-03
   2.1181670e-03
   5.2517100e-04
   9.7357350e-04
   7.4752850e-04
  -7.1444850e-05
  -1.8153930e-03
  -3.7709010e-03
  -3.4327670e-03
  -1.5200200e-03
   1.4559500e-03
   6.7898210e-03
   1.2230830e-02
   1.5422260e-02
   1.5430220e-02
   1.3346290e-02
   1.4235910e-02
   1.8318220e-02
   2.0618830e-02
   1.9043780e-02
   1.3308520e-02
   5.2656310e-03
  -1.3718500e-03
  -4.1921210e-03
  -3.1353090e-03
  -7.1056530e-04
  -2.6049010e-04
  -2.7268830e-03
  -6.1214230e-03
  -9.7942780e-03
  -1.2967880e-02
  -1.5333180e-02
  -1.6974120e-02
  -1.4726690e-02
  -1.1387090e-02
  -1.0153240e-02
  -9.0437550e-03
  -1.0087740e-02
  -1.1860570e-02
  -1.2717430e-02
  -1.5071640e-02
  -1.7454830e-02
  -1.9774430e-02
  -2.2194500e-02
  -2.3860480e-02
  -2.5901560e-02
  -2.6675700e-02
  -2.3664890e-02
  -1.8925240e-02
  -1.6691610e-02
  -1.6900330e-02
  -1.8371640e-02
  -2.0663990e-02
  -2.1409880e-02
  -2.2211530e-02
  -2.4443580e-02
  -2.6221070e-02
  -2.7060360e-02
  -2.4214660e-02
  -1.8042600e-02
  -1.3004430e-02
  -1.0099610e-02
  -1.0272850e-02
  -1.4408440e-02
  -2.0387550e-02
  -2.3618730e-02
  -2.1921240e-02
  -1.7195220e-02
  -1.0811380e-02
  -6.4235870e-03
  -5.9354970e-03
  -6.8294300e-03
  -8.3265160e-03
  -8.7918940e-03
  -7.0559990e-03
  -4.5141380e-03
  -2.6067970e-03
  -2.2293740e-03
  -2.5392500e-03
  -1.9683850e-03
  -8.2078930e-04
  -1.4033060e-03
  -2.4685070e-03
  -2.2674180e-03
  -3.9601290e-03
  -6.8719060e-03
  -8.9600510e-03
  -1.0904560e-02
  -1.0832910e-02
  -8.3832790e-03
  -3.5958570e-03
   2.0696050e-03
   4.2384140e-03
   3.4114680e-03
   6.9809810e-04
  -2.3215230e-03
  -3.0654240e-03
  -4.3688680e-03
  -7.9865240e-03
  -1.3628020e-02
  -2.1142880e-02
  -2.8134500e-02
  -3.3393690e-02
  -3.7401900e-02
  -3.9145230e-02
  -3.5416080e-02
  -2.7041800e-02
  -1.8488320e-02
  -1.1922500e-02
  -1.0617540e-02
  -1.4685390e-02
  -1.9419030e-02
  -2.2661990e-02
  -2.1475430e-02
  -1.6757340e-02
  -1.5379210e-02
  -1.6099760e-02
  -1.5249270e-02
  -1.4053300e-02
  -1.2677380e-02
  -1.2352610e-02
  -1.2160570e-02
  -9.5734770e-03
  -4.5603060e-03
   2.3369250e-03
   7.7012250e-03
   1.0258340e-02
   1.1163470e-02
   9.2005810e-03
   6.2937430e-03
   6.1364700e-03
   8.4620450e-03
   1.0554250e-02
   1.1153590e-02
   1.2137930e-02
   1.3896660e-02
   1.3973200e-02
   1.2688930e-02
   9.7820230e-03
   4.7067870e-03
   1.4056810e-03
   1.0244550e-03
   1.7567140e-03
   2.1424750e-03
   8.2712200e-04
  -1.3158510e-03
  -4.3085190e-03
  -8.3713420e-03
  -1.1394560e-02
  -1.2614750e-02
  -1.3916840e-02
  -1.6064840e-02
  -1.7939350e-02
  -2.0036900e-02
  -2.2542780e-02
  -2.5099730e-02
  -2.8935710e-02
  -3.2712320e-02
  -3.5503240e-02
  -3.7794980e-02
  -3.8128290e-02
  -3.8097300e-02
  -3.7730350e-02
  -3.6019250e-02
  -3.5183430e-02
  -3.3060860e-02
  -2.9129280e-02
  -2.5492160e-02
  -2.1620040e-02
  -1.8672180e-02
  -1.6290170e-02
  -1.4235710e-02
  -1.3657630e-02
  -1.2930650e-02
  -1.2003090e-02
  -1.1173650e-02
  -8.8466460e-03
  -5.3780380e-03
  -1.1118210e-03
   2.7671210e-03
   3.7066350e-03
   4.0340780e-03
   6.3717400e-03
   1.0389080e-02
   1.6318250e-02
   2.0719910e-02
   2.1199810e-02
   1.9810030e-02
   1.7499610e-02
   1.5127960e-02
   1.2359130e-02
   1.0446130e-02
   1.0475350e-02
   1.0032290e-02
   1.0479640e-02
   1.2105500e-02
   1.3844630e-02
   1.6385030e-02
   1.8033140e-02
   1.9704780e-02
   2.1380150e-02
   2.1188570e-02
   2.0953370e-02
   2.0187100e-02
   1.8342640e-02
   1.8721310e-02
   2.1363010e-02
   2.4346390e-02
   2.7984410e-02
   3.0432100e-02
   3.0284500e-02
   2.8415360e-02
   2.4046590e-02
   1.8367050e-02
   1.4351830e-02
   1.2541290e-02
   1.1239940e-02
   8.7036600e-03
   4.7129000e-03
   1.5344070e-03
   1.8763400e-03
   4.6300460e-03
   8.9967790e-03
   1.4569780e-02
   1.7855500e-02
   1.7437780e-02
   1.5079170e-02
   1.3950820e-02
   1.5771330e-02
   1.8136220e-02
   1.8466470e-02
   1.7161440e-02
   1.6051880e-02
   1.6258890e-02
   1.7990320e-02
   2.0285410e-02
   2.1470440e-02
   2.1354450e-02
   2.1038020e-02
   2.0666060e-02
   1.9586130e-02
   1.7070900e-02
   1.2558320e-02
   7.5677190e-03
   3.6780320e-03
   4.9500380e-04
  -1.8105340e-03
  -3.7106360e-03
  -6.0942050e-03
  -7.8762920e-03
  -8.1683600e-03
  -6.3608030e-03
  -2.4353850e-03
   3.0512850e-03
   1.0204760e-02
   1.6757690e-02
   2.0518470e-02
   2.1310260e-02
   1.9421960e-02
   1.7569770e-02
   1.6616070e-02
   1.5103880e-02
   1.2394720e-02
   7.2146310e-03
   1.5762580e-03
  -1.5778040e-03
  -2.0388280e-03
   1.1500020e-03
   7.0238290e-03
   1.3811580e-02
   2.1169160e-02
   2.8171810e-02
   3.4208640e-02
   3.7503200e-02
   3.7523600e-02
   3.4942520e-02
   2.9256080e-02
   2.2732600e-02
   1.7070500e-02
   1.2826090e-02
   1.0574880e-02
   9.0199450e-03
   1.0367220e-02
   1.5749260e-02
   2.2017600e-02
   2.6819620e-02
   2.7607870e-02
   2.6085050e-02
   2.5773410e-02
   2.6578390e-02
   2.8559570e-02
   2.9375030e-02
   2.6343650e-02
   2.0786650e-02
   1.5040640e-02
   1.0765650e-02
   9.2168300e-03
   1.1123140e-02
   1.4375690e-02
   1.8366740e-02
   2.3420710e-02
   2.7218070e-02
   3.2103730e-02
   3.8472640e-02
   4.2317540e-02
   4.4786690e-02
   4.4489720e-02
   3.7324270e-02
   2.5491990e-02
   1.3046550e-02
   2.3309710e-03
  -5.7470570e-03
  -1.2239080e-02
  -1.7354400e-02
  -2.0961040e-02
  -2.3066700e-02
  -2.1767030e-02
  -1.8159860e-02
  -1.4928680e-02
  -1.1585700e-02
  -9.1884660e-03
  -8.3796890e-03
  -8.7322230e-03
  -1.0987150e-02
  -1.2643890e-02
  -1.2001390e-02
  -9.8202460e-03
  -6.0428310e-03
  -2.8349370e-03
  -2.6271000e-03
  -5.2394780e-03
  -9.8584830e-03
  -1.5066330e-02
  -1.7781990e-02
  -1.6496380e-02
  -1.2295160e-02
  -6.7112580e-03
  -2.7543800e-03
  -1.4890760e-03
  -2.7248670e-03
  -6.2049800e-03
  -9.3498960e-03
  -1.2942420e-02
  -1.6350120e-02
  -1.6726260e-02
  -1.6475980e-02
  -1.6646030e-02
  -1.7321460e-02
  -1.9232140e-02
  -2.0195770e-02
  -1.9090440e-02
  -1.6262330e-02
  -1.3174810e-02
  -1.1975580e-02
  -1.1349920e-02
  -9.5631180e-03
  -7.9048920e-03
  -6.0414650e-03
  -4.4015250e-03
  -6.7985220e-03
  -1.2893650e-02
  -1.9596320e-02
  -2.4800000e-02
  -2.6651070e-02
  -2.6287290e-02
  -2.5358260e-02
  -2.4781330e-02
  -2.5600490e-02
  -2.6648320e-02
  -2.7171070e-02
  -2.7317340e-02
  -2.6822920e-02
  -2.6950760e-02
  -2.8622800e-02
  -3.0907390e-02
  -3.2680650e-02
  -3.3968580e-02
  -3.5369410e-02
  -3.7077220e-02
  -3.8836470e-02
  -3.9086550e-02
  -3.7892470e-02
  -3.6669730e-02
  -3.4987200e-02
  -3.3455210e-02
  -3.2194800e-02
  -3.1359850e-02
  -3.2172680e-02
  -3.2717280e-02
  -3.2090650e-02
  -3.0221030e-02
  -2.6336510e-02
  -2.2836820e-02
  -2.0822910e-02
  -1.9468450e-02
  -1.8323280e-02
  -1.6460000e-02
  -1.4925890e-02
  -1.5261270e-02
  -1.7177170e-02
  -1.9273880e-02
  -1.9661990e-02
  -1.7328500e-02
  -1.3632260e-02
  -1.1467200e-02
  -1.1166990e-02
  -1.1002840e-02
  -1.0300960e-02
  -9.9360380e-03
  -1.1163930e-02
  -1.2793010e-02
  -1.3847830e-02
  -1.4862990e-02
  -1.4864810e-02
  -1.3852180e-02
  -1.3575490e-02
  -1.4602060e-02
  -1.6354730e-02
  -1.8261950e-02
  -1.9865580e-02
  -2.1081890e-02
  -2.2499170e-02
  -2.4643400e-02
  -2.6090880e-02
  -2.4817590e-02
  -2.1192840e-02
  -1.6017020e-02
  -1.0044180e-02
  -4.3856960e-03
   7.4428710e-04
   4.8664370e-03
   7.8791650e-03
   1.0155670e-02
   1.1687050e-02
   1.2826150e-02
   1.3455370e-02
   1.3475950e-02
   1.3547620e-02
   1.4138690e-02
   1.6401470e-02
   2.0845280e-02
   2.6172650e-02
   3.1044310e-02
   3.2615540e-02
   2.8553000e-02
   2.0683430e-02
   1.3470140e-02
   1.0227930e-02
   1.0163760e-02
   1.1516410e-02
   1.2560330e-02
   1.1734000e-02
   1.0034220e-02
   8.2581610e-03
   6.4834980e-03
   5.3964830e-03
   5.6505540e-03
   6.3592390e-03
   6.3227780e-03
   6.4340560e-03
   6.8411310e-03
   7.5705280e-03
   9.2542420e-03
   1.1264000e-02
   1.3610500e-02
   1.4886360e-02
   1.3526640e-02
   1.1724780e-02
   1.0188250e-02
   8.7403300e-03
   8.3676310e-03
   7.5269280e-03
   6.8199520e-03
   8.4420080e-03
   1.1002850e-02
   1.3017200e-02
   1.4404710e-02
   1.5864500e-02
   1.7838370e-02
   1.9649140e-02
   2.0045370e-02
   1.9152010e-02
   1.9297250e-02
   2.0483440e-02
   2.2429890e-02
   2.5167000e-02
   2.6497150e-02
   2.5841960e-02
   2.2094150e-02
   1.7084060e-02
   1.5262130e-02
   1.5435070e-02
   1.7064700e-02
   1.9405700e-02
   1.9999460e-02
   1.9184470e-02
   1.5368030e-02
   9.1425680e-03
   4.0364300e-03
   6.5336360e-04
  -5.8135470e-04
  -3.0036130e-04
   1.3037570e-03
   5.6403110e-03
   1.0944550e-02
   1.4415170e-02
   1.5494420e-02
   1.4847250e-02
   1.2546570e-02
   1.0154120e-02
   1.0531240e-02
   1.2449470e-02
   1.3935670e-02
   1.5082580e-02
   1.5227900e-02
   1.4320200e-02
   1.3077730e-02
   1.1121040e-02
   7.6560360e-03
   3.2121710e-03
  -5.3738610e-04
  -2.1330360e-03
  -1.4883760e-03
   4.7499020e-04
   3.4327100e-03
   7.2342790e-03
   1.0414200e-02
   1.1666280e-02
   1.0726060e-02
   7.3339030e-03
   3.1549700e-03
  -6.3456070e-04
  -4.9546290e-03
  -9.0284130e-03
  -1.2176360e-02
  -1.4926160e-02
  -1.7691360e-02
  -1.9604200e-02
  -1.9708410e-02
  -1.8803690e-02
  -1.6659740e-02
  -1.4358500e-02
  -1.3630170e-02
  -1.3337100e-02
  -1.2892380e-02
  -1.1218610e-02
  -7.8983690e-03
  -5.0686910e-03
  -2.7603600e-03
  -8.7719400e-04
  -7.5454060e-04
  -1.9895170e-03
  -4.3764580e-03
  -7.4708980e-03
  -1.0104640e-02
  -1.2109370e-02
  -1.1369730e-02
  -6.9375250e-03
  -1.7185060e-03
   2.6203670e-03
   6.2331960e-03
   9.7465480e-03
   1.2671620e-02
   1.3595290e-02
   1.2420030e-02
   1.0260780e-02
   8.8385140e-03
   8.2294180e-03
   8.1013630e-03
   9.1289740e-03
   1.0674870e-02
   1.1553140e-02
   1.1353450e-02
   1.0715820e-02
   9.8242300e-03
   8.1393950e-03
   5.4356360e-03
   1.5626870e-03
  -1.5641600e-03
  -2.1484020e-03
  -6.9340130e-04
   2.0560080e-03
   4.9857520e-03
   8.1394030e-03
   1.1233120e-02
   1.2059220e-02
   1.1083770e-02
   1.0643420e-02
   1.0960210e-02
   1.0942440e-02
   1.0145650e-02
   8.1062580e-03
   5.0865330e-03
   3.7156190e-03
   4.9345900e-03
   7.7387470e-03
   1.1585660e-02
   1.5523980e-02
   1.9617930e-02
   2.3520050e-02
   2.6087870e-02
   2.7184740e-02
   2.6813870e-02
   2.5128250e-02
   2.2784200e-02
   2.0866660e-02
   1.9326600e-02
   1.7997480e-02
   1.6855290e-02
   1.5124870e-02
   1.3767960e-02
   1.3113200e-02
   1.2294000e-02
   1.1211430e-02
   9.5472650e-03
   7.8941440e-03
   6.3315030e-03
   4.2138170e-03
   2.8452850e-03
   3.9061560e-03
   8.4314940e-03
   1.5078110e-02
   1.9181460e-02
   1.9335630e-02
   1.6909740e-02
   1.2556970e-02
   9.8526200e-03
   1.0495530e-02
   1.2580230e-02
   1.5373240e-02
   1.7341440e-02
   1.8150630e-02
   1.9434030e-02
   2.1091490e-02
   2.2244240e-02
   2.1677320e-02
   1.8320140e-02
   1.3384140e-02
   8.7975030e-03
   4.6425520e-03
   6.0740270e-04
  -2.7109440e-03
  -5.1014940e-03
  -6.1433220e-03
  -5.4991780e-03
  -4.2845470e-03
  -3.2624310e-03
  -3.6215680e-03
  -6.4721530e-03
  -9.3286450e-03
  -9.3480880e-03
  -6.5128830e-03
  -1.9928770e-03
   2.0324390e-03
   3.6333380e-03
   3.6150630e-03
   2.6714450e-03
   2.4966180e-04
  -3.0620090e-03
  -6.9525150e-03
  -1.0435650e-02
  -1.2826240e-02
  -1.5417850e-02
  -1.7887570e-02
  -1.9369100e-02
  -1.9599680e-02
  -1.8269360e-02
  -1.6444560e-02
  -1.5478200e-02
  -1.5713550e-02
  -1.6468160e-02
  -1.6575900e-02
  -1.5212400e-02
  -1.1812540e-02
  -7.6043510e-03
  -5.6448650e-03
  -6.5705130e-03
  -8.6139240e-03
  -9.7432780e-03
  -8.3905330e-03
  -4.8098000e-03
  -2.0449460e-04
   2.7094240e-03
   1.7323950e-03
  -2.4471600e-03
  -8.0002020e-03
  -1.1956690e-02
  -1.3253890e-02
  -1.3320830e-02
  -1.3807510e-02
  -1.6105580e-02
  -1.9544270e-02
  -2.3556140e-02
  -2.7941090e-02
  -3.0967970e-02
  -3.1569520e-02
  -3.0059670e-02
  -2.7235970e-02
  -2.3879710e-02
  -2.1108170e-02
  -2.0540680e-02
  -2.2797040e-02
  -2.7375700e-02
  -3.2807290e-02
  -3.6846050e-02
  -3.9046650e-02
  -3.9566130e-02
  -3.7651890e-02
  -3.3518570e-02
  -2.6944540e-02
  -1.8755300e-02
  -1.1808770e-02
  -7.4140850e-03
  -6.6352580e-03
  -8.5673050e-03
  -9.2390500e-03
  -8.7108540e-03
  -9.0951660e-03
  -1.0249100e-02
  -1.2602070e-02
  -1.4828370e-02
  -1.5226620e-02
  -1.5199960e-02
  -1.5639370e-02
  -1.7328460e-02
  -1.9832790e-02
  -2.0641590e-02
  -2.0318360e-02
  -2.0443330e-02
  -2.1276390e-02
  -2.2803280e-02
  -2.3889510e-02
  -2.4012230e-02
  -2.2561800e-02
  -1.8688790e-02
  -1.3324680e-02
  -7.7557130e-03
  -2.4638490e-03
   3.0326750e-03
   8.5116780e-03
   1.3782620e-02
   1.9633590e-02
   2.4490080e-02
   2.6543440e-02
   2.6750790e-02
   2.6715220e-02
   2.6794130e-02
   2.6556110e-02
   2.4802410e-02
   1.9664300e-02
   1.2144770e-02
   4.4561920e-03
  -2.2073410e-03
  -7.1125660e-03
  -1.1721290e-02
  -1.5387550e-02
  -1.6314240e-02
  -1.5337800e-02
  -1.2616340e-02
  -1.0147190e-02
  -9.8302750e-03
  -1.0112750e-02
  -1.0435490e-02
  -1.0486210e-02
  -1.0665870e-02
  -1.1808830e-02
  -1.2383230e-02
  -1.2557860e-02
  -1.3952590e-02
  -1.6662670e-02
  -2.0097890e-02
  -2.2349250e-02
  -2.1736510e-02
  -1.8501080e-02
  -1.3264300e-02
  -7.5668110e-03
  -3.8791010e-03
  -1.9613670e-03
  -2.7278140e-04
   9.4608530e-04
   2.4800370e-03
   4.6406700e-03
   5.8438380e-03
   5.8359910e-03
   4.7515620e-03
   3.6181240e-03
   3.2248010e-03
   2.5253750e-03
   1.7147200e-03
   5.8857490e-04
  -6.9529800e-04
  -9.8390860e-04
  -7.4043050e-04
   2.5300420e-06
   5.0196790e-04
  -1.1622950e-04
  -9.4762030e-04
  -1.4233300e-03
  -8.6655340e-04
   2.1511990e-04
  -3.6136930e-04
  -2.6515560e-03
  -4.8529390e-03
  -6.1912860e-03
  -5.8838050e-03
  -3.8914370e-03
  -1.5870200e-03
   1.2392130e-03
   3.9133130e-03
   5.3075700e-03
   6.4411150e-03
   6.8902100e-03
   6.3107470e-03
   5.6817610e-03
   4.5924400e-03
   2.9456440e-03
   1.3644240e-03
  -6.6668680e-04
  -3.2022800e-03
  -5.4224680e-03
  -7.0168230e-03
  -7.4740480e-03
  -7.0261150e-03
  -5.6759520e-03
  -3.0039670e-03
  -1.1131850e-03
  -9.6876760e-04
  -1.1595240e-03
  -1.0346790e-03
   1.9911890e-04
   2.8101380e-03
   5.8519240e-03
   8.7354320e-03
   1.1190380e-02
   1.3061590e-02
   1.4747650e-02
   1.6187060e-02
   1.6691010e-02
   1.5912320e-02
   1.3890540e-02
   1.1238240e-02
   8.8107360e-03
   7.3056480e-03
   7.0540190e-03
   8.0082570e-03
   9.3850430e-03
   1.0381290e-02
   1.1114860e-02
   1.0840490e-02
   9.6439330e-03
   8.3308180e-03
   6.6909140e-03
   5.7339260e-03
   5.9080200e-03
   6.9498720e-03
   8.0701480e-03
   8.1458360e-03
   8.2922070e-03
   8.9251930e-03
   9.9795310e-03
   1.1241830e-02
   1.1396810e-02
   1.0872010e-02
   1.0273950e-02
   1.0385830e-02
   1.1935740e-02
   1.3528080e-02
   1.4002740e-02
   1.3041080e-02
   1.1330800e-02
   1.0485010e-02
   1.1554330e-02
   1.4569330e-02
   1.7852470e-02
   1.9827440e-02
   2.0586120e-02
   2.0553680e-02
   2.0670040e-02
   2.1925150e-02
   2.3563150e-02
   2.4690140e-02
   2.4393720e-02
   2.1526690e-02
   1.7899250e-02
   1.5081200e-02
   1.2866850e-02
   1.2494110e-02
   1.3267780e-02
   1.3182390e-02
   1.2290070e-02
   1.1122990e-02
   1.0003990e-02
   7.9569880e-03
   3.8156250e-03
  -1.0694030e-03
  -4.8635890e-03
  -7.9031200e-03
  -1.0904860e-02
  -1.3505130e-02
  -1.5734100e-02
  -1.7145900e-02
  -1.6985390e-02
  -1.5105430e-02
  -1.1011970e-02
  -5.9922200e-03
  -2.0984770e-03
   4.7787730e-04
   2.1177250e-03
   3.4738470e-03
   4.4300150e-03
   4.2845130e-03
   2.9396960e-03
   1.2004250e-04
  -4.1113830e-03
  -9.0326360e-03
  -1.3277540e-02
  -1.5346070e-02
  -1.4835120e-02
  -1.2669970e-02
  -1.0417700e-02
  -8.6603430e-03
  -7.5001060e-03
  -6.7371720e-03
  -5.3962160e-03
  -4.0703690e-03
  -3.7395880e-03
  -4.1200560e-03
  -4.7289980e-03
  -4.8535170e-03
  -4.5832570e-03
  -4.0650490e-03
  -3.1413800e-03
  -2.3548180e-03
  -1.9442340e-03
  -1.7975390e-03
  -1.2356320e-03
  -4.0164680e-04
  -4.0236340e-04
  -1.2922800e-03
  -3.3297300e-03
  -5.9788430e-03
  -7.8805130e-03
  -9.2968930e-03
  -1.0651800e-02
  -1.1293450e-02
  -1.0227810e-02
  -7.4059400e-03
  -3.9828340e-03
  -1.3808030e-03
  -5.7197930e-04
  -1.5353040e-03
  -2.9091580e-03
  -2.9767110e-03
  -2.3465550e-03
  -2.2452700e-03
  -2.4801740e-03
  -2.9563820e-03
  -2.7588180e-03
  -1.1486190e-03
   1.5942890e-03
   4.9540070e-03
   7.7396400e-03
   9.8263640e-03
   1.1963760e-02
   1.4627360e-02
   1.7584720e-02
   2.0139450e-02
   2.2305680e-02
   2.3612790e-02
   2.3157090e-02
   1.9891370e-02
   1.4552030e-02
   1.0029890e-02
   6.5849330e-03
   3.9488180e-03
   3.5070180e-03
   5.1499450e-03
   7.3038740e-03
   8.4194240e-03
   7.9087890e-03
   6.0624000e-03
   3.7263210e-03
   9.7479700e-04
  -1.8165240e-03
  -2.9454890e-03
  -2.8844530e-03
  -2.8918770e-03
  -3.9408460e-03
  -6.3965890e-03
  -8.2000190e-03
  -8.9116380e-03
  -8.5206610e-03
  -6.5513880e-03
  -4.7119670e-03
  -3.4560850e-03
  -3.0089880e-03
  -3.2117190e-03
  -2.7059630e-03
  -2.9015950e-03
  -4.1003730e-03
  -4.5362000e-03
  -4.5410400e-03
  -4.7296590e-03
  -5.3351790e-03
  -6.4776040e-03
  -6.7522400e-03
  -4.4653720e-03
  -2.2288950e-04
   3.7499520e-03
   5.8873350e-03
   5.5198810e-03
   3.1119970e-03
   2.8360610e-04
  -1.7315050e-03
  -2.8664920e-03
  -3.3034530e-03
  -3.3453700e-03
  -3.1176980e-03
  -2.5142400e-03
  -2.1058900e-03
  -1.7450700e-03
  -8.9941750e-04
  -5.1939250e-04
  -9.6393870e-04
  -1.9802260e-03
  -3.9339190e-03
  -5.9365970e-03
  -7.5207830e-03
  -9.1862560e-03
  -1.0063980e-02
  -1.0561630e-02
  -1.1158230e-02
  -1.0381970e-02
  -8.5330820e-03
  -5.9946700e-03
  -2.2935990e-03
   9.0024550e-04
   2.4494840e-03
   3.0287630e-03
   1.8848090e-03
  -7.5311960e-04
  -2.6613770e-03
  -4.0175900e-03
  -5.2195840e-03
  -6.5403050e-03
  -8.7843220e-03
  -1.0338970e-02
  -1.1334620e-02
  -1.2206110e-02
  -1.1463010e-02
  -1.0549990e-02
  -9.4197210e-03
  -5.8353550e-03
  -7.5031360e-04
   4.5946400e-03
   9.0371600e-03
   1.0611320e-02
   1.0058570e-02
   9.0118350e-03
   7.9634030e-03
   7.5617410e-03
   6.9161030e-03
   5.0183980e-03
   2.9147960e-03
   1.2474760e-03
   1.1251210e-04
  -6.0811100e-04
  -1.6056830e-03
  -2.4573520e-03
  -2.6825570e-03
  -3.3611330e-03
  -4.8971700e-03
  -6.5224880e-03
  -7.7570210e-03
  -7.6153750e-03
  -5.6431370e-03
  -3.5103610e-03
  -2.7340470e-03
  -3.2411990e-03
  -4.0116420e-03
  -3.8632310e-03
  -3.0766540e-03
  -2.7668340e-03
  -2.7509100e-03
  -3.0581190e-03
  -4.1127750e-03
  -4.6924170e-03
  -4.1301140e-03
  -2.9064500e-03
  -1.1478580e-03
   7.8717040e-04
   3.0148080e-03
   5.2221480e-03
   6.3291240e-03
   6.8344300e-03
   7.3798790e-03
   7.4090410e-03
   6.9948900e-03
   6.6648830e-03
   6.4302720e-03
   5.7755530e-03
   4.0736390e-03
   2.0309850e-03
   8.7942780e-04
   1.0939180e-03
   3.1113190e-03
   6.3116950e-03
   9.5000580e-03
   1.2663890e-02
   1.5621120e-02
   1.7548370e-02
   1.7976700e-02
   1.7002870e-02
   1.4976540e-02
   1.2450570e-02
   1.0435410e-02
   9.2347350e-03
   8.2574060e-03
   7.4054030e-03
   7.0446750e-03
   7.5574180e-03
   8.9116630e-03
   1.0077200e-02
   1.0182760e-02
   9.6289700e-03
   8.8051330e-03
   8.0606610e-03
   7.3603550e-03
   5.5898480e-03
   3.3132400e-03
   1.8225710e-03
   1.5637790e-03
   3.1650480e-03
   5.6701740e-03
   7.8564940e-03
   9.6450910e-03
   1.0718240e-02
   1.1423380e-02
   1.2150190e-02
   1.2336470e-02
   1.1814510e-02
   1.0811130e-02
   9.2336600e-03
   6.7256540e-03
   3.0963930e-03
  -1.0523940e-03
  -4.6759860e-03
  -6.7222730e-03
  -6.9122470e-03
  -5.3053070e-03
  -1.8362980e-03
   2.1003100e-03
   5.1170340e-03
   6.2939060e-03
   5.3529050e-03
   3.3711560e-03
   7.9401730e-04
  -9.4038500e-04
  -1.0606540e-03
  -9.9883620e-04
  -1.0554530e-03
  -1.6929620e-03
  -3.0296840e-03
  -4.1057080e-03
  -4.7544800e-03
  -4.9631380e-03
  -4.9999260e-03
  -5.3098080e-03
  -5.7733020e-03
  -6.2995540e-03
  -6.7427060e-03
  -6.5492920e-03
  -5.7837040e-03
  -4.8687070e-03
  -3.7906420e-03
  -3.0096800e-03
  -2.5511530e-03
  -1.0605650e-03
   2.1426300e-03
   5.5791400e-03
   7.0840750e-03
   6.2314320e-03
   4.2837150e-03
   2.3808480e-03
   8.4509700e-04
  -5.9375010e-04
  -1.9428600e-03
  -2.3892940e-03
  -1.0758760e-03
   1.6633900e-03
   4.6252990e-03
   7.8374590e-03
   1.0632090e-02
   1.1271230e-02
   1.0540220e-02
   8.6227310e-03
   5.1638300e-03
   1.6170880e-03
  -1.8032100e-03
  -4.6728470e-03
  -6.2972520e-03
  -7.1101260e-03
  -7.2095850e-03
  -6.7916550e-03
  -5.9615150e-03
  -4.8444860e-03
  -4.2140170e-03
  -4.2810550e-03
  -3.8797390e-03
  -2.6438190e-03
  -1.7546150e-03
  -1.7701370e-03
  -2.8913090e-03
  -4.8069720e-03
  -6.7135160e-03
  -8.7778300e-03
  -1.0934630e-02
  -1.2908150e-02
  -1.4825810e-02
  -1.6121980e-02
  -1.6195030e-02
  -1.4829990e-02
  -1.2542690e-02
  -1.0527430e-02
  -9.3508870e-03
  -9.1180100e-03
  -9.2618530e-03
  -9.1985020e-03
  -8.8364140e-03
  -8.2629430e-03
  -8.2692500e-03
  -8.9042650e-03
  -9.9986160e-03
  -1.1624210e-02
  -1.3125660e-02
  -1.4492120e-02
  -1.5602100e-02
  -1.5869640e-02
  -1.4821000e-02
  -1.2241510e-02
  -9.3479840e-03
  -7.2167890e-03
  -6.4578410e-03
  -7.1110320e-03
  -7.1720770e-03
  -5.8147400e-03
  -4.3506320e-03
  -3.5598410e-03
  -3.5221310e-03
  -3.8595700e-03
  -4.3226000e-03
  -4.7567720e-03
  -4.8299460e-03
  -4.9426150e-03
  -5.5977670e-03
  -6.5085320e-03
  -7.0782270e-03
  -6.9808510e-03
  -6.4261570e-03
  -6.1120220e-03
  -6.4081530e-03
  -6.8306810e-03
  -7.1204070e-03
  -7.4053990e-03
  -7.3398990e-03
  -6.5723890e-03
  -5.1850960e-03
  -3.6255730e-03
  -2.4679400e-03
  -1.8360540e-03
  -2.0143530e-03
  -3.5387120e-03
  -5.5863900e-03
  -6.8713100e-03
  -7.4192420e-03
  -7.5340600e-03
  -7.3391750e-03
  -7.1349560e-03
  -7.0102720e-03
  -7.0606290e-03
  -7.0002070e-03
  -6.0390620e-03
  -4.3158890e-03
  -2.5236410e-03
  -9.8996780e-04
   1.0915690e-04
   1.1960070e-03
   2.4771640e-03
   3.4316080e-03
   3.6910750e-03
   2.9024850e-03
   1.3828300e-03
   3.1971030e-05
  -8.2481420e-04
  -9.6929070e-04
  -4.3119300e-04
   3.6743120e-04
   1.2280770e-03
   1.9602490e-03
