  -1.7300300e-01
  -1.7709900e-01
  -1.8054700e-01
  -1.8350500e-01
  -1.8618900e-01
  -1.8880900e-01
  -1.9148500e-01
  -1.9420200e-01
  -1.9680100e-01
  -1.9902400e-01
  -2.0059600e-01
  -2.0129300e-01
  -2.0099700e-01
  -1.9972100e-01
  -1.9760000e-01
  -1.9483700e-01
  -1.9164200e-01
  -1.8819000e-01
  -1.8465900e-01
  -1.8124600e-01
  -1.7810900e-01
  -1.7527500e-01
  -1.7259100e-01
  -1.6988100e-01
  -1.6708600e-01
  -1.6420700e-01
  -1.6125300e-01
  -1.5821100e-01
  -1.5505400e-01
  -1.5175000e-01
  -1.4822300e-01
  -1.4437000e-01
  -1.4017000e-01
  -1.3569200e-01
  -1.3105700e-01
  -1.2639500e-01
  -1.2181500e-01
  -1.1736100e-01
  -1.1303200e-01
  -1.0882400e-01
  -1.0479400e-01
  -1.0105900e-01
  -9.7741900e-02
  -9.4919100e-02
  -9.2583300e-02
  -9.0692800e-02
  -8.9232500e-02
  -8.8229600e-02
  -8.7765900e-02
  -8.7992100e-02
  -8.9035500e-02
  -9.0865500e-02
  -9.3288000e-02
  -9.6019600e-02
  -9.8827300e-02
  -1.0157700e-01
  -1.0421400e-01
  -1.0671700e-01
  -1.0905400e-01
  -1.1110700e-01
  -1.1269400e-01
  -1.1366700e-01
  -1.1386200e-01
  -1.1304100e-01
  -1.1097400e-01
  -1.0754700e-01
  -1.0280500e-01
  -9.6875500e-02
  -8.9857800e-02
  -8.1825900e-02
  -7.2880700e-02
  -6.3191500e-02
  -5.3048100e-02
  -4.2871500e-02
  -3.3085400e-02
  -2.3976200e-02
  -1.5731100e-02
  -8.4655200e-03
  -2.2279300e-03
   2.9919000e-03
   7.2396100e-03
   1.0547300e-02
   1.2914000e-02
   1.4327500e-02
   1.4772800e-02
   1.4246000e-02
   1.2726100e-02
   1.0185900e-02
   6.6376700e-03
   2.1877500e-03
  -2.9391700e-03
  -8.4831500e-03
  -1.4241700e-02
  -2.0050100e-02
  -2.5773100e-02
  -3.1311100e-02
  -3.6573400e-02
  -4.1442000e-02
  -4.5749800e-02
  -4.9300200e-02
  -5.1921000e-02
  -5.3536300e-02
  -5.4229300e-02
  -5.4160100e-02
  -5.3482200e-02
  -5.2303600e-02
  -5.0705000e-02
  -4.8768800e-02
  -4.6504300e-02
  -4.3793900e-02
  -4.0498800e-02
  -3.6536800e-02
  -3.1911800e-02
  -2.6701700e-02
  -2.1039300e-02
  -1.5079100e-02
  -8.9800900e-03
  -2.8810900e-03
   3.1259700e-03
   9.0501600e-03
   1.5031400e-02
   2.1305600e-02
   2.7992400e-02
   3.5035500e-02
   4.2307600e-02
   4.9711100e-02
   5.7209600e-02
   6.4801500e-02
   7.2499900e-02
   8.0433200e-02
   8.8763100e-02
   9.7515600e-02
   1.0659100e-01
   1.1583700e-01
   1.2500400e-01
   1.3384400e-01
   1.4229600e-01
   1.5047600e-01
   1.5855000e-01
   1.6675500e-01
   1.7537700e-01
   1.8464600e-01
   1.9465300e-01
   2.0534500e-01
   2.1657200e-01
   2.2815900e-01
   2.3993400e-01
   2.5174800e-01
   2.6347600e-01
   2.7495000e-01
   2.8591000e-01
   2.9605900e-01
   3.0511200e-01
   3.1280800e-01
   3.1898400e-01
   3.2366700e-01
   3.2696000e-01
   3.2895900e-01
   3.2980500e-01
   3.2969100e-01
   3.2881300e-01
   3.2734800e-01
   3.2541700e-01
   3.2283500e-01
   3.1912600e-01
   3.1384300e-01
   3.0679800e-01
   2.9815200e-01
   2.8830200e-01
   2.7771800e-01
   2.6679700e-01
   2.5578500e-01
   2.4478900e-01
   2.3384600e-01
   2.2299400e-01
   2.1223500e-01
   2.0149100e-01
   1.9054400e-01
   1.7913700e-01
   1.6711400e-01
   1.5441800e-01
   1.4103700e-01
   1.2691200e-01
   1.1201200e-01
   9.6499500e-02
   8.0646000e-02
   6.4720700e-02
   4.9030800e-02
   3.3932900e-02
   1.9776400e-02
   6.8975000e-03
  -4.4256100e-03
  -1.4027600e-02
  -2.1869100e-02
  -2.7937700e-02
  -3.2208900e-02
  -3.4681100e-02
  -3.5415300e-02
  -3.4517600e-02
  -3.1931100e-02
  -2.7500700e-02
  -2.1254400e-02
  -1.3265600e-02
  -3.4818500e-03
   8.0804700e-03
   2.1210700e-02
   3.5570400e-02
   5.0700300e-02
   6.6041100e-02
   8.1158100e-02
   9.5881900e-02
   1.1021300e-01
   1.2419800e-01
   1.3782000e-01
   1.5094200e-01
   1.6331900e-01
   1.7464400e-01
   1.8462400e-01
   1.9308200e-01
   1.9999600e-01
   2.0548900e-01
   2.0971600e-01
   2.1277400e-01
   2.1456300e-01
   2.1481400e-01
   2.1325300e-01
   2.0964800e-01
   2.0385800e-01
   1.9594100e-01
   1.8614100e-01
   1.7470700e-01
   1.6186800e-01
   1.4791400e-01
   1.3313500e-01
   1.1777500e-01
   1.0211500e-01
   8.6520500e-02
   7.1412700e-02
   5.7155800e-02
   4.3930600e-02
   3.1823600e-02
   2.0872300e-02
   1.1038700e-02
   2.1626400e-03
  -6.0326000e-03
  -1.3790300e-02
  -2.1199100e-02
  -2.8267800e-02
  -3.5077000e-02
  -4.1961900e-02
  -4.9320800e-02
  -5.7327600e-02
  -6.5845300e-02
  -7.4542600e-02
  -8.3134400e-02
  -9.1425700e-02
  -9.9197200e-02
  -1.0623700e-01
  -1.1240700e-01
  -1.1764100e-01
  -1.2193200e-01
  -1.2532000e-01
  -1.2790200e-01
  -1.2985400e-01
  -1.3141800e-01
  -1.3285600e-01
  -1.3437300e-01
  -1.3614900e-01
  -1.3840200e-01
  -1.4133500e-01
  -1.4505300e-01
  -1.4961000e-01
  -1.5500300e-01
  -1.6110600e-01
  -1.6770500e-01
  -1.7459100e-01
  -1.8164400e-01
  -1.8883400e-01
  -1.9608800e-01
  -2.0327000e-01
  -2.1022500e-01
  -2.1681300e-01
  -2.2290900e-01
  -2.2840800e-01
  -2.3325300e-01
  -2.3750100e-01
  -2.4123600e-01
  -2.4446000e-01
  -2.4711100e-01
  -2.4912500e-01
  -2.5043900e-01
  -2.5101700e-01
  -2.5087000e-01
  -2.5006700e-01
  -2.4871800e-01
  -2.4692900e-01
  -2.4478100e-01
  -2.4234100e-01
  -2.3967100e-01
  -2.3682300e-01
  -2.3381200e-01
  -2.3058500e-01
  -2.2692700e-01
  -2.2240100e-01
  -2.1640700e-01
  -2.0845800e-01
  -1.9842300e-01
  -1.8627300e-01
  -1.7201100e-01
  -1.5585200e-01
  -1.3820900e-01
  -1.1954700e-01
  -1.0037300e-01
  -8.1229200e-02
  -6.2661800e-02
  -4.5219600e-02
  -2.9474400e-02
  -1.5996900e-02
  -5.2638500e-03
   2.4538900e-03
   7.1590900e-03
   9.1561600e-03
   8.9642500e-03
   7.1848600e-03
   4.3831100e-03
   1.0494800e-03
  -2.3305900e-03
  -5.3398600e-03
  -7.7765600e-03
  -9.6292800e-03
  -1.1012700e-02
  -1.2221700e-02
  -1.3661800e-02
  -1.5640600e-02
  -1.8301700e-02
  -2.1655600e-02
  -2.5723100e-02
  -3.0572800e-02
  -3.6221600e-02
  -4.2632300e-02
  -4.9780600e-02
  -5.7718100e-02
  -6.6547600e-02
  -7.6260400e-02
  -8.6672800e-02
  -9.7482300e-02
  -1.0837900e-01
  -1.1914800e-01
  -1.2966600e-01
  -1.3980300e-01
  -1.4920500e-01
  -1.5721400e-01
  -1.6300000e-01
  -1.6572600e-01
  -1.6475200e-01
  -1.5972900e-01
  -1.5060400e-01
  -1.3755300e-01
  -1.2085600e-01
  -1.0085600e-01
  -7.8186300e-02
  -5.3765000e-02
  -2.8508900e-02
  -3.2126800e-03
   2.1450500e-02
   4.4904200e-02
   6.6690000e-02
   8.6563700e-02
   1.0451200e-01
   1.2072900e-01
   1.3557200e-01
   1.4947800e-01
   1.6276700e-01
   1.7560800e-01
   1.8819200e-01
   2.0078200e-01
   2.1366300e-01
   2.2696300e-01
   2.4056300e-01
   2.5412300e-01
   2.6716600e-01
   2.7923100e-01
   2.8994400e-01
   2.9908900e-01
   3.0662200e-01
   3.1262400e-01
   3.1718400e-01
   3.2036200e-01
   3.2220100e-01
   3.2259400e-01
   3.2122400e-01
   3.1752000e-01
   3.1057900e-01
   2.9922200e-01
   2.8230000e-01
   2.5907000e-01
   2.2934100e-01
   1.9339800e-01
   1.5179400e-01
   1.0533200e-01
   5.5163500e-02
   3.0225500e-03
  -4.8880400e-02
  -9.8285000e-02
  -1.4323200e-01
  -1.8238800e-01
  -2.1508600e-01
  -2.4133300e-01
  -2.6170700e-01
  -2.7718800e-01
  -2.8893000e-01
  -2.9806200e-01
  -3.0555200e-01
  -3.1212200e-01
  -3.1821400e-01
  -3.2406000e-01
  -3.2972900e-01
  -3.3520300e-01
  -3.4048300e-01
  -3.4557800e-01
  -3.5035500e-01
  -3.5442600e-01
  -3.5717800e-01
  -3.5787600e-01
  -3.5582200e-01
  -3.5049000e-01
  -3.4157800e-01
  -3.2904600e-01
  -3.1315500e-01
  -2.9437200e-01
  -2.7304600e-01
  -2.4948300e-01
  -2.2428400e-01
  -1.9825600e-01
  -1.7221500e-01
  -1.4697800e-01
  -1.2334900e-01
  -1.0201600e-01
  -8.3465200e-02
  -6.7899400e-02
  -5.5355400e-02
  -4.5806300e-02
  -3.9239800e-02
  -3.5595500e-02
  -3.4654200e-02
  -3.6027900e-02
  -3.9204100e-02
  -4.3596000e-02
  -4.8643000e-02
  -5.3897300e-02
  -5.9026500e-02
  -6.3774300e-02
  -6.7903300e-02
  -7.1202600e-02
  -7.3533000e-02
  -7.4694800e-02
  -7.4400700e-02
  -7.2413900e-02
  -6.8629200e-02
  -6.3084700e-02
  -5.5971000e-02
  -4.7605700e-02
  -3.8360000e-02
  -2.8657000e-02
  -1.9017800e-02
  -9.8895900e-03
  -1.4976400e-03
   6.0006400e-03
   1.2480200e-02
   1.7984400e-02
   2.2676400e-02
   2.6737600e-02
   3.0330700e-02
   3.3596700e-02
   3.6649000e-02
   3.9592100e-02
   4.2527900e-02
   4.5518900e-02
   4.8564000e-02
   5.1627600e-02
   5.4657800e-02
   5.7606500e-02
   6.0437200e-02
   6.3125600e-02
   6.5631300e-02
   6.7886900e-02
   6.9801600e-02
   7.1268300e-02
   7.2165000e-02
   7.2318100e-02
   7.1555500e-02
   6.9832600e-02
   6.7200500e-02
   6.3717800e-02
   5.9282500e-02
   5.3715000e-02
   4.7040700e-02
   3.9439100e-02
   3.1086200e-02
   2.2184600e-02
   1.2977100e-02
   3.6767000e-03
  -5.5316100e-03
  -1.4464900e-02
  -2.2937800e-02
  -3.0792100e-02
  -3.7928800e-02
  -4.4271900e-02
  -4.9724500e-02
  -5.4232000e-02
  -5.7825800e-02
  -6.0547700e-02
  -6.2383900e-02
  -6.3249000e-02
  -6.3041000e-02
  -6.1698900e-02
  -5.9171600e-02
  -5.5357000e-02
  -5.0076100e-02
  -4.3164300e-02
  -3.4577400e-02
  -2.4334700e-02
  -1.2560200e-02
   4.2952500e-04
   1.4322200e-02
   2.8978100e-02
   4.4187800e-02
   5.9578400e-02
   7.4711900e-02
   8.9126000e-02
   1.0239100e-01
   1.1425300e-01
   1.2464200e-01
   1.3351600e-01
   1.4081700e-01
   1.4653900e-01
   1.5078900e-01
   1.5379700e-01
   1.5585800e-01
   1.5725100e-01
   1.5816600e-01
   1.5870600e-01
   1.5890400e-01
   1.5869700e-01
   1.5788600e-01
   1.5615800e-01
   1.5320100e-01
   1.4883300e-01
   1.4309000e-01
   1.3613000e-01
   1.2808000e-01
   1.1909900e-01
   1.0944200e-01
   9.9386100e-02
   8.9211400e-02
   7.9238600e-02
   6.9777500e-02
   6.1055700e-02
   5.3198900e-02
   4.6213200e-02
   3.9987000e-02
   3.4406200e-02
   2.9448800e-02
   2.5201800e-02
   2.1797100e-02
   1.9311000e-02
   1.7795000e-02
   1.7298500e-02
   1.7748200e-02
   1.8946900e-02
   2.0717900e-02
   2.2902600e-02
   2.5313500e-02
   2.7757600e-02
   3.0087700e-02
   3.2239500e-02
   3.4209900e-02
   3.6016800e-02
   3.7744400e-02
   3.9557500e-02
   4.1660700e-02
   4.4201400e-02
   4.7187000e-02
   5.0542800e-02
   5.4183300e-02
   5.8041000e-02
   6.2039400e-02
   6.6061100e-02
   7.0020400e-02
   7.3898400e-02
   7.7667100e-02
   8.1282900e-02
   8.4732300e-02
   8.8011100e-02
   9.1095900e-02
   9.3929100e-02
   9.6435400e-02
   9.8551100e-02
   1.0019800e-01
   1.0128000e-01
   1.0175300e-01
   1.0162300e-01
   1.0089600e-01
   9.9572100e-02
   9.7669000e-02
   9.5167400e-02
   9.1990400e-02
   8.8011500e-02
   8.3064600e-02
   7.6999800e-02
   6.9825900e-02
   6.1705600e-02
   5.2792500e-02
   4.3264600e-02
   3.3407300e-02
   2.3503000e-02
   1.3769900e-02
   4.4299500e-03
  -4.2789600e-03
  -1.2146700e-02
  -1.8958900e-02
  -2.4504900e-02
  -2.8626200e-02
  -3.1247500e-02
  -3.2388300e-02
  -3.2166100e-02
  -3.0788200e-02
  -2.8515900e-02
  -2.5599600e-02
  -2.2207600e-02
  -1.8427900e-02
  -1.4299400e-02
  -9.8142700e-03
  -4.9617600e-03
   1.9911700e-04
   5.5842000e-03
   1.1148300e-02
   1.6876800e-02
   2.2763600e-02
   2.8802300e-02
   3.4959700e-02
   4.1159800e-02
   4.7302100e-02
   5.3272700e-02
   5.8918200e-02
   6.4071400e-02
   6.8605000e-02
   7.2437300e-02
   7.5539200e-02
   7.7972000e-02
   7.9863100e-02
   8.1340700e-02
   8.2463100e-02
   8.3185800e-02
   8.3338400e-02
   8.2705700e-02
   8.1180800e-02
   7.8795000e-02
   7.5668400e-02
   7.1856500e-02
   6.7332000e-02
   6.2084600e-02
   5.6118700e-02
   4.9432800e-02
   4.2099200e-02
   3.4265500e-02
   2.6057800e-02
   1.7554400e-02
   8.8132300e-03
  -1.1315800e-04
  -9.1515600e-03
  -1.8173800e-02
  -2.7027400e-02
  -3.5604500e-02
  -4.3830200e-02
  -5.1634900e-02
  -5.8915000e-02
  -6.5535500e-02
  -7.1358800e-02
  -7.6214500e-02
  -7.9904900e-02
  -8.2266300e-02
  -8.3207400e-02
  -8.2714600e-02
  -8.0792900e-02
  -7.7448000e-02
  -7.2767900e-02
  -6.6964100e-02
  -6.0334100e-02
  -5.3107200e-02
  -4.5345600e-02
  -3.7087500e-02
  -2.8429700e-02
  -1.9478900e-02
  -1.0387400e-02
  -1.3893600e-03
   7.2529100e-03
   1.5311500e-02
   2.2601000e-02
   2.8976400e-02
   3.4320800e-02
   3.8444300e-02
   4.1088300e-02
   4.2084000e-02
   4.1428300e-02
   3.9276400e-02
   3.5875400e-02
   3.1475200e-02
   2.6168600e-02
   1.9885500e-02
   1.2543400e-02
   4.2245200e-03
  -4.7422200e-03
  -1.3872900e-02
  -2.2691800e-02
  -3.0903500e-02
  -3.8344600e-02
  -4.4890200e-02
  -5.0524400e-02
  -5.5354300e-02
  -5.9472000e-02
  -6.2885500e-02
  -6.5534100e-02
  -6.7368600e-02
  -6.8410200e-02
  -6.8748500e-02
  -6.8522300e-02
  -6.7889100e-02
  -6.6956400e-02
  -6.5743100e-02
  -6.4184500e-02
  -6.2162900e-02
  -5.9548600e-02
  -5.6196500e-02
  -5.1967900e-02
  -4.6802400e-02
  -4.0726600e-02
  -3.3763200e-02
  -2.5925500e-02
  -1.7258100e-02
  -7.8564100e-03
   2.1151800e-03
   1.2371800e-02
   2.2568900e-02
   3.2414700e-02
   4.1672500e-02
   5.0153800e-02
   5.7755300e-02
   6.4458800e-02
   7.0306700e-02
   7.5385000e-02
   7.9811400e-02
   8.3660000e-02
   8.6946800e-02
   8.9673600e-02
   9.1833600e-02
   9.3414300e-02
   9.4415800e-02
   9.4848600e-02
   9.4694100e-02
   9.3914200e-02
   9.2488900e-02
   9.0383600e-02
   8.7520600e-02
   8.3753400e-02
   7.8907300e-02
   7.2877200e-02
   6.5665100e-02
   5.7384700e-02
   4.8205600e-02
   3.8347300e-02
   2.8100400e-02
   1.7787600e-02
   7.6937200e-03
  -1.9400800e-03
  -1.0903400e-02
  -1.8984700e-02
  -2.6046000e-02
  -3.2110000e-02
  -3.7308700e-02
  -4.1806300e-02
  -4.5749500e-02
  -4.9232200e-02
  -5.2295400e-02
  -5.4946500e-02
  -5.7189700e-02
  -5.9036800e-02
  -6.0487900e-02
  -6.1494900e-02
  -6.1965400e-02
  -6.1804700e-02
  -6.0983600e-02
  -5.9523000e-02
  -5.7416500e-02
  -5.4673900e-02
  -5.1379300e-02
  -4.7594500e-02
  -4.3344500e-02
  -3.8736600e-02
  -3.3964900e-02
  -2.9245100e-02
  -2.4790400e-02
  -2.0795500e-02
  -1.7416400e-02
  -1.4718200e-02
  -1.2627500e-02
  -1.1013400e-02
  -9.7589000e-03
  -8.7403800e-03
  -7.8242000e-03
  -6.8953700e-03
  -5.8710600e-03
  -4.6891000e-03
  -3.2287300e-03
  -1.3427300e-03
   1.0267300e-03
   3.8327100e-03
   6.9612700e-03
   1.0273200e-02
   1.3663300e-02
   1.7105900e-02
   2.0574000e-02
   2.3974200e-02
   2.7214900e-02
   3.0248400e-02
   3.3067200e-02
   3.5694400e-02
   3.8172400e-02
   4.0551500e-02
   4.2880100e-02
   4.5200000e-02
   4.7565400e-02
   5.0048400e-02
   5.2710400e-02
   5.5540600e-02
   5.8403200e-02
   6.1104100e-02
   6.3485400e-02
   6.5451300e-02
   6.6928400e-02
   6.7810900e-02
   6.8006500e-02
   6.7485100e-02
   6.6198700e-02
   6.4070000e-02
   6.1061800e-02
   5.7227600e-02
   5.2720200e-02
   4.7751900e-02
   4.2548700e-02
   3.7309600e-02
   3.2160500e-02
   2.7142100e-02
   2.2265600e-02
   1.7570200e-02
   1.3146600e-02
   9.0888000e-03
   5.4371200e-03
   2.1845700e-03
  -7.1286700e-04
  -3.3292400e-03
  -5.7678200e-03
  -8.1439000e-03
  -1.0549700e-02
  -1.3020100e-02
  -1.5521800e-02
  -1.7973500e-02
  -2.0272900e-02
  -2.2268900e-02
  -2.3783900e-02
  -2.4685100e-02
  -2.4938300e-02
  -2.4603900e-02
  -2.3725500e-02
  -2.2338400e-02
  -2.0574700e-02
  -1.8647100e-02
  -1.6778000e-02
  -1.5149900e-02
  -1.3878800e-02
  -1.3014000e-02
  -1.2589600e-02
  -1.2648900e-02
  -1.3186600e-02
  -1.4101100e-02
  -1.5181500e-02
  -1.6116300e-02
  -1.6557000e-02
  -1.6207600e-02
  -1.4860700e-02
  -1.2384600e-02
  -8.7384600e-03
  -4.0045800e-03
   1.5783300e-03
   7.6814900e-03
   1.4029200e-02
   2.0461700e-02
   2.6921800e-02
   3.3357100e-02
   3.9675100e-02
   4.5752100e-02
   5.1444000e-02
   5.6628700e-02
   6.1320800e-02
   6.5639000e-02
   6.9667600e-02
   7.3454100e-02
   7.7051700e-02
   8.0517600e-02
   8.3902900e-02
   8.7246000e-02
   9.0571800e-02
   9.3887000e-02
   9.7154200e-02
   1.0028500e-01
   1.0315500e-01
   1.0561800e-01
   1.0753900e-01
   1.0885600e-01
   1.0954200e-01
   1.0947700e-01
   1.0847700e-01
   1.0639200e-01
   1.0313400e-01
   9.8670000e-02
   9.2994900e-02
   8.6122300e-02
   7.8108500e-02
   6.9122200e-02
   5.9440000e-02
   4.9359900e-02
   3.9213700e-02
   2.9397200e-02
   2.0264400e-02
   1.2049300e-02
   4.8964100e-03
  -1.1148100e-03
  -5.9706700e-03
  -9.6800800e-03
  -1.2280100e-02
  -1.3911500e-02
  -1.4804800e-02
  -1.5195100e-02
  -1.5286200e-02
  -1.5230000e-02
  -1.5099500e-02
  -1.4908400e-02
  -1.4663600e-02
  -1.4355000e-02
  -1.3932600e-02
  -1.3275000e-02
  -1.2230100e-02
  -1.0706000e-02
  -8.6934700e-03
  -6.2381700e-03
  -3.3397300e-03
   1.7239700e-05
   3.7227500e-03
   7.5931400e-03
   1.1487200e-02
   1.5351100e-02
   1.9161700e-02
   2.2803500e-02
   2.6080100e-02
   2.8805100e-02
   3.0854300e-02
   3.2188200e-02
   3.2845100e-02
   3.2887600e-02
   3.2358000e-02
   3.1312900e-02
   2.9820100e-02
   2.7876000e-02
   2.5424400e-02
   2.2445600e-02
   1.9000800e-02
   1.5219600e-02
   1.1235700e-02
   7.1894800e-03
   3.2516800e-03
  -4.2823100e-04
  -3.7606200e-03
  -6.6618000e-03
  -9.0482400e-03
  -1.0864600e-02
  -1.2030500e-02
  -1.2420900e-02
  -1.1926800e-02
  -1.0474500e-02
  -8.0129000e-03
  -4.5535600e-03
  -2.1036500e-04
   4.8259500e-03
   1.0326600e-02
   1.6059100e-02
   2.1775100e-02
   2.7219600e-02
   3.2204000e-02
   3.6587900e-02
   4.0168600e-02
   4.2730800e-02
   4.4166700e-02
   4.4528600e-02
   4.3989000e-02
   4.2735800e-02
   4.0950100e-02
   3.8825000e-02
   3.6545900e-02
   3.4275500e-02
   3.2160500e-02
   3.0322000e-02
   2.8824400e-02
   2.7630100e-02
   2.6600700e-02
   2.5615700e-02
   2.4626400e-02
   2.3630800e-02
   2.2636900e-02
   2.1636500e-02
   2.0628800e-02
   1.9638300e-02
   1.8672700e-02
   1.7732200e-02
   1.6855200e-02
   1.6053900e-02
   1.5222100e-02
   1.4222800e-02
   1.2985700e-02
   1.1539400e-02
   9.9897900e-03
   8.4656700e-03
   7.0480200e-03
   5.7262300e-03
   4.4432600e-03
   3.1500100e-03
   1.8106900e-03
   3.8285000e-04
  -1.2209900e-03
  -3.0967000e-03
  -5.2895600e-03
  -7.7840800e-03
  -1.0521700e-02
  -1.3419200e-02
  -1.6388400e-02
  -1.9355000e-02
  -2.2303600e-02
  -2.5293100e-02
  -2.8353900e-02
  -3.1433200e-02
  -3.4490400e-02
  -3.7524600e-02
  -4.0528300e-02
  -4.3476700e-02
  -4.6336100e-02
  -4.9024700e-02
  -5.1412800e-02
  -5.3374100e-02
  -5.4825600e-02
  -5.5739500e-02
  -5.6108200e-02
  -5.5905700e-02
  -5.5085700e-02
  -5.3615200e-02
  -5.1559200e-02
  -4.9086300e-02
  -4.6400700e-02
  -4.3658900e-02
  -4.0925800e-02
  -3.8267000e-02
  -3.5794000e-02
  -3.3590000e-02
  -3.1664500e-02
  -2.9950000e-02
  -2.8349200e-02
  -2.6784600e-02
  -2.5185000e-02
  -2.3490500e-02
  -2.1718500e-02
  -1.9953200e-02
  -1.8271600e-02
  -1.6717800e-02
  -1.5296700e-02
  -1.3935000e-02
  -1.2504000e-02
  -1.0953100e-02
  -9.3161300e-03
  -7.6159200e-03
  -5.8198700e-03
  -3.8470800e-03
  -1.6099600e-03
   9.4364500e-04
   3.7911400e-03
   6.8134000e-03
   9.8009700e-03
   1.2509500e-02
   1.4726600e-02
   1.6261700e-02
   1.6957500e-02
   1.6738600e-02
   1.5628000e-02
   1.3734300e-02
   1.1204200e-02
   8.1821800e-03
   4.7978400e-03
   1.1733900e-03
  -2.5603500e-03
  -6.2849200e-03
  -9.9363300e-03
  -1.3483500e-02
  -1.6899100e-02
  -2.0158900e-02
  -2.3242500e-02
  -2.6110200e-02
  -2.8694000e-02
  -3.0908500e-02
  -3.2678100e-02
  -3.3965200e-02
  -3.4780900e-02
  -3.5190000e-02
  -3.5316900e-02
  -3.5287800e-02
  -3.5163900e-02
  -3.4967700e-02
  -3.4722100e-02
  -3.4452000e-02
  -3.4178900e-02
  -3.3915500e-02
  -3.3649900e-02
  -3.3334200e-02
  -3.2903400e-02
  -3.2307400e-02
  -3.1547500e-02
  -3.0654700e-02
  -2.9625900e-02
  -2.8457800e-02
  -2.7205000e-02
  -2.5962800e-02
  -2.4830400e-02
  -2.3885200e-02
  -2.3171000e-02
  -2.2694900e-02
  -2.2432900e-02
  -2.2338300e-02
  -2.2354400e-02
  -2.2424800e-02
  -2.2502000e-02
  -2.2552400e-02
  -2.2563700e-02
  -2.2583000e-02
  -2.2717800e-02
  -2.3010000e-02
  -2.3396000e-02
  -2.3791100e-02
  -2.4145500e-02
  -2.4462300e-02
  -2.4761100e-02
  -2.5044000e-02
  -2.5300300e-02
  -2.5526200e-02
  -2.5749900e-02
  -2.6009800e-02
  -2.6317600e-02
  -2.6680000e-02
  -2.7120800e-02
  -2.7669500e-02
  -2.8347600e-02
  -2.9162700e-02
  -3.0107400e-02
  -3.1161600e-02
  -3.2297100e-02
  -3.3476300e-02
  -3.4635200e-02
  -3.5713200e-02
  -3.6716800e-02
  -3.7679500e-02
  -3.8593800e-02
  -3.9418300e-02
  -4.0118900e-02
  -4.0730400e-02
  -4.1317700e-02
  -4.1868400e-02
  -4.2293100e-02
  -4.2487700e-02
  -4.2395800e-02
  -4.2023400e-02
  -4.1391500e-02
  -4.0502800e-02
  -3.9334500e-02
  -3.7881700e-02
  -3.6200700e-02
  -3.4439700e-02
  -3.2804600e-02
  -3.1458300e-02
  -3.0466500e-02
  -2.9797300e-02
  -2.9415100e-02
  -2.9344100e-02
  -2.9606800e-02
  -3.0175100e-02
  -3.0958900e-02
  -3.1826800e-02
  -3.2650800e-02
  -3.3353500e-02
  -3.3919200e-02
  -3.4319800e-02
  -3.4503300e-02
  -3.4453900e-02
  -3.4202200e-02
  -3.3806300e-02
  -3.3333800e-02
  -3.2848000e-02
  -3.2396300e-02
  -3.1992800e-02
  -3.1603500e-02
  -3.1183800e-02
  -3.0721800e-02
  -3.0263000e-02
  -2.9898300e-02
  -2.9723600e-02
  -2.9832300e-02
  -3.0304800e-02
  -3.1140500e-02
  -3.2239800e-02
  -3.3481100e-02
  -3.4763900e-02
  -3.6019500e-02
  -3.7232400e-02
  -3.8436900e-02
  -3.9634700e-02
  -4.0779000e-02
  -4.1837800e-02
  -4.2809800e-02
  -4.3709700e-02
  -4.4531600e-02
  -4.5231100e-02
  -4.5725600e-02
  -4.5917200e-02
  -4.5732500e-02
  -4.5139900e-02
  -4.4143300e-02
  -4.2725700e-02
  -4.0865100e-02
  -3.8610400e-02
  -3.6021700e-02
  -3.3104800e-02
  -2.9911200e-02
  -2.6589300e-02
  -2.3317400e-02
  -2.0239500e-02
  -1.7421800e-02
  -1.4882700e-02
  -1.2628400e-02
  -1.0679700e-02
  -9.0679200e-03
  -7.8107000e-03
  -6.9002500e-03
  -6.3034700e-03
  -5.9678000e-03
  -5.8405300e-03
  -5.8933000e-03
  -6.0893600e-03
  -6.3350100e-03
  -6.5042700e-03
  -6.4867400e-03
  -6.2400400e-03
  -5.7944500e-03
  -5.2256000e-03
  -4.6472400e-03
  -4.1942000e-03
  -3.9572100e-03
  -3.9551000e-03
  -4.1554500e-03
  -4.5138900e-03
  -5.0020900e-03
  -5.5825100e-03
  -6.2004600e-03
  -6.8250500e-03
  -7.4307800e-03
  -7.9449700e-03
  -8.2391300e-03
  -8.1703300e-03
  -7.6521700e-03
  -6.6614000e-03
  -5.1763000e-03
  -3.1737000e-03
  -6.5717400e-04
   2.3307000e-03
   5.6965500e-03
   9.2698900e-03
   1.2892500e-02
   1.6537000e-02
   2.0221100e-02
   2.3908400e-02
   2.7527100e-02
   3.1000300e-02
   3.4267600e-02
   3.7272400e-02
   3.9960600e-02
   4.2319300e-02
   4.4367700e-02
   4.6068900e-02
   4.7362900e-02
   4.8248100e-02
   4.8717700e-02
   4.8721600e-02
   4.8264200e-02
   4.7437700e-02
   4.6376100e-02
   4.5199600e-02
   4.3974600e-02
   4.2693800e-02
   4.1301600e-02
   3.9756000e-02
   3.8014200e-02
   3.6005600e-02
   3.3701100e-02
   3.1131800e-02
   2.8261900e-02
   2.5026200e-02
   2.1476800e-02
   1.7737500e-02
   1.3906400e-02
   1.0044200e-02
   6.1938700e-03
   2.4099200e-03
  -1.2449600e-03
  -4.7201000e-03
  -7.9865400e-03
  -1.1014600e-02
  -1.3705200e-02
  -1.5930300e-02
  -1.7642400e-02
  -1.8865500e-02
  -1.9654200e-02
  -2.0080500e-02
  -2.0216100e-02
  -2.0106100e-02
  -1.9788300e-02
  -1.9319600e-02
  -1.8742100e-02
  -1.8063800e-02
  -1.7275500e-02
  -1.6364800e-02
  -1.5329600e-02
  -1.4203600e-02
  -1.3061900e-02
  -1.1996300e-02
  -1.1115300e-02
  -1.0557800e-02
  -1.0424700e-02
  -1.0711800e-02
  -1.1355700e-02
  -1.2278800e-02
  -1.3399100e-02
  -1.4638000e-02
  -1.5932400e-02
  -1.7262600e-02
  -1.8652000e-02
  -2.0112700e-02
  -2.1611400e-02
  -2.3071200e-02
  -2.4415300e-02
  -2.5594800e-02
  -2.6479900e-02
  -2.6867600e-02
  -2.6629900e-02
  -2.5741800e-02
  -2.4248700e-02
  -2.2293000e-02
  -2.0096600e-02
  -1.7839400e-02
  -1.5611400e-02
  -1.3438600e-02
  -1.1328000e-02
  -9.2952400e-03
  -7.3595000e-03
  -5.5347600e-03
  -3.8259800e-03
  -2.2293200e-03
  -7.3680500e-04
   6.3546700e-04
   1.8344500e-03
   2.7730000e-03
   3.3541400e-03
   3.5100200e-03
   3.2185900e-03
   2.5123100e-03
   1.4918600e-03
   2.8640700e-04
  -1.0275100e-03
  -2.3973200e-03
  -3.7527400e-03
  -5.0936900e-03
  -6.5001700e-03
  -7.9992700e-03
  -9.5816200e-03
  -1.1291500e-02
  -1.3195300e-02
  -1.5323300e-02
  -1.7667000e-02
  -2.0186700e-02
  -2.2829500e-02
  -2.5558500e-02
  -2.8362400e-02
  -3.1160500e-02
  -3.3783500e-02
  -3.6055700e-02
  -3.7881000e-02
  -3.9288300e-02
  -4.0354400e-02
  -4.1141900e-02
  -4.1727900e-02
  -4.2196100e-02
  -4.2597500e-02
  -4.2965300e-02
  -4.3338800e-02
  -4.3728800e-02
  -4.4106000e-02
  -4.4422100e-02
  -4.4612900e-02
  -4.4600700e-02
  -4.4338200e-02
  -4.3833000e-02
  -4.3106500e-02
  -4.2188000e-02
  -4.1141900e-02
  -4.0059200e-02
  -3.9025000e-02
  -3.8074500e-02
  -3.7183100e-02
  -3.6297400e-02
  -3.5374400e-02
  -3.4413000e-02
  -3.3446800e-02
  -3.2523200e-02
  -3.1684100e-02
  -3.0931800e-02
  -3.0193300e-02
  -2.9382500e-02
  -2.8471300e-02
  -2.7458800e-02
  -2.6331300e-02
  -2.5047000e-02
  -2.3546600e-02
  -2.1783600e-02
  -1.9738100e-02
  -1.7427300e-02
  -1.4924600e-02
  -1.2337700e-02
  -9.7535300e-03
  -7.2588900e-03
  -4.9598200e-03
  -2.8793200e-03
  -9.3057600e-04
   9.6887100e-04
   2.8684600e-03
   4.8130800e-03
   6.8220400e-03
   8.8626800e-03
   1.0845700e-02
   1.2671900e-02
   1.4313500e-02
   1.5782400e-02
   1.7066800e-02
   1.8135900e-02
   1.8973600e-02
   1.9611000e-02
   2.0109600e-02
   2.0513500e-02
   2.0841700e-02
   2.1098600e-02
   2.1284600e-02
   2.1411400e-02
   2.1520300e-02
   2.1637700e-02
   2.1729000e-02
   2.1743700e-02
   2.1650500e-02
   2.1411000e-02
   2.0961600e-02
   2.0224300e-02
   1.9150700e-02
   1.7741300e-02
   1.5925200e-02
   1.3571800e-02
   1.0647000e-02
   7.1888400e-03
   3.2167100e-03
  -1.2419400e-03
  -6.1217800e-03
  -1.1350900e-02
  -1.6825800e-02
  -2.2355000e-02
  -2.7717100e-02
  -3.2743000e-02
  -3.7314000e-02
  -4.1368000e-02
  -4.4928200e-02
  -4.8040300e-02
  -5.0694600e-02
  -5.2843200e-02
  -5.4447400e-02
  -5.5500000e-02
  -5.6020100e-02
  -5.6028900e-02
  -5.5531800e-02
  -5.4526500e-02
  -5.3052600e-02
  -5.1218100e-02
  -4.9187100e-02
  -4.7113600e-02
  -4.5070200e-02
  -4.3076500e-02
  -4.1135100e-02
  -3.9212700e-02
  -3.7254100e-02
  -3.5233900e-02
  -3.3163600e-02
  -3.1081400e-02
  -2.9059000e-02
  -2.7177900e-02
  -2.5453300e-02
  -2.3868700e-02
  -2.2461300e-02
  -2.1271300e-02
  -2.0277800e-02
  -1.9443800e-02
  -1.8744600e-02
  -1.8163900e-02
  -1.7706200e-02
  -1.7411000e-02
  -1.7356600e-02
  -1.7626800e-02
  -1.8225900e-02
  -1.9090700e-02
  -2.0173200e-02
  -2.1437200e-02
  -2.2825800e-02
  -2.4267900e-02
  -2.5686800e-02
  -2.6989700e-02
  -2.8080300e-02
  -2.8879300e-02
  -2.9271100e-02
  -2.9104600e-02
  -2.8334900e-02
  -2.7047700e-02
  -2.5344300e-02
  -2.3287000e-02
  -2.0902400e-02
  -1.8253200e-02
  -1.5448900e-02
  -1.2561000e-02
  -9.6231700e-03
  -6.6950100e-03
  -3.8182800e-03
  -9.7557900e-04
   1.8359300e-03
   4.5863200e-03
   7.2869900e-03
   9.9479200e-03
   1.2502700e-02
   1.4853600e-02
   1.6937300e-02
   1.8731700e-02
   2.0227000e-02
   2.1378400e-02
   2.2119700e-02
   2.2398900e-02
   2.2174800e-02
   2.1426200e-02
   2.0195600e-02
   1.8573900e-02
   1.6648700e-02
   1.4468000e-02
   1.2046000e-02
   9.4389200e-03
   6.7443600e-03
   4.0160900e-03
   1.3027500e-03
  -1.2783500e-03
  -3.5458300e-03
  -5.3084700e-03
  -6.4231500e-03
  -6.8266900e-03
  -6.5412600e-03
  -5.6611300e-03
  -4.3239300e-03
  -2.6568100e-03
  -7.4883300e-04
   1.3380800e-03
   3.5629500e-03
   5.8941400e-03
   8.2840600e-03
   1.0662500e-02
   1.2986400e-02
   1.5256400e-02
   1.7497600e-02
   1.9742300e-02
   2.2018000e-02
   2.4314500e-02
   2.6587100e-02
   2.8803800e-02
   3.0935200e-02
   3.2904600e-02
   3.4583900e-02
   3.5829600e-02
   3.6529300e-02
   3.6631600e-02
   3.6151000e-02
   3.5142600e-02
   3.3676800e-02
   3.1880300e-02
   2.9941100e-02
   2.8026100e-02
   2.6225200e-02
   2.4540400e-02
   2.2928600e-02
   2.1348700e-02
   1.9743200e-02
   1.8026200e-02
   1.6094200e-02
   1.3882500e-02
   1.1423400e-02
   8.8021100e-03
   6.1078300e-03
   3.4465200e-03
   9.4679600e-04
  -1.2632100e-03
  -3.1410000e-03
  -4.7808700e-03
  -6.3081500e-03
  -7.8116600e-03
  -9.3668300e-03
  -1.1007700e-02
  -1.2684100e-02
  -1.4310100e-02
  -1.5826900e-02
  -1.7236500e-02
  -1.8571500e-02
  -1.9825300e-02
  -2.0968300e-02
  -2.1995000e-02
  -2.2925100e-02
  -2.3782700e-02
  -2.4562900e-02
  -2.5232300e-02
  -2.5749700e-02
  -2.6059700e-02
  -2.6099300e-02
  -2.5849300e-02
  -2.5338000e-02
  -2.4594900e-02
  -2.3620600e-02
  -2.2389700e-02
  -2.0897700e-02
  -1.9187100e-02
  -1.7325700e-02
  -1.5374300e-02
  -1.3355200e-02
  -1.1259300e-02
  -9.0646300e-03
  -6.7535100e-03
  -4.3165100e-03
  -1.7585200e-03
   9.0370100e-04
   3.6430800e-03
   6.4288900e-03
   9.2298700e-03
   1.2020100e-02
   1.4779300e-02
   1.7499500e-02
   2.0203500e-02
   2.2943300e-02
   2.5717300e-02
   2.8451300e-02
   3.1049600e-02
   3.3446800e-02
   3.5630900e-02
   3.7586300e-02
   3.9269000e-02
   4.0662400e-02
   4.1783000e-02
   4.2651900e-02
   4.3332200e-02
   4.3950200e-02
   4.4624600e-02
   4.5412300e-02
   4.6294700e-02
   4.7214600e-02
   4.8124500e-02
   4.8973600e-02
   4.9697300e-02
   5.0239400e-02
   5.0565900e-02
   5.0672500e-02
   5.0580100e-02
   5.0329200e-02
   4.9968400e-02
   4.9535700e-02
   4.9028300e-02
   4.8390800e-02
   4.7532600e-02
   4.6387100e-02
   4.4948400e-02
   4.3260900e-02
   4.1399700e-02
   3.9450600e-02
   3.7494400e-02
   3.5594700e-02
   3.3791700e-02
   3.2100700e-02
   3.0516300e-02
   2.9017900e-02
   2.7580800e-02
   2.6205800e-02
   2.4929400e-02
   2.3800100e-02
   2.2859100e-02
   2.2127800e-02
   2.1605200e-02
   2.1268700e-02
   2.1080300e-02
   2.0994400e-02
   2.0967300e-02
   2.0979300e-02
   2.1052800e-02
   2.1235900e-02
   2.1577300e-02
   2.2107600e-02
   2.2806200e-02
   2.3569400e-02
   2.4257700e-02
   2.4767000e-02
   2.5045100e-02
   2.5078200e-02
   2.4858000e-02
   2.4375600e-02
   2.3639500e-02
   2.2700400e-02
   2.1643800e-02
   2.0508000e-02
   1.9274500e-02
   1.7927800e-02
   1.6454800e-02
   1.4830500e-02
   1.3052900e-02
   1.1145600e-02
   9.0929900e-03
   6.8507000e-03
   4.4070400e-03
   1.8138300e-03
  -8.2123400e-04
  -3.3739000e-03
  -5.7358600e-03
  -7.8385000e-03
  -9.6774100e-03
  -1.1313400e-02
  -1.2793200e-02
  -1.4117300e-02
  -1.5289100e-02
  -1.6303700e-02
  -1.7111000e-02
  -1.7677100e-02
  -1.8032900e-02
  -1.8197200e-02
  -1.8157400e-02
  -1.7921700e-02
  -1.7512300e-02
  -1.6932300e-02
  -1.6146300e-02
  -1.5090700e-02
  -1.3711900e-02
  -1.2016800e-02
  -1.0108500e-02
  -8.1324200e-03
  -6.2094000e-03
  -4.4170900e-03
  -2.7907600e-03
  -1.3261100e-03
   2.8025500e-05
   1.3622600e-03
   2.7279200e-03
   4.1053000e-03
   5.4626800e-03
   6.7856300e-03
   8.0683100e-03
   9.2890200e-03
   1.0399400e-02
   1.1346300e-02
   1.2101400e-02
   1.2690000e-02
   1.3165300e-02
   1.3570900e-02
   1.3983000e-02
   1.4519800e-02
   1.5275100e-02
   1.6327400e-02
   1.7791000e-02
   1.9731800e-02
   2.2080300e-02
   2.4671800e-02
   2.7319900e-02
   2.9887500e-02
   3.2307500e-02
   3.4563300e-02
   3.6624900e-02
   3.8437700e-02
   4.0006900e-02
   4.1417800e-02
   4.2780800e-02
   4.4157900e-02
   4.5528900e-02
   4.6877600e-02
   4.8225800e-02
   4.9583100e-02
   5.0933000e-02
   5.2248800e-02
   5.3504200e-02
   5.4674700e-02
   5.5712800e-02
   5.6540000e-02
   5.7062800e-02
   5.7239600e-02
   5.7129100e-02
   5.6858900e-02
   5.6577400e-02
   5.6414600e-02
   5.6444000e-02
   5.6666100e-02
   5.7070900e-02
   5.7665300e-02
   5.8374600e-02
   5.9041300e-02
   5.9530900e-02
   5.9807900e-02
   5.9950200e-02
   6.0046100e-02
   6.0141700e-02
   6.0275800e-02
   6.0475200e-02
   6.0723400e-02
   6.0970900e-02
   6.1169000e-02
   6.1338100e-02
   6.1548000e-02
   6.1827000e-02
   6.2165400e-02
   6.2547100e-02
   6.2879000e-02
   6.2986400e-02
   6.2716900e-02
   6.1992000e-02
   6.0806800e-02
   5.9218700e-02
   5.7315000e-02
   5.5136800e-02
   5.2650400e-02
   4.9769000e-02
   4.6333300e-02
   4.2132900e-02
   3.7029400e-02
   3.1030300e-02
   2.4228700e-02
   1.6737000e-02
   8.6418000e-03
   5.6923000e-05
  -8.8396700e-03
  -1.7844900e-02
  -2.6754900e-02
  -3.5344400e-02
  -4.3402100e-02
  -5.0783300e-02
  -5.7433700e-02
  -6.3377900e-02
  -6.8677000e-02
  -7.3391300e-02
  -7.7564000e-02
  -8.1204800e-02
  -8.4305800e-02
  -8.6894500e-02
  -8.9055100e-02
  -9.0899300e-02
  -9.2527600e-02
  -9.3998200e-02
  -9.5332900e-02
  -9.6518400e-02
  -9.7469800e-02
  -9.8017600e-02
  -9.7944000e-02
  -9.7073900e-02
  -9.5339300e-02
  -9.2665600e-02
  -8.8962500e-02
  -8.4248700e-02
  -7.8635600e-02
  -7.2253100e-02
  -6.5230500e-02
  -5.7703700e-02
  -4.9807900e-02
  -4.1670600e-02
  -3.3407300e-02
  -2.5158700e-02
  -1.7104900e-02
  -9.4512400e-03
  -2.3849900e-03
   3.9689800e-03
   9.5353800e-03
   1.4252800e-02
   1.8042900e-02
   2.0824200e-02
   2.2563200e-02
   2.3285100e-02
   2.3061100e-02
   2.2024300e-02
   2.0365600e-02
   1.8243200e-02
   1.5759300e-02
   1.3010900e-02
   1.0099500e-02
   7.1123200e-03
   4.0873300e-03
   1.0203500e-03
  -2.0832200e-03
  -5.1951700e-03
  -8.2750500e-03
  -1.1255300e-02
  -1.4036600e-02
  -1.6497200e-02
  -1.8520000e-02
  -2.0025400e-02
  -2.0939200e-02
  -2.1176000e-02
  -2.0649000e-02
  -1.9286100e-02
  -1.7054500e-02
  -1.4041600e-02
  -1.0474900e-02
  -6.5375200e-03
  -2.3205400e-03
   2.0525500e-03
   6.4353800e-03
   1.0720700e-02
   1.4856700e-02
   1.8834600e-02
   2.2674800e-02
   2.6394400e-02
   2.9980800e-02
   3.3374500e-02
   3.6494300e-02
   3.9294800e-02
   4.1775600e-02
   4.3943600e-02
   4.5811400e-02
   4.7415100e-02
   4.8866900e-02
   5.0317400e-02
   5.1855500e-02
   5.3509600e-02
   5.5282800e-02
   5.7100800e-02
   5.8790800e-02
   6.0110100e-02
   6.0826400e-02
   6.0807200e-02
   6.0010200e-02
   5.8462600e-02
   5.6255200e-02
   5.3526700e-02
   5.0438200e-02
   4.7148400e-02
   4.3792900e-02
   4.0473400e-02
   3.7266800e-02
   3.4254300e-02
   3.1577400e-02
   2.9439100e-02
   2.8002500e-02
   2.7341600e-02
   2.7464300e-02
   2.8322900e-02
   2.9807400e-02
   3.1712600e-02
   3.3776700e-02
   3.5802600e-02
   3.7661600e-02
   3.9241200e-02
   4.0452700e-02
   4.1253800e-02
   4.1653200e-02
   4.1702600e-02
   4.1474100e-02
   4.0999500e-02
   4.0237800e-02
   3.9092300e-02
   3.7477800e-02
   3.5396100e-02
   3.2851500e-02
   2.9788000e-02
   2.6243000e-02
   2.2373700e-02
   1.8306600e-02
   1.4154800e-02
   1.0079900e-02
   6.2359200e-03
   2.7192000e-03
  -4.0958600e-04
  -3.1391800e-03
  -5.5221400e-03
  -7.6089300e-03
  -9.4024300e-03
  -1.0883700e-02
  -1.2019900e-02
  -1.2764800e-02
  -1.3075000e-02
  -1.2937400e-02
  -1.2376900e-02
  -1.1468600e-02
  -1.0342100e-02
  -9.1569400e-03
  -8.0602400e-03
  -7.1621300e-03
  -6.5222300e-03
  -6.1511800e-03
  -6.0178100e-03
  -6.0726500e-03
  -6.3129000e-03
  -6.7785200e-03
  -7.4603700e-03
  -8.3050400e-03
  -9.2678100e-03
  -1.0348800e-02
  -1.1569700e-02
  -1.2897700e-02
  -1.4235500e-02
  -1.5474500e-02
  -1.6547500e-02
  -1.7438800e-02
  -1.8114200e-02
  -1.8525200e-02
  -1.8660100e-02
  -1.8529900e-02
  -1.8147100e-02
  -1.7560200e-02
  -1.6856000e-02
  -1.6131100e-02
  -1.5468900e-02
  -1.4919800e-02
  -1.4442000e-02
  -1.3929600e-02
  -1.3326600e-02
  -1.2689300e-02
  -1.2168000e-02
  -1.1889400e-02
  -1.1899300e-02
  -1.2208500e-02
  -1.2808600e-02
  -1.3673100e-02
  -1.4782400e-02
  -1.6109900e-02
  -1.7535700e-02
  -1.8873400e-02
  -1.9963800e-02
  -2.0687800e-02
  -2.0961600e-02
  -2.0754400e-02
  -2.0107200e-02
  -1.9132400e-02
  -1.7938200e-02
  -1.6582500e-02
  -1.5141000e-02
  -1.3715500e-02
  -1.2368700e-02
  -1.1091000e-02
  -9.8163300e-03
  -8.5138400e-03
  -7.1981100e-03
  -5.8540800e-03
  -4.4679200e-03
  -3.0764200e-03
  -1.6969500e-03
  -3.0940700e-04
   1.0657600e-03
   2.3577400e-03
   3.4809600e-03
   4.3235600e-03
   4.7458400e-03
   4.6007700e-03
   3.8186500e-03
   2.4926500e-03
   8.0830400e-04
  -1.0631600e-03
  -3.0422400e-03
  -5.1161200e-03
  -7.2563400e-03
  -9.4552000e-03
  -1.1758400e-02
  -1.4205900e-02
  -1.6783800e-02
  -1.9421600e-02
  -2.2035200e-02
  -2.4565900e-02
  -2.6928200e-02
  -2.9025700e-02
  -3.0840300e-02
  -3.2420400e-02
  -3.3820700e-02
  -3.5060200e-02
  -3.6118500e-02
  -3.6971700e-02
  -3.7661200e-02
  -3.8330400e-02
  -3.9098800e-02
  -3.9992800e-02
  -4.1027500e-02
  -4.2222800e-02
  -4.3561300e-02
  -4.4990800e-02
  -4.6445200e-02
  -4.7863000e-02
  -4.9197400e-02
  -5.0419500e-02
  -5.1497800e-02
  -5.2382800e-02
  -5.2997100e-02
  -5.3263900e-02
  -5.3162500e-02
  -5.2715900e-02
  -5.1959800e-02
  -5.0961600e-02
  -4.9818400e-02
  -4.8600500e-02
  -4.7319400e-02
  -4.5932300e-02
  -4.4395900e-02
  -4.2703800e-02
  -4.0881800e-02
  -3.8973600e-02
  -3.7027300e-02
  -3.5062500e-02
  -3.3052500e-02
  -3.0918100e-02
  -2.8566200e-02
  -2.5947500e-02
  -2.3050700e-02
  -1.9882800e-02
  -1.6523600e-02
  -1.3120700e-02
  -9.8033700e-03
  -6.6291100e-03
  -3.5827100e-03
  -6.5228600e-04
   2.1279500e-03
   4.7102400e-03
   7.0717300e-03
   9.2400900e-03
   1.1256300e-02
   1.3143500e-02
   1.4907900e-02
   1.6537600e-02
   1.7989100e-02
   1.9204500e-02
   2.0138300e-02
   2.0775000e-02
   2.1154900e-02
   2.1409100e-02
   2.1727600e-02
   2.2289800e-02
   2.3196200e-02
   2.4447800e-02
   2.5974700e-02
   2.7668000e-02
   2.9406300e-02
   3.1055100e-02
   3.2478200e-02
   3.3575800e-02
   3.4333400e-02
   3.4847900e-02
   3.5244400e-02
   3.5595900e-02
   3.5925900e-02
   3.6226300e-02
   3.6468600e-02
   3.6574300e-02
   3.6413200e-02
   3.5874700e-02
   3.4885300e-02
   3.3341200e-02
   3.1140900e-02
   2.8262800e-02
   2.4799000e-02
   2.0925100e-02
   1.6822000e-02
   1.2651000e-02
   8.5596000e-03
   4.6419100e-03
   9.1406200e-04
  -2.6599500e-03
  -6.0976400e-03
  -9.3301400e-03
  -1.2247100e-02
  -1.4764700e-02
  -1.6787500e-02
  -1.8208400e-02
  -1.8958300e-02
  -1.9008700e-02
  -1.8359900e-02
  -1.7020800e-02
  -1.5011500e-02
  -1.2382200e-02
  -9.2166200e-03
  -5.6242800e-03
  -1.7273800e-03
   2.3451500e-03
   6.4490600e-03
   1.0456400e-02
   1.4298900e-02
   1.7944700e-02
   2.1370500e-02
   2.4567000e-02
   2.7543100e-02
   3.0320300e-02
   3.2905900e-02
   3.5280200e-02
   3.7414000e-02
   3.9272900e-02
   4.0809700e-02
   4.1978100e-02
   4.2752800e-02
   4.3110400e-02
   4.3028900e-02
   4.2505500e-02
   4.1526000e-02
   4.0044900e-02
   3.8043000e-02
   3.5553200e-02
   3.2619500e-02
   2.9248300e-02
   2.5398000e-02
   2.1036900e-02
   1.6192700e-02
   1.0944900e-02
   5.4234100e-03
  -1.9673800e-04
  -5.7053400e-03
  -1.0900500e-02
  -1.5656000e-02
  -1.9917700e-02
  -2.3651400e-02
  -2.6885500e-02
  -2.9735700e-02
  -3.2309300e-02
  -3.4670900e-02
  -3.6883700e-02
  -3.8992700e-02
  -4.1012000e-02
  -4.2987000e-02
  -4.4982300e-02
  -4.6971100e-02
  -4.8838700e-02
  -5.0449600e-02
  -5.1694000e-02
  -5.2510400e-02
  -5.2892600e-02
  -5.2864400e-02
  -5.2454500e-02
  -5.1695000e-02
  -5.0620600e-02
  -4.9248600e-02
  -4.7612000e-02
  -4.5804300e-02
  -4.3912900e-02
  -4.1967700e-02
  -3.9989300e-02
  -3.8026300e-02
  -3.6159600e-02
  -3.4481000e-02
  -3.3057300e-02
  -3.1892400e-02
  -3.0950700e-02
  -3.0226800e-02
  -2.9728200e-02
  -2.9433300e-02
  -2.9292000e-02
  -2.9230900e-02
  -2.9148600e-02
  -2.8954400e-02
  -2.8606900e-02
  -2.8086500e-02
  -2.7384200e-02
  -2.6537200e-02
  -2.5642600e-02
  -2.4824800e-02
  -2.4100100e-02
  -2.3351000e-02
  -2.2487800e-02
  -2.1493400e-02
  -2.0370500e-02
  -1.9126700e-02
  -1.7785200e-02
  -1.6404900e-02
  -1.5045100e-02
  -1.3698000e-02
  -1.2296400e-02
  -1.0766600e-02
  -9.1111000e-03
  -7.4068100e-03
  -5.7322700e-03
  -4.1607200e-03
  -2.7624100e-03
  -1.5350900e-03
  -4.0897700e-04
   6.5555500e-04
   1.6474200e-03
   2.5296700e-03
   3.2343400e-03
   3.6728300e-03
   3.7672600e-03
   3.4366700e-03
   2.5876500e-03
   1.1936500e-03
  -6.6728100e-04
  -2.8775100e-03
  -5.3047800e-03
  -7.7969500e-03
  -1.0204800e-02
  -1.2413000e-02
  -1.4356500e-02
  -1.6037200e-02
  -1.7519400e-02
  -1.8826500e-02
  -1.9888700e-02
  -2.0682500e-02
  -2.1229300e-02
  -2.1457700e-02
  -2.1272900e-02
  -2.0672600e-02
  -1.9682200e-02
  -1.8309900e-02
  -1.6570300e-02
  -1.4495100e-02
  -1.2126700e-02
  -9.4626500e-03
  -6.4531100e-03
  -3.0751900e-03
   6.4306100e-04
   4.6279200e-03
   8.7311200e-03
   1.2753800e-02
   1.6560300e-02
   2.0083500e-02
   2.3264500e-02
   2.6050500e-02
   2.8420300e-02
   3.0388700e-02
   3.1988900e-02
   3.3244400e-02
   3.4170700e-02
   3.4788400e-02
   3.5128900e-02
   3.5220200e-02
   3.5068800e-02
   3.4685900e-02
   3.4114800e-02
   3.3390400e-02
   3.2497900e-02
   3.1355900e-02
   2.9902600e-02
   2.8187100e-02
   2.6316700e-02
   2.4405900e-02
   2.2573900e-02
   2.0881100e-02
   1.9269000e-02
   1.7674200e-02
   1.6111600e-02
   1.4642500e-02
   1.3338400e-02
   1.2266300e-02
   1.1544400e-02
   1.1333900e-02
   1.1692600e-02
   1.2556500e-02
   1.3843600e-02
   1.5482400e-02
   1.7399700e-02
   1.9491200e-02
   2.1627100e-02
   2.3690300e-02
   2.5617200e-02
   2.7416100e-02
   2.9141100e-02
   3.0829500e-02
   3.2419900e-02
   3.3785500e-02
   3.4820000e-02
   3.5440700e-02
   3.5586400e-02
   3.5238200e-02
   3.4424700e-02
   3.3212800e-02
   3.1667900e-02
   2.9834200e-02
   2.7743300e-02
   2.5409000e-02
   2.2815500e-02
   1.9935000e-02
   1.6757300e-02
   1.3328400e-02
   9.7478300e-03
   6.1363200e-03
   2.6286900e-03
  -6.3604100e-04
  -3.5474600e-03
  -6.0569900e-03
  -8.2023400e-03
  -1.0071300e-02
  -1.1747700e-02
  -1.3296300e-02
  -1.4754700e-02
  -1.6114400e-02
  -1.7344700e-02
  -1.8436800e-02
  -1.9386700e-02
  -2.0181700e-02
  -2.0837300e-02
  -2.1394500e-02
  -2.1873300e-02
  -2.2247600e-02
  -2.2450400e-02
  -2.2407300e-02
  -2.2074900e-02
  -2.1471100e-02
  -2.0632300e-02
  -1.9561600e-02
  -1.8266000e-02
  -1.6780200e-02
  -1.5117400e-02
  -1.3248000e-02
  -1.1117400e-02
  -8.7180000e-03
  -6.1239900e-03
  -3.4280700e-03
  -6.9994800e-04
   2.0095000e-03
   4.6483600e-03
   7.1501300e-03
   9.4539000e-03
   1.1530800e-02
   1.3413400e-02
   1.5184200e-02
   1.6941500e-02
   1.8772700e-02
   2.0731400e-02
   2.2808000e-02
   2.4951400e-02
   2.7114800e-02
   2.9224600e-02
   3.1164800e-02
   3.2842500e-02
   3.4201500e-02
   3.5176000e-02
   3.5716100e-02
   3.5835000e-02
   3.5602000e-02
   3.5108500e-02
   3.4423000e-02
   3.3579800e-02
   3.2598800e-02
   3.1518200e-02
   3.0392200e-02
   2.9221900e-02
   2.7973900e-02
   2.6661800e-02
   2.5350100e-02
   2.4118600e-02
   2.3037200e-02
   2.2152400e-02
   2.1481000e-02
   2.1011900e-02
   2.0711400e-02
   2.0533900e-02
   2.0439700e-02
   2.0425500e-02
   2.0522600e-02
   2.0773400e-02
   2.1236900e-02
   2.1971300e-02
   2.2959200e-02
   2.4123200e-02
   2.5413400e-02
   2.6800200e-02
   2.8241000e-02
   2.9683600e-02
   3.1069300e-02
   3.2325900e-02
   3.3416600e-02
   3.4385500e-02
   3.5306400e-02
   3.6233900e-02
   3.7197600e-02
   3.8188800e-02
   3.9151700e-02
   4.0004000e-02
   4.0669100e-02
   4.1093400e-02
   4.1242400e-02
   4.1083000e-02
   4.0589200e-02
   3.9759000e-02
   3.8617700e-02
   3.7201100e-02
   3.5525700e-02
   3.3569500e-02
   3.1285500e-02
   2.8653900e-02
   2.5691700e-02
   2.2394400e-02
   1.8766900e-02
   1.4879200e-02
   1.0801800e-02
   6.5539400e-03
   2.1321200e-03
  -2.4379200e-03
  -7.0636500e-03
  -1.1659400e-02
  -1.6191600e-02
  -2.0612200e-02
  -2.4836400e-02
  -2.8782000e-02
  -3.2369500e-02
  -3.5531900e-02
  -3.8261000e-02
  -4.0608300e-02
  -4.2633300e-02
  -4.4389200e-02
  -4.5922000e-02
  -4.7245400e-02
  -4.8349200e-02
  -4.9247600e-02
  -4.9967500e-02
  -5.0527000e-02
  -5.0989200e-02
  -5.1471500e-02
  -5.2067600e-02
  -5.2801600e-02
  -5.3618900e-02
  -5.4393300e-02
  -5.4960000e-02
  -5.5175000e-02
  -5.4979400e-02
  -5.4441800e-02
  -5.3698100e-02
  -5.2881700e-02
  -5.2103000e-02
  -5.1470600e-02
  -5.1113900e-02
  -5.1085500e-02
  -5.1293700e-02
  -5.1595300e-02
  -5.1878700e-02
  -5.2096400e-02
  -5.2239100e-02
  -5.2303200e-02
  -5.2314600e-02
  -5.2312500e-02
  -5.2284600e-02
  -5.2203000e-02
  -5.2090500e-02
  -5.2008500e-02
  -5.2005600e-02
  -5.2056700e-02
  -5.2102100e-02
  -5.2125300e-02
  -5.2128900e-02
  -5.2093400e-02
  -5.1964600e-02
  -5.1699000e-02
  -5.1321300e-02
  -5.0865500e-02
  -5.0326200e-02
  -4.9701400e-02
