  -2.1025900e-01
  -1.7188700e-01
  -1.4056600e-01
  -1.0877900e-01
  -7.4629200e-02
  -6.2602400e-02
  -7.0785900e-02
  -7.1215700e-02
  -5.7617500e-02
  -2.8731500e-02
   2.2957300e-02
   9.9028600e-02
   1.9054900e-01
   2.5663600e-01
   2.6945200e-01
   2.4798900e-01
   2.0593400e-01
   1.3939500e-01
   6.0755700e-02
  -7.7545500e-03
  -6.5433800e-02
  -1.2343600e-01
  -1.8027000e-01
  -2.2852900e-01
  -2.3481000e-01
  -1.7763700e-01
  -5.7430700e-02
   5.7185000e-02
   1.5330900e-01
   1.4122500e-01
   6.0968800e-02
  -5.4371800e-03
  -8.3460000e-02
  -1.2950300e-01
  -1.3526800e-01
  -1.3825500e-01
  -1.4275800e-01
  -1.3315700e-01
  -1.2774800e-01
  -1.3857500e-01
  -1.5310300e-01
  -1.4695700e-01
  -1.1961100e-01
  -9.4382400e-02
  -8.3773200e-02
  -8.7925800e-02
  -1.0640800e-01
  -1.0204900e-01
  -3.0430200e-02
   7.7795100e-02
   1.9427700e-01
   2.6804200e-01
   2.9964500e-01
   3.0926200e-01
   2.9949200e-01
   2.7185900e-01
   2.1878000e-01
   1.7136100e-01
   1.0079400e-01
   9.1296600e-03
  -1.0407700e-01
  -1.9527100e-01
  -2.4624500e-01
  -2.2600600e-01
  -1.3482200e-01
   1.5178900e-02
   7.6425400e-02
   7.6104000e-02
   4.4821600e-02
  -7.7886700e-03
  -6.5324200e-02
  -1.2615100e-01
  -1.6835800e-01
  -1.7950600e-01
  -1.4669300e-01
  -1.7439600e-02
   1.1855900e-01
   1.3979300e-01
   1.1980100e-01
   9.9978900e-02
   7.6183300e-02
   4.7631300e-02
   3.1322000e-02
   2.6032800e-02
   3.8651700e-03
  -1.8943200e-02
  -5.5293600e-02
  -8.8724400e-02
  -7.3105800e-02
  -1.5049000e-02
   4.1505200e-02
   8.8732700e-02
   9.2368500e-02
   5.8211500e-02
   6.7974600e-03
  -4.8866900e-02
  -9.5059700e-02
  -8.3323800e-02
   1.2667200e-02
   1.1312400e-01
   1.3057300e-01
   1.1509800e-01
   7.4975900e-02
   2.6741400e-02
  -3.5609300e-02
  -9.7708400e-02
  -1.3924800e-01
  -1.4429500e-01
  -1.2224900e-01
  -7.9864400e-02
  -3.6789500e-02
  -5.5677600e-03
   6.8648100e-03
   2.0702300e-02
   3.5273800e-02
   7.5022600e-02
   1.0546300e-01
   1.0591200e-01
   6.0443200e-02
  -1.5008300e-02
  -8.8987600e-02
  -1.2036900e-01
  -6.4643600e-02
   8.2250700e-02
   1.7831000e-01
   2.2177500e-01
   1.9538000e-01
   1.2579400e-01
   4.1809800e-02
  -4.9967200e-02
  -1.4986700e-01
  -2.2462800e-01
  -2.5124000e-01
  -1.9107100e-01
  -8.2753700e-02
   8.4379100e-02
   1.5742000e-01
   1.3629800e-01
   8.0846800e-02
  -7.6305100e-03
  -8.5700500e-02
  -1.4462200e-01
  -1.8570900e-01
  -2.0236800e-01
  -1.9700800e-01
  -1.2983000e-01
   2.1926400e-02
   1.2996300e-01
   1.6030500e-01
   1.5283800e-01
   1.4211200e-01
   1.3258700e-01
   1.3041700e-01
   1.7403400e-01
   2.6114500e-01
   3.1684300e-01
   3.0798600e-01
   2.5548900e-01
   1.7991600e-01
   9.1637600e-02
   1.5988800e-02
  -5.7115000e-02
  -1.3879300e-01
  -2.1361900e-01
  -2.7874700e-01
  -3.3769800e-01
  -3.6185500e-01
  -3.7286700e-01
  -3.5890100e-01
  -3.3744200e-01
  -3.0721100e-01
  -2.3458400e-01
  -4.9285900e-02
   1.2687400e-01
   2.5604600e-01
   2.9829600e-01
   2.8822200e-01
   3.0740800e-01
   3.5467600e-01
   3.8399700e-01
   3.8726000e-01
   3.7658600e-01
   3.5039300e-01
   2.6733300e-01
   1.5967000e-01
   5.9740800e-02
  -3.6985900e-02
  -1.3644700e-01
  -2.2912200e-01
  -3.2315900e-01
  -4.1836600e-01
  -5.4055700e-01
  -6.1689300e-01
  -6.0601200e-01
  -4.8814600e-01
  -3.4350600e-01
  -2.6403700e-01
  -1.8940000e-01
  -1.0851700e-01
  -3.3497400e-02
   1.4771400e-02
   2.4344100e-02
   2.2424700e-02
   4.8428000e-02
   1.1127300e-01
   1.6312900e-01
   1.9684200e-01
   1.9302400e-01
   1.6003000e-01
   9.7206000e-02
   8.2306500e-03
  -7.8514000e-02
  -1.6524200e-01
  -2.0815600e-01
  -1.6878400e-01
  -5.3180000e-02
   8.1953000e-02
   1.7918400e-01
   2.4097600e-01
   2.7192300e-01
   2.7461900e-01
   2.7432100e-01
   2.7154100e-01
   2.7382500e-01
   2.7240500e-01
   2.5209900e-01
   2.1806500e-01
   1.7975900e-01
   1.4452900e-01
   1.0596700e-01
   6.4269000e-02
   2.0300000e-02
  -1.4856500e-02
  -4.3804000e-02
  -3.3544700e-02
   3.2297400e-03
   1.0479100e-02
  -8.8325400e-03
  -5.7229100e-02
  -1.0753100e-01
  -1.5741800e-01
  -2.0581500e-01
  -2.5257500e-01
  -2.6013200e-01
  -2.0342200e-01
  -1.3613800e-01
  -7.1780900e-02
  -2.0183100e-02
  -1.0962500e-02
  -2.0433800e-02
  -2.1271000e-02
  -2.6091200e-02
  -3.5478900e-02
  -3.6533000e-02
  -1.0506500e-02
   2.4379200e-02
   5.7167600e-02
   8.8557400e-02
   1.2162800e-01
   1.5292400e-01
   1.8286800e-01
   2.1103600e-01
   2.2251100e-01
   2.1789500e-01
   1.9845200e-01
   1.6141700e-01
   1.1988900e-01
   8.1743400e-02
  -1.4549600e-02
  -1.3517900e-01
  -2.3880800e-01
  -3.5754400e-01
  -4.3774800e-01
  -4.9603700e-01
  -4.9087200e-01
  -4.1727200e-01
  -3.3793800e-01
  -2.7078800e-01
  -1.6326300e-01
  -6.3558300e-02
   2.4327400e-04
   6.0596800e-02
   1.2546300e-01
   1.8307800e-01
   2.2862800e-01
   2.4977500e-01
   2.8184800e-01
   3.1065500e-01
   3.2396700e-01
   2.9757600e-01
   2.2940900e-01
   1.4631400e-01
   6.3901300e-02
  -2.9378800e-02
  -1.1708800e-01
  -1.8283500e-01
  -1.4966000e-01
  -7.1753100e-02
   5.5827300e-02
   1.2661300e-01
   9.7799700e-02
   4.5249500e-02
  -1.6042800e-02
  -6.0806100e-02
  -4.8968600e-02
  -9.3777700e-03
   2.3742700e-02
   2.8028900e-02
  -8.0606100e-03
  -5.0973600e-02
  -9.0955800e-02
  -1.2219700e-01
  -1.1587500e-01
  -8.1431700e-02
  -5.0296300e-02
  -2.1372800e-02
  -1.4033800e-02
  -2.9224300e-02
  -4.3645200e-02
  -4.0799900e-02
  -3.4216700e-03
   5.5341600e-02
   1.1117100e-01
   1.6567700e-01
   2.1861700e-01
   2.5953700e-01
   2.4697300e-01
   2.1074500e-01
   1.7245300e-01
   1.3453700e-01
   8.0500400e-02
   1.8189900e-02
  -4.1837700e-02
  -7.5799700e-02
  -8.7663500e-02
  -1.0566700e-01
  -1.3031800e-01
  -1.5032200e-01
  -1.5267100e-01
  -1.2933400e-01
  -9.6198900e-02
  -6.4337700e-02
  -4.0119200e-02
  -3.6797500e-02
  -4.0357900e-02
  -3.4805300e-02
  -1.9364900e-02
   1.0447700e-03
   1.8533600e-02
   3.7492300e-02
   5.2310400e-02
   5.7464100e-02
   3.5442400e-02
  -2.5173300e-03
  -3.9598500e-02
  -7.5401600e-02
  -1.1127100e-01
  -1.4191600e-01
  -1.4859900e-01
  -1.3569500e-01
  -9.3854000e-02
  -4.0204000e-02
   6.9292000e-03
   5.7671800e-02
   1.0279400e-01
   1.5315100e-01
   1.8941100e-01
   2.4025300e-01
   2.5882600e-01
   2.4293200e-01
   2.0489100e-01
   1.5352300e-01
   1.0466600e-01
   5.4859200e-02
   7.2446900e-03
  -3.3567000e-02
  -5.4342700e-02
  -7.5108900e-02
  -1.0159700e-01
  -1.2837000e-01
  -1.4976800e-01
  -1.4713200e-01
  -1.3512300e-01
  -1.3023700e-01
  -1.2499500e-01
  -1.1435500e-01
  -1.0421800e-01
  -8.6401300e-02
  -6.4274100e-02
  -4.3383100e-02
  -2.3219100e-02
  -2.6037100e-03
   1.2616000e-02
   3.1230600e-02
   6.4421200e-02
   9.7088300e-02
   1.2497200e-01
   1.3784000e-01
   1.2870600e-01
   1.1175900e-01
   9.6075700e-02
   7.6059800e-02
   6.3093900e-02
   6.6919200e-02
   7.2408500e-02
   7.3123900e-02
   6.7790100e-02
   5.5232200e-02
   2.4224900e-02
  -1.1532500e-02
  -1.8290200e-02
   7.0518500e-03
   5.5854500e-02
   9.9976800e-02
   1.0090400e-01
   6.3058300e-02
   1.7118900e-04
  -6.3902900e-02
  -1.1780700e-01
  -1.2654400e-01
  -1.0308300e-01
  -8.1366200e-02
  -7.5090800e-02
  -9.1229100e-02
  -1.1278600e-01
  -1.2107000e-01
  -8.0000300e-02
  -2.3016400e-03
   7.4531700e-02
   1.2642600e-01
   1.4835400e-01
   1.4206100e-01
   1.2559000e-01
   1.0015000e-01
   7.3421900e-02
   5.1146700e-02
   3.6995300e-02
   1.8736400e-02
  -2.7621100e-02
  -8.3024300e-02
  -1.3069000e-01
  -1.8273200e-01
  -2.1533100e-01
  -2.1145000e-01
  -1.5867200e-01
  -8.4278600e-02
  -1.2419500e-02
   2.5638400e-02
   2.6849100e-02
  -2.3870400e-04
  -3.6124500e-02
  -7.3264800e-02
  -9.0676300e-02
  -7.2884300e-02
  -3.4892800e-02
  -8.3901500e-03
   1.3634500e-02
   3.0060100e-02
   6.8882300e-02
   1.2075000e-01
   1.6982900e-01
   2.1708000e-01
   2.6550500e-01
   2.8374900e-01
   2.4948700e-01
   1.8923400e-01
   1.4109100e-01
   6.7810300e-02
  -1.1809000e-02
  -8.8323700e-02
  -1.4529800e-01
  -1.6778100e-01
  -1.5879200e-01
  -1.1770500e-01
  -5.8863300e-02
  -2.2829800e-03
   5.1638000e-02
   1.0666900e-01
   1.4654400e-01
   1.5876600e-01
   1.4365000e-01
   1.0303300e-01
   6.0275600e-02
   2.0689700e-02
  -1.9490000e-02
  -5.9111000e-02
  -9.3818700e-02
  -1.0767900e-01
  -9.7459000e-02
  -6.5511600e-02
  -3.1864700e-02
  -1.7729400e-02
  -2.8920100e-02
  -5.1126300e-02
  -6.4640600e-02
  -6.4536300e-02
  -5.2052000e-02
  -3.6446300e-02
  -2.5865100e-02
  -1.8981100e-02
  -9.4196800e-03
   1.6029900e-02
   4.1460000e-02
   3.2024200e-02
   1.3580000e-02
   1.6098100e-02
   3.8258200e-02
   5.6051000e-02
   6.8259300e-02
   7.4435400e-02
   6.7315100e-02
   5.7252000e-02
   4.4258700e-02
   2.3107000e-02
  -9.5349400e-04
  -2.0255300e-02
  -5.7073900e-02
  -1.1365600e-01
  -1.7299500e-01
  -2.4260000e-01
  -3.0566900e-01
  -3.6517100e-01
  -4.2146900e-01
  -4.7808400e-01
  -4.9359400e-01
  -4.6748100e-01
  -4.3105900e-01
  -4.0393400e-01
  -3.8699100e-01
  -3.7426500e-01
  -3.2980600e-01
  -2.4454700e-01
  -1.4576500e-01
  -5.1353600e-02
   3.0320100e-02
   8.2228300e-02
   1.1210700e-01
   1.3757700e-01
   1.6035200e-01
   1.8118300e-01
   2.1136600e-01
   2.5438500e-01
   2.9539800e-01
   3.1635100e-01
   3.0693500e-01
   2.6447500e-01
   2.1258000e-01
   1.6469300e-01
   1.1443900e-01
   6.7859900e-02
   1.9654000e-02
  -7.0407200e-03
  -1.4912900e-02
  -2.5031500e-02
  -3.6533100e-02
  -3.7062000e-02
  -3.6875500e-02
  -3.2415500e-02
  -2.1425100e-02
   7.7870000e-03
   3.3670500e-02
   3.2470700e-02
   9.7687700e-03
  -3.7917400e-03
  -9.1764800e-03
  -1.9946700e-02
  -2.4600700e-02
  -6.4275400e-03
   2.8426200e-02
   6.1143900e-02
   9.3750300e-02
   1.2469900e-01
   1.3858600e-01
   1.3762600e-01
   1.2454500e-01
   8.9421000e-02
   5.4631200e-02
   2.8647400e-02
   1.5893500e-02
   2.1701500e-02
   4.2088800e-02
   8.3239700e-02
   1.4637200e-01
   1.9370400e-01
   2.2676400e-01
   2.6238900e-01
   2.7568900e-01
   2.7265200e-01
   2.5592000e-01
   2.2176500e-01
   1.8100600e-01
   1.4375800e-01
   1.0536800e-01
   6.7486600e-02
   1.7277800e-02
  -3.7543700e-02
  -8.9939700e-02
  -1.2855000e-01
  -1.5774700e-01
  -1.8260700e-01
  -1.9718300e-01
  -2.0354800e-01
  -2.0495400e-01
  -1.9833300e-01
  -1.8631700e-01
  -1.5491900e-01
  -9.7829400e-02
  -4.1110500e-02
   1.3711900e-02
   6.8951900e-02
   1.1213000e-01
   1.4115100e-01
   1.6067000e-01
   1.5380100e-01
   1.2326800e-01
   9.0614000e-02
   6.0025600e-02
   2.7126000e-02
  -7.5378200e-03
  -4.7259300e-02
  -8.4662500e-02
  -1.1585600e-01
  -1.4431900e-01
  -1.6233100e-01
  -1.6358300e-01
  -1.4716200e-01
  -1.0221900e-01
  -4.8115600e-02
  -2.0647200e-03
   3.0787200e-02
   5.5242500e-02
   7.5528300e-02
   8.8691500e-02
   9.4428300e-02
   8.9984300e-02
   6.2086600e-02
   1.5422500e-02
  -2.2316300e-02
  -7.6857300e-02
  -1.4436800e-01
  -1.8849200e-01
  -2.0611600e-01
  -2.0840300e-01
  -1.9668600e-01
  -1.6714100e-01
  -1.3157700e-01
  -9.8245900e-02
  -6.5590500e-02
  -4.4214800e-02
  -3.1313900e-02
  -2.1612300e-02
  -1.1124100e-02
   1.0440300e-02
   3.6918500e-02
   4.8353700e-02
   4.5729000e-02
   3.7484400e-02
   2.6620400e-02
   1.5473500e-02
   1.1957400e-02
   1.8306200e-02
   3.3143900e-02
   4.7586700e-02
   5.0719400e-02
   4.0660400e-02
   2.1915200e-02
   4.5232300e-03
  -7.3577100e-04
   2.4239600e-03
   6.9013800e-03
  -1.5242900e-03
  -2.4211100e-02
  -5.0208000e-02
  -7.2489500e-02
  -8.7643600e-02
  -6.6473100e-02
  -2.5358700e-02
   1.4684700e-02
   5.2578000e-02
   9.1812800e-02
   1.1469200e-01
   1.1941900e-01
   1.2346200e-01
   1.2127800e-01
   1.1124600e-01
   9.8286400e-02
   7.5903300e-02
   5.0488700e-02
   2.6138000e-02
   1.0943800e-02
   5.1893200e-03
  -1.2223700e-03
  -8.6310300e-03
  -2.1024300e-02
  -3.0050900e-02
  -3.2134900e-02
  -3.1434200e-02
  -2.6342100e-02
  -8.7522100e-03
   1.3686900e-02
   3.4792100e-02
   4.6002600e-02
   4.8161700e-02
   5.0948500e-02
   5.9178400e-02
   8.0478400e-02
   1.0059700e-01
   1.0430600e-01
   1.0540200e-01
   1.0079000e-01
   9.2591500e-02
   6.7489000e-02
   2.3737200e-02
  -1.8440000e-02
  -5.8123500e-02
  -9.9271500e-02
  -1.3874800e-01
  -1.7744200e-01
  -2.0194900e-01
  -1.9820000e-01
  -1.7960100e-01
  -1.5674100e-01
  -1.3544100e-01
  -1.2019700e-01
  -1.0780500e-01
  -9.1043300e-02
  -7.5318100e-02
  -6.3088100e-02
  -5.5017200e-02
  -5.0009700e-02
  -3.8275900e-02
  -1.8121900e-02
   1.4664000e-02
   6.3257600e-02
   1.0855300e-01
   1.4238800e-01
   1.6180200e-01
   1.6703800e-01
   1.6218100e-01
   1.4633400e-01
   1.2696400e-01
   1.0487000e-01
   8.0161100e-02
   6.3286300e-02
   5.7345500e-02
   5.4667700e-02
   5.9385800e-02
   6.2201500e-02
   5.8319400e-02
   4.4784100e-02
   3.1870700e-02
   3.1049700e-02
   4.3745300e-02
   5.9456100e-02
   7.9062600e-02
   9.0546700e-02
   8.9636800e-02
   7.8575000e-02
   5.3641400e-02
   2.0853400e-02
  -4.2804900e-03
  -2.7358800e-02
  -4.0389300e-02
  -5.0152900e-02
  -5.7330700e-02
  -6.1639300e-02
  -6.5112200e-02
  -7.0917200e-02
  -7.4939200e-02
  -7.8009300e-02
  -7.2990500e-02
  -5.3645700e-02
  -3.4533000e-03
   4.9704200e-02
   9.6188000e-02
   1.1943600e-01
   1.1274200e-01
   8.8476900e-02
   5.4651500e-02
   4.4769600e-04
  -6.3240600e-02
  -1.0843100e-01
  -1.3579600e-01
  -1.4164100e-01
  -1.2329100e-01
  -1.0020100e-01
  -7.8637000e-02
  -6.1673200e-02
  -6.1169500e-02
  -6.4200700e-02
  -6.9215800e-02
  -7.6258200e-02
  -7.9939400e-02
  -7.8190400e-02
  -6.9385400e-02
  -5.2494800e-02
  -4.4418000e-02
  -4.3375700e-02
  -4.5514700e-02
  -5.1875200e-02
  -5.1100100e-02
  -3.8900500e-02
  -1.7039400e-02
   1.4917300e-02
   4.9248700e-02
   7.5064800e-02
   9.4472100e-02
   9.9453300e-02
   9.3509000e-02
   7.9756600e-02
   6.3352300e-02
   4.8921500e-02
   3.3955900e-02
   2.4868700e-02
   1.6060500e-02
   5.8603600e-03
  -6.4497000e-03
  -1.4904100e-02
  -1.9055200e-02
  -1.4448900e-02
  -7.3153900e-03
   6.5013100e-03
   2.4836400e-02
   4.3414400e-02
   5.4561500e-02
   5.5863500e-02
   4.5528700e-02
   3.3944500e-02
   2.5384800e-02
   1.8643700e-02
   4.3863900e-03
  -1.7069800e-02
  -4.8518300e-02
  -8.7151900e-02
  -1.2770300e-01
  -1.5919800e-01
  -1.6910500e-01
  -1.5725900e-01
  -1.2422300e-01
  -8.4653200e-02
  -4.8088600e-02
  -1.4354600e-02
   6.8201900e-03
   2.9521200e-02
   5.6743700e-02
   9.3658200e-02
   1.1624400e-01
   1.2696400e-01
   1.2884800e-01
   1.1721900e-01
   9.4558000e-02
   6.4155200e-02
   3.2063300e-02
   8.8266300e-03
   1.7862600e-03
   4.6810300e-03
   5.5341300e-03
   7.4942800e-03
   7.6965200e-03
   7.4606300e-05
  -8.6747400e-03
  -1.0262400e-02
  -5.5311100e-03
   9.4520100e-03
   3.2044300e-02
   5.2625500e-02
   6.1363500e-02
   5.4372800e-02
   3.7010300e-02
   1.5179100e-02
  -5.8648700e-03
  -2.7530900e-02
  -4.4730100e-02
  -5.3062200e-02
  -5.0543900e-02
  -4.4423600e-02
  -3.8729900e-02
  -3.6857800e-02
  -3.9084700e-02
  -4.3161300e-02
  -4.3336500e-02
  -4.0995400e-02
  -3.4578800e-02
  -2.5732700e-02
  -1.2208200e-02
   3.5009200e-03
   1.9026400e-02
   3.4203700e-02
   4.6461100e-02
   4.9467800e-02
   4.6492800e-02
   3.3115800e-02
   1.5577600e-02
   4.1532300e-04
  -1.2878900e-02
  -2.1777900e-02
  -2.7755200e-02
  -3.1226600e-02
  -3.4080000e-02
  -3.3928300e-02
  -3.2734100e-02
  -3.3765700e-02
  -3.8328700e-02
  -4.2298200e-02
  -4.2769500e-02
  -3.4023200e-02
  -1.5333900e-02
   3.1432700e-03
   1.6238200e-02
   1.6918300e-02
   4.7696900e-03
  -1.4720800e-02
  -3.4259400e-02
  -4.8320800e-02
  -4.5676000e-02
  -2.4260400e-02
   3.6547200e-04
   2.3245400e-02
   4.6975000e-02
   6.1002100e-02
   6.0621100e-02
   5.0734500e-02
   2.9005800e-02
   5.9655400e-03
  -1.6051500e-02
  -3.0816900e-02
  -2.1329000e-02
  -5.3689100e-04
   1.8924800e-02
   3.8105400e-02
   5.2779700e-02
   5.5684000e-02
