  -1.8236200e-01
  -1.7925500e-01
  -1.7605500e-01
  -1.7163100e-01
  -1.6474400e-01
  -1.5429600e-01
  -1.3907500e-01
  -1.2078800e-01
  -1.0250300e-01
  -8.3555500e-02
  -6.1996300e-02
  -3.8684600e-02
  -1.5387000e-02
   6.4487000e-03
   2.6557900e-02
   4.5572600e-02
   6.2431200e-02
   7.5629700e-02
   8.4670500e-02
   8.9048600e-02
   8.8909800e-02
   8.4450000e-02
   7.6712600e-02
   6.8013700e-02
   6.0087500e-02
   5.4130300e-02
   5.0071000e-02
   4.7084200e-02
   4.3864100e-02
   3.8761100e-02
   3.0558200e-02
   1.8717200e-02
   3.8446900e-03
  -1.3163300e-02
  -3.2273300e-02
  -5.3764200e-02
  -7.4862100e-02
  -8.9469200e-02
  -9.5573500e-02
  -9.7096100e-02
  -9.6843500e-02
  -9.4490700e-02
  -8.8438600e-02
  -7.8370700e-02
  -6.6356300e-02
  -5.3706300e-02
  -4.0245700e-02
  -2.6777200e-02
  -1.4413900e-02
  -3.3744100e-03
   5.9179100e-03
   1.3018900e-02
   1.8205200e-02
   2.2278200e-02
   2.6068800e-02
   3.0698600e-02
   3.7155500e-02
   4.5345200e-02
   5.3903100e-02
   6.2331800e-02
   7.1795400e-02
   8.3010700e-02
   9.5241600e-02
   1.0611100e-01
   1.1325500e-01
   1.1712800e-01
   1.1963300e-01
   1.2006100e-01
   1.1479500e-01
   1.0166100e-01
   8.2426400e-02
   5.9662300e-02
   3.3953000e-02
   6.9264500e-03
  -1.5611000e-02
  -3.0453600e-02
  -4.0565800e-02
  -4.8696400e-02
  -5.4496000e-02
  -5.7395100e-02
  -5.8311500e-02
  -5.8782300e-02
  -6.0713100e-02
  -6.5718000e-02
  -7.3877800e-02
  -8.2856500e-02
  -8.9852700e-02
  -9.3587100e-02
  -9.2504600e-02
  -8.5630700e-02
  -7.4159400e-02
  -5.9903700e-02
  -4.4495800e-02
  -2.8198300e-02
  -1.1555000e-02
   2.9796400e-03
   1.5106300e-02
   2.4872000e-02
   2.9446300e-02
   2.8272100e-02
   2.3535800e-02
   1.6937900e-02
   1.1696400e-02
   1.0118200e-02
   1.3076800e-02
   2.3097200e-02
   4.0684100e-02
   6.2845700e-02
   8.4882600e-02
   1.0370100e-01
   1.1840200e-01
   1.2970400e-01
   1.3739500e-01
   1.4020200e-01
   1.3924000e-01
   1.3570200e-01
   1.3097400e-01
   1.2575500e-01
   1.2002100e-01
   1.1345300e-01
   1.0538400e-01
   9.6778600e-02
   8.8539900e-02
   8.0922700e-02
   7.3658600e-02
   6.6575300e-02
   6.0926000e-02
   5.6481700e-02
   5.2522100e-02
   4.9745500e-02
   4.7452200e-02
   4.5374000e-02
   4.3569700e-02
   4.1660500e-02
   3.9158100e-02
   3.5776400e-02
   3.1612100e-02
   2.5648600e-02
   1.7506100e-02
   6.0492000e-03
  -9.2490200e-03
  -2.6624000e-02
  -4.5218500e-02
  -6.4043000e-02
  -8.1705500e-02
  -9.5769100e-02
  -1.0286200e-01
  -1.0256500e-01
  -9.6692200e-02
  -8.6480300e-02
  -7.3554300e-02
  -5.9684100e-02
  -4.5145800e-02
  -3.0987100e-02
  -1.9147000e-02
  -1.1460000e-02
  -8.3081500e-03
  -8.5915400e-03
  -1.2156300e-02
  -1.9008000e-02
  -2.9040300e-02
  -4.1303700e-02
  -5.3266200e-02
  -6.3702600e-02
  -7.3533400e-02
  -8.1992100e-02
  -8.9004500e-02
  -9.5347000e-02
  -1.0105900e-01
  -1.0735900e-01
  -1.1296300e-01
  -1.1791200e-01
  -1.2392100e-01
  -1.2936800e-01
  -1.3394600e-01
  -1.3647800e-01
  -1.3291700e-01
  -1.2183200e-01
  -1.0442500e-01
  -8.1300700e-02
  -5.4814000e-02
  -2.9184800e-02
  -5.4742100e-03
   1.5751200e-02
   3.5117600e-02
   5.3826300e-02
   7.1007100e-02
   8.5254300e-02
   9.4724100e-02
   1.0069500e-01
   1.0535600e-01
   1.0876400e-01
   1.1007700e-01
   1.0769100e-01
   9.9672200e-02
   8.5840400e-02
   6.7413300e-02
   4.5248700e-02
   1.8139100e-02
  -1.3039000e-02
  -4.2250300e-02
  -6.7774900e-02
  -9.1804200e-02
  -1.1514200e-01
  -1.3724500e-01
  -1.5645200e-01
  -1.7242400e-01
  -1.8531800e-01
  -1.9538800e-01
  -2.0261800e-01
  -2.0624900e-01
  -2.0588100e-01
  -2.0141100e-01
  -1.9377800e-01
  -1.8377400e-01
  -1.7160700e-01
  -1.5434000e-01
  -1.2723100e-01
  -9.0461400e-02
  -4.9308900e-02
  -8.3009200e-03
   3.4391600e-02
   8.1725700e-02
   1.2993200e-01
   1.7276000e-01
   2.0556600e-01
   2.2763100e-01
   2.4315000e-01
   2.5324300e-01
   2.5455700e-01
   2.4450400e-01
   2.2446200e-01
   1.9810800e-01
   1.6896900e-01
   1.3784600e-01
   1.0482700e-01
   7.3495000e-02
   4.5925300e-02
   2.1262400e-02
  -4.4541000e-04
  -1.7070700e-02
  -2.8007900e-02
  -3.3402900e-02
  -3.5445900e-02
  -3.7001400e-02
  -3.8187200e-02
  -4.0796600e-02
  -4.5200200e-02
  -5.2253400e-02
  -6.3483600e-02
  -7.6171200e-02
  -8.9578700e-02
  -1.0502900e-01
  -1.2033700e-01
  -1.3493900e-01
  -1.5009700e-01
  -1.6247000e-01
  -1.6690600e-01
  -1.6185400e-01
  -1.4954400e-01
  -1.3252000e-01
  -1.0964400e-01
  -7.9359900e-02
  -4.6015300e-02
  -1.5161600e-02
   1.0017700e-02
   2.7786100e-02
   4.1622400e-02
   5.5327400e-02
   6.8064700e-02
   7.7357300e-02
   8.1575500e-02
   8.3881900e-02
   8.7387600e-02
   9.1951700e-02
   9.7372200e-02
   1.0241200e-01
   1.0677700e-01
   1.1016200e-01
   1.1278900e-01
   1.1691300e-01
   1.2200300e-01
   1.2631000e-01
   1.2744800e-01
   1.2427100e-01
   1.1810600e-01
   1.0670100e-01
   8.8263000e-02
   6.2919300e-02
   3.0902200e-02
  -5.4525400e-03
  -4.4979100e-02
  -8.4875200e-02
  -1.1944900e-01
  -1.4604900e-01
  -1.6807500e-01
  -1.9037500e-01
  -2.1017000e-01
  -2.2224300e-01
  -2.2607400e-01
  -2.2522000e-01
  -2.2397300e-01
  -2.2310100e-01
  -2.2185000e-01
  -2.2049100e-01
  -2.1865600e-01
  -2.1655500e-01
  -2.1312300e-01
  -2.0548400e-01
  -1.9299500e-01
  -1.7419600e-01
  -1.4954200e-01
  -1.2234800e-01
  -9.4540800e-02
  -6.7996100e-02
  -4.4989000e-02
  -2.5612500e-02
  -8.2756600e-03
   7.2261600e-03
   2.1212300e-02
   3.3696600e-02
   4.2878500e-02
   4.9064100e-02
   5.1355500e-02
   4.7803900e-02
   4.0383300e-02
   3.0245000e-02
   2.0073700e-02
   1.2873000e-02
   7.8405000e-03
   5.3485400e-03
   5.7106400e-03
   8.1093800e-03
   1.2775400e-02
   1.8092000e-02
   2.2773700e-02
   2.6577600e-02
   2.9363900e-02
   3.0646000e-02
   2.9277600e-02
   2.6477300e-02
   2.2824800e-02
   1.8914300e-02
   1.4947000e-02
   1.1483400e-02
   8.6131900e-03
   4.7018900e-03
   5.0377000e-04
  -3.5497800e-03
  -8.4956400e-03
  -1.3272900e-02
  -1.6608200e-02
  -1.8722600e-02
  -1.8361800e-02
  -1.4452600e-02
  -7.2992200e-03
   3.4521000e-03
   1.6861700e-02
   3.0497700e-02
   4.4262800e-02
   5.5742600e-02
   6.2312100e-02
   6.5785400e-02
   6.7234500e-02
   6.7142500e-02
   6.5682600e-02
   6.3823700e-02
   6.3844200e-02
   6.9757500e-02
   8.2137200e-02
   9.6811900e-02
   1.1239300e-01
   1.2845800e-01
   1.4478300e-01
   1.6065500e-01
   1.7370100e-01
   1.8315800e-01
   1.9034500e-01
   1.9369000e-01
   1.8914500e-01
   1.7257300e-01
   1.4272400e-01
   1.0369100e-01
   5.8447800e-02
   1.2250900e-02
  -2.8247100e-02
  -6.1650300e-02
  -8.9878200e-02
  -1.1327200e-01
  -1.3146900e-01
  -1.4768400e-01
  -1.6166700e-01
  -1.7251400e-01
  -1.8185000e-01
  -1.8982200e-01
  -1.9593600e-01
  -1.9860000e-01
  -1.9777300e-01
  -1.9369700e-01
  -1.8615700e-01
  -1.7716100e-01
  -1.6791500e-01
  -1.5865500e-01
  -1.4908900e-01
  -1.4036200e-01
  -1.3458900e-01
  -1.3084500e-01
  -1.2973600e-01
  -1.3054400e-01
  -1.3208700e-01
  -1.3497300e-01
  -1.3667600e-01
  -1.3736500e-01
  -1.3867700e-01
  -1.3968100e-01
  -1.4060200e-01
  -1.4076500e-01
  -1.3896500e-01
  -1.3550000e-01
  -1.2959400e-01
  -1.2260000e-01
  -1.1548200e-01
  -1.0839400e-01
  -1.0351900e-01
  -9.9500400e-02
  -9.5452300e-02
  -9.1814900e-02
  -8.5734200e-02
  -7.6686300e-02
  -6.6664600e-02
  -5.6273800e-02
  -4.6425900e-02
  -3.7684700e-02
  -3.0836500e-02
  -2.6602100e-02
  -2.5272400e-02
  -2.5940900e-02
  -2.5645600e-02
  -2.3513000e-02
  -2.0037200e-02
  -1.5768300e-02
  -1.2447700e-02
  -9.5651000e-03
  -7.2405300e-03
  -6.1333500e-03
  -4.4275900e-03
  -1.9090200e-03
   1.3125700e-03
   3.2128000e-03
   3.2650700e-03
   2.2687500e-03
  -1.4300600e-03
  -6.5562800e-03
  -1.2912800e-02
  -2.0822100e-02
  -2.9720600e-02
  -3.8471400e-02
  -4.5118600e-02
  -5.0718600e-02
  -5.3749800e-02
  -5.3253500e-02
  -5.0425900e-02
  -4.5863800e-02
  -4.0652400e-02
  -3.3090600e-02
  -2.0724700e-02
  -4.5465800e-03
   1.1909300e-02
   2.6888500e-02
   4.0773700e-02
   5.4109900e-02
   6.6032000e-02
   7.6622600e-02
   8.4667200e-02
   8.9406500e-02
   9.3765600e-02
   9.8017700e-02
   1.0241700e-01
   1.0827200e-01
   1.1363200e-01
   1.1688000e-01
   1.1818000e-01
   1.1383600e-01
   1.0308500e-01
   8.8627700e-02
   7.1344200e-02
   5.4369000e-02
   4.0108200e-02
   2.6618700e-02
   1.1614800e-02
  -3.0155400e-03
  -1.8348500e-02
  -3.5424400e-02
  -5.2581600e-02
  -7.0853800e-02
  -9.1947700e-02
  -1.1407200e-01
  -1.3433600e-01
  -1.5226400e-01
  -1.6676000e-01
  -1.7861800e-01
  -1.8773800e-01
  -1.9269800e-01
  -1.9422000e-01
  -1.9327200e-01
  -1.9062800e-01
  -1.8595700e-01
  -1.7996500e-01
  -1.7318900e-01
  -1.6499100e-01
  -1.5636500e-01
  -1.4707100e-01
  -1.3639700e-01
  -1.2460500e-01
  -1.1444800e-01
  -1.0693800e-01
  -9.8946300e-02
  -9.0426000e-02
  -8.1117000e-02
  -7.1677800e-02
  -6.3478300e-02
  -5.5245300e-02
  -4.7080800e-02
  -3.9414900e-02
  -3.2440500e-02
  -2.6342500e-02
  -2.2300700e-02
  -2.0523300e-02
  -1.9725300e-02
  -1.8684300e-02
  -1.7265900e-02
  -1.4952500e-02
  -1.0031300e-02
  -2.3969100e-03
   9.0739800e-03
   2.3213200e-02
   3.8611800e-02
   5.6771700e-02
   7.6591500e-02
   9.5687800e-02
   1.1385400e-01
   1.3060700e-01
   1.4385100e-01
   1.5510400e-01
   1.6571000e-01
   1.7372100e-01
   1.7774700e-01
   1.7999500e-01
   1.8387100e-01
   1.8875400e-01
   1.9494900e-01
   2.0206900e-01
   2.0923500e-01
   2.1857300e-01
   2.3037100e-01
   2.4221700e-01
   2.5072600e-01
   2.5431400e-01
   2.5452000e-01
   2.5329000e-01
   2.4961000e-01
   2.4271800e-01
   2.3362200e-01
   2.2235200e-01
   2.1101900e-01
   1.9996900e-01
   1.8682300e-01
   1.7347300e-01
   1.6195400e-01
   1.5131200e-01
   1.3902300e-01
   1.2453400e-01
   1.0907800e-01
   9.2843800e-02
   7.7636900e-02
   6.4759200e-02
   5.3540100e-02
   4.3714800e-02
   3.6543100e-02
   3.1823100e-02
   2.7895100e-02
   2.5219200e-02
   2.5685200e-02
   2.8316700e-02
   3.0866100e-02
   3.4405500e-02
   3.9494100e-02
   4.4680500e-02
   4.9773700e-02
   5.5008200e-02
   5.9902600e-02
   6.6070800e-02
   7.5626400e-02
   8.7124800e-02
   9.8666500e-02
   1.0995900e-01
   1.1893200e-01
   1.2491200e-01
   1.3040800e-01
   1.3387700e-01
   1.3284900e-01
   1.2637300e-01
   1.1219200e-01
   8.9684400e-02
   6.0647000e-02
   2.9655500e-02
  -9.4200300e-04
  -2.9382700e-02
  -5.5195300e-02
  -8.0692300e-02
  -1.0405000e-01
  -1.2416300e-01
  -1.3994100e-01
  -1.5068100e-01
  -1.5900700e-01
  -1.6637000e-01
  -1.7297200e-01
  -1.7941800e-01
  -1.8484700e-01
  -1.8623000e-01
  -1.8449500e-01
  -1.8001300e-01
  -1.7210800e-01
  -1.6289300e-01
  -1.4617600e-01
  -1.1669700e-01
  -8.1662800e-02
  -4.8543600e-02
  -1.8419800e-02
   9.3778900e-03
   3.3816400e-02
   5.3074500e-02
   6.5767100e-02
   7.1714000e-02
   7.1576000e-02
   6.5518400e-02
   5.4195600e-02
   3.9681400e-02
   2.4892600e-02
   1.1945700e-02
   5.0984300e-04
  -1.1184300e-02
  -2.2322000e-02
  -3.0579200e-02
  -3.5906500e-02
  -3.8653500e-02
  -3.9892700e-02
  -3.9564800e-02
  -3.7358300e-02
  -3.4007500e-02
  -2.8778000e-02
  -2.1597700e-02
  -1.1894300e-02
   5.2879900e-04
   1.5852800e-02
   3.4090300e-02
   5.3153600e-02
   7.2541500e-02
   9.0837200e-02
   1.0683100e-01
   1.2136300e-01
   1.3304800e-01
   1.4207800e-01
   1.4827600e-01
   1.5097100e-01
   1.5223700e-01
   1.5128200e-01
   1.4628300e-01
   1.3699900e-01
   1.2541700e-01
   1.1503400e-01
   1.0705900e-01
   1.0062900e-01
   9.4850600e-02
   8.9525900e-02
   8.4827500e-02
   8.0395600e-02
   7.5804000e-02
   7.1472800e-02
   6.6982600e-02
   6.2731000e-02
   5.8176500e-02
   5.0750100e-02
   4.1297000e-02
   3.2934400e-02
   2.6692100e-02
   2.2161900e-02
   1.8849500e-02
   1.5773200e-02
   1.2761900e-02
   8.7923200e-03
   3.1098500e-03
  -2.9893200e-03
  -8.9561700e-03
  -1.4634900e-02
  -1.9463500e-02
  -2.1595200e-02
  -2.0260700e-02
  -1.6117200e-02
  -8.5934000e-03
   1.4674400e-03
   1.2667300e-02
   2.4167200e-02
   3.3948900e-02
   4.1425700e-02
   4.4847700e-02
   4.2337600e-02
   3.6313300e-02
   2.8968700e-02
   2.0946800e-02
   1.1410300e-02
   1.1520200e-03
  -8.3096900e-03
  -1.6695300e-02
  -2.2709700e-02
  -2.7835900e-02
  -3.2585700e-02
  -3.6386500e-02
  -4.0088200e-02
  -4.2491600e-02
  -4.4440000e-02
  -4.8644300e-02
  -5.4658900e-02
  -6.0768600e-02
  -6.7563900e-02
  -7.4789700e-02
  -8.1046300e-02
  -8.6193900e-02
  -8.9656100e-02
  -9.2256900e-02
  -9.3183900e-02
  -9.1493000e-02
  -8.8472900e-02
  -8.3493100e-02
  -7.7112100e-02
  -7.0098300e-02
  -6.1854300e-02
  -5.1666500e-02
  -3.9591400e-02
  -2.6579000e-02
  -1.3576900e-02
  -2.5314600e-03
   4.7007200e-03
   8.0926800e-03
   6.7470400e-03
   1.9708200e-03
  -4.0205900e-03
  -1.1979300e-02
  -1.9698700e-02
  -2.6727600e-02
  -3.3482700e-02
  -4.1422400e-02
  -5.2558900e-02
  -6.4632700e-02
  -7.6978000e-02
  -8.8919200e-02
  -1.0034200e-01
  -1.1305400e-01
  -1.2489000e-01
  -1.3353700e-01
  -1.3868900e-01
  -1.3802300e-01
  -1.3084100e-01
  -1.1556200e-01
  -9.0890300e-02
  -6.1308900e-02
  -3.2859100e-02
  -1.0021200e-02
   5.9480800e-03
   1.6782300e-02
   2.3479800e-02
   2.4786600e-02
   1.8986700e-02
   8.1603800e-03
  -2.2965000e-03
  -9.7402000e-03
  -1.5575100e-02
  -2.3755500e-02
  -3.7620800e-02
  -5.5289500e-02
  -7.2938900e-02
  -8.9252100e-02
  -1.0257000e-01
  -1.1362000e-01
  -1.2417400e-01
  -1.3244300e-01
  -1.3693700e-01
  -1.3804800e-01
  -1.3818000e-01
  -1.3853200e-01
  -1.3609100e-01
  -1.2855100e-01
  -1.1569300e-01
  -9.7329700e-02
  -7.5808400e-02
  -5.1097900e-02
  -2.1830700e-02
   1.0146400e-02
   4.3636700e-02
   7.7110900e-02
   1.1200100e-01
   1.4850400e-01
   1.8304200e-01
   2.1438100e-01
   2.4059200e-01
   2.5907800e-01
   2.7162100e-01
   2.8101200e-01
   2.8523900e-01
   2.8437800e-01
   2.7945200e-01
   2.6993400e-01
   2.5533800e-01
   2.3179700e-01
   1.9799600e-01
   1.5306800e-01
   1.0045300e-01
   5.2461600e-02
   1.3822100e-02
  -1.8438600e-02
  -4.8359600e-02
  -7.9574200e-02
  -1.1109900e-01
  -1.4180400e-01
  -1.6770300e-01
  -1.8394900e-01
  -1.9177100e-01
  -1.9249800e-01
  -1.8351000e-01
  -1.6049800e-01
  -1.2832000e-01
  -9.6442800e-02
  -6.5350400e-02
  -3.4744600e-02
  -5.7557400e-03
   2.2793300e-02
   5.0900200e-02
   7.6828500e-02
   1.0110400e-01
   1.2582900e-01
   1.4922000e-01
   1.7026500e-01
   1.8946600e-01
   2.0694900e-01
   2.2290700e-01
   2.3718600e-01
   2.4855700e-01
   2.5462900e-01
   2.5671700e-01
   2.5941300e-01
   2.6240400e-01
   2.6155900e-01
   2.5589900e-01
   2.4664700e-01
   2.3726900e-01
   2.2925800e-01
   2.2285800e-01
   2.1846100e-01
   2.1527900e-01
   2.1323300e-01
   2.1160100e-01
   2.0955500e-01
   2.0738200e-01
   2.0481800e-01
   2.0044000e-01
   1.9344800e-01
   1.8435300e-01
   1.7271300e-01
   1.5722300e-01
   1.4070200e-01
   1.2566600e-01
   1.1390200e-01
   1.0386800e-01
   8.9788200e-02
   7.1548600e-02
   5.1400000e-02
   3.0994400e-02
   1.0381500e-02
  -1.0823600e-02
  -3.0953600e-02
  -5.3091300e-02
  -7.8659200e-02
  -1.0560600e-01
  -1.3346300e-01
  -1.6058300e-01
  -1.8699200e-01
  -2.1287800e-01
  -2.3775300e-01
  -2.6038800e-01
  -2.8139000e-01
  -3.0251300e-01
  -3.2135100e-01
  -3.3709900e-01
  -3.5012700e-01
  -3.6019900e-01
  -3.6928200e-01
  -3.7664500e-01
  -3.7957900e-01
  -3.7742500e-01
  -3.7040400e-01
  -3.5754500e-01
  -3.3677800e-01
  -3.0663100e-01
  -2.6879400e-01
  -2.2822100e-01
  -1.8716900e-01
  -1.4121100e-01
  -8.9801400e-02
  -3.9230600e-02
   9.5260000e-03
   6.1187400e-02
   1.1467100e-01
   1.6198200e-01
   2.0166300e-01
   2.3692000e-01
   2.6847400e-01
   2.9457000e-01
   3.1319000e-01
   3.2512300e-01
   3.3183200e-01
   3.3521800e-01
   3.3487200e-01
   3.2887900e-01
   3.1672200e-01
   2.9701700e-01
   2.6878000e-01
   2.3092900e-01
   1.8490300e-01
   1.3658700e-01
   8.8914100e-02
   4.2479500e-02
  -1.0101800e-03
  -3.6578100e-02
  -5.8240000e-02
  -7.0020700e-02
  -7.8558300e-02
  -8.4596500e-02
  -8.7594900e-02
  -8.7734500e-02
  -8.7137400e-02
  -8.7134600e-02
  -8.8515700e-02
  -9.1361700e-02
  -9.3876900e-02
  -9.6306500e-02
  -9.8639100e-02
  -1.0091400e-01
  -1.0411200e-01
  -1.0562200e-01
  -1.0390400e-01
  -9.7747100e-02
  -8.4749200e-02
  -6.5067900e-02
  -4.1599000e-02
  -2.0069700e-02
  -1.6077400e-03
   1.5718100e-02
   2.9353200e-02
   3.6319100e-02
   3.8667900e-02
   4.0093200e-02
   4.0640500e-02
   3.9905600e-02
   3.5175600e-02
   2.4964600e-02
   1.1010200e-02
  -7.8045800e-03
  -2.9321400e-02
  -4.8400100e-02
  -6.6052500e-02
  -8.2944800e-02
  -9.3749900e-02
  -9.7661300e-02
  -9.8793800e-02
  -9.9240800e-02
  -9.9655600e-02
  -9.9920000e-02
  -9.9934900e-02
  -1.0088500e-01
  -1.0276200e-01
  -1.0380700e-01
  -1.0262000e-01
  -9.9462700e-02
  -9.4882600e-02
  -8.8723500e-02
  -8.0153300e-02
  -6.8871800e-02
  -5.7325200e-02
  -4.7880000e-02
  -4.1272700e-02
  -3.8558500e-02
  -3.9545300e-02
  -4.0802900e-02
  -3.8682100e-02
  -3.1875500e-02
  -2.2428400e-02
  -1.0510700e-02
   6.3495100e-03
   2.8761200e-02
   5.3824700e-02
   7.6320700e-02
   9.5980600e-02
   1.1651800e-01
   1.3814900e-01
   1.5862800e-01
   1.7616900e-01
   1.9032300e-01
   2.0267900e-01
   2.1433000e-01
   2.2547300e-01
   2.3295000e-01
   2.3606500e-01
   2.3698200e-01
   2.3527500e-01
   2.2960000e-01
   2.1824400e-01
   2.0447500e-01
   1.9061800e-01
   1.7423400e-01
   1.5589300e-01
   1.3668100e-01
   1.1825800e-01
   1.0431500e-01
   9.3422500e-02
   8.2992100e-02
   7.2238000e-02
   5.9992000e-02
   4.5943200e-02
   2.8666300e-02
   6.9624200e-03
  -1.8376400e-02
  -4.6125400e-02
  -7.5705900e-02
  -1.0578300e-01
  -1.3355300e-01
  -1.5827400e-01
  -1.8253600e-01
  -2.0559300e-01
  -2.2446900e-01
  -2.3827100e-01
  -2.4926800e-01
  -2.5914000e-01
  -2.6638200e-01
  -2.7003400e-01
  -2.6977500e-01
  -2.6622300e-01
  -2.5956900e-01
  -2.5184600e-01
  -2.4195300e-01
  -2.2451800e-01
  -2.0220100e-01
  -1.7672900e-01
  -1.4402600e-01
  -1.0587500e-01
  -6.3176900e-02
  -1.9052700e-02
   2.1426100e-02
   6.1372900e-02
   1.0133900e-01
   1.3944600e-01
   1.7687800e-01
   2.0959300e-01
   2.3262900e-01
   2.4928200e-01
   2.6363300e-01
   2.7630100e-01
   2.8541800e-01
   2.8861800e-01
   2.8821700e-01
   2.8720400e-01
   2.8353100e-01
   2.7246000e-01
   2.5234800e-01
   2.2751600e-01
   2.0318800e-01
   1.8195900e-01
   1.6172000e-01
   1.3990100e-01
   1.1611200e-01
   9.0659200e-02
   6.6966900e-02
   4.7482900e-02
   3.1415800e-02
   1.4712500e-02
  -3.3133900e-03
  -2.1534300e-02
  -3.9501600e-02
  -5.5250500e-02
  -7.0212900e-02
  -8.3527600e-02
  -9.2918800e-02
  -9.9286200e-02
  -1.0254200e-01
  -1.0151700e-01
  -9.6837400e-02
  -8.8666600e-02
  -7.8254800e-02
  -6.9368400e-02
  -6.1943900e-02
  -5.4272900e-02
  -4.5403000e-02
  -3.4486300e-02
  -2.3366700e-02
  -1.4114900e-02
  -6.6660900e-03
  -7.5218200e-04
   3.3260200e-03
   5.6490700e-03
   6.6065500e-03
   4.0148200e-03
  -1.8088400e-03
  -7.8146700e-03
  -1.5011600e-02
  -2.1973100e-02
  -2.7216100e-02
  -3.1626400e-02
  -3.4386300e-02
  -3.4746900e-02
  -3.2126400e-02
  -2.9891100e-02
  -3.0588500e-02
  -3.0889300e-02
  -3.1181500e-02
  -3.2858100e-02
  -3.3592800e-02
  -3.5110600e-02
  -3.6447300e-02
  -3.5979900e-02
  -3.5229500e-02
  -3.3066500e-02
  -3.1098400e-02
  -3.0111600e-02
  -2.8457500e-02
  -2.4815200e-02
  -1.8735800e-02
  -1.0189100e-02
   3.1912100e-05
   9.6222800e-03
   1.8011300e-02
   2.6035200e-02
   3.3247500e-02
   3.8484400e-02
   4.2259800e-02
   4.4679800e-02
   4.5866100e-02
   4.8080900e-02
   5.2538000e-02
   5.7276600e-02
   6.1129700e-02
   6.4823200e-02
   6.8625200e-02
   7.2460600e-02
   7.6304200e-02
   7.9340200e-02
   8.0723100e-02
   7.8537300e-02
   7.2896000e-02
   6.5724300e-02
   5.6291100e-02
   4.5054600e-02
   3.2901200e-02
   2.0437000e-02
   8.9735200e-03
   3.3487900e-04
  -7.1096400e-03
  -1.6190900e-02
  -2.5085200e-02
  -3.2245300e-02
  -3.9295400e-02
  -4.8653200e-02
  -6.0967800e-02
  -7.3197900e-02
  -8.3628800e-02
  -9.3634600e-02
  -1.0061900e-01
  -1.0439100e-01
  -1.0832100e-01
  -1.1078400e-01
  -1.1074000e-01
  -1.0909400e-01
  -1.0563200e-01
  -1.0048900e-01
  -9.4004700e-02
  -8.7208000e-02
  -8.2060700e-02
  -7.8999400e-02
  -7.6326200e-02
  -7.3857400e-02
  -7.1600000e-02
  -6.9570300e-02
  -6.6977800e-02
  -6.3471400e-02
  -5.9232000e-02
  -5.4761600e-02
  -5.0386200e-02
  -4.3327200e-02
  -3.2121400e-02
  -1.6856000e-02
   6.2561900e-04
   1.7789900e-02
   3.3879900e-02
   4.8844800e-02
   6.1656600e-02
   7.1072200e-02
   7.7402800e-02
   8.0224000e-02
   7.9575600e-02
   7.7193200e-02
   7.2547400e-02
   6.4943100e-02
   5.6437000e-02
   4.8233700e-02
   3.9240200e-02
   3.0387400e-02
   2.2954400e-02
   1.4759800e-02
   5.3391300e-03
  -3.4916300e-03
  -1.1704800e-02
  -2.0475400e-02
  -2.9546300e-02
  -3.8073900e-02
  -4.4907200e-02
  -5.0086100e-02
  -5.4764700e-02
  -5.9006000e-02
  -6.2918500e-02
  -6.5778900e-02
  -6.7876200e-02
  -6.7867800e-02
  -6.3871900e-02
  -5.6352600e-02
  -4.5262200e-02
  -3.1031300e-02
  -1.5122900e-02
   1.1862100e-03
   1.7279100e-02
   3.2075500e-02
   4.4757800e-02
   5.4566300e-02
   6.1979500e-02
   6.8441000e-02
   7.4584800e-02
   7.9593400e-02
   8.1476200e-02
   8.0272600e-02
   7.6665500e-02
   7.1445000e-02
   6.5887600e-02
   5.8317600e-02
   4.6852400e-02
   3.2154600e-02
   1.6104400e-02
   2.0271000e-04
  -1.6246500e-02
  -3.2303300e-02
  -4.6539600e-02
  -6.0237700e-02
  -7.3619200e-02
  -8.6788100e-02
  -1.0001200e-01
  -1.1056300e-01
  -1.1692400e-01
  -1.2045700e-01
  -1.2317500e-01
  -1.2655400e-01
  -1.2815100e-01
  -1.2653800e-01
  -1.2318700e-01
  -1.1789600e-01
  -1.1210000e-01
  -1.0592600e-01
  -9.7623700e-02
  -8.8936200e-02
  -7.8408100e-02
  -6.4572100e-02
  -4.7993900e-02
  -2.7545900e-02
  -5.5659100e-03
   1.6102300e-02
   3.8570600e-02
   6.0151100e-02
   7.8316700e-02
   9.3747600e-02
   1.0735200e-01
   1.1997200e-01
   1.3006700e-01
   1.3594400e-01
   1.3946400e-01
   1.4051500e-01
   1.3807200e-01
   1.3246100e-01
   1.2432300e-01
   1.1476000e-01
   1.0429200e-01
   9.3619500e-02
   8.3619400e-02
   7.3970600e-02
   6.6594300e-02
   6.2415100e-02
   5.8785100e-02
   5.4927800e-02
   5.0879700e-02
   4.5713500e-02
   4.0090600e-02
   3.4923000e-02
   2.9850400e-02
   2.5320900e-02
   2.0521400e-02
   1.5109800e-02
   1.0829200e-02
   8.0610500e-03
   6.8639000e-03
   8.1057600e-03
   1.0509700e-02
   1.2795300e-02
   1.6565400e-02
   2.0391700e-02
   2.2030200e-02
   2.3805200e-02
   2.5735800e-02
   2.6756900e-02
   2.8794700e-02
   3.0543700e-02
   3.1420400e-02
   3.2923200e-02
   3.4189000e-02
   3.5715700e-02
   3.6856500e-02
   3.6315200e-02
   3.5138600e-02
   3.4144300e-02
   3.3585400e-02
   3.3131100e-02
   3.3394700e-02
   3.5017500e-02
   3.8022000e-02
   4.1801600e-02
   4.5524900e-02
   4.9739200e-02
   5.4818200e-02
   6.0698800e-02
   6.6372800e-02
   7.0307500e-02
   7.3444200e-02
   7.6870400e-02
   8.0521300e-02
   8.4360300e-02
   8.6454800e-02
   8.6220900e-02
   8.4155000e-02
   8.0391000e-02
   7.6454700e-02
   7.1918400e-02
   6.6267600e-02
   6.0366400e-02
   5.4093900e-02
   4.7307800e-02
   4.1087500e-02
   3.4714800e-02
   2.7151100e-02
   2.0388300e-02
   1.4560600e-02
   9.2085300e-03
   5.2995200e-03
   2.0999700e-03
  -1.4666300e-03
  -4.9506900e-03
  -7.6447500e-03
  -9.9013800e-03
  -1.2605500e-02
  -1.5552800e-02
  -1.8838300e-02
  -2.2895900e-02
  -2.7761800e-02
  -3.2419300e-02
  -3.5718300e-02
  -3.8161800e-02
  -3.9144300e-02
  -3.8204300e-02
  -3.7768600e-02
  -3.9150200e-02
  -4.1499100e-02
  -4.4888400e-02
  -4.8533600e-02
  -5.3201000e-02
  -5.9162200e-02
  -6.3527400e-02
  -6.6405900e-02
  -6.8870800e-02
  -7.0839700e-02
  -7.2742700e-02
  -7.3441500e-02
  -7.2238500e-02
  -7.1413500e-02
  -7.0417100e-02
  -6.8298800e-02
  -6.6502900e-02
  -6.3131200e-02
  -5.9190700e-02
  -5.6640500e-02
  -5.3544100e-02
  -4.9445300e-02
  -4.4964200e-02
  -4.1010700e-02
  -3.7483100e-02
  -3.4921200e-02
  -3.4230000e-02
  -3.3729300e-02
  -3.2806300e-02
  -3.3627600e-02
  -3.6944000e-02
  -4.1129300e-02
  -4.4487800e-02
  -4.7424000e-02
  -5.0857300e-02
  -5.3825600e-02
  -5.6060400e-02
  -5.7416100e-02
  -5.8177200e-02
  -5.8522300e-02
  -5.8285200e-02
  -5.7556300e-02
  -5.6371200e-02
  -5.5750900e-02
  -5.4983500e-02
  -5.3092400e-02
  -5.0851800e-02
  -4.8749300e-02
  -4.6160300e-02
  -4.2798000e-02
  -3.9770600e-02
  -3.8057000e-02
  -3.7419300e-02
  -3.7344900e-02
  -3.6657400e-02
  -3.5394900e-02
  -3.5001900e-02
  -3.4171800e-02
  -3.2457500e-02
  -3.0488400e-02
  -2.8181400e-02
  -2.6096300e-02
  -2.3968700e-02
  -2.1663600e-02
  -2.0616100e-02
  -2.0566100e-02
  -1.9596400e-02
  -1.7911700e-02
  -1.5730400e-02
  -1.3482800e-02
  -1.0785200e-02
  -7.3232500e-03
  -4.1885900e-03
  -7.9104000e-04
   2.7926700e-03
   5.5157600e-03
   7.3811600e-03
   9.0075700e-03
   1.0044300e-02
   9.8406100e-03
   8.9086500e-03
   6.8742400e-03
   4.1354400e-03
   1.3264200e-03
  -2.7082200e-03
  -6.6781300e-03
  -8.9022500e-03
  -1.1548100e-02
  -1.5209000e-02
  -1.8462800e-02
  -2.0916600e-02
  -2.2649500e-02
  -2.5084200e-02
  -2.7096300e-02
  -2.8087600e-02
  -2.9367600e-02
  -3.0314100e-02
  -3.0389500e-02
  -3.0108400e-02
  -2.9684800e-02
  -2.8529000e-02
  -2.7313500e-02
  -2.6768900e-02
  -2.6815400e-02
  -2.7922600e-02
  -3.0761800e-02
  -3.3617500e-02
  -3.6940100e-02
  -4.2055000e-02
  -4.7274000e-02
  -5.1406500e-02
  -5.3374800e-02
  -5.5534100e-02
  -5.7854000e-02
  -5.7546200e-02
  -5.5123700e-02
  -5.0997200e-02
  -4.5699800e-02
  -4.0192400e-02
  -3.5431600e-02
  -3.1656700e-02
  -2.8896100e-02
  -2.7215200e-02
  -2.5853400e-02
  -2.5299500e-02
  -2.5298200e-02
  -2.3997700e-02
  -2.2072100e-02
  -2.0231200e-02
  -1.6729400e-02
  -1.1642300e-02
  -5.6720500e-03
   2.1647800e-03
   1.1184700e-02
   2.0419700e-02
   2.9492500e-02
   3.7358500e-02
   4.4323600e-02
   5.0291500e-02
   5.3613300e-02
   5.5005000e-02
   5.4222200e-02
   5.0489400e-02
   4.3988700e-02
   3.4397100e-02
   2.3678400e-02
   1.2820800e-02
   1.3095700e-03
  -1.0060200e-02
  -1.8474200e-02
  -2.3228500e-02
  -2.7244000e-02
  -2.9882400e-02
  -2.9659100e-02
  -2.7469900e-02
  -2.4506700e-02
  -2.2271100e-02
  -1.9864800e-02
  -1.7614800e-02
  -1.5001600e-02
  -1.1317200e-02
  -8.1680400e-03
  -3.9821600e-03
   1.5466300e-03
   7.9273900e-03
   1.4639200e-02
   2.0270600e-02
   2.4833200e-02
   2.8006700e-02
   3.0255600e-02
   3.2074600e-02
   3.3453900e-02
   3.3165200e-02
   3.1071600e-02
   2.8396800e-02
   2.3512600e-02
   1.7014800e-02
   1.1006400e-02
   4.4722600e-03
  -2.7918400e-03
  -9.5383100e-03
  -1.6730800e-02
  -2.3128600e-02
  -2.7854400e-02
  -3.3049400e-02
  -3.6350100e-02
  -3.8270400e-02
  -4.0879600e-02
  -4.2794400e-02
  -4.4373100e-02
  -4.5602900e-02
  -4.6605300e-02
  -4.6799200e-02
  -4.6157900e-02
  -4.5270800e-02
  -4.3514200e-02
  -4.0941000e-02
  -3.8240600e-02
  -3.5125500e-02
  -3.1090300e-02
  -2.5830700e-02
  -1.9985400e-02
  -1.4955400e-02
  -9.7703900e-03
  -4.9815100e-03
  -1.6305900e-03
   6.3340300e-04
   1.4065200e-03
  -1.4030000e-04
  -3.2768300e-03
  -7.0347300e-03
  -1.1029200e-02
  -1.4809200e-02
  -1.9009200e-02
  -2.1590800e-02
  -2.2590800e-02
  -2.3752000e-02
  -2.4196700e-02
  -2.4890500e-02
  -2.4336900e-02
  -2.2591400e-02
  -2.1823700e-02
  -2.0602600e-02
  -1.9819200e-02
  -1.9661000e-02
  -1.8844100e-02
  -1.8029700e-02
  -1.8460400e-02
  -1.9029700e-02
  -1.9360200e-02
  -2.1122000e-02
  -2.3072800e-02
  -2.4741300e-02
  -2.7046400e-02
  -2.9804400e-02
  -3.2956600e-02
  -3.6690700e-02
  -3.9747000e-02
  -4.1877600e-02
  -4.5121700e-02
  -4.8345200e-02
  -4.9860100e-02
  -5.1321100e-02
  -5.2898400e-02
  -5.4396500e-02
  -5.5257200e-02
  -5.5413300e-02
  -5.6662300e-02
  -5.7308200e-02
  -5.7160500e-02
  -5.8139200e-02
  -5.8678300e-02
  -5.8473900e-02
  -5.9101900e-02
  -5.9898900e-02
  -5.9892600e-02
  -6.0564200e-02
  -6.1606800e-02
  -6.1736400e-02
  -6.1254000e-02
  -5.9465500e-02
  -5.6453500e-02
  -5.3011000e-02
  -4.8411100e-02
  -4.2505200e-02
  -3.7714400e-02
  -3.3989600e-02
  -2.9603700e-02
  -2.6019800e-02
  -2.4252100e-02
  -2.2927000e-02
  -2.2494200e-02
  -2.2296700e-02
  -2.1322200e-02
  -2.1846100e-02
  -2.2990800e-02
  -2.4050900e-02
  -2.5084400e-02
  -2.6165200e-02
  -2.8578100e-02
  -3.0426400e-02
  -3.1667800e-02
  -3.3424800e-02
  -3.4590900e-02
  -3.6218900e-02
  -3.7804500e-02
  -3.7833300e-02
  -3.8103100e-02
  -3.8551000e-02
  -3.7976300e-02
  -3.6613300e-02
  -3.5619400e-02
  -3.4543400e-02
  -3.2433800e-02
  -2.9299300e-02
  -2.5921100e-02
  -2.2018900e-02
  -1.6855000e-02
  -1.2122500e-02
  -7.0032000e-03
  -7.7318600e-04
   5.8173900e-03
   1.1112500e-02
   1.5985400e-02
   2.1486700e-02
   2.5528800e-02
   2.8378800e-02
   2.9730600e-02
   3.0030800e-02
   2.9903100e-02
   2.9240800e-02
   2.8081300e-02
   2.5552300e-02
   2.2987500e-02
   2.0626600e-02
   1.8297800e-02
   1.7095500e-02
   1.6083000e-02
   1.5189300e-02
   1.3980700e-02
   1.2301700e-02
   1.1397800e-02
   1.0771000e-02
   1.0426200e-02
   1.1376200e-02
   1.2624900e-02
   1.3780800e-02
   1.5615000e-02
   1.6934900e-02
   1.7865400e-02
   1.8873600e-02
   1.9841400e-02
   2.0818300e-02
   2.0136400e-02
   1.8630700e-02
   1.7180900e-02
   1.5164300e-02
   1.2733800e-02
   9.8920000e-03
   7.7913700e-03
   5.8504400e-03
   4.2771700e-03
   4.0147000e-03
   4.0176500e-03
   4.6017000e-03
   5.6455300e-03
   7.1648000e-03
   9.2400100e-03
   1.1639400e-02
   1.4226300e-02
   1.5971700e-02
   1.7326800e-02
   1.8609600e-02
   2.0418400e-02
   2.2440500e-02
   2.3959700e-02
   2.5228700e-02
   2.6120200e-02
   2.6610600e-02
   2.6764000e-02
   2.6697200e-02
   2.5850100e-02
   2.5032500e-02
   2.4600500e-02
   2.3833100e-02
   2.3576500e-02
   2.3960600e-02
   2.3427800e-02
   2.2375400e-02
   2.1370400e-02
   2.0427600e-02
   1.8966200e-02
   1.6037900e-02
   1.3202400e-02
   9.1851300e-03
   4.2049900e-03
   1.5638100e-03
  -6.9950300e-04
  -2.0676300e-03
   6.4958200e-04
   4.5027000e-03
   8.0645600e-03
   1.2432100e-02
   1.6316800e-02
   1.8810000e-02
   2.0569100e-02
   2.2114400e-02
   2.2446300e-02
   2.2096500e-02
   2.1102800e-02
   1.9133700e-02
   1.7460700e-02
   1.5596700e-02
   1.3625800e-02
   1.2326600e-02
   1.1956600e-02
   1.1648800e-02
   1.0960200e-02
   1.1315000e-02
   1.2933100e-02
   1.4960600e-02
   1.6907800e-02
   1.9156600e-02
   2.0855000e-02
   2.1850200e-02
   2.2922500e-02
   2.3521800e-02
   2.3072900e-02
   2.1699200e-02
   2.0069200e-02
   1.7829700e-02
   1.3760200e-02
   9.0234600e-03
   5.2791600e-03
   1.2695400e-03
  -3.2785800e-03
  -7.8042200e-03
  -1.1475900e-02
  -1.3291900e-02
  -1.3317700e-02
  -1.1849700e-02
  -8.6703800e-03
  -3.6688200e-03
   2.5361800e-03
   9.7029300e-03
   1.7432600e-02
   2.3876900e-02
   2.7809400e-02
   3.1166000e-02
   3.3735800e-02
   3.5460500e-02
   3.7455300e-02
   3.8860500e-02
   3.9759900e-02
   4.0706400e-02
   4.2091900e-02
   4.3531700e-02
   4.4789100e-02
   4.5688100e-02
   4.6090400e-02
   4.5840800e-02
   4.5634300e-02
   4.5282600e-02
   4.4164900e-02
   4.3388800e-02
   4.3185600e-02
   4.2519500e-02
   4.1192200e-02
   4.0111000e-02
   3.8409400e-02
   3.5199100e-02
   3.0798700e-02
   2.6265600e-02
   2.1797100e-02
   1.7493900e-02
   1.3693400e-02
   9.8019200e-03
   6.3493100e-03
   4.3276300e-03
   1.9366300e-03
  -1.7527500e-03
  -4.3975600e-03
  -6.2301800e-03
  -7.5950800e-03
  -8.8596600e-03
  -9.7029400e-03
  -9.3123800e-03
  -8.8814000e-03
  -7.4693900e-03
  -7.4315400e-03
  -9.1700400e-03
  -1.0184100e-02
  -1.1098800e-02
  -1.2027200e-02
  -1.3511600e-02
  -1.4905700e-02
  -1.6881900e-02
  -1.9032200e-02
  -2.0348400e-02
  -2.2376400e-02
  -2.5029600e-02
  -2.7065300e-02
  -2.8751700e-02
  -2.9853200e-02
  -2.9500300e-02
  -2.8942100e-02
  -2.8243300e-02
  -2.7093400e-02
  -2.6031900e-02
  -2.5683800e-02
  -2.5442000e-02
  -2.5537000e-02
  -2.6839400e-02
  -2.8075400e-02
  -3.0596800e-02
  -3.3149100e-02
  -3.4272000e-02
  -3.5729300e-02
  -3.6564700e-02
  -3.6636600e-02
  -3.6530100e-02
  -3.6637100e-02
  -3.6661400e-02
  -3.5391600e-02
  -3.3926700e-02
  -3.3140500e-02
  -3.1913200e-02
  -3.0551900e-02
  -2.8645100e-02
  -2.5242100e-02
  -2.1419300e-02
  -1.7999400e-02
  -1.4284300e-02
  -9.3769700e-03
  -3.5457900e-03
   2.5561300e-03
   8.5926400e-03
   1.3883600e-02
   1.7770800e-02
   2.0889200e-02
   2.3558100e-02
   2.5959500e-02
   2.7648200e-02
   2.8887100e-02
   3.0711700e-02
   3.2292700e-02
   3.3551800e-02
   3.4492000e-02
   3.4673800e-02
   3.4546100e-02
   3.4804100e-02
   3.4496800e-02
   3.3805100e-02
   3.3569400e-02
   3.2721800e-02
   3.1649800e-02
   3.0729800e-02
   3.0120800e-02
   2.9412100e-02
   2.8281100e-02
   2.8479800e-02
   2.8340600e-02
   2.7434100e-02
   2.7163700e-02
   2.7274900e-02
   2.8010600e-02
   2.8245400e-02
   2.8168200e-02
   2.8055900e-02
   2.7671400e-02
   2.6176100e-02
   2.4606200e-02
   2.3127200e-02
   1.9262400e-02
   1.4192200e-02
   8.1417000e-03
   3.6184900e-04
  -7.1371000e-03
  -1.3937800e-02
  -2.0307900e-02
  -2.4929700e-02
  -2.8250600e-02
  -2.9280300e-02
  -2.7655000e-02
  -2.5760600e-02
  -2.3597100e-02
  -1.9999600e-02
  -1.5297000e-02
  -1.0961200e-02
  -6.9017200e-03
  -2.3678000e-03
   1.7596900e-03
   3.9847600e-03
   5.4081300e-03
   7.2126400e-03
   7.6701900e-03
   6.6282900e-03
   5.7311700e-03
   4.5505400e-03
   3.3597600e-03
   2.7160500e-03
   1.0938400e-03
  -7.9484000e-04
  -2.3114500e-03
  -3.6349400e-03
  -5.0260900e-03
  -7.0525700e-03
  -8.9248200e-03
  -1.1484300e-02
  -1.4599900e-02
  -1.7422000e-02
  -2.0881400e-02
  -2.4210400e-02
  -2.6778600e-02
  -2.9229800e-02
  -3.1379600e-02
  -3.2444000e-02
  -3.2985700e-02
  -3.3203600e-02
  -3.1242000e-02
  -2.7494000e-02
  -2.3682500e-02
  -1.9289900e-02
  -1.4247300e-02
  -9.6624000e-03
  -5.6704300e-03
  -2.3505200e-03
  -3.4588800e-04
   9.6077400e-04
   1.9850100e-03
   2.2632700e-03
   2.4208800e-03
   2.6481900e-03
   2.3952400e-03
   1.9339200e-03
   1.2668600e-03
  -6.9667200e-06
  -9.3116700e-04
  -1.3895600e-03
  -1.9173900e-03
  -2.2182900e-03
  -3.3083500e-03
  -4.3206400e-03
  -3.9186900e-03
  -2.4691100e-03
   1.8837100e-04
   2.7753300e-03
   4.6917400e-03
   6.6342200e-03
   9.4879200e-03
   1.2545000e-02
   1.4671600e-02
   1.6679800e-02
   1.8178100e-02
   1.9340100e-02
   2.0091700e-02
   1.9665000e-02
   1.8997800e-02
   1.7974200e-02
   1.6756300e-02
   1.6415400e-02
   1.6129400e-02
   1.5898000e-02
   1.7204300e-02
   1.9169600e-02
   2.0952700e-02
   2.2460100e-02
   2.3498100e-02
   2.4168800e-02
   2.3928800e-02
   2.3731200e-02
   2.3352100e-02
   2.2561000e-02
   2.2263600e-02
   2.2532400e-02
   2.4579900e-02
   2.7289400e-02
   2.9486200e-02
   3.2391500e-02
   3.4977200e-02
   3.7321700e-02
   3.9507300e-02
   4.1089900e-02
   4.2984800e-02
   4.4621500e-02
   4.5215100e-02
   4.4652400e-02
   4.3266500e-02
   4.1217600e-02
   3.9141300e-02
   3.6007600e-02
   3.1109500e-02
   2.5571900e-02
   1.9764200e-02
   1.4525600e-02
   9.6852700e-03
   5.1888900e-03
   1.5861400e-03
  -9.7931200e-04
  -2.0497600e-03
  -2.1171400e-03
  -1.8236100e-03
  -8.4633500e-04
   1.2329000e-03
   3.2878400e-03
   4.5088200e-03
   5.3825300e-03
   5.8169600e-03
   5.7033300e-03
   5.1591300e-03
   4.6405800e-03
   3.9702000e-03
   3.2855100e-03
   3.2638300e-03
   3.3823800e-03
   3.9249500e-03
   5.2318800e-03
   7.0690900e-03
   9.3694900e-03
   1.1489600e-02
   1.3854500e-02
   1.5249300e-02
   1.4915600e-02
   1.4570000e-02
   1.3881400e-02
   1.2515600e-02
   1.1288000e-02
   1.0886200e-02
   1.0144400e-02
   7.6871000e-03
   4.2567000e-03
   6.5463500e-04
  -1.9409300e-03
  -4.0604800e-03
  -7.0061500e-03
  -1.0762500e-02
  -1.5009600e-02
  -1.7877800e-02
  -1.8758400e-02
  -1.8767500e-02
  -1.9241300e-02
  -2.0659500e-02
  -2.1777800e-02
  -2.2442800e-02
  -2.3156600e-02
  -2.4047000e-02
  -2.5209100e-02
  -2.6137700e-02
  -2.7067700e-02
  -2.8510300e-02
  -2.9033300e-02
  -2.8748000e-02
  -2.8546400e-02
  -2.7242200e-02
  -2.5681300e-02
  -2.4480000e-02
  -2.2985500e-02
  -2.1108700e-02
  -1.9314300e-02
  -1.8234400e-02
  -1.7504500e-02
  -1.7025600e-02
  -1.6592600e-02
  -1.6743100e-02
  -1.7811800e-02
  -1.9356900e-02
  -2.1814800e-02
  -2.4820600e-02
  -2.7770500e-02
  -3.0862800e-02
  -3.4068300e-02
  -3.7133200e-02
  -3.9805600e-02
  -4.2101400e-02
  -4.3698100e-02
  -4.4796600e-02
  -4.5582500e-02
  -4.5396100e-02
  -4.4672900e-02
  -4.3265000e-02
  -4.0937500e-02
  -3.7934300e-02
  -3.4947800e-02
  -3.2317500e-02
  -2.9166800e-02
  -2.6825000e-02
  -2.5689400e-02
  -2.5498500e-02
  -2.6583800e-02
  -2.7462000e-02
  -2.8987900e-02
  -3.1419400e-02
  -3.3393400e-02
  -3.5496100e-02
  -3.7147800e-02
  -3.8533800e-02
  -3.9529700e-02
  -3.9927900e-02
  -4.0706400e-02
  -4.1161500e-02
  -4.1124500e-02
  -4.1150700e-02
  -4.1281600e-02
  -4.0736000e-02
  -3.9760800e-02
  -3.8953600e-02
  -3.7574500e-02
  -3.5178100e-02
  -3.2233200e-02
  -2.7682000e-02
  -2.1293400e-02
  -1.4979400e-02
  -8.3351000e-03
  -1.1311800e-03
   5.8341100e-03
   1.2084900e-02
   1.6895900e-02
   2.0747100e-02
   2.3626700e-02
   2.4457500e-02
   2.3630000e-02
   2.1366900e-02
   1.7263100e-02
   1.2693200e-02
   8.9245800e-03
   5.8303600e-03
   2.8198500e-03
   2.4528100e-04
  -1.2896700e-03
  -2.4092600e-03
  -2.3823500e-03
  -1.3602300e-03
   7.0437300e-05
   2.1578900e-03
   4.0948900e-03
   6.5131300e-03
   9.7335100e-03
   1.3430900e-02
   1.6761300e-02
   1.8826200e-02
   2.0035500e-02
   2.1042900e-02
   2.1967900e-02
   2.1988000e-02
   2.1164100e-02
   1.9819200e-02
   1.7951800e-02
   1.5253000e-02
   1.2224700e-02
   8.9070800e-03
   5.4309500e-03
   3.3385100e-03
   1.9062900e-03
   7.0250100e-04
  -8.3186500e-05
  -8.0046800e-04
  -6.9708000e-04
   2.5913800e-04
   1.5467000e-03
   2.9589600e-03
   4.2511100e-03
   5.7132800e-03
   7.5463500e-03
   9.0789300e-03
   1.0564000e-02
   1.1860800e-02
   1.2352400e-02
   1.2898300e-02
   1.3852000e-02
   1.4045300e-02
   1.2851000e-02
   1.1526000e-02
   1.0555600e-02
   1.0142600e-02
   1.1050900e-02
   1.2207200e-02
   1.3591700e-02
   1.5794200e-02
   1.7433300e-02
   1.8805000e-02
   2.0324200e-02
   2.1476100e-02
   2.2046700e-02
   2.2152000e-02
   2.1954700e-02
   2.0701500e-02
   1.9402800e-02
   1.8380800e-02
   1.6957700e-02
   1.5016500e-02
   1.2889500e-02
   1.1092100e-02
   9.4560100e-03
   8.7179500e-03
   7.8648600e-03
   6.6087100e-03
   6.0968700e-03
   5.6908800e-03
   5.2480600e-03
   5.2424900e-03
   5.8491100e-03
   7.0104500e-03
   8.3877800e-03
   9.7535400e-03
   1.1230600e-02
   1.3788600e-02
   1.7725500e-02
   2.2036700e-02
   2.6570700e-02
   3.0964500e-02
   3.4711100e-02
   3.8962800e-02
   4.3845200e-02
   4.7893600e-02
   5.1630900e-02
   5.5484500e-02
   5.8531900e-02
   6.0914400e-02
   6.2621600e-02
   6.3437200e-02
   6.3599200e-02
   6.2518200e-02
   6.0043000e-02
   5.6487700e-02
   5.1608100e-02
   4.5607200e-02
   3.9030600e-02
   3.2797600e-02
   2.6230700e-02
   1.8913500e-02
   1.3238000e-02
   9.8082500e-03
   7.4607900e-03
   5.3555600e-03
   3.2886700e-03
   2.4612700e-03
   2.3435300e-03
   2.5981800e-03
   3.8411800e-03
   4.7117900e-03
   4.6167400e-03
   4.7315100e-03
   5.2216400e-03
   5.2103000e-03
   5.4638700e-03
   5.6623500e-03
   5.5411000e-03
   5.2165200e-03
   3.7153700e-03
   1.3260500e-03
  -1.9414300e-03
  -5.2105400e-03
  -8.1750400e-03
  -1.1378300e-02
  -1.4221800e-02
  -1.6159000e-02
  -1.7398800e-02
  -1.7885100e-02
  -1.7153600e-02
  -1.5739400e-02
  -1.3429200e-02
  -1.0813800e-02
  -7.9538500e-03
  -4.4768100e-03
  -1.4680100e-03
   1.3787500e-03
   4.6494900e-03
   8.5653500e-03
   1.2616800e-02
   1.6631500e-02
   2.0172000e-02
   2.3476200e-02
   2.7339600e-02
   3.1459100e-02
   3.5630700e-02
   3.8570900e-02
   4.0819500e-02
   4.2856200e-02
   4.3676900e-02
   4.3515600e-02
   4.2638300e-02
   4.0700200e-02
   3.8150500e-02
   3.5466000e-02
   3.2239600e-02
   2.9756300e-02
   2.8105200e-02
   2.6018900e-02
   2.4090300e-02
   2.2668000e-02
   2.2035600e-02
   2.2544600e-02
   2.3213200e-02
   2.3042000e-02
   2.2914000e-02
   2.3228900e-02
   2.3621300e-02
   2.4431100e-02
   2.5171300e-02
   2.5676600e-02
   2.5593600e-02
   2.5286100e-02
   2.4712500e-02
   2.3406100e-02
   2.1973300e-02
   1.9682000e-02
   1.6561200e-02
   1.3274100e-02
   9.6975500e-03
   5.8521400e-03
   1.9192300e-03
  -1.8201100e-03
  -5.3945800e-03
  -9.3473400e-03
  -1.3210800e-02
  -1.6827700e-02
  -2.0876700e-02
  -2.4822000e-02
  -2.7985600e-02
  -3.0395400e-02
  -3.1568900e-02
  -3.1030100e-02
  -2.9532300e-02
  -2.7936500e-02
  -2.5693400e-02
  -2.2573000e-02
  -2.0095000e-02
  -1.8083500e-02
  -1.5947300e-02
  -1.4719400e-02
  -1.4942200e-02
  -1.5502700e-02
  -1.6504900e-02
  -1.8396800e-02
  -2.0153000e-02
  -2.1750200e-02
  -2.2624800e-02
  -2.2645700e-02
  -2.2540300e-02
  -2.2459700e-02
  -2.2271300e-02
  -2.1099700e-02
  -1.8186100e-02
  -1.4721900e-02
  -1.1912800e-02
  -9.7588500e-03
  -7.4679600e-03
  -5.3485500e-03
  -5.3043900e-03
  -5.7739800e-03
  -5.9191300e-03
  -6.7148100e-03
  -7.3152100e-03
  -7.6939400e-03
  -7.8798800e-03
  -7.6561400e-03
  -6.8990600e-03
  -5.7756900e-03
  -3.8397700e-03
  -9.5587000e-04
   1.8579500e-03
   4.7973500e-03
   8.5092000e-03
   1.2906900e-02
   1.7248800e-02
   2.1062900e-02
   2.4093900e-02
   2.6263700e-02
   2.7923800e-02
   2.8448100e-02
   2.8102700e-02
   2.7064800e-02
   2.5077800e-02
   2.3125300e-02
   2.0891800e-02
   1.8003600e-02
   1.4412200e-02
   9.4811600e-03
   3.3646300e-03
  -2.5953100e-03
  -8.3058600e-03
  -1.3822600e-02
  -1.8790700e-02
  -2.3595200e-02
  -2.7245000e-02
  -2.9823700e-02
  -3.1681800e-02
  -3.2212100e-02
  -3.1688600e-02
  -3.1131800e-02
  -3.0446500e-02
  -2.8852200e-02
  -2.7498500e-02
  -2.6992700e-02
  -2.6235900e-02
  -2.5217300e-02
  -2.4601700e-02
  -2.4274600e-02
  -2.4476600e-02
  -2.4940600e-02
  -2.5054300e-02
  -2.5152300e-02
  -2.5170500e-02
  -2.4895900e-02
  -2.4913000e-02
  -2.4972200e-02
  -2.4757700e-02
  -2.4643900e-02
  -2.4055500e-02
  -2.2390900e-02
  -1.9834900e-02
  -1.6725800e-02
  -1.4158700e-02
  -1.2655700e-02
  -1.1270100e-02
  -1.0112800e-02
  -1.0225800e-02
  -1.0759600e-02
  -1.2369800e-02
  -1.5131400e-02
  -1.6777800e-02
  -1.8888800e-02
  -2.1018500e-02
  -2.1582600e-02
  -2.2226000e-02
  -2.2691900e-02
  -2.1917300e-02
  -2.0722600e-02
  -1.9193500e-02
  -1.7032000e-02
  -1.4673400e-02
  -1.2423300e-02
  -9.9825500e-03
  -7.0639400e-03
  -4.8829800e-03
  -2.4010300e-03
   1.1644600e-03
   4.2762900e-03
   7.5790200e-03
   1.1349900e-02
   1.5315000e-02
   1.9607400e-02
   2.3644200e-02
   2.7482500e-02
   2.9901800e-02
   3.1614800e-02
   3.4197500e-02
   3.5712700e-02
   3.5785900e-02
   3.5160900e-02
   3.3897700e-02
   3.2359400e-02
   3.0622800e-02
   2.8341100e-02
   2.4974600e-02
   2.1333800e-02
   1.8147600e-02
   1.5132300e-02
   1.2666500e-02
   1.0239000e-02
   8.4579100e-03
   7.7442100e-03
   7.0809900e-03
   6.8217600e-03
   7.0183600e-03
   7.1955200e-03
   6.8046400e-03
   6.0508300e-03
   4.9407100e-03
   3.4901900e-03
   1.5441600e-03
  -1.2638500e-03
  -3.7468600e-03
  -5.2089800e-03
  -6.1759900e-03
  -6.3426000e-03
  -5.7620000e-03
  -5.8832400e-03
  -5.7654900e-03
  -5.4647900e-03
  -5.7741200e-03
  -5.6374700e-03
  -6.2152100e-03
  -7.6515500e-03
  -8.8429500e-03
  -9.8473600e-03
  -1.0717600e-02
  -1.1320900e-02
  -1.1664000e-02
  -1.1818200e-02
  -1.1113000e-02
  -9.4492600e-03
  -7.3205300e-03
  -4.2723000e-03
   2.0484000e-04
   5.5181600e-03
   1.0611400e-02
   1.5077200e-02
   1.9092000e-02
   2.2757800e-02
   2.5599200e-02
   2.6470500e-02
   2.6234400e-02
   2.6249000e-02
   2.5200900e-02
   2.3841400e-02
   2.3386600e-02
   2.2758200e-02
   2.1873900e-02
   2.1042600e-02
   2.0277900e-02
   1.9634100e-02
   1.8743400e-02
   1.7960900e-02
   1.6809000e-02
   1.5481100e-02
   1.5258600e-02
   1.4946400e-02
   1.4515500e-02
   1.5429600e-02
   1.6689400e-02
   1.7415400e-02
   1.9079200e-02
   2.0944600e-02
   2.1792600e-02
   2.2358500e-02
   2.3180000e-02
   2.3701800e-02
   2.3242300e-02
   2.2477800e-02
   2.1677400e-02
   2.0428500e-02
   1.8855700e-02
   1.7039100e-02
   1.5244700e-02
   1.3385700e-02
   1.1333900e-02
   9.8644700e-03
   8.4352900e-03
   6.9219900e-03
   5.9174800e-03
   5.0221800e-03
   4.3420500e-03
   3.9461900e-03
   3.1751200e-03
   2.5907400e-03
   2.6512500e-03
   2.2745800e-03
   1.1829200e-03
   8.9550600e-05
  -8.4949000e-04
  -1.7235000e-03
  -2.1023200e-03
  -1.6242200e-03
  -5.2771900e-04
   4.7375900e-04
   1.7143300e-03
   3.3540300e-03
   4.6507400e-03
   6.1176200e-03
   7.8320200e-03
   9.2124700e-03
   1.0331000e-02
   1.1279500e-02
   1.2500400e-02
   1.3934700e-02
   1.5193200e-02
   1.6247500e-02
   1.7526400e-02
   1.9283700e-02
   2.0219800e-02
   2.0470000e-02
   2.1303200e-02
   2.1850600e-02
   2.2111700e-02
   2.2435000e-02
   2.1437200e-02
   1.9298700e-02
   1.7604400e-02
   1.5963700e-02
   1.4257300e-02
   1.2954900e-02
   1.1370000e-02
   1.0863100e-02
   1.0902600e-02
   1.0548400e-02
   1.1437600e-02
   1.1775000e-02
   1.1237100e-02
   1.1284700e-02
   1.1197400e-02
   1.0402900e-02
   8.5632800e-03
   6.7263900e-03
   5.1437000e-03
   2.9958500e-03
   1.3537400e-03
   3.6043200e-04
  -1.3620100e-03
  -4.2804600e-03
  -6.5556600e-03
  -7.8104600e-03
  -9.4604800e-03
  -1.0466600e-02
  -1.1495400e-02
  -1.2745800e-02
  -1.3121800e-02
  -1.3098500e-02
  -1.3155100e-02
  -1.2585200e-02
  -1.0803100e-02
  -8.9864700e-03
  -6.7623000e-03
  -3.6076100e-03
  -8.8355000e-04
   1.8030700e-03
   4.4818500e-03
   6.0660300e-03
   7.1216900e-03
   7.1507600e-03
   6.5716000e-03
   5.9749900e-03
   4.2773700e-03
   2.3532100e-03
   4.1721000e-04
  -1.5099300e-03
  -3.2640900e-03
  -4.9600800e-03
  -5.8168100e-03
  -6.4527500e-03
  -7.1225200e-03
  -7.6085900e-03
  -7.6053100e-03
  -7.2554900e-03
  -7.0683200e-03
  -7.3094400e-03
  -7.7688400e-03
  -7.8562500e-03
  -7.0959400e-03
  -6.2287600e-03
  -5.7816300e-03
  -5.3145600e-03
  -5.2771000e-03
  -4.6924200e-03
  -3.5157900e-03
  -2.0458700e-03
  -2.2713500e-05
   2.0847600e-03
   3.9908100e-03
   5.5177700e-03
   6.8747300e-03
   8.5373800e-03
   1.0513900e-02
   1.1764100e-02
   1.2329600e-02
   1.2998800e-02
   1.3047900e-02
   1.1895500e-02
   1.0510700e-02
   8.5839000e-03
   5.4829700e-03
   2.3028800e-03
  -4.2368400e-05
  -2.7348100e-03
  -5.3983200e-03
  -6.9067700e-03
  -8.4873000e-03
  -9.3853500e-03
  -9.9783700e-03
  -1.0946900e-02
  -1.0638400e-02
  -9.8019000e-03
  -1.0039700e-02
  -9.6825700e-03
  -8.3438500e-03
  -7.2815800e-03
  -5.3402000e-03
  -3.5809200e-03
  -2.9328500e-03
  -1.9397700e-03
  -8.2405300e-04
   2.3332300e-04
   1.8317700e-03
   3.6796700e-03
   5.4027400e-03
   6.9054400e-03
   8.4026700e-03
   9.8105000e-03
   1.0507500e-02
   1.0965400e-02
   1.1655100e-02
   1.1444700e-02
   1.0518200e-02
   9.6489600e-03
   8.3158100e-03
   6.9479900e-03
   5.3695000e-03
   3.6310000e-03
   2.3294700e-03
   8.0172100e-04
  -5.4968300e-04
  -1.5144600e-03
  -2.4139800e-03
  -2.7895700e-03
  -2.9569100e-03
  -2.7804100e-03
  -1.7627000e-03
  -3.6948200e-04
   1.0420800e-03
   3.2115700e-03
   6.1443100e-03
   9.0184200e-03
   1.2027200e-02
   1.4979200e-02
   1.8000100e-02
   2.0810100e-02
   2.3095300e-02
   2.5476300e-02
   2.7499100e-02
   2.8918600e-02
   3.0097200e-02
   3.1482500e-02
   3.2808300e-02
   3.3045400e-02
   3.3083200e-02
   3.3256600e-02
   3.2700200e-02
   3.2543500e-02
   3.2434700e-02
   3.2106400e-02
   3.1771500e-02
   3.0885500e-02
   3.0476900e-02
   3.0474400e-02
   3.0479100e-02
   3.0705500e-02
   3.1013600e-02
   3.1076100e-02
   3.1086700e-02
   3.1730200e-02
   3.2290100e-02
   3.2568000e-02
   3.3267200e-02
   3.4283000e-02
   3.4656800e-02
   3.4603800e-02
   3.5281400e-02
   3.5827600e-02
