   1.6561000e-01
   1.6151900e-01
   1.3731400e-01
   8.5233100e-02
   2.5387200e-02
  -3.9032700e-02
  -8.0386700e-02
  -8.7964200e-02
  -7.7667000e-02
  -4.6446700e-02
  -2.8091600e-03
   3.7821300e-02
   7.9287900e-02
   1.0127400e-01
   7.8207200e-02
   2.2944500e-02
  -3.2831100e-02
  -8.1258600e-02
  -1.1608700e-01
  -1.4468700e-01
  -1.6689800e-01
  -1.7514600e-01
  -1.6422200e-01
  -1.1134000e-01
  -2.1438000e-02
   4.2710700e-02
   8.5961400e-02
   1.0420200e-01
   1.0605900e-01
   9.4474800e-02
   8.3855600e-02
   8.6725700e-02
   9.3020800e-02
   9.6213600e-02
   9.7134300e-02
   9.7958000e-02
   9.7341200e-02
   9.3279300e-02
   8.5201100e-02
   7.3279500e-02
   5.4745300e-02
   3.1744700e-02
   1.7905900e-02
   1.9251600e-02
   2.8668600e-02
   4.6051000e-02
   6.3818600e-02
   8.9093400e-02
   1.1101300e-01
   1.1689500e-01
   1.1135000e-01
   1.0060300e-01
   9.4378000e-02
   9.7122700e-02
   1.0353500e-01
   1.0912800e-01
   1.1430600e-01
   1.1340900e-01
   1.0601600e-01
   8.9722000e-02
   6.8039500e-02
   4.1317900e-02
   1.2203800e-02
  -1.4046700e-02
  -3.1424600e-02
  -4.7367100e-02
  -6.0615900e-02
  -6.0208500e-02
  -5.6267100e-02
  -6.7076300e-02
  -8.3249400e-02
  -1.0873700e-01
  -1.3853700e-01
  -1.6983800e-01
  -1.9396000e-01
  -2.1474600e-01
  -2.3718500e-01
  -2.5491700e-01
  -2.7531400e-01
  -2.9977100e-01
  -3.1267900e-01
  -3.2481700e-01
  -3.3914900e-01
  -3.5452500e-01
  -3.6354000e-01
  -3.7004400e-01
  -3.7282800e-01
  -3.8443800e-01
  -3.9599500e-01
  -4.0087000e-01
  -3.8533300e-01
  -3.2490800e-01
  -1.0185200e-01
   1.4237700e-01
   2.7353800e-01
   3.7011000e-01
   4.3379100e-01
   4.6201700e-01
   4.6764200e-01
   4.7649600e-01
   4.8200200e-01
   4.7413500e-01
   4.5347000e-01
   4.1985100e-01
   3.3760900e-01
   2.3663200e-01
   1.1552100e-01
  -9.5922400e-03
  -7.6960400e-02
  -1.2198400e-01
  -1.3258700e-01
  -1.1532500e-01
  -4.4050000e-02
   8.1802700e-02
   1.7206300e-01
   2.2477600e-01
   2.6140700e-01
   2.7405800e-01
   2.6660800e-01
   2.4327900e-01
   2.0366500e-01
   1.5750800e-01
   1.0481100e-01
   4.5487700e-02
  -1.8393100e-02
  -8.2116600e-02
  -1.4567600e-01
  -1.9358300e-01
  -2.3272200e-01
  -2.6066800e-01
  -2.7094100e-01
  -2.7290900e-01
  -2.6763400e-01
  -2.5163600e-01
  -2.3620900e-01
  -2.1939800e-01
  -2.0391400e-01
  -1.9422100e-01
  -1.8111400e-01
  -1.7111100e-01
  -1.7304900e-01
  -1.6524000e-01
  -1.4889500e-01
  -1.1396800e-01
  -5.0022000e-02
  -5.5798100e-03
   3.2020900e-02
   5.9298000e-02
   6.7831000e-02
   7.0605500e-02
   7.0528400e-02
   6.9802900e-02
   6.3801900e-02
   5.2428200e-02
   3.5875500e-02
   1.8450200e-02
   2.1047400e-03
  -2.1435900e-02
  -4.8138100e-02
  -6.4703700e-02
  -7.1731800e-02
  -6.5750900e-02
  -4.2222000e-02
  -3.9563000e-03
   3.0207900e-02
   6.6024000e-02
   9.7443500e-02
   1.1985100e-01
   1.3121900e-01
   1.3737600e-01
   1.3854000e-01
   1.3186800e-01
   1.2800700e-01
   1.3264400e-01
   1.3024700e-01
   1.2033000e-01
   1.0750100e-01
   9.1677400e-02
   7.7190400e-02
   6.0293100e-02
   4.4279700e-02
   3.4010700e-02
   3.4159200e-02
   3.8239200e-02
   3.4559100e-02
   2.7105700e-02
   2.0421100e-02
   1.5876800e-02
   1.4770100e-02
   2.1271900e-02
   2.5278900e-02
   2.2334600e-02
   1.9636200e-02
   1.8411400e-02
   2.1323900e-02
   3.0976800e-02
   3.6943300e-02
   3.0300300e-02
   2.1991900e-02
   1.6504500e-02
   1.7136100e-02
   1.5058900e-02
   7.4546200e-03
  -3.6652400e-03
  -1.9266700e-02
  -4.3154300e-02
  -6.5258600e-02
  -8.3807200e-02
  -9.8971300e-02
  -1.0446100e-01
  -1.0471400e-01
  -9.5443800e-02
  -7.2745200e-02
  -4.1766100e-02
  -1.6640600e-02
  -4.6826900e-03
  -4.8536100e-03
  -1.5860200e-02
  -3.2759100e-02
  -5.1408600e-02
  -6.2904300e-02
  -7.2107400e-02
  -8.1491200e-02
  -8.3086600e-02
  -7.9763100e-02
  -7.1086900e-02
  -5.6893500e-02
  -3.4066000e-02
  -7.4235300e-04
   4.1192800e-02
   7.9913100e-02
   1.1093300e-01
   1.3395400e-01
   1.5199200e-01
   1.6822100e-01
   1.8502600e-01
   2.0243900e-01
   2.1616000e-01
   2.2441900e-01
   2.2601200e-01
   2.1990300e-01
   2.0722500e-01
   1.9743400e-01
   1.9429700e-01
   1.9653600e-01
   1.9973700e-01
   2.0243100e-01
   2.0358000e-01
   2.0420400e-01
   2.0162100e-01
   1.9350300e-01
   1.6895800e-01
   1.4157800e-01
   1.0419000e-01
   5.0685600e-02
  -3.7256600e-03
  -4.9333700e-02
  -9.2889900e-02
  -1.3176000e-01
  -1.6101300e-01
  -1.8984100e-01
  -2.1279700e-01
  -2.3352100e-01
  -2.5305300e-01
  -2.6638000e-01
  -2.7449200e-01
  -2.7730400e-01
  -2.7239900e-01
  -2.5641000e-01
  -2.2968600e-01
  -2.0066600e-01
  -1.7317700e-01
  -1.4509300e-01
  -1.1685300e-01
  -9.3031400e-02
  -8.4831800e-02
  -8.6413900e-02
  -8.6749800e-02
  -8.9303700e-02
  -9.1013500e-02
  -9.6131400e-02
  -1.0611200e-01
  -1.2017500e-01
  -1.3131600e-01
  -1.4572900e-01
  -1.6032300e-01
  -1.6835900e-01
  -1.5760400e-01
  -1.3621600e-01
  -1.1384300e-01
  -9.6899600e-02
  -7.5872800e-02
  -5.4818100e-02
  -3.0698100e-02
   1.0672200e-03
   2.8952800e-02
   3.8965600e-02
   3.6713700e-02
   3.2386000e-02
   2.0958700e-02
   1.9812500e-03
  -1.5176800e-02
  -2.0809100e-02
  -1.6682000e-02
  -6.8716100e-03
   1.4133700e-02
   4.1517800e-02
   6.5048800e-02
   8.9460800e-02
   1.1332500e-01
   1.3769400e-01
   1.5582500e-01
   1.6532500e-01
   1.7647100e-01
   1.9019300e-01
   2.0892900e-01
   2.2423500e-01
   2.4073100e-01
   2.5624400e-01
   2.7094700e-01
   2.8006000e-01
   2.8419400e-01
   2.8382900e-01
   2.8504600e-01
   2.8588100e-01
   2.8811200e-01
   2.8796300e-01
   2.8530400e-01
   2.7919500e-01
   2.6860500e-01
   2.4582400e-01
   2.1593400e-01
   1.8681700e-01
   1.5814300e-01
   1.2770400e-01
   9.6835200e-02
   7.2681900e-02
   4.8154200e-02
   1.6023700e-02
  -5.0057500e-03
  -4.1984900e-02
  -8.7419100e-02
  -1.2360300e-01
  -1.5616900e-01
  -1.7923200e-01
  -1.9389500e-01
  -1.9984000e-01
  -1.9832600e-01
  -1.9355700e-01
  -1.8638200e-01
  -1.8422500e-01
  -1.8785300e-01
  -1.9458400e-01
  -1.9777700e-01
  -1.9990300e-01
  -1.9831200e-01
  -1.9366000e-01
  -1.8413800e-01
  -1.6523700e-01
  -1.1476700e-01
  -5.2250600e-02
   6.2197300e-03
   4.3878000e-02
   6.2260500e-02
   6.9057300e-02
   6.8907900e-02
   6.6932100e-02
   6.1129400e-02
   5.4656200e-02
   4.7501000e-02
   4.1370400e-02
   3.4536900e-02
   2.4615300e-02
   1.0381700e-02
  -9.6193700e-03
  -3.4879200e-02
  -5.8069700e-02
  -8.2826000e-02
  -1.0334900e-01
  -1.1764100e-01
  -1.2802700e-01
  -1.3522500e-01
  -1.4101000e-01
  -1.4497300e-01
  -1.4774700e-01
  -1.4875300e-01
  -1.5213300e-01
  -1.5575400e-01
  -1.5959800e-01
  -1.6229800e-01
  -1.6654900e-01
  -1.7083900e-01
  -1.7708800e-01
  -1.8255400e-01
  -1.8603700e-01
  -1.6240400e-01
  -1.2054900e-01
  -7.8062200e-02
  -4.0666000e-02
   2.9308100e-03
   3.8434000e-02
   6.2013500e-02
   7.4247100e-02
   8.2854300e-02
   9.1921900e-02
   9.9727800e-02
   1.0517000e-01
   1.0856800e-01
   1.0382100e-01
   9.3853100e-02
   8.4397600e-02
   8.1130400e-02
   8.5103600e-02
   8.7340700e-02
   7.0839200e-02
   5.0708400e-02
   8.0283700e-03
  -3.6021000e-02
  -8.0064400e-02
  -1.1720300e-01
  -1.4277700e-01
  -1.6030300e-01
  -1.7557700e-01
  -1.8155500e-01
  -1.7645600e-01
  -1.6223100e-01
  -1.3807900e-01
  -1.1428600e-01
  -9.0426200e-02
  -7.4134800e-02
  -6.9741700e-02
  -7.6322400e-02
  -9.2462000e-02
  -1.1082000e-01
  -1.1847600e-01
  -1.2023000e-01
  -1.0932800e-01
  -9.2366000e-02
  -5.6709200e-02
  -1.5362900e-02
   1.7967100e-02
   4.2341300e-02
   5.5724000e-02
   6.2458700e-02
   6.4076000e-02
   6.4231300e-02
   6.5445700e-02
   6.7747500e-02
   7.1503900e-02
   7.6934900e-02
   8.4614100e-02
   9.5809500e-02
   1.1126200e-01
   1.2889800e-01
   1.4289200e-01
   1.4977100e-01
   1.4277200e-01
   1.3165500e-01
   1.2259200e-01
   1.1642000e-01
   1.1621900e-01
   1.1962800e-01
   1.2349800e-01
   1.2092800e-01
   9.4948600e-02
   5.7518600e-02
   2.0913100e-02
  -2.2790800e-02
  -5.7911000e-02
  -8.9602700e-02
  -1.1588800e-01
  -1.3350600e-01
  -1.4470000e-01
  -1.4726600e-01
  -1.4171800e-01
  -1.1550500e-01
  -6.5635900e-02
  -2.3658500e-02
   3.3406700e-03
   2.1508700e-02
   3.7545600e-02
   5.1165800e-02
   6.1036200e-02
   6.6159600e-02
   6.7835300e-02
   6.9201700e-02
   6.8315100e-02
   6.1225300e-02
   4.9961800e-02
   3.8617600e-02
   3.5306100e-02
   4.0162500e-02
   4.9554700e-02
   6.2665100e-02
   7.0069100e-02
   6.7682600e-02
   5.8333900e-02
   4.0927800e-02
   2.0643200e-02
   8.9855300e-04
  -1.8746700e-02
  -3.1116700e-02
  -3.6369000e-02
  -3.8090800e-02
  -3.5820600e-02
  -3.2027600e-02
  -2.7865800e-02
  -2.1315800e-02
  -9.3803300e-03
   9.3468900e-03
   2.7360300e-02
   4.6252200e-02
   6.2187700e-02
   7.2349400e-02
   7.7810300e-02
   7.9740700e-02
   7.8444600e-02
   7.2357500e-02
   6.3729400e-02
   4.2756800e-02
   1.6037900e-02
  -9.8776100e-03
  -3.4354500e-02
  -5.9431300e-02
  -7.2358900e-02
  -7.3924700e-02
  -6.8459700e-02
  -4.9962200e-02
  -2.5322700e-02
  -3.9247000e-03
   1.9119300e-02
   3.3982000e-02
   3.9762000e-02
   4.2509000e-02
   4.2075000e-02
   4.0359600e-02
   3.6041800e-02
   3.1493500e-02
   2.7809200e-02
   2.6923900e-02
   2.8770300e-02
   3.1795500e-02
   3.8728100e-02
   4.5866400e-02
   5.4517300e-02
   6.2298300e-02
   6.7374900e-02
   7.1857300e-02
   7.4581800e-02
   7.5291100e-02
   7.3834400e-02
   6.9268100e-02
   5.9238500e-02
   4.3908900e-02
   2.4892500e-02
   5.9985400e-03
  -8.1663600e-03
  -1.4182800e-02
  -1.6585500e-02
  -1.3152100e-02
  -4.9452400e-03
   4.0902800e-03
   1.5515800e-02
   2.7152700e-02
   3.3769500e-02
   3.6494100e-02
   3.4897600e-02
   2.6710300e-02
   9.8085600e-03
  -9.6046000e-03
  -2.7888200e-02
  -4.6536100e-02
  -6.3114100e-02
  -7.2217100e-02
  -7.4975600e-02
  -7.4834200e-02
  -7.1360700e-02
  -6.4758800e-02
  -5.8960000e-02
  -5.1985800e-02
  -4.5940200e-02
  -4.4375000e-02
  -4.7339800e-02
  -5.3223700e-02
  -6.0947600e-02
  -6.9552900e-02
  -7.6685200e-02
  -8.0109600e-02
  -8.2292700e-02
  -8.4798200e-02
  -8.5652400e-02
  -8.6913100e-02
  -8.7425000e-02
  -8.5062500e-02
  -8.0529700e-02
  -6.8492400e-02
  -4.5265100e-02
  -2.2689400e-02
  -4.6326700e-04
   1.8377400e-02
   2.5720800e-02
   2.8587800e-02
   2.7591500e-02
   2.4585300e-02
   2.3219500e-02
   2.3581400e-02
   2.5741700e-02
   2.8750500e-02
   3.2015400e-02
   3.9376800e-02
   4.8283700e-02
   5.5035100e-02
   5.7180900e-02
   5.2323500e-02
   3.6953400e-02
   1.7935000e-02
   2.9447900e-04
  -1.0220200e-02
  -1.6295800e-02
  -2.3439200e-02
  -3.1696800e-02
  -4.3678800e-02
  -5.7630800e-02
  -7.1879900e-02
  -8.4352600e-02
  -9.3247000e-02
  -9.9569300e-02
  -1.0444000e-01
  -1.0584100e-01
  -1.0434100e-01
  -1.0026500e-01
  -9.1280100e-02
  -7.8877600e-02
  -6.5643800e-02
  -5.4332300e-02
  -4.5731900e-02
  -3.8424100e-02
  -3.4430600e-02
  -3.1090200e-02
  -2.7506800e-02
  -2.2414900e-02
  -1.5681300e-02
  -5.9655100e-03
   4.9257800e-03
   1.4416000e-02
   2.3286400e-02
   3.5403900e-02
   5.1441900e-02
   6.5980900e-02
   7.6576900e-02
   8.8630200e-02
   9.8407200e-02
   1.0555200e-01
   1.0937900e-01
   1.1013800e-01
   1.0745800e-01
   9.9633700e-02
   8.5331200e-02
   6.4887900e-02
   4.3635500e-02
   2.2887400e-02
   2.4368600e-03
  -1.7681800e-02
  -3.3157400e-02
  -4.3312700e-02
  -4.9867800e-02
  -5.2198000e-02
  -5.1548100e-02
  -4.6044100e-02
  -3.6100100e-02
  -1.9276400e-02
  -1.2539600e-03
   1.2807500e-02
   1.9218500e-02
   2.0987100e-02
   1.8799400e-02
   1.5163400e-02
   1.1680600e-02
   7.6625000e-03
   3.4411900e-03
   2.9666300e-04
  -2.1296200e-04
   2.9982900e-03
   1.0864800e-02
   2.2116800e-02
   3.1831900e-02
   3.6453000e-02
   3.8576900e-02
   3.9719800e-02
   3.9192200e-02
   3.6529100e-02
   3.0691000e-02
   2.2494800e-02
   1.3424900e-02
   4.1888500e-03
  -3.4971600e-03
  -7.9041000e-03
  -7.5240000e-03
   6.3707000e-04
   2.0659000e-02
   4.2779400e-02
   5.8667600e-02
   6.7707400e-02
