  -4.8342200e-02
  -4.3073100e-02
  -3.5460800e-02
  -2.6895600e-02
  -1.9058700e-02
  -1.2164200e-02
  -5.5185300e-03
   1.0194000e-03
   7.3161300e-03
   1.3738500e-02
   2.0816800e-02
   2.8780800e-02
   3.7734100e-02
   4.7637400e-02
   5.7770600e-02
   6.6878500e-02
   7.3932700e-02
   7.8782600e-02
   8.1946100e-02
   8.3714500e-02
   8.4286300e-02
   8.3947000e-02
   8.2948100e-02
   8.1189500e-02
   7.8052200e-02
   7.3035500e-02
   6.6717800e-02
   6.0521300e-02
   5.5136800e-02
   4.9820600e-02
   4.3629600e-02
   3.6390800e-02
   2.8431600e-02
   2.0351100e-02
   1.2939000e-02
   6.5937300e-03
   1.1488900e-03
  -3.3347400e-03
  -6.2689500e-03
  -8.6448400e-03
  -1.2700000e-02
  -1.8391100e-02
  -2.3089100e-02
  -2.5234900e-02
  -2.5944100e-02
  -2.6627500e-02
  -2.7445700e-02
  -2.8030900e-02
  -2.7422900e-02
  -2.4421400e-02
  -1.9817300e-02
  -1.6405100e-02
  -1.5259000e-02
  -1.4701000e-02
  -1.4189200e-02
  -1.5525800e-02
  -1.8421200e-02
  -1.9752500e-02
  -1.9543700e-02
  -2.1372400e-02
  -2.4934400e-02
  -2.5995200e-02
  -2.4519600e-02
  -2.4351200e-02
  -2.5817400e-02
  -2.6183500e-02
  -2.5251500e-02
  -2.4327600e-02
  -2.2451300e-02
  -1.8318200e-02
  -1.3242200e-02
  -9.1951900e-03
  -6.4153300e-03
  -5.0332700e-03
  -6.5625800e-03
  -1.1400600e-02
  -1.6385300e-02
  -1.6791800e-02
  -1.1495400e-02
  -5.1830200e-03
  -2.6094000e-03
  -2.2543000e-03
   4.9211100e-04
   6.3608700e-03
   1.2214200e-02
   1.6075500e-02
   1.9179000e-02
   2.3820600e-02
   3.0507600e-02
   3.7195500e-02
   4.1523500e-02
   4.3201900e-02
   4.3656000e-02
   4.4435600e-02
   4.6227500e-02
   4.8152400e-02
   4.8511600e-02
   4.8249000e-02
   5.1509600e-02
   6.0058700e-02
   6.9400100e-02
   7.4120000e-02
   7.4345900e-02
   7.3525000e-02
   7.2559900e-02
   7.0453100e-02
   6.7979100e-02
   6.6060200e-02
   6.3635500e-02
   5.9917400e-02
   5.6089100e-02
   5.2590100e-02
   4.7849500e-02
   4.0923300e-02
   3.2666400e-02
   2.4244400e-02
   1.6386300e-02
   9.1450800e-03
   1.8252900e-03
  -5.5120800e-03
  -1.1279000e-02
  -1.4856300e-02
  -1.7929300e-02
  -2.1271800e-02
  -2.2893200e-02
  -2.1797900e-02
  -2.0507000e-02
  -2.1647700e-02
  -2.4253600e-02
  -2.5252900e-02
  -2.3596900e-02
  -2.0963200e-02
  -1.9273700e-02
  -1.9017000e-02
  -1.8921200e-02
  -1.7092100e-02
  -1.4156200e-02
  -1.3314900e-02
  -1.4970200e-02
  -1.5256500e-02
  -1.1847400e-02
  -7.5728900e-03
  -6.4511400e-03
  -8.7173500e-03
  -1.1571500e-02
  -1.3096900e-02
  -1.3370600e-02
  -1.2278000e-02
  -8.5225300e-03
  -2.3054800e-03
   3.5558800e-03
   7.1811700e-03
   9.2639500e-03
   1.0352300e-02
   9.2176100e-03
   4.7256300e-03
  -1.9178200e-03
  -7.8672000e-03
  -1.1470800e-02
  -1.3623800e-02
  -1.5153900e-02
  -1.4950100e-02
  -1.2864800e-02
  -1.0847800e-02
  -9.2832700e-03
  -6.0076500e-03
  -9.7944800e-04
   1.4595300e-03
  -1.9279700e-03
  -8.4809900e-03
  -1.3095100e-02
  -1.3780400e-02
  -1.2240600e-02
  -1.1079100e-02
  -1.1644900e-02
  -1.3177700e-02
  -1.3691900e-02
  -1.2301500e-02
  -1.0480400e-02
  -9.8693200e-03
  -1.0021700e-02
  -9.4557000e-03
  -7.6508300e-03
  -5.2335300e-03
  -3.2039800e-03
  -2.4810400e-03
  -3.5643800e-03
  -5.7857100e-03
  -7.4847400e-03
  -7.4468700e-03
  -6.1951700e-03
  -5.8594400e-03
  -7.8380600e-03
  -1.0874300e-02
  -1.2679400e-02
  -1.2929400e-02
  -1.3372100e-02
  -1.5663900e-02
  -1.9915300e-02
  -2.4423700e-02
  -2.7118800e-02
  -2.7646200e-02
  -2.7072000e-02
  -2.6440100e-02
  -2.6183300e-02
  -2.5965500e-02
  -2.4800900e-02
  -2.2290500e-02
  -1.9422400e-02
  -1.7063000e-02
  -1.4524400e-02
  -1.1082500e-02
  -7.6006300e-03
  -5.5151400e-03
  -5.1930300e-03
  -5.3888400e-03
  -4.6047800e-03
  -2.8987000e-03
  -1.0761500e-03
   1.2589000e-03
   4.9725400e-03
   9.1653700e-03
   1.1729400e-02
   1.2186100e-02
   1.2415400e-02
   1.4378400e-02
   1.8064200e-02
   2.2884600e-02
   2.9417200e-02
   3.8139600e-02
   4.7865100e-02
   5.6467100e-02
   6.2123200e-02
   6.3438800e-02
   6.0040300e-02
   5.3220200e-02
   4.5696300e-02
   3.9717000e-02
   3.5673600e-02
   3.2442800e-02
   2.8362300e-02
   2.2414700e-02
   1.5913200e-02
   1.1814800e-02
   1.1057000e-02
   1.1371500e-02
   1.0457700e-02
   8.3378800e-03
   6.1608700e-03
   4.5606100e-03
   3.6227400e-03
   3.0091800e-03
   1.8358000e-03
  -4.1579500e-04
  -3.7079300e-03
  -7.7503000e-03
  -1.1658200e-02
  -1.4068700e-02
  -1.4201600e-02
  -1.2679300e-02
  -1.0848300e-02
  -9.0264200e-03
  -6.2688200e-03
  -2.5773600e-03
   7.4982900e-05
   1.4313600e-04
  -1.1315100e-03
  -1.4669800e-03
  -6.2912800e-04
  -1.5507600e-04
  -6.4325000e-04
  -1.2548000e-03
  -1.0299100e-03
   3.5252000e-04
   2.7170000e-03
   5.5630100e-03
   8.1412600e-03
   1.0081700e-02
   1.1473100e-02
   1.2169500e-02
   1.1539200e-02
   9.2629000e-03
   6.0738800e-03
   3.4079400e-03
   1.9464900e-03
   8.8342500e-04
  -1.0481400e-03
  -4.0753300e-03
  -7.7279200e-03
  -1.1307100e-02
  -1.4308900e-02
  -1.6885200e-02
  -1.9478100e-02
  -2.2249800e-02
  -2.4552800e-02
  -2.5610000e-02
  -2.5202100e-02
  -2.3545800e-02
  -2.1301700e-02
  -1.9537000e-02
  -1.8964900e-02
  -1.9529400e-02
  -2.0990700e-02
  -2.2866400e-02
  -2.3907200e-02
  -2.3213100e-02
  -2.1577200e-02
  -2.0301700e-02
  -1.9510500e-02
  -1.8486900e-02
  -1.7018000e-02
  -1.5587100e-02
  -1.4210100e-02
  -1.2280400e-02
  -9.4613700e-03
  -6.2891600e-03
  -3.2765300e-03
  -2.4592800e-04
   2.9488000e-03
   6.1149000e-03
   9.2324200e-03
   1.2618300e-02
   1.6633400e-02
   2.1309700e-02
   2.6247200e-02
   3.0805000e-02
   3.4544500e-02
   3.7646100e-02
   4.0565200e-02
   4.3138900e-02
   4.4418600e-02
   4.3638600e-02
   4.1174800e-02
   3.7833700e-02
   3.3889100e-02
   2.8821700e-02
   2.2174500e-02
   1.4474300e-02
   6.8362700e-03
  -3.8438600e-04
  -7.4886100e-03
  -1.4270600e-02
  -1.9671800e-02
  -2.2779500e-02
  -2.3563800e-02
  -2.2603100e-02
  -2.0670800e-02
  -1.8691600e-02
  -1.7152100e-02
  -1.5808200e-02
  -1.4653500e-02
  -1.4679100e-02
  -1.6893500e-02
  -2.0826700e-02
  -2.4454600e-02
  -2.5988600e-02
  -2.5554400e-02
  -2.5042700e-02
  -2.6088500e-02
  -2.8454900e-02
  -3.1051200e-02
  -3.3397700e-02
  -3.5393600e-02
  -3.7078700e-02
  -3.9033200e-02
  -4.1485700e-02
  -4.3552700e-02
  -4.3839000e-02
  -4.1567000e-02
  -3.7391500e-02
  -3.3515300e-02
  -3.1665600e-02
  -3.1012500e-02
  -2.9349800e-02
  -2.5878500e-02
  -2.1147200e-02
  -1.5207000e-02
  -7.9294700e-03
  -4.4732500e-05
   7.8091400e-03
   1.6105600e-02
   2.5185600e-02
   3.4009000e-02
   4.1340000e-02
   4.6899300e-02
   5.0878400e-02
   5.3644900e-02
   5.5782300e-02
   5.7721500e-02
   5.9254300e-02
   5.9595300e-02
   5.8095900e-02
   5.4371300e-02
   4.8456300e-02
   4.1026300e-02
   3.3014600e-02
   2.4990800e-02
   1.7090000e-02
   9.1830300e-03
   7.8567000e-04
  -8.7720900e-03
  -1.9708100e-02
  -3.1529900e-02
  -4.3488700e-02
  -5.4823300e-02
  -6.4933400e-02
  -7.3588900e-02
  -8.0612000e-02
  -8.5536700e-02
  -8.8452500e-02
  -9.0091300e-02
  -9.0334300e-02
  -8.7621700e-02
  -8.0775300e-02
  -7.0938200e-02
  -6.0387600e-02
  -5.0642900e-02
  -4.2865500e-02
  -3.7880100e-02
  -3.4446800e-02
  -2.9454100e-02
  -2.1766600e-02
  -1.4306400e-02
  -1.1055700e-02
  -1.2726400e-02
  -1.5902100e-02
  -1.6756900e-02
  -1.5595200e-02
  -1.5289700e-02
  -1.5533600e-02
  -1.3182400e-02
  -8.4897200e-03
  -5.2384700e-03
  -4.6909300e-03
  -4.3396100e-03
  -2.7942400e-03
  -1.6498000e-03
  -1.8657300e-03
  -1.7296600e-03
   5.4206900e-04
   4.1450300e-03
   6.6911500e-03
   6.8226700e-03
   5.3850200e-03
   4.0218100e-03
   3.2509400e-03
   2.3074300e-03
   9.4150700e-04
   2.9156500e-04
   1.6803600e-03
   5.8998600e-03
   1.2439400e-02
   1.9071800e-02
   2.4112500e-02
   2.8501600e-02
   3.3405800e-02
   3.7188600e-02
   3.8194700e-02
   3.8838000e-02
   4.1840800e-02
   4.4124400e-02
   4.0956200e-02
   3.3838100e-02
   2.7846300e-02
   2.3968600e-02
   2.0108200e-02
   1.6506400e-02
   1.4533900e-02
   1.3880000e-02
   1.4269800e-02
   1.5888900e-02
   1.6902500e-02
   1.5046500e-02
   1.1363900e-02
   8.6450200e-03
   7.4383800e-03
   7.2475300e-03
   8.5588400e-03
   1.0321200e-02
   9.5473200e-03
   6.3094900e-03
   3.9942900e-03
   3.3195300e-03
   1.0239600e-03
  -4.3705600e-03
  -1.0484200e-02
  -1.4986100e-02
  -1.7370000e-02
  -1.7636000e-02
  -1.6290000e-02
  -1.4615600e-02
  -1.3207200e-02
  -1.1730900e-02
  -1.0775300e-02
  -1.0752100e-02
  -9.6753900e-03
  -6.1177800e-03
  -2.5112100e-03
  -1.5830300e-03
  -1.6905900e-03
   6.3825700e-04
   5.3664500e-03
   8.9727900e-03
   9.0738800e-03
   6.9703800e-03
   6.6439300e-03
   1.1864100e-02
   2.2042700e-02
   3.0925600e-02
   3.3309700e-02
   3.1927800e-02
   3.2779100e-02
   3.5928900e-02
   3.7451100e-02
   3.7597000e-02
   3.9353300e-02
   4.1452500e-02
   4.0294100e-02
   3.6835200e-02
   3.4584200e-02
   3.3232300e-02
   2.9996400e-02
   2.4486700e-02
   1.8551400e-02
   1.3112900e-02
   7.7687200e-03
   2.3466500e-03
  -2.3615700e-03
  -5.5384700e-03
  -7.5789000e-03
  -9.2204100e-03
  -1.0106500e-02
  -9.6405300e-03
  -8.7539800e-03
  -9.4912100e-03
  -1.2557500e-02
  -1.5903100e-02
  -1.7559100e-02
  -1.9081400e-02
  -2.3384000e-02
  -2.9666800e-02
  -3.3980500e-02
  -3.4225000e-02
  -3.1654900e-02
  -2.9287600e-02
  -2.9604600e-02
  -3.2160000e-02
  -3.4071400e-02
  -3.3686800e-02
  -3.1952600e-02
  -2.9614900e-02
  -2.5578800e-02
  -1.9541700e-02
  -1.3289000e-02
  -8.0954300e-03
  -3.1090100e-03
   2.5462200e-03
   8.5637700e-03
   1.5595900e-02
   2.4950600e-02
   3.5529700e-02
   4.4467600e-02
   5.0970800e-02
   5.6148700e-02
   6.0141600e-02
   6.2650900e-02
   6.4975000e-02
   6.8269400e-02
   7.1584900e-02
   7.3927800e-02
   7.5438200e-02
   7.5320800e-02
   7.1507600e-02
   6.3683100e-02
   5.3965000e-02
   4.3913900e-02
   3.3264100e-02
   2.1470500e-02
   8.8943400e-03
  -3.4948100e-03
  -1.4863800e-02
  -2.4616600e-02
  -3.2154300e-02
  -3.7077900e-02
  -3.9978000e-02
  -4.2057100e-02
  -4.4222600e-02
  -4.6748000e-02
  -4.9069300e-02
  -4.9485600e-02
  -4.5467400e-02
  -3.5147400e-02
  -1.9059300e-02
  -6.6783400e-04
   1.4886200e-02
   2.3875200e-02
   2.6162600e-02
   2.4383900e-02
   2.1585300e-02
   2.0279000e-02
   2.2190700e-02
   2.6452100e-02
   2.9255400e-02
   2.6847000e-02
   1.9889800e-02
   1.2639400e-02
   7.4537000e-03
   2.9613800e-03
  -3.1907900e-03
  -1.1820500e-02
  -2.1500600e-02
  -2.9441700e-02
  -3.4609200e-02
  -3.9950600e-02
  -4.8395700e-02
  -5.7402900e-02
  -6.2472400e-02
  -6.4265100e-02
  -6.7338400e-02
  -7.2728400e-02
  -7.7033000e-02
  -7.7963000e-02
  -7.6145000e-02
  -7.1842700e-02
  -6.3499400e-02
  -5.0622200e-02
  -3.5940500e-02
  -2.2477600e-02
  -9.3679700e-03
   6.1530600e-03
   2.2821600e-02
   3.5150300e-02
   4.0248900e-02
   4.1055600e-02
   4.0985600e-02
   3.8681200e-02
   3.0879200e-02
   1.7957200e-02
   4.0969200e-03
  -6.3793000e-03
  -1.2273700e-02
  -1.6172200e-02
  -2.0955300e-02
  -2.5865100e-02
  -2.7829300e-02
  -2.5924100e-02
  -2.2545200e-02
  -1.9945000e-02
  -1.8718200e-02
  -1.9787900e-02
  -2.3147800e-02
  -2.4188300e-02
  -1.7729600e-02
  -6.8320500e-03
  -2.1761700e-04
  -6.4588900e-05
  -4.4955200e-04
   1.7194800e-03
   2.8119300e-03
   1.3309800e-04
  -3.8355900e-03
  -6.6970300e-03
  -9.5558300e-03
  -1.3274600e-02
  -1.6219500e-02
  -1.7255100e-02
  -1.7907100e-02
  -2.0196800e-02
  -2.4666700e-02
  -3.0721300e-02
  -3.6360900e-02
  -3.8975700e-02
  -3.9460800e-02
  -4.2255600e-02
  -4.8399700e-02
  -5.2043400e-02
  -4.8615800e-02
  -4.2759400e-02
  -4.0068500e-02
  -3.7487500e-02
  -3.0475700e-02
  -1.9909800e-02
  -6.8346300e-03
   8.0089600e-03
   2.0163200e-02
   2.6928700e-02
   3.2394100e-02
   3.9723200e-02
   4.5494100e-02
   4.7604600e-02
   5.0475600e-02
   5.7191500e-02
   6.4048700e-02
   6.7011800e-02
   6.7215900e-02
   6.7010800e-02
   6.5491900e-02
   6.0420000e-02
   5.2080800e-02
   4.3147500e-02
   3.5443700e-02
   2.7934100e-02
   1.8357600e-02
   6.5193100e-03
  -4.6933100e-03
  -1.2053200e-02
  -1.5374300e-02
  -1.7181900e-02
  -1.9678500e-02
  -2.3295300e-02
  -2.7536200e-02
  -3.0912600e-02
  -3.1599800e-02
  -3.0269000e-02
  -2.9265200e-02
  -2.8095500e-02
  -2.3492000e-02
  -1.4663200e-02
  -4.3517000e-03
   5.8298000e-03
   1.6540500e-02
   2.6610500e-02
   3.2910700e-02
   3.4719100e-02
   3.4543500e-02
   3.5130200e-02
   3.7075700e-02
   3.8649700e-02
   3.7160100e-02
   3.1078000e-02
   2.1492200e-02
   1.1171300e-02
   1.5577900e-03
  -7.9154700e-03
  -1.7306600e-02
  -2.5197700e-02
  -3.0666300e-02
  -3.4200800e-02
  -3.6183300e-02
  -3.7109800e-02
  -3.8437600e-02
  -4.0692500e-02
  -4.2232200e-02
  -4.1763900e-02
  -3.9594300e-02
  -3.5868000e-02
  -3.0406000e-02
  -2.4326000e-02
  -1.9628100e-02
  -1.6783000e-02
  -1.4377100e-02
  -1.1201800e-02
  -7.2694500e-03
  -2.5492800e-03
   4.3007500e-03
   1.4207600e-02
   2.5458500e-02
   3.4777900e-02
   4.0343400e-02
   4.2648800e-02
   4.3820400e-02
   4.6181100e-02
   5.0430600e-02
   5.5791500e-02
   6.1090000e-02
   6.4598200e-02
   6.5200800e-02
   6.2519900e-02
   5.3752400e-02
   3.6605400e-02
   1.6006500e-02
  -6.0860600e-04
  -1.3453100e-02
  -2.6596500e-02
  -3.7903400e-02
  -4.2039200e-02
  -4.0253800e-02
  -3.9486700e-02
  -4.3681200e-02
  -5.2332700e-02
  -6.5429200e-02
  -8.2309600e-02
  -9.6902300e-02
  -1.0251400e-01
  -1.0050200e-01
  -9.7622300e-02
  -9.7935600e-02
  -1.0151300e-01
  -1.0527200e-01
  -1.0192400e-01
  -8.5328000e-02
  -5.9972900e-02
  -3.8543000e-02
  -2.8947200e-02
  -2.8259500e-02
  -2.7340800e-02
  -1.8075600e-02
  -6.3056600e-04
   1.5301200e-02
   2.1061700e-02
   1.9128000e-02
   1.8122500e-02
   2.1134500e-02
   2.3375700e-02
   1.9987000e-02
   1.1637800e-02
   1.1050500e-03
  -1.1113900e-02
  -2.3585200e-02
  -3.1260700e-02
  -3.0811000e-02
  -2.4438400e-02
  -1.7057700e-02
  -1.3263700e-02
  -1.5942000e-02
  -2.2592200e-02
  -2.5622600e-02
  -2.1663500e-02
  -1.7015500e-02
  -1.8808000e-02
  -2.3534300e-02
  -2.0511400e-02
  -7.9120700e-03
   1.2891700e-03
  -5.1891800e-03
  -2.4298700e-02
  -4.5112300e-02
  -6.1309800e-02
  -6.9375300e-02
  -6.7335500e-02
  -6.2705900e-02
  -6.4976000e-02
  -6.7028200e-02
  -5.4163400e-02
  -3.2333000e-02
  -2.3461400e-02
  -3.0432500e-02
  -3.1921700e-02
  -1.6522200e-02
   7.0555900e-04
   3.0285600e-03
  -3.3256300e-03
  -1.7357700e-03
   6.7491300e-03
   5.0707300e-03
  -1.1512200e-02
  -2.7652800e-02
  -2.9193900e-02
  -1.3532700e-02
   1.3506000e-02
   3.4066400e-02
   3.1334200e-02
   1.5513100e-02
   1.0164400e-02
   1.3610000e-02
   5.2318400e-03
  -1.5889100e-02
  -2.9173400e-02
  -2.5164400e-02
  -1.6066300e-02
  -1.4407400e-02
  -1.9251200e-02
  -2.4948700e-02
  -3.1281000e-02
  -4.1034400e-02
  -5.3564800e-02
  -6.4268000e-02
  -6.9542000e-02
  -7.1722900e-02
  -7.7187300e-02
  -8.7292100e-02
  -9.5508000e-02
  -9.8186700e-02
  -1.0161300e-01
  -1.0685700e-01
  -9.8555400e-02
  -7.1977400e-02
  -5.3466600e-02
  -6.0963700e-02
  -6.9098000e-02
  -4.8638700e-02
  -1.2139100e-02
   9.8408700e-03
   1.2363500e-02
   1.2654100e-02
   1.8939700e-02
   2.3263700e-02
   2.2377100e-02
   2.5814300e-02
   3.6566800e-02
   4.1390400e-02
   2.8772900e-02
   8.3532700e-03
   7.5061900e-03
   3.8748400e-02
   7.3382200e-02
   7.7746700e-02
   6.2365900e-02
   5.1307900e-02
   3.4920100e-02
   3.5533900e-03
  -1.5117700e-02
  -2.1277100e-03
   1.3653300e-02
   5.0631100e-03
  -6.9477900e-03
   6.7478800e-03
   3.4655500e-02
   4.8346000e-02
   4.4281700e-02
   3.5978400e-02
   2.8873900e-02
   2.1601700e-02
   1.5473100e-02
   1.1613700e-02
   8.5513800e-03
   5.7273500e-03
   3.5671900e-03
   1.6817400e-03
  -3.3174300e-04
  -2.5230500e-03
  -6.0517000e-03
  -1.2277500e-02
  -1.9377000e-02
  -2.3243400e-02
  -2.2680900e-02
  -2.2174900e-02
  -2.8813500e-02
  -4.3996800e-02
  -5.9177600e-02
  -6.3492300e-02
  -5.2450100e-02
  -2.6919800e-02
   6.8594800e-03
   3.3089700e-02
   3.7298700e-02
   2.2740200e-02
   1.8269300e-03
  -2.0764600e-02
  -4.0908300e-02
  -4.6646100e-02
  -3.4144300e-02
  -1.7913400e-02
  -1.1390200e-02
  -8.2048900e-03
   4.3068900e-03
   2.1056700e-02
   2.6859000e-02
   2.0882200e-02
   1.0135200e-02
  -1.0528700e-02
  -4.4162800e-02
  -7.0427200e-02
  -6.9125300e-02
  -5.2592400e-02
  -4.9035800e-02
  -6.4525100e-02
  -7.9588600e-02
  -7.6574200e-02
  -5.8157800e-02
  -4.2489400e-02
  -4.5915400e-02
  -6.5730300e-02
  -7.9712500e-02
  -7.1804500e-02
  -5.5254000e-02
  -5.6622300e-02
  -7.7417600e-02
  -8.5679900e-02
  -5.6282500e-02
  -1.5469800e-02
  -1.6075100e-02
  -5.8540400e-02
  -8.4275000e-02
  -6.6084400e-02
  -4.3674200e-02
  -4.9075300e-02
  -6.2506100e-02
  -6.1208400e-02
  -5.4872000e-02
  -5.7222900e-02
  -6.4264200e-02
  -6.7000400e-02
  -6.0947700e-02
  -4.6019200e-02
  -2.8910300e-02
  -1.8326200e-02
  -1.4651600e-02
  -1.0966500e-02
  -1.3510400e-03
   1.6304900e-02
   3.8236200e-02
   5.3120600e-02
   4.9715900e-02
   3.1111200e-02
   2.3108400e-02
   5.5602400e-02
   1.1657100e-01
   1.4761700e-01
   1.2055000e-01
   8.1158700e-02
   7.4574400e-02
   8.1778100e-02
   7.3501100e-02
   6.3118900e-02
   6.5328900e-02
   6.2628700e-02
   4.5252100e-02
   3.5332000e-02
   4.6993100e-02
   6.0167000e-02
   5.2855400e-02
   3.2382900e-02
   1.8488100e-02
   1.3753700e-02
   5.7485800e-03
  -1.0566800e-02
  -2.6521900e-02
  -3.4811000e-02
  -3.9307000e-02
  -4.7592700e-02
  -6.1717300e-02
  -7.6369400e-02
  -7.8649800e-02
  -5.8387000e-02
  -2.7157000e-02
  -1.0109500e-02
  -1.3137300e-02
  -2.0157400e-02
  -2.2505600e-02
  -2.3819000e-02
  -1.9299500e-02
  -2.7416100e-04
   2.3807200e-02
   3.5812200e-02
   3.8098600e-02
   4.5965700e-02
   6.2793100e-02
   8.0295200e-02
   9.2870200e-02
   9.6084300e-02
   8.2013900e-02
   5.0085000e-02
   1.5227200e-02
   1.4386500e-03
   2.8436300e-02
   8.0593900e-02
   9.7846600e-02
   5.3176800e-02
   8.4323700e-03
   1.8777300e-02
   4.5473000e-02
   4.3314100e-02
   4.2424900e-02
   6.5941500e-02
   7.0614300e-02
   3.6001700e-02
   1.3279300e-02
   3.5159700e-02
   6.1871400e-02
   5.2903400e-02
   2.6702800e-02
   1.9177700e-02
   2.6549200e-02
   1.7944700e-02
  -1.4587000e-02
  -4.2756100e-02
  -4.1795400e-02
  -2.7198000e-02
  -3.3320900e-02
  -6.1702900e-02
  -7.6078900e-02
  -5.5096500e-02
  -2.6188300e-02
  -2.5887500e-02
  -4.3026800e-02
  -3.8608800e-02
  -1.3674800e-02
  -5.4853000e-03
  -1.6810700e-02
  -1.1577400e-02
   1.4256500e-02
   2.5766600e-02
   1.7687100e-02
   1.9167100e-02
   3.0983300e-02
   2.8457600e-02
   1.7039200e-02
   2.0691400e-02
   3.0526700e-02
   1.9665800e-02
   2.3501900e-04
   1.9490400e-02
   8.1545100e-02
   1.1672900e-01
   8.1058400e-02
   3.0631300e-02
   2.5428000e-02
   3.5779100e-02
   2.1679400e-02
   1.5998200e-02
   5.0160900e-02
   8.0806200e-02
   6.2765800e-02
   2.5871900e-02
   2.0635100e-02
   4.1106800e-02
   4.7705000e-02
   3.1080100e-02
   1.6357500e-02
   1.7921300e-02
   1.7663700e-02
  -4.4079900e-03
  -3.2678000e-02
  -3.3531500e-02
  -9.1063900e-03
   1.2063100e-03
  -1.9846700e-02
  -4.1887000e-02
  -3.1801400e-02
   1.9221700e-03
   2.3491700e-02
   1.8192400e-02
   8.4157500e-03
   1.5308900e-02
   2.6484200e-02
   2.2712700e-02
   1.4809400e-02
   2.2891500e-02
   3.8089500e-02
   3.9986900e-02
   3.4420400e-02
   3.7823800e-02
   4.3621500e-02
   3.9804100e-02
   3.6307800e-02
   4.1327300e-02
   3.5956500e-02
   3.6826000e-03
  -2.9846200e-02
  -1.4417700e-02
   5.0722800e-02
   8.8707800e-02
   4.5112500e-02
  -2.3091200e-02
  -3.8404500e-02
  -2.1736900e-02
  -2.7619300e-02
  -3.8481400e-02
  -1.8993300e-02
   1.5211500e-03
  -1.3410600e-02
  -3.5463200e-02
  -2.5934300e-02
  -2.9068200e-03
  -1.9628300e-03
  -1.9111900e-02
  -2.9915900e-02
  -2.7477800e-02
  -1.8393100e-02
  -8.7190900e-03
  -4.9907400e-03
  -9.6102200e-03
  -1.5149700e-02
  -1.2222100e-02
   5.6457800e-03
   3.7755400e-02
   6.2577700e-02
   5.5214800e-02
   3.0431900e-02
   2.6715800e-02
   4.4449400e-02
   5.1081900e-02
   4.3983600e-02
   5.0681100e-02
   7.0427500e-02
   7.4277400e-02
   6.1129000e-02
   5.6781800e-02
   6.0393300e-02
   4.6353900e-02
   1.4842500e-02
  -7.0873000e-03
  -5.7549600e-03
   1.2129000e-02
   3.3988400e-02
   4.5006200e-02
   4.3312200e-02
   4.9223700e-02
   6.9630200e-02
   7.5219600e-02
   4.9659700e-02
   2.5093900e-02
   2.8563200e-02
   3.7906300e-02
   3.0249500e-02
   2.6956400e-02
   4.9851500e-02
   7.3055600e-02
   6.0471100e-02
   2.4554800e-02
   7.7038000e-03
   1.9639800e-02
   3.0669500e-02
   2.3196000e-02
   1.4778400e-02
   2.3134900e-02
   3.6389400e-02
   3.3530100e-02
   1.6066600e-02
   3.5299100e-03
   7.9354500e-03
   2.2906200e-02
   3.0726900e-02
   1.8242600e-02
  -7.2452300e-03
  -2.4630200e-02
  -2.4691700e-02
  -1.7054300e-02
  -1.2550100e-02
  -1.2893100e-02
  -1.5181800e-02
  -1.6046500e-02
  -1.6788200e-02
  -2.5346300e-02
  -4.2471100e-02
  -5.3675900e-02
  -4.9403200e-02
  -4.1560700e-02
  -4.4573600e-02
  -5.3473400e-02
  -5.5043100e-02
  -4.7184500e-02
  -3.7415600e-02
  -3.4017000e-02
  -4.2152300e-02
  -5.8664200e-02
  -7.1394100e-02
  -7.1896400e-02
  -6.5845200e-02
  -6.3516200e-02
  -6.4622400e-02
  -6.2694900e-02
  -5.9818100e-02
  -6.2470300e-02
  -6.6071200e-02
  -6.0773400e-02
  -5.0053400e-02
  -4.6119900e-02
  -4.9676300e-02
  -4.9798700e-02
  -4.1450200e-02
  -3.0905200e-02
  -2.4871900e-02
  -2.2206900e-02
  -1.7108500e-02
  -7.5122300e-03
   1.1979100e-03
   2.3072400e-03
  -2.8498700e-03
  -6.0446500e-03
  -3.6941200e-03
  -1.1075300e-03
  -3.4287100e-03
  -8.8667300e-03
  -1.3850900e-02
  -1.8590900e-02
  -2.3619400e-02
  -2.6226500e-02
  -2.4060700e-02
  -1.8638600e-02
  -1.3511100e-02
  -1.0758400e-02
  -9.1161800e-03
  -5.4948400e-03
   4.6757800e-04
   5.5072600e-03
   8.6377000e-03
   1.3596100e-02
   2.2251500e-02
   3.0077900e-02
   3.2342500e-02
   3.0747100e-02
   2.9399200e-02
   2.8092000e-02
   2.4551000e-02
   2.0278700e-02
   1.9178000e-02
   2.1684500e-02
   2.3695000e-02
   2.1769100e-02
   1.8015000e-02
   1.6925200e-02
   1.8670300e-02
   1.9515200e-02
   1.8259800e-02
   1.7659500e-02
   1.9349900e-02
   2.1551200e-02
   2.2377300e-02
   2.2177500e-02
   2.2164200e-02
   2.2701700e-02
   2.3102400e-02
   2.2711100e-02
   2.2018900e-02
   2.2773700e-02
   2.6208700e-02
   3.0248500e-02
   3.0152600e-02
   2.3987600e-02
   1.5042700e-02
   6.7201300e-03
  -7.4125500e-04
  -7.0678800e-03
  -9.9599800e-03
  -8.7707100e-03
  -6.6892100e-03
  -7.0768200e-03
  -9.3560000e-03
  -1.0396500e-02
  -8.8238400e-03
  -6.4915400e-03
  -5.8054500e-03
  -7.0220300e-03
  -8.7141300e-03
  -9.6922700e-03
  -1.0064900e-02
  -1.0527300e-02
  -1.1110600e-02
  -1.1923700e-02
  -1.3906000e-02
  -1.7501700e-02
  -2.1350000e-02
  -2.3777200e-02
  -2.5548600e-02
  -2.9216900e-02
  -3.5637100e-02
  -4.2430000e-02
  -4.6277100e-02
  -4.6202000e-02
  -4.4053800e-02
  -4.1877800e-02
  -3.9479800e-02
  -3.5831100e-02
  -3.2197000e-02
  -3.0976400e-02
  -3.1513800e-02
  -3.0630600e-02
  -2.7660100e-02
  -2.5239200e-02
  -2.4597300e-02
  -2.3828300e-02
  -2.1659300e-02
  -1.8898800e-02
  -1.6001500e-02
  -1.2347300e-02
  -7.9379300e-03
  -3.7812100e-03
  -7.7078400e-04
   8.2033100e-04
   1.5691400e-03
   2.3689400e-03
   3.0469500e-03
   2.9201000e-03
   2.1752700e-03
   1.4936000e-03
   1.4361600e-03
   2.7693300e-03
   5.7974600e-03
   8.8396900e-03
   9.5831300e-03
   7.8296800e-03
   5.2291200e-03
   3.2297800e-03
   2.8309800e-03
   4.5972900e-03
   7.3793400e-03
   8.8228800e-03
   8.3475700e-03
   8.1505800e-03
   1.0129900e-02
   1.3574000e-02
   1.7123900e-02
   2.1275400e-02
   2.6689500e-02
   3.2527700e-02
   3.7350700e-02
   4.0206600e-02
   4.1384200e-02
   4.1884000e-02
   4.2468600e-02
   4.3376900e-02
   4.4436700e-02
   4.5134200e-02
   4.5060000e-02
   4.4684100e-02
   4.5099600e-02
   4.6835000e-02
   4.9271300e-02
   5.1198400e-02
   5.1692600e-02
   5.0938700e-02
   5.0137500e-02
   5.0280900e-02
   5.1012500e-02
   5.1036700e-02
   4.9626200e-02
   4.7328700e-02
   4.4798700e-02
   4.1973200e-02
   3.8634000e-02
   3.5099800e-02
   3.1950700e-02
   2.9036100e-02
   2.5800800e-02
   2.2146700e-02
   1.8242500e-02
   1.4227700e-02
   1.0746500e-02
   8.1659200e-03
   5.9002600e-03
   3.4094300e-03
   9.2862600e-04
  -1.0327200e-03
  -2.5790400e-03
  -4.2290700e-03
  -6.4775900e-03
  -9.3178600e-03
  -1.1263600e-02
  -1.0308400e-02
  -6.2686700e-03
  -8.5221700e-04
   4.3621100e-03
   8.9118800e-03
   1.3142100e-02
   1.7564900e-02
   2.1545400e-02
   2.3382400e-02
   2.2758300e-02
   2.2223800e-02
   2.4296300e-02
   2.8805500e-02
   3.5088100e-02
   4.4167300e-02
   5.5360300e-02
   6.4203600e-02
   6.6853900e-02
   6.3766800e-02
   5.6395100e-02
   4.4968400e-02
   3.2059300e-02
   2.3325300e-02
   2.2263000e-02
   2.7239800e-02
   3.3585100e-02
   3.6841300e-02
   3.6064500e-02
   3.4636400e-02
   3.5181000e-02
   3.6024000e-02
   3.6137000e-02
   3.8799000e-02
   4.5887700e-02
   5.3238300e-02
   5.5557900e-02
   5.1910900e-02
   4.3811500e-02
   3.2999500e-02
   2.3383000e-02
   1.9419600e-02
   2.0112300e-02
   1.9486200e-02
   1.3945500e-02
   5.5780200e-03
  -1.0395900e-03
  -3.3268800e-03
  -2.3309000e-03
  -9.7719900e-04
  -1.9036400e-03
  -5.8954900e-03
  -1.1139500e-02
  -1.5265000e-02
  -1.7860600e-02
  -1.9350900e-02
  -1.9388300e-02
  -1.9413700e-02
  -2.2891700e-02
  -2.9628500e-02
  -3.3968300e-02
  -3.2281200e-02
  -2.8658400e-02
  -2.9678000e-02
  -3.6195500e-02
  -4.3416600e-02
  -4.7301100e-02
  -4.6716100e-02
  -4.1706800e-02
  -3.3771100e-02
  -2.6663300e-02
  -2.3027600e-02
  -2.1339600e-02
  -1.8744300e-02
  -1.4826600e-02
  -1.1007900e-02
  -8.5337300e-03
  -8.4655100e-03
  -1.1362800e-02
  -1.4670000e-02
  -1.3155800e-02
  -5.1313500e-03
   4.4138200e-03
   9.8377700e-03
   1.1322100e-02
   1.3075800e-02
   1.7350400e-02
   2.2088400e-02
   2.3767900e-02
   2.1662600e-02
   1.8993400e-02
   1.8718400e-02
   1.9679900e-02
   1.8999200e-02
   1.6771800e-02
   1.5695100e-02
   1.6360400e-02
   1.6687300e-02
   1.5665800e-02
   1.4489700e-02
   1.4763700e-02
   1.7432200e-02
   2.1750900e-02
   2.4853100e-02
   2.5284400e-02
   2.6299400e-02
   3.1940100e-02
   3.9954200e-02
   4.3445300e-02
   3.9998600e-02
   3.4911100e-02
   3.4336200e-02
   3.9049400e-02
   4.5470300e-02
   4.9744500e-02
   4.9931900e-02
   4.7089200e-02
   4.5542200e-02
   4.8995300e-02
   5.4820100e-02
   5.6702100e-02
   5.3663100e-02
   5.1484800e-02
   5.3901500e-02
   5.8154000e-02
   6.0282300e-02
   5.9482100e-02
   5.6679800e-02
   5.2641700e-02
   4.8826300e-02
   4.7081400e-02
   4.7680400e-02
   4.8860200e-02
   4.8123400e-02
   4.3932400e-02
   3.6917500e-02
   2.9505000e-02
   2.3808400e-02
   2.0346100e-02
   1.7927400e-02
   1.4930500e-02
   1.1470400e-02
   8.8119400e-03
   6.7405300e-03
   3.5113300e-03
  -1.3301900e-03
  -6.0927400e-03
  -9.0204600e-03
  -9.4185300e-03
  -7.0832500e-03
  -2.7692200e-03
   3.6049200e-06
  -3.8026800e-03
  -1.3709800e-02
  -2.1749800e-02
  -2.2004800e-02
  -1.7392300e-02
  -1.3438800e-02
  -1.1872600e-02
  -1.2804100e-02
  -1.7043100e-02
  -2.4502500e-02
  -3.2901200e-02
  -3.8738300e-02
  -3.9775500e-02
  -3.6823700e-02
  -3.1742800e-02
  -2.5984300e-02
  -2.2615600e-02
  -2.4156600e-02
  -2.8042700e-02
  -3.0132300e-02
  -3.0220100e-02
  -2.9274600e-02
  -2.6093900e-02
  -2.0405700e-02
  -1.4288000e-02
  -9.8075400e-03
  -7.5362300e-03
  -5.8896300e-03
  -1.8423600e-03
   5.8640300e-03
   1.5126400e-02
   2.2955100e-02
   2.7908900e-02
   2.9870000e-02
   3.0160200e-02
   3.1794700e-02
   3.6915900e-02
   4.3907200e-02
   4.9542000e-02
   5.3574300e-02
   5.7341400e-02
   5.9277500e-02
   5.7297000e-02
   5.4144000e-02
   5.4501500e-02
   5.6926500e-02
   5.6384900e-02
   5.3528500e-02
   5.3241400e-02
   5.4944500e-02
   5.3162800e-02
   4.6244800e-02
   3.6934200e-02
   2.6671100e-02
   1.5176000e-02
   4.0140000e-03
  -3.2992900e-03
  -4.9124700e-03
  -2.4755800e-03
   9.2748900e-05
  -5.1320800e-04
  -4.9180400e-03
  -1.1576000e-02
  -1.8430100e-02
  -2.3793100e-02
  -2.6298500e-02
  -2.5545400e-02
  -2.3081100e-02
  -2.1683900e-02
  -2.3350300e-02
  -2.8056300e-02
  -3.4039500e-02
  -3.8607900e-02
  -4.0126000e-02
  -3.9141600e-02
  -3.6293500e-02
  -3.0528100e-02
  -2.1453000e-02
  -1.1091400e-02
  -1.4743300e-03
   7.0208200e-03
   1.4124800e-02
   1.9150700e-02
   2.2403200e-02
   2.4903200e-02
   2.6956900e-02
   2.7557700e-02
   2.5829800e-02
   2.5553100e-02
   3.4082000e-02
   4.8410800e-02
   5.2445300e-02
   4.0830000e-02
   2.9355900e-02
   2.8979600e-02
   3.0175900e-02
   2.3395900e-02
   1.4596200e-02
   1.1386600e-02
   9.8317800e-03
   3.8763500e-03
  -3.5464500e-03
  -5.8788000e-03
  -2.6710800e-03
   8.1205700e-04
   2.4544200e-04
  -4.2493800e-03
  -9.6073700e-03
  -1.3035100e-02
  -1.4263200e-02
  -1.5030700e-02
  -1.6506000e-02
  -1.8586400e-02
  -2.1465200e-02
  -2.6180000e-02
  -3.3756800e-02
  -4.4267000e-02
  -5.6603600e-02
  -6.9085400e-02
  -7.9363100e-02
  -8.5110300e-02
  -8.6866300e-02
  -8.8766900e-02
  -9.4904200e-02
  -1.0517700e-01
  -1.1426300e-01
  -1.1611400e-01
  -1.1206700e-01
  -1.1140900e-01
  -1.2053200e-01
  -1.3534200e-01
  -1.4638300e-01
  -1.4849700e-01
  -1.4505400e-01
  -1.4376900e-01
  -1.4827400e-01
  -1.5552700e-01
  -1.6199300e-01
  -1.6740200e-01
  -1.7138500e-01
  -1.7298200e-01
  -1.7512700e-01
  -1.8306000e-01
  -1.9677200e-01
  -2.1032900e-01
  -2.1918000e-01
  -2.2352100e-01
  -2.2511500e-01
  -2.2460700e-01
  -2.2216500e-01
  -2.1873600e-01
  -2.1605900e-01
  -2.1447000e-01
  -2.1181600e-01
  -2.0692700e-01
  -2.0212700e-01
  -1.9964200e-01
  -1.9785400e-01
  -1.9443800e-01
  -1.9051600e-01
  -1.8881600e-01
  -1.9025500e-01
  -1.9426300e-01
  -2.0089500e-01
  -2.1091000e-01
  -2.2395100e-01
  -2.3749600e-01
  -2.4747300e-01
  -2.5018800e-01
  -2.4475900e-01
  -2.3388200e-01
  -2.2153600e-01
  -2.0957100e-01
  -1.9609000e-01
  -1.7787900e-01
  -1.5457800e-01
  -1.2899400e-01
  -1.0307300e-01
  -7.5661500e-02
  -4.5307500e-02
  -1.2883200e-02
   2.1439100e-02
   6.1749000e-02
   1.1176700e-01
   1.6742400e-01
   2.1969100e-01
   2.6722800e-01
   3.2014500e-01
   3.8095000e-01
   4.2453200e-01
   4.1439600e-01
   3.4956300e-01
   2.9118300e-01
   3.1478700e-01
   4.0920500e-01
   4.6528700e-01
   4.1426000e-01
   3.2196200e-01
   2.8993700e-01
   3.2528800e-01
   3.6888700e-01
   4.0464300e-01
   4.6212000e-01
   5.1201900e-01
   4.8160500e-01
   4.0945000e-01
   4.1388300e-01
   4.8261000e-01
   4.9323000e-01
   4.3173800e-01
   3.8611200e-01
   3.6285300e-01
   3.0067200e-01
   2.1610700e-01
   1.7666400e-01
   1.7874400e-01
   1.7046700e-01
   1.4823400e-01
   1.4361300e-01
   1.5437600e-01
   1.5480100e-01
   1.4572300e-01
   1.4656100e-01
   1.5821400e-01
   1.6471700e-01
   1.5703100e-01
   1.3864300e-01
   1.1644200e-01
   9.4124700e-02
   7.0133200e-02
   3.8950200e-02
  -2.0543800e-03
  -4.5478300e-02
  -7.9341600e-02
  -1.0133400e-01
  -1.2068000e-01
  -1.4464600e-01
  -1.7047000e-01
  -1.8926700e-01
  -1.9043300e-01
  -1.6729200e-01
  -1.2694600e-01
  -8.9054800e-02
  -6.7266600e-02
  -5.6996200e-02
  -4.5820400e-02
  -2.8690500e-02
  -1.2599200e-02
  -8.4778400e-03
  -1.2119200e-02
  -4.0942600e-03
   1.6106800e-02
   2.0902600e-02
   1.8810300e-03
  -6.6903800e-03
   2.0554800e-02
   5.8370200e-02
   6.7790700e-02
   4.6408000e-02
   2.0576500e-02
   1.0705700e-02
   2.1118100e-02
   4.8429700e-02
   8.6084000e-02
   1.2463000e-01
   1.5187700e-01
   1.5598600e-01
   1.3403000e-01
   9.6670600e-02
   5.9371000e-02
   2.9553300e-02
   4.4885300e-03
  -2.0659800e-02
  -4.6702600e-02
  -7.1557800e-02
  -9.2984700e-02
  -1.0808900e-01
  -1.1615800e-01
  -1.2407500e-01
  -1.3885700e-01
  -1.5356700e-01
  -1.5582800e-01
  -1.4978700e-01
  -1.5100900e-01
  -1.6029700e-01
  -1.6225900e-01
  -1.5006600e-01
  -1.3407600e-01
  -1.2484800e-01
  -1.2253200e-01
  -1.2481600e-01
  -1.3234200e-01
  -1.4214600e-01
  -1.4704300e-01
  -1.4519500e-01
  -1.4289000e-01
  -1.4550600e-01
  -1.4902100e-01
  -1.4278100e-01
  -1.2092500e-01
  -9.1188400e-02
  -6.9247600e-02
  -6.1482400e-02
  -5.7743300e-02
  -4.5724300e-02
  -2.6596200e-02
  -1.0648300e-02
  -2.4161600e-03
   2.3947800e-03
   6.0771200e-03
   4.1287400e-03
  -4.7454700e-03
  -1.2365900e-02
  -1.1152800e-02
  -3.5829800e-03
   4.5775400e-03
   1.2156500e-02
   1.7302100e-02
   1.4295700e-02
   4.6991000e-03
   6.3996300e-04
   7.1896800e-03
   1.2549400e-02
   3.7033700e-03
  -1.7591600e-02
  -3.9486300e-02
  -5.3037700e-02
  -5.7663200e-02
  -5.8303900e-02
  -5.9704200e-02
  -6.3058700e-02
  -6.7256200e-02
  -7.1138500e-02
  -7.4106500e-02
  -7.5693100e-02
  -7.5656900e-02
  -7.2731000e-02
  -6.2034100e-02
  -3.9887300e-02
  -1.4035800e-02
   1.1892800e-03
   5.2789300e-03
   1.3419900e-02
   3.2830200e-02
   5.2603800e-02
   6.3039300e-02
   6.8441800e-02
   7.3945700e-02
   7.5520100e-02
   7.0308600e-02
   6.4818000e-02
   6.5616800e-02
   7.0993200e-02
   7.6011100e-02
   7.9385400e-02
   8.1958300e-02
   8.1699200e-02
   7.4753300e-02
   6.1197100e-02
   4.6318300e-02
   3.4987500e-02
   2.7515400e-02
   2.2232300e-02
   1.8855000e-02
   1.6529700e-02
   1.2528000e-02
   6.1549400e-03
   2.3015300e-04
  -3.9692100e-03
  -8.0789800e-03
  -1.1609500e-02
  -1.1381600e-02
  -6.2704100e-03
   1.2847000e-03
   8.3585700e-03
   1.3814200e-02
   1.8069100e-02
   2.2130500e-02
   2.6244700e-02
   2.9100500e-02
   2.9080000e-02
   2.6633000e-02
   2.4568200e-02
   2.5836200e-02
   3.1236500e-02
   3.9790100e-02
   5.0894600e-02
   6.3521500e-02
   7.3757800e-02
   7.7264100e-02
   7.5049400e-02
   7.2911500e-02
   7.3894700e-02
   7.5817300e-02
   7.6137100e-02
   7.4475000e-02
   7.1764000e-02
   7.1006000e-02
   7.6311700e-02
   8.6685000e-02
   9.4371600e-02
   9.2707700e-02
   8.3246100e-02
   7.3391800e-02
   6.9035500e-02
   6.9905900e-02
   7.1057400e-02
   6.8163100e-02
   6.1042000e-02
   5.2429700e-02
   4.4110300e-02
   3.6043000e-02
   2.8123900e-02
   2.1091500e-02
   1.5795600e-02
   1.2230300e-02
   9.2214400e-03
   4.9290700e-03
  -8.8801600e-04
  -6.1452800e-03
  -8.9220500e-03
  -1.0282800e-02
  -1.2724600e-02
  -1.5672200e-02
  -1.5591500e-02
  -1.1688000e-02
  -8.0959500e-03
  -8.1698100e-03
  -1.0758900e-02
  -1.3450300e-02
  -1.4961800e-02
  -1.3769700e-02
  -9.3116800e-03
  -4.3967300e-03
  -1.2067600e-03
   2.5053700e-03
   8.1713100e-03
   1.2420900e-02
   1.2667100e-02
   1.1530200e-02
   1.1196000e-02
   9.1704200e-03
   3.0412600e-03
  -5.9990400e-03
  -1.5515200e-02
  -2.3464800e-02
  -2.9031500e-02
  -3.4771000e-02
  -4.4271800e-02
  -5.6154500e-02
  -6.4730800e-02
  -6.7890900e-02
  -7.0251500e-02
  -7.8525200e-02
  -9.5177700e-02
  -1.1636900e-01
  -1.3562900e-01
  -1.4896300e-01
  -1.5558600e-01
  -1.5536500e-01
  -1.4895800e-01
  -1.4063300e-01
  -1.3694500e-01
  -1.4101500e-01
  -1.5027700e-01
  -1.5988700e-01
  -1.6718500e-01
  -1.7257000e-01
  -1.7642000e-01
  -1.7716300e-01
  -1.7431900e-01
  -1.7062100e-01
  -1.6766600e-01
  -1.6255900e-01
  -1.5374400e-01
  -1.4608900e-01
  -1.4388900e-01
  -1.4332600e-01
  -1.3837000e-01
  -1.2942400e-01
  -1.2029200e-01
  -1.1117700e-01
  -1.0070900e-01
  -9.0840100e-02
  -8.3659900e-02
  -7.7414200e-02
  -7.0079400e-02
  -6.2328500e-02
  -5.4882000e-02
  -4.6913200e-02
  -3.7789800e-02
  -2.7435300e-02
  -1.5592100e-02
  -2.8049500e-03
   9.3065000e-03
   2.0192500e-02
   3.0754800e-02
   4.1302900e-02
   5.1081400e-02
   5.9501200e-02
   6.6327700e-02
   7.1427800e-02
   7.5624100e-02
   8.1028600e-02
   8.9878700e-02
   1.0189500e-01
   1.1291500e-01
   1.1873600e-01
   1.2014600e-01
   1.2163100e-01
   1.2536000e-01
   1.3006500e-01
   1.3567900e-01
   1.4223900e-01
   1.4315700e-01
   1.2937100e-01
   1.0405100e-01
   8.2898800e-02
   7.4268200e-02
   6.9507300e-02
   5.8641900e-02
   4.3922500e-02
   3.1924200e-02
   2.2996700e-02
   1.4743500e-02
   8.4054300e-03
   6.4372900e-03
   8.3225300e-03
   1.1792700e-02
   1.4506600e-02
   1.3321200e-02
   5.9177900e-03
  -5.5462100e-03
  -1.4758200e-02
  -1.7446000e-02
  -1.6488300e-02
  -1.8433700e-02
  -2.5009900e-02
  -3.1297600e-02
  -3.3306700e-02
  -3.3387000e-02
  -3.5688100e-02
  -3.9335300e-02
  -3.9788700e-02
  -3.5833800e-02
  -3.2459600e-02
  -3.4749400e-02
  -3.9140900e-02
  -3.6252000e-02
  -2.4276400e-02
  -1.2878300e-02
  -1.0187400e-02
  -1.2209900e-02
  -1.1467300e-02
  -9.6651800e-03
  -1.2718400e-02
  -1.8724900e-02
  -2.0781100e-02
  -1.7450500e-02
  -1.2307300e-02
  -8.1011700e-03
  -7.5194500e-03
  -1.2366000e-02
  -1.8251600e-02
  -2.0133400e-02
  -2.2938800e-02
  -3.5400000e-02
  -5.5394300e-02
  -7.3140400e-02
  -8.5523800e-02
  -9.7436500e-02
  -1.1291600e-01
  -1.3183400e-01
  -1.5100500e-01
  -1.6521600e-01
  -1.7210400e-01
  -1.7646400e-01
  -1.8478800e-01
  -1.9690300e-01
  -2.0714300e-01
  -2.1163300e-01
  -2.0964000e-01
  -2.0138400e-01
  -1.9000500e-01
  -1.8210500e-01
  -1.8032500e-01
  -1.7906400e-01
  -1.7223700e-01
  -1.5947300e-01
  -1.4154400e-01
  -1.1564400e-01
  -8.0570600e-02
  -4.2858400e-02
  -1.2300100e-02
   8.4453900e-03
   2.5506500e-02
   4.4064200e-02
   6.1934500e-02
   7.5397500e-02
   8.5775400e-02
   9.6546800e-02
   1.0924600e-01
   1.2548700e-01
   1.4706700e-01
   1.7157000e-01
   1.9343700e-01
   2.0969400e-01
   2.1982100e-01
   2.2178400e-01
   2.1344200e-01
   1.9679500e-01
   1.7649600e-01
   1.5576900e-01
   1.3675500e-01
   1.2122000e-01
   1.0823900e-01
   9.4094500e-02
   7.5329000e-02
   5.0949400e-02
   2.5881600e-02
   1.4627100e-02
   2.6695100e-02
   4.1509300e-02
   2.4143500e-02
  -2.1268200e-02
  -5.0711400e-02
  -4.6408300e-02
  -4.0524900e-02
  -5.7838800e-02
  -7.8388700e-02
  -7.7089600e-02
  -6.5598800e-02
  -7.1894000e-02
  -9.9337600e-02
  -1.2586500e-01
  -1.3569800e-01
  -1.3834900e-01
  -1.5573200e-01
  -1.9490700e-01
  -2.3472900e-01
  -2.4062100e-01
  -1.9871400e-01
  -1.3819100e-01
  -1.1163100e-01
  -1.4122400e-01
  -1.8172200e-01
  -1.6201100e-01
  -8.0459700e-02
  -1.6456300e-02
  -1.5862800e-02
  -2.4696300e-02
   1.6458800e-02
   8.0886300e-02
   1.1593000e-01
   1.2277500e-01
   1.2070900e-01
   1.0824200e-01
   1.0292000e-01
   1.3608900e-01
   1.8306800e-01
   1.8897800e-01
   1.6742400e-01
   1.7958200e-01
   2.2272200e-01
   2.3151300e-01
   1.8586000e-01
   1.3337700e-01
   1.0362700e-01
   7.7150500e-02
   4.8225800e-02
   4.5171000e-02
   6.9785300e-02
   7.7504200e-02
   3.8965100e-02
  -2.1220900e-02
  -6.2527700e-02
  -7.6635300e-02
  -8.4331300e-02
  -9.9144400e-02
  -1.0967300e-01
  -1.0278200e-01
  -9.2823100e-02
  -1.0350600e-01
  -1.2278600e-01
  -1.1515800e-01
  -8.3132900e-02
  -6.7094400e-02
  -7.5480400e-02
  -6.9452100e-02
  -3.1928400e-02
  -4.6212700e-04
  -7.7425000e-03
  -3.0810500e-02
  -3.1162500e-02
  -1.6195500e-02
  -2.2700000e-02
  -5.0917300e-02
  -5.5523500e-02
  -1.1252900e-02
   4.6451300e-02
   7.2269700e-02
   7.5093800e-02
   9.5889300e-02
   1.3609700e-01
   1.4422400e-01
   9.3415000e-02
   4.3726300e-02
   6.1497200e-02
   1.0658000e-01
   1.0247000e-01
   7.3966800e-02
   9.1485900e-02
   1.3436900e-01
   1.3698100e-01
   1.1233700e-01
   1.1344500e-01
   1.2873100e-01
   1.1073700e-01
   6.0955900e-02
   2.3701800e-02
   2.5189300e-02
   4.5587500e-02
   4.3423300e-02
   7.7557400e-03
  -2.6195200e-02
  -2.7877700e-02
  -1.3874300e-02
  -1.8738600e-02
  -4.5621100e-02
  -6.8769500e-02
  -7.1805300e-02
  -6.3552200e-02
  -6.1997600e-02
  -7.6475700e-02
  -1.0088700e-01
  -1.1600000e-01
  -1.0685000e-01
  -8.1842800e-02
  -6.3464200e-02
  -5.9780900e-02
  -5.9101400e-02
  -5.0691300e-02
  -3.5613600e-02
  -1.8681300e-02
  -2.4848200e-03
   9.9925500e-03
   1.6172100e-02
   1.7751400e-02
   1.7372600e-02
   1.3958000e-02
   6.0579600e-03
  -3.7962400e-03
  -1.1983600e-02
  -1.7307600e-02
  -1.7940400e-02
  -8.7777200e-03
   1.4573600e-02
   4.8514000e-02
   7.9369100e-02
   9.2236300e-02
   8.4928000e-02
   7.2023200e-02
   6.8673500e-02
   7.1527400e-02
   6.6592300e-02
   5.0115800e-02
   2.7221500e-02
   8.0816500e-04
  -2.4155400e-02
  -4.0556400e-02
  -5.2787200e-02
  -7.1024300e-02
  -8.8312000e-02
  -8.6189000e-02
  -6.3874200e-02
  -3.8942200e-02
  -2.1450800e-02
  -7.8526900e-03
   3.1907300e-03
   7.5276900e-03
   7.5551400e-03
   1.3581600e-02
   2.8647400e-02
   4.2838600e-02
   4.9450100e-02
   5.5622200e-02
   6.8632100e-02
   8.2645600e-02
   8.6063000e-02
   7.6185200e-02
   6.3065900e-02
   6.1775600e-02
   7.8478300e-02
   1.0176000e-01
   1.1381300e-01
   1.1171500e-01
   1.0936700e-01
   1.1728900e-01
   1.2855000e-01
   1.2904800e-01
   1.1636000e-01
   1.0182000e-01
   9.5468400e-02
   9.2915300e-02
   7.9966200e-02
   5.3791900e-02
   3.4993200e-02
   4.2683900e-02
   6.0084000e-02
   5.2763900e-02
   2.1567800e-02
  -8.5031100e-04
  -5.6381200e-03
  -1.4877400e-02
  -3.3989700e-02
  -4.3311400e-02
  -3.8220100e-02
  -3.6472900e-02
  -4.3729200e-02
  -4.6793300e-02
  -4.1321800e-02
  -3.7608700e-02
  -3.9952000e-02
  -4.2088500e-02
  -4.0431500e-02
  -3.6431700e-02
  -3.0083100e-02
  -2.3095600e-02
  -2.2518600e-02
  -3.0754300e-02
  -3.8938500e-02
  -3.8635000e-02
  -3.1180500e-02
  -2.1069900e-02
  -1.1288600e-02
  -7.3630900e-03
  -1.3868200e-02
  -2.4242600e-02
  -2.4463300e-02
  -1.0841200e-02
   3.4394700e-03
   5.1919900e-03
  -8.9174200e-04
  -1.8937900e-04
   7.9381000e-03
   7.8131100e-03
  -7.8738500e-03
  -2.5977900e-02
  -3.4430100e-02
  -3.8839100e-02
  -4.7034600e-02
  -5.4976700e-02
  -5.7334100e-02
  -5.5861400e-02
  -5.3110900e-02
  -5.1455400e-02
  -5.6000400e-02
  -6.6561200e-02
  -7.6257900e-02
  -8.4552000e-02
  -9.8162800e-02
  -1.1705600e-01
  -1.3120900e-01
  -1.3053300e-01
  -1.1216600e-01
  -8.2246100e-02
  -5.4379200e-02
  -4.0572500e-02
  -3.9176800e-02
  -3.6941000e-02
  -2.7184400e-02
  -1.8565600e-02
  -1.9678900e-02
  -2.4512800e-02
  -2.2777000e-02
  -1.5945300e-02
  -1.2533600e-02
  -1.2344500e-02
  -6.3077400e-03
   8.0539000e-03
   2.0851200e-02
   2.3924000e-02
   2.1898100e-02
   2.2618000e-02
   2.5209400e-02
   2.5739700e-02
   2.6921700e-02
   3.3201900e-02
   4.2186200e-02
   4.8763200e-02
   5.2721000e-02
   5.6625300e-02
   6.1001300e-02
   6.5512800e-02
   7.0978100e-02
   7.6808400e-02
   7.9796500e-02
   7.8149900e-02
   7.4284900e-02
   7.1072000e-02
   6.8170600e-02
   6.3701900e-02
   5.7267200e-02
   4.9886700e-02
   4.2697300e-02
   3.6703400e-02
   3.2413800e-02
   2.8485400e-02
   2.2722900e-02
   1.5614500e-02
   1.0694700e-02
   1.0071800e-02
   1.1746300e-02
   1.2170900e-02
   9.7727100e-03
   6.2077900e-03
   4.8316000e-03
   6.5008600e-03
   8.4148600e-03
   8.2120200e-03
   5.5706000e-03
   1.7893000e-04
  -7.7394900e-03
  -1.5706200e-02
  -2.2068900e-02
  -2.8494400e-02
  -3.5531400e-02
  -4.0265300e-02
  -4.1212500e-02
  -4.1335900e-02
  -4.3084900e-02
  -4.4200300e-02
  -4.1410500e-02
  -3.4977600e-02
  -2.7737200e-02
  -2.1641800e-02
  -1.7313600e-02
  -1.5101400e-02
  -1.3963900e-02
  -1.0646700e-02
  -2.8975900e-03
   7.6400900e-03
   1.8642700e-02
   3.0718700e-02
   4.5464300e-02
   6.1604000e-02
   7.5791800e-02
   8.6022700e-02
   9.2050200e-02
   9.4644000e-02
   9.5408300e-02
   9.5161200e-02
   9.2635500e-02
   8.6596700e-02
   7.7592400e-02
   6.6455900e-02
   5.4001100e-02
   4.3058000e-02
   3.6595700e-02
   3.3226000e-02
   2.8880000e-02
   2.2880000e-02
   1.8142400e-02
   1.5621100e-02
   1.2309600e-02
   5.4589100e-03
  -3.4401900e-03
  -1.0871800e-02
  -1.6485600e-02
  -2.3140200e-02
  -3.2149600e-02
  -4.1100100e-02
  -4.8372100e-02
  -5.6675300e-02
  -6.8241700e-02
  -7.8722200e-02
  -8.2121600e-02
  -8.1037300e-02
  -8.6026300e-02
  -1.0190800e-01
  -1.1978600e-01
  -1.2687800e-01
  -1.2115100e-01
  -1.1215100e-01
  -1.0896600e-01
  -1.1097900e-01
  -1.1056700e-01
  -1.0240000e-01
  -8.8892200e-02
  -7.7518000e-02
  -7.3330000e-02
  -7.3303100e-02
  -6.8692400e-02
  -5.5095900e-02
  -3.7939600e-02
  -2.4464000e-02
  -1.4796500e-02
  -5.5846900e-03
   1.3945500e-03
   1.8278000e-03
  -1.2927700e-03
   1.2529800e-03
   1.2678900e-02
   2.6703600e-02
   3.7439300e-02
   4.4440700e-02
   4.5972000e-02
   3.6162000e-02
   1.4542600e-02
  -9.6383300e-03
  -2.8226700e-02
  -4.3541700e-02
  -6.2975800e-02
  -8.7674500e-02
  -1.0849500e-01
  -1.1413500e-01
  -1.0441500e-01
  -9.4528000e-02
  -1.0020000e-01
  -1.1647300e-01
  -1.2021000e-01
  -9.8959500e-02
  -6.7903000e-02
  -5.0974400e-02
  -5.2424100e-02
  -5.5973300e-02
  -4.8847900e-02
  -3.5714600e-02
  -2.7866800e-02
  -2.8272700e-02
  -3.1204500e-02
  -3.0502900e-02
  -2.3940900e-02
  -1.3145500e-02
  -1.5030600e-03
   9.6060600e-03
   2.2142800e-02
   3.6879500e-02
   4.9036000e-02
   5.2653500e-02
   4.9850300e-02
   4.9762800e-02
   5.5875400e-02
   6.0787000e-02
   5.7971500e-02
   5.1726700e-02
   4.9012600e-02
   4.9486200e-02
   5.0366600e-02
   5.2624700e-02
   5.6399200e-02
   5.7584200e-02
   5.3272100e-02
   4.5998000e-02
   3.9654800e-02
   3.4867400e-02
   3.0292300e-02
   2.5866200e-02
   2.2507300e-02
   2.0329000e-02
   1.8893000e-02
   1.8159900e-02
   1.8366300e-02
   1.9925400e-02
   2.3625100e-02
   2.9020300e-02
   3.3494600e-02
   3.4705600e-02
   3.3837700e-02
   3.4354200e-02
   3.6983700e-02
   3.8888800e-02
   3.8390100e-02
   3.7244900e-02
   3.7351500e-02
   3.7704800e-02
   3.6180600e-02
   3.3178400e-02
   3.1055800e-02
   3.0997400e-02
   3.1830400e-02
   3.1405100e-02
   2.9008100e-02
   2.5781800e-02
   2.2445500e-02
   1.7948300e-02
   1.1911800e-02
   6.6794500e-03
   4.4225800e-03
   4.3793800e-03
   4.8501300e-03
   6.4824600e-03
   1.0936200e-02
   1.7478000e-02
   2.4260800e-02
   3.1397200e-02
   3.9969900e-02
   4.8496600e-02
   5.4020400e-02
   5.6685300e-02
   5.8991300e-02
   6.1168900e-02
   6.1822700e-02
   6.2144700e-02
   6.4511500e-02
   6.7589200e-02
   6.6892800e-02
   6.1225300e-02
   5.4805400e-02
   5.1109400e-02
   4.7899600e-02
   4.1587600e-02
   3.3371700e-02
   2.6395100e-02
   2.0735400e-02
   1.5313200e-02
   9.7234100e-03
   2.7319400e-03
  -6.7214800e-03
  -1.6024300e-02
  -2.2101500e-02
  -2.7452100e-02
  -3.5584200e-02
  -4.2957400e-02
  -4.4195800e-02
  -4.1389400e-02
  -4.0216700e-02
  -4.0217700e-02
  -3.6864200e-02
  -2.9702200e-02
  -2.1338100e-02
  -1.2321400e-02
  -2.0722200e-03
   7.9723000e-03
   1.5922300e-02
   2.2488700e-02
   2.9522300e-02
   3.6905800e-02
   4.3037000e-02
   4.7730000e-02
   5.2540100e-02
   5.7765600e-02
   6.0451700e-02
   5.7682900e-02
   5.1109800e-02
   4.5274700e-02
   4.1726100e-02
   3.7666600e-02
   3.0430900e-02
   2.1240800e-02
   1.3696800e-02
   9.0493600e-03
   4.9609200e-03
  -6.6989400e-04
  -6.3592300e-03
  -9.7798300e-03
  -1.2347700e-02
  -1.7240500e-02
  -2.3848900e-02
  -2.8297000e-02
  -2.9387900e-02
  -3.0211600e-02
  -3.3147200e-02
  -3.6525300e-02
  -3.7550900e-02
  -3.6220600e-02
  -3.5306900e-02
  -3.6540800e-02
  -3.8234500e-02
  -3.8057200e-02
  -3.6607500e-02
  -3.6089800e-02
  -3.6238400e-02
  -3.4515200e-02
  -3.0350600e-02
  -2.6097200e-02
  -2.3666200e-02
  -2.2352300e-02
  -2.0125500e-02
  -1.6497300e-02
  -1.3659500e-02
  -1.3782300e-02
  -1.5606200e-02
  -1.6132000e-02
  -1.5043700e-02
  -1.4777500e-02
  -1.6144600e-02
  -1.7108900e-02
  -1.6255000e-02
  -1.5091600e-02
  -1.6127700e-02
  -1.9348400e-02
  -2.2021600e-02
  -2.2356800e-02
  -2.1945100e-02
  -2.3151200e-02
  -2.5296200e-02
  -2.5320200e-02
  -2.1893500e-02
  -1.6535100e-02
  -1.1418300e-02
  -8.1406500e-03
  -6.4771600e-03
  -3.9609800e-03
   8.3182600e-04
   5.4735200e-03
   7.3026500e-03
   8.3986900e-03
   1.2371500e-02
   1.8201000e-02
   2.1668600e-02
   2.1432200e-02
   1.9959000e-02
   1.9588500e-02
   2.0340500e-02
   2.0231400e-02
   1.7305300e-02
   1.2060200e-02
   7.1576100e-03
   4.1387600e-03
   1.4825500e-03
  -2.5834700e-03
  -7.2706600e-03
  -1.1297400e-02
  -1.5813000e-02
  -2.2181600e-02
  -2.8958700e-02
  -3.3519200e-02
  -3.5702200e-02
  -3.7678900e-02
  -4.0520800e-02
  -4.2751200e-02
  -4.2875000e-02
  -4.1492900e-02
  -3.9293200e-02
  -3.5261300e-02
  -2.8902000e-02
