  -7.7645600e-02
  -7.6553700e-02
  -7.4175000e-02
  -7.1598200e-02
  -6.8817700e-02
  -6.4852200e-02
  -5.8928200e-02
  -5.1281500e-02
  -4.2859700e-02
  -3.4513700e-02
  -2.7176200e-02
  -2.1624100e-02
  -1.7957000e-02
  -1.5480500e-02
  -1.3229100e-02
  -1.0904100e-02
  -9.1043500e-03
  -8.5068500e-03
  -9.4630000e-03
  -1.1825000e-02
  -1.4591900e-02
  -1.6265200e-02
  -1.6136100e-02
  -1.4426100e-02
  -1.1804600e-02
  -9.1052300e-03
  -7.4273100e-03
  -7.4916200e-03
  -8.6925100e-03
  -9.6377800e-03
  -1.0011800e-02
  -1.0566400e-02
  -1.1324700e-02
  -1.1194100e-02
  -9.3575400e-03
  -6.6898200e-03
  -5.0491800e-03
  -5.0010600e-03
  -5.0709900e-03
  -3.4474200e-03
   1.2956800e-04
   4.4238300e-03
   8.1269700e-03
   1.0985200e-02
   1.3442500e-02
   1.5470000e-02
   1.6521400e-02
   1.5863500e-02
   1.3399500e-02
   1.0124100e-02
   6.9163300e-03
   3.8145000e-03
   9.3146800e-04
  -1.0664100e-03
  -1.8554900e-03
  -2.0113300e-03
  -2.3748600e-03
  -3.3365700e-03
  -4.6905100e-03
  -5.9129900e-03
  -6.8263700e-03
  -7.8696300e-03
  -9.2223200e-03
  -1.0529200e-02
  -1.1846500e-02
  -1.3767900e-02
  -1.6791200e-02
  -2.1024600e-02
  -2.6238400e-02
  -3.1893800e-02
  -3.7107300e-02
  -4.1137500e-02
  -4.4272600e-02
  -4.7079100e-02
  -4.9073500e-02
  -4.9071600e-02
  -4.7369100e-02
  -4.5745400e-02
  -4.5226300e-02
  -4.4659400e-02
  -4.3225500e-02
  -4.2490600e-02
  -4.3153100e-02
  -4.2337300e-02
  -3.6997200e-02
  -2.8542300e-02
  -2.0730100e-02
  -1.4436600e-02
  -7.7509100e-03
  -4.1670700e-04
   6.0309700e-03
   1.2574000e-02
   2.1923500e-02
   3.3054700e-02
   4.1838300e-02
   4.7009400e-02
   5.0790800e-02
   5.4187700e-02
   5.6015100e-02
   5.6241800e-02
   5.6285600e-02
   5.6317400e-02
   5.4705600e-02
   5.0078900e-02
   4.2812500e-02
   3.4475200e-02
   2.6767200e-02
   2.0480300e-02
   1.5522200e-02
   1.1939500e-02
   1.0410500e-02
   1.0994900e-02
   1.1358800e-02
   9.1029900e-03
   5.3824700e-03
   2.8309700e-03
   1.5371800e-03
   8.0383700e-05
  -1.5233700e-03
  -2.6929700e-03
  -3.8435100e-03
  -4.8331700e-03
  -3.7174000e-03
   6.8886200e-04
   6.7200200e-03
   1.1752000e-02
   1.4666200e-02
   1.6027200e-02
   1.7146500e-02
   1.8914400e-02
   2.1564000e-02
   2.5545200e-02
   3.0923900e-02
   3.5588500e-02
   3.6378000e-02
   3.2914900e-02
   2.8532600e-02
   2.6456300e-02
   2.6802500e-02
   2.7701900e-02
   2.7500700e-02
   2.6180100e-02
   2.4920400e-02
   2.4192000e-02
   2.3205900e-02
   2.1382800e-02
   1.8622800e-02
   1.4548700e-02
   9.3287700e-03
   4.1158300e-03
  -1.0405600e-03
  -7.4256400e-03
  -1.4126000e-02
  -1.7144600e-02
  -1.5127100e-02
  -1.2440300e-02
  -1.3167400e-02
  -1.6058100e-02
  -1.8112600e-02
  -1.9134500e-02
  -2.1424100e-02
  -2.6713700e-02
  -3.3279200e-02
  -3.6626800e-02
  -3.4158300e-02
  -2.8427800e-02
  -2.4543800e-02
  -2.4672800e-02
  -2.6558500e-02
  -2.7717400e-02
  -2.8753000e-02
  -3.0507300e-02
  -3.0549000e-02
  -2.6073100e-02
  -1.8747000e-02
  -1.3005100e-02
  -1.0410500e-02
  -8.7053000e-03
  -5.3984600e-03
  -7.9655800e-05
   6.3476800e-03
   1.2888700e-02
   1.8657700e-02
   2.2762100e-02
   2.4748300e-02
   2.5607800e-02
   2.7305400e-02
   3.0401300e-02
   3.3125600e-02
   3.3949900e-02
   3.3577000e-02
   3.3059200e-02
   3.2153200e-02
   3.0365800e-02
   2.8253900e-02
   2.6655200e-02
   2.5590400e-02
   2.5107200e-02
   2.5706900e-02
   2.6934500e-02
   2.6618400e-02
   2.3226000e-02
   1.8310800e-02
   1.4881600e-02
   1.4331400e-02
   1.5731500e-02
   1.6935800e-02
   1.5984900e-02
   1.2462100e-02
   8.0274200e-03
   4.5272400e-03
   2.3457200e-03
   9.2111400e-04
   1.6033800e-04
   7.4177000e-04
   2.5944700e-03
   4.2155300e-03
   4.9188100e-03
   6.3178900e-03
   1.0482300e-02
   1.7338800e-02
   2.4612700e-02
   2.9949500e-02
   3.3068600e-02
   3.5763800e-02
   3.9495800e-02
   4.3622600e-02
   4.7036800e-02
   4.9832800e-02
   5.2215200e-02
   5.3450800e-02
   5.2763700e-02
   5.0181100e-02
   4.6129800e-02
   4.1682900e-02
   3.8858700e-02
   3.8330300e-02
   3.7930800e-02
   3.5540200e-02
   3.2580300e-02
   3.2182800e-02
   3.4471400e-02
   3.6513800e-02
   3.6482000e-02
   3.5421400e-02
   3.4929700e-02
   3.5378100e-02
   3.6070700e-02
   3.6398000e-02
   3.6831100e-02
   3.8150400e-02
   4.0006500e-02
   4.1298500e-02
   4.1646600e-02
   4.1495000e-02
   4.0634600e-02
   3.7925800e-02
   3.3157000e-02
   2.7411300e-02
   2.1525200e-02
   1.5016700e-02
   7.3014600e-03
  -1.6434200e-03
  -1.1666500e-02
  -2.2495800e-02
  -3.3586900e-02
  -4.4269600e-02
  -5.4840900e-02
  -6.5229000e-02
  -7.3038200e-02
  -7.6464800e-02
  -7.7827200e-02
  -8.0617600e-02
  -8.5331100e-02
  -9.0517000e-02
  -9.5001600e-02
  -9.8228700e-02
  -9.9761300e-02
  -9.9938600e-02
  -9.9803000e-02
  -9.8954900e-02
  -9.5742500e-02
  -9.0048300e-02
  -8.3393100e-02
  -7.6605800e-02
  -6.9394900e-02
  -6.1713200e-02
  -5.4216900e-02
  -4.7246000e-02
  -4.0323100e-02
  -3.3063200e-02
  -2.5499500e-02
  -1.7928000e-02
  -1.1072000e-02
  -5.1953100e-03
   1.8985900e-04
   5.1934400e-03
   9.0464800e-03
   1.1356700e-02
   1.3397400e-02
   1.6531200e-02
   2.0162900e-02
   2.2727900e-02
   2.4087800e-02
   2.5222100e-02
   2.6367500e-02
   2.6849400e-02
   2.6354900e-02
   2.5532700e-02
   2.4718400e-02
   2.2965100e-02
   1.9282800e-02
   1.4141600e-02
   9.0465500e-03
   5.3108000e-03
   3.1280200e-03
   1.6825400e-03
   3.0175800e-04
  -8.1376700e-04
  -1.3088000e-03
  -1.4941300e-03
  -1.5270300e-03
  -9.1139500e-04
   6.2380900e-04
   2.8205000e-03
   5.4895600e-03
   8.4882700e-03
   1.1326600e-02
   1.4374200e-02
   1.8800400e-02
   2.4250400e-02
   2.8173500e-02
   2.8724200e-02
   2.6531700e-02
   2.2765700e-02
   1.7875600e-02
   1.2275500e-02
   6.3738500e-03
  -8.3071200e-06
  -7.1697700e-03
  -1.4653100e-02
  -2.2116300e-02
  -2.9695400e-02
  -3.7145500e-02
  -4.3838500e-02
  -4.8964700e-02
  -5.2035200e-02
  -5.3232200e-02
  -5.3194700e-02
  -5.2346000e-02
  -5.0225500e-02
  -4.5711500e-02
  -3.8540000e-02
  -3.0125600e-02
  -2.2641700e-02
  -1.7175200e-02
  -1.3127000e-02
  -9.0585300e-03
  -4.1653000e-03
   8.9720200e-04
   5.0094100e-03
   7.9340400e-03
   1.0501800e-02
   1.3591300e-02
   1.7101600e-02
   2.0445100e-02
   2.3322600e-02
   2.5948700e-02
   2.8766700e-02
   3.1628800e-02
   3.3659900e-02
   3.4104200e-02
   3.3489700e-02
   3.3281800e-02
   3.4032100e-02
   3.4885900e-02
   3.5059000e-02
   3.4930700e-02
   3.5359900e-02
   3.6404100e-02
   3.7027000e-02
   3.6244400e-02
   3.3931300e-02
   3.0777200e-02
   2.8030900e-02
   2.6667100e-02
   2.6697000e-02
   2.7422100e-02
   2.8463400e-02
   2.9687400e-02
   3.0538400e-02
   3.0223200e-02
   2.8635300e-02
   2.6540800e-02
   2.4986300e-02
   2.4877400e-02
   2.6435700e-02
   2.8715200e-02
   3.0174700e-02
   2.9955400e-02
   2.8590900e-02
   2.7274600e-02
   2.6381300e-02
   2.5093200e-02
   2.2418000e-02
   1.8866200e-02
   1.6187000e-02
   1.5411400e-02
   1.5880300e-02
   1.6243800e-02
   1.5700500e-02
   1.4632500e-02
   1.4018400e-02
   1.4240600e-02
   1.4716900e-02
   1.4696700e-02
   1.4118200e-02
   1.3550400e-02
   1.3105200e-02
   1.2379600e-02
   1.1636700e-02
   1.1783500e-02
   1.2914700e-02
   1.4043800e-02
   1.4342100e-02
   1.3958200e-02
   1.3393800e-02
   1.3040600e-02
   1.2819500e-02
   1.2070400e-02
   1.0044300e-02
   6.3568400e-03
   1.1997900e-03
  -4.8313300e-03
  -1.1255800e-02
  -1.7972600e-02
  -2.5076100e-02
  -3.2519400e-02
  -3.9978000e-02
  -4.7061700e-02
  -5.3257900e-02
  -5.8014800e-02
  -6.1131700e-02
  -6.2641700e-02
  -6.2536900e-02
  -6.1069600e-02
  -5.8820300e-02
  -5.6134400e-02
  -5.2692000e-02
  -4.7822200e-02
  -4.1717200e-02
  -3.5464000e-02
  -3.0274600e-02
  -2.6491300e-02
  -2.3477300e-02
  -2.0820700e-02
  -1.8906300e-02
  -1.7962100e-02
  -1.7406100e-02
  -1.6791300e-02
  -1.6290300e-02
  -1.6049500e-02
  -1.5604400e-02
  -1.4371900e-02
  -1.2504600e-02
  -1.0955100e-02
  -1.0242500e-02
  -9.5279700e-03
  -7.8370600e-03
  -5.5206700e-03
  -3.7328900e-03
  -3.0152300e-03
  -3.2919600e-03
  -5.0494900e-03
  -9.0969700e-03
  -1.4456700e-02
  -1.8758100e-02
  -2.1236300e-02
  -2.3360200e-02
  -2.6421600e-02
  -2.9912300e-02
  -3.1980000e-02
  -3.1055700e-02
  -2.7278600e-02
  -2.2747800e-02
  -1.9416000e-02
  -1.6934800e-02
  -1.3753900e-02
  -9.2441100e-03
  -4.3477800e-03
  -1.4010700e-03
  -1.9442600e-03
  -3.9908800e-03
  -3.8682700e-03
  -9.3837100e-04
   2.4130000e-03
   4.4757500e-03
   5.3225800e-03
   5.5740700e-03
   6.1056700e-03
   8.0025500e-03
   1.1559400e-02
   1.6185400e-02
   2.0835000e-02
   2.4601400e-02
   2.7023500e-02
   2.8060500e-02
   2.8548600e-02
   3.0150000e-02
   3.3535100e-02
   3.6689400e-02
   3.7559800e-02
   3.7016500e-02
   3.7037300e-02
   3.7370500e-02
   3.5995400e-02
   3.2002000e-02
   2.6250300e-02
   2.0097100e-02
   1.4871300e-02
   1.1221000e-02
   8.4380300e-03
   5.4672200e-03
   1.9694000e-03
  -2.1096400e-03
  -6.6967200e-03
  -1.1363500e-02
  -1.6913500e-02
  -2.5495500e-02
  -3.5719800e-02
  -4.1742300e-02
  -4.1152000e-02
  -3.9070200e-02
  -4.0730700e-02
  -4.4740400e-02
  -4.6911300e-02
  -4.6491500e-02
  -4.5325700e-02
  -4.3264000e-02
  -3.8255000e-02
  -3.0637300e-02
  -2.3826000e-02
  -1.9729700e-02
  -1.6382700e-02
  -1.1201800e-02
  -4.0294600e-03
   3.4465700e-03
   1.0131000e-02
   1.6304300e-02
   2.2362800e-02
   2.8101500e-02
   3.3458200e-02
   3.9093300e-02
   4.5214500e-02
   5.0207500e-02
   5.1833600e-02
   4.9957300e-02
   4.6431200e-02
   4.1929100e-02
   3.5243000e-02
   2.5968000e-02
   1.5598400e-02
   4.9334000e-03
  -6.6695000e-03
  -1.8959200e-02
  -3.0386300e-02
  -4.0093100e-02
  -4.9128900e-02
  -5.8407700e-02
  -6.7008300e-02
  -7.3203800e-02
  -7.6030900e-02
  -7.6025900e-02
  -7.4433300e-02
  -7.2093700e-02
  -6.9113900e-02
  -6.5264400e-02
  -6.0470500e-02
  -5.4953300e-02
  -4.8683700e-02
  -4.1552000e-02
  -3.4014100e-02
  -2.6771000e-02
  -2.0051300e-02
  -1.3651800e-02
  -7.2166800e-03
  -3.1250900e-04
   6.3866800e-03
   1.0794600e-02
   1.1897700e-02
   1.1261100e-02
   1.1145400e-02
   1.1750000e-02
   1.1202700e-02
   8.3260200e-03
   4.5414000e-03
   1.7508200e-03
  -6.7408100e-04
  -4.5784800e-03
  -9.4789000e-03
  -1.2997400e-02
  -1.4013200e-02
  -1.3677600e-02
  -1.3050600e-02
  -1.1657300e-02
  -8.6090800e-03
  -3.8997900e-03
   1.6151700e-03
   6.9811000e-03
   1.1907700e-02
   1.7262300e-02
   2.3958700e-02
   3.1429600e-02
   3.7699200e-02
   4.1681000e-02
   4.4336400e-02
   4.6212100e-02
   4.6219400e-02
   4.3415500e-02
   3.8360500e-02
   3.2538800e-02
   2.7071500e-02
   2.2026200e-02
   1.6667900e-02
   1.0575100e-02
   3.9363400e-03
  -2.4855900e-03
  -7.9430300e-03
  -1.2687700e-02
  -1.8156300e-02
  -2.3903400e-02
  -2.5797700e-02
  -2.1295400e-02
  -1.4206300e-02
  -9.1516700e-03
  -5.5469900e-03
  -1.0213100e-03
   3.6774900e-03
   6.5362300e-03
   8.0558800e-03
   1.0470000e-02
   1.4078000e-02
   1.6444400e-02
   1.6255200e-02
   1.5469600e-02
   1.5652100e-02
   1.4907100e-02
   1.0634700e-02
   3.6517700e-03
  -3.0259000e-03
  -8.3062900e-03
  -1.3899400e-02
  -2.1513000e-02
  -3.1038000e-02
  -4.1020300e-02
  -4.9753900e-02
  -5.5598500e-02
  -5.6669400e-02
  -5.2913100e-02
  -4.7229900e-02
  -4.2133200e-02
  -3.7723000e-02
  -3.3762600e-02
  -3.0172700e-02
  -2.5623700e-02
  -1.9520100e-02
  -1.3748300e-02
  -9.7123000e-03
  -5.9926800e-03
  -3.7374300e-04
   7.3326500e-03
   1.5169800e-02
   2.1352100e-02
   2.6767200e-02
   3.3056300e-02
   3.8874600e-02
   4.2357200e-02
   4.5788200e-02
   5.2260800e-02
   5.9401000e-02
   6.1823500e-02
   5.7700000e-02
   5.0267200e-02
   4.4224100e-02
   4.1420700e-02
   3.9370000e-02
   3.4719500e-02
   2.8214400e-02
   2.3844100e-02
   2.2938400e-02
   2.2858700e-02
   2.1922300e-02
   2.1439700e-02
   2.2616100e-02
   2.5525300e-02
   3.1311500e-02
   4.0685200e-02
   5.0621200e-02
   5.7650800e-02
   6.3201800e-02
   7.0832200e-02
   7.9565300e-02
   8.3713900e-02
   7.9102500e-02
   6.9152100e-02
   6.3184700e-02
   6.5704800e-02
   6.9712400e-02
   6.6565500e-02
   5.7392100e-02
   4.8335900e-02
   4.0297800e-02
   3.0816900e-02
   2.2077500e-02
   1.9072700e-02
   2.1573300e-02
   2.3569000e-02
   2.0931100e-02
   1.5228100e-02
   1.0309100e-02
   8.5226100e-03
   9.5712500e-03
   1.1253800e-02
   1.2507300e-02
   1.4532700e-02
   1.8596900e-02
   2.4587900e-02
   3.1786100e-02
   3.9867800e-02
   4.8094300e-02
   5.4468800e-02
   5.7850600e-02
   5.9691800e-02
   6.0942500e-02
   5.9784300e-02
   5.5202100e-02
   4.9763400e-02
   4.6016400e-02
   4.2490700e-02
   3.6477200e-02
   2.7796100e-02
   1.7823300e-02
   6.9825300e-03
  -5.3771400e-03
  -1.9521200e-02
  -3.4777400e-02
  -4.9856700e-02
  -6.4215700e-02
  -7.8339300e-02
  -9.1973400e-02
  -1.0335000e-01
  -1.1160800e-01
  -1.1800800e-01
  -1.2352100e-01
  -1.2756300e-01
  -1.2982000e-01
  -1.3066600e-01
  -1.2922100e-01
  -1.2421200e-01
  -1.1682900e-01
  -1.0968700e-01
  -1.0368700e-01
  -9.7498800e-02
  -9.0514800e-02
  -8.3661800e-02
  -7.6751700e-02
  -6.7801200e-02
  -5.6513300e-02
  -4.5303300e-02
  -3.5651800e-02
  -2.6423200e-02
  -1.6616600e-02
  -7.8017000e-03
  -2.0755000e-03
   1.3085400e-03
   4.9749000e-03
   9.5718600e-03
   1.3523300e-02
   1.5644400e-02
   1.6430700e-02
   1.7050600e-02
   1.8223400e-02
   2.0095400e-02
   2.2117500e-02
   2.3128500e-02
   2.2276200e-02
   1.9830100e-02
   1.6866900e-02
   1.4152900e-02
   1.1522400e-02
   8.0563300e-03
   3.0012100e-03
  -3.0939800e-03
  -8.3790900e-03
  -1.0947400e-02
  -1.0800000e-02
  -1.0074000e-02
  -1.0417300e-02
  -1.0626400e-02
  -8.2196600e-03
  -3.8868200e-03
  -1.5362400e-03
  -2.5478100e-03
  -2.5530500e-03
   3.8601900e-03
   1.7491500e-02
   3.3868700e-02
   4.7292600e-02
   5.5854400e-02
   6.2080700e-02
   6.9192800e-02
   7.6608600e-02
   7.8995300e-02
   7.3219900e-02
   6.5587300e-02
   6.4749300e-02
   6.9297000e-02
   7.0997700e-02
   6.6684500e-02
   5.7659900e-02
   4.1853300e-02
   1.6970700e-02
  -1.0626100e-02
  -2.9846600e-02
  -3.8450900e-02
  -4.5511000e-02
  -5.8601000e-02
  -7.4819300e-02
  -8.7092300e-02
  -9.4382600e-02
  -1.0095900e-01
  -1.0834200e-01
  -1.1321700e-01
  -1.1349200e-01
  -1.1191800e-01
  -1.1089500e-01
  -1.0655300e-01
  -9.3540300e-02
  -7.3613600e-02
  -5.3102700e-02
  -3.4001000e-02
  -1.3268200e-02
   9.7936900e-03
   3.1621000e-02
   5.0580800e-02
   6.8452600e-02
   8.4156300e-02
   9.3177600e-02
   9.5141800e-02
   9.5003100e-02
   9.5328600e-02
   9.3337300e-02
   8.6515700e-02
   7.5638100e-02
   6.1066800e-02
   4.1115200e-02
   1.6626800e-02
  -8.0510700e-03
  -3.0617100e-02
  -5.2881700e-02
  -7.4447300e-02
  -8.9069500e-02
  -9.2848300e-02
  -9.2416400e-02
  -9.7605800e-02
  -1.0808000e-01
  -1.1557200e-01
  -1.1641200e-01
  -1.1390800e-01
  -1.1239300e-01
  -1.1489400e-01
  -1.2244200e-01
  -1.3129200e-01
  -1.3404400e-01
  -1.2612300e-01
  -1.1174200e-01
  -1.0137300e-01
  -9.8999500e-02
  -9.6519800e-02
  -8.7738000e-02
  -7.8834600e-02
  -7.4208100e-02
  -6.5096200e-02
  -4.6675900e-02
  -3.1591500e-02
  -3.0792200e-02
  -3.4689800e-02
  -2.7677500e-02
  -1.0771000e-02
   3.5109600e-03
   1.1984000e-02
   2.3084600e-02
   4.1357600e-02
   6.1252100e-02
   7.6506900e-02
   8.7299900e-02
   9.7170400e-02
   1.0773900e-01
   1.1823400e-01
   1.2769300e-01
   1.3530600e-01
   1.3986100e-01
   1.4105800e-01
   1.4035800e-01
   1.3864100e-01
   1.3529800e-01
   1.3001900e-01
   1.2140200e-01
   1.0555700e-01
   8.3148100e-02
   6.2685700e-02
   4.8639900e-02
   3.3769200e-02
   9.9645700e-03
  -2.0682700e-02
  -5.0835700e-02
  -7.7218800e-02
  -9.8825300e-02
  -1.1307700e-01
  -1.2196300e-01
  -1.3204500e-01
  -1.4257500e-01
  -1.4655100e-01
  -1.4475600e-01
  -1.4299000e-01
  -1.3855300e-01
  -1.2529200e-01
  -1.0733500e-01
  -9.3461700e-02
  -8.0962800e-02
  -6.0383400e-02
  -3.6374500e-02
  -2.5309000e-02
  -2.6537000e-02
  -1.8057100e-02
   1.0398200e-02
   4.3055300e-02
   6.4345200e-02
   7.6552100e-02
   8.4753100e-02
   8.6496600e-02
   8.1854800e-02
   7.6585200e-02
   7.2174700e-02
   6.3692100e-02
   4.8037500e-02
   2.8728000e-02
   1.1566300e-02
  -1.6143300e-03
  -1.4535800e-02
  -3.1561600e-02
  -4.9089700e-02
  -5.6703500e-02
  -5.2472100e-02
  -4.8052600e-02
  -5.1520400e-02
  -5.6093600e-02
  -5.3335500e-02
  -4.6549400e-02
  -4.3306000e-02
  -4.3850200e-02
  -4.2581700e-02
  -3.5194500e-02
  -2.2808100e-02
  -1.3424300e-02
  -1.5148100e-02
  -2.2803200e-02
  -2.0934200e-02
  -6.3988700e-03
   4.2621000e-03
  -1.7479700e-03
  -1.3761400e-02
  -1.0768700e-02
   1.2154400e-02
   3.8868400e-02
   5.4033100e-02
   5.8400700e-02
   5.7808900e-02
   5.3099400e-02
   4.8409400e-02
   5.0172900e-02
   5.2738100e-02
   4.5582400e-02
   3.4402100e-02
   3.3619500e-02
   4.1854300e-02
   4.6677200e-02
   4.7407900e-02
   5.0924200e-02
   5.3838000e-02
   4.8625200e-02
   3.7900400e-02
   2.7822000e-02
   1.5721000e-02
  -4.3136700e-03
  -2.8232200e-02
  -4.4414000e-02
  -4.9104900e-02
  -5.1810900e-02
  -6.1721600e-02
  -7.6551800e-02
  -8.9000200e-02
  -9.6116400e-02
  -9.9421300e-02
  -1.0345500e-01
  -1.1127100e-01
  -1.1658800e-01
  -1.1111700e-01
  -9.9688000e-02
  -9.2908700e-02
  -8.9668100e-02
  -8.1985900e-02
  -6.8629400e-02
  -5.3786900e-02
  -4.1278700e-02
  -3.2888300e-02
  -2.5732000e-02
  -1.5389300e-02
  -4.8094600e-03
  -9.1522000e-04
  -2.9475100e-03
  -4.3529300e-03
  -2.9706100e-03
  -8.8624100e-04
   1.3657000e-03
   3.8027900e-03
   4.0496100e-03
  -8.6115000e-04
  -1.0666400e-02
  -1.9294300e-02
  -1.9658800e-02
  -1.5112200e-02
  -1.6712600e-02
  -2.4536900e-02
  -2.5544100e-02
  -1.4445900e-02
  -5.9276400e-04
   8.1747200e-03
   1.4189400e-02
   2.1698300e-02
   3.1149700e-02
   4.1275000e-02
   4.8944800e-02
   4.9893600e-02
   4.5213500e-02
   4.2495000e-02
   4.5012600e-02
   4.4862200e-02
   3.3096400e-02
   1.3823700e-02
   5.6194700e-04
  -1.0516100e-03
   2.8858700e-04
  -4.6001400e-03
  -1.2713600e-02
  -1.6892600e-02
  -1.7926100e-02
  -1.8952100e-02
  -1.7065800e-02
  -1.1309900e-02
  -7.8368600e-03
  -8.4006600e-03
  -6.3777200e-03
   1.0329900e-03
   8.9588000e-03
   1.3748900e-02
   1.5278200e-02
   1.4746300e-02
   1.6797200e-02
   2.4471000e-02
   3.1564800e-02
   3.2566900e-02
   3.2537500e-02
   3.4468000e-02
   3.2189900e-02
   2.7361600e-02
   3.2971700e-02
   4.9063500e-02
   5.8007400e-02
   5.3757400e-02
   5.1667000e-02
   6.1295100e-02
   7.1234100e-02
   6.9987900e-02
   6.5532500e-02
   6.9999000e-02
   7.4988900e-02
   6.3275600e-02
   3.9602500e-02
   2.4198800e-02
   2.0587900e-02
   1.4160500e-02
  -1.2618700e-03
  -1.6802500e-02
  -2.5507900e-02
  -3.1842900e-02
  -4.4349000e-02
  -6.5237100e-02
  -8.7080800e-02
  -9.6981800e-02
  -8.9280700e-02
  -7.4526200e-02
  -6.6857300e-02
  -6.6159300e-02
  -6.3325200e-02
  -5.4819800e-02
  -4.0259900e-02
  -1.8417800e-02
   3.6757200e-03
   1.4287200e-02
   1.6018300e-02
   2.2355700e-02
   3.4461800e-02
   4.0891400e-02
   3.7297800e-02
   3.1748500e-02
   3.5055700e-02
   4.8149200e-02
   5.6942600e-02
   5.0869700e-02
   4.0510900e-02
   3.7515700e-02
   3.3787500e-02
   2.1233100e-02
   9.7490900e-03
   7.2923900e-03
   5.7422900e-03
  -6.7527400e-04
  -5.1382500e-03
  -5.2828900e-03
  -8.0997200e-03
  -1.1006600e-02
  -2.7551900e-03
   1.2789900e-02
   1.8487700e-02
   1.1000500e-02
   4.0495500e-03
   4.7574700e-03
   5.5685600e-03
   1.0264100e-04
  -7.2616900e-03
  -1.0261900e-02
  -1.0500700e-02
  -1.4831500e-02
  -2.7265200e-02
  -4.3845100e-02
  -5.3694200e-02
  -5.0066600e-02
  -3.9667800e-02
  -3.3926200e-02
  -3.5402400e-02
  -4.0669000e-02
  -4.8294400e-02
  -5.3680500e-02
  -4.8213400e-02
  -3.4434200e-02
  -2.8136000e-02
  -3.5177500e-02
  -4.1798900e-02
  -3.7569600e-02
  -3.0288300e-02
  -3.0736600e-02
  -3.8378500e-02
  -4.6068400e-02
  -4.8536600e-02
  -4.7410500e-02
  -4.9514800e-02
  -5.5840200e-02
  -5.9914200e-02
  -6.2148800e-02
  -6.9755600e-02
  -7.8971900e-02
  -7.8195900e-02
  -6.8775300e-02
  -6.1896900e-02
  -5.9347100e-02
  -5.5280800e-02
  -4.8454700e-02
  -4.1688100e-02
  -3.5773300e-02
  -2.7658800e-02
  -1.5025300e-02
  -2.5195000e-03
   2.9810000e-03
   4.0742600e-03
   9.4399200e-03
   1.9098900e-02
   2.4397600e-02
   2.1060000e-02
   1.3390700e-02
   8.2358000e-03
   9.0976200e-03
   1.2533700e-02
   1.0887400e-02
   3.2496000e-03
  -2.0483200e-03
  -2.8012700e-04
   1.4171700e-03
  -4.7857500e-03
  -1.3531900e-02
  -1.2999600e-02
  -3.9807000e-03
   2.0528800e-03
   2.7635800e-03
   4.6581800e-03
   7.1254000e-03
   6.1643800e-03
   4.9865100e-03
   4.2173900e-03
  -2.7697000e-03
  -1.1811200e-02
  -7.7139900e-03
   8.2468800e-03
   1.6810700e-02
   1.1167100e-02
   2.3823500e-03
  -2.7308400e-03
  -4.5774800e-03
  -1.2415600e-03
   4.2729900e-03
   3.1670500e-03
  -2.5875900e-03
  -3.5139000e-03
  -1.1820300e-03
  -2.0947700e-03
  -2.3941600e-03
   1.9219400e-03
   3.5128400e-03
  -5.4509300e-04
  -2.7406300e-04
   5.7559600e-03
   3.3623400e-03
  -1.1783300e-02
  -2.5277700e-02
  -2.8109800e-02
  -2.7045500e-02
  -2.8370700e-02
  -3.0709800e-02
  -3.2502100e-02
  -3.3440400e-02
  -3.2573900e-02
  -3.1594500e-02
  -3.4048600e-02
  -3.9116700e-02
  -4.2117400e-02
  -4.0059400e-02
  -3.3595100e-02
  -2.7981700e-02
  -3.0070300e-02
  -4.0093300e-02
  -5.0500200e-02
  -5.5546200e-02
  -5.8527200e-02
  -6.5835100e-02
  -7.5020500e-02
  -7.6500300e-02
  -6.9304000e-02
  -6.3899000e-02
  -6.4885000e-02
  -6.3898200e-02
  -5.6062600e-02
  -4.9451200e-02
  -4.9601000e-02
  -4.8580600e-02
  -3.9350600e-02
  -2.8519900e-02
  -2.4410400e-02
  -2.2813200e-02
  -1.5701000e-02
  -4.8601000e-03
   3.8528700e-03
   1.1919100e-02
   2.2941800e-02
   3.2876300e-02
   3.5995600e-02
   3.5417800e-02
   3.8272100e-02
   4.4889000e-02
   5.0104800e-02
   5.1588700e-02
   5.0394400e-02
   4.6171300e-02
   3.8767100e-02
   3.1729900e-02
   2.8788500e-02
   2.8824200e-02
   2.8435000e-02
   2.6521400e-02
   2.3508800e-02
   1.9819200e-02
   1.6406600e-02
   1.3428100e-02
   8.5470000e-03
   3.5834000e-04
  -7.9149300e-03
  -1.2545500e-02
  -1.4358000e-02
  -1.6532900e-02
  -1.9862500e-02
  -2.2837900e-02
  -2.4378700e-02
  -2.4673100e-02
  -2.4643700e-02
  -2.5030000e-02
  -2.5692700e-02
  -2.6392100e-02
  -2.7687600e-02
  -2.9610200e-02
  -3.0574800e-02
  -2.9524500e-02
  -2.7688400e-02
  -2.6786700e-02
  -2.7248900e-02
  -2.8287200e-02
  -2.9191400e-02
  -2.9005000e-02
  -2.6601100e-02
  -2.2418200e-02
  -1.8680200e-02
  -1.6712700e-02
  -1.5908100e-02
  -1.6069900e-02
  -1.7505600e-02
  -1.9076700e-02
  -1.9230900e-02
  -1.8518100e-02
  -1.8085200e-02
  -1.6629500e-02
  -1.1860800e-02
  -4.0557900e-03
   3.9367600e-03
   1.0176600e-02
   1.5077900e-02
   1.9768600e-02
   2.5073500e-02
   3.1694700e-02
   3.9482500e-02
   4.6572400e-02
   5.0655900e-02
   5.1587000e-02
   5.1802300e-02
   5.3889400e-02
   5.7937400e-02
   6.2551500e-02
   6.7087700e-02
   7.1268900e-02
   7.3864800e-02
   7.3530800e-02
   7.0375500e-02
   6.5642400e-02
   6.0590400e-02
   5.6303700e-02
   5.3368300e-02
   5.1013800e-02
   4.7583100e-02
   4.2331700e-02
   3.6030300e-02
   2.9514000e-02
   2.2588500e-02
   1.5202300e-02
   8.3702800e-03
   3.0737600e-03
  -7.6188400e-04
  -3.9581500e-03
  -6.9438200e-03
  -9.5885000e-03
  -1.1891900e-02
  -1.3791100e-02
  -1.4510100e-02
  -1.3675300e-02
  -1.2943900e-02
  -1.4490300e-02
  -1.7773300e-02
  -2.0057100e-02
  -2.0168600e-02
  -1.9786900e-02
  -2.0815600e-02
  -2.3221800e-02
  -2.5936900e-02
  -2.8616000e-02
  -3.1465700e-02
  -3.4233400e-02
  -3.6438700e-02
  -3.7696100e-02
  -3.7962900e-02
  -3.7684600e-02
  -3.8009800e-02
  -4.0145000e-02
  -4.4025500e-02
  -4.8507500e-02
  -5.2950200e-02
  -5.7253900e-02
  -6.0916400e-02
  -6.3678200e-02
  -6.6012300e-02
  -6.8319000e-02
  -7.0114300e-02
  -7.0676300e-02
  -6.9832500e-02
  -6.7900900e-02
  -6.5242200e-02
  -6.1966500e-02
  -5.7637700e-02
  -5.1464200e-02
  -4.3239500e-02
  -3.3907300e-02
  -2.4788900e-02
  -1.6509200e-02
  -8.8993100e-03
  -1.5954300e-03
   5.4686000e-03
   1.1749500e-02
   1.6705200e-02
   2.0543800e-02
   2.3390000e-02
   2.4224800e-02
   2.1645700e-02
   1.5134700e-02
   5.7820200e-03
  -4.6398700e-03
  -1.5014200e-02
  -2.5104200e-02
  -3.5209200e-02
  -4.5553800e-02
  -5.5738700e-02
  -6.4856100e-02
  -7.2550800e-02
  -7.9417600e-02
  -8.5523100e-02
  -9.0053600e-02
  -9.3075700e-02
  -9.6049700e-02
  -9.9634300e-02
  -1.0243200e-01
  -1.0298600e-01
  -1.0146800e-01
  -9.8897900e-02
  -9.5578700e-02
  -9.0946800e-02
  -8.4982600e-02
  -7.8525900e-02
  -7.2469000e-02
  -6.6840000e-02
  -6.0840600e-02
  -5.4082900e-02
  -4.6928400e-02
  -3.9897000e-02
  -3.3710700e-02
  -2.8719100e-02
  -2.3747400e-02
  -1.7281600e-02
  -9.7037700e-03
  -2.6389500e-03
   2.9017300e-03
   6.7931900e-03
   9.1736100e-03
   1.0328700e-02
   1.0936100e-02
   1.1523700e-02
   1.2086000e-02
   1.2630400e-02
   1.3305900e-02
   1.4362000e-02
   1.5646600e-02
   1.6204300e-02
   1.5413400e-02
   1.4180500e-02
   1.3673700e-02
   1.3951100e-02
   1.4746500e-02
   1.6217000e-02
   1.8284800e-02
   2.0698100e-02
   2.3743000e-02
   2.7083000e-02
   2.8628100e-02
   2.7301300e-02
   2.5735000e-02
   2.6721800e-02
   2.9188800e-02
   3.1156400e-02
   3.3053000e-02
   3.5595800e-02
   3.8477200e-02
   4.1885200e-02
   4.5904300e-02
   4.9293200e-02
   5.2380500e-02
   5.7490900e-02
   6.4126000e-02
   6.8338800e-02
   6.8829000e-02
   6.8541500e-02
   6.9071200e-02
   6.8220000e-02
   6.4441400e-02
   5.9636700e-02
   5.6077700e-02
   5.3059200e-02
   4.8872400e-02
   4.4510500e-02
   4.2764100e-02
   4.4767600e-02
   4.8839800e-02
   5.1192000e-02
   4.7939200e-02
   3.8781700e-02
   2.7564800e-02
   1.8045100e-02
   1.1624100e-02
   8.1599400e-03
   5.4270800e-03
  -5.1907600e-04
  -1.0944500e-02
  -2.1735600e-02
  -2.7763700e-02
  -2.8925800e-02
  -2.8783100e-02
  -2.9094600e-02
  -2.9529400e-02
  -3.0524200e-02
  -3.2168300e-02
  -3.1722200e-02
  -2.6306200e-02
  -1.6952600e-02
  -7.7849000e-03
  -8.6300000e-04
   6.5293000e-03
   1.7566000e-02
   3.0132500e-02
   3.8742800e-02
   4.2891100e-02
   4.7698700e-02
   5.5180500e-02
   6.1849200e-02
   6.4596100e-02
   6.4255300e-02
   6.3351000e-02
   6.2783500e-02
   6.1212200e-02
   5.6759100e-02
   4.9461000e-02
   4.1144700e-02
   3.2910700e-02
   2.3492200e-02
   1.1388300e-02
  -2.0478000e-03
  -1.2872700e-02
  -1.8838300e-02
  -2.2463900e-02
  -2.7820600e-02
  -3.4898800e-02
  -3.9917500e-02
  -4.2129400e-02
  -4.4832300e-02
  -4.8841400e-02
  -5.0725500e-02
  -4.9056500e-02
  -4.7219200e-02
  -4.7670100e-02
  -4.8081600e-02
  -4.5244800e-02
  -3.8980700e-02
  -3.0176800e-02
  -1.9138000e-02
  -7.5186500e-03
   2.3450100e-03
   1.0569700e-02
   1.8808800e-02
   2.6203000e-02
   3.0024200e-02
   3.1500700e-02
   3.6343400e-02
   4.7346300e-02
   6.0264500e-02
   6.8479500e-02
   6.9267200e-02
   6.5268000e-02
   6.1666800e-02
   6.2115600e-02
   6.5756900e-02
   6.8078400e-02
   6.6571200e-02
   6.3798200e-02
   6.1848600e-02
   5.7901400e-02
   4.9013700e-02
   3.6657900e-02
   2.3805400e-02
   1.1477900e-02
   8.8259900e-04
  -5.3365700e-03
  -6.8684600e-03
  -8.3615600e-03
  -1.4750900e-02
  -2.5159100e-02
  -3.4248400e-02
  -3.8685800e-02
  -3.9763200e-02
  -4.0510000e-02
  -4.2855400e-02
  -4.6644300e-02
  -4.9764900e-02
  -4.9282300e-02
  -4.3675200e-02
  -3.4414000e-02
  -2.4969700e-02
  -1.6672900e-02
  -6.8992100e-03
   6.2312200e-03
   1.8795600e-02
   2.4911300e-02
   2.5636600e-02
   2.9265400e-02
   4.1634600e-02
   5.9321500e-02
   7.3488100e-02
   7.8627900e-02
   7.6062000e-02
   6.9799100e-02
   6.1529800e-02
   5.1891400e-02
   4.3573900e-02
   3.9014600e-02
   3.7292300e-02
   3.6531200e-02
   3.5454200e-02
   3.1344500e-02
   2.2836100e-02
   1.4397600e-02
   1.0808200e-02
   9.4993700e-03
   5.4792400e-03
   6.9999300e-04
   1.1919700e-03
   6.9392600e-03
   1.1601400e-02
   1.1461200e-02
   9.6201800e-03
   1.0061700e-02
   1.2466200e-02
   1.4825300e-02
   1.6843200e-02
   1.9064000e-02
   2.1513000e-02
   2.3956300e-02
   2.5647800e-02
   2.5642800e-02
   2.5651500e-02
   2.9934200e-02
   3.9851600e-02
   5.0896000e-02
   5.7427400e-02
   5.8222200e-02
   5.5609400e-02
   5.2145000e-02
   5.0191800e-02
   5.1656400e-02
   5.5709300e-02
   5.9256900e-02
   6.1116200e-02
   6.3343900e-02
   6.6462800e-02
   6.6315700e-02
   5.9374400e-02
   4.9056800e-02
   4.2047300e-02
   3.9191100e-02
   3.6341500e-02
   3.2765700e-02
   3.1670100e-02
   3.3157700e-02
   3.3011600e-02
   2.8420900e-02
   2.1003300e-02
   1.3752500e-02
   7.2835500e-03
   6.5852500e-05
  -9.0430000e-03
  -1.9010000e-02
  -2.8000200e-02
  -3.5739700e-02
  -4.3162300e-02
  -5.0212800e-02
  -5.5639900e-02
  -5.8106400e-02
  -5.6816400e-02
  -5.1869700e-02
  -4.4780700e-02
  -3.7745300e-02
  -3.1822200e-02
  -2.6320400e-02
  -2.0146300e-02
  -1.3600100e-02
  -8.2481300e-03
  -4.8747200e-03
  -2.4633000e-03
   5.5477000e-05
   2.2056100e-03
   2.8735500e-03
   2.9533700e-03
   4.4980300e-03
   5.7817400e-03
   2.3220800e-03
  -5.0483000e-03
  -9.8119800e-03
  -9.4332700e-03
  -7.9790700e-03
  -7.6662200e-03
  -6.2205300e-03
  -3.9022600e-03
  -4.5552200e-03
  -8.7217400e-03
  -1.3433500e-02
  -1.8189200e-02
  -2.4898300e-02
  -3.3372100e-02
  -4.1519500e-02
  -4.8359100e-02
  -5.4335500e-02
  -6.0105900e-02
  -6.6177600e-02
  -7.2681700e-02
  -7.8594500e-02
  -8.2594900e-02
  -8.5005100e-02
  -8.7461300e-02
  -9.0517800e-02
  -9.3217300e-02
  -9.5231700e-02
  -9.7260000e-02
  -9.7844200e-02
  -9.2981000e-02
  -8.1750000e-02
  -6.9279200e-02
  -6.0784200e-02
  -5.5692700e-02
  -5.1114200e-02
  -4.7552900e-02
  -4.5480100e-02
  -4.0250000e-02
  -2.8837600e-02
  -1.6711100e-02
  -1.0353600e-02
  -8.1157400e-03
  -3.8179100e-03
   4.9414600e-03
   1.5210100e-02
   2.3149300e-02
   2.8705300e-02
   3.6457600e-02
   4.9822500e-02
   6.5995400e-02
   8.1272100e-02
   9.7262600e-02
   1.1672600e-01
   1.3719900e-01
   1.5436400e-01
   1.6845300e-01
   1.8354100e-01
   2.0174000e-01
   2.2097100e-01
   2.3860000e-01
   2.5476600e-01
   2.7139000e-01
   2.8912600e-01
   3.0573200e-01
   3.1841800e-01
   3.2838800e-01
   3.3969000e-01
   3.5310900e-01
   3.6487100e-01
   3.7168200e-01
   3.7380400e-01
   3.7282400e-01
   3.6952600e-01
   3.6452800e-01
   3.5866100e-01
   3.5180600e-01
   3.4231100e-01
   3.2846900e-01
   3.0993500e-01
   2.8764400e-01
   2.6317500e-01
   2.3871200e-01
   2.1604600e-01
   1.9343900e-01
   1.6519200e-01
   1.2797400e-01
   8.6364000e-02
   4.8966900e-02
   1.8930400e-02
  -1.0540600e-02
  -4.8513900e-02
  -9.5947100e-02
  -1.4719000e-01
  -2.0021100e-01
  -2.5915200e-01
  -3.2562100e-01
  -3.9224100e-01
  -4.4604100e-01
  -4.7435200e-01
  -4.6934000e-01
  -4.3566000e-01
  -3.9668800e-01
  -3.8067500e-01
  -3.9342700e-01
  -4.1377500e-01
  -4.1623700e-01
  -3.9708300e-01
  -3.8198500e-01
  -3.9467000e-01
  -4.1811900e-01
  -4.1241100e-01
  -3.6626500e-01
  -2.9965800e-01
  -2.4014200e-01
  -2.2674900e-01
  -2.6391500e-01
  -2.7502100e-01
  -2.1868100e-01
  -1.7693900e-01
  -2.0432400e-01
  -2.2560500e-01
  -1.8942100e-01
  -1.5937800e-01
  -1.7511300e-01
  -1.8600800e-01
  -1.6412900e-01
  -1.4530100e-01
  -1.4893400e-01
  -1.5478300e-01
  -1.5085500e-01
  -1.4444900e-01
  -1.3704100e-01
  -1.2229400e-01
  -1.0069500e-01
  -7.8427800e-02
  -5.8090400e-02
  -3.7980800e-02
  -1.6057700e-02
   8.2633000e-03
   3.3926000e-02
   5.7420500e-02
   7.4309300e-02
   8.5824400e-02
   1.0071700e-01
   1.2463800e-01
   1.5251400e-01
   1.7808400e-01
   2.0429200e-01
   2.3645600e-01
   2.7309600e-01
   3.0888500e-01
   3.3736200e-01
   3.5261500e-01
   3.5733400e-01
   3.6277100e-01
   3.7469900e-01
   3.8811500e-01
   3.9723500e-01
   4.0142400e-01
   4.0099100e-01
   3.9282700e-01
   3.7433500e-01
   3.4955200e-01
   3.2446200e-01
   2.9915700e-01
   2.7252100e-01
   2.4979800e-01
   2.3599600e-01
   2.2601200e-01
   2.1015500e-01
   1.8560700e-01
   1.5714200e-01
   1.3004600e-01
   1.0489100e-01
   8.1906400e-02
   7.0357600e-02
   8.3374200e-02
   1.1937100e-01
   1.5735100e-01
   1.7756600e-01
   1.8035900e-01
   1.7493800e-01
   1.6025400e-01
   1.3658200e-01
   1.2292500e-01
   1.3296300e-01
   1.4606800e-01
   1.3797600e-01
   1.2546500e-01
   1.3911200e-01
   1.6772200e-01
   1.7357300e-01
   1.5033800e-01
   1.2639000e-01
   1.1722100e-01
   1.0802500e-01
   8.5362100e-02
   6.0049100e-02
   4.6968500e-02
   3.9888500e-02
   2.3185800e-02
  -2.2972400e-03
  -2.3181200e-02
  -3.5876300e-02
  -4.7680100e-02
  -5.9568700e-02
  -6.3056400e-02
  -5.4559300e-02
  -4.0850700e-02
  -2.7730700e-02
  -1.2958600e-02
   6.6824400e-03
   2.6731700e-02
   3.8790200e-02
   4.2283700e-02
   4.5140400e-02
   5.1582900e-02
   5.5866400e-02
   5.1972400e-02
   4.3219500e-02
   3.5683000e-02
   2.8307800e-02
   1.7366000e-02
   5.6204000e-03
  -2.9169700e-03
  -1.2261700e-02
  -2.7414600e-02
  -4.3852200e-02
  -5.4652400e-02
  -6.3117400e-02
  -7.6956000e-02
  -9.5187200e-02
  -1.1104700e-01
  -1.2256800e-01
  -1.3113900e-01
  -1.3568900e-01
  -1.3454800e-01
  -1.2887200e-01
  -1.2112900e-01
  -1.1277600e-01
  -1.0352600e-01
  -9.0731100e-02
  -7.2533500e-02
  -5.1797100e-02
  -3.4038600e-02
  -2.1797700e-02
  -1.3657500e-02
  -7.1611500e-03
  -2.6853700e-04
   1.0142300e-02
   2.7227100e-02
   4.8264100e-02
   6.4566100e-02
   7.0639600e-02
   6.8783300e-02
   6.3663100e-02
   5.6410100e-02
   4.5384400e-02
   3.0058800e-02
   1.2685000e-02
  -4.5217100e-03
  -2.2025300e-02
  -4.0282700e-02
  -5.5871300e-02
  -6.5728700e-02
  -7.3915900e-02
  -8.6368700e-02
  -1.0053100e-01
  -1.0918400e-01
  -1.1153100e-01
  -1.1131200e-01
  -1.0711900e-01
  -9.3790000e-02
  -7.0914200e-02
  -4.2221700e-02
  -1.1097900e-02
   1.8186000e-02
   4.1092900e-02
   5.9419200e-02
   8.0057100e-02
   1.0320600e-01
   1.2040400e-01
   1.2765700e-01
   1.3051600e-01
   1.3372200e-01
   1.3586900e-01
   1.3521300e-01
   1.3190000e-01
   1.2513200e-01
   1.1491900e-01
   1.0425300e-01
   9.4259600e-02
   8.1759800e-02
   6.5690400e-02
   5.0796500e-02
   4.2136900e-02
   3.9367700e-02
   3.8242400e-02
   3.4985800e-02
   2.7866600e-02
   1.7364000e-02
   6.3842500e-03
  -1.1904800e-03
  -3.5990700e-03
  -2.6249500e-03
  -7.1258400e-04
   2.5287200e-03
   9.1460500e-03
   1.9467700e-02
   3.1319900e-02
   4.1965700e-02
   5.0231300e-02
   5.6472300e-02
   6.1635000e-02
   6.6839600e-02
   7.2489200e-02
   7.6825200e-02
   7.7112300e-02
   7.3957900e-02
   7.2087800e-02
   7.4385600e-02
   7.7691600e-02
   7.6917700e-02
   7.0876300e-02
   6.1807600e-02
   5.1924500e-02
   4.1785900e-02
   3.0656700e-02
   1.7463900e-02
   2.5918800e-03
  -1.1271100e-02
  -2.1453800e-02
  -2.9309700e-02
  -3.9132700e-02
  -5.2016700e-02
  -6.4014100e-02
  -7.0846200e-02
  -7.3386800e-02
  -7.6485200e-02
  -8.2516900e-02
  -8.8612900e-02
  -9.1150500e-02
  -8.9654000e-02
  -8.4401100e-02
  -7.4826100e-02
  -6.2154200e-02
  -5.0477000e-02
  -4.3359700e-02
  -3.9819800e-02
  -3.5019800e-02
  -2.5804100e-02
  -1.3690100e-02
  -1.9946700e-03
   6.9217500e-03
   1.1576200e-02
   1.1885500e-02
   1.0978000e-02
   1.1638300e-02
   1.1172100e-02
   5.2778700e-03
  -2.8023200e-03
  -4.9239500e-03
  -4.8843000e-04
   3.0482500e-03
   1.8077100e-03
  -1.2946800e-03
  -5.3105100e-03
  -1.4632200e-02
  -3.0419600e-02
  -4.4940300e-02
  -5.0004500e-02
  -4.7044900e-02
  -4.4131800e-02
  -4.6133000e-02
  -5.1499100e-02
  -5.6324400e-02
  -5.7735400e-02
  -5.4794800e-02
  -4.8901300e-02
  -4.2776600e-02
  -3.8364600e-02
  -3.5648300e-02
  -3.2109600e-02
  -2.3817000e-02
  -8.4451600e-03
   1.1833100e-02
   3.1126200e-02
   4.5640500e-02
   5.7341400e-02
   6.9649400e-02
   8.2917000e-02
   9.5751300e-02
   1.0767400e-01
   1.1964200e-01
   1.3254400e-01
   1.4551300e-01
   1.5623000e-01
   1.6323700e-01
   1.6730400e-01
   1.6955300e-01
   1.6916900e-01
   1.6418700e-01
   1.5327900e-01
   1.3769900e-01
   1.2092600e-01
   1.0573600e-01
   9.1989100e-02
   7.7590700e-02
   6.1186500e-02
   4.3245100e-02
   2.5112800e-02
   7.7973500e-03
  -8.1074600e-03
  -2.2244200e-02
  -3.4929000e-02
  -4.6057800e-02
  -5.4169700e-02
  -5.8937000e-02
  -6.3237400e-02
  -6.9626000e-02
  -7.6068100e-02
  -7.8233600e-02
  -7.5558700e-02
  -7.1260200e-02
  -6.7472600e-02
  -6.4025800e-02
  -6.1095300e-02
  -5.8377000e-02
  -5.3186400e-02
  -4.4679100e-02
  -3.6700200e-02
  -3.2637400e-02
  -3.1103700e-02
  -3.0016600e-02
  -3.0626400e-02
  -3.4031400e-02
  -3.7885000e-02
  -3.8990400e-02
  -3.7297400e-02
  -3.5392100e-02
  -3.5040500e-02
  -3.5607000e-02
  -3.5129300e-02
  -3.1889200e-02
  -2.5876000e-02
  -1.9115200e-02
  -1.3584400e-02
  -9.4802200e-03
  -6.3692000e-03
  -4.6754300e-03
  -4.3513300e-03
  -3.4408600e-03
  -1.3008600e-04
   4.6987100e-03
   8.8718100e-03
   1.1815500e-02
   1.4176100e-02
   1.5346600e-02
   1.3418000e-02
   7.9459100e-03
   1.0646400e-03
  -5.5375600e-03
  -1.2545300e-02
  -2.0596100e-02
  -2.7779000e-02
  -3.1401200e-02
  -3.1825500e-02
  -3.3259000e-02
  -3.8869300e-02
  -4.5507600e-02
  -4.6101200e-02
  -3.8652400e-02
  -3.0287600e-02
  -2.8496500e-02
  -3.0427000e-02
  -2.7607800e-02
  -1.9077500e-02
  -1.0840100e-02
  -4.0280900e-03
   5.0215200e-03
   1.3814400e-02
   1.5197800e-02
   1.0397200e-02
   8.5922100e-03
   1.2612000e-02
   1.6229700e-02
   1.6390500e-02
   1.6458400e-02
   1.7309700e-02
   1.5619400e-02
   1.1006700e-02
   6.1894200e-03
   1.1542700e-03
  -5.5142900e-03
  -1.1787500e-02
  -1.5866800e-02
  -2.1096500e-02
  -3.0832500e-02
  -4.2099900e-02
  -4.9596100e-02
  -5.2602400e-02
  -5.3810100e-02
  -5.4243400e-02
  -5.3154000e-02
  -5.1428900e-02
  -5.1203400e-02
  -5.2002300e-02
  -5.0012800e-02
  -4.2632100e-02
  -3.1631100e-02
  -2.0288800e-02
  -1.0280700e-02
  -2.5120900e-03
   2.6288100e-03
   6.5514300e-03
   1.0401700e-02
   1.3185700e-02
   1.5690600e-02
   2.2090800e-02
   3.3577800e-02
   4.4743100e-02
   4.9816200e-02
   4.9824600e-02
   5.1900600e-02
   6.1958100e-02
   7.7478200e-02
   8.8273800e-02
   8.7539500e-02
   7.9177900e-02
   7.0129400e-02
   6.2168700e-02
   5.6187300e-02
   5.3534300e-02
   4.8826200e-02
   3.6304000e-02
   2.1948700e-02
   1.3696100e-02
   8.6503800e-03
   1.1005500e-03
  -7.6724600e-03
  -1.4340700e-02
  -2.0361200e-02
  -2.9978700e-02
  -4.4190900e-02
  -5.8674000e-02
  -6.8160500e-02
  -7.3763200e-02
  -8.2830300e-02
  -9.8387100e-02
  -1.1369000e-01
  -1.2070100e-01
  -1.1861700e-01
  -1.1451600e-01
  -1.2171000e-01
  -1.5023500e-01
  -1.8836800e-01
  -2.0386800e-01
  -1.7767200e-01
  -1.2717100e-01
  -8.8225400e-02
  -8.3416800e-02
  -1.0641000e-01
  -1.2359900e-01
  -1.0090500e-01
  -4.7368800e-02
  -1.1740100e-02
  -1.4962100e-02
  -2.0434200e-02
   6.8773300e-03
   4.9211100e-02
   6.8076800e-02
   6.2985600e-02
   7.1997200e-02
   1.1344900e-01
   1.5316200e-01
   1.5376400e-01
   1.3101200e-01
   1.1875100e-01
   1.0869700e-01
   8.2277400e-02
   6.6146100e-02
   9.0059500e-02
   1.2462400e-01
   1.1993900e-01
   7.5766400e-02
   3.2177300e-02
   1.2920500e-02
   7.4589000e-03
  -3.1085100e-04
  -8.1398800e-03
  -8.2716400e-03
  -1.0785900e-02
  -3.2444100e-02
  -6.4866500e-02
  -8.0256100e-02
  -7.5458200e-02
  -7.8160200e-02
  -9.9382300e-02
  -1.1754600e-01
  -1.2027800e-01
  -1.2388600e-01
  -1.3839000e-01
  -1.4682500e-01
  -1.3524500e-01
  -1.1949300e-01
  -1.2348200e-01
  -1.4327300e-01
  -1.5021600e-01
  -1.2903200e-01
  -9.6941200e-02
  -7.7194000e-02
  -6.8076600e-02
  -5.1818000e-02
  -2.4051400e-02
  -6.1327800e-03
  -2.6731000e-02
  -7.2233600e-02
  -7.4623400e-02
  -1.2939700e-03
   8.0899900e-02
   9.7060400e-02
   6.6057000e-02
   4.8826300e-02
   5.5412600e-02
   6.0101200e-02
   5.8979400e-02
   6.5165100e-02
   7.6511600e-02
   7.8751600e-02
   6.8362500e-02
   5.8987900e-02
   6.5639800e-02
   8.4205100e-02
   9.4713300e-02
   9.0764700e-02
   8.8800200e-02
   9.8363500e-02
   1.0644800e-01
   1.0328100e-01
   9.9136200e-02
   1.0325300e-01
   1.0927000e-01
   1.1129700e-01
   1.1459900e-01
   1.2343500e-01
   1.3380800e-01
   1.4182400e-01
   1.4876100e-01
   1.5616500e-01
   1.6159200e-01
   1.6219900e-01
   1.6048900e-01
   1.6264400e-01
   1.6970300e-01
   1.7423100e-01
   1.6913000e-01
   1.5674000e-01
   1.4487400e-01
   1.3694800e-01
   1.3062200e-01
   1.2243100e-01
   1.0956600e-01
   9.1456200e-02
   7.2691700e-02
   5.8575800e-02
   4.6245100e-02
   2.6474400e-02
  -4.5742500e-03
  -4.1272500e-02
  -7.6027600e-02
  -1.0491500e-01
  -1.2302900e-01
  -1.2146500e-01
  -1.0037500e-01
  -8.2357300e-02
  -9.4047800e-02
  -1.3273200e-01
  -1.6829100e-01
  -1.7786900e-01
  -1.6589500e-01
  -1.5114700e-01
  -1.4213500e-01
  -1.2979400e-01
  -1.0456700e-01
  -7.3726400e-02
  -5.2705400e-02
  -4.4519700e-02
  -3.8754600e-02
  -2.7694700e-02
  -1.3098300e-02
   3.8291800e-04
   8.6718400e-03
   7.8924400e-03
   2.2820600e-04
  -3.9270200e-03
   2.1275800e-04
   3.5860000e-03
  -9.4925200e-04
  -7.0868800e-03
  -8.1220000e-03
  -7.9735500e-03
  -1.1033200e-02
  -1.3017500e-02
  -1.0158000e-02
  -7.6099100e-03
  -1.0810400e-02
  -1.6955700e-02
  -2.0176200e-02
  -1.9457800e-02
  -1.8952000e-02
  -2.3208200e-02
  -3.2225300e-02
  -4.0464200e-02
  -4.3530000e-02
  -4.3871900e-02
  -4.6346100e-02
  -5.0701300e-02
  -5.2594300e-02
  -5.0338600e-02
  -4.7622700e-02
  -4.8398800e-02
  -5.0199300e-02
  -4.6959200e-02
  -3.9087700e-02
  -3.4902300e-02
  -3.9650000e-02
  -4.8117500e-02
  -5.0641500e-02
  -4.4958800e-02
  -3.9829300e-02
  -4.4771400e-02
  -5.8614300e-02
  -7.3239200e-02
  -8.5410200e-02
  -9.6155300e-02
  -1.0150000e-01
  -9.6363700e-02
  -8.7475300e-02
  -8.8708700e-02
  -1.0095000e-01
  -1.0915700e-01
  -1.0355000e-01
  -9.1875600e-02
  -8.6017800e-02
  -8.7424000e-02
  -8.9959600e-02
  -9.0109900e-02
  -8.9286000e-02
  -8.8830000e-02
  -8.8628700e-02
  -8.9724000e-02
  -9.2133700e-02
  -9.1179700e-02
  -8.2456200e-02
  -6.9862400e-02
  -6.1581100e-02
  -6.0696700e-02
  -6.4694300e-02
  -6.7200500e-02
  -5.9650600e-02
  -4.2927100e-02
  -3.2799600e-02
  -3.9232300e-02
  -5.0500900e-02
  -5.2418300e-02
  -4.7341000e-02
  -4.1907600e-02
  -3.4038400e-02
  -2.4057700e-02
  -2.2290900e-02
  -3.4658100e-02
  -5.0647100e-02
  -5.3708800e-02
  -4.0194000e-02
  -2.3580900e-02
  -1.9122900e-02
  -2.6461900e-02
  -3.2267000e-02
  -2.8643800e-02
  -2.1178600e-02
  -1.8472600e-02
  -2.1256600e-02
  -2.4650900e-02
  -2.5960600e-02
  -2.6083900e-02
  -2.5490800e-02
  -2.3528300e-02
  -2.0552100e-02
  -1.7145600e-02
  -1.2754500e-02
  -7.3910400e-03
  -2.8611200e-03
  -1.3919700e-03
  -3.8392100e-03
  -8.8616800e-03
  -1.3713000e-02
  -1.6297700e-02
  -1.6867400e-02
  -1.6756700e-02
  -1.5964500e-02
  -1.3989400e-02
  -1.2285300e-02
  -1.2854100e-02
  -1.5313300e-02
  -1.7697400e-02
  -1.9935900e-02
  -2.3902600e-02
  -2.9986100e-02
  -3.6179500e-02
  -4.0507700e-02
  -4.2865100e-02
  -4.3824800e-02
  -4.3123400e-02
  -4.0575900e-02
  -3.7315200e-02
  -3.4553800e-02
  -3.1854500e-02
  -2.7998200e-02
  -2.3184800e-02
  -1.9228100e-02
  -1.6708000e-02
  -1.3330100e-02
  -7.2131200e-03
   9.5561100e-05
   5.8913000e-03
   1.0444200e-02
   1.6418900e-02
   2.4515900e-02
   3.2969100e-02
   4.0576600e-02
   4.7432300e-02
   5.3495500e-02
   5.8700600e-02
   6.3889400e-02
   6.9212000e-02
   7.2639500e-02
   7.2246800e-02
   6.8402100e-02
   6.2158600e-02
   5.3114400e-02
   4.0422700e-02
   2.4244100e-02
   5.4697800e-03
  -1.4556100e-02
  -3.3931800e-02
  -5.1548500e-02
  -6.8047100e-02
  -8.4503200e-02
  -1.0030900e-01
  -1.1381900e-01
  -1.2445900e-01
  -1.3239400e-01
  -1.3673800e-01
  -1.3661300e-01
  -1.3255300e-01
  -1.2519600e-01
  -1.1453000e-01
  -1.0157800e-01
  -8.9055100e-02
  -7.9199300e-02
  -7.0579700e-02
  -5.8825900e-02
  -4.1886900e-02
  -2.2741600e-02
  -6.5775000e-03
   3.9525300e-03
   1.0093000e-02
   1.4083900e-02
   1.7764900e-02
   2.3629800e-02
   3.3845800e-02
   4.6661300e-02
   5.6977900e-02
   6.1639700e-02
   6.1698300e-02
   5.9155600e-02
   5.4072500e-02
   4.6099800e-02
   3.6551500e-02
   2.7356400e-02
   1.9179600e-02
   1.2397100e-02
   8.0153500e-03
   6.0172400e-03
   4.7265200e-03
   3.6643800e-03
   3.8893300e-03
   4.9017900e-03
   4.2341400e-03
   8.6972000e-04
  -3.1058600e-03
  -5.4179300e-03
  -6.3578400e-03
  -8.4967200e-03
  -1.4546100e-02
  -2.5015100e-02
  -3.6140000e-02
  -4.1935500e-02
  -4.0365400e-02
  -3.5446500e-02
  -3.1851500e-02
  -3.0149800e-02
  -2.8516600e-02
  -2.6586800e-02
  -2.5251100e-02
  -2.4990700e-02
  -2.6569300e-02
  -3.0445800e-02
  -3.4617600e-02
  -3.6510800e-02
  -3.6641700e-02
  -3.7602000e-02
  -4.0517300e-02
  -4.5213000e-02
  -5.1977100e-02
  -5.9477200e-02
  -6.0988200e-02
  -4.8974500e-02
  -2.9831600e-02
  -2.4029200e-02
  -3.8911500e-02
  -5.5622200e-02
  -5.6567900e-02
  -4.6603100e-02
  -3.5391700e-02
  -2.1942500e-02
  -6.4769500e-03
   2.5894000e-03
   1.4854900e-03
  -1.6785200e-03
   6.7802800e-04
   5.9840500e-03
   1.0423400e-02
   1.6215700e-02
   2.3750400e-02
   2.7808200e-02
   2.5811300e-02
   2.1597300e-02
   1.9406400e-02
   1.9659800e-02
   2.0730200e-02
   2.1899800e-02
   2.3985900e-02
   2.7763800e-02
   3.1525500e-02
   3.2299200e-02
   3.0578100e-02
   2.9257400e-02
   2.7811100e-02
   2.1957900e-02
   1.0300700e-02
  -2.9509700e-03
  -1.4608100e-02
  -2.6021600e-02
  -3.8243900e-02
  -5.0039600e-02
  -6.0786800e-02
  -7.0680400e-02
  -7.9009300e-02
  -8.5273600e-02
  -9.0189200e-02
  -9.3701400e-02
  -9.5252100e-02
  -9.6929000e-02
  -1.0154200e-01
  -1.0796200e-01
  -1.1245100e-01
  -1.1353500e-01
  -1.1200200e-01
  -1.0775700e-01
  -9.9559100e-02
  -8.7051400e-02
  -7.1226100e-02
  -5.3718700e-02
  -3.6485000e-02
  -2.0855200e-02
  -6.6197500e-03
   7.2707000e-03
   2.0848600e-02
   3.2557200e-02
   4.0858400e-02
   4.6018500e-02
   4.9684100e-02
   5.2230600e-02
   5.1725900e-02
   4.6756400e-02
   3.8534900e-02
   2.8945700e-02
   1.9223300e-02
   1.0276300e-02
   2.2646500e-03
  -6.0608100e-03
  -1.6105800e-02
  -2.7172400e-02
  -3.6888800e-02
  -4.3896300e-02
  -4.9425400e-02
  -5.5627800e-02
  -6.2169600e-02
  -6.6258400e-02
  -6.6440500e-02
  -6.4177200e-02
  -6.0736900e-02
  -5.6165600e-02
  -5.1482700e-02
  -4.8617600e-02
  -4.7653400e-02
  -4.6497500e-02
  -4.4291300e-02
  -4.2607400e-02
  -4.2732400e-02
  -4.3450700e-02
  -4.3144200e-02
  -4.2327100e-02
  -4.2472100e-02
  -4.3902600e-02
  -4.6006000e-02
  -4.8549700e-02
  -5.1187100e-02
  -5.2787900e-02
  -5.1641900e-02
  -4.6818900e-02
  -3.9168300e-02
  -3.0922300e-02
  -2.4373000e-02
  -1.9910600e-02
  -1.5881500e-02
  -1.0563600e-02
  -3.4431300e-03
   4.7806000e-03
   1.3087600e-02
   2.1086600e-02
   2.9481000e-02
   3.9280800e-02
   4.9970200e-02
   5.9644100e-02
   6.7255200e-02
   7.3255100e-02
   7.7490400e-02
   7.9011600e-02
   7.8000400e-02
   7.5260300e-02
   7.0754400e-02
   6.4752200e-02
   5.8513700e-02
   5.2581700e-02
   4.6299500e-02
   3.8944900e-02
   3.0342700e-02
   2.0829300e-02
   1.1507000e-02
   4.0300400e-03
  -7.6587400e-04
  -3.1813500e-03
  -3.7449900e-03
  -2.9865100e-03
  -1.6044500e-03
   3.3249000e-04
   3.4828400e-03
   7.4600200e-03
   1.0725900e-02
   1.2858700e-02
   1.5543300e-02
   2.0046200e-02
   2.4394300e-02
   2.5497300e-02
   2.3588100e-02
   2.2097500e-02
   2.3228700e-02
   2.5479600e-02
   2.5978600e-02
   2.3976500e-02
   2.1225400e-02
   1.9660600e-02
   1.9611700e-02
   2.0430800e-02
   2.1629900e-02
   2.3061500e-02
   2.4831500e-02
   2.7456300e-02
   3.1737400e-02
   3.7661400e-02
   4.3824300e-02
   4.8739700e-02
   5.2354800e-02
   5.5719700e-02
   5.9123300e-02
   6.1697900e-02
   6.3220600e-02
   6.4869700e-02
   6.7393400e-02
   6.9693300e-02
   7.0272800e-02
   6.9523500e-02
   6.8979900e-02
   6.9176700e-02
   6.9395800e-02
   6.8629600e-02
   6.6148700e-02
   6.1616000e-02
   5.5236500e-02
   4.8055500e-02
   4.1229600e-02
   3.4609200e-02
   2.6990300e-02
   1.8426800e-02
   1.1064400e-02
   6.2465900e-03
   2.6585400e-03
  -1.8058500e-03
  -7.2773500e-03
  -1.1946600e-02
  -1.4278100e-02
  -1.4377600e-02
  -1.3644300e-02
  -1.3034200e-02
  -1.1993400e-02
  -9.8573600e-03
  -7.0368500e-03
  -4.3808100e-03
  -1.8924100e-03
   1.3040000e-03
   5.7699200e-03
   1.1038400e-02
   1.5941700e-02
   1.9984300e-02
   2.4143900e-02
   2.9679600e-02
   3.6683900e-02
   4.4071700e-02
   5.0729500e-02
   5.6304100e-02
   6.0621100e-02
   6.3134900e-02
   6.3566300e-02
   6.2241100e-02
   5.9541800e-02
   5.5733600e-02
   5.1024400e-02
   4.5147900e-02
   3.7392200e-02
   2.7641900e-02
   1.6989300e-02
   7.1296500e-03
  -1.2667200e-03
  -8.2857900e-03
  -1.3763600e-02
  -1.8176300e-02
  -2.2528200e-02
  -2.7472600e-02
  -3.2322200e-02
  -3.5769200e-02
  -3.7793800e-02
  -3.9190600e-02
  -4.0116500e-02
  -4.0215300e-02
  -3.9455900e-02
  -3.8450800e-02
  -3.7580800e-02
  -3.6134600e-02
  -3.2942700e-02
  -2.7908300e-02
  -2.2025300e-02
  -1.6262900e-02
  -1.1318600e-02
  -7.6370400e-03
  -4.5228400e-03
  -5.5946000e-05
   6.3587900e-03
   1.2078100e-02
   1.4195700e-02
   1.3534100e-02
   1.3512600e-02
   1.5143000e-02
   1.6240800e-02
   1.5874300e-02
   1.5876700e-02
   1.7655500e-02
   2.0356000e-02
   2.2539200e-02
   2.3519700e-02
   2.3019000e-02
   2.1581400e-02
   2.0337900e-02
   1.9310200e-02
   1.7439500e-02
   1.4532200e-02
   1.1684400e-02
   9.6339500e-03
   7.7806800e-03
   5.4752800e-03
   3.3199000e-03
   1.8364900e-03
  -1.3725700e-04
  -3.8018200e-03
  -7.9380600e-03
  -1.0057800e-02
  -9.6022500e-03
  -8.4030000e-03
  -8.2686400e-03
  -9.1436700e-03
  -9.5482300e-03
  -7.8458800e-03
  -3.8864600e-03
   6.4560300e-04
   4.0670800e-03
   6.4099000e-03
   8.9717900e-03
   1.2362600e-02
   1.5847700e-02
   1.8603200e-02
   2.0978400e-02
   2.3866300e-02
   2.7079900e-02
   2.8506000e-02
   2.6002600e-02
   2.1068800e-02
   1.9347300e-02
   2.3825500e-02
   2.9521900e-02
   3.0006900e-02
   2.6426100e-02
   2.4209000e-02
   2.4569900e-02
   2.5202400e-02
   2.5298200e-02
   2.5455500e-02
   2.4947600e-02
   2.2608800e-02
   1.9269900e-02
   1.7466400e-02
   1.8678600e-02
   2.0625400e-02
   1.9508000e-02
   1.4990200e-02
   1.0327500e-02
   7.5134800e-03
   5.5639100e-03
   3.7564500e-03
   2.6774600e-03
   2.0853200e-03
   1.1598700e-03
   1.7252800e-04
  -2.9465500e-04
  -6.7651500e-04
  -1.2597400e-03
  -1.4534700e-03
  -1.4241000e-03
  -2.1605600e-03
  -3.6226600e-03
  -4.5255900e-03
  -4.8691300e-03
  -6.4499800e-03
  -9.7793400e-03
  -1.2837200e-02
  -1.4108900e-02
  -1.4912400e-02
  -1.7222600e-02
  -2.0906200e-02
  -2.4496500e-02
  -2.7419300e-02
  -2.9882700e-02
  -3.2146500e-02
