  -1.3728400e-01
  -8.3993200e-02
  -4.8300900e-02
  -3.4311900e-02
   4.9496800e-02
   2.3061300e-01
   3.5341200e-01
   3.6896600e-01
   3.9899600e-01
   4.7101300e-01
   5.3708500e-01
   5.5664400e-01
   4.9689800e-01
   3.8916800e-01
   3.0113300e-01
   2.3364800e-01
   1.9528200e-01
   1.7717300e-01
   1.3930200e-01
   8.7717100e-02
   4.5167200e-02
   6.8540100e-03
  -3.8547700e-02
  -9.3353000e-02
  -1.8028100e-01
  -2.8529400e-01
  -3.4816500e-01
  -3.6113800e-01
  -3.6835300e-01
  -3.6771100e-01
  -3.5961400e-01
  -3.6246100e-01
  -3.7337700e-01
  -3.9441500e-01
  -4.2505100e-01
  -4.4613200e-01
  -4.3122200e-01
  -3.5984500e-01
  -2.4190400e-01
  -1.2450100e-01
  -4.2814500e-02
   1.3195600e-02
   6.9133600e-02
   1.4344300e-01
   2.4645200e-01
   3.6105300e-01
   4.4377100e-01
   4.8755600e-01
   5.1232100e-01
   5.2045500e-01
   5.2493900e-01
   5.3768700e-01
   5.5926900e-01
   5.8322800e-01
   5.9851400e-01
   5.7072300e-01
   4.6778500e-01
   2.9953600e-01
   1.1049700e-01
  -4.4380300e-02
  -1.5225400e-01
  -2.2350800e-01
  -2.6053400e-01
  -2.4866700e-01
  -1.9750900e-01
  -1.4752500e-01
  -1.5098200e-01
  -2.2932000e-01
  -2.8158000e-01
  -1.9538900e-01
  -8.7301300e-02
  -5.5819700e-02
  -3.2989200e-02
   4.4208100e-03
   3.3217000e-02
   3.8521100e-02
   3.8316700e-03
  -6.3075200e-02
  -1.1846400e-01
  -1.3972100e-01
  -1.3899600e-01
  -1.1244500e-01
  -7.2690900e-02
  -8.4082500e-02
  -1.3668400e-01
  -1.5586500e-01
  -1.2959700e-01
  -8.0991000e-02
  -1.9011100e-02
   9.2815000e-03
  -3.1540900e-02
  -7.5787200e-02
  -9.0000200e-02
  -1.3225600e-01
  -1.6953800e-01
  -1.4349700e-01
  -9.3970200e-02
  -6.1198400e-02
  -4.8123000e-02
  -5.7430600e-02
  -6.8154000e-02
  -1.5808100e-02
   9.1459300e-02
   1.7921800e-01
   2.1470900e-01
   1.9911400e-01
   1.4277700e-01
   6.7349900e-02
  -7.3065000e-04
  -4.6526300e-02
  -8.5204800e-02
  -1.3595100e-01
  -1.9364300e-01
  -2.0637000e-01
  -1.7848900e-01
  -1.4988200e-01
  -9.2380600e-02
   2.0395800e-02
   1.2240300e-01
   1.7377100e-01
   1.9330600e-01
   2.0202500e-01
   2.1443900e-01
   2.3021000e-01
   1.9542200e-01
   9.4749800e-02
  -1.9010500e-02
  -1.1589500e-01
  -1.9977900e-01
  -2.3956200e-01
  -2.4279700e-01
  -2.6655100e-01
  -3.0023700e-01
  -3.0393300e-01
  -2.9735100e-01
  -2.8064000e-01
  -2.0456000e-01
  -1.0156500e-01
  -2.0005800e-02
   4.2841600e-02
   8.8114700e-02
   1.2148900e-01
   1.5510200e-01
   1.9045600e-01
   2.0004300e-01
   1.7794400e-01
   1.5766600e-01
   1.6267200e-01
   1.8442400e-01
   1.9095400e-01
   1.5998600e-01
   1.1523800e-01
   1.1640800e-01
   1.6573400e-01
   1.7540300e-01
   1.3828800e-01
   9.6345500e-02
   5.5497900e-02
  -3.9629200e-02
  -1.4641200e-01
  -1.1909300e-01
  -3.2220500e-02
   3.1965500e-02
   6.9217200e-02
   5.5062100e-02
   3.0417000e-02
   4.4000200e-02
   7.8012500e-02
   1.1424200e-01
   1.3489000e-01
   9.4069200e-02
  -1.7728500e-02
  -1.1771400e-01
  -2.2297400e-01
  -3.0721000e-01
  -2.9701200e-01
  -2.3277200e-01
  -1.8621300e-01
  -1.3814300e-01
  -8.2060000e-02
  -2.4498100e-02
   3.1992500e-02
   6.6964900e-02
   5.4894600e-02
   4.1502800e-02
   9.3440700e-02
   1.5956600e-01
   1.7255500e-01
   1.4157300e-01
   1.2740100e-01
   1.4959200e-01
   1.0282300e-01
  -3.0529300e-02
  -1.5142700e-01
  -2.3182700e-01
  -3.0465400e-01
  -3.4060300e-01
  -2.9456400e-01
  -1.9061100e-01
  -5.6379200e-02
   7.9588700e-02
   1.7659100e-01
   2.1901100e-01
   2.4209900e-01
   2.7531700e-01
   2.7561400e-01
   2.0715900e-01
   1.0403400e-01
   2.0457900e-02
  -4.3812600e-02
  -7.4273500e-02
  -1.1452100e-01
  -2.2145600e-01
  -3.5608100e-01
  -4.3103800e-01
  -3.8840200e-01
  -2.8480900e-01
  -1.8482600e-01
  -9.7485900e-02
   8.7860800e-03
   1.6714400e-01
   3.3802700e-01
   4.7498700e-01
   5.5701600e-01
   5.7436100e-01
   5.2824000e-01
   4.2939100e-01
   2.7813800e-01
   9.6153800e-02
  -7.5600900e-02
  -2.0599000e-01
  -3.0221800e-01
  -3.4557000e-01
  -3.2807800e-01
  -2.7634900e-01
  -2.1945600e-01
  -1.5221800e-01
  -8.0506900e-02
  -4.0232200e-03
   5.8507600e-02
   9.1395100e-02
   1.2200100e-01
   1.5934600e-01
   2.1367400e-01
   2.6934700e-01
   2.5743200e-01
   1.6624100e-01
   7.0054100e-02
   1.3059500e-02
  -3.8904400e-02
  -9.8840000e-02
  -1.1646100e-01
  -8.5817600e-02
  -3.7064900e-02
   5.7898400e-03
   5.0748200e-02
   7.9662800e-02
   6.5972000e-02
   2.9796600e-02
   2.0314100e-02
   5.1948600e-02
   7.9755100e-02
   6.5644000e-02
   2.7309200e-02
  -1.3407800e-02
  -5.4037100e-02
  -7.8362800e-02
  -6.9125300e-02
  -5.6550100e-02
  -6.3232000e-02
  -6.8811000e-02
  -7.6174600e-02
  -1.1687200e-01
  -1.6362000e-01
  -1.6922600e-01
  -1.5440400e-01
  -1.4097800e-01
  -1.3802600e-01
  -1.6694100e-01
  -2.1266200e-01
  -2.3342200e-01
  -2.1616300e-01
  -1.7585100e-01
  -1.3779300e-01
  -1.0955200e-01
  -9.0479300e-02
  -8.6468000e-02
  -7.9895800e-02
  -4.4605300e-02
   2.8678400e-02
   1.1178400e-01
   1.6533200e-01
   1.9131800e-01
   2.0756500e-01
   2.1827000e-01
   2.1898600e-01
   2.1098700e-01
   1.8437900e-01
   1.0928600e-01
  -2.7633400e-04
  -8.6526600e-02
  -1.1686500e-01
  -1.1339100e-01
  -1.1596900e-01
  -1.3138600e-01
  -1.1635100e-01
  -3.6915700e-02
   4.4483600e-02
   6.9515100e-02
   6.0956600e-02
   6.9165500e-02
   8.4714600e-02
   6.3655500e-02
   2.3860800e-02
  -3.5676100e-03
  -1.0174500e-02
  -2.4372500e-03
  -1.5205300e-03
  -1.1326800e-02
  -1.9434100e-02
  -2.5883500e-02
  -4.3387600e-02
  -7.5733700e-02
  -1.1025800e-01
  -1.3337500e-01
  -1.2994200e-01
  -1.0403900e-01
  -6.2389500e-02
  -2.5985400e-03
   4.7487300e-02
   6.5480400e-02
   5.7514300e-02
   4.2591700e-02
   4.3981800e-02
   6.5489700e-02
   9.4385700e-02
   1.0968900e-01
   1.1095300e-01
   1.1011700e-01
   1.0535500e-01
   1.0334300e-01
   1.0247000e-01
   8.1276400e-02
   5.0254600e-02
   3.2802100e-02
   1.5051700e-02
  -2.3015000e-02
  -7.1518400e-02
  -1.0393900e-01
  -1.0954200e-01
  -8.7524900e-02
  -4.4258300e-02
   5.3227000e-04
   2.4334300e-02
   1.8706000e-02
   3.9450300e-03
   3.2689700e-03
   2.2501400e-02
   4.9243900e-02
   5.8646600e-02
   4.3952100e-02
   2.9463800e-02
   2.7170100e-02
   3.9255000e-02
   5.4404100e-02
   5.6395700e-02
   4.9645700e-02
   4.2747700e-02
   5.0551600e-02
   7.2176400e-02
   8.9974900e-02
   9.8088900e-02
   1.0296800e-01
   1.1464100e-01
   1.2570100e-01
   1.1588400e-01
   8.1605200e-02
   4.9522700e-02
   2.8156100e-02
   8.3936600e-04
  -2.8119200e-02
  -5.9129700e-02
  -8.4556100e-02
  -1.0428900e-01
  -1.2889500e-01
  -1.4747900e-01
  -1.4850200e-01
  -1.4018000e-01
  -1.3303300e-01
  -1.2080800e-01
  -8.8201900e-02
  -4.6679400e-02
  -1.5955000e-02
   1.1548100e-02
   3.8513300e-02
   5.0196300e-02
   4.3484800e-02
   3.7342100e-02
   2.3146500e-02
  -1.5242000e-02
  -5.0375800e-02
  -6.1717500e-02
  -8.1282800e-02
  -1.0338200e-01
  -1.1642300e-01
  -1.2876200e-01
  -1.4412400e-01
  -1.5673300e-01
  -1.4451200e-01
  -1.0847000e-01
  -6.2663000e-02
  -8.2001700e-03
   4.8021700e-02
   8.8091300e-02
   1.1009900e-01
   1.3766300e-01
   1.6976300e-01
   1.9164100e-01
   2.0234700e-01
   2.0157300e-01
   1.9443500e-01
   1.6579200e-01
   1.0188600e-01
   4.6394600e-02
   1.1256500e-02
  -2.0823000e-02
  -3.8709400e-02
  -5.1914700e-02
  -7.4872300e-02
  -9.6334100e-02
  -1.0637900e-01
  -1.0650700e-01
  -9.5382800e-02
  -7.8075500e-02
  -6.3591400e-02
  -6.1992400e-02
  -7.5444700e-02
  -8.5327700e-02
  -7.9148700e-02
  -6.9912600e-02
  -6.7307100e-02
  -6.9713500e-02
  -6.8363800e-02
  -6.4253800e-02
  -5.2672500e-02
  -2.6732300e-02
   2.8481600e-03
   1.7569600e-02
   2.1058400e-02
   1.8790800e-02
   5.2370600e-03
  -6.8558100e-03
  -4.4005200e-03
  -5.0704900e-03
  -1.0707900e-02
  -3.0089200e-03
  -3.4252700e-03
  -2.3060100e-02
  -3.4736100e-02
  -2.8248900e-02
  -1.8134500e-02
  -5.2056400e-03
   2.5438400e-02
   6.0967600e-02
   7.6278600e-02
   7.5173500e-02
   7.6785000e-02
   8.7531200e-02
   1.0884500e-01
   1.3313200e-01
   1.5076300e-01
   1.5856900e-01
   1.6326700e-01
   1.7016000e-01
   1.6791200e-01
   1.4832100e-01
   1.1354700e-01
   7.0983000e-02
   1.9126100e-02
  -3.8670400e-02
  -8.9119300e-02
  -1.2730700e-01
  -1.5297800e-01
  -1.6597400e-01
  -1.6336100e-01
  -1.4673700e-01
  -1.3051600e-01
  -1.2118800e-01
  -1.0148400e-01
  -6.2752700e-02
  -2.3228900e-02
   6.1875000e-03
   3.0877900e-02
   4.6738200e-02
   4.9182800e-02
   5.2143600e-02
   6.4349800e-02
   7.5555100e-02
   7.2680100e-02
   5.0553100e-02
   1.7923800e-02
  -7.1115300e-03
  -2.1599800e-02
  -3.6592700e-02
  -4.8954000e-02
  -4.8801400e-02
  -3.7929100e-02
  -2.4274700e-02
  -1.6321200e-02
  -1.2438500e-02
  -4.1888300e-03
   8.2086400e-03
   2.0564800e-02
   3.3112700e-02
   4.4834300e-02
   5.5532000e-02
   6.0487100e-02
   5.6005000e-02
   5.1015600e-02
   5.0400400e-02
   4.5510400e-02
   3.2563500e-02
   1.8345300e-02
   1.6028000e-02
   2.2965300e-02
   1.9278500e-02
   2.4259700e-03
  -4.7737700e-03
   1.2754700e-02
   3.3147200e-02
   2.6744300e-02
   2.0786900e-04
  -2.3706200e-02
  -3.7201300e-02
  -4.7975500e-02
  -6.8789800e-02
  -1.0215500e-01
  -1.3358500e-01
  -1.4934000e-01
  -1.4923300e-01
  -1.3321100e-01
  -1.0346400e-01
  -7.5768600e-02
  -5.7826400e-02
  -4.2454400e-02
  -3.1436100e-02
  -3.6747000e-02
  -5.7311900e-02
  -6.6042600e-02
  -5.1089300e-02
  -3.0261600e-02
  -1.3384000e-02
   8.3422000e-03
   3.5597600e-02
   6.3478500e-02
   9.4800600e-02
   1.2676100e-01
   1.4816000e-01
   1.5189100e-01
   1.4560400e-01
   1.3424200e-01
   1.0657800e-01
   7.1221500e-02
   5.0434600e-02
   3.8910700e-02
   2.2978700e-02
   7.6833500e-03
   3.0032700e-04
  -4.2582300e-03
  -1.9650100e-02
  -4.9358400e-02
  -7.8727100e-02
  -8.8057400e-02
  -7.6151100e-02
  -6.1449400e-02
  -4.9655400e-02
  -3.1755500e-02
  -5.9229900e-03
   2.3529900e-02
   4.7855000e-02
   5.9155300e-02
