  -1.1875300e-01
  -1.2245400e-01
  -1.1275700e-01
  -8.4651400e-02
  -4.0494500e-02
  -6.3293800e-03
   1.2869400e-02
   2.3007300e-02
   2.4171300e-02
   1.7818500e-02
   7.8518900e-03
  -2.8328100e-03
  -3.3153300e-03
   6.8630800e-03
   2.2864600e-02
   3.4429500e-02
   4.3285800e-02
   5.0805300e-02
   5.7280100e-02
   6.0973000e-02
   6.8742600e-02
   8.2486500e-02
   1.0808300e-01
   1.4049300e-01
   1.6672500e-01
   1.6671900e-01
   1.2839300e-01
   1.4664900e-02
  -6.1702900e-02
  -9.5231200e-02
  -1.2089800e-01
  -1.3303600e-01
  -1.3650200e-01
  -1.1865900e-01
  -9.2708300e-02
  -7.2208000e-02
  -6.7338000e-02
  -7.5162500e-02
  -9.2300300e-02
  -1.0966000e-01
  -1.2432600e-01
  -1.2462200e-01
  -1.1831600e-01
  -4.4858200e-02
   7.8894200e-02
   1.5292700e-01
   1.9777500e-01
   2.3085000e-01
   2.3675400e-01
   2.2152000e-01
   1.7657300e-01
   1.0835100e-01
   2.5639500e-02
  -1.5292600e-02
  -1.9139600e-02
  -8.7991800e-03
   8.2398500e-03
   1.5332500e-02
  -1.3006100e-02
  -7.6507800e-02
  -1.2952300e-01
  -1.5967700e-01
  -1.8963000e-01
  -2.2055800e-01
  -2.3559200e-01
  -2.4108000e-01
  -2.3343400e-01
  -2.2214500e-01
  -2.0786400e-01
  -1.8990700e-01
  -1.6243800e-01
  -1.2782100e-01
  -9.7537600e-02
  -8.6521000e-02
  -9.0978000e-02
  -9.5589200e-02
  -9.6037700e-02
  -8.7130500e-02
  -5.7815900e-02
   7.0350900e-03
   7.5553900e-02
   1.3004900e-01
   1.7959300e-01
   2.2010800e-01
   2.5267800e-01
   2.7553000e-01
   2.9698500e-01
   3.1523200e-01
   3.3026400e-01
   3.5058300e-01
   3.8456400e-01
   4.1004100e-01
   4.0897700e-01
   3.7750300e-01
   3.3528800e-01
   3.0922200e-01
   2.9096700e-01
   2.4855500e-01
   1.8995800e-01
   1.3725300e-01
   8.6138200e-02
   5.3966100e-02
   4.1387600e-02
   3.6509200e-02
   4.1374500e-02
   5.3140400e-02
   6.5145100e-02
   7.7105900e-02
   9.1550800e-02
   9.7425400e-02
   1.0114700e-01
   1.0330900e-01
   1.0502000e-01
   1.0542000e-01
   1.0618800e-01
   1.0533700e-01
   1.0398700e-01
   8.8809900e-02
   5.3007900e-02
  -5.6543300e-02
  -2.0293800e-01
  -2.4474100e-01
  -2.1004500e-01
  -2.1087900e-01
  -2.3509500e-01
  -2.5170700e-01
  -2.3592900e-01
  -2.0855500e-01
  -1.7802000e-01
  -1.5032900e-01
  -1.3537800e-01
  -1.2949900e-01
  -1.3276800e-01
  -1.6225600e-01
  -1.9678100e-01
  -2.1217600e-01
  -1.5930800e-01
  -1.0447900e-01
  -6.2661600e-02
  -2.3672900e-02
   6.6887600e-03
   4.6391000e-02
   5.1388200e-02
   5.5138000e-02
   8.0696100e-02
   9.9166000e-02
   1.2757700e-01
   1.6222000e-01
   2.0552000e-01
   2.4612900e-01
   2.7553100e-01
   3.0406700e-01
   3.2533600e-01
   3.3336800e-01
   3.2193800e-01
   2.9588100e-01
   2.5469900e-01
   2.0964700e-01
   1.7392100e-01
   1.4158100e-01
   1.0879600e-01
   7.7339600e-02
   4.1092800e-02
   4.7479100e-03
  -3.1416500e-02
  -6.4492000e-02
  -8.6920700e-02
  -1.0974900e-01
  -1.3838400e-01
  -1.4624500e-01
  -1.4059900e-01
  -1.2488200e-01
  -9.8895800e-02
  -7.5513600e-02
  -6.0692600e-02
  -6.6514200e-02
  -7.9067100e-02
  -9.5820100e-02
  -1.1901200e-01
  -1.4195600e-01
  -1.6815800e-01
  -1.9197500e-01
  -2.1653700e-01
  -2.3821500e-01
  -2.5723600e-01
  -2.6983700e-01
  -2.7949300e-01
  -2.7461400e-01
  -2.5555700e-01
  -2.2850100e-01
  -1.9633800e-01
  -1.6274800e-01
  -1.3187900e-01
  -1.0661700e-01
  -8.8415900e-02
  -7.2952400e-02
  -5.1869400e-02
  -1.2832100e-02
   3.3876200e-02
   7.9886500e-02
   1.1677800e-01
   1.4830200e-01
   1.6798800e-01
   1.7222200e-01
   1.6367500e-01
   1.4007700e-01
   9.3992500e-02
   2.9858400e-02
  -3.6362400e-02
  -9.1714500e-02
  -1.2860200e-01
  -1.5876500e-01
  -1.7879300e-01
  -1.8200800e-01
  -1.5262500e-01
  -1.0854800e-01
  -6.3732200e-02
  -9.7359200e-03
   3.1155800e-02
   6.0985100e-02
   8.6517200e-02
   1.0262300e-01
   1.0404700e-01
   8.8680100e-02
   3.8282800e-02
  -2.9936500e-02
  -8.3877600e-02
  -1.1564700e-01
  -1.4482900e-01
  -1.6960300e-01
  -1.8667400e-01
  -1.9674500e-01
  -1.9370700e-01
  -1.8343300e-01
  -1.6910600e-01
  -1.5511200e-01
  -1.4294100e-01
  -1.2783200e-01
  -1.0786600e-01
  -8.5242300e-02
  -6.0106000e-02
  -3.3972900e-02
  -1.2912300e-02
  -5.4283500e-03
  -1.0807500e-02
  -2.4583000e-02
  -4.1877000e-02
  -5.5440500e-02
  -6.6047600e-02
  -7.8549000e-02
  -9.6012300e-02
  -1.1066800e-01
  -1.2494900e-01
  -1.4201200e-01
  -1.5710600e-01
  -1.6650300e-01
  -1.7367300e-01
  -1.7792000e-01
  -1.7095900e-01
  -1.5278200e-01
  -1.1542700e-01
  -6.4152900e-02
  -1.1934200e-02
   3.6106200e-02
   7.9581400e-02
   1.1821600e-01
   1.5992400e-01
   1.9298500e-01
   2.1196600e-01
   2.2661700e-01
   2.3654700e-01
   2.5058100e-01
   2.6991300e-01
   2.9358300e-01
   3.0907200e-01
   3.1320200e-01
   3.1584600e-01
   3.0912800e-01
   2.9784000e-01
   2.7429800e-01
   2.5303200e-01
   2.4047700e-01
   2.3373400e-01
   2.2478700e-01
   2.0930200e-01
   1.8401800e-01
   1.6080800e-01
   1.3999200e-01
   1.2243600e-01
   1.0990600e-01
   1.0352500e-01
   1.0008600e-01
   9.9475100e-02
   9.2126400e-02
   8.4561000e-02
   5.6876000e-02
   2.2234400e-02
  -1.6709700e-02
  -6.0475400e-02
  -1.0560900e-01
  -1.3206000e-01
  -1.4595600e-01
  -1.6613400e-01
  -1.8315300e-01
  -1.8936500e-01
  -1.9067700e-01
  -1.8852500e-01
  -1.7806800e-01
  -1.6230100e-01
  -1.4057100e-01
  -1.2026100e-01
  -1.0641200e-01
  -9.4910000e-02
  -8.3314900e-02
  -6.6399300e-02
  -3.4846000e-02
   2.9480500e-02
   9.6282500e-02
   1.4249100e-01
   1.8402200e-01
   2.1466700e-01
   2.2612100e-01
   2.2061500e-01
   1.9475200e-01
   1.3572600e-01
   5.7562700e-02
   4.5445600e-03
  -2.3734200e-02
  -3.0166700e-02
  -1.3127600e-02
   4.1906000e-02
   1.0458100e-01
   1.5291200e-01
   1.9396800e-01
   2.1492800e-01
   2.1526300e-01
   2.0604300e-01
   1.9445300e-01
   1.6653400e-01
   1.3213900e-01
   1.0245400e-01
   7.9793700e-02
   6.3655200e-02
   5.3616200e-02
   4.3882500e-02
   2.8741600e-02
   9.1777800e-03
  -1.8321800e-02
  -5.9791400e-02
  -1.0412900e-01
  -1.4637800e-01
  -1.7853700e-01
  -1.9895700e-01
  -2.1514600e-01
  -2.2730000e-01
  -2.2853100e-01
  -2.2257500e-01
  -2.1718900e-01
  -2.2044900e-01
  -2.2655000e-01
  -2.2980000e-01
  -2.3274800e-01
  -2.3616800e-01
  -2.4059500e-01
  -2.4618900e-01
  -2.3679000e-01
  -2.1325300e-01
  -1.9712400e-01
  -1.4019100e-01
  -5.7639400e-02
  -8.8404400e-04
   2.7054400e-02
   4.9960700e-02
   5.7856000e-02
   5.6115800e-02
   5.0942900e-02
   4.5345100e-02
   4.3846500e-02
   4.2419700e-02
   4.7593400e-02
   6.0033500e-02
   8.0570400e-02
   1.0714000e-01
   1.4494800e-01
   1.8294900e-01
   2.2812700e-01
   2.8175100e-01
   3.2225100e-01
   3.3417100e-01
   3.0680400e-01
   2.2934400e-01
   1.5679200e-01
   7.9074800e-02
   1.6030100e-02
  -1.3279500e-02
  -3.3961500e-02
  -4.8144900e-02
  -5.8784700e-02
  -6.8320900e-02
  -7.8590900e-02
  -8.6289500e-02
  -8.8734900e-02
  -8.1782400e-02
  -6.8489700e-02
  -5.2047000e-02
  -3.5534700e-02
  -2.0230200e-02
  -1.0780600e-02
  -8.4901300e-03
  -1.0621700e-02
  -1.5276200e-02
  -2.0606600e-02
  -2.6074900e-02
  -3.3051700e-02
  -4.2517400e-02
  -5.1957100e-02
  -6.4022200e-02
  -7.8640900e-02
  -9.2120500e-02
  -1.0932000e-01
  -1.2213400e-01
  -1.2919800e-01
  -1.3077800e-01
  -1.2331600e-01
  -1.0217000e-01
  -7.1944000e-02
  -4.7140100e-02
  -3.2035400e-02
  -2.2039000e-02
  -1.6612700e-02
  -1.7801200e-02
  -2.2403900e-02
  -2.9098800e-02
  -3.5321900e-02
  -4.0512100e-02
  -4.1368300e-02
  -3.6638400e-02
  -2.7939400e-02
  -1.4379300e-02
  -1.3222800e-03
   8.2815900e-03
   1.2852500e-02
   1.0415400e-02
   5.2144100e-03
  -8.8823800e-04
  -5.5707000e-03
  -8.1231300e-03
  -9.0129900e-03
  -1.1954400e-02
  -1.5207500e-02
  -2.2084100e-02
  -3.0554900e-02
  -4.4635600e-02
  -5.7267300e-02
  -7.4608900e-02
  -9.4490700e-02
  -1.0362300e-01
  -1.0556900e-01
  -9.9732500e-02
  -8.7549900e-02
  -6.5444800e-02
  -4.9010900e-02
  -4.2505000e-02
  -4.3040300e-02
  -5.0564200e-02
  -6.1334900e-02
  -6.9942900e-02
  -7.3112400e-02
  -6.7136000e-02
  -4.7871200e-02
  -1.9640800e-02
   1.3585200e-02
   4.1917100e-02
   6.9598100e-02
   8.9312600e-02
   1.0593800e-01
   1.1639200e-01
   1.2472300e-01
   1.3149000e-01
   1.3830600e-01
   1.4131800e-01
   1.4160300e-01
   1.3480200e-01
   1.1683400e-01
   6.9915800e-02
   4.2941800e-03
  -5.3446300e-02
  -9.0834400e-02
  -1.1583600e-01
  -1.2920700e-01
  -1.3458100e-01
  -1.3101900e-01
  -1.2024700e-01
  -9.9787800e-02
  -6.3267200e-02
  -1.2107900e-02
   3.5552000e-02
   6.8899700e-02
   9.5535100e-02
   1.1793200e-01
   1.3459600e-01
   1.4261300e-01
   1.3907500e-01
   1.2336700e-01
   7.8780500e-02
   2.0657100e-02
  -3.5766300e-02
  -7.3569500e-02
  -9.3645200e-02
  -1.0283800e-01
  -1.0159100e-01
  -8.3917100e-02
  -4.5403900e-02
  -3.9186700e-03
   1.8629000e-02
   2.8400700e-02
   2.4361100e-02
   8.2201300e-03
  -1.4425500e-02
  -3.3408600e-02
  -4.6666700e-02
  -4.8552000e-02
  -4.1569600e-02
  -1.7815100e-02
   1.1846900e-02
   3.7414400e-02
   6.0577600e-02
   7.6766700e-02
   8.7216900e-02
   9.5204100e-02
   1.0222300e-01
   1.1142200e-01
   1.2221600e-01
   1.3454300e-01
   1.4762900e-01
   1.5998100e-01
   1.6797000e-01
   1.6897400e-01
   1.6084800e-01
   1.4238700e-01
   1.1114900e-01
   7.6469600e-02
   4.1653800e-02
   1.7607100e-02
   5.4561900e-03
  -1.8874300e-03
   2.3908400e-03
   1.3329900e-02
   3.3677500e-02
   4.8322000e-02
   5.5037800e-02
   5.6210600e-02
   5.1848000e-02
   4.5963200e-02
   4.0762100e-02
   3.6613100e-02
   3.4715500e-02
   3.4761800e-02
   3.5003800e-02
   3.5736900e-02
   3.3440400e-02
   2.9611400e-02
   2.0844300e-02
   9.9159600e-03
  -4.2430100e-03
  -1.7887700e-02
  -3.2316800e-02
  -4.8949000e-02
  -6.5994100e-02
  -8.3462900e-02
  -1.0026200e-01
  -1.1208100e-01
  -1.1514000e-01
  -1.1265900e-01
  -9.9396600e-02
  -7.3177800e-02
  -4.5822300e-02
  -1.9224200e-02
  -5.2676100e-03
  -2.2508700e-03
  -1.8204100e-03
  -3.5144200e-03
  -1.2375600e-03
   4.1753800e-03
   1.0656700e-02
   1.5012300e-02
   1.6968600e-02
   1.4114000e-02
   9.7565400e-03
   4.2546600e-03
  -1.0352300e-03
  -3.8646900e-03
  -5.6062000e-03
  -9.9708800e-03
  -1.8147600e-02
  -2.9787500e-02
  -4.5384700e-02
  -5.8285300e-02
  -6.5803800e-02
  -6.8281500e-02
  -6.4565500e-02
  -5.3713200e-02
  -3.7647300e-02
  -1.9639200e-02
  -8.7078900e-03
  -2.0983900e-03
   2.6755400e-03
   5.8716100e-03
   1.0036800e-02
   1.5327500e-02
   1.9303200e-02
   2.3888700e-02
   2.6796800e-02
   2.2374100e-02
   1.3330100e-02
  -4.9585800e-04
  -1.2937700e-02
  -2.1808900e-02
  -2.5249900e-02
  -2.5216600e-02
  -1.7006300e-02
  -4.5360500e-03
   4.0177900e-03
   7.9647600e-03
   2.7569000e-03
  -7.6480900e-03
  -1.9248800e-02
  -2.4916500e-02
  -2.5507200e-02
  -2.2751400e-02
  -1.6937400e-02
  -4.2426900e-03
   1.2954700e-02
   2.5451700e-02
   3.1513200e-02
   2.6342000e-02
   8.1774900e-03
  -1.5030000e-02
  -3.8735400e-02
  -6.2135200e-02
  -8.2002500e-02
  -9.3051600e-02
  -9.8332900e-02
  -9.9270500e-02
  -9.4984200e-02
  -8.3515300e-02
  -6.6552600e-02
  -5.0290300e-02
  -3.6571500e-02
  -3.0591800e-02
  -2.9399300e-02
  -3.0145500e-02
  -3.1006700e-02
  -3.0510100e-02
  -2.9050400e-02
  -2.5562000e-02
  -2.2474900e-02
  -1.7777000e-02
  -1.1378300e-02
  -1.7968000e-04
   1.7544400e-02
   3.6210700e-02
   5.3146100e-02
   6.9266400e-02
   8.4445400e-02
   9.8512900e-02
   1.0912100e-01
   1.1721000e-01
   1.2067300e-01
   1.1956700e-01
   1.1548500e-01
   1.0961200e-01
   1.0265900e-01
   9.3638500e-02
   7.3607700e-02
   4.6793100e-02
   2.1574400e-02
  -3.4525500e-03
  -1.9938300e-02
  -2.5202500e-02
  -2.7784200e-02
  -2.9096300e-02
  -3.0006300e-02
  -3.2647000e-02
  -3.5524100e-02
  -3.8049200e-02
  -3.6707800e-02
  -3.0773500e-02
  -2.0438000e-02
  -9.6662500e-03
   3.7734800e-04
   6.1241500e-03
   6.4338100e-03
   2.6135500e-03
  -7.8377600e-03
  -2.1074800e-02
  -3.5151600e-02
  -4.9325900e-02
  -6.0367900e-02
  -6.3381800e-02
  -5.6269400e-02
  -3.5016400e-02
  -6.7773300e-03
   1.8465500e-02
   4.1992800e-02
   5.4139000e-02
   5.4166000e-02
   4.8510500e-02
   3.6397800e-02
   2.2089700e-02
   1.2384400e-02
   9.5411300e-03
   1.2136100e-02
   2.1183900e-02
   3.4283900e-02
   4.5962300e-02
   5.4666800e-02
   6.4239800e-02
   7.0098400e-02
   7.6050700e-02
   8.0161100e-02
   8.2730200e-02
   8.6412900e-02
   9.1351100e-02
   9.3988200e-02
   9.4318200e-02
   8.8854000e-02
   7.3742700e-02
   4.9854800e-02
   2.4594400e-02
   6.7489000e-03
  -3.1756100e-03
  -7.9230700e-03
  -8.6955600e-03
  -4.2667100e-03
   2.2649600e-03
   7.6969200e-03
   7.8520900e-03
   1.9647900e-03
  -1.0065800e-02
  -2.1222200e-02
  -3.0637300e-02
  -3.7352500e-02
  -4.1223500e-02
  -4.1612100e-02
  -3.7963100e-02
  -3.2920100e-02
  -2.8927800e-02
  -2.6291400e-02
  -2.5629500e-02
  -2.7246700e-02
  -2.9559900e-02
  -3.0289000e-02
  -3.0503400e-02
  -3.3162100e-02
  -3.4216300e-02
  -3.5848600e-02
  -3.8631100e-02
  -4.2617900e-02
  -4.8733000e-02
  -5.5905400e-02
  -6.3629500e-02
  -6.9114100e-02
  -6.9653100e-02
  -6.1253100e-02
  -3.9001800e-02
  -1.1010300e-02
   1.4390800e-02
   3.2103300e-02
   3.7229600e-02
   3.3224700e-02
   2.0469500e-02
   2.5053700e-03
  -1.1996800e-02
  -1.7341200e-02
  -1.3381900e-02
  -1.8170000e-03
   1.0562200e-02
   2.1616500e-02
   2.6273300e-02
   2.4783500e-02
   1.6894500e-02
   6.5573700e-03
  -7.1494900e-03
  -1.8383900e-02
  -2.6868700e-02
  -3.5357000e-02
  -4.2560600e-02
  -5.0068000e-02
  -5.6682600e-02
  -6.2150200e-02
  -6.2799800e-02
  -5.7963400e-02
  -5.1012200e-02
  -4.2039400e-02
  -3.0173100e-02
  -2.0911000e-02
  -1.3620500e-02
  -1.2141900e-02
  -1.4139600e-02
  -1.9738600e-02
  -2.7550200e-02
  -3.2855100e-02
  -3.5811300e-02
  -3.7045800e-02
