  -1.6487700e-01
  -1.2408600e-01
  -2.6999500e-02
   6.9925400e-02
   8.2924200e-02
   4.2300800e-02
  -5.1322800e-03
  -2.7628000e-02
  -1.9808400e-02
   1.8423500e-02
   5.4121900e-02
   6.2879700e-02
   5.6870100e-02
   4.3277000e-02
   4.4790600e-02
   5.8767600e-02
   7.6723600e-02
   9.5713900e-02
   1.1856000e-01
   1.5246400e-01
   1.7016100e-01
   1.5204800e-01
   1.1310000e-01
   7.0647200e-02
   4.7836500e-02
   3.8484400e-02
   2.5851500e-02
  -1.5460500e-02
  -7.3948300e-02
  -1.0990900e-01
  -1.3400100e-01
  -1.3557700e-01
  -1.0362000e-01
  -8.0250000e-02
  -5.6305600e-02
  -4.9428400e-02
  -6.2952600e-02
  -7.8076100e-02
  -8.7508000e-02
  -9.7973300e-02
  -9.7847000e-02
  -8.7881500e-02
  -4.2125900e-02
   1.7250200e-02
   5.5181100e-02
   9.3416600e-02
   1.4010000e-01
   1.6466900e-01
   1.6412700e-01
   1.3906000e-01
   7.8846300e-02
   1.7532300e-02
  -4.4223400e-02
  -1.0442700e-01
  -1.6169800e-01
  -1.6865000e-01
  -1.3674800e-01
  -1.0401200e-01
  -7.1891800e-02
  -4.9214900e-02
  -4.1441000e-02
  -5.0502400e-02
  -6.5225000e-02
  -6.8713000e-02
  -3.9349500e-02
  -1.5339800e-02
   8.3129100e-03
   5.4210300e-02
   1.1445000e-01
   1.2888600e-01
   1.3301600e-01
   1.6961700e-01
   2.2766000e-01
   2.8212000e-01
   3.0689200e-01
   3.0720400e-01
   3.0360700e-01
   2.7250000e-01
   2.2036300e-01
   1.7081500e-01
   1.2829000e-01
   8.9283000e-02
   4.2682000e-02
  -7.4541100e-03
  -5.4721100e-02
  -1.0221200e-01
  -1.4404400e-01
  -1.6169600e-01
  -1.6747400e-01
  -1.5500400e-01
  -1.1245300e-01
  -6.7620500e-02
  -2.5281500e-02
   1.9685500e-02
   5.5190100e-02
   6.4739100e-02
   6.3459900e-02
   4.6468300e-02
  -1.1292500e-02
  -7.9303400e-02
  -1.4247700e-01
  -1.8467900e-01
  -1.9791400e-01
  -2.0327500e-01
  -1.9518200e-01
  -1.6556200e-01
  -1.3833400e-01
  -1.2468500e-01
  -9.9405900e-02
  -6.6535300e-02
  -4.1067400e-02
  -1.5909500e-02
   4.5025100e-03
   1.4871700e-02
   1.3798000e-02
   2.6256900e-02
   6.1384300e-02
   8.5154800e-02
   1.0014800e-01
   1.1406400e-01
   1.3444200e-01
   1.5773200e-01
   1.4998600e-01
   1.0210000e-01
   5.0775600e-02
  -8.8897800e-03
  -5.9553900e-02
  -9.1843600e-02
  -9.0554300e-02
  -5.9116700e-02
   6.5613100e-03
   5.3739900e-02
   5.6869000e-02
   3.4674200e-02
   6.6935700e-03
  -3.3370600e-02
  -7.6551000e-02
  -1.1664100e-01
  -1.5030300e-01
  -1.8190100e-01
  -1.9076100e-01
  -1.7056800e-01
  -1.4133000e-01
  -1.2589600e-01
  -1.0815800e-01
  -7.1341500e-02
   2.5802000e-02
   1.6326700e-01
   2.3910400e-01
   2.7150800e-01
   3.0719100e-01
   3.1849100e-01
   3.0573800e-01
   2.7475300e-01
   2.3894300e-01
   1.8716200e-01
   1.2698700e-01
   4.5534700e-02
  -5.0797900e-02
  -1.4587600e-01
  -2.3186500e-01
  -3.2040500e-01
  -3.7916600e-01
  -4.1440800e-01
  -4.3915600e-01
  -4.4439300e-01
  -4.3900500e-01
  -4.2860200e-01
  -3.9873000e-01
  -3.1763100e-01
  -1.8525200e-01
  -1.2721100e-02
   1.6239100e-01
   2.5809000e-01
   3.1563100e-01
   3.7037900e-01
   3.8994400e-01
   3.9151700e-01
   3.7085600e-01
   3.4269800e-01
   2.9697700e-01
   2.4187500e-01
   1.6969800e-01
   8.6873000e-02
   1.7720200e-02
  -3.4180300e-02
  -7.1479500e-02
  -9.0963000e-02
  -9.2945800e-02
  -6.3608800e-02
  -4.0987600e-02
  -3.9161800e-02
  -2.1314100e-02
   1.7233600e-02
   5.1686200e-02
   5.7537400e-02
   3.7013400e-02
   9.3217900e-03
  -2.8077900e-02
  -7.9510200e-02
  -1.1614600e-01
  -1.1752800e-01
  -8.7035200e-02
  -2.8310600e-02
  -1.7112000e-03
  -1.9428400e-02
  -5.5102000e-02
  -7.6555800e-02
  -8.8697300e-02
  -1.1247800e-01
  -1.4630100e-01
  -1.7286000e-01
  -1.7626900e-01
  -1.1340800e-01
  -6.8119700e-03
   5.2282200e-02
   9.9338200e-02
   1.2349100e-01
   1.1346700e-01
   7.3758400e-02
   3.2315600e-02
  -2.2056900e-02
  -8.4602800e-02
  -1.1974800e-01
  -1.2036700e-01
  -7.3946900e-02
   3.3570800e-02
   1.0787600e-01
   1.7770700e-01
   2.6156200e-01
   3.0117600e-01
   3.2969300e-01
   3.5934800e-01
   3.6644800e-01
   3.3361100e-01
   2.4762400e-01
   1.4947300e-01
   6.5466600e-02
  -2.3033200e-02
  -1.0154700e-01
  -1.6600900e-01
  -2.3328300e-01
  -3.0968300e-01
  -3.3529100e-01
  -3.2187700e-01
  -2.7777800e-01
  -2.0616700e-01
  -1.7793200e-01
  -1.4743300e-01
  -8.9945800e-02
   1.5561600e-03
   6.2048500e-02
   8.9407800e-02
   1.0016200e-01
   9.5190400e-02
   8.0919800e-02
   7.1734800e-02
   7.9536000e-02
   9.7351900e-02
   1.0771700e-01
   1.0328200e-01
   1.0044700e-01
   9.5151300e-02
   8.9389800e-02
   6.7249600e-02
   4.4490900e-02
   1.7115400e-02
  -9.2828400e-03
  -4.2449400e-02
  -8.0511200e-02
  -1.2753700e-01
  -1.6918100e-01
  -1.8242900e-01
  -1.7868800e-01
  -1.7203900e-01
  -1.3840600e-01
  -1.2476500e-01
  -1.1628700e-01
  -6.6110200e-02
  -1.2533200e-02
   3.7058400e-02
   5.7850200e-02
   4.4512000e-02
   1.0239300e-02
  -3.1092400e-02
  -6.1368600e-02
  -5.5703800e-02
  -2.9247000e-02
  -1.2309400e-02
   3.0791400e-02
   7.0758200e-02
   8.1728200e-02
   8.4014100e-02
   8.7494900e-02
   9.1340400e-02
   1.0717900e-01
   1.1962000e-01
   1.2137100e-01
   1.1617500e-01
   1.0565000e-01
   8.5612100e-02
   6.5138300e-02
   4.4733300e-02
   2.4900500e-02
   1.5309200e-02
   1.7863800e-02
   3.9613700e-02
   7.9104100e-02
   1.0042100e-01
   7.5665000e-02
   2.8061600e-02
  -2.6133200e-02
  -7.2247000e-02
  -1.0113600e-01
  -1.2364200e-01
  -1.6064800e-01
  -1.8294000e-01
  -1.8460100e-01
  -1.6767100e-01
  -1.0998900e-01
  -3.8475100e-02
   2.1147300e-02
   5.7927900e-02
   6.4173300e-02
   5.3777700e-02
   2.6309700e-02
  -6.0164000e-03
  -2.2068800e-02
  -4.6902000e-02
  -8.5485200e-02
  -1.1631400e-01
  -1.3330900e-01
  -1.3202100e-01
  -9.2260800e-02
  -3.6349300e-02
   3.2374500e-04
   2.0164300e-02
   4.3721600e-02
   5.8455200e-02
   6.7488900e-02
   7.9168800e-02
   7.4018300e-02
   4.9594100e-02
   2.6616700e-02
   5.9806200e-03
  -1.1448000e-02
  -2.5262400e-02
  -2.2290700e-02
  -7.0150600e-03
   5.8574500e-02
   1.2275100e-01
   1.2142000e-01
   8.1554100e-02
   2.5779500e-02
  -8.6010500e-03
  -2.4212600e-02
  -2.7933900e-02
  -1.4539800e-02
   1.3367600e-04
   5.8814900e-03
   3.6986200e-03
  -1.7781800e-02
  -5.1313600e-02
  -6.8776500e-02
  -7.2448200e-02
  -6.1868700e-02
  -5.1714400e-02
  -4.2396800e-02
  -2.6607600e-02
   9.0549900e-03
   3.8655300e-02
   4.6275900e-02
   4.0249500e-02
   2.4493200e-02
   1.6235800e-02
   1.3560600e-02
   3.7867600e-03
  -2.3749100e-02
  -5.9913500e-02
  -7.2850600e-02
  -6.3092400e-02
  -3.9076800e-02
  -1.7319600e-02
  -1.4539400e-02
  -1.9562400e-02
  -3.1479900e-02
  -4.1056100e-02
  -4.6505800e-02
  -5.4778400e-02
  -6.4693400e-02
  -6.7549000e-02
  -5.7726600e-02
  -3.6951300e-02
   9.9812800e-05
   4.8778700e-02
   8.6516500e-02
   9.7187200e-02
   9.2628400e-02
   6.6279100e-02
   3.9861300e-02
   4.3273100e-02
   8.3953300e-02
   1.5631500e-01
   2.0224200e-01
   2.0617500e-01
   1.9535700e-01
   1.6157500e-01
   1.0005300e-01
   3.5118900e-02
  -2.3310100e-02
  -6.4261800e-02
  -7.6831900e-02
  -5.7928400e-02
  -2.0092700e-02
  -1.0799000e-02
  -1.6379500e-02
  -2.3682300e-02
  -3.3269300e-02
  -4.5207400e-02
  -5.6506700e-02
  -7.4478100e-02
  -9.6669500e-02
  -1.1700100e-01
  -1.4544100e-01
  -1.7044000e-01
  -1.6207300e-01
  -8.6901000e-02
   3.7038700e-03
   1.3778300e-01
   2.5404100e-01
   2.4271900e-01
   1.6549700e-01
   9.1894100e-02
   1.2997400e-02
  -5.2599600e-02
  -8.5886500e-02
  -1.0230600e-01
  -1.1737000e-01
  -1.3417500e-01
  -1.5498900e-01
  -1.6612700e-01
  -1.4195400e-01
  -8.9388600e-02
  -2.6997800e-02
   9.2227100e-02
   2.1139700e-01
   2.4888900e-01
   2.5377700e-01
   2.5301600e-01
   2.5149000e-01
   2.4202100e-01
   2.2360700e-01
   1.8564400e-01
   1.3353500e-01
   7.2337200e-02
   9.3549900e-03
  -5.2607600e-02
  -9.8834100e-02
  -1.3321100e-01
  -1.5173300e-01
  -1.4467400e-01
  -1.3951000e-01
  -1.5590700e-01
  -1.7615400e-01
  -2.1252900e-01
  -2.6026800e-01
  -2.7673100e-01
  -2.6043500e-01
  -2.0505100e-01
  -1.2615200e-01
  -5.0657900e-02
   2.2295300e-02
   6.5027200e-02
   7.4353600e-02
   6.6994300e-02
   6.4701600e-02
   7.7217200e-02
   9.4883900e-02
   1.0889300e-01
   1.1229800e-01
   1.1076300e-01
   1.0976200e-01
   1.0744700e-01
   9.0195200e-02
   5.1012200e-02
  -9.3133700e-03
  -7.7211700e-02
  -1.4023900e-01
  -1.8435300e-01
  -2.3285700e-01
  -2.5394800e-01
  -2.4560200e-01
  -2.4522700e-01
  -2.5150600e-01
  -2.5124600e-01
  -2.4499200e-01
  -2.1728600e-01
  -1.7935100e-01
  -1.5132700e-01
  -1.3048400e-01
  -1.1663500e-01
  -1.0736900e-01
  -9.7366400e-02
  -7.6538000e-02
  -3.5274700e-02
   1.6697100e-02
   9.1191700e-02
   2.0082000e-01
   2.6677800e-01
   3.1628300e-01
   3.4537800e-01
   3.5476900e-01
   3.6245800e-01
   3.6153900e-01
   3.5692500e-01
   3.4855000e-01
   3.2963500e-01
   2.9506600e-01
   2.5690300e-01
   2.1614000e-01
   1.7251600e-01
   1.2626200e-01
   8.3006100e-02
   4.4851100e-02
   2.0734100e-02
   6.6829600e-03
   4.4745900e-04
  -9.4457700e-03
  -2.9630400e-02
  -5.8960000e-02
  -7.9848500e-02
  -8.3392500e-02
  -7.9128600e-02
  -7.1530300e-02
  -5.1353900e-02
  -2.1636100e-02
  -3.7853700e-03
  -5.9813300e-03
  -3.2872600e-02
  -6.6445700e-02
  -9.5916000e-02
  -1.2164700e-01
  -1.4907400e-01
  -1.7563700e-01
  -2.0375700e-01
  -2.2777300e-01
  -2.2719500e-01
  -1.9932200e-01
  -1.6440700e-01
  -1.2177500e-01
  -7.8139900e-02
  -3.5044900e-02
   8.8044100e-03
   5.0701900e-02
   8.1435900e-02
   1.0671600e-01
   1.3956800e-01
   1.6348400e-01
   1.6672800e-01
   1.6108900e-01
   1.3507400e-01
   8.7952200e-02
   4.0412200e-02
  -5.5609500e-03
  -4.7464500e-02
  -5.7617000e-02
  -4.4536100e-02
  -1.1747400e-02
   2.2655300e-02
   4.2556000e-02
   5.1452900e-02
   4.7694000e-02
   1.9424000e-02
  -2.2217600e-02
  -6.3434200e-02
  -8.9878400e-02
  -9.3101100e-02
  -7.2021700e-02
  -2.6443400e-02
   1.6965400e-02
   6.7317400e-02
   1.2266700e-01
   1.7439100e-01
   2.1226700e-01
   2.2172800e-01
   2.1565500e-01
   1.9471800e-01
   1.3700000e-01
   6.7530300e-02
   2.0670300e-02
  -2.7177900e-02
  -7.5739300e-02
  -1.2115600e-01
  -1.4080600e-01
  -1.3216400e-01
  -1.0855600e-01
  -7.2113000e-02
  -3.8424500e-02
  -1.3178900e-02
   2.0064000e-02
   6.6254700e-02
   1.0369000e-01
   1.1120400e-01
   9.9683500e-02
   7.0816500e-02
   3.7898500e-02
   1.0082600e-02
  -1.7258600e-02
  -4.0008400e-02
  -6.0962900e-02
  -7.2765700e-02
  -7.2858900e-02
  -7.1870100e-02
  -6.7889800e-02
  -5.9280000e-02
  -4.1032300e-02
  -1.1117500e-02
   1.7918700e-02
   4.1598000e-02
   5.6265900e-02
   6.0597200e-02
   5.5984100e-02
   3.6612300e-02
   2.4250700e-03
  -2.9321100e-02
  -6.0955900e-02
  -7.9618700e-02
  -8.1833200e-02
  -6.8168900e-02
  -2.7123300e-02
   1.7476700e-02
   4.4889200e-02
   5.0714900e-02
   5.1537400e-02
   5.2119100e-02
   5.6968300e-02
   5.8961000e-02
   5.3348600e-02
   2.8791800e-02
  -8.3912900e-03
  -5.2557100e-02
  -1.0341000e-01
  -1.4190300e-01
  -1.7145600e-01
  -1.8422400e-01
  -1.8272900e-01
  -1.8064900e-01
  -1.5871300e-01
  -1.1473200e-01
  -6.0921100e-02
  -3.2017400e-03
   4.5115500e-02
   5.3505800e-02
   3.5137500e-02
  -1.3537100e-02
  -6.6520800e-02
  -1.0887400e-01
  -1.4127400e-01
  -1.6904900e-01
  -1.7448500e-01
  -1.6790000e-01
  -1.4293600e-01
  -1.0829100e-01
  -7.8411600e-02
  -5.0329600e-02
  -3.2173100e-02
  -2.0056100e-02
  -8.9391600e-03
   1.1545800e-02
   3.8594500e-02
   6.5299300e-02
   9.0995000e-02
   1.1803400e-01
   1.3549300e-01
   1.4620900e-01
   1.6234700e-01
   1.7617100e-01
   1.8552100e-01
   1.8950300e-01
   1.8103400e-01
   1.5939500e-01
   1.3538500e-01
   1.1440200e-01
   1.0367200e-01
   9.1057800e-02
   7.6349600e-02
   6.2497100e-02
   4.2732900e-02
   2.0644900e-02
  -1.5695700e-03
  -3.2472800e-02
  -6.2228800e-02
  -9.7782400e-02
  -1.3329200e-01
  -1.6973900e-01
  -2.0753700e-01
  -2.4158800e-01
  -2.4788100e-01
  -2.4171300e-01
  -2.1098600e-01
  -1.6684000e-01
  -1.3047100e-01
  -9.5182100e-02
  -5.7450900e-02
  -3.3122600e-02
  -6.5682200e-03
   2.6032300e-02
   5.6391100e-02
   8.6841800e-02
   1.1596600e-01
   1.3247700e-01
   1.2973100e-01
   1.1665700e-01
   9.2354600e-02
   6.3181400e-02
   4.2179700e-02
   2.8413500e-02
   5.8279500e-03
  -9.5697500e-03
  -1.4607000e-02
  -1.6038200e-02
  -1.5689200e-02
  -1.3480200e-02
  -1.0730200e-02
  -6.8704300e-03
   6.4021700e-03
   2.4698300e-02
   4.6733000e-02
   6.6581400e-02
   7.2939800e-02
   7.0586400e-02
   6.1011000e-02
   4.0759200e-02
   1.7255200e-02
  -4.3540900e-03
  -2.3448600e-02
  -4.0320100e-02
  -5.1673000e-02
  -5.9068700e-02
  -5.6901300e-02
  -3.6474200e-02
   1.5018200e-04
   3.4934700e-02
   7.1030300e-02
   1.0713100e-01
   1.4199900e-01
   1.5916700e-01
   1.5990100e-01
   1.4911300e-01
   1.2230900e-01
   8.8210900e-02
   5.5218200e-02
   2.2989300e-02
  -1.0536700e-02
  -3.7506300e-02
  -5.8384000e-02
  -7.6581700e-02
  -8.5754500e-02
  -8.2998800e-02
  -7.3091200e-02
  -5.9105600e-02
  -5.0905300e-02
  -4.5518400e-02
  -4.6917200e-02
  -5.2494700e-02
  -6.3251600e-02
  -7.8358700e-02
  -9.2549700e-02
  -1.0386800e-01
  -1.1059600e-01
  -1.0113200e-01
  -7.6550300e-02
  -4.5727500e-02
  -2.3577900e-02
  -4.1606000e-03
   1.8783000e-02
   4.7972000e-02
   8.2275100e-02
   1.1006500e-01
   1.2071200e-01
   1.2054100e-01
   1.1356000e-01
   1.0338500e-01
   9.0618900e-02
   7.7233900e-02
   6.4709600e-02
   5.0741000e-02
   4.1399500e-02
   3.7006200e-02
   3.5058900e-02
   3.4504800e-02
   3.6931800e-02
   4.2080000e-02
   4.6112100e-02
   4.5420700e-02
   4.2261800e-02
   3.9916900e-02
   3.8176700e-02
   3.3805300e-02
   2.3773600e-02
   1.2399900e-02
   9.6285200e-04
  -9.5085600e-03
  -2.0114300e-02
  -2.9913800e-02
  -3.7473100e-02
  -4.3776600e-02
  -5.0655900e-02
  -5.8000000e-02
  -6.0116000e-02
  -5.7021600e-02
  -4.3604600e-02
  -2.3670900e-02
  -5.1822200e-03
   4.6459300e-03
   7.3685400e-03
   8.1301300e-03
   5.1203800e-03
   4.9949700e-03
   1.4457900e-02
   2.7286400e-02
   3.5772600e-02
   4.2142200e-02
   4.0709900e-02
   3.6522500e-02
   3.3499300e-02
   2.9173800e-02
   2.5174100e-02
   2.3831600e-02
   2.3693200e-02
   2.3365100e-02
   2.3032000e-02
   2.2933300e-02
   2.0442900e-02
   7.5893400e-03
  -1.3684100e-02
  -3.4678300e-02
  -5.5239400e-02
  -7.6269200e-02
  -8.7076700e-02
  -8.5696700e-02
  -8.1049200e-02
  -7.6471000e-02
  -7.6134900e-02
  -7.9199500e-02
  -8.2213800e-02
  -8.1545300e-02
  -7.6051300e-02
  -7.1405500e-02
  -6.5388500e-02
  -5.7637200e-02
  -4.9918700e-02
  -4.6732900e-02
  -4.0284800e-02
  -2.4044900e-02
  -5.6081500e-03
   1.1741300e-02
   2.7724700e-02
   3.3167900e-02
   2.7586900e-02
   1.8324300e-02
   1.3277800e-02
   1.5098900e-02
   2.1741400e-02
   3.4708800e-02
   4.8535200e-02
   5.7966100e-02
   6.1038900e-02
   6.6714800e-02
   7.4836700e-02
   7.8129400e-02
   7.7405900e-02
   7.2122300e-02
   6.1385100e-02
   5.0725400e-02
   4.0061400e-02
   2.8416500e-02
   1.4609500e-02
   4.6660200e-03
  -1.0703000e-03
  -6.4952600e-03
  -1.0590800e-02
  -1.1393200e-02
  -1.0981000e-02
  -1.3539900e-02
  -1.5942600e-02
  -1.5201300e-02
  -7.9336300e-03
   8.1333600e-03
   2.3935600e-02
   3.0318000e-02
   2.7105000e-02
   1.9180200e-02
   9.8074300e-03
   3.4386400e-03
  -1.9379400e-03
  -7.6496200e-03
  -1.5679600e-02
  -2.5918900e-02
  -3.5139600e-02
  -4.1538500e-02
  -4.4958500e-02
  -5.0829200e-02
  -6.1713000e-02
  -7.4919100e-02
  -8.2968300e-02
  -8.2431500e-02
  -7.3688000e-02
  -5.4185100e-02
  -3.5743700e-02
  -1.6919700e-02
  -7.5878700e-03
  -7.7427000e-03
  -1.0383400e-02
  -1.5388700e-02
  -1.9229000e-02
  -2.0212100e-02
  -1.4472800e-02
   1.0715800e-03
   1.8599400e-02
   3.4756500e-02
   5.1882000e-02
   6.1376200e-02
   6.2738600e-02
   5.9134300e-02
   4.4648300e-02
   2.5994600e-02
   9.0957600e-03
  -9.1732600e-03
  -2.7093700e-02
  -4.0911800e-02
  -4.2764500e-02
  -3.3996800e-02
  -2.1586200e-02
  -1.4168700e-02
  -9.6469600e-03
  -7.1516600e-03
  -1.1137400e-02
  -1.7621200e-02
  -2.3199500e-02
  -2.3826400e-02
  -2.2998700e-02
  -2.1698700e-02
  -2.1597400e-02
  -2.5579700e-02
  -3.3637600e-02
  -4.5513500e-02
  -5.9923500e-02
  -6.8149700e-02
  -6.6215900e-02
  -4.9583600e-02
  -2.8264000e-02
  -8.3250000e-03
   1.2686000e-02
   3.3576600e-02
   4.2694000e-02
   4.0283800e-02
   3.1751200e-02
   2.0751500e-02
   1.7521400e-02
   2.2607100e-02
   3.6045300e-02
   4.7082000e-02
   5.2878800e-02
   5.2347500e-02
   4.5125200e-02
   3.0295800e-02
   1.7835200e-02
   1.4155000e-02
   1.2989400e-02
   1.0892400e-02
   8.2553000e-03
   4.9907600e-03
   1.4941100e-03
   2.1888200e-03
   7.5336700e-03
   9.4907100e-03
   5.2072900e-03
  -6.2744200e-03
  -2.2546200e-02
  -3.4747000e-02
  -3.7406900e-02
  -3.4943500e-02
  -2.7410700e-02
  -1.4662200e-02
  -3.7891900e-03
   1.7483200e-03
   8.6341500e-04
  -8.6545100e-03
  -1.8303100e-02
  -2.2586700e-02
  -1.9664100e-02
  -6.2962200e-03
   1.4406700e-02
   3.4834300e-02
   5.1900400e-02
   5.5475600e-02
   4.8591900e-02
   3.6568300e-02
   2.5248800e-02
   1.8072400e-02
   7.8661700e-03
  -2.6283700e-03
  -1.0599400e-02
  -1.5862300e-02
  -2.0830800e-02
  -2.2789200e-02
  -2.0887600e-02
  -1.3261300e-02
  -7.6077800e-03
  -1.6991500e-03
   9.3871800e-03
   2.2824500e-02
   3.5991000e-02
   4.6662300e-02
   5.0481000e-02
   5.1086200e-02
   5.1091400e-02
   5.0610500e-02
   4.7899100e-02
   4.3881500e-02
   4.0214600e-02
   3.7227000e-02
   3.2084800e-02
   2.2921100e-02
   8.5029200e-03
  -8.1018000e-03
  -2.3668400e-02
  -3.9834600e-02
  -5.4134500e-02
  -6.0879000e-02
  -5.8111500e-02
  -5.0675000e-02
  -3.8558700e-02
  -2.4683200e-02
  -9.4498200e-03
   4.9700000e-03
   1.9634500e-02
   3.4156900e-02
   4.8439500e-02
   5.7807200e-02
   6.0221500e-02
   5.3526500e-02
   4.0261600e-02
   2.6689900e-02
   1.3554600e-02
  -3.7397800e-04
  -1.2704800e-02
  -2.1259400e-02
  -2.4849000e-02
  -2.6506100e-02
  -2.6983300e-02
  -2.4760300e-02
  -1.9049000e-02
  -1.0625100e-02
  -4.4651800e-03
  -3.0183900e-03
  -1.0280800e-02
  -1.9001600e-02
  -2.6457800e-02
  -3.3735100e-02
  -3.7493700e-02
  -3.8703600e-02
  -4.4746800e-02
  -5.2206000e-02
  -6.1052400e-02
  -6.8854800e-02
  -6.9326800e-02
  -6.0782600e-02
  -4.3819000e-02
  -2.4878200e-02
  -6.1156200e-03
   1.2771700e-02
   2.9043000e-02
   3.4877100e-02
   3.4632900e-02
   3.4220800e-02
   2.8366000e-02
   1.7890600e-02
   7.7818900e-03
  -3.6371900e-03
  -1.4594200e-02
  -2.0961500e-02
