  -1.2042100e-01
  -1.0799600e-01
  -2.4001500e-02
   3.7865700e-02
   2.9064200e-02
  -1.4178900e-02
  -5.1310700e-02
  -5.5112600e-02
  -1.9881500e-02
   1.8518000e-02
   3.4538300e-02
   2.3305200e-02
  -1.9736000e-03
  -1.1843700e-02
   1.6504400e-02
   7.0276200e-02
   1.2366700e-01
   1.5987500e-01
   1.4950400e-01
   9.9710900e-02
   4.7807100e-02
   4.4552800e-02
   9.8392500e-02
   1.5208700e-01
   1.7656000e-01
   1.4898200e-01
   8.8128700e-02
   3.8824500e-02
   1.7476600e-02
   1.2242100e-02
  -1.3652800e-02
  -6.6148000e-02
  -1.0692000e-01
  -1.1494200e-01
  -9.7348000e-02
  -9.3384900e-02
  -1.1383300e-01
  -1.0891200e-01
  -4.7505200e-02
  -9.3227700e-03
  -3.6529400e-02
  -7.6723400e-02
  -8.9862000e-02
  -9.1876400e-02
  -1.0908200e-01
  -1.2489400e-01
  -1.3439900e-01
  -1.5182300e-01
  -1.6942000e-01
  -1.4637000e-01
  -8.2184600e-02
  -1.1548600e-02
   4.8419500e-02
   7.6728200e-02
   5.2756100e-02
  -4.4307900e-03
  -6.0174900e-02
  -7.4474300e-02
  -2.1895700e-02
   2.6530000e-02
   3.8105400e-02
   6.2914500e-02
   1.1864400e-01
   1.7501200e-01
   2.0772800e-01
   2.2720100e-01
   2.4383500e-01
   2.3065000e-01
   1.8069400e-01
   1.1133300e-01
   3.8904600e-02
   1.2757300e-02
   3.8785100e-02
   5.0750900e-02
   2.3456700e-02
   3.5670100e-03
   2.0640800e-02
   5.3996600e-02
   5.0684700e-02
   2.5480600e-03
  -2.3753700e-02
  -4.4325000e-03
   2.4738200e-02
   1.3283600e-02
  -4.4761300e-02
  -9.4906400e-02
  -5.7069400e-02
   4.8201700e-02
   8.8371900e-02
   5.2234600e-02
   2.1817400e-02
   9.6302400e-03
  -1.4765100e-02
  -3.3762600e-02
  -1.3649100e-02
   5.2369500e-03
  -1.1704400e-02
  -4.2236100e-02
  -6.1801500e-02
  -4.0117900e-02
   1.3811200e-02
   6.2472900e-02
   6.7547900e-02
   3.8841400e-02
   2.0663900e-02
   3.2091300e-02
   4.6309900e-02
   2.9929200e-02
  -2.6137200e-02
  -8.8029200e-02
  -1.1394900e-01
  -1.0293000e-01
  -8.2963000e-02
  -7.7190200e-02
  -8.7091700e-02
  -9.4552500e-02
  -8.7836900e-02
  -7.4955800e-02
  -7.4842000e-02
  -8.7296300e-02
  -1.0049700e-01
  -9.7545200e-02
  -7.3056300e-02
  -4.8647800e-02
  -4.1656300e-02
  -2.7068100e-02
   1.4832300e-02
   7.1143600e-02
   1.0635800e-01
   9.4958200e-02
   3.0176800e-02
  -1.4292200e-02
  -1.9970700e-03
   2.7392100e-02
   4.6302000e-02
   5.6185500e-02
   5.5176300e-02
   3.3152000e-02
   9.3090300e-05
   3.2790800e-03
   5.8558100e-02
   1.0906600e-01
   1.1523900e-01
   7.6678300e-02
   1.6210300e-02
  -1.6714900e-02
   4.9803900e-03
   5.2769300e-02
   6.3233100e-02
   3.2953500e-02
   2.8130500e-03
  -5.5304500e-04
   2.2231800e-02
   4.0623100e-02
   2.4099800e-02
  -2.0785000e-02
  -6.4564600e-02
  -8.1780600e-02
  -7.9620700e-02
  -1.2514500e-01
  -1.9134000e-01
  -2.1082300e-01
  -1.9388300e-01
  -1.8313300e-01
  -1.8949300e-01
  -1.9770800e-01
  -1.9840000e-01
  -1.9527400e-01
  -1.9315800e-01
  -1.9013300e-01
  -1.8046200e-01
  -1.6560000e-01
  -1.5609200e-01
  -1.5840000e-01
  -1.6019800e-01
  -1.4510100e-01
  -1.2175800e-01
  -9.9623300e-02
  -7.8333600e-02
  -6.8974100e-02
  -4.8539800e-02
  -7.4131300e-04
   4.9994400e-02
   8.3401100e-02
   9.6270000e-02
   9.0106100e-02
   7.4260000e-02
   5.7969300e-02
   4.3786400e-02
   3.7209400e-02
   4.5189800e-02
   4.0608900e-02
   1.6661800e-02
   1.2922900e-02
   3.8023300e-02
   5.2156100e-02
   3.5369000e-02
   6.6912300e-03
  -8.9589500e-03
  -1.0536300e-02
  -1.1844300e-02
  -2.4139400e-02
  -4.8410400e-02
  -7.4522300e-02
  -7.6420100e-02
  -4.4224000e-02
  -2.2183900e-02
  -3.3220600e-02
  -5.7848300e-02
  -7.9994900e-02
  -9.9588200e-02
  -1.1948700e-01
  -1.0799400e-01
  -8.3081600e-02
  -8.6571000e-02
  -9.8059200e-02
  -9.9361500e-02
  -1.0081400e-01
  -1.0401700e-01
  -9.5961200e-02
  -7.7234000e-02
  -6.3920100e-02
  -6.6299200e-02
  -6.9625200e-02
  -5.4474300e-02
  -2.3836000e-02
   6.6929800e-03
   2.3686500e-02
   2.2578800e-02
   2.4898800e-02
   4.0586500e-02
   5.1861200e-02
   4.7963500e-02
   3.9476400e-02
   3.4498100e-02
   3.6324400e-02
   5.1784200e-02
   7.8111900e-02
   9.7717900e-02
   1.0324100e-01
   1.0193000e-01
   1.0277200e-01
   1.1091600e-01
   1.2372100e-01
   1.1949700e-01
   8.5331500e-02
   4.1565800e-02
   1.4394600e-02
   3.4709800e-03
   1.1863500e-02
   3.3292400e-02
   2.8452300e-02
  -3.9590100e-03
  -7.0941400e-03
   2.9655300e-02
   6.6726900e-02
   7.2356400e-02
   5.3356600e-02
   3.1856200e-02
   5.6562600e-02
   1.2807700e-01
   1.9574000e-01
   2.1898600e-01
   2.1238500e-01
   2.1415800e-01
   2.2400800e-01
   2.1180400e-01
   1.6462100e-01
   9.8487700e-02
   5.7000000e-02
   4.1459700e-02
   1.8591000e-02
  -9.3536100e-03
  -9.5835500e-03
   1.9243600e-02
   3.5053300e-02
   1.5344900e-02
  -6.5144800e-04
   1.3418700e-02
   3.8395200e-02
   5.6734200e-02
   4.8144500e-02
   2.3098500e-02
   1.3369800e-02
   1.5108700e-02
   6.7572200e-03
  -1.2267500e-02
  -3.1639700e-02
  -3.9618300e-02
  -3.8706200e-02
  -4.5844900e-02
  -6.6733900e-02
  -8.3752300e-02
  -9.2232200e-02
  -1.0565800e-01
  -1.0841400e-01
  -9.2621500e-02
  -9.2994400e-02
  -9.6180500e-02
  -6.7347300e-02
  -1.6134000e-02
   3.1681600e-02
   6.8720200e-02
   9.1237700e-02
   1.0750300e-01
   1.2799600e-01
   1.3272800e-01
   1.1388800e-01
   9.1363600e-02
   8.0161000e-02
   6.8202900e-02
   4.6462900e-02
   2.2567600e-02
   4.9655900e-03
  -8.3914200e-04
   1.7022800e-04
  -1.0130800e-02
  -3.3581200e-02
  -5.9211800e-02
  -8.1487700e-02
  -1.0067000e-01
  -9.2528200e-02
  -5.0360000e-02
   2.1598800e-03
   4.9792300e-02
   9.2850800e-02
   1.2876700e-01
   1.5200200e-01
   1.6633800e-01
   1.6976800e-01
   1.5004200e-01
   1.2218600e-01
   1.0779400e-01
   1.0385800e-01
   1.0354400e-01
   1.0456000e-01
   1.0852900e-01
   1.1547300e-01
   1.2247600e-01
   1.2791800e-01
   1.2044600e-01
   9.7991400e-02
   7.5609300e-02
   5.8979200e-02
   4.4696700e-02
   3.6409700e-02
   3.2169500e-02
   1.5417800e-02
  -1.0571100e-02
  -2.3435400e-02
  -2.0810800e-02
  -2.2293900e-02
  -4.6085800e-02
  -8.6114500e-02
  -1.2074400e-01
  -1.3997200e-01
  -1.4708400e-01
  -1.5058600e-01
  -1.4822700e-01
  -1.3961000e-01
  -1.2862700e-01
  -1.1448000e-01
  -9.2508000e-02
  -6.4984000e-02
  -3.8126100e-02
  -2.9273400e-02
  -4.3250800e-02
  -6.3652800e-02
  -5.4495500e-02
  -9.3432400e-03
   4.4185300e-02
   8.5075300e-02
   1.0169000e-01
   1.0330800e-01
   1.0399200e-01
   1.0718100e-01
   1.0976400e-01
   1.1187900e-01
   1.1415400e-01
   1.1636200e-01
   1.0305200e-01
   5.0194400e-02
  -3.2110300e-02
  -1.1452900e-01
  -1.7462900e-01
  -1.9333000e-01
  -1.9524500e-01
  -2.0957400e-01
  -2.3436200e-01
  -2.5703600e-01
  -2.7124600e-01
  -2.5099900e-01
  -1.9697000e-01
  -1.3758600e-01
  -9.5501200e-02
  -7.2872100e-02
  -5.6018500e-02
  -3.8124800e-02
  -3.6763600e-02
  -4.5347900e-02
  -2.1650400e-02
   3.5338000e-02
   7.1085000e-02
   6.1971700e-02
   3.6975800e-02
   4.1733900e-02
   6.5886600e-02
   8.2341000e-02
   1.0256400e-01
   1.3315200e-01
   1.5630500e-01
   1.6202700e-01
   1.4868400e-01
   1.1789500e-01
   8.2292200e-02
   4.8257700e-02
   2.0570600e-02
  -1.0491800e-03
  -1.0584500e-02
  -1.4097300e-02
  -2.1958800e-02
  -3.3253400e-02
  -2.8740300e-02
   1.7151800e-03
   4.3852400e-02
   8.0479500e-02
   8.8293300e-02
   7.0173200e-02
   4.9784800e-02
   4.5029700e-02
   5.3177100e-02
   4.4545300e-02
   6.3647900e-03
  -4.4734300e-02
  -8.4559800e-02
  -9.5639900e-02
  -8.6867500e-02
  -8.9390500e-02
  -1.0899200e-01
  -1.2950300e-01
  -1.2671200e-01
  -1.0297400e-01
  -7.8656600e-02
  -6.4600300e-02
  -5.6986700e-02
  -5.5951700e-02
  -6.1965200e-02
  -7.0033900e-02
  -7.7119900e-02
  -8.2110800e-02
  -8.5259500e-02
  -7.3908200e-02
  -4.6097300e-02
  -1.4774300e-02
   1.3514500e-02
   3.9326100e-02
   5.8334000e-02
   6.8691700e-02
   8.0830100e-02
   9.8811700e-02
   1.1560500e-01
   1.2456400e-01
   1.2774800e-01
   1.2116300e-01
   1.0352600e-01
   9.6033500e-02
   1.0678800e-01
   1.2297000e-01
   1.4377500e-01
   1.7080900e-01
   1.9671500e-01
   2.1494000e-01
   2.2749300e-01
   2.0911700e-01
   1.5252500e-01
   8.4101000e-02
   2.1242600e-02
  -3.6887700e-02
  -9.6066500e-02
  -1.5635200e-01
  -2.0942400e-01
  -2.3519700e-01
  -2.4220700e-01
  -2.4950000e-01
  -2.2937000e-01
  -1.7195000e-01
  -1.0383600e-01
  -4.4985100e-02
  -3.5654900e-02
  -6.6587700e-02
  -8.1914700e-02
  -8.3930600e-02
  -9.8899000e-02
  -1.2417300e-01
  -1.4249700e-01
  -1.4955300e-01
  -1.3806500e-01
  -1.1120300e-01
  -7.7196300e-02
  -3.9321100e-02
  -7.2554900e-04
   3.6725000e-02
   6.5269400e-02
   8.4945800e-02
   1.0269100e-01
   1.1821100e-01
   1.1746700e-01
   1.0025100e-01
   8.1522000e-02
   7.0795700e-02
   6.5637800e-02
   6.1405200e-02
   5.9279300e-02
   5.9158300e-02
   5.4114700e-02
   4.6395800e-02
   5.3278200e-02
   7.3869800e-02
   7.6372700e-02
   5.1818400e-02
   2.6676400e-02
   8.9896000e-03
  -1.2854200e-02
  -4.3001900e-02
  -7.4755200e-02
  -1.0312100e-01
  -1.1268000e-01
  -1.0819000e-01
  -1.0576800e-01
  -1.0686000e-01
  -9.7783000e-02
  -5.9379500e-02
   1.2611700e-04
   5.9087900e-02
   9.4018600e-02
   1.0367600e-01
   1.0249200e-01
   9.0378600e-02
   6.9102000e-02
   4.6165400e-02
   3.8415000e-02
   4.7069900e-02
   5.6126800e-02
   4.7672900e-02
   2.4216100e-02
   3.6323500e-03
  -6.7163400e-03
  -1.1942100e-02
  -1.5548800e-02
  -1.4647100e-02
  -1.0070500e-02
  -4.0915700e-03
   1.5005900e-03
   4.2869200e-03
  -3.0545300e-03
  -1.8742900e-02
  -3.5045600e-02
  -3.8721100e-02
  -2.6029400e-02
  -1.3029600e-02
  -4.4035600e-02
  -1.0476400e-01
  -1.4158300e-01
  -1.4966300e-01
  -1.5176300e-01
  -1.4480700e-01
  -1.1906200e-01
  -9.3877000e-02
  -7.1262400e-02
  -3.9554900e-02
  -1.3757400e-02
  -3.5336600e-03
   1.1073100e-02
   3.8521700e-02
   6.6927700e-02
   8.1014400e-02
   5.9546600e-02
   2.0421400e-02
   1.6093800e-02
   4.7430100e-02
   7.8786000e-02
   9.1488100e-02
   9.5707100e-02
   9.7840300e-02
   1.0235200e-01
   1.2184200e-01
   1.5180800e-01
   1.4351800e-01
   9.0165100e-02
   2.8065800e-02
  -2.3201000e-02
  -5.2254200e-02
  -5.2406600e-02
  -4.8367100e-02
  -6.1103100e-02
  -7.4201100e-02
  -6.6572300e-02
  -4.4828800e-02
  -3.1860100e-02
  -4.1879600e-02
  -6.4832300e-02
  -8.5398800e-02
  -8.4196800e-02
  -6.7991400e-02
  -5.8058800e-02
  -5.6275900e-02
  -4.9957500e-02
  -3.2908300e-02
  -1.2165200e-02
   4.5117400e-03
   8.3472300e-03
  -2.2444000e-03
  -1.8377000e-02
  -2.2933300e-02
  -2.9994600e-03
   2.9823400e-02
   3.8731800e-02
   2.3445700e-02
   1.7287300e-02
   2.8032000e-02
   4.0660800e-02
   4.1999500e-02
   3.3540100e-02
   2.2471500e-02
   1.2627500e-02
   2.8832600e-03
  -1.0084000e-02
  -2.5020900e-02
  -2.8737700e-02
  -2.0434400e-02
  -1.3590200e-02
  -1.4455500e-02
  -1.7956800e-02
  -1.9405600e-02
  -9.1602300e-03
   1.3979300e-02
   3.9441500e-02
   4.0381000e-02
   9.5294700e-03
  -4.0044800e-03
   1.9663900e-02
   5.2755900e-02
   7.0438000e-02
   6.5243900e-02
   3.2183100e-02
  -1.8041100e-02
  -5.0968000e-02
  -7.9251200e-02
  -1.0504900e-01
  -1.1426000e-01
  -1.1537300e-01
  -1.2086900e-01
  -1.0207000e-01
  -4.9824100e-02
   1.0824800e-02
   6.4369000e-02
   1.0327300e-01
   1.0562500e-01
   7.5449200e-02
   2.9169200e-02
  -2.4590300e-03
  -1.8061000e-03
   1.0063200e-03
  -2.4296600e-02
  -5.1938700e-02
  -4.5747800e-02
  -2.5557800e-02
  -1.8913100e-02
  -1.8318100e-02
  -1.8351500e-02
  -3.0772200e-02
  -5.1042900e-02
  -6.9099600e-02
  -6.6019700e-02
  -4.2832300e-02
  -2.1426800e-02
  -1.2029500e-02
  -2.4535200e-02
  -5.6877100e-02
  -7.0753300e-02
  -6.8471800e-02
  -5.3579400e-02
  -1.2634800e-02
   4.2932900e-02
   6.6288700e-02
   4.8607900e-02
   3.6254200e-02
   5.5712000e-02
   9.2483100e-02
   1.2384000e-01
   1.3517700e-01
   1.0649100e-01
   6.6244100e-02
   5.7892500e-02
   6.9749000e-02
   7.4716900e-02
   6.9828300e-02
   5.7186100e-02
   4.9258300e-02
   5.7903400e-02
   7.6510000e-02
   9.3636600e-02
   1.0600200e-01
   9.1882300e-02
   5.3471300e-02
   1.8833800e-02
  -2.4506600e-02
  -7.9996900e-02
  -1.0765900e-01
  -1.1315100e-01
  -1.0793000e-01
  -8.1049800e-02
  -5.7818800e-02
  -6.2040400e-02
  -8.7426400e-02
  -1.1589300e-01
  -1.1152700e-01
  -7.1753900e-02
  -2.8639500e-02
  -1.3158200e-02
  -1.2897100e-02
   1.8523000e-03
   3.0631300e-02
   6.0508900e-02
   8.5260300e-02
   1.0559000e-01
   1.1772400e-01
   1.2340700e-01
   1.2516000e-01
   1.2377800e-01
   1.2087500e-01
   1.1861600e-01
   1.1906100e-01
   1.2257600e-01
   1.0481400e-01
   5.3763400e-02
  -9.3495600e-03
  -3.7698100e-02
  -2.5794000e-02
  -2.1550700e-02
  -3.1875000e-02
  -2.9586100e-02
  -1.0737100e-02
   6.3840700e-03
   1.3155600e-03
  -2.1298000e-02
  -4.3388200e-02
  -4.5093400e-02
  -2.6729300e-02
  -6.9905800e-03
   2.3947900e-03
  -1.8441800e-03
  -1.2978400e-02
  -1.0415000e-02
   1.6212800e-02
   2.4734000e-02
   1.2620800e-02
   7.0378000e-03
   5.7120800e-04
  -2.0912800e-02
  -5.2487900e-02
  -7.1762700e-02
  -6.7957600e-02
  -5.3307500e-02
  -4.2278700e-02
  -3.6762800e-02
  -2.3538500e-02
   2.9597500e-03
   3.3961400e-02
   6.0564800e-02
   5.1208700e-02
  -6.1409300e-03
  -5.5897000e-02
  -5.4359300e-02
  -2.7442400e-02
  -1.5923300e-02
  -3.1141400e-02
  -5.3409900e-02
  -4.0334700e-02
   5.4649400e-03
   2.8433200e-02
  -2.9602500e-04
  -2.8049300e-02
  -3.4373600e-02
  -4.8958300e-02
  -8.3169700e-02
  -1.2443300e-01
  -1.5419300e-01
  -1.3930600e-01
  -8.8373300e-02
  -4.6107600e-02
  -2.3510900e-02
  -1.6151600e-02
  -2.7637000e-02
  -3.5183400e-02
  -1.9585900e-02
  -9.0129800e-03
  -2.7922400e-02
  -5.7870300e-02
  -6.1904600e-02
  -3.4029600e-02
   6.1438300e-03
   4.3294500e-02
   7.7219700e-02
   1.0407400e-01
   8.3666200e-02
   1.6020200e-02
  -2.7881900e-02
  -1.5386000e-02
   1.9630900e-02
   2.8694400e-02
   1.1027100e-02
  -1.4137900e-02
  -3.6216900e-02
  -2.4276400e-02
   7.0264700e-03
   1.5941800e-02
   1.8919300e-02
   1.3235200e-02
  -1.5561500e-02
  -5.7721600e-02
  -8.1612600e-02
  -7.1680700e-02
  -4.6380400e-02
  -4.6019500e-02
  -7.6431700e-02
  -1.0569000e-01
  -8.0740600e-02
  -2.1302300e-02
  -7.1784700e-03
  -3.1625800e-02
  -3.5534400e-02
  -1.1563300e-02
   1.1446800e-02
   2.2712400e-02
   3.1121500e-02
   4.4051600e-02
   5.9402700e-02
   7.3510100e-02
   8.6164900e-02
   9.8680600e-02
   1.0648200e-01
   1.0751500e-01
   1.0597600e-01
   1.0213300e-01
   8.5425200e-02
   5.3217800e-02
   1.6190200e-02
  -1.8294100e-02
  -3.5537500e-02
  -2.7111700e-02
  -1.5824400e-02
  -1.7022200e-02
  -1.5788800e-02
  -9.3890800e-03
  -9.2768700e-03
  -1.2103200e-02
  -1.4297800e-02
  -2.8168900e-02
  -5.3945400e-02
  -7.8559600e-02
  -9.1258300e-02
  -1.0103700e-01
  -9.5784700e-02
  -6.9343800e-02
  -3.3587300e-02
   2.7203500e-03
   3.7484500e-02
   6.9985000e-02
   6.5804000e-02
  -9.0648500e-03
  -7.6392300e-02
  -7.6597200e-02
  -4.0479600e-02
  -8.0466700e-03
  -1.8431300e-02
  -5.4320700e-02
  -5.2279000e-02
  -6.7192900e-03
   1.8650500e-02
   1.7715800e-03
  -1.4796700e-02
  -7.4127300e-03
   8.8071300e-03
   1.8076800e-02
   1.3654600e-02
   2.9685600e-03
   6.5463400e-03
   3.0890900e-02
   4.0168800e-02
   1.5519400e-02
  -1.4240700e-02
  -2.0344100e-02
  -4.3521500e-03
   1.6008300e-02
   2.7309100e-02
   2.9642900e-02
   3.7554400e-02
   5.5519500e-02
   7.2737600e-02
   7.9118500e-02
   7.4230700e-02
   5.6987800e-02
   3.1239400e-02
   1.8980500e-02
   1.6172700e-02
   1.3453900e-02
   1.5075100e-02
   1.4906000e-02
   2.0621200e-02
   3.9509700e-02
   6.3692300e-02
   8.5017000e-02
   1.0006800e-01
   1.0785500e-01
   1.0683000e-01
   1.0557300e-01
   9.6395200e-02
   6.4674900e-02
   1.8024200e-02
  -2.7238800e-02
  -4.6405500e-02
  -3.1345600e-02
  -2.5851000e-03
   2.2703200e-02
   3.5209600e-02
   4.9591600e-02
   8.6592700e-02
   1.3960000e-01
   1.7933500e-01
   1.8116900e-01
   1.6150900e-01
   1.5706400e-01
   1.5354100e-01
   1.2841900e-01
   9.0594200e-02
   5.4767000e-02
   2.4528000e-02
   4.4412700e-03
  -3.8176800e-03
  -7.2437300e-03
  -1.0222400e-02
  -1.3180800e-02
  -1.5487300e-02
  -1.8296500e-02
  -3.5096500e-02
  -6.7848400e-02
  -1.0257900e-01
  -1.2033700e-01
  -1.1466600e-01
  -9.4630600e-02
  -7.5928700e-02
  -7.3926100e-02
  -7.6542500e-02
  -6.8822400e-02
  -5.4130300e-02
  -5.8894800e-02
  -8.9008800e-02
  -1.2522000e-01
  -1.4490700e-01
  -1.4158700e-01
  -1.3931000e-01
  -1.5425800e-01
  -1.4786000e-01
  -1.0456900e-01
  -5.2632600e-02
  -2.7858100e-02
  -3.5583200e-02
  -5.1504000e-02
  -6.1490500e-02
  -5.1393000e-02
  -2.2418300e-02
   1.0623100e-02
   3.2049800e-02
   3.0418200e-02
   1.4243400e-02
   4.2697000e-03
   4.7321500e-03
   7.0634500e-03
   6.6703900e-03
   5.4564600e-03
   8.7302500e-03
   1.9219500e-02
   2.4077200e-02
   1.7181000e-02
   2.1373000e-02
   4.6948900e-02
   7.9977000e-02
   1.0847600e-01
   1.1498900e-01
   7.6771000e-02
   2.0848800e-02
   8.8968000e-04
   2.1086300e-02
   5.3956500e-02
   8.1415000e-02
   8.5845900e-02
   7.0076000e-02
   7.3667600e-02
   1.0520400e-01
   1.2788300e-01
   1.2446300e-01
   1.2015900e-01
   1.1502300e-01
   8.6130500e-02
   3.7120700e-02
  -1.0149100e-02
  -3.5227400e-02
  -4.3693400e-02
  -5.4936500e-02
  -6.1364900e-02
  -4.2825400e-02
  -4.6652000e-03
   3.4189300e-02
   6.1843300e-02
   5.9720400e-02
   3.2908500e-02
   3.2622500e-03
  -1.9479200e-02
  -3.7489700e-02
  -4.4722300e-02
  -3.9105400e-02
  -2.8669900e-02
  -7.4662700e-03
   2.4956500e-02
   5.9425100e-02
   8.1642700e-02
   9.0320700e-02
   9.5425500e-02
   1.0167900e-01
   1.0032500e-01
   8.6103700e-02
   7.3444000e-02
   8.0424100e-02
   1.0277800e-01
   1.2108600e-01
   1.2724200e-01
   1.2752400e-01
   1.2850600e-01
   1.2193100e-01
   9.2954600e-02
   4.6561000e-02
  -4.7264700e-05
  -2.8703100e-02
  -3.2101500e-02
  -3.1317000e-02
  -4.0927000e-02
  -5.5450000e-02
  -6.7365000e-02
  -7.1701100e-02
  -6.6866600e-02
  -5.7710500e-02
  -4.9196800e-02
  -4.8732800e-02
  -6.0754000e-02
  -7.9556600e-02
  -9.7903900e-02
  -1.1385800e-01
  -1.1863600e-01
  -1.0906300e-01
  -9.9164900e-02
  -9.9341200e-02
  -1.0533400e-01
  -1.0873100e-01
  -1.0238700e-01
  -8.9109500e-02
  -8.0597100e-02
  -7.9918600e-02
  -7.9010500e-02
  -7.3129500e-02
  -6.8267900e-02
  -6.9819000e-02
  -6.1499100e-02
  -2.6834900e-02
   2.3546500e-02
   6.7614800e-02
   8.9146800e-02
   9.4857900e-02
   9.9146200e-02
   8.8007700e-02
   5.5573000e-02
   1.6825100e-02
  -1.8462900e-02
  -5.0143700e-02
  -7.3345300e-02
  -8.1940100e-02
  -9.6524400e-02
  -1.1433400e-01
  -1.0392700e-01
  -6.6556800e-02
  -2.5435700e-02
   8.0097600e-03
   2.1535200e-02
   6.3205000e-03
  -1.9565900e-02
  -3.9417300e-02
  -5.4100100e-02
  -6.5146900e-02
  -6.9370800e-02
  -6.3286700e-02
  -4.7092800e-02
  -3.3428500e-02
  -2.8411500e-02
  -2.6421600e-02
  -2.3271200e-02
  -2.4937000e-02
  -3.6622500e-02
  -5.3085000e-02
  -6.2082000e-02
  -5.9971500e-02
  -5.3779700e-02
  -4.3322600e-02
  -1.4527200e-02
   3.1555300e-02
   7.9970900e-02
   1.2448100e-01
   1.6683000e-01
   2.0872500e-01
   2.3044800e-01
   2.1449700e-01
   1.7464800e-01
   1.2151000e-01
   5.9557700e-02
  -3.5475800e-03
  -6.3451000e-02
  -8.8010400e-02
  -6.4850900e-02
  -2.2411900e-02
   1.5271900e-02
   4.7362900e-02
   8.0465900e-02
   1.1465900e-01
   1.3050700e-01
   1.1939500e-01
   8.7412100e-02
   4.6537200e-02
   6.7933800e-03
  -3.0154300e-02
  -4.9523200e-02
  -4.1389800e-02
  -1.9340700e-02
  -4.5062100e-04
  -1.6112900e-02
  -6.7028400e-02
  -1.1690200e-01
  -1.3383600e-01
  -1.2722200e-01
  -1.4436300e-01
  -1.9222200e-01
  -2.4458300e-01
  -2.6884700e-01
  -1.8840800e-01
  -2.4850900e-02
   8.8153900e-02
   1.2205800e-01
   1.3893600e-01
   1.7316400e-01
   1.8903300e-01
   1.6132100e-01
   1.1315800e-01
   7.0416100e-02
   3.6231100e-02
   3.0731300e-02
   5.5616500e-02
   7.4592000e-02
   5.8900800e-02
   2.2043300e-02
   1.5866400e-02
   5.0370900e-02
   9.2266100e-02
   1.1137700e-01
   8.7661100e-02
   3.8594400e-02
  -4.3194900e-04
  -2.1224500e-02
  -4.4835700e-02
  -7.8701000e-02
  -1.0845800e-01
  -9.7394900e-02
  -4.8925300e-02
   4.4209500e-03
   4.8830400e-02
   8.2141000e-02
   7.6399700e-02
   3.2276800e-02
  -1.8940200e-02
  -6.2940500e-02
  -1.0279700e-01
  -1.3662500e-01
  -1.5793100e-01
  -1.5275100e-01
  -1.1164900e-01
  -5.1243200e-02
   9.8107700e-03
   6.9372600e-02
   1.2994300e-01
   1.8757000e-01
   1.8610100e-01
   1.0979200e-01
   1.0143100e-02
  -7.2692400e-02
  -1.2364600e-01
  -1.5709700e-01
  -1.8894600e-01
  -1.9228500e-01
  -1.5411000e-01
  -1.0079700e-01
  -5.3189200e-02
  -2.3669300e-02
  -2.4080800e-02
  -4.5345300e-02
  -6.4258800e-02
  -6.5865700e-02
  -6.4877000e-02
  -7.9401400e-02
  -1.0308500e-01
  -1.2561800e-01
  -1.3701500e-01
  -1.1000300e-01
  -4.6843600e-02
   2.1002700e-02
   7.8931200e-02
   8.8857500e-02
   3.7546200e-02
  -3.8363100e-02
  -9.6592600e-02
  -1.1468600e-01
  -1.1456000e-01
  -1.2287000e-01
  -1.3741200e-01
  -1.3727600e-01
  -1.0406200e-01
  -5.1436800e-02
   6.7435700e-04
   4.7356200e-02
   9.0744600e-02
   8.7773400e-02
   1.9151100e-02
  -4.0890800e-02
  -5.0491600e-02
  -4.0285700e-02
  -3.1909500e-02
  -2.1062900e-02
  -2.1310900e-03
   1.9696000e-02
   3.9277600e-02
   4.1346400e-02
   1.8569700e-02
  -1.6311500e-02
  -4.5375400e-02
  -6.2433000e-02
  -7.2944500e-02
  -8.1827400e-02
  -6.1844700e-02
  -9.3176000e-03
   4.9778000e-02
   1.0224300e-01
   1.5050000e-01
   2.0050000e-01
   2.5136300e-01
   2.9093000e-01
   3.0029200e-01
   2.8596400e-01
   2.7049000e-01
   2.6484800e-01
   2.6682200e-01
   2.6786800e-01
   2.4945100e-01
   1.7946100e-01
   7.1135400e-02
  -2.6456200e-02
  -8.3720300e-02
  -1.1691300e-01
  -1.4998900e-01
  -1.7212900e-01
  -1.7454000e-01
  -1.6904500e-01
  -1.4102500e-01
  -8.0442100e-02
  -7.4037000e-03
   2.8421900e-02
   1.5024700e-02
  -1.3114900e-02
  -3.3305700e-02
  -3.8480900e-02
  -3.8334700e-02
  -5.2692000e-02
  -8.1652200e-02
  -1.1212400e-01
  -1.3863100e-01
  -1.6089000e-01
  -1.5552600e-01
  -1.1932800e-01
  -7.6888800e-02
  -4.0726900e-02
  -9.2200900e-03
   2.3567500e-02
   5.7187000e-02
   9.0376300e-02
   1.2175200e-01
   1.5329900e-01
   1.8448400e-01
   2.1325700e-01
   2.1629700e-01
   1.8666100e-01
   1.4604500e-01
   1.1977300e-01
   1.1651100e-01
   1.1327000e-01
   8.7022900e-02
   4.5054200e-02
   4.2036400e-03
  -3.1399400e-02
  -6.1512800e-02
  -8.2290100e-02
  -9.5735800e-02
  -1.0794100e-01
  -1.2059700e-01
  -1.2423200e-01
  -1.1190300e-01
  -9.1423700e-02
  -7.1867900e-02
  -5.4844500e-02
  -4.0236100e-02
  -3.1844600e-02
  -2.8986000e-02
  -2.7161900e-02
  -2.4393500e-02
  -2.1284600e-02
  -1.8475600e-02
  -1.4152700e-02
  -7.4439500e-03
   1.2273300e-04
   7.3769700e-03
   1.4232000e-02
   2.0919400e-02
   2.6060100e-02
   2.7527800e-02
   2.6299200e-02
   2.5020400e-02
   2.6306600e-02
   3.5528800e-02
   5.0666500e-02
   5.3632600e-02
   3.8958600e-02
   2.9469800e-02
   3.9273500e-02
   5.6752600e-02
   6.7046100e-02
   7.0252000e-02
   7.3154600e-02
   7.0743400e-02
   5.7729300e-02
   3.9334800e-02
   2.1615000e-02
   5.8541300e-03
  -5.3679100e-03
  -6.6322700e-03
  -6.2567600e-04
   6.0557300e-03
   1.1190000e-02
   1.5910300e-02
   1.9831300e-02
   1.5945600e-02
   3.9013000e-03
  -9.4594300e-03
  -2.0883500e-02
  -2.7169800e-02
  -2.7723900e-02
  -2.5875000e-02
  -2.5895100e-02
  -3.2034100e-02
  -4.0761400e-02
  -4.0168200e-02
  -2.9927100e-02
  -1.8253000e-02
  -8.8913400e-03
  -1.1851500e-03
   2.3008200e-03
   1.3030700e-03
  -7.9300600e-04
  -2.2303200e-03
  -3.2855700e-03
  -4.6625700e-03
  -7.5870000e-03
  -1.3849000e-02
  -2.1950300e-02
  -2.3838300e-02
  -1.5845700e-02
  -3.7747500e-03
   7.3616900e-03
   1.7102700e-02
   2.6154600e-02
   2.2339900e-02
   3.8500000e-03
  -1.7536900e-02
  -3.6091400e-02
  -5.1544900e-02
  -6.2380000e-02
  -6.8738700e-02
  -7.3652500e-02
  -7.1389700e-02
  -5.8269500e-02
  -4.0211700e-02
  -2.7324700e-02
  -2.1182900e-02
  -1.7372500e-02
  -1.4618400e-02
  -8.3539000e-03
   4.0169700e-03
   1.8736600e-02
   3.2679600e-02
   4.2069300e-02
   4.3132300e-02
   3.8376000e-02
   3.2663700e-02
   1.8759500e-02
  -5.1226800e-03
  -3.1322100e-02
  -5.4846300e-02
  -6.6504800e-02
  -6.2404100e-02
  -4.4976000e-02
  -1.7145100e-02
   1.4821500e-02
   4.6085200e-02
   7.0421600e-02
   8.4780600e-02
   9.2323700e-02
   7.6142600e-02
   2.8527400e-02
  -3.0530300e-02
  -8.4703400e-02
  -1.1035700e-01
  -1.0452700e-01
  -8.8254300e-02
  -7.5668400e-02
  -6.6576400e-02
  -6.5416300e-02
  -6.4181400e-02
  -5.8445300e-02
  -5.8579000e-02
  -6.6109900e-02
  -7.0022200e-02
  -6.3650300e-02
  -5.3156400e-02
  -4.9495600e-02
  -5.6538100e-02
  -5.8494100e-02
  -4.7454200e-02
  -3.1876900e-02
  -2.0958100e-02
  -1.6853100e-02
  -1.5270400e-02
  -1.2872300e-02
  -9.8515600e-03
  -7.1223600e-03
  -2.8378000e-03
   9.5956500e-03
   2.9606100e-02
   5.0511000e-02
   6.9369600e-02
   8.2997300e-02
   8.8272100e-02
   8.5416400e-02
   7.0736900e-02
   4.6524700e-02
   2.1205000e-02
  -2.3178500e-03
  -2.4489000e-02
  -4.2422300e-02
  -5.3798300e-02
  -6.2605500e-02
  -7.1564100e-02
  -8.0641200e-02
  -7.8758900e-02
  -6.4027000e-02
  -4.6202900e-02
  -3.9959700e-02
  -4.5458300e-02
  -5.1905200e-02
  -4.6909300e-02
  -2.9126500e-02
  -8.4020200e-03
   4.9059200e-03
   1.0230800e-02
   1.1839700e-02
   8.7262700e-03
   1.6362000e-03
  -6.3834500e-03
  -1.3544700e-02
  -1.7567900e-02
  -1.6324300e-02
  -1.1812900e-02
  -7.2225200e-03
  -3.3658100e-03
   5.0830600e-04
   6.9836700e-03
   1.6302400e-02
   2.6073900e-02
   3.2068200e-02
   3.2215900e-02
   2.9178700e-02
   2.1804600e-02
   8.8961300e-03
  -4.1192800e-03
  -1.1607700e-02
  -1.7625100e-02
  -2.9264600e-02
  -4.4931900e-02
  -5.9630600e-02
  -5.6903400e-02
  -3.6287500e-02
  -1.2639200e-02
   7.3894700e-03
   2.5752700e-02
   4.5184100e-02
   6.4187000e-02
   6.5968500e-02
   4.1721600e-02
   5.9831700e-03
  -2.6817100e-02
  -4.3561400e-02
  -3.5265500e-02
  -1.2174200e-02
   1.0935800e-02
   3.0671500e-02
   4.7027800e-02
   5.1637400e-02
