   1.0090900e-01
   2.7206700e-02
  -3.8719900e-02
  -9.4774000e-02
  -9.7874800e-02
  -7.4439300e-02
  -7.9240500e-02
  -1.1538300e-01
  -1.6019600e-01
  -2.1281500e-01
  -2.3100000e-01
  -2.2219500e-01
  -7.5225000e-02
   1.3331100e-02
  -1.1797800e-03
   2.4560600e-02
   1.0209400e-01
   1.7631800e-01
   2.1835600e-01
   2.3774200e-01
   2.3003900e-01
   1.9058000e-01
   5.3042400e-02
  -1.8512300e-02
  -9.4576400e-02
  -1.3934000e-01
  -8.4881800e-02
  -2.0892900e-02
  -1.2182900e-02
  -2.7809100e-02
   1.3613200e-02
   6.2762000e-02
   8.5139900e-02
   1.8344200e-02
  -9.3052100e-02
  -1.5461000e-01
  -2.0179200e-01
  -1.9008600e-01
  -1.1428100e-01
  -3.2748100e-02
   2.1561600e-02
   6.4947100e-02
   9.2871400e-02
   1.3490100e-01
   1.9956100e-01
   2.4394100e-01
   2.4112600e-01
   2.3772900e-01
   2.2672800e-01
   2.0867100e-01
   1.4504600e-01
   6.5411500e-02
   1.3296900e-04
  -1.4770800e-02
   5.5214700e-03
   3.9868300e-02
   1.3048400e-01
   1.4275100e-01
   1.2185900e-01
   1.1507000e-01
   7.5346400e-02
  -6.2503100e-03
  -1.2349400e-01
  -1.9016600e-01
  -1.3517500e-01
  -7.4320500e-02
  -1.2378000e-01
  -2.1838500e-01
  -2.8168400e-01
  -3.2475800e-01
  -3.4601500e-01
  -3.6343500e-01
  -3.8542000e-01
  -3.4747500e-01
  -2.4750100e-01
  -1.2127100e-01
   1.4131100e-02
   3.9653300e-02
   1.1560200e-02
   1.0718400e-02
   1.0268300e-02
   7.4700400e-02
   1.1410100e-01
   7.0692000e-02
  -6.1190300e-02
  -1.7199600e-01
  -1.7509300e-01
  -1.1356300e-01
   1.2312000e-02
   8.8576900e-02
   1.2073900e-01
   1.2841600e-01
   1.4659300e-01
   1.7624600e-01
   2.0008700e-01
   1.2569200e-01
  -4.3630900e-02
  -1.1810900e-01
  -1.4383100e-01
  -2.4382700e-02
   1.6215600e-01
   2.1831200e-01
   2.2085700e-01
   1.8934100e-01
   1.2511200e-01
   5.6682600e-02
   1.0809200e-02
  -6.7161600e-02
  -1.3301400e-01
  -1.8380300e-01
  -1.6175200e-01
  -1.2425500e-02
   5.7022200e-02
   1.1571600e-01
   1.5241000e-01
   1.5468600e-01
   1.2691800e-01
   2.4441600e-02
  -5.4767700e-02
  -1.0069800e-01
  -1.2538600e-01
  -8.7693100e-02
   2.7132100e-02
   8.4790300e-02
   8.8897500e-02
   5.4503700e-02
   1.1278800e-02
  -5.1384800e-04
   1.9284900e-02
   7.0433400e-02
   9.4041800e-02
   3.2574100e-02
  -6.0389200e-02
  -1.2185200e-01
  -1.7341200e-01
  -2.1014000e-01
  -2.2187500e-01
  -1.9290100e-01
  -1.6226300e-01
  -1.5237400e-01
  -1.4183400e-01
  -8.1297700e-02
  -7.7166900e-03
   4.2346200e-02
   6.4373400e-02
   2.2943200e-02
  -5.2264200e-02
  -6.3824700e-02
  -2.0965100e-02
   2.4602500e-02
   7.1291100e-02
   1.0876500e-01
   9.2322700e-02
   2.1859100e-02
  -1.0351400e-02
  -1.4601700e-02
  -1.6321400e-02
   3.3554100e-03
   3.1267700e-02
   3.8651400e-02
   4.0797500e-02
   7.2637700e-02
   1.0152000e-01
   1.1734000e-01
   1.0692800e-01
   2.4935900e-02
  -4.5060700e-02
  -9.1450500e-02
  -1.3871400e-01
  -1.6109900e-01
  -1.6639700e-01
  -1.1294600e-01
  -6.5906900e-03
   7.9226700e-02
   1.6287200e-01
   2.2106300e-01
   2.3754100e-01
   2.3058000e-01
   1.7486700e-01
   1.0683300e-01
   4.2857200e-02
  -8.7195000e-03
  -2.9479000e-02
  -4.0239400e-02
  -4.6603600e-02
  -4.4269300e-02
  -2.1649300e-02
  -1.4616400e-04
  -1.9116600e-02
  -6.0985100e-02
  -8.6613200e-02
  -7.9314600e-02
  -6.5994000e-02
  -3.7459100e-02
   2.3029300e-03
   1.4832000e-02
   6.4989500e-03
  -1.3639600e-02
  -4.6437300e-02
  -8.0071500e-02
  -9.8529100e-02
  -1.1316200e-01
  -1.1748100e-01
  -1.0747900e-01
  -8.2686400e-02
  -6.8205200e-02
  -7.7699100e-02
  -8.3790300e-02
  -7.2634400e-02
  -4.2117900e-02
  -1.1510500e-02
   1.4951500e-02
   4.4776400e-02
   6.3654700e-02
   7.4916600e-02
   7.1969000e-02
   4.7525800e-02
  -1.0404300e-03
  -5.0354300e-02
  -9.3919500e-02
  -1.3041900e-01
  -1.5928200e-01
  -1.7255900e-01
  -1.7885400e-01
  -1.5304200e-01
  -3.4200500e-02
   5.5567700e-02
   1.1884400e-01
   1.9715600e-01
   2.3605800e-01
   2.3435800e-01
   1.6536200e-01
   7.4853400e-02
   3.7214200e-02
   2.6288900e-02
   2.9168200e-02
   4.1014300e-02
   5.1039800e-02
   5.4594300e-02
   5.3725100e-02
   4.9939600e-02
   3.7638200e-02
   1.5922300e-03
  -4.4023400e-02
  -6.8860700e-02
  -8.9914700e-02
  -7.4089700e-02
  -1.5403200e-02
   3.5136400e-02
   7.2530400e-02
   9.1440900e-02
   8.0248100e-02
   4.0280100e-02
  -2.2648500e-04
  -2.7006900e-02
  -3.5890500e-02
  -1.8780300e-02
   2.0247600e-02
   6.6163500e-02
   1.0199300e-01
   1.3086900e-01
   1.4769600e-01
   1.5037700e-01
   1.1196300e-01
   5.2018700e-02
   9.8412500e-03
  -1.3497800e-02
  -2.4986600e-02
  -2.5978500e-02
  -2.2727200e-02
  -1.3199900e-02
  -4.0611700e-03
  -6.4066600e-03
  -1.4162200e-02
  -2.8244900e-02
  -4.1849200e-02
  -5.0179000e-02
  -4.6823800e-02
  -3.2479100e-02
  -1.5955600e-02
  -1.7507600e-02
  -3.4300500e-02
  -5.1856300e-02
  -6.2642400e-02
  -6.0836500e-02
  -4.4473300e-02
  -3.3402800e-02
  -2.9981400e-02
  -2.9260900e-02
  -2.1452400e-02
  -1.0588000e-02
  -1.0201100e-02
  -2.6395200e-02
  -3.6336800e-02
  -2.3000000e-02
   2.8777300e-03
   2.4679500e-02
   4.7366700e-02
   5.9338800e-02
   7.5233700e-02
   9.0647200e-02
   1.0812400e-01
   1.0458300e-01
   1.3758500e-02
  -2.0238900e-02
  -3.6746300e-02
  -4.5204900e-02
  -3.2396500e-02
  -2.4151600e-02
  -1.4831600e-02
  -1.4350900e-02
   2.8750500e-03
   2.6505600e-02
   5.1122500e-02
   6.5976000e-02
   7.7128900e-02
   7.7383100e-02
   7.1896700e-02
   4.8409300e-02
   1.6772200e-02
  -5.7247400e-03
  -2.1572300e-02
  -2.7406500e-02
  -1.9472800e-02
  -5.8892900e-03
   1.0666500e-02
   2.6829600e-02
   3.0877100e-02
   2.4699100e-02
   5.2417100e-03
  -2.4628800e-02
  -4.6641300e-02
  -5.6057800e-02
  -5.7870200e-02
  -5.8942100e-02
  -5.5784100e-02
  -4.1335700e-02
  -2.2733900e-02
  -1.2158200e-03
   1.3513100e-02
   2.1149900e-02
   2.6995600e-02
   2.6902900e-02
   1.5139300e-02
   7.7169900e-04
  -1.5277900e-02
  -3.6812100e-02
  -5.5194400e-02
  -7.1115600e-02
  -8.0494400e-02
  -7.8322700e-02
  -6.8274700e-02
  -3.9049600e-02
   1.3142900e-02
   4.3757200e-02
   5.6107400e-02
   5.6166600e-02
   4.4524400e-02
   2.7368000e-02
  -8.9112800e-03
  -3.7361100e-02
  -5.2987400e-02
  -5.6654300e-02
  -5.0370000e-02
  -6.8598900e-03
   2.9012500e-02
   3.2766200e-02
   2.0303800e-02
  -1.8311300e-02
  -4.3667500e-02
  -5.0749300e-02
  -4.4567100e-02
  -2.8244000e-02
  -1.1671100e-02
  -2.0626400e-03
   8.5372100e-03
   1.2630500e-02
   9.7255300e-03
   3.8340100e-03
   9.5353400e-04
   5.0121200e-03
   1.4275800e-02
   2.5746700e-02
   3.5536600e-02
   4.3266200e-02
   4.8606900e-02
   4.6888200e-02
   4.3437500e-02
   4.9334200e-02
   5.7833800e-02
   6.4111900e-02
   7.1448800e-02
   7.5440000e-02
   6.7121900e-02
   4.1516800e-02
   1.9176800e-02
   6.6491400e-03
   8.3219300e-03
   1.9144100e-02
   2.6892000e-02
   3.4277800e-02
   4.1232200e-02
   4.0828300e-02
   3.4414500e-02
   3.2620300e-02
   3.6127100e-02
   4.0989400e-02
   3.0240600e-02
   3.9409300e-03
  -2.0947100e-02
  -3.7509800e-02
  -5.0183400e-02
  -5.4060400e-02
  -5.2383500e-02
  -4.0487300e-02
  -3.2371100e-02
  -3.1259300e-02
  -2.9106100e-02
  -2.6543900e-02
  -2.1094000e-02
  -1.6978300e-02
  -1.0151400e-02
  -1.7792800e-03
   6.2216100e-03
   6.7632300e-03
  -8.4918800e-03
  -2.8996900e-02
  -4.2879100e-02
  -5.0209800e-02
  -5.5271100e-02
  -5.7036700e-02
  -5.0949300e-02
  -4.1532700e-02
  -2.7353600e-02
  -1.6533400e-02
  -9.3801600e-03
  -4.6126600e-03
  -2.0452900e-03
  -8.6512500e-04
  -1.0764200e-02
  -2.4189400e-02
  -3.8553000e-02
  -4.9743400e-02
  -4.5327800e-02
  -2.3668000e-02
   9.9254100e-04
   1.3006100e-02
   2.2460600e-02
   3.0816500e-02
   3.8131900e-02
   4.3152400e-02
   4.3208600e-02
   3.4876300e-02
   2.2864800e-02
   1.6056400e-02
   1.1917300e-02
   1.3417800e-02
   1.6405400e-02
   2.1632000e-02
   2.4615600e-02
   2.7024900e-02
   2.8763000e-02
   2.5617500e-02
   1.9865800e-02
   2.0708400e-02
   2.6127700e-02
   3.3076100e-02
   4.0297800e-02
   3.7508200e-02
   3.3472100e-02
   3.4403500e-02
   3.6957700e-02
   3.6885400e-02
   2.7716800e-02
   6.7232500e-03
  -1.1952800e-02
  -2.0659400e-02
  -2.7537100e-02
  -3.3905900e-02
  -4.0076700e-02
  -4.8601700e-02
  -5.5530400e-02
  -5.5585400e-02
  -4.7255900e-02
  -3.7212800e-02
  -3.0884600e-02
  -3.1721800e-02
  -2.9180800e-02
  -2.8458500e-02
  -3.4300800e-02
  -3.0039100e-02
  -1.4590000e-02
   5.4348700e-03
   2.4291800e-02
   3.9055500e-02
   4.3700800e-02
   3.6073400e-02
   1.5349300e-02
  -1.2287400e-02
  -2.6263200e-02
  -2.8067300e-02
  -2.3893200e-02
  -1.7573100e-02
  -7.3952800e-03
   1.3633300e-02
   2.9578200e-02
   3.4517300e-02
   3.3230300e-02
   2.3006100e-02
   5.3206100e-03
  -7.3128300e-03
  -7.6511800e-03
  -6.3391700e-03
  -9.3978500e-03
  -1.6077500e-02
  -2.6608700e-02
  -3.3920800e-02
  -2.8209500e-02
  -2.2856200e-02
  -2.0202900e-02
  -8.6642900e-03
   3.6902900e-03
   1.6535500e-02
   3.0237500e-02
   3.7410500e-02
   2.5179000e-02
   8.0525700e-03
  -3.2741600e-03
  -1.0805500e-02
  -1.1293700e-02
  -1.3514800e-02
  -2.0692200e-02
  -1.9516700e-02
   4.4507300e-04
   3.4501200e-02
   6.3699200e-02
   7.5399000e-02
   7.0101500e-02
   4.5029300e-02
   1.7144000e-02
   2.9827800e-03
  -5.9968400e-03
  -1.6117800e-02
  -3.2726000e-02
  -4.8005200e-02
  -5.0431300e-02
  -2.7109500e-02
   7.0212100e-03
   1.6279200e-02
   5.7002900e-03
  -1.3540500e-02
  -3.0776900e-02
  -3.4465800e-02
  -3.3068800e-02
  -3.3873100e-02
  -3.2125300e-02
  -2.4893000e-02
  -1.8011500e-02
  -9.1919900e-03
   1.8072300e-03
   2.3851300e-03
  -4.7553100e-03
  -1.3705200e-02
  -1.9743000e-02
  -1.7354600e-02
  -1.0413900e-02
  -1.1192600e-02
  -1.6263400e-02
  -1.4838900e-02
  -1.2282100e-02
  -1.9472500e-02
  -2.6251800e-02
  -2.5653400e-02
  -1.6585900e-02
  -1.3209600e-03
   9.3550400e-03
   1.7100600e-02
   1.8027400e-02
   1.3590100e-02
   9.0661000e-03
   1.0223500e-02
   1.6644100e-02
   1.5629900e-02
   1.1020300e-02
   1.2388800e-02
   1.6571600e-02
   1.5451300e-02
   3.5099400e-03
  -2.3013400e-02
  -4.1875500e-02
  -4.0185600e-02
  -2.0397800e-02
   1.0347900e-02
   3.3756600e-02
   4.9476700e-02
   5.0207800e-02
   3.5847100e-02
   1.7335900e-02
   9.9397200e-03
   5.4566500e-03
  -4.2998100e-03
  -2.2944500e-02
  -3.8903600e-02
  -4.3101000e-02
  -2.1132400e-02
   1.5463000e-02
   3.1959400e-02
   4.3849400e-02
   5.1793100e-02
   5.8437300e-02
   6.2631400e-02
   5.9442800e-02
   3.2461700e-02
  -1.2595400e-03
  -1.2403100e-02
  -8.0885400e-03
   4.8327900e-03
   2.0365300e-02
   2.8795600e-02
   3.6472100e-02
   5.1362100e-02
   5.3256200e-02
   1.8548700e-02
  -3.6961700e-02
  -6.7781000e-02
  -7.9592600e-02
  -4.9892200e-02
   1.5326700e-02
   5.8821600e-02
   8.4164600e-02
   8.6950300e-02
   5.7342800e-02
   9.2743900e-03
  -1.9419100e-02
  -2.8149200e-02
  -2.1632300e-02
  -3.5475700e-03
   1.0276600e-02
   2.0829700e-02
   1.9477300e-02
   1.6988800e-03
  -1.8500000e-02
  -2.8975200e-02
  -3.1933000e-02
  -2.6866500e-02
  -2.1858100e-02
  -2.3101300e-02
  -2.9069100e-02
  -3.0420400e-02
  -2.6255500e-02
  -1.7676000e-02
  -1.0765200e-02
  -5.1050100e-03
   6.6517800e-03
   2.5543500e-02
   3.5601000e-02
   2.5933700e-02
   1.0023000e-02
  -1.2739000e-02
  -3.3961800e-02
  -4.6572800e-02
  -4.4252900e-02
  -2.7734700e-02
  -1.1926400e-02
  -6.3466300e-03
  -7.7538600e-03
  -1.3261500e-02
  -1.5730500e-02
  -5.0007300e-03
   9.6897200e-03
   2.3379600e-02
   3.2306000e-02
   3.5163400e-02
   3.1366400e-02
   2.2038000e-02
   9.4995600e-03
   5.2864100e-03
   1.5778600e-02
   2.6190200e-02
   1.5184900e-02
  -7.1331900e-03
  -1.6351400e-02
  -5.2970000e-04
   2.5872500e-02
   3.9375800e-02
   2.8499100e-02
  -4.5103000e-04
  -1.7430400e-02
  -2.6658800e-02
  -3.1252300e-02
  -3.0890600e-02
  -3.0533000e-02
  -3.0808800e-02
  -3.1498700e-02
  -2.9750900e-02
  -2.4172900e-02
  -8.6162100e-03
   1.1548800e-02
   2.0680500e-02
   1.3998200e-02
   1.8363600e-03
  -7.4051700e-03
  -1.5307400e-02
  -1.9191900e-02
  -1.8191600e-02
  -1.2391100e-02
  -2.4056400e-03
   1.2944100e-02
   2.8837400e-02
   4.0439700e-02
   4.8853400e-02
   4.5617700e-02
   2.7288100e-02
   3.5473600e-03
  -3.4255700e-03
  -3.8847800e-03
  -1.8072300e-03
   5.0561600e-03
   1.6624800e-02
   2.7627400e-02
   2.8948100e-02
   2.0391200e-02
   3.5182100e-03
  -7.6743900e-03
  -1.8020400e-02
  -2.7367800e-02
  -3.3176800e-02
  -3.3790900e-02
  -2.6472500e-02
  -2.2473200e-02
  -2.7484500e-02
  -3.2893600e-02
  -3.1024000e-02
  -2.2460100e-02
  -1.1602300e-02
  -2.0693900e-03
  -1.2738100e-03
  -7.0929200e-03
  -1.0279400e-02
  -2.6620300e-03
   2.3428600e-02
   4.5813500e-02
   5.2966800e-02
   5.0850400e-02
   4.3047400e-02
   2.2545500e-02
  -2.5219800e-03
  -2.2813800e-02
  -3.8906200e-02
  -4.8585900e-02
  -5.3593000e-02
  -5.3025800e-02
  -5.2471800e-02
  -4.4624800e-02
  -3.2097000e-02
  -1.3277900e-02
   1.4741700e-02
   3.3912800e-02
   3.7670600e-02
   3.0701100e-02
   2.7383300e-02
   2.4254100e-02
   1.4122700e-02
   4.0850800e-03
   6.0702300e-03
   9.1365900e-03
   2.0825200e-03
  -2.0268100e-03
  -4.8254200e-03
  -1.1220600e-02
  -1.4337400e-02
  -6.0789100e-04
   1.7027200e-02
   2.1859200e-02
   2.7524600e-02
   5.0208700e-02
   6.4532900e-02
   7.4588400e-02
   5.7714900e-02
  -7.3627400e-03
  -5.8313400e-02
  -8.7337100e-02
  -9.4128900e-02
  -6.0911200e-02
  -1.3479800e-02
  -1.3750300e-03
  -1.5539300e-02
  -3.7370000e-02
  -3.4029000e-02
  -1.8537100e-03
   2.3531500e-02
   4.6138200e-02
   5.8303200e-02
   5.9694000e-02
   4.2597200e-02
   4.7393800e-03
  -2.5080800e-02
  -3.9411300e-02
  -5.8144100e-02
  -4.7715100e-02
   1.2571500e-02
   6.3446600e-02
   8.8502500e-02
   9.8401100e-02
   5.8720600e-02
  -1.3687600e-02
  -6.6551500e-02
  -9.5966700e-02
  -1.0317500e-01
  -7.1925100e-02
  -2.1360800e-03
   4.3415700e-02
   5.3956000e-02
   3.8527100e-02
   2.5605500e-03
  -1.7427700e-02
  -1.5065700e-02
  -2.6261700e-03
  -8.5220900e-03
  -3.6954900e-02
  -5.8525200e-02
  -5.9572000e-02
