  -5.7594500e-02
  -6.5966600e-02
  -7.2165200e-02
  -7.6614600e-02
  -8.0402800e-02
  -8.3898200e-02
  -8.6730700e-02
  -8.7732900e-02
  -8.5818100e-02
  -8.0934100e-02
  -7.3335300e-02
  -6.2608300e-02
  -4.8424800e-02
  -3.2513500e-02
  -1.7598900e-02
  -3.7886200e-03
   1.1570800e-02
   2.8680300e-02
   4.3673400e-02
   5.2379700e-02
   5.1616300e-02
   4.1749600e-02
   2.7342800e-02
   1.2220600e-02
  -1.7668500e-03
  -1.5053400e-02
  -3.0327200e-02
  -5.0035600e-02
  -7.2283700e-02
  -9.0494900e-02
  -1.0095800e-01
  -1.0462000e-01
  -1.0351900e-01
  -9.9148300e-02
  -9.2568700e-02
  -8.5275200e-02
  -7.8385300e-02
  -7.1806400e-02
  -6.4547800e-02
  -5.5899200e-02
  -4.7241200e-02
  -4.0301500e-02
  -3.4189100e-02
  -2.7323100e-02
  -1.9007000e-02
  -9.9851800e-03
  -2.5237200e-03
   2.2392200e-03
   5.5210300e-03
   8.5557400e-03
   1.0550500e-02
   1.0568900e-02
   1.0083700e-02
   1.1163100e-02
   1.4070600e-02
   1.7661600e-02
   1.9828200e-02
   1.9151100e-02
   1.5919600e-02
   1.1065200e-02
   4.8670700e-03
  -2.6974600e-03
  -1.0047900e-02
  -1.5377100e-02
  -1.8083100e-02
  -1.8110900e-02
  -1.6480100e-02
  -1.4847800e-02
  -1.3771500e-02
  -1.2958000e-02
  -1.1568500e-02
  -8.8146200e-03
  -5.3671200e-03
  -2.0051100e-03
   8.1091700e-04
   2.3580600e-03
   2.6221600e-03
   2.3208100e-03
   1.7300700e-03
   2.7113100e-04
  -1.7735100e-03
  -3.7519500e-03
  -6.1409000e-03
  -8.4703100e-03
  -9.5428100e-03
  -1.0075200e-02
  -1.1054700e-02
  -1.2174200e-02
  -1.3300900e-02
  -1.3747100e-02
  -1.3202200e-02
  -1.3111600e-02
  -1.4020100e-02
  -1.4574500e-02
  -1.3740200e-02
  -1.2478200e-02
  -1.2322300e-02
  -1.2636800e-02
  -1.0963900e-02
  -6.1769500e-03
   1.0935500e-03
   1.0797200e-02
   2.4651500e-02
   4.2956300e-02
   6.1374400e-02
   7.4759400e-02
   8.1609300e-02
   8.3004300e-02
   8.0222100e-02
   7.4669400e-02
   6.8083400e-02
   6.2449500e-02
   5.8559800e-02
   5.5310700e-02
   5.1676000e-02
   4.6924600e-02
   4.1153100e-02
   3.6244000e-02
   3.3384100e-02
   3.1695000e-02
   3.0906900e-02
   3.2269800e-02
   3.6954500e-02
   4.4459600e-02
   5.2484000e-02
   5.8614000e-02
   6.0029400e-02
   5.4775000e-02
   4.4680500e-02
   3.4727600e-02
   2.9324600e-02
   2.8506300e-02
   2.9180900e-02
   2.8386500e-02
   2.4564900e-02
   1.8277400e-02
   1.1411700e-02
   5.7560600e-03
   2.6158500e-03
   2.5230900e-03
   4.2660000e-03
   6.0593700e-03
   7.3749900e-03
   7.5569100e-03
   5.6372800e-03
   9.9423300e-04
  -5.7201500e-03
  -1.1495300e-02
  -1.3682000e-02
  -1.2350800e-02
  -8.7319900e-03
  -3.7551700e-03
   2.7701700e-04
  -1.4764600e-05
  -4.7513400e-03
  -9.8596600e-03
  -1.1612600e-02
  -1.0016600e-02
  -8.4458800e-03
  -1.1422100e-02
  -2.1457700e-02
  -3.5963300e-02
  -4.9342300e-02
  -5.8760700e-02
  -6.4748000e-02
  -6.8652800e-02
  -7.0563300e-02
  -6.8657300e-02
  -6.1736900e-02
  -5.0741900e-02
  -3.6335600e-02
  -1.8931000e-02
  -4.2575800e-04
   1.6653700e-02
   2.9089100e-02
   3.4513400e-02
   3.2386600e-02
   2.3100600e-02
   9.7053500e-03
  -3.4983000e-03
  -1.4707300e-02
  -2.3253800e-02
  -2.7748700e-02
  -2.9316300e-02
  -3.1706600e-02
  -3.6113800e-02
  -4.0413400e-02
  -4.2290800e-02
  -4.1356900e-02
  -3.8886000e-02
  -3.6119600e-02
  -3.2673000e-02
  -2.7658000e-02
  -2.2114100e-02
  -1.7695200e-02
  -1.4614600e-02
  -1.1528300e-02
  -7.9039000e-03
  -4.4405800e-03
  -5.4673600e-04
   6.0776500e-03
   1.7075500e-02
   3.0253600e-02
   4.1002400e-02
   4.6177400e-02
   4.4978600e-02
   3.8561700e-02
   3.0739900e-02
   2.5782600e-02
   2.4985600e-02
   2.7708500e-02
   3.2092600e-02
   3.4962200e-02
   3.3968200e-02
   2.8286300e-02
   1.9015900e-02
   9.7313900e-03
   3.6063200e-03
   1.7632300e-03
   4.3457100e-03
   9.7145000e-03
   1.5006200e-02
   1.9850500e-02
   2.5102600e-02
   2.9207700e-02
   3.0137400e-02
   2.6922900e-02
   1.9263000e-02
   8.7630700e-03
  -2.4376700e-03
  -1.4089200e-02
  -2.6569300e-02
  -3.8779800e-02
  -4.9368400e-02
  -5.8054600e-02
  -6.3747900e-02
  -6.5008900e-02
  -6.2969400e-02
  -5.9822800e-02
  -5.5400400e-02
  -4.8225500e-02
  -3.8302500e-02
  -2.7189100e-02
  -1.5198800e-02
  -1.2452500e-03
   1.4631300e-02
   3.1229300e-02
   4.7776400e-02
   6.4729600e-02
   8.2279600e-02
   9.9549400e-02
   1.1475400e-01
   1.2473800e-01
   1.2703100e-01
   1.2166300e-01
   1.1150900e-01
   1.0133600e-01
   9.3335500e-02
   8.5270700e-02
   7.4056400e-02
   5.7863100e-02
   3.6278300e-02
   1.1673800e-02
  -1.3234500e-02
  -3.7755300e-02
  -6.0596500e-02
  -7.8972900e-02
  -9.0128600e-02
  -9.3972900e-02
  -9.4430800e-02
  -9.5289200e-02
  -9.7375300e-02
  -9.9277400e-02
  -9.7571900e-02
  -8.8607400e-02
  -7.0211600e-02
  -4.4319200e-02
  -1.6947600e-02
   9.1205300e-03
   3.4131400e-02
   5.5665500e-02
   6.9991400e-02
   7.3742700e-02
   6.6276300e-02
   5.1007400e-02
   3.1311700e-02
   1.0096700e-02
  -9.4792700e-03
  -2.7242600e-02
  -4.5415900e-02
  -6.5304100e-02
  -8.5919800e-02
  -1.0388100e-01
  -1.1564600e-01
  -1.2039700e-01
  -1.1954700e-01
  -1.1480700e-01
  -1.0746800e-01
  -9.7915400e-02
  -8.6360600e-02
  -7.2808400e-02
  -5.6897500e-02
  -4.0794800e-02
  -2.7283900e-02
  -1.4596500e-02
   4.7694700e-04
   1.6874400e-02
   3.0570200e-02
   3.9607400e-02
   4.5211500e-02
   4.9201400e-02
   5.2932500e-02
   5.6667700e-02
   5.8844800e-02
   5.7976700e-02
   5.4635600e-02
   5.0436500e-02
   4.6487900e-02
   4.4013300e-02
   4.4676800e-02
   4.8738800e-02
   5.3755200e-02
   5.7055700e-02
   5.8270300e-02
   5.8281100e-02
   5.8156200e-02
   5.8882300e-02
   6.0701900e-02
   6.2240800e-02
   6.1337100e-02
   5.6812200e-02
   4.9263300e-02
   4.1253900e-02
   3.5378800e-02
   3.1489200e-02
   2.7378700e-02
   2.1654100e-02
   1.4639400e-02
   7.6418300e-03
   7.1440100e-04
  -8.2154000e-03
  -2.0054000e-02
  -3.3124700e-02
  -4.3888000e-02
  -4.7846000e-02
  -4.3019200e-02
  -3.2204600e-02
  -2.0086400e-02
  -9.0521800e-03
   6.8394000e-04
   1.0287300e-02
   2.1865600e-02
   3.6199000e-02
   5.1197900e-02
   6.1970200e-02
   6.5735800e-02
   6.4187900e-02
   5.9970100e-02
   5.5406100e-02
   5.0872300e-02
   4.4072400e-02
   3.3330800e-02
   1.8718800e-02
   8.7765400e-04
  -1.8009200e-02
  -3.5122600e-02
  -4.8603400e-02
  -5.8269400e-02
  -6.6426700e-02
  -7.4319600e-02
  -7.9995000e-02
  -8.0847300e-02
  -7.5944400e-02
  -6.7651500e-02
  -5.9902300e-02
  -5.4255800e-02
  -4.9090900e-02
  -4.2072500e-02
  -3.2893500e-02
  -2.2766300e-02
  -1.2282600e-02
  -9.6312600e-04
   1.2633200e-02
   2.9317000e-02
   4.8203200e-02
   6.8031500e-02
   8.5435500e-02
   9.6143800e-02
   1.0074000e-01
   1.0273000e-01
   1.0315100e-01
   1.0037600e-01
   9.2482800e-02
   7.8330800e-02
   5.7465900e-02
   3.0996100e-02
   1.8825100e-03
  -2.6741100e-02
  -5.3279400e-02
  -7.8331700e-02
  -1.0173200e-01
  -1.1936800e-01
  -1.2806300e-01
  -1.2956700e-01
  -1.2693700e-01
  -1.2137400e-01
  -1.1136500e-01
  -9.5729500e-02
  -7.7901300e-02
  -6.2355000e-02
  -5.0795800e-02
  -4.3238900e-02
  -3.7802700e-02
  -3.2791700e-02
  -2.7519800e-02
  -2.0119000e-02
  -1.0086800e-02
   3.7701400e-04
   9.5802300e-03
   1.7008100e-02
   2.2309800e-02
   2.5522400e-02
   2.6446000e-02
   2.4493700e-02
   1.9906900e-02
   1.3672700e-02
   6.6871400e-03
  -7.3231500e-04
  -8.8238200e-03
  -1.7417700e-02
  -2.6055300e-02
  -3.5405300e-02
  -4.6851800e-02
  -5.9537000e-02
  -6.9255700e-02
  -7.2565400e-02
  -6.9413200e-02
  -6.1678500e-02
  -5.0733800e-02
  -3.6288200e-02
  -1.8625200e-02
   8.6389400e-04
   1.9844400e-02
   3.6056600e-02
   4.9712200e-02
   6.2141700e-02
   7.4290100e-02
   8.5442300e-02
   9.3060700e-02
   9.5228400e-02
   9.1409800e-02
   8.2481900e-02
   7.0515200e-02
   5.7028500e-02
   4.3816700e-02
   3.4180700e-02
   2.9385300e-02
   2.7332700e-02
   2.6102900e-02
   2.4945000e-02
   2.2559800e-02
   1.8106900e-02
   1.3253200e-02
   1.0033800e-02
   8.1027900e-03
   5.8633200e-03
   2.0160700e-03
  -4.0559400e-03
  -1.1421100e-02
  -1.7916300e-02
  -2.1559500e-02
  -2.1779400e-02
  -2.0172800e-02
  -1.8726500e-02
  -1.7905400e-02
  -1.6799600e-02
  -1.3638000e-02
  -7.4252000e-03
   1.4364700e-04
   5.7836100e-03
   7.5896500e-03
   6.2835400e-03
   3.7770600e-03
   1.6018200e-03
   7.5454500e-04
   1.9562500e-03
   5.3476700e-03
   9.6063600e-03
   1.3517700e-02
   1.7315900e-02
   2.1387400e-02
   2.5278300e-02
   2.8101600e-02
   3.0303300e-02
   3.2263200e-02
   3.2314000e-02
   2.9207000e-02
   2.4236100e-02
   1.9224800e-02
   1.4216100e-02
   8.0138200e-03
   1.4916900e-04
  -6.5982200e-03
  -7.8920200e-03
  -2.4357100e-03
   7.4539500e-03
   1.7412000e-02
   2.3698300e-02
   2.5847100e-02
   2.5068400e-02
   2.1664900e-02
   1.5898400e-02
   9.6161000e-03
   5.0103000e-03
   2.1993700e-03
  -1.2423600e-03
  -7.7522900e-03
  -1.7766500e-02
  -2.9867100e-02
  -4.1653300e-02
  -5.1203600e-02
  -5.6761800e-02
  -5.6709500e-02
  -5.1225000e-02
  -4.2159900e-02
  -3.2040600e-02
  -2.3951300e-02
  -2.0453900e-02
  -2.2259300e-02
  -2.7707200e-02
  -3.3089600e-02
  -3.4398500e-02
  -3.0045100e-02
  -2.1556100e-02
  -1.1036000e-02
  -2.7766200e-04
   8.7618600e-03
   1.4693800e-02
   1.6869000e-02
   1.5698400e-02
   1.3139600e-02
   1.1506300e-02
   1.1668200e-02
   1.2756200e-02
   1.3660100e-02
   1.3352500e-02
   9.8490100e-03
   2.4139100e-03
  -5.8033400e-03
  -1.0610900e-02
  -1.0982100e-02
  -9.0672600e-03
  -7.3385500e-03
  -7.2299800e-03
  -1.0064400e-02
  -1.6828300e-02
  -2.7605200e-02
  -4.1304200e-02
  -5.5130800e-02
  -6.6354100e-02
  -7.3542100e-02
  -7.5185800e-02
  -7.0146900e-02
  -5.9694500e-02
  -4.6572400e-02
  -3.3098100e-02
  -1.9581400e-02
  -4.8488500e-03
   1.0817000e-02
   2.5544800e-02
   3.6297600e-02
   3.9102900e-02
   3.2398100e-02
   1.9756800e-02
   6.1277200e-03
  -6.8718400e-03
  -1.9571400e-02
  -3.1069200e-02
  -3.9487100e-02
  -4.3879500e-02
  -4.4153700e-02
  -4.0688300e-02
  -3.4661900e-02
  -2.7301600e-02
  -1.8540300e-02
  -7.7443000e-03
   4.5632700e-03
   1.7417200e-02
   2.9999100e-02
   4.0859100e-02
   4.8290400e-02
   5.1402700e-02
   5.1574600e-02
   5.2100900e-02
   5.4077100e-02
   5.5252000e-02
   5.3423000e-02
   4.7647000e-02
   3.6936600e-02
   2.1463600e-02
   4.3926300e-03
  -1.0569500e-02
  -2.1135000e-02
  -2.5494100e-02
  -2.4034700e-02
  -2.0587100e-02
  -1.7924300e-02
  -1.6344000e-02
  -1.6201300e-02
  -1.8022100e-02
  -2.2669400e-02
  -2.9212700e-02
  -3.3699100e-02
  -3.3173100e-02
  -2.8222400e-02
  -2.1256900e-02
  -1.3582700e-02
  -5.3814900e-03
   2.9262300e-03
   1.1196300e-02
   1.9705500e-02
   2.8423800e-02
   3.7157300e-02
   4.5516700e-02
   5.2701700e-02
   5.7376500e-02
   5.7211600e-02
   5.0209800e-02
   3.7246600e-02
   2.2508500e-02
   9.9897800e-03
   2.2879400e-04
  -8.2254700e-03
  -1.5643000e-02
  -2.1031500e-02
  -2.4965400e-02
  -2.8763000e-02
  -3.1972700e-02
  -3.3871400e-02
  -3.4233800e-02
  -3.2403200e-02
  -2.7549500e-02
  -1.9128800e-02
  -7.5156700e-03
   6.4836000e-03
   2.3748000e-02
   4.3769900e-02
   6.1610100e-02
   7.3159600e-02
   7.7626600e-02
   7.5624600e-02
   6.8549400e-02
   5.8415700e-02
   4.8463700e-02
   4.1661000e-02
   3.8191000e-02
   3.6459500e-02
   3.4347500e-02
   2.8826400e-02
   1.7345700e-02
   5.7805500e-04
  -1.7417600e-02
  -3.3032100e-02
  -4.5608300e-02
  -5.5745400e-02
  -6.3114000e-02
  -6.6566100e-02
  -6.6141300e-02
  -6.4093800e-02
  -6.2230100e-02
  -5.9876100e-02
  -5.5818200e-02
  -5.0189100e-02
  -4.4435000e-02
  -3.8919500e-02
  -3.3012100e-02
  -2.7909300e-02
  -2.5400200e-02
  -2.6294200e-02
  -3.0026000e-02
  -3.4270500e-02
  -3.7165500e-02
  -3.9002000e-02
  -4.0794800e-02
  -4.2066400e-02
  -4.0587400e-02
  -3.4581000e-02
  -2.5241400e-02
  -1.6125400e-02
  -9.5386800e-03
  -5.8842500e-03
  -5.2809500e-03
  -6.5683700e-03
  -7.0383200e-03
  -5.2010200e-03
  -1.9245800e-03
   1.8242300e-03
   5.2566700e-03
   7.0336600e-03
   7.7051700e-03
   9.5083800e-03
   1.3798600e-02
   2.0091100e-02
   2.5240100e-02
   2.6314500e-02
   2.3289100e-02
   1.7378400e-02
   1.0422100e-02
   3.6142800e-03
  -2.8981900e-03
  -8.1778300e-03
  -1.0653400e-02
  -1.0362800e-02
  -9.2875900e-03
  -9.0463700e-03
  -1.1298400e-02
  -1.7449900e-02
  -2.5905900e-02
  -3.2697800e-02
  -3.4862300e-02
  -3.1640400e-02
  -2.3842800e-02
  -1.3862200e-02
  -4.6553500e-03
   2.2503900e-03
   7.5384900e-03
   1.3120500e-02
   2.1012500e-02
   3.2391400e-02
   4.5794000e-02
   5.7281600e-02
   6.3341400e-02
   6.2365000e-02
   5.5202700e-02
   4.5193100e-02
   3.4657100e-02
   2.2992500e-02
   9.7409100e-03
  -3.3536900e-03
  -1.3104400e-02
  -1.6585900e-02
  -1.4237500e-02
  -1.0371500e-02
  -8.7568300e-03
  -1.0352500e-02
  -1.5311500e-02
  -2.3065800e-02
  -3.1376500e-02
  -3.7561600e-02
  -3.9267500e-02
  -3.6963700e-02
  -3.4325300e-02
  -3.3026500e-02
  -3.1354800e-02
  -2.7661000e-02
  -2.1880400e-02
  -1.4633900e-02
  -6.3013800e-03
   3.7843600e-03
   1.6229600e-02
   2.9595800e-02
   4.1178200e-02
   4.8267700e-02
   4.9361400e-02
   4.4943100e-02
   3.6661000e-02
   2.6317800e-02
   1.6157800e-02
   8.4088000e-03
   3.0623800e-03
  -9.7137100e-04
  -3.9848000e-03
  -5.9015600e-03
  -7.4164400e-03
  -1.0133600e-02
  -1.5419500e-02
  -2.3786500e-02
  -3.3479300e-02
  -4.1479200e-02
  -4.6593200e-02
  -4.9607900e-02
  -5.1081300e-02
  -4.9424400e-02
  -4.3166600e-02
  -3.4377700e-02
  -2.7230900e-02
  -2.4608000e-02
  -2.4962500e-02
  -2.3214900e-02
  -1.6555500e-02
  -5.5423500e-03
   7.0586900e-03
   1.6808800e-02
   2.1698100e-02
   2.3767300e-02
   2.6446400e-02
   3.2406700e-02
   4.1840100e-02
   5.1416600e-02
   5.7373900e-02
   5.9323600e-02
   5.8818700e-02
   5.6853800e-02
   5.4961400e-02
   5.4707700e-02
   5.5438500e-02
   5.5924400e-02
   5.5639700e-02
   5.3983700e-02
   5.0602000e-02
   4.5903100e-02
   4.0802900e-02
   3.5815100e-02
   2.9634500e-02
   1.9838000e-02
   6.5973700e-03
  -7.9925100e-03
  -2.2739600e-02
  -3.7154100e-02
  -5.1125400e-02
  -6.3339700e-02
  -7.2140400e-02
  -7.7416700e-02
  -7.9185600e-02
  -7.7334900e-02
  -7.1792100e-02
  -6.3839100e-02
  -5.6213100e-02
  -4.9698600e-02
  -4.3922200e-02
  -3.8963300e-02
  -3.4439200e-02
  -2.9942300e-02
  -2.5147700e-02
  -2.0164500e-02
  -1.5663300e-02
  -1.1185400e-02
  -4.6745700e-03
   5.7316600e-03
   1.8273700e-02
   2.7954900e-02
   3.2715100e-02
   3.4079300e-02
   3.3901000e-02
   3.3721700e-02
   3.3195300e-02
   3.1054300e-02
   2.7824200e-02
   2.5156700e-02
   2.4495500e-02
   2.6023400e-02
   3.0000000e-02
   3.6896300e-02
   4.4442700e-02
   4.9851900e-02
   5.3616200e-02
   5.8559300e-02
   6.6729100e-02
   7.6730200e-02
   8.4538800e-02
   8.7801100e-02
   8.8073600e-02
   8.8238100e-02
   8.7883200e-02
   8.4596000e-02
   7.8076900e-02
   7.0843600e-02
   6.5442300e-02
   6.1931700e-02
   5.9051400e-02
   5.5903100e-02
   5.2814600e-02
   5.0305700e-02
   4.9106700e-02
   4.9340000e-02
   4.9959400e-02
   5.0840500e-02
   5.2057800e-02
   5.2703800e-02
   5.2251700e-02
   5.1908000e-02
   5.4211700e-02
   5.9684600e-02
   6.6033700e-02
   7.1662100e-02
   7.5267500e-02
   7.6757400e-02
   7.6893500e-02
   7.5520400e-02
   7.4443700e-02
   7.4064500e-02
   7.0720600e-02
   6.1326100e-02
   4.5387500e-02
   2.4887000e-02
   2.9399500e-03
  -1.8217200e-02
  -3.6404600e-02
  -4.9723900e-02
  -5.8281700e-02
  -6.2759100e-02
  -6.3154400e-02
  -5.9406100e-02
  -5.2415700e-02
  -4.4664000e-02
  -3.7380200e-02
  -3.0768900e-02
  -2.6086700e-02
  -2.3722800e-02
  -2.2894800e-02
  -2.2255600e-02
  -2.0839500e-02
  -1.8696200e-02
  -1.5784400e-02
  -1.1808700e-02
  -7.2029200e-03
  -4.4460300e-03
  -5.4105100e-03
  -8.8435100e-03
  -1.1660500e-02
  -1.1031700e-02
  -6.2659600e-03
   1.3345500e-03
   1.0051700e-02
   1.8629600e-02
   2.6338200e-02
   3.1697000e-02
   3.1537400e-02
   2.2458100e-02
   3.2686500e-03
  -2.2216300e-02
  -4.8926700e-02
  -7.5511700e-02
  -1.0036400e-01
  -1.1904300e-01
  -1.2840200e-01
  -1.2957500e-01
  -1.2579200e-01
  -1.1907700e-01
  -1.0947400e-01
  -9.5760200e-02
  -7.7590500e-02
  -5.7176900e-02
  -3.7979400e-02
  -2.2801300e-02
  -1.3314200e-02
  -9.9838300e-03
  -1.1714400e-02
  -1.6241800e-02
  -2.1007800e-02
  -2.4486100e-02
  -2.6340400e-02
  -2.7033400e-02
  -2.8077300e-02
  -3.0493500e-02
  -3.4591400e-02
  -3.9360900e-02
  -4.2678900e-02
  -4.3547100e-02
  -4.2195300e-02
  -3.9077100e-02
  -3.4941000e-02
  -3.0789900e-02
  -2.8247000e-02
  -2.8496300e-02
  -2.9710800e-02
  -2.9187300e-02
  -2.5111300e-02
  -1.6381000e-02
  -2.4821100e-03
   1.4974800e-02
   3.2414600e-02
   4.8177800e-02
   6.2246200e-02
   7.4308000e-02
   8.3324100e-02
   8.8998900e-02
   9.3307400e-02
   9.7723000e-02
   9.8753500e-02
   9.1722000e-02
   7.7047400e-02
   5.8700400e-02
   4.1168800e-02
   2.6625000e-02
   1.2988400e-02
  -3.3533100e-03
  -2.2362500e-02
  -4.1007400e-02
  -5.7760000e-02
  -7.2960300e-02
  -8.7399300e-02
  -1.0178800e-01
  -1.1562100e-01
  -1.2674800e-01
  -1.3283100e-01
  -1.3401100e-01
  -1.3336200e-01
  -1.3169300e-01
  -1.2675100e-01
  -1.1672300e-01
  -1.0182000e-01
  -8.4484100e-02
  -6.7432700e-02
  -5.3334100e-02
  -4.2706800e-02
  -3.4006700e-02
  -2.5381700e-02
  -1.4906900e-02
  -3.9464500e-03
   2.8139400e-03
   2.8983800e-03
  -6.5091400e-04
  -3.8969700e-03
  -5.8199600e-03
  -8.0318100e-03
  -1.3965700e-02
  -2.5428500e-02
  -4.0856000e-02
  -5.5466900e-02
  -6.4802500e-02
  -6.8533600e-02
  -6.8403300e-02
  -6.7623300e-02
  -6.9419300e-02
  -7.3697000e-02
  -7.7820500e-02
  -8.0328800e-02
  -8.1272600e-02
  -8.0479000e-02
  -7.7871500e-02
  -7.3452600e-02
  -6.7244800e-02
  -5.8078300e-02
  -4.4493500e-02
  -2.7742300e-02
  -1.0865600e-02
   3.9909500e-03
   1.7099900e-02
   3.1987800e-02
   5.3125400e-02
   8.0549700e-02
   1.0674600e-01
   1.2436000e-01
   1.3522400e-01
   1.4385600e-01
   1.5037700e-01
   1.5353800e-01
   1.5330900e-01
   1.5060600e-01
   1.4718700e-01
   1.4451500e-01
   1.4195700e-01
   1.3789800e-01
   1.3150500e-01
   1.2211100e-01
   1.0875600e-01
   8.9772700e-02
   6.2834200e-02
   3.0003600e-02
  -9.4911600e-04
  -2.2873100e-02
  -3.2816600e-02
  -3.2776200e-02
  -2.8906100e-02
  -2.6281400e-02
  -2.4648000e-02
  -2.0282500e-02
  -1.1380800e-02
  -9.8607200e-04
   7.0998700e-03
   1.3104600e-02
   2.1017100e-02
   3.3765800e-02
   5.0432000e-02
   6.7051400e-02
   7.8430400e-02
   8.3784900e-02
   8.6829700e-02
   9.0410300e-02
   9.4893600e-02
   9.9425100e-02
   1.0308300e-01
   1.0546900e-01
   1.0691300e-01
   1.0724600e-01
   1.0630400e-01
   1.0410200e-01
   1.0203300e-01
   1.0151900e-01
   1.0105700e-01
   9.8637000e-02
   9.2184800e-02
   8.0247000e-02
   6.2416500e-02
   4.0434500e-02
   1.9011200e-02
   1.1967400e-03
  -1.2887000e-02
  -2.5472200e-02
  -3.8942700e-02
  -5.2071100e-02
  -6.2272400e-02
  -6.8787500e-02
  -7.2090400e-02
  -7.3315400e-02
  -7.3951800e-02
  -7.5941800e-02
  -7.9963600e-02
  -8.4537500e-02
  -8.8757100e-02
  -9.2727200e-02
  -9.6579600e-02
  -9.8902800e-02
  -9.7597800e-02
  -9.1997600e-02
  -8.2180400e-02
  -6.8540500e-02
  -5.2250300e-02
  -3.4941200e-02
  -1.6880800e-02
   1.5973700e-03
   1.7333200e-02
   2.7033000e-02
   2.8398300e-02
   2.1218000e-02
   1.0904100e-02
   4.6469700e-03
   4.2878200e-03
   7.5909500e-03
   1.1992400e-02
   1.4660000e-02
   1.3879700e-02
   9.7341600e-03
   3.8919800e-03
  -6.7548100e-04
  -1.9179200e-03
  -1.4861900e-04
   2.2847100e-03
   3.6034700e-03
   4.2349700e-03
   4.8663100e-03
   5.8457600e-03
   5.7488300e-03
   2.7525900e-03
  -1.7573300e-03
  -5.8975900e-03
  -9.1538700e-03
  -1.1912500e-02
  -1.5036300e-02
  -1.8917800e-02
  -2.3378200e-02
  -2.7994800e-02
  -3.2434000e-02
  -3.4472300e-02
  -3.1333300e-02
  -2.3496200e-02
  -1.4516300e-02
  -8.4936900e-03
  -7.4836000e-03
  -1.2113600e-02
  -2.1724600e-02
  -3.4442100e-02
  -4.8944900e-02
  -6.3998600e-02
  -7.8744000e-02
  -9.2118800e-02
  -1.0236700e-01
  -1.0881700e-01
  -1.1124800e-01
  -1.1038700e-01
  -1.0883900e-01
  -1.0743500e-01
  -1.0468900e-01
  -9.9198900e-02
  -9.0656900e-02
  -8.0730600e-02
  -7.0621400e-02
  -6.0322600e-02
  -5.0593400e-02
  -4.1594800e-02
  -3.1307100e-02
  -1.8946400e-02
  -6.8780600e-03
   2.0099300e-03
   6.2470000e-03
   4.4109900e-03
  -3.9258900e-03
  -1.4946100e-02
  -2.4619800e-02
  -3.0982900e-02
  -3.3528500e-02
  -3.3754100e-02
  -3.2763300e-02
  -3.1349200e-02
  -3.0432900e-02
  -2.9831700e-02
  -2.8142900e-02
  -2.3963100e-02
  -1.7115800e-02
  -8.2769800e-03
   1.7309100e-03
   1.1219000e-02
   1.7433100e-02
   1.9277700e-02
   1.7933700e-02
   1.5386500e-02
   1.3317500e-02
   1.3010700e-02
   1.5275600e-02
   1.9509000e-02
   2.3560300e-02
   2.6044500e-02
   2.7973500e-02
   3.0248500e-02
   3.2778100e-02
   3.5978200e-02
   3.9900400e-02
   4.3757700e-02
   4.6773100e-02
   4.6651200e-02
   4.2071600e-02
   3.3412400e-02
   2.1529900e-02
   6.4523700e-03
  -1.3684700e-02
  -3.8783000e-02
  -6.6477400e-02
  -9.1740800e-02
  -1.0906500e-01
  -1.1529800e-01
  -1.1099000e-01
  -1.0179100e-01
  -9.3098200e-02
  -8.5352700e-02
  -7.7585100e-02
  -7.0354500e-02
  -6.2859200e-02
  -5.5854700e-02
  -5.1795500e-02
  -5.0681400e-02
  -5.2125300e-02
  -5.5207200e-02
  -5.7979700e-02
  -5.9517200e-02
  -5.9779200e-02
  -5.7421600e-02
  -5.0093200e-02
  -3.6138900e-02
  -1.6398400e-02
   6.8453400e-03
   3.1408700e-02
   5.4278300e-02
   7.3838700e-02
   8.8242300e-02
   9.5870300e-02
   9.8589100e-02
   9.8464500e-02
   9.5907700e-02
   9.1383100e-02
   8.5890900e-02
   8.0679900e-02
   7.7748600e-02
   7.8220500e-02
   8.1112500e-02
   8.5567000e-02
   9.0785100e-02
   9.5140100e-02
   9.7721300e-02
   9.7412000e-02
   9.4673400e-02
   9.0175500e-02
   8.3130300e-02
   7.4923100e-02
   6.6216800e-02
   5.6331900e-02
   4.6239800e-02
   3.7022400e-02
   2.9059300e-02
   2.2290600e-02
   1.5395800e-02
   8.0314300e-03
   2.6844800e-04
  -6.9028800e-03
  -1.1933300e-02
  -1.5698600e-02
  -1.9192800e-02
  -2.3395500e-02
  -2.8573200e-02
  -3.3856400e-02
  -3.7930400e-02
  -4.0470500e-02
  -4.2659800e-02
  -4.4514600e-02
  -4.4438000e-02
  -4.1662700e-02
  -3.7567400e-02
  -3.1145500e-02
  -1.9782300e-02
  -5.1893600e-03
   1.0905400e-02
   2.9481800e-02
   5.0102800e-02
   7.0874200e-02
   8.9140400e-02
   1.0346700e-01
   1.1435200e-01
   1.2315100e-01
   1.3125000e-01
   1.3780400e-01
   1.4065500e-01
   1.3891800e-01
   1.3324300e-01
   1.2593300e-01
   1.1931800e-01
   1.1332700e-01
   1.0577400e-01
   9.4563900e-02
   8.1931500e-02
   7.1460300e-02
   6.3007600e-02
   5.5887600e-02
   4.9761300e-02
   4.3644800e-02
   3.6659300e-02
   2.9118300e-02
   2.2845300e-02
   1.8733600e-02
   1.7558800e-02
   2.0100800e-02
   2.6135200e-02
   3.5766100e-02
   4.8309100e-02
   6.2808200e-02
   7.7384300e-02
   9.0207900e-02
   1.0144700e-01
   1.1068600e-01
   1.1663900e-01
   1.1947800e-01
   1.1992900e-01
   1.1834300e-01
   1.1538500e-01
   1.0984500e-01
   1.0233400e-01
   9.3390400e-02
   8.2122800e-02
   7.0704500e-02
   6.0799900e-02
   5.2972100e-02
   4.6692300e-02
   4.0305200e-02
   3.5134200e-02
   3.3372400e-02
   3.4114400e-02
   3.7203000e-02
   4.3352100e-02
   5.0798300e-02
   5.8167000e-02
   6.5145600e-02
   7.0935600e-02
   7.5667400e-02
   7.9674300e-02
   8.2707100e-02
   8.3991300e-02
   8.3535300e-02
   8.3119900e-02
   8.3560800e-02
   8.4038200e-02
   8.3928300e-02
   8.3973000e-02
   8.5287200e-02
   8.8486200e-02
   9.3550000e-02
   9.9839900e-02
   1.0625300e-01
   1.1224700e-01
   1.1832200e-01
   1.2499400e-01
   1.3245000e-01
   1.3916500e-01
   1.4407300e-01
   1.4845800e-01
   1.5219100e-01
   1.5276200e-01
   1.5014200e-01
   1.4669100e-01
   1.4449900e-01
   1.4442500e-01
   1.4528500e-01
   1.4473600e-01
   1.4258200e-01
   1.4101000e-01
   1.4094200e-01
   1.4191500e-01
   1.4209800e-01
   1.4066900e-01
   1.3827800e-01
   1.3599600e-01
   1.3539100e-01
   1.3591400e-01
   1.3485800e-01
   1.3107000e-01
   1.2456700e-01
   1.1760600e-01
   1.1245600e-01
   1.0769000e-01
   1.0280400e-01
   9.6789900e-02
   8.8526900e-02
   7.8586700e-02
   6.8170300e-02
   5.9606900e-02
   5.2843900e-02
   4.6282000e-02
   3.9047600e-02
   2.9259000e-02
   1.8068700e-02
   8.8751100e-03
   1.5783800e-03
  -4.1655600e-03
  -9.9259700e-03
  -1.8807100e-02
  -3.0646500e-02
  -4.3742100e-02
  -5.6469800e-02
  -6.5371500e-02
  -6.8929400e-02
  -6.9996700e-02
  -7.1000900e-02
  -7.4815000e-02
  -8.1730300e-02
  -8.8406000e-02
  -9.3178300e-02
  -9.4922400e-02
  -9.4623200e-02
  -9.3655600e-02
  -9.1962600e-02
  -9.0180700e-02
  -8.7577200e-02
  -8.4881200e-02
  -8.4397600e-02
  -8.6855900e-02
  -9.2812800e-02
  -1.0174700e-01
  -1.1207000e-01
  -1.2234300e-01
  -1.3160600e-01
  -1.4099300e-01
  -1.5094600e-01
  -1.6009100e-01
  -1.6846900e-01
  -1.7757900e-01
  -1.8877000e-01
  -2.0134900e-01
  -2.1323400e-01
  -2.2236600e-01
  -2.2837400e-01
  -2.3458900e-01
  -2.4348500e-01
  -2.5258600e-01
  -2.5951100e-01
  -2.6449900e-01
  -2.6918100e-01
  -2.7465500e-01
  -2.7966700e-01
  -2.8369500e-01
  -2.8698300e-01
  -2.8989100e-01
  -2.9299700e-01
  -2.9508500e-01
  -2.9559600e-01
  -2.9483600e-01
  -2.9269600e-01
  -2.9026400e-01
  -2.8802200e-01
  -2.8506100e-01
  -2.8128000e-01
  -2.7658200e-01
  -2.7077400e-01
  -2.6408500e-01
  -2.5599300e-01
  -2.4544600e-01
  -2.3149000e-01
  -2.1385000e-01
  -1.9243800e-01
  -1.6661800e-01
  -1.3551400e-01
  -9.9185700e-02
  -5.8681800e-02
  -1.9229800e-02
   1.0308100e-02
   2.7031600e-02
   3.5334400e-02
   3.9656800e-02
   4.0389000e-02
   3.4965100e-02
   2.3107000e-02
   8.4166500e-03
  -5.9966100e-03
  -1.9618700e-02
  -3.4496800e-02
  -5.1778400e-02
  -7.1357700e-02
  -9.1937100e-02
  -1.0902400e-01
  -1.1766400e-01
  -1.1263800e-01
  -9.4914600e-02
  -7.3581300e-02
  -5.7981100e-02
  -5.3241100e-02
  -5.1745800e-02
  -3.5779400e-02
   6.6151400e-03
   6.9276900e-02
   1.2816100e-01
   1.6590400e-01
   1.8792900e-01
   2.0786700e-01
   2.3262600e-01
   2.6158900e-01
   2.9249600e-01
   3.2242500e-01
   3.4611000e-01
   3.5785500e-01
   3.5494500e-01
   3.4167800e-01
   3.2809100e-01
   3.2140100e-01
   3.2122200e-01
   3.2158900e-01
   3.1673800e-01
   3.0578800e-01
   2.9273700e-01
   2.8062200e-01
   2.6379700e-01
   2.3556300e-01
   1.9712300e-01
   1.5325300e-01
   1.0581400e-01
   5.1666700e-02
  -8.1688400e-03
  -6.2466500e-02
  -1.0297000e-01
  -1.3276000e-01
  -1.5595700e-01
  -1.7126800e-01
  -1.7713900e-01
  -1.7855000e-01
  -1.8437500e-01
  -1.9375000e-01
  -1.9180500e-01
  -1.7396700e-01
  -1.5141000e-01
  -1.3016600e-01
  -1.1553400e-01
  -1.1106300e-01
  -1.0919300e-01
  -1.0195600e-01
  -9.1461900e-02
  -8.3387100e-02
  -7.9132400e-02
  -7.7470200e-02
  -7.7380400e-02
  -7.9243300e-02
  -8.2374600e-02
  -8.5679500e-02
  -8.8725900e-02
  -9.1082200e-02
  -9.3650700e-02
  -9.5014000e-02
  -9.2669900e-02
  -8.8922500e-02
  -8.6809000e-02
  -8.5839400e-02
  -8.5922500e-02
  -8.7439400e-02
  -8.7959700e-02
  -8.5167600e-02
  -7.8082100e-02
  -6.8298400e-02
  -5.8098100e-02
  -4.5800000e-02
  -3.2663800e-02
  -2.1825100e-02
  -1.1852400e-02
  -1.3279600e-03
   1.0145100e-02
   2.1018200e-02
   2.9533700e-02
   3.6681200e-02
   4.2184800e-02
   4.3909700e-02
   3.9953200e-02
   3.1260100e-02
   1.9570800e-02
   5.5577200e-03
  -9.3281500e-03
  -2.3662000e-02
  -3.6936000e-02
  -4.9177700e-02
  -6.0218700e-02
  -7.0150600e-02
  -7.8591100e-02
  -8.5969100e-02
  -9.4214900e-02
  -1.0320900e-01
  -1.1113600e-01
  -1.1902200e-01
  -1.2826000e-01
  -1.3744600e-01
  -1.4469900e-01
  -1.4831500e-01
  -1.4834000e-01
  -1.4811700e-01
  -1.4846600e-01
  -1.4698300e-01
  -1.4308000e-01
  -1.3570500e-01
  -1.2420400e-01
  -1.0959500e-01
  -9.1105500e-02
  -6.5502800e-02
  -3.2093900e-02
   2.0433800e-03
   2.9199400e-02
   4.9945700e-02
   6.6580600e-02
   7.8897700e-02
   8.7145000e-02
   9.1412800e-02
   9.3371800e-02
   9.5912600e-02
   9.9032800e-02
   1.0198000e-01
   1.0582400e-01
   1.1014600e-01
   1.1433700e-01
   1.1814700e-01
   1.1991700e-01
   1.1870300e-01
   1.1491100e-01
   1.0946000e-01
   1.0277600e-01
   9.6620400e-02
   9.2087300e-02
   8.8579500e-02
   8.6995800e-02
   8.7239800e-02
   8.6665200e-02
   8.3138200e-02
   7.7637100e-02
   7.0672100e-02
   6.1924600e-02
   5.2302400e-02
   4.1810500e-02
   3.0189900e-02
   1.9298300e-02
   1.0964900e-02
   4.5337100e-03
   5.7634300e-05
  -1.8581600e-03
  -1.2438400e-03
   2.1173300e-03
   8.0615800e-03
   1.5416000e-02
   2.3296800e-02
   3.1145000e-02
   3.7811900e-02
   4.3896500e-02
   4.9563700e-02
   5.1922500e-02
   4.8779500e-02
   4.0761400e-02
   2.9945300e-02
   1.6327700e-02
  -1.2563500e-03
  -2.1677800e-02
  -4.3079100e-02
  -6.2272000e-02
  -7.6702500e-02
  -8.6408700e-02
  -9.1888600e-02
  -9.3500600e-02
  -9.0101500e-02
  -8.1255700e-02
  -6.8250500e-02
  -5.1764800e-02
  -3.2279500e-02
  -1.4123700e-02
   5.9495600e-04
   1.4809300e-02
   2.7791600e-02
   3.8160600e-02
   4.4848700e-02
   4.5539100e-02
   4.1945900e-02
   3.8463000e-02
   3.5314700e-02
   3.0345500e-02
   2.3540100e-02
   1.6939900e-02
   1.2127200e-02
   1.0787200e-02
   1.4992000e-02
   2.2652900e-02
   2.9582300e-02
   3.3443500e-02
   3.2841200e-02
   2.7899400e-02
   2.2093300e-02
   1.9652200e-02
   2.2019900e-02
   2.6900900e-02
   3.0780800e-02
   3.1362100e-02
   2.8723200e-02
   2.4869700e-02
   2.1467300e-02
   2.0095200e-02
   1.9964500e-02
   1.9619600e-02
   2.0093800e-02
   1.9761200e-02
   1.8406700e-02
   1.7981700e-02
   1.6262500e-02
   1.2901700e-02
   8.9318200e-03
   4.2584800e-03
  -7.7185000e-04
  -5.3551300e-03
  -9.0478200e-03
  -1.3019700e-02
  -1.6370600e-02
  -1.8482000e-02
  -2.0158700e-02
  -2.0489100e-02
  -1.8351900e-02
  -1.3923100e-02
  -7.8090500e-03
  -4.7369600e-04
   7.4938200e-03
   1.4037800e-02
   1.7356600e-02
   1.8743000e-02
   2.1587400e-02
   2.8681500e-02
   3.9247600e-02
   5.1149300e-02
   6.1930500e-02
   6.9378500e-02
   7.2721300e-02
   7.2381300e-02
   6.9530000e-02
   6.6260200e-02
   6.4534100e-02
   6.4372600e-02
   6.5773800e-02
   6.8182100e-02
   7.0042000e-02
   7.0971900e-02
   7.0142000e-02
   6.7917800e-02
   6.7173800e-02
   6.7206900e-02
   6.5738700e-02
   6.1651600e-02
   5.4015800e-02
   4.3310200e-02
   2.9682500e-02
   1.2904600e-02
  -6.2808700e-03
  -2.4606400e-02
  -3.8948900e-02
  -4.9061600e-02
  -5.4155800e-02
  -5.3272700e-02
  -4.7149300e-02
  -3.8980200e-02
  -3.2287400e-02
  -2.8272800e-02
  -2.6847800e-02
  -2.5690800e-02
  -2.1309600e-02
  -1.3799300e-02
  -5.0029500e-03
   3.7182100e-03
   1.0505300e-02
   1.4672200e-02
   1.5410500e-02
   1.3167900e-02
   9.6624600e-03
   5.0491000e-03
  -3.6534500e-04
  -6.6202200e-03
  -1.4468500e-02
  -2.4131900e-02
  -3.4283200e-02
  -4.2073000e-02
  -4.6592500e-02
  -4.9499300e-02
  -5.2102800e-02
  -5.5037300e-02
  -5.8052200e-02
  -6.0332600e-02
  -6.1561100e-02
  -6.1834800e-02
  -6.2053200e-02
  -6.2820100e-02
  -6.3511800e-02
  -6.4544100e-02
  -6.6800400e-02
  -6.8902700e-02
  -6.8504700e-02
  -6.4821800e-02
  -5.7884100e-02
  -4.7608900e-02
  -3.5482400e-02
  -2.2441600e-02
  -9.8706100e-03
  -5.9597400e-04
   4.7025900e-03
   6.1322800e-03
   4.9450200e-03
   3.2615700e-03
   2.0714700e-03
   1.5393200e-03
  -1.0494500e-03
  -9.1281400e-03
  -2.0527000e-02
  -3.2625600e-02
  -4.5104600e-02
  -5.4863800e-02
  -6.0416100e-02
  -6.2687900e-02
  -6.3146000e-02
  -6.2642200e-02
  -6.1030400e-02
  -5.8681300e-02
  -5.5927600e-02
  -5.3838400e-02
  -5.3070600e-02
  -5.3066700e-02
  -5.4069900e-02
  -5.6452100e-02
  -5.8483700e-02
  -6.0193500e-02
  -6.2987800e-02
  -6.6261400e-02
  -6.9071400e-02
  -7.0551000e-02
  -6.9043000e-02
  -6.3333700e-02
  -5.4142500e-02
  -4.2662700e-02
  -2.9549200e-02
  -1.4772500e-02
   1.3575200e-03
   1.7946300e-02
   3.6426700e-02
   5.5251200e-02
   6.9732300e-02
   8.0173900e-02
   8.7406400e-02
   9.1663700e-02
   9.4567400e-02
   9.7012400e-02
   9.9142900e-02
   9.9037900e-02
   9.5720900e-02
   8.9546200e-02
   7.8693200e-02
   6.2912500e-02
   4.5431000e-02
   2.9094200e-02
   1.4717000e-02
   3.0066500e-03
  -5.7792600e-03
  -1.0502200e-02
  -9.5419600e-03
  -4.3988100e-03
   3.7043700e-03
   1.3009700e-02
   2.1473900e-02
   2.9192000e-02
   3.6063700e-02
   4.1776900e-02
   4.6219600e-02
   5.1007600e-02
   5.6873700e-02
   6.2956000e-02
   6.9838100e-02
   7.6830600e-02
   8.2464400e-02
   8.6599800e-02
   8.9273400e-02
   9.1065000e-02
   9.2738900e-02
   9.3819600e-02
   9.2409000e-02
   8.7302100e-02
   7.9163700e-02
   6.7349000e-02
   5.1585500e-02
   3.2376000e-02
   1.0098600e-02
  -1.2322500e-02
  -3.1866700e-02
  -4.6875600e-02
  -5.7859300e-02
  -6.6722000e-02
  -7.2582000e-02
  -7.4978300e-02
  -7.5159900e-02
  -7.3878000e-02
  -7.2839700e-02
  -7.2714200e-02
  -7.3037900e-02
  -7.3061400e-02
  -7.0738600e-02
  -6.5575400e-02
  -5.9116800e-02
  -5.1552200e-02
  -4.1751000e-02
  -2.8222000e-02
  -1.2153400e-02
   2.9093800e-03
   1.4784400e-02
   2.3297700e-02
   2.7834000e-02
   2.7940300e-02
   2.5692100e-02
   2.2697100e-02
   2.0406700e-02
   1.8336100e-02
   1.4331200e-02
   9.3729000e-03
   5.0353300e-03
   8.7234500e-04
  -3.1040400e-03
  -5.6931000e-03
  -5.7859000e-03
  -1.6682300e-03
   6.0416400e-03
   1.4210900e-02
   2.1527700e-02
   2.7190300e-02
   3.0547300e-02
   3.0379300e-02
   2.4169900e-02
   1.1251100e-02
  -5.7681200e-03
  -2.4100500e-02
  -4.1916800e-02
  -5.5176200e-02
  -6.2051600e-02
  -6.3914400e-02
  -6.1111100e-02
  -5.5733600e-02
  -4.8325800e-02
  -3.8299900e-02
  -2.7333100e-02
  -1.5763200e-02
  -4.4673400e-03
   6.2534800e-03
   1.6432700e-02
   2.3901100e-02
   2.7720600e-02
   2.7950900e-02
   2.4357600e-02
   1.7299600e-02
   7.4664400e-03
  -5.1723000e-03
  -1.9251600e-02
  -3.1912900e-02
  -4.3014000e-02
  -5.2268700e-02
  -5.8401700e-02
  -6.1728500e-02
  -6.2498100e-02
  -6.1784200e-02
  -6.0021000e-02
  -5.6519300e-02
  -5.2287400e-02
  -4.6930200e-02
  -4.0583100e-02
  -3.5519300e-02
  -3.2385400e-02
  -3.1792700e-02
  -3.3290700e-02
  -3.3984200e-02
  -3.2302800e-02
  -2.8778800e-02
  -2.2891900e-02
  -1.5019300e-02
  -6.4700200e-03
   2.8102600e-03
   1.3014000e-02
   2.3404500e-02
   3.3007300e-02
   4.1284100e-02
   4.7363600e-02
   5.1627600e-02
   5.2876000e-02
   4.8691400e-02
   4.0884600e-02
   3.2043800e-02
   2.3793500e-02
   1.7243200e-02
   1.1042100e-02
   4.8129700e-03
   3.1943800e-04
  -9.1479600e-04
   1.3549400e-03
   5.2825000e-03
   9.3484700e-03
   1.2721300e-02
   1.5233900e-02
   1.8553300e-02
   2.3248800e-02
   2.7639600e-02
   3.1137300e-02
   3.5468100e-02
   3.9732200e-02
   4.1899400e-02
   4.1871600e-02
   3.9431000e-02
   3.6624800e-02
   3.5165800e-02
   3.4531000e-02
   3.3379300e-02
   2.9700700e-02
   2.3201000e-02
   1.5053800e-02
   4.4544200e-03
  -7.8226100e-03
  -1.8833600e-02
  -2.7256000e-02
  -3.0296900e-02
  -2.8603100e-02
  -2.5566400e-02
  -2.1773200e-02
  -1.7141700e-02
  -1.2084300e-02
  -6.9842400e-03
  -2.3610700e-03
   1.1330600e-03
   3.8502900e-03
   4.6611600e-03
   2.3124200e-03
  -1.3708300e-03
  -5.1029900e-03
  -9.4293800e-03
  -1.4124200e-02
  -1.9490100e-02
  -2.6225900e-02
  -3.2629600e-02
  -3.6709800e-02
  -3.8133200e-02
  -3.6672100e-02
  -3.1017600e-02
  -2.0644400e-02
  -6.5015000e-03
   1.0199100e-02
   2.8672200e-02
   4.7056600e-02
   6.1208500e-02
   6.8984900e-02
   7.1428800e-02
   7.0844700e-02
   6.9383800e-02
   6.7831800e-02
   6.7306100e-02
   6.8106700e-02
   6.9098300e-02
   7.0242000e-02
   7.1064400e-02
   6.9879300e-02
   6.6602200e-02
   6.3021300e-02
   6.1255200e-02
   6.2379100e-02
   6.4790300e-02
   6.5914200e-02
   6.4395500e-02
   5.9875500e-02
   5.2996500e-02
   4.4412800e-02
   3.3522400e-02
   2.0371700e-02
   6.6124600e-03
  -5.7227500e-03
  -1.5760700e-02
  -2.3822300e-02
  -2.9436000e-02
  -3.2164200e-02
  -3.2356400e-02
  -3.1078700e-02
  -2.9892400e-02
  -2.8661800e-02
  -2.6551100e-02
  -2.3248700e-02
  -1.8956600e-02
  -1.4753000e-02
  -1.0322100e-02
  -4.3654200e-03
   3.5539800e-03
   1.2664500e-02
   2.1107700e-02
   2.6979100e-02
   2.9479200e-02
   2.8506100e-02
   2.4652700e-02
   2.0803100e-02
   1.8730800e-02
   1.7619100e-02
   1.7127900e-02
   1.7314400e-02
   1.6579500e-02
   1.3157400e-02
   8.3775100e-03
   4.8004400e-03
   3.9089800e-03
   5.0280700e-03
   5.7101000e-03
   4.5810600e-03
   2.1897800e-03
  -1.2495400e-03
  -5.3208400e-03
  -9.5117100e-03
  -1.3410900e-02
  -1.5233700e-02
  -1.4793900e-02
  -1.3464700e-02
  -1.2067000e-02
  -1.0436200e-02
  -9.4670600e-03
  -9.9038000e-03
  -1.0028600e-02
  -8.4994500e-03
  -4.4961800e-03
   7.3632800e-04
   4.9781700e-03
   9.4715900e-03
   1.4520700e-02
   1.8891000e-02
   2.2202000e-02
   2.4092400e-02
   2.5384400e-02
   2.6714500e-02
   2.8268800e-02
   2.9969600e-02
   3.0747000e-02
   3.0738000e-02
   3.1551700e-02
   3.3220600e-02
   3.4978200e-02
   3.7219000e-02
   4.0905200e-02
   4.5929400e-02
   5.0906700e-02
   5.3877500e-02
   5.4004600e-02
   5.2442100e-02
   5.0433100e-02
   4.8220500e-02
   4.5543200e-02
   4.2390600e-02
   3.7980700e-02
   3.1386400e-02
   2.2796000e-02
   1.2883300e-02
   8.5589800e-04
  -1.3070600e-02
  -2.6377400e-02
  -3.9648000e-02
  -5.3395400e-02
  -6.5282100e-02
  -7.2676700e-02
  -7.4838000e-02
  -7.4429300e-02
  -7.3501600e-02
  -7.2585800e-02
  -7.2249800e-02
  -7.3191500e-02
  -7.6066400e-02
  -8.1578800e-02
  -8.9273400e-02
  -9.6575600e-02
  -1.0196400e-01
  -1.0549300e-01
  -1.0695100e-01
  -1.0661100e-01
  -1.0585000e-01
  -1.0473400e-01
  -1.0343100e-01
  -1.0314200e-01
  -1.0355300e-01
  -1.0446600e-01
  -1.0503900e-01
  -1.0382100e-01
  -1.0181900e-01
  -1.0073100e-01
  -1.0044200e-01
  -9.9691600e-02
  -9.8672600e-02
  -9.7900000e-02
  -9.6254300e-02
  -9.3547500e-02
  -9.0455800e-02
  -8.5636100e-02
  -7.7054700e-02
  -6.5552800e-02
  -5.2541600e-02
  -3.8829600e-02
  -2.5615100e-02
  -1.2789700e-02
   3.1452100e-04
   1.2002600e-02
   2.0809800e-02
   2.8199400e-02
   3.4518900e-02
   3.9794300e-02
   4.4426700e-02
   4.8839900e-02
   5.2265200e-02
   5.4441500e-02
   5.6290300e-02
   5.5661500e-02
   5.1906100e-02
   4.5281800e-02
   3.6516300e-02
   2.8018800e-02
   1.9784100e-02
   1.2997700e-02
   8.0886200e-03
   3.0442900e-03
  -1.7838400e-03
  -7.2184800e-03
  -1.4417300e-02
  -2.1807300e-02
  -2.8718300e-02
  -3.6038600e-02
  -4.1600800e-02
  -4.4611400e-02
  -4.7307900e-02
  -4.8885700e-02
  -4.9540900e-02
  -5.0187500e-02
  -5.0342800e-02
  -4.9231200e-02
  -4.5914500e-02
  -4.0568800e-02
  -3.2501800e-02
  -2.2156200e-02
  -1.2166700e-02
  -3.6387700e-03
   3.5295000e-03
   8.9418400e-03
   1.1454300e-02
   1.1876500e-02
   1.1582700e-02
   9.7493700e-03
   7.0323500e-03
   5.0643100e-03
   3.7316600e-03
   2.4187300e-03
   9.7964400e-04
  -8.2512800e-04
  -4.1157900e-03
  -9.4266200e-03
  -1.6240500e-02
  -2.3869300e-02
  -3.1614300e-02
  -3.8660400e-02
  -4.3993100e-02
  -4.7596000e-02
  -4.9680400e-02
  -5.0289400e-02
  -4.9236200e-02
  -4.5902800e-02
  -4.0436900e-02
  -3.3484300e-02
  -2.5334700e-02
  -1.5076500e-02
  -2.4039900e-03
   9.9262100e-03
   1.9779600e-02
   2.7578900e-02
   3.4255300e-02
   4.0549700e-02
   4.6151500e-02
   5.0864900e-02
   5.4283500e-02
   5.5894300e-02
   5.6109800e-02
   5.5173300e-02
   5.3588600e-02
   5.2095800e-02
   5.0148900e-02
   4.7176800e-02
   4.2831000e-02
   3.6813100e-02
   3.0589500e-02
   2.5071600e-02
   1.9198400e-02
   1.2067900e-02
   4.1691500e-03
  -4.0359400e-03
  -1.2158800e-02
  -1.9728500e-02
  -2.6270900e-02
  -3.1001600e-02
  -3.2809000e-02
  -3.1454900e-02
  -2.8821000e-02
  -2.4508500e-02
  -1.6887400e-02
  -6.9067100e-03
   3.5217300e-03
   1.2176300e-02
   1.8614100e-02
   2.4667800e-02
   2.9684300e-02
   3.3109800e-02
   3.5595500e-02
   3.6585600e-02
   3.8481500e-02
   4.2172400e-02
   4.5648100e-02
   4.8892700e-02
   5.1064000e-02
   5.0200000e-02
   4.6116700e-02
   4.0076800e-02
   3.2580600e-02
   2.4362100e-02
   1.6276600e-02
   7.5367100e-03
  -1.7915100e-03
  -1.1529800e-02
  -2.1448800e-02
  -2.9543100e-02
  -3.5622600e-02
  -3.9471500e-02
  -4.0358600e-02
  -4.0660600e-02
  -4.0978800e-02
  -4.0160200e-02
  -3.7594100e-02
  -3.1977400e-02
  -2.3647100e-02
  -1.4018500e-02
  -3.1715900e-03
   9.4061500e-03
   2.2718300e-02
   3.5126100e-02
   4.6046700e-02
   5.5269900e-02
   6.2848900e-02
   6.7807000e-02
   6.9550500e-02
   6.9778200e-02
   6.7877200e-02
   6.2824600e-02
   5.6586000e-02
   4.9794700e-02
   4.1016200e-02
   3.0486000e-02
   1.9472100e-02
   8.6971100e-03
  -9.1163900e-04
  -9.1204800e-03
  -1.4574700e-02
  -1.7349000e-02
  -1.9814000e-02
  -2.3057600e-02
  -2.8221900e-02
  -3.4063300e-02
  -3.8114600e-02
  -3.9195100e-02
  -3.7009900e-02
  -3.2939100e-02
  -2.7681500e-02
  -2.0853300e-02
  -1.2122000e-02
  -2.4209200e-03
   6.6810500e-03
   1.5013900e-02
   2.2076600e-02
   2.7621300e-02
   3.0811600e-02
   3.0251600e-02
   2.7848500e-02
   2.4499200e-02
   1.9817000e-02
   1.5654900e-02
   1.2294500e-02
   8.6110600e-03
   5.1742500e-03
   2.1926700e-03
  -7.3162000e-04
  -3.4582700e-03
  -6.0832800e-03
  -7.6280000e-03
  -6.9755100e-03
  -4.4354100e-03
  -5.9805700e-04
   4.2305000e-03
   1.0223200e-02
   1.7093800e-02
   2.2962200e-02
   2.7112300e-02
   3.0955700e-02
   3.4223600e-02
   3.6101200e-02
   3.7366800e-02
   3.6874800e-02
   3.4350800e-02
   3.1696800e-02
   2.8979100e-02
   2.5204400e-02
   1.9580300e-02
   1.1969500e-02
   2.4293800e-03
  -8.4175500e-03
  -1.9561300e-02
  -2.9819100e-02
  -3.8426400e-02
  -4.6519500e-02
  -5.5077500e-02
  -6.2888200e-02
  -6.8206600e-02
  -7.0327400e-02
  -6.9862700e-02
  -6.8044800e-02
  -6.5331000e-02
  -6.1765100e-02
  -5.8443100e-02
  -5.6268600e-02
  -5.5040200e-02
  -5.4121400e-02
  -5.2563300e-02
  -5.0492700e-02
  -4.8458600e-02
  -4.7374900e-02
  -4.7260400e-02
  -4.6122600e-02
  -4.3856100e-02
  -4.1786600e-02
  -3.9411900e-02
  -3.5678300e-02
  -3.0112400e-02
  -2.2851600e-02
  -1.4282700e-02
  -5.5236000e-03
   1.4486300e-03
   5.6554600e-03
   7.1934100e-03
   6.7520600e-03
   3.9438900e-03
  -1.1296000e-03
  -6.7037600e-03
  -1.2411200e-02
  -1.8764900e-02
  -2.4935700e-02
  -2.9475700e-02
  -3.2333600e-02
  -3.5022900e-02
  -3.8046400e-02
  -4.0232300e-02
  -4.1258200e-02
  -4.1701100e-02
  -4.1446100e-02
  -4.0338500e-02
  -3.8763700e-02
  -3.8330800e-02
  -3.9271400e-02
  -3.9357600e-02
  -3.8979700e-02
  -3.9341400e-02
  -4.0367200e-02
  -4.1843400e-02
  -4.3086700e-02
  -4.4163900e-02
  -4.4867500e-02
  -4.4507400e-02
  -4.3161700e-02
  -4.1345000e-02
  -3.9829000e-02
  -3.8973100e-02
  -3.8393600e-02
  -3.7417800e-02
  -3.6359100e-02
  -3.5449200e-02
  -3.2357300e-02
  -2.6301700e-02
  -1.9029200e-02
  -1.1046500e-02
  -1.9218900e-03
   8.1268900e-03
   1.7601800e-02
   2.5623400e-02
   3.1511300e-02
   3.4414200e-02
   3.4796900e-02
   3.3951800e-02
   3.1863600e-02
   2.8459100e-02
   2.4234600e-02
   1.8381100e-02
   1.1546900e-02
   4.4496900e-03
  -3.6660400e-03
  -1.1096900e-02
  -1.6681600e-02
  -2.1655700e-02
  -2.4702600e-02
  -2.4746000e-02
  -2.3310800e-02
  -2.0672300e-02
  -1.6674200e-02
  -1.1475300e-02
  -4.2252500e-03
   5.9316500e-03
   1.8317100e-02
   3.1267700e-02
   4.3319600e-02
   5.3403200e-02
   6.2246200e-02
   7.0437400e-02
   7.6879700e-02
   8.1193100e-02
   8.4478400e-02
   8.7381900e-02
   8.9236800e-02
   9.0021100e-02
   9.0844900e-02
   9.2180100e-02
   9.3111900e-02
   9.2671600e-02
   9.0091000e-02
   8.4769800e-02
   7.7194500e-02
   6.8985100e-02
   6.1689900e-02
   5.4352100e-02
   4.5834400e-02
   3.7276900e-02
   2.8627600e-02
   1.9201700e-02
   9.4074100e-03
   3.2570900e-04
  -7.3772800e-03
  -1.3236300e-02
  -1.6014400e-02
  -1.5968900e-02
  -1.4183400e-02
  -1.1482700e-02
  -8.7016000e-03
  -5.2428700e-03
  -1.0864300e-03
   2.8778500e-03
   7.0397900e-03
   1.0879100e-02
   1.4128700e-02
   1.8134200e-02
   2.2644700e-02
   2.6511200e-02
   2.9567500e-02
   3.1588000e-02
   3.2789700e-02
   3.4099600e-02
   3.5181500e-02
   3.5297000e-02
   3.4159100e-02
   3.2246700e-02
   3.0000000e-02
   2.6754900e-02
   2.2220900e-02
   1.6246000e-02
   9.8645200e-03
   4.8281400e-03
   9.2335600e-04
  -3.0613600e-03
  -7.1101900e-03
  -1.0312000e-02
  -1.2911700e-02
  -1.5617000e-02
  -1.7884800e-02
  -1.9154800e-02
  -1.9280400e-02
  -1.8955500e-02
  -1.9044900e-02
  -1.9464800e-02
  -1.9312200e-02
  -1.7612100e-02
  -1.5976500e-02
  -1.5897600e-02
  -1.5823100e-02
  -1.4418300e-02
  -1.2279800e-02
  -1.0010400e-02
  -8.0394400e-03
  -6.5761200e-03
  -6.1675500e-03
  -7.0248900e-03
  -8.1687900e-03
  -9.0818400e-03
  -9.9484200e-03
  -1.0758300e-02
  -1.1045000e-02
  -1.0577600e-02
  -8.8714400e-03
  -7.3832900e-03
  -7.4246600e-03
  -6.5556500e-03
  -4.9901700e-03
  -4.9931500e-03
  -5.2959200e-03
  -4.5011900e-03
  -2.8618000e-03
  -1.7389800e-03
  -2.0786800e-03
  -2.4486200e-03
  -2.8258900e-03
  -5.0702500e-03
  -9.2169500e-03
  -1.3500300e-02
  -1.6648200e-02
  -1.8394500e-02
  -1.7925000e-02
  -1.4957500e-02
  -9.7921600e-03
  -3.0795500e-03
   3.6933200e-03
   1.0052800e-02
   1.6194100e-02
   2.1753800e-02
   2.6786000e-02
   3.0601200e-02
   3.2116400e-02
   3.1941700e-02
   3.1157500e-02
   2.9956300e-02
   2.7645800e-02
   2.4348900e-02
   1.9970700e-02
   1.4166200e-02
   8.0541300e-03
   1.7993600e-03
  -4.5063600e-03
  -9.7802200e-03
  -1.3983400e-02
  -1.7450200e-02
  -1.8608200e-02
  -1.6370600e-02
  -1.2568700e-02
  -7.7698100e-03
  -2.9417600e-03
   1.2672800e-03
   6.3297000e-03
   1.1376500e-02
   1.5326700e-02
   1.7851300e-02
   2.0138700e-02
   2.3141300e-02
   2.5721500e-02
   2.6804100e-02
   2.4831500e-02
   2.1138000e-02
   1.7845700e-02
   1.4163200e-02
   1.0119600e-02
   6.3296000e-03
   2.9764400e-03
   1.1158500e-03
  -1.5496500e-04
  -1.6694100e-03
  -3.5394300e-03
  -7.0783300e-03
  -1.0612100e-02
  -1.3106100e-02
  -1.5549300e-02
  -1.6933500e-02
  -1.6782800e-02
  -1.5837400e-02
  -1.3455100e-02
  -9.9162600e-03
  -6.0990000e-03
  -1.7924800e-03
   2.8622100e-03
   7.7907200e-03
   1.2410500e-02
   1.5288600e-02
   1.6989000e-02
   1.9318900e-02
   2.1319100e-02
   2.2533800e-02
   2.3149900e-02
   2.3205300e-02
   2.3961600e-02
   2.5293700e-02
   2.6476200e-02
   2.7142400e-02
   2.8083200e-02
   2.9237100e-02
   2.9049100e-02
   2.7703200e-02
   2.7115000e-02
   2.7977200e-02
   2.8911000e-02
   2.9504800e-02
   2.9226100e-02
   2.8311200e-02
   2.8625500e-02
   2.9786700e-02
   3.1223200e-02
   3.3105400e-02
   3.5035100e-02
   3.7615300e-02
   4.0965900e-02
   4.4091100e-02
   4.6396400e-02
   4.8956100e-02
   5.2301100e-02
   5.5198000e-02
   5.7901400e-02
   6.0919300e-02
   6.3579200e-02
   6.6454600e-02
   6.9610800e-02
   7.1588200e-02
   7.2269000e-02
   7.1814200e-02
   7.0086200e-02
   6.7310700e-02
   6.4262200e-02
   6.1619000e-02
   5.9706600e-02
   5.7946700e-02
   5.5012400e-02
   5.1242100e-02
   4.7048600e-02
   4.4026600e-02
   4.1955300e-02
   3.8358100e-02
   3.3908800e-02
   3.0141200e-02
   2.7238800e-02
   2.3905400e-02
   1.9912300e-02
   1.5939400e-02
   1.2999500e-02
   1.1195100e-02
   9.7597800e-03
   7.9506900e-03
   5.4692600e-03
   3.5341900e-03
   1.7362500e-03
  -2.8804500e-04
  -1.8578400e-03
  -3.2904000e-03
  -5.9390200e-03
  -9.6150600e-03
  -1.3156100e-02
  -1.6584100e-02
  -2.0527500e-02
  -2.4435000e-02
  -2.7618000e-02
  -3.0050600e-02
  -3.1141600e-02
  -3.0885800e-02
  -3.0039100e-02
  -2.9216600e-02
  -2.6940900e-02
  -2.3838100e-02
  -2.1605800e-02
  -1.8051000e-02
  -1.4745800e-02
  -1.4225100e-02
  -1.4210600e-02
  -1.4316200e-02
  -1.5800700e-02
  -1.7731500e-02
  -1.8768400e-02
  -1.9477600e-02
  -2.0021300e-02
  -2.1035100e-02
  -2.2875300e-02
  -2.3265900e-02
  -2.2255200e-02
  -2.1221800e-02
  -1.9168700e-02
  -1.5477000e-02
  -1.1611400e-02
  -7.6488700e-03
  -2.9121100e-03
   1.2075800e-03
   5.5384400e-03
   9.7499700e-03
   1.2765500e-02
   1.6567900e-02
   2.1332200e-02
   2.4924500e-02
   2.7256500e-02
   3.0226100e-02
   3.2909700e-02
   3.4950100e-02
   3.5416400e-02
   3.2877500e-02
   2.9456600e-02
   2.5742700e-02
   2.1396600e-02
   1.6662000e-02
   1.1706400e-02
   6.9147700e-03
   2.7418500e-03
   2.1715600e-04
  -9.7080300e-04
  -1.2808700e-03
  -1.3911200e-04
   1.5923200e-03
   2.4488200e-03
   2.8612100e-03
   3.4149800e-03
   3.9898100e-03
   5.2285200e-03
   6.5089800e-03
   6.7103900e-03
   6.4948600e-03
   6.3341400e-03
   7.1788400e-03
   8.9680100e-03
   9.7840400e-03
   9.9077000e-03
   1.0781800e-02
   1.3169100e-02
   1.5428800e-02
   1.5633500e-02
   1.4651800e-02
   1.2940000e-02
   9.7818900e-03
   6.3166300e-03
   3.9904700e-03
   1.4491000e-03
  -1.0372300e-03
  -2.6869400e-03
  -4.4733000e-03
  -6.5856000e-03
  -8.6198800e-03
  -1.0317900e-02
  -1.1669800e-02
  -1.3349800e-02
  -1.5482500e-02
  -1.7313200e-02
  -1.9777700e-02
  -2.2265900e-02
  -2.4810200e-02
  -2.8125500e-02
  -3.1034200e-02
  -3.4397900e-02
  -3.7247600e-02
  -3.9374000e-02
  -4.2445500e-02
  -4.5711300e-02
  -4.8168800e-02
  -4.8849000e-02
  -4.8015400e-02
  -4.7000500e-02
  -4.5775100e-02
  -4.3786600e-02
  -4.2041400e-02
  -4.0086800e-02
  -3.6681100e-02
  -3.2712600e-02
  -2.9107100e-02
  -2.6153500e-02
  -2.3632400e-02
  -2.2009600e-02
  -2.2161700e-02
  -2.3667200e-02
  -2.4933900e-02
  -2.6292500e-02
  -2.7944400e-02
  -2.7780000e-02
  -2.6098400e-02
  -2.3830000e-02
  -2.1998600e-02
  -2.0945500e-02
  -1.8471700e-02
  -1.3850700e-02
  -8.5333700e-03
  -4.1755100e-03
  -1.1962100e-03
   1.7485300e-03
   4.9148400e-03
   6.7215000e-03
   7.5759900e-03
   9.4323300e-03
   1.1921900e-02
   1.2698800e-02
   1.1424900e-02
   9.3746100e-03
   8.3798600e-03
   9.0916300e-03
   9.7982800e-03
   1.0258500e-02
   1.1185500e-02
   1.2231200e-02
   1.3054500e-02
   1.4024800e-02
   1.4659000e-02
   1.3715600e-02
   1.2174900e-02
   1.1024100e-02
   8.8447900e-03
   5.7097000e-03
   3.1096800e-03
   1.4993800e-03
   8.7270500e-04
   9.6958800e-04
   1.1287300e-03
   2.7318600e-04
  -3.0360800e-03
  -8.1012800e-03
  -1.3395700e-02
  -1.9415700e-02
  -2.5956600e-02
  -3.1395200e-02
  -3.5901900e-02
  -4.0204100e-02
  -4.3607900e-02
  -4.6040800e-02
  -4.7816200e-02
  -4.9285700e-02
  -5.0532400e-02
  -5.0910400e-02
  -4.8845000e-02
  -4.4630400e-02
  -3.9824200e-02
  -3.5006700e-02
  -3.0637900e-02
  -2.5663800e-02
  -1.9966600e-02
  -1.4286600e-02
  -8.4520400e-03
  -2.8385200e-03
   2.3779500e-03
   6.3556000e-03
   8.2615800e-03
   8.9145300e-03
   8.9006800e-03
   8.8642700e-03
   9.7328200e-03
   1.1506800e-02
   1.4010500e-02
   1.6410600e-02
   1.7905200e-02
   1.9932900e-02
   2.2432700e-02
   2.3599900e-02
   2.3588800e-02
   2.2488600e-02
   2.0935500e-02
   2.0089600e-02
   2.0254800e-02
   2.0798300e-02
   2.0327400e-02
   1.8530200e-02
   1.6678900e-02
   1.6770900e-02
   1.8006000e-02
   1.8066200e-02
   1.8499800e-02
   2.0333900e-02
   2.1713700e-02
   2.3072500e-02
   2.5214200e-02
   2.7356300e-02
   2.9125500e-02
   3.0359700e-02
   3.1157700e-02
   3.1618900e-02
   3.1324600e-02
   3.0968500e-02
   3.1511900e-02
   3.2042000e-02
   3.1668800e-02
   3.0571900e-02
   2.8857500e-02
   2.7211300e-02
   2.6139400e-02
   2.4519800e-02
   2.2909400e-02
   2.2818400e-02
   2.3167500e-02
   2.3352200e-02
   2.3296600e-02
   2.2813800e-02
   2.2618100e-02
   2.1343300e-02
   1.7847200e-02
   1.4573200e-02
   1.1929500e-02
   9.5250200e-03
   8.2649600e-03
   7.3270300e-03
   7.2757800e-03
   8.4571500e-03
   9.3118800e-03
   1.0065100e-02
   1.2031400e-02
   1.5237200e-02
   1.9092700e-02
   2.3497700e-02
   2.8824300e-02
   3.4707800e-02
   3.9645800e-02
   4.3169300e-02
   4.6790400e-02
   5.0641700e-02
   5.3326800e-02
   5.4477900e-02
   5.4901900e-02
   5.5895600e-02
   5.7263000e-02
   5.7739100e-02
   5.7572300e-02
   5.7864100e-02
   5.9139400e-02
   6.0863700e-02
   6.0806900e-02
   5.8875100e-02
   5.7237100e-02
   5.6853200e-02
   5.7586200e-02
   5.8189800e-02
   5.7806600e-02
   5.7388700e-02
   5.7845600e-02
   5.9002200e-02
   6.0372300e-02
   6.1622400e-02
   6.2867900e-02
   6.4307200e-02
   6.6166000e-02
   6.7638900e-02
   6.8806900e-02
   7.0601600e-02
   7.2219100e-02
   7.2541100e-02
   7.1956200e-02
   7.1890600e-02
   7.2147500e-02
   7.1470300e-02
   6.9840300e-02
   6.7969900e-02
   6.5707800e-02
   6.3555100e-02
   6.0795100e-02
   5.6460000e-02
   5.2065100e-02
   4.7783400e-02
   4.4522300e-02
   4.2040600e-02
   3.8873000e-02
   3.6229400e-02
   3.4033000e-02
   3.1922600e-02
   2.9469500e-02
   2.5873800e-02
   2.2171200e-02
   1.9060200e-02
   1.7271400e-02
   1.5747300e-02
   1.3115500e-02
   1.1209700e-02
   9.2169900e-03
   6.3186500e-03
   3.4593900e-03
   4.5888600e-04
  -2.9064400e-03
  -7.2293500e-03
  -1.1689400e-02
  -1.4934100e-02
  -1.6071000e-02
  -1.6643500e-02
  -1.8642500e-02
  -2.0666800e-02
  -2.2209800e-02
  -2.4126200e-02
  -2.4891300e-02
  -2.4530900e-02
  -2.4506200e-02
  -2.4398600e-02
  -2.4170300e-02
  -2.2896500e-02
  -1.9667800e-02
  -1.6067800e-02
  -1.2979300e-02
  -9.9251400e-03
  -7.4166000e-03
  -4.8250100e-03
  -1.7726900e-03
   9.4670800e-04
   1.8482600e-03
   1.7449000e-03
   2.4794700e-03
   2.3787000e-03
   1.6911800e-03
   1.5171200e-03
   1.0635900e-03
  -5.0514600e-04
  -2.3258000e-03
  -3.5352000e-03
  -4.8694900e-03
  -6.0409400e-03
  -7.3317400e-03
  -9.1927100e-03
  -1.0544800e-02
  -1.0629500e-02
  -1.0516600e-02
  -1.1994600e-02
  -1.4037300e-02
  -1.5436000e-02
  -1.6379000e-02
  -1.6762900e-02
  -1.7577100e-02
  -1.9038000e-02
  -1.9753500e-02
  -1.9879600e-02
  -1.9686700e-02
  -1.8563100e-02
  -1.7592700e-02
  -1.6600500e-02
  -1.4481100e-02
  -1.1958400e-02
  -8.8968800e-03
  -5.1299000e-03
  -1.6698700e-03
   1.2084100e-03
   3.4199800e-03
   4.6779800e-03
   4.8408800e-03
   4.4335300e-03
   3.5299900e-03
   1.9851300e-03
   2.5492000e-04
  -1.2449000e-03
  -2.6599100e-03
  -5.7182400e-03
  -1.0641600e-02
  -1.4838300e-02
  -1.8182900e-02
  -2.2152700e-02
  -2.5061500e-02
  -2.6775500e-02
  -2.8698000e-02
  -3.0929000e-02
  -3.2765700e-02
  -3.2899500e-02
  -3.1170600e-02
  -2.9215000e-02
  -2.9143100e-02
  -2.9758800e-02
  -3.0141100e-02
  -3.0263000e-02
  -2.9653800e-02
  -2.9755700e-02
  -3.0176800e-02
  -2.9572400e-02
  -2.8280700e-02
  -2.6993700e-02
  -2.6539300e-02
  -2.6846500e-02
  -2.6323100e-02
  -2.4288000e-02
  -2.2822300e-02
  -2.2945100e-02
  -2.2221100e-02
  -2.0452800e-02
  -1.9995600e-02
  -2.0478400e-02
  -2.0587800e-02
  -2.1410100e-02
  -2.3090300e-02
  -2.4772900e-02
  -2.6372500e-02
  -2.7410500e-02
  -2.8642900e-02
  -3.0321600e-02
  -3.1547800e-02
  -3.1809200e-02
  -3.1670500e-02
  -3.1556300e-02
  -3.1569000e-02
  -3.2122200e-02
  -3.2263300e-02
  -3.2162700e-02
  -3.2138100e-02
  -3.2095400e-02
  -3.1479100e-02
  -2.9728400e-02
  -2.8725500e-02
  -2.8081000e-02
  -2.6398300e-02
  -2.4793100e-02
  -2.3768000e-02
  -2.2463000e-02
  -2.0728200e-02
  -1.9678100e-02
  -1.9864200e-02
  -2.0120000e-02
  -2.0102100e-02
  -1.9901400e-02
  -1.9483900e-02
  -1.9782300e-02
  -1.9899200e-02
  -1.9939700e-02
  -2.1149600e-02
  -2.2685700e-02
  -2.3668200e-02
  -2.3469700e-02
  -2.2578200e-02
  -2.2593600e-02
  -2.3375500e-02
  -2.3508700e-02
  -2.3297400e-02
  -2.2606500e-02
  -2.2271800e-02
  -2.3368200e-02
  -2.3698800e-02
  -2.3414200e-02
  -2.3634400e-02
  -2.4646000e-02
  -2.6734900e-02
  -2.8702000e-02
  -2.9507100e-02
  -2.9353800e-02
  -2.9060700e-02
  -2.8690700e-02
  -2.8839200e-02
  -2.9642800e-02
  -3.0241800e-02
  -3.0705300e-02
  -3.0464900e-02
  -2.9089700e-02
  -2.7292000e-02
  -2.5818400e-02
  -2.4088300e-02
  -2.1291700e-02
  -1.7016700e-02
  -1.1763700e-02
  -7.2665500e-03
  -3.1015700e-03
   9.6029100e-04
   3.5965900e-03
   5.1373300e-03
   6.0086500e-03
   5.4865300e-03
   4.8445700e-03
   4.7367200e-03
   2.6902400e-03
  -1.4849500e-03
  -6.2969200e-03
  -9.4748600e-03
  -9.8743500e-03
  -1.0449600e-02
  -1.3547100e-02
  -1.8117700e-02
  -2.0737700e-02
  -2.1333000e-02
  -2.2158900e-02
  -2.3010400e-02
  -2.3373200e-02
  -2.3016000e-02
  -2.1975900e-02
  -2.0412500e-02
  -1.8929000e-02
  -1.8641800e-02
  -1.8122300e-02
  -1.6296700e-02
  -1.4705200e-02
  -1.3025100e-02
  -1.1114200e-02
  -9.3282300e-03
  -7.8152800e-03
  -6.9267200e-03
  -5.4834500e-03
  -4.0661200e-03
  -3.3776300e-03
  -2.6029900e-03
  -1.3722600e-03
  -3.4782800e-04
  -6.3014200e-04
  -1.0742000e-03
  -9.4306000e-04
  -7.0498900e-04
  -3.8620100e-04
  -1.7027300e-04
   3.9184600e-04
   1.3112100e-03
   2.3472500e-03
   3.7289400e-03
   5.2483300e-03
   6.6845700e-03
   8.0695000e-03
   8.9124500e-03
   8.4867400e-03
   8.7982700e-03
   1.0381400e-02
   1.0356500e-02
   9.3658100e-03
   8.1532300e-03
   6.4437900e-03
   5.1566200e-03
   2.6945500e-03
  -6.4162700e-04
  -2.9087400e-03
  -4.1094400e-03
  -4.9329100e-03
  -5.8322600e-03
  -5.9466000e-03
  -5.8676000e-03
  -5.8547400e-03
  -4.8562500e-03
  -3.3636100e-03
  -2.5949000e-03
  -2.8037500e-03
  -2.3637000e-03
  -1.8936700e-03
  -2.5470000e-03
  -3.2924400e-03
  -3.7435400e-03
  -3.5319400e-03
  -3.7661800e-03
  -4.4843400e-03
  -4.2651700e-03
  -3.8861600e-03
  -4.4463400e-03
  -6.3297100e-03
  -9.2673300e-03
  -1.2121500e-02
  -1.4993200e-02
  -1.8523000e-02
  -2.1776100e-02
  -2.4402600e-02
  -2.6489800e-02
  -2.7999200e-02
  -2.9062000e-02
  -2.9003200e-02
  -2.8647900e-02
  -2.9172800e-02
  -2.9416200e-02
  -2.8422000e-02
  -2.6481300e-02
  -2.4426200e-02
  -2.3139800e-02
  -2.2022500e-02
  -1.9941500e-02
  -1.6953300e-02
  -1.3895500e-02
  -1.1183600e-02
  -9.1921700e-03
  -7.4113700e-03
  -4.0754100e-03
   4.7169000e-05
   3.7368800e-03
   6.3059300e-03
   7.5536600e-03
   9.5161900e-03
   1.1870000e-02
   1.3047300e-02
   1.3149200e-02
   1.1986600e-02
   9.4856100e-03
   6.9835700e-03
   5.3262100e-03
   3.4128500e-03
  -3.6767400e-05
  -4.2921800e-03
  -7.4901300e-03
  -1.0233100e-02
  -1.2996200e-02
  -1.5841800e-02
  -1.8939200e-02
  -2.1384300e-02
  -2.2602300e-02
  -2.1850600e-02
  -2.0749000e-02
  -2.0307100e-02
  -1.8984300e-02
  -1.7340600e-02
  -1.5995500e-02
  -1.4686700e-02
  -1.3406000e-02
  -1.1727000e-02
  -1.0083700e-02
  -8.8710500e-03
  -7.3813600e-03
  -5.6810500e-03
  -4.4114500e-03
  -2.9811500e-03
  -1.6983200e-03
  -1.6209500e-03
  -1.8141500e-03
  -1.8105000e-03
  -2.3401800e-03
  -3.9740500e-03
  -7.0391300e-03
  -9.8425400e-03
  -1.1491000e-02
  -1.3686300e-02
  -1.6056300e-02
  -1.7838100e-02
  -1.8922400e-02
  -1.8377900e-02
  -1.7306800e-02
  -1.5808700e-02
  -1.3113100e-02
  -9.2783500e-03
  -4.2017000e-03
   3.5070900e-05
   3.0718300e-03
   5.7434800e-03
   8.1186200e-03
   1.0881500e-02
   1.3232100e-02
   1.5018900e-02
   1.6850400e-02
   1.9013800e-02
   2.0962000e-02
   2.2021800e-02
   2.3317400e-02
   2.4780300e-02
   2.5947800e-02
   2.6829900e-02
   2.7442800e-02
   2.8655400e-02
   2.9728900e-02
   2.9602200e-02
   2.9181100e-02
   2.9479300e-02
   2.9300200e-02
   2.7351400e-02
   2.4290400e-02
   2.1239900e-02
   1.8494800e-02
   1.6037600e-02
   1.3589200e-02
   9.2957300e-03
   4.5739400e-03
   1.3400700e-03
  -2.2073100e-03
  -6.3863100e-03
  -9.9941800e-03
  -1.2129500e-02
  -1.3043500e-02
  -1.4451300e-02
  -1.6064400e-02
  -1.6247100e-02
  -1.5854600e-02
  -1.5581700e-02
  -1.5344500e-02
  -1.4533700e-02
  -1.3440700e-02
  -1.2885100e-02
  -1.2247400e-02
  -1.1057400e-02
  -9.6514700e-03
  -8.9676000e-03
  -7.0796100e-03
  -4.4503600e-03
  -3.0019900e-03
  -5.3503800e-04
   2.6364400e-03
   5.4493100e-03
   8.2514000e-03
   1.0455300e-02
   1.2784600e-02
   1.5149700e-02
   1.7122500e-02
   1.9727200e-02
   2.2331000e-02
   2.3582500e-02
   2.4661200e-02
   2.6345600e-02
   2.6934900e-02
   2.7247800e-02
   2.8511400e-02
   2.9736700e-02
   3.0064400e-02
   2.8816700e-02
   2.6780700e-02
   2.5959100e-02
   2.5874700e-02
   2.4785300e-02
   2.2959400e-02
   2.1307400e-02
   2.0246500e-02
   2.0360900e-02
   2.1086400e-02
   2.1172100e-02
   2.0842200e-02
   2.0347900e-02
   2.0415900e-02
   2.0814600e-02
   2.0499800e-02
   2.0552100e-02
   2.0597600e-02
   2.0359800e-02
   1.9620500e-02
   1.7909200e-02
   1.6804800e-02
   1.5824400e-02
   1.4491400e-02
   1.2412000e-02
   9.4456900e-03
   6.0381800e-03
   2.5515300e-03
   1.9152000e-04
  -1.2870800e-03
  -1.8219000e-03
  -1.5573900e-03
  -1.4346700e-03
  -1.1674900e-03
   2.6196800e-04
   2.0602900e-03
   2.7031200e-03
   3.5163500e-03
   5.2525900e-03
   6.5907500e-03
   6.6937600e-03
   6.3182700e-03
   5.7934200e-03
   3.8003800e-03
   2.8278500e-03
   4.4298400e-03
   6.2686700e-03
   7.1958600e-03
   6.4798100e-03
   5.7041200e-03
   6.0013300e-03
   6.2601400e-03
   5.5665200e-03
   3.6696100e-03
   2.2766000e-03
   8.1312700e-04
  -1.4040600e-03
  -3.1014300e-03
  -4.6337500e-03
  -6.8871100e-03
  -1.0169600e-02
  -1.3514700e-02
  -1.5585500e-02
  -1.6442000e-02
  -1.8084800e-02
  -2.1341600e-02
  -2.3946300e-02
  -2.4934800e-02
  -2.6121000e-02
  -2.7919600e-02
  -3.0206900e-02
  -3.2605300e-02
  -3.4592200e-02
  -3.6413400e-02
  -3.7082200e-02
  -3.7194200e-02
  -3.8268500e-02
  -3.9878100e-02
  -4.0926300e-02
  -4.0589700e-02
  -4.0063500e-02
  -4.0283200e-02
  -4.0427800e-02
  -4.0254600e-02
  -4.0203200e-02
  -4.0018400e-02
  -3.9508400e-02
  -3.9666300e-02
  -3.9386400e-02
  -3.7943200e-02
  -3.5495900e-02
  -3.2647400e-02
  -3.0883900e-02
  -2.8679200e-02
  -2.5042500e-02
  -2.1635200e-02
  -1.9608400e-02
  -1.8620800e-02
  -1.7530500e-02
  -1.5515600e-02
  -1.3739800e-02
  -1.3490100e-02
  -1.3900700e-02
  -1.4039900e-02
  -1.4096500e-02
  -1.4071000e-02
  -1.3505100e-02
  -1.2514700e-02
  -1.1070700e-02
  -9.9961600e-03
  -9.2226200e-03
  -7.5992600e-03
  -5.9827300e-03
  -4.5829900e-03
  -2.8035300e-03
  -5.3345400e-04
   1.7465900e-03
   4.0793300e-03
   6.4817300e-03
   7.9187100e-03
   8.6919700e-03
   9.1592800e-03
   9.1661100e-03
   8.7566100e-03
   7.3841300e-03
   6.3361700e-03
   6.4616000e-03
   6.4425800e-03
   6.3991900e-03
   5.6904600e-03
   3.7722300e-03
   2.5838600e-03
   2.7292800e-03
   3.2033500e-03
   2.9649900e-03
   1.2814000e-03
  -5.5850100e-04
  -1.6445100e-03
  -2.7250900e-03
  -4.1253900e-03
  -5.6448200e-03
  -6.5358400e-03
  -6.9202400e-03
  -7.8104300e-03
  -8.6099200e-03
  -7.6144500e-03
  -5.3762000e-03
  -4.8406200e-03
  -5.1626800e-03
  -3.8293500e-03
  -2.4755300e-03
  -1.8310900e-03
  -6.1983400e-04
   1.1023000e-03
   2.7677700e-03
   3.4335500e-03
   2.8905900e-03
   1.8146100e-03
   2.1501200e-04
  -1.6284500e-03
  -2.8886000e-03
  -3.7915200e-03
  -5.2318100e-03
  -5.6035200e-03
  -5.2356000e-03
  -5.4915000e-03
  -5.2775200e-03
  -5.6368200e-03
  -5.6442600e-03
  -4.8475200e-03
  -5.1258200e-03
  -5.4627400e-03
  -5.9079300e-03
  -6.1373400e-03
  -5.5995400e-03
  -5.3718000e-03
  -4.5880600e-03
  -3.1270100e-03
  -1.5798100e-03
   2.6304300e-04
   7.8486700e-04
   3.4517600e-05
   1.0056700e-05
  -1.8423800e-04
  -1.8655900e-04
  -1.2569000e-04
  -9.9805600e-04
  -2.1728900e-03
  -3.4865400e-03
  -4.3111300e-03
  -5.8305600e-03
  -7.8908500e-03
  -9.7575100e-03
  -1.1434900e-02
  -1.2229800e-02
  -1.2148400e-02
  -1.1775600e-02
  -1.2223700e-02
  -1.2205600e-02
  -1.1306200e-02
  -1.1389800e-02
  -1.1809900e-02
  -1.1554600e-02
  -1.1626300e-02
  -1.1034800e-02
  -8.3308000e-03
  -6.3340500e-03
  -5.3705400e-03
  -2.8049000e-03
   2.6111400e-04
   2.3717200e-03
   3.1032300e-03
   3.2797300e-03
   4.1713300e-03
   4.4016000e-03
   3.5542800e-03
   2.8460700e-03
   2.8501400e-03
   3.9504500e-03
   5.8493400e-03
   7.0308800e-03
   6.9441800e-03
   7.3013800e-03
   8.0904500e-03
   8.6996100e-03
   9.0426700e-03
   7.8697600e-03
   6.1004100e-03
   5.0489700e-03
   4.0375200e-03
   2.9473200e-03
   2.1010000e-03
   6.9893500e-04
  -1.7597000e-03
  -4.5520800e-03
  -7.2438500e-03
  -9.9197200e-03
  -1.2505600e-02
  -1.5414400e-02
  -1.8491000e-02
  -2.0668200e-02
  -2.1003400e-02
  -1.9910700e-02
  -1.9521600e-02
  -1.9656500e-02
  -1.9411000e-02
  -1.7809400e-02
  -1.4808700e-02
  -1.2624900e-02
  -1.1468500e-02
  -1.0390500e-02
  -8.9092600e-03
  -8.0480900e-03
  -8.3319400e-03
  -8.3527800e-03
  -6.6246600e-03
  -4.9865300e-03
  -5.2509500e-03
  -5.2108600e-03
  -4.0523700e-03
  -2.5522200e-03
  -1.0678600e-03
  -2.9066700e-04
   1.5093700e-05
   9.3201000e-04
   2.5199600e-03
   4.8138500e-03
   6.8113300e-03
   8.5813400e-03
   1.0677100e-02
   1.2646800e-02
   1.5489700e-02
   1.7982000e-02
   1.9045900e-02
   1.9889500e-02
   2.0897100e-02
   2.2064300e-02
   2.3036500e-02
   2.3222500e-02
   2.2581500e-02
   2.2163800e-02
   2.2291400e-02
   2.1607500e-02
   2.0159500e-02
   1.9238500e-02
   1.9265200e-02
   1.8881700e-02
   1.7137100e-02
   1.6178000e-02
   1.6817700e-02
   1.6513200e-02
   1.4650100e-02
   1.2806500e-02
   1.1506800e-02
   1.0854500e-02
   1.0301800e-02
   8.7497100e-03
   6.7551800e-03
   4.8879400e-03
   3.1209100e-03
   1.6144600e-03
   3.7764000e-05
  -1.5351200e-03
  -3.5030300e-03
  -5.3614900e-03
  -6.1299500e-03
  -7.4681500e-03
  -9.5118500e-03
  -1.1259500e-02
  -1.2754600e-02
  -1.3785500e-02
  -1.4656000e-02
  -1.5323200e-02
  -1.5638700e-02
  -1.5543200e-02
  -1.5290200e-02
  -1.4845500e-02
  -1.4511700e-02
  -1.5177500e-02
  -1.5817300e-02
  -1.5227500e-02
  -1.4126500e-02
  -1.4168000e-02
  -1.5223100e-02
  -1.5414600e-02
  -1.4390400e-02
  -1.3757800e-02
  -1.4090300e-02
  -1.4629700e-02
  -1.4225200e-02
  -1.2397400e-02
  -1.1080400e-02
  -9.8778200e-03
  -7.9445500e-03
  -6.3659100e-03
  -4.6026800e-03
  -2.7097600e-03
  -7.5780500e-04
   2.1367200e-03
   5.6258600e-03
   8.1805300e-03
   9.3860200e-03
   1.1075100e-02
   1.3386100e-02
   1.4812800e-02
   1.6048900e-02
   1.7097900e-02
   1.6985800e-02
   1.6360000e-02
   1.5489800e-02
   1.4276500e-02
   1.3856600e-02
   1.3556300e-02
   1.2141500e-02
   1.0620300e-02
   9.1166300e-03
   7.7817800e-03
   6.6593300e-03
   4.5525400e-03
   2.1761800e-03
   3.7819900e-04
  -6.0627200e-04
  -1.4994500e-03
  -3.3341800e-03
  -5.0401800e-03
  -6.1954500e-03
  -7.2705300e-03
  -7.4417500e-03
  -6.3623000e-03
  -6.0404700e-03
  -7.0692500e-03
  -8.3284500e-03
  -8.3857600e-03
  -6.4353100e-03
  -5.0562300e-03
  -5.3279400e-03
  -5.8970800e-03
  -6.1411000e-03
  -5.6828600e-03
  -4.2267500e-03
  -1.8540400e-03
  -1.8159000e-04
   1.4391300e-03
   3.5967000e-03
   5.3806500e-03
   7.6217400e-03
   9.4767300e-03
   1.0566000e-02
   1.1259500e-02
   1.1198300e-02
   1.0728100e-02
   1.0576000e-02
   1.0463600e-02
   9.3746300e-03
   8.4182400e-03
   7.9456300e-03
   7.2676800e-03
   6.1025100e-03
   5.1651700e-03
   5.3048800e-03
   5.4318900e-03
   5.5587700e-03
   5.6649800e-03
   5.2870100e-03
   5.3431600e-03
   5.0051700e-03
   3.3323300e-03
   2.2744200e-03
   2.3266400e-03
   2.7049200e-03
   2.9982500e-03
   2.7026700e-03
   2.3869100e-03
   2.3576600e-03
   2.0125700e-03
   7.7959900e-04
  -5.1674000e-04
  -8.0276900e-04
  -8.4353000e-04
  -1.9240700e-03
  -3.7693100e-03
  -5.1150900e-03
  -5.8166900e-03
  -6.2635900e-03
  -6.1760800e-03
  -6.3480600e-03
  -6.6973900e-03
  -6.1475200e-03
  -5.9835000e-03
  -6.4409700e-03
  -6.2799000e-03
  -6.6315400e-03
  -7.8441900e-03
  -8.6995100e-03
  -9.2178300e-03
  -9.1688900e-03
  -8.7709200e-03
  -8.7318900e-03
  -8.8398300e-03
  -9.2329100e-03
  -1.0915800e-02
  -1.2399400e-02
  -1.3179700e-02
  -1.4511400e-02
  -1.4928300e-02
  -1.4638600e-02
  -1.4741500e-02
  -1.4769800e-02
  -1.4861900e-02
  -1.5149500e-02
  -1.4509100e-02
  -1.2846800e-02
  -1.2097000e-02
  -1.1757100e-02
  -1.0422500e-02
  -9.5557000e-03
  -9.3457600e-03
  -8.8410800e-03
  -7.5453100e-03
  -5.9686300e-03
  -5.9365700e-03
  -6.6071700e-03
  -6.4748200e-03
  -5.8572900e-03
  -4.9945600e-03
  -4.1156700e-03
  -3.2861300e-03
  -2.8295800e-03
  -2.2208900e-03
  -3.8506500e-04
   1.0304900e-03
   1.6135700e-03
   2.1693500e-03
   2.2950000e-03
   2.7355400e-03
   4.2780300e-03
   5.8929800e-03
   5.7844700e-03
   4.4898000e-03
   3.5024600e-03
   2.4552000e-03
   1.4800600e-03
   7.9334100e-04
  -1.9138100e-04
  -1.2122000e-03
  -2.3291500e-03
  -3.2891500e-03
  -4.2708800e-03
  -5.7319200e-03
  -7.1235400e-03
  -8.2690700e-03
  -9.2783900e-03
  -9.6231900e-03
  -9.4869300e-03
  -9.6094200e-03
  -9.4909900e-03
  -9.6579200e-03
  -9.8365600e-03
  -9.8059300e-03
  -1.0443400e-02
  -1.1386300e-02
  -1.2493700e-02
  -1.3458200e-02
  -1.5007300e-02
  -1.6617700e-02
  -1.7742500e-02
  -1.8781300e-02
  -1.9494900e-02
  -2.0312200e-02
  -2.0392500e-02
  -2.0286500e-02
  -2.0654700e-02
  -2.1011800e-02
  -2.2049700e-02
  -2.3010500e-02
  -2.3615200e-02
  -2.4563200e-02
  -2.5541900e-02
  -2.6583700e-02
  -2.7641200e-02
  -2.8607700e-02
  -2.9550800e-02
  -2.9666600e-02
  -2.9082000e-02
  -2.9041900e-02
  -2.9143700e-02
  -2.8536200e-02
  -2.7303900e-02
  -2.6421300e-02
  -2.6455400e-02
  -2.7117700e-02
  -2.7264000e-02
  -2.6891100e-02
  -2.6919000e-02
  -2.6945700e-02
  -2.6941800e-02
  -2.7000200e-02
  -2.6753100e-02
  -2.6793000e-02
  -2.7200100e-02
  -2.6786200e-02
  -2.6707800e-02
  -2.7189700e-02
  -2.7052500e-02
  -2.6874500e-02
  -2.5924100e-02
  -2.4265400e-02
  -2.3736600e-02
  -2.3722900e-02
  -2.2741800e-02
  -2.1459400e-02
  -2.0780800e-02
  -1.9554200e-02
  -1.7174900e-02
  -1.4905800e-02
  -1.3139500e-02
  -1.1544900e-02
  -9.9134200e-03
  -8.5234700e-03
  -7.4303200e-03
  -6.9540200e-03
  -7.0336200e-03
  -6.0843000e-03
  -4.3476500e-03
  -3.4355700e-03
  -4.1013400e-03
  -5.4027600e-03
  -6.0578800e-03
  -6.7990500e-03
  -8.5528200e-03
  -1.1491600e-02
  -1.5190400e-02
  -1.8067900e-02
  -1.9676700e-02
  -2.0781000e-02
  -2.2157100e-02
  -2.3813800e-02
  -2.4740200e-02
  -2.4707300e-02
  -2.4391800e-02
  -2.4849100e-02
  -2.5440500e-02
  -2.5549900e-02
  -2.5601100e-02
  -2.5213800e-02
  -2.4764800e-02
  -2.4422000e-02
  -2.4046100e-02
  -2.3879000e-02
  -2.3812800e-02
  -2.3277100e-02
  -2.1821700e-02
  -2.0443200e-02
  -1.9278800e-02
  -1.8218900e-02
  -1.7456500e-02
  -1.6357800e-02
  -1.5205100e-02
  -1.4195900e-02
  -1.2724100e-02
  -1.0667700e-02
  -8.5507700e-03
  -6.0030400e-03
  -3.4147300e-03
  -1.2977500e-03
   1.0370100e-03
   3.1656400e-03
   5.2024500e-03
   6.9263000e-03
   8.4907300e-03
   1.0510700e-02
   1.1870500e-02
   1.2872300e-02
   1.3226100e-02
   1.2680100e-02
   1.3135200e-02
   1.4926900e-02
   1.6093700e-02
   1.5843200e-02
   1.5680200e-02
   1.7084100e-02
   1.9142000e-02
   1.9813300e-02
   1.9444400e-02
   1.9144400e-02
   1.9199200e-02
   1.9255300e-02
   1.8930100e-02
   1.8041100e-02
   1.7006100e-02
   1.6280200e-02
   1.5930200e-02
   1.6376000e-02
   1.6244700e-02
   1.5060700e-02
   1.3643800e-02
   1.1747700e-02
   1.0388800e-02
   9.8916300e-03
   9.3806600e-03
   8.8867000e-03
   8.1183900e-03
   7.0135500e-03
   6.2131400e-03
   5.7871500e-03
   5.7633200e-03
   5.9596800e-03
   5.9864000e-03
   5.4496900e-03
   4.1850400e-03
   3.8545800e-03
   4.5999300e-03
   4.6709800e-03
   4.1885900e-03
   3.5241500e-03
   3.4139200e-03
   3.6019400e-03
   3.0573000e-03
   2.4248100e-03
   1.7208200e-03
   1.0180400e-03
   7.8345000e-04
   6.8928600e-04
   2.4252500e-04
  -7.7720300e-04
  -1.0236200e-03
  -5.3205000e-05
   8.8099800e-04
   1.8288800e-03
   2.9767300e-03
   3.4638200e-03
   2.9032100e-03
   2.4628500e-03
   3.2595400e-03
   4.3255200e-03
   4.1149200e-03
   4.2216200e-03
   5.7990900e-03
   7.2180000e-03
   8.0680800e-03
   8.9311700e-03
   1.0436800e-02
   1.2303400e-02
   1.3553900e-02
   1.4011000e-02
   1.4694000e-02
   1.6506300e-02
   1.8388700e-02
   1.9580800e-02
   2.0966300e-02
   2.1969900e-02
   2.1889600e-02
   2.2257000e-02
   2.3003300e-02
   2.3179400e-02
   2.2475500e-02
   2.1511800e-02
   2.1083500e-02
   2.1286800e-02
   2.2700800e-02
   2.4500600e-02
   2.6405400e-02
   2.8131800e-02
   2.9444100e-02
   3.1249000e-02
   3.3008900e-02
   3.4710700e-02
   3.5721300e-02
   3.5390700e-02
   3.5520100e-02
   3.5630800e-02
   3.4578900e-02
   3.3521500e-02
   3.2152400e-02
   3.0424000e-02
   2.8525800e-02
   2.5960500e-02
   2.3742100e-02
   2.1816100e-02
   2.0069700e-02
   1.8512200e-02
   1.6133500e-02
   1.3033500e-02
   1.0532900e-02
   8.6249600e-03
   6.6999500e-03
   5.1961000e-03
   4.1109400e-03
   3.4961300e-03
   3.2882500e-03
   4.0566600e-03
   5.9580900e-03
   8.1727300e-03
   9.7263300e-03
   1.0666400e-02
   1.1953200e-02
   1.3074000e-02
   1.4236100e-02
   1.5393500e-02
   1.5818700e-02
   1.5526600e-02
   1.4939300e-02
   1.4406300e-02
   1.3769900e-02
   1.2936100e-02
   1.2024000e-02
   1.1898500e-02
   1.2132400e-02
   1.2021800e-02
   1.2107300e-02
   1.1866100e-02
   1.1090600e-02
   1.0838800e-02
   1.1391100e-02
   1.2053500e-02
   1.2522500e-02
   1.2917100e-02
   1.3603000e-02
   1.4912800e-02
   1.5259900e-02
   1.5503200e-02
   1.6917300e-02
   1.7886300e-02
   1.8281400e-02
   1.7485900e-02
   1.6930300e-02
   1.7459600e-02
   1.7369500e-02
   1.7576200e-02
   1.7677800e-02
   1.7185100e-02
   1.6969600e-02
   1.6690500e-02
   1.5793000e-02
   1.4454500e-02
   1.4250900e-02
   1.5104100e-02
   1.5575100e-02
   1.5778400e-02
   1.6142100e-02
   1.6799700e-02
   1.7368200e-02
   1.8141400e-02
   1.9827000e-02
   2.0913800e-02
   2.1220300e-02
   2.2620300e-02
   2.4428100e-02
   2.5883100e-02
   2.6734900e-02
   2.6666400e-02
   2.7520300e-02
   2.8990200e-02
   2.9493400e-02
   2.9882600e-02
   3.0159500e-02
   2.9863600e-02
   2.9485900e-02
   2.8878600e-02
   2.8273000e-02
   2.8671100e-02
   2.8585900e-02
   2.7542300e-02
   2.7191300e-02
   2.7005600e-02
   2.7336200e-02
   2.7540700e-02
   2.6951000e-02
   2.6921600e-02
   2.6926000e-02
   2.6764100e-02
   2.6672900e-02
   2.6181700e-02
   2.5396800e-02
   2.4604300e-02
   2.4777500e-02
   2.5468900e-02
   2.5074200e-02
   2.3970300e-02
   2.3252600e-02
   2.3086900e-02
   2.2324700e-02
   2.0822000e-02
   1.9269000e-02
   1.8507100e-02
   1.8429400e-02
   1.8112900e-02
   1.7317800e-02
   1.5607700e-02
   1.4518200e-02
   1.4669200e-02
   1.4139400e-02
   1.3202200e-02
   1.2574700e-02
   1.1627500e-02
   1.0434000e-02
   9.2083500e-03
   7.9354500e-03
   6.2191600e-03
   4.3149300e-03
   2.5721500e-03
   3.0254000e-04
  -1.5096000e-03
  -3.1946100e-03
  -4.9200800e-03
  -4.7069200e-03
  -4.6023400e-03
  -4.8391200e-03
  -4.4590900e-03
  -4.8016700e-03
  -5.2895600e-03
  -4.9616400e-03
  -4.5119600e-03
  -4.7171200e-03
  -4.4013400e-03
  -4.2927200e-03
  -4.7287500e-03
  -4.3195600e-03
  -4.1077900e-03
  -4.2154500e-03
  -3.7592700e-03
  -2.7576000e-03
  -2.2954900e-03
  -3.2435500e-03
  -4.0860000e-03
  -4.3218900e-03
  -4.4698100e-03
  -4.5186300e-03
  -3.6816900e-03
  -2.8204400e-03
  -3.2699800e-03
  -3.9144800e-03
  -3.9387100e-03
  -2.6454200e-03
  -1.1771400e-03
  -1.8205600e-03
  -2.7537400e-03
  -2.2297700e-03
  -2.1505800e-03
  -2.1127000e-03
  -1.7831700e-03
  -1.8192900e-03
  -1.6649900e-03
  -1.8296400e-03
  -5.0584500e-04
   1.9553900e-03
   2.7591200e-03
   2.7578300e-03
   3.9247600e-03
   4.2086400e-03
   3.3632400e-03
   4.7764500e-03
   6.3062900e-03
   7.1634800e-03
   8.7494800e-03
   1.0097400e-02
   1.1216500e-02
   1.3081700e-02
   1.4534900e-02
   1.5569800e-02
   1.7413400e-02
   1.8043200e-02
   1.8250200e-02
   1.9698500e-02
   2.1149700e-02
   2.1368800e-02
   2.0647600e-02
   2.0473300e-02
   2.1131100e-02
   2.1477100e-02
   2.0639300e-02
   2.0115500e-02
   2.0510900e-02
   2.0929800e-02
   2.0739800e-02
   1.9513300e-02
   1.8959500e-02
   1.8698000e-02
   1.7673800e-02
   1.6598600e-02
   1.6243000e-02
   1.6245300e-02
   1.5722800e-02
   1.5189500e-02
   1.3891300e-02
   1.2840100e-02
   1.1979600e-02
   1.0522200e-02
   9.9681700e-03
   9.5296900e-03
   8.9957000e-03
   7.9801600e-03
   6.7079900e-03
   5.9139000e-03
   5.2567700e-03
   4.9900300e-03
   4.3203700e-03
   3.0215300e-03
   1.6752600e-03
   3.0917900e-04
  -1.0123700e-03
  -1.7218800e-03
  -3.3828300e-03
  -5.2098400e-03
  -4.9073100e-03
  -4.4924700e-03
  -4.9147500e-03
  -4.9957100e-03
  -4.6202100e-03
  -5.2957700e-03
  -5.9694900e-03
  -5.6447900e-03
  -5.2671700e-03
  -4.7610600e-03
  -4.2986800e-03
  -3.2948200e-03
  -1.7877200e-03
  -2.2221100e-03
  -3.8160400e-03
  -3.8035600e-03
  -4.1609900e-03
  -5.5421600e-03
  -5.8405400e-03
  -5.2177500e-03
  -4.6148700e-03
  -3.9018700e-03
  -2.9437500e-03
  -1.2197500e-03
   3.8711500e-04
   6.1269900e-04
   5.4389200e-04
   1.0190000e-03
   2.4497400e-03
   4.2093500e-03
   6.0536300e-03
   7.1095600e-03
   7.0129300e-03
   7.3300200e-03
   8.6832500e-03
   9.8080700e-03
   9.9145900e-03
   9.9313900e-03
   9.6487100e-03
   1.0489500e-02
   1.2418400e-02
   1.3417900e-02
   1.3413700e-02
   1.2556900e-02
   1.2026700e-02
   1.2708300e-02
   1.2706200e-02
   1.2561600e-02
   1.2561100e-02
   1.1683900e-02
   1.2002100e-02
   1.2291100e-02
   1.1249000e-02
   9.9885700e-03
   9.1896500e-03
   8.8259800e-03
   8.5630200e-03
   7.9844000e-03
   6.4671600e-03
   5.6116900e-03
   4.7492600e-03
   3.2112400e-03
   3.1278700e-03
   3.6183900e-03
   3.5172100e-03
   4.0867100e-03
   5.8793700e-03
   8.0714200e-03
   9.3373600e-03
   1.0787900e-02
   1.3261000e-02
   1.5075700e-02
   1.6691500e-02
   1.7503000e-02
   1.6668900e-02
   1.5438700e-02
   1.4751600e-02
   1.4641800e-02
   1.3964300e-02
   1.2589600e-02
   1.0894900e-02
   8.6623000e-03
   6.9162900e-03
   5.1541400e-03
   3.3335700e-03
   2.2289200e-03
   7.9052200e-04
   1.5866000e-04
  -3.5644000e-04
  -1.3039700e-03
  -1.7276100e-03
  -2.8937400e-03
  -3.4510500e-03
  -4.3497000e-03
  -6.4670000e-03
  -7.0931200e-03
  -7.6782100e-03
  -8.9500400e-03
  -9.3239200e-03
  -8.4470000e-03
  -7.0826900e-03
  -6.5173100e-03
  -6.8063300e-03
  -7.3166900e-03
  -7.3760100e-03
  -7.0426300e-03
  -6.8206900e-03
  -7.0020500e-03
  -7.4084700e-03
  -7.2504100e-03
  -7.1006700e-03
  -7.2360100e-03
  -6.6640500e-03
  -6.4733500e-03
  -6.1146500e-03
  -4.9736200e-03
  -5.1136000e-03
  -5.8300400e-03
  -5.7255400e-03
  -5.5699400e-03
  -5.4064000e-03
  -5.1948800e-03
  -5.6259600e-03
  -5.5277400e-03
  -5.3465200e-03
  -6.3565000e-03
  -7.3048900e-03
  -7.3283000e-03
  -7.1103100e-03
  -7.5290800e-03
  -8.6106400e-03
  -9.8065000e-03
  -1.1181500e-02
  -1.2539300e-02
  -1.3182800e-02
  -1.3703800e-02
  -1.3761300e-02
  -1.3779700e-02
  -1.4044500e-02
  -1.4164000e-02
  -1.5529000e-02
  -1.7099700e-02
  -1.7291800e-02
  -1.6600800e-02
  -1.6705100e-02
  -1.8049200e-02
  -1.8640700e-02
  -1.8923900e-02
  -1.9518300e-02
  -1.9033300e-02
  -1.7257900e-02
  -1.5655300e-02
  -1.6152900e-02
  -1.7107200e-02
  -1.6894800e-02
  -1.5863600e-02
  -1.4195700e-02
  -1.3036800e-02
  -1.1743400e-02
  -1.0515000e-02
  -9.6544100e-03
  -8.2340700e-03
  -7.1386900e-03
  -6.4347700e-03
  -5.3346300e-03
  -4.1142400e-03
  -4.0619200e-03
  -3.5523900e-03
  -1.7886500e-03
  -9.0459300e-04
  -9.1166900e-04
  -2.4513000e-04
   1.4516100e-03
   2.1786800e-03
   3.4027100e-03
   5.0445000e-03
   4.9008100e-03
   5.8850400e-03
   7.7802900e-03
   8.2587300e-03
   9.3237200e-03
   1.1306600e-02
   1.2534700e-02
   1.4041800e-02
   1.5873100e-02
   1.6562200e-02
   1.7256400e-02
   1.8804500e-02
   1.9445800e-02
   1.8908300e-02
   1.8841500e-02
   1.9008500e-02
   1.9003100e-02
   1.8925500e-02
   1.7919000e-02
   1.6710200e-02
   1.6330400e-02
   1.5918000e-02
   1.5282700e-02
   1.4516400e-02
   1.3436900e-02
   1.3224200e-02
   1.3012300e-02
   1.2394800e-02
   1.2886400e-02
   1.2023000e-02
   1.0571600e-02
   1.0710100e-02
   9.6747700e-03
   8.7864500e-03
   8.7233300e-03
   7.6548300e-03
   7.1507800e-03
   7.0218100e-03
   6.5491500e-03
   6.2893100e-03
   6.0720800e-03
   6.1224200e-03
   6.3679100e-03
   6.3240000e-03
   6.0864500e-03
   7.3226500e-03
   9.0563100e-03
   9.3400800e-03
   9.1963300e-03
   9.8092800e-03
   1.1014500e-02
   1.0985000e-02
   9.6988600e-03
   8.5590000e-03
   8.0220700e-03
   8.4781600e-03
   9.0938000e-03
   8.2617900e-03
   7.7922400e-03
   7.8046200e-03
   7.2483400e-03
   6.6853500e-03
   5.5698000e-03
   5.2601600e-03
   5.6377400e-03
   5.7589900e-03
   5.9540500e-03
   5.9085400e-03
   6.3502800e-03
   7.4599500e-03
   7.9962700e-03
   8.8170300e-03
   1.0598300e-02
   1.1313400e-02
   1.0873700e-02
   1.0531000e-02
   1.0452400e-02
   1.0547200e-02
   9.5805900e-03
   8.4675500e-03
   8.3357800e-03
   7.9081500e-03
   6.7440000e-03
   5.1043800e-03
   4.1009200e-03
   3.7031200e-03
   2.8661900e-03
   1.3456500e-03
   8.9650300e-04
   1.8762400e-03
   1.7247800e-03
   4.8883000e-04
  -6.6027300e-04
  -9.2969900e-04
  -4.8992800e-04
  -6.7338400e-04
  -7.0980200e-04
  -4.3297900e-04
  -6.1902700e-04
  -5.3220900e-04
  -5.4195800e-04
  -6.1259500e-04
  -1.7674500e-04
  -1.8344800e-04
  -6.0133500e-04
  -5.6748200e-04
  -1.3707300e-03
  -2.6643700e-03
  -2.7577700e-03
  -2.3038100e-03
  -1.7666600e-03
  -2.3324900e-03
  -3.2676700e-03
  -3.5526700e-03
  -3.5629300e-03
  -2.9244500e-03
  -2.5312300e-03
  -2.8094700e-03
  -2.7323400e-03
  -1.6051900e-03
  -1.7721700e-04
   7.8249200e-04
   6.5177800e-04
  -4.2011800e-04
  -4.8108100e-04
   5.8998800e-04
   1.6787800e-03
   2.8585200e-03
   3.1944000e-03
   2.4082400e-03
   1.9191800e-03
   1.5729900e-03
   3.6120000e-04
  -9.7330300e-04
  -1.4748400e-03
  -2.4307400e-03
  -4.0940600e-03
  -4.6988200e-03
  -5.5328300e-03
  -7.1504900e-03
  -8.3311200e-03
  -8.8985000e-03
  -9.0368200e-03
  -9.1741700e-03
  -8.8969600e-03
  -8.6889400e-03
  -8.7761100e-03
  -9.2357500e-03
  -9.2917700e-03
  -8.2399400e-03
  -7.4491100e-03
  -7.6511000e-03
  -7.9580600e-03
  -8.2780000e-03
  -8.9708900e-03
  -7.8874300e-03
  -6.3250000e-03
  -6.6618900e-03
  -7.5808300e-03
  -7.9922300e-03
  -8.4425700e-03
  -9.8882100e-03
  -1.0443700e-02
  -9.6260400e-03
  -9.4683800e-03
  -9.8547000e-03
  -1.0789300e-02
  -1.1998900e-02
  -1.2280400e-02
  -1.2073100e-02
  -1.1974300e-02
  -1.2389400e-02
  -1.2816700e-02
  -1.2490500e-02
  -1.1779100e-02
  -1.1294200e-02
  -1.1643100e-02
  -1.2177600e-02
  -1.1856200e-02
  -1.0915300e-02
  -9.8644600e-03
  -8.5719600e-03
  -7.9394800e-03
  -8.6136600e-03
  -8.9867400e-03
  -8.6309300e-03
  -8.2814900e-03
  -8.3964200e-03
  -8.3917100e-03
  -7.3333300e-03
  -7.1850300e-03
  -8.0210800e-03
  -8.1910900e-03
  -7.8978000e-03
  -7.8506200e-03
  -8.9734600e-03
  -1.0104700e-02
  -9.9530000e-03
  -9.7024500e-03
  -1.0129500e-02
  -1.1228500e-02
  -1.2975100e-02
  -1.3502400e-02
  -1.2888500e-02
  -1.2964300e-02
  -1.4032500e-02
  -1.5637900e-02
  -1.5765700e-02
  -1.5029800e-02
  -1.5635700e-02
  -1.6365000e-02
  -1.5916600e-02
  -1.5777600e-02
  -1.5981000e-02
  -1.5587500e-02
  -1.5894400e-02
  -1.7011200e-02
  -1.8180100e-02
  -1.9038400e-02
  -1.9701400e-02
  -2.0790600e-02
  -2.1862500e-02
  -2.3415700e-02
  -2.5568400e-02
  -2.6887600e-02
  -2.7990900e-02
  -2.9332400e-02
  -2.9589300e-02
  -2.9673000e-02
  -3.0501200e-02
  -3.1065900e-02
  -3.1793300e-02
  -3.2547300e-02
  -3.2478000e-02
  -3.2238300e-02
  -3.2312800e-02
  -3.2463900e-02
  -3.2558000e-02
  -3.2579100e-02
  -3.2714100e-02
  -3.2756700e-02
  -3.2644900e-02
  -3.2590600e-02
  -3.1622800e-02
  -2.9747600e-02
  -2.8643400e-02
  -2.8384000e-02
  -2.6960000e-02
  -2.4573200e-02
  -2.3292200e-02
  -2.3280800e-02
  -2.2992200e-02
  -2.1190900e-02
  -1.9573800e-02
  -1.8180100e-02
  -1.6528700e-02
  -1.5672200e-02
  -1.3782300e-02
  -1.1945800e-02
  -1.1875600e-02
  -1.1356900e-02
  -9.8239700e-03
  -8.2645000e-03
  -6.7738300e-03
  -6.1706500e-03
  -6.0828600e-03
  -4.7434700e-03
  -3.2874500e-03
  -2.7443600e-03
  -1.9539600e-03
  -7.6870100e-04
   1.7190500e-04
   1.1549300e-03
   2.4096900e-03
   3.7361100e-03
   4.7438500e-03
   4.9726900e-03
   5.0348400e-03
   6.0355100e-03
   7.5882100e-03
   8.2371100e-03
   7.6708600e-03
   7.2080700e-03
   7.3242300e-03
   7.5986500e-03
   8.0147500e-03
   8.4602600e-03
   8.1731600e-03
   7.2405300e-03
   7.1577500e-03
   7.6725300e-03
   7.8459900e-03
   7.5287300e-03
   7.8114200e-03
   8.7303900e-03
   9.5417100e-03
   1.0305400e-02
   1.0479100e-02
   1.0686700e-02
   1.1831000e-02
   1.3284400e-02
   1.3939000e-02
   1.3739600e-02
   1.3268000e-02
   1.3060400e-02
   1.2804300e-02
   1.1955100e-02
   1.1153800e-02
   1.0481400e-02
   9.0315500e-03
   7.4859000e-03
   6.5065900e-03
   5.0506800e-03
   3.1638000e-03
   1.4787700e-03
  -2.2961500e-04
  -1.3963000e-03
  -1.9258000e-03
  -3.0221400e-03
  -4.2421200e-03
  -4.1902900e-03
  -3.8706400e-03
  -4.0266900e-03
  -4.1093400e-03
  -4.2871000e-03
  -4.0211900e-03
  -2.7784400e-03
  -1.2455000e-03
  -6.6421000e-04
  -6.5001400e-05
   1.4593300e-03
   2.0270500e-03
   1.2839900e-03
   1.1189900e-03
   1.5478000e-03
   1.6196600e-03
   1.6158000e-03
   1.5565600e-03
   1.5241800e-03
   1.6885200e-03
   1.7852900e-03
   1.8328100e-03
   1.8230900e-03
   1.9280500e-03
   2.3095800e-03
   3.0965700e-03
   4.4548700e-03
   5.5993300e-03
   5.7633700e-03
   5.4850600e-03
   6.2026500e-03
   6.9061700e-03
   6.0264700e-03
   4.8127700e-03
   5.0427000e-03
   6.8897700e-03
   8.4810500e-03
   8.2290700e-03
   7.3136300e-03
   7.2827600e-03
   7.4635500e-03
   7.9883100e-03
   9.7497400e-03
   1.1055700e-02
   1.0751700e-02
   1.0481000e-02
   1.0553300e-02
   1.0604000e-02
   1.0870500e-02
   1.0961100e-02
   1.1074300e-02
   1.1004800e-02
   1.0888000e-02
   1.1049300e-02
   1.0946600e-02
   1.0925500e-02
   1.0992500e-02
   1.0917700e-02
   1.1078100e-02
   1.1051500e-02
   1.0975000e-02
   1.1985700e-02
   1.3787100e-02
   1.4570600e-02
   1.4563800e-02
   1.5461500e-02
   1.6693300e-02
   1.7664300e-02
   1.8668800e-02
   1.9376300e-02
   1.9493800e-02
   1.9112500e-02
   1.8889300e-02
   1.9017100e-02
   1.9168700e-02
   1.9411400e-02
   1.9242900e-02
   1.9014200e-02
   1.9221400e-02
   1.9214400e-02
   1.9237100e-02
   1.9409100e-02
   1.9380000e-02
   1.9418500e-02
   2.0525100e-02
   2.2076400e-02
   2.2402100e-02
   2.2144500e-02
   2.2209200e-02
   2.2548000e-02
   2.2628200e-02
   2.2379200e-02
   2.3142900e-02
   2.5002200e-02
   2.6088000e-02
   2.5682500e-02
   2.4640200e-02
   2.3883100e-02
   2.3388000e-02
   2.2784300e-02
   2.2402000e-02
   2.2615200e-02
   2.3024300e-02
   2.2333800e-02
   2.1232600e-02
   2.1315500e-02
   2.1987100e-02
   2.2634300e-02
   2.2402600e-02
   2.0498800e-02
   1.8731600e-02
   1.8450500e-02
   1.8889900e-02
   1.9315300e-02
