   9.6060900e-02
   9.6467200e-02
   9.8469900e-02
   1.0231500e-01
   1.0772800e-01
   1.1281000e-01
   1.1587900e-01
   1.1664300e-01
   1.1474300e-01
   1.0936600e-01
   9.9325400e-02
   8.4518000e-02
   6.7400300e-02
   5.1869800e-02
   4.1290900e-02
   3.6246800e-02
   3.4319700e-02
   3.2675100e-02
   3.0127300e-02
   2.6803000e-02
   2.3266600e-02
   1.9530600e-02
   1.3935600e-02
   4.3310900e-03
  -9.7819300e-03
  -2.6681100e-02
  -4.4197300e-02
  -6.1227400e-02
  -7.7696600e-02
  -9.4368100e-02
  -1.1118700e-01
  -1.2616400e-01
  -1.3718300e-01
  -1.4392100e-01
  -1.4800300e-01
  -1.5176300e-01
  -1.5623300e-01
  -1.6133800e-01
  -1.6750500e-01
  -1.7549600e-01
  -1.8565800e-01
  -1.9773200e-01
  -2.1039600e-01
  -2.2207300e-01
  -2.3238700e-01
  -2.4193400e-01
  -2.5141300e-01
  -2.6092600e-01
  -2.7011100e-01
  -2.7901400e-01
  -2.8776400e-01
  -2.9588400e-01
  -3.0290900e-01
  -3.0838800e-01
  -3.1215200e-01
  -3.1433300e-01
  -3.1480900e-01
  -3.1328800e-01
  -3.0940500e-01
  -3.0338100e-01
  -2.9580800e-01
  -2.8654700e-01
  -2.7427100e-01
  -2.5789400e-01
  -2.3927900e-01
  -2.2234000e-01
  -2.1016600e-01
  -2.0204800e-01
  -1.9204800e-01
  -1.7331700e-01
  -1.4389000e-01
  -1.0806700e-01
  -7.1825100e-02
  -3.7840400e-02
  -5.2409300e-03
   2.7672500e-02
   6.2020100e-02
   9.7798800e-02
   1.3354900e-01
   1.6617600e-01
   1.9015900e-01
   2.0200800e-01
   2.0443000e-01
   2.0310600e-01
   2.0178500e-01
   2.0140000e-01
   2.0213600e-01
   2.0417400e-01
   2.0816100e-01
   2.1422600e-01
   2.2096100e-01
   2.2665000e-01
   2.3006200e-01
   2.3163100e-01
   2.3295100e-01
   2.3508800e-01
   2.3928600e-01
   2.4723800e-01
   2.5974600e-01
   2.7536200e-01
   2.8957300e-01
   2.9790500e-01
   2.9924900e-01
   2.9521600e-01
   2.8812800e-01
   2.7902300e-01
   2.6758400e-01
   2.5320500e-01
   2.3636100e-01
   2.1827800e-01
   1.9970000e-01
   1.8124400e-01
   1.6345800e-01
   1.4719200e-01
   1.3355500e-01
   1.2332700e-01
   1.1614700e-01
   1.1096700e-01
   1.0717200e-01
   1.0433900e-01
   1.0251800e-01
   1.0200000e-01
   1.0267800e-01
   1.0395300e-01
   1.0552900e-01
   1.0698200e-01
   1.0751900e-01
   1.0704500e-01
   1.0530400e-01
   1.0186100e-01
   9.6814000e-02
   9.0221100e-02
   8.2210300e-02
   7.3465500e-02
   6.5165800e-02
   5.7790700e-02
   5.0394900e-02
   4.1924000e-02
   3.2333200e-02
   2.2362100e-02
   1.2365800e-02
   1.8397000e-03
  -1.1269200e-02
  -2.9023500e-02
  -5.0252500e-02
  -7.2264800e-02
  -9.3538500e-02
  -1.1217800e-01
  -1.2548400e-01
  -1.3237500e-01
  -1.3305800e-01
  -1.2635500e-01
  -1.1072500e-01
  -8.7829100e-02
  -6.3256900e-02
  -4.3809800e-02
  -3.2889600e-02
  -2.8555900e-02
  -2.6861900e-02
  -2.5391700e-02
  -2.4463000e-02
  -2.5776800e-02
  -3.0402300e-02
  -3.7693800e-02
  -4.5768000e-02
  -5.2990100e-02
  -5.8301400e-02
  -6.2321900e-02
  -6.6166500e-02
  -7.0382800e-02
  -7.5382300e-02
  -8.0833800e-02
  -8.5880800e-02
  -8.9916700e-02
  -9.2723400e-02
  -9.4262000e-02
  -9.4602400e-02
  -9.3625200e-02
  -9.1202900e-02
  -8.7101200e-02
  -8.1023100e-02
  -7.3423300e-02
  -6.5774900e-02
  -5.9084000e-02
  -5.3510500e-02
  -4.9180900e-02
  -4.5935900e-02
  -4.4016100e-02
  -4.3654400e-02
  -4.5416100e-02
  -5.0868000e-02
  -6.1111800e-02
  -7.6811200e-02
  -9.7186000e-02
  -1.1959300e-01
  -1.4203000e-01
  -1.6414100e-01
  -1.8623300e-01
  -2.0879600e-01
  -2.3206800e-01
  -2.5559100e-01
  -2.7830500e-01
  -2.9662500e-01
  -3.0290700e-01
  -2.8889400e-01
  -2.5240400e-01
  -2.0089500e-01
  -1.4537300e-01
  -9.2110800e-02
  -4.3807400e-02
  -2.7887400e-03
   3.1127900e-02
   6.1416700e-02
   9.1660600e-02
   1.2215900e-01
   1.4917900e-01
   1.6740300e-01
   1.7542200e-01
   1.7741500e-01
   1.7811000e-01
   1.7978000e-01
   1.8267500e-01
   1.8605100e-01
   1.8912500e-01
   1.9190500e-01
   1.9452200e-01
   1.9679300e-01
   1.9882500e-01
   2.0045900e-01
   2.0179200e-01
   2.0340700e-01
   2.0562100e-01
   2.0858400e-01
   2.1172700e-01
   2.1400600e-01
   2.1458300e-01
   2.1279200e-01
   2.0861500e-01
   2.0220700e-01
   1.9356700e-01
   1.8321800e-01
   1.7184300e-01
   1.6023300e-01
   1.4930100e-01
   1.3965600e-01
   1.3140000e-01
   1.2290900e-01
   1.1112400e-01
   9.4238500e-02
   7.3250400e-02
   5.0763800e-02
   2.8639200e-02
   7.2420300e-03
  -1.3804900e-02
  -3.5252800e-02
  -5.7157400e-02
  -7.8613600e-02
  -9.9065300e-02
  -1.1879700e-01
  -1.3831600e-01
  -1.5783400e-01
  -1.7737800e-01
  -1.9701700e-01
  -2.1581600e-01
  -2.3153600e-01
  -2.4221000e-01
  -2.4746100e-01
  -2.4845000e-01
  -2.4336800e-01
  -2.2587700e-01
  -1.9324600e-01
  -1.5072500e-01
  -1.0599100e-01
  -6.4007300e-02
  -2.8889500e-02
  -5.9677000e-03
   3.8110000e-03
   5.2595200e-03
   2.8425300e-03
  -1.6768900e-03
  -7.0681400e-03
  -1.1700600e-02
  -1.4814800e-02
  -1.6528000e-02
  -1.7230300e-02
  -1.7569500e-02
  -1.8247100e-02
  -2.0123000e-02
  -2.4859000e-02
  -3.3434100e-02
  -4.4299600e-02
  -5.4440800e-02
  -6.0779200e-02
  -6.2408000e-02
  -6.1090400e-02
  -5.7994300e-02
  -5.3972000e-02
  -5.0112200e-02
  -4.6677300e-02
  -4.3831400e-02
  -4.1588000e-02
  -4.0382200e-02
  -4.0311100e-02
  -4.0718700e-02
  -4.1218300e-02
  -4.1120100e-02
  -3.9810900e-02
  -3.7081500e-02
  -3.3143100e-02
  -2.8816900e-02
  -2.5087500e-02
  -2.2915400e-02
  -2.3117700e-02
  -2.6036500e-02
  -3.1681100e-02
  -3.9583900e-02
  -4.9292900e-02
  -6.0440500e-02
  -7.2025600e-02
  -8.3342100e-02
  -9.4067700e-02
  -1.0411900e-01
  -1.1398100e-01
  -1.2367800e-01
  -1.3205800e-01
  -1.3827000e-01
  -1.4272500e-01
  -1.4569700e-01
  -1.4744500e-01
  -1.4842700e-01
  -1.4815900e-01
  -1.4692600e-01
  -1.4531000e-01
  -1.4306600e-01
  -1.3986500e-01
  -1.3218700e-01
  -1.1460100e-01
  -8.5924400e-02
  -5.0828500e-02
  -1.5187100e-02
   1.7898000e-02
   4.5718100e-02
   6.5261600e-02
   7.7196900e-02
   8.7150900e-02
   1.0024900e-01
   1.1546500e-01
   1.2773400e-01
   1.3384600e-01
   1.3355200e-01
   1.2601300e-01
   1.1003600e-01
   8.7661800e-02
   6.2918500e-02
   3.8302100e-02
   1.4182600e-02
  -9.9124900e-03
  -3.3559000e-02
  -5.3817500e-02
  -6.6980600e-02
  -7.3277000e-02
  -7.5881500e-02
  -7.7028700e-02
  -7.6144200e-02
  -6.9512400e-02
  -5.3328400e-02
  -2.8114900e-02
   1.2825700e-03
   3.0616200e-02
   5.8395900e-02
   8.5400200e-02
   1.1316400e-01
   1.4123500e-01
   1.6610800e-01
   1.8425600e-01
   1.9575200e-01
   2.0293200e-01
   2.0855900e-01
   2.1419600e-01
   2.1970900e-01
   2.2506400e-01
   2.3003200e-01
   2.3485300e-01
   2.4056200e-01
   2.4685200e-01
   2.5252900e-01
   2.5663200e-01
   2.5872600e-01
   2.5850100e-01
   2.5503700e-01
   2.4652300e-01
   2.3154900e-01
   2.1173000e-01
   1.8988900e-01
   1.6822200e-01
   1.4728700e-01
   1.2602200e-01
   1.0437200e-01
   8.3209400e-02
   6.4756000e-02
   5.0858100e-02
   4.0435800e-02
   3.0674100e-02
   1.9492000e-02
   7.1875700e-03
  -4.7922400e-03
  -1.4687700e-02
  -2.2552500e-02
  -3.0199900e-02
  -3.8999400e-02
  -5.0126200e-02
  -6.4205600e-02
  -8.0339400e-02
  -9.6265500e-02
  -1.0974900e-01
  -1.1967300e-01
  -1.2623600e-01
  -1.2971800e-01
  -1.2922500e-01
  -1.2103000e-01
  -1.0200600e-01
  -7.6445500e-02
  -5.4347000e-02
  -4.2688700e-02
  -3.9793700e-02
  -3.9392800e-02
  -3.7486900e-02
  -3.3938900e-02
  -3.0404200e-02
  -2.8585900e-02
  -2.9199400e-02
  -3.1656000e-02
  -3.5314100e-02
  -3.9920500e-02
  -4.4940900e-02
  -4.9950700e-02
  -5.4889200e-02
  -5.9150300e-02
  -6.2659700e-02
  -6.6054200e-02
  -6.9181300e-02
  -7.2251800e-02
  -7.5864300e-02
  -7.9863000e-02
  -8.4414900e-02
  -8.9874700e-02
  -9.5494200e-02
  -1.0044000e-01
  -1.0434700e-01
  -1.0707500e-01
  -1.0886500e-01
  -1.0995300e-01
  -1.1038400e-01
  -1.1028800e-01
  -1.0999700e-01
  -1.0974700e-01
  -1.0986900e-01
  -1.1075700e-01
  -1.1280000e-01
  -1.1630400e-01
  -1.2135700e-01
  -1.2765000e-01
  -1.3426300e-01
  -1.3977000e-01
  -1.4349700e-01
  -1.4607200e-01
  -1.4787400e-01
  -1.4884800e-01
  -1.4931400e-01
  -1.4944500e-01
  -1.4905300e-01
  -1.4792700e-01
  -1.4593500e-01
  -1.4324700e-01
  -1.3947000e-01
  -1.3491100e-01
  -1.3023900e-01
  -1.2520300e-01
  -1.2051200e-01
  -1.1630900e-01
  -1.1139000e-01
  -1.0496900e-01
  -9.6361200e-02
  -8.4504100e-02
  -6.9777300e-02
  -5.3886100e-02
  -3.8026800e-02
  -2.2816500e-02
  -7.7819700e-03
   7.8056300e-03
   2.3908700e-02
   4.0065500e-02
   5.5179100e-02
   6.7880500e-02
   7.7563200e-02
   8.4720400e-02
   9.0712700e-02
   9.6562600e-02
   1.0260700e-01
   1.0921700e-01
   1.1642600e-01
   1.2494100e-01
   1.3580100e-01
   1.4854000e-01
   1.6247800e-01
   1.7690300e-01
   1.9136700e-01
   2.0575000e-01
   2.1975000e-01
   2.3308800e-01
   2.4428000e-01
   2.5252800e-01
   2.5811300e-01
   2.6135400e-01
   2.6283500e-01
   2.6257300e-01
   2.5965600e-01
   2.5221600e-01
   2.3912600e-01
   2.2119500e-01
   2.0064200e-01
   1.7973600e-01
   1.5956800e-01
   1.3960900e-01
   1.1914000e-01
   9.8066000e-02
   7.6595900e-02
   5.4982500e-02
   3.3394000e-02
   1.2254500e-02
  -8.9316500e-03
  -3.0054500e-02
  -4.9478300e-02
  -6.5247800e-02
  -7.6960200e-02
  -8.6574100e-02
  -9.5698700e-02
  -1.0440400e-01
  -1.1222100e-01
  -1.1859400e-01
  -1.2224000e-01
  -1.2226600e-01
  -1.2005000e-01
  -1.1723300e-01
  -1.1485500e-01
  -1.1401200e-01
  -1.1466200e-01
  -1.1619900e-01
  -1.1839300e-01
  -1.2135000e-01
  -1.2523000e-01
  -1.3070200e-01
  -1.3838600e-01
  -1.4788500e-01
  -1.5747400e-01
  -1.6499100e-01
  -1.6960500e-01
  -1.7160200e-01
  -1.7194600e-01
  -1.7160000e-01
  -1.7082600e-01
  -1.6977400e-01
  -1.6908700e-01
  -1.6948000e-01
  -1.7127900e-01
  -1.7482200e-01
  -1.8018200e-01
  -1.8658900e-01
  -1.9301400e-01
  -1.9807200e-01
  -2.0081400e-01
  -2.0148300e-01
  -1.9935000e-01
  -1.9199000e-01
  -1.7737100e-01
  -1.5635300e-01
  -1.3256900e-01
  -1.0882300e-01
  -8.5993100e-02
  -6.3677000e-02
  -4.0557600e-02
  -1.6431600e-02
   6.9820100e-03
   2.6271900e-02
   3.8931500e-02
   4.6535500e-02
   5.3025400e-02
   6.2407200e-02
   7.7443800e-02
   9.7184200e-02
   1.1821300e-01
   1.3803500e-01
   1.5437100e-01
   1.6552100e-01
   1.7233100e-01
   1.7654400e-01
   1.7938300e-01
   1.8142500e-01
   1.8224400e-01
   1.8160100e-01
   1.7993700e-01
   1.7797800e-01
   1.7656800e-01
   1.7592300e-01
   1.7591600e-01
   1.7655100e-01
   1.7753800e-01
   1.7855300e-01
   1.7974500e-01
   1.8098100e-01
   1.8233300e-01
   1.8384000e-01
   1.8505400e-01
   1.8574100e-01
   1.8571500e-01
   1.8480500e-01
   1.8260500e-01
   1.7901400e-01
   1.7348400e-01
   1.6557100e-01
   1.5600300e-01
   1.4509500e-01
   1.3325800e-01
   1.2137700e-01
   1.0992200e-01
   9.9605600e-02
   9.0381900e-02
   8.1668900e-02
   7.3243600e-02
   6.3924700e-02
   5.2533300e-02
   3.9030300e-02
   2.4329200e-02
   9.8295900e-03
  -3.2889200e-03
  -1.5033300e-02
  -2.7149600e-02
  -4.1676400e-02
  -5.8440900e-02
  -7.5906300e-02
  -9.3336200e-02
  -1.1021600e-01
  -1.2656500e-01
  -1.4282400e-01
  -1.5802000e-01
  -1.7067500e-01
  -1.8046200e-01
  -1.8737200e-01
  -1.9168900e-01
  -1.9397600e-01
  -1.9409500e-01
  -1.9117200e-01
  -1.8320200e-01
  -1.6890000e-01
  -1.4937800e-01
  -1.2747500e-01
  -1.0577400e-01
  -8.4535800e-02
  -6.3076100e-02
  -4.1309900e-02
  -1.9050000e-02
   3.2376500e-03
   2.3288600e-02
   3.9205000e-02
   5.0804900e-02
   5.8938300e-02
   6.4740700e-02
   6.8940600e-02
   7.1423700e-02
   7.1756800e-02
   6.9789600e-02
   6.5517100e-02
   5.9170200e-02
   5.1475800e-02
   4.3780300e-02
   3.6796200e-02
   3.0878700e-02
   2.6167900e-02
   2.2387000e-02
   1.9614200e-02
   1.7592500e-02
   1.6337700e-02
   1.6055000e-02
   1.6613300e-02
   1.8049700e-02
   2.0008900e-02
   2.1919500e-02
   2.3737900e-02
   2.5777000e-02
   2.7988300e-02
   3.0186600e-02
   3.2522000e-02
   3.4859800e-02
   3.6459900e-02
   3.6928600e-02
   3.6036900e-02
   3.3431700e-02
   2.9066800e-02
   2.2583800e-02
   1.3761000e-02
   2.8828900e-03
  -8.7660300e-03
  -1.8894400e-02
  -2.6135400e-02
  -3.0896500e-02
  -3.4339300e-02
  -3.7452400e-02
  -4.0348400e-02
  -4.2786300e-02
  -4.4884500e-02
  -4.6807300e-02
  -4.8696900e-02
  -5.0827600e-02
  -5.3687900e-02
  -5.7257500e-02
  -6.1253300e-02
  -6.5739300e-02
  -7.0648600e-02
  -7.5426900e-02
  -7.9540600e-02
  -8.2783400e-02
  -8.5078800e-02
  -8.6552600e-02
  -8.7148400e-02
  -8.6554100e-02
  -8.5008700e-02
  -8.2299300e-02
  -7.8016600e-02
  -7.2428700e-02
  -6.5072100e-02
  -5.6321000e-02
  -4.7510700e-02
  -3.9261300e-02
  -3.1912100e-02
  -2.5629500e-02
  -2.0269600e-02
  -1.5068700e-02
  -9.7901900e-03
  -4.5199600e-03
   1.2044500e-03
   6.9497900e-03
   1.1924200e-02
   1.6203300e-02
   2.0091500e-02
   2.3584000e-02
   2.6736400e-02
   2.9553100e-02
   3.2082000e-02
   3.4252300e-02
   3.5552100e-02
   3.5885800e-02
   3.4845800e-02
   3.1675900e-02
   2.5725300e-02
   1.6060800e-02
   2.4116700e-03
  -1.3228900e-02
  -2.7597200e-02
  -3.9163300e-02
  -4.8257400e-02
  -5.5799600e-02
  -6.2394200e-02
  -6.7832400e-02
  -7.1870700e-02
  -7.4453400e-02
  -7.5388900e-02
  -7.4748900e-02
  -7.2784400e-02
  -6.9835300e-02
  -6.6514500e-02
  -6.3062600e-02
  -5.9164600e-02
  -5.4389200e-02
  -4.8401100e-02
  -4.0992600e-02
  -3.2151000e-02
  -2.2923400e-02
  -1.5124900e-02
  -9.3649100e-03
  -5.0525400e-03
  -1.4831600e-03
   2.0206400e-03
   5.8575000e-03
   1.0328100e-02
   1.5466200e-02
   2.1097200e-02
   2.7221600e-02
   3.3600600e-02
   3.9308800e-02
   4.3892700e-02
   4.7837600e-02
   5.1123700e-02
   5.3791600e-02
   5.6105700e-02
   5.7692000e-02
   5.8482700e-02
   5.8658000e-02
   5.8252700e-02
   5.7827000e-02
   5.7571500e-02
   5.7376700e-02
   5.7550700e-02
   5.8212400e-02
   5.9277200e-02
   6.0740500e-02
   6.2284400e-02
   6.3663300e-02
   6.5030000e-02
   6.6136400e-02
   6.6653500e-02
   6.6545800e-02
   6.5596700e-02
   6.3648600e-02
   6.1139100e-02
   5.8400800e-02
   5.5496900e-02
   5.2844400e-02
   5.0296100e-02
   4.7548600e-02
   4.5051700e-02
   4.2553700e-02
   3.9488000e-02
   3.5859000e-02
   3.1332900e-02
   2.6004500e-02
   2.0749200e-02
   1.5794500e-02
   1.0957800e-02
   6.5954700e-03
   2.6186500e-03
  -1.5928700e-03
  -6.0617300e-03
  -1.0893400e-02
  -1.6418300e-02
  -2.2278900e-02
  -2.7952100e-02
  -3.3273500e-02
  -3.7940100e-02
  -4.1973900e-02
  -4.5562200e-02
  -4.8724100e-02
  -5.1408600e-02
  -5.3139600e-02
  -5.3513200e-02
  -5.2448600e-02
  -4.9948500e-02
  -4.5306700e-02
  -3.8117500e-02
  -2.9171900e-02
  -2.0161200e-02
  -1.3131100e-02
  -8.7856700e-03
  -6.5952800e-03
  -6.1341100e-03
  -7.4473800e-03
  -1.0517900e-02
  -1.5176700e-02
  -2.0835200e-02
  -2.6555700e-02
  -3.1444500e-02
  -3.4866300e-02
  -3.6711000e-02
  -3.7174700e-02
  -3.6377100e-02
  -3.4222700e-02
  -3.0059900e-02
  -2.2808800e-02
  -1.2465900e-02
  -1.3307500e-03
   7.1881300e-03
   1.2091400e-02
   1.4862100e-02
   1.7061500e-02
   1.9537800e-02
   2.1942900e-02
   2.3739200e-02
   2.4580500e-02
   2.4301100e-02
   2.3122400e-02
   2.1145800e-02
   1.8703500e-02
   1.6230100e-02
   1.3963800e-02
   1.1934100e-02
   1.0041800e-02
   8.5380700e-03
   7.7641600e-03
   7.4844100e-03
   7.3550300e-03
   7.5102400e-03
   7.8699800e-03
   8.1964700e-03
   8.4081200e-03
   8.2427300e-03
   7.7968900e-03
   7.1702200e-03
   6.6391500e-03
   6.6385600e-03
   7.1800800e-03
   8.1298100e-03
   9.4908500e-03
   1.1451200e-02
   1.3621000e-02
   1.5681200e-02
   1.7611700e-02
   1.9498500e-02
   2.1534900e-02
   2.3252900e-02
   2.4295800e-02
   2.4814500e-02
   2.4833500e-02
   2.4522300e-02
   2.3867700e-02
   2.2687500e-02
   2.1129900e-02
   1.9140700e-02
   1.6848400e-02
   1.4562200e-02
   1.2063500e-02
   9.3845500e-03
   6.9910300e-03
   4.8199100e-03
   2.7052200e-03
   1.1992800e-03
   4.7057600e-04
   1.8500100e-04
   7.4702200e-04
   2.2684200e-03
   4.6644300e-03
   8.4631500e-03
   1.3393400e-02
   1.8942400e-02
   2.4812900e-02
   3.0285500e-02
   3.5058200e-02
   3.9194800e-02
   4.2876300e-02
   4.6266500e-02
   4.9339200e-02
   5.2038900e-02
   5.4409700e-02
   5.6513900e-02
   5.8314800e-02
   5.9667300e-02
   6.0550100e-02
   6.1218500e-02
   6.1578900e-02
   6.1523200e-02
   6.1261100e-02
   6.0551600e-02
   5.9390200e-02
   5.8043900e-02
   5.6257000e-02
   5.4188200e-02
   5.1896900e-02
   4.9276000e-02
   4.6408400e-02
   4.3289800e-02
   4.0352100e-02
   3.7521900e-02
   3.4444400e-02
   3.1282600e-02
   2.7924200e-02
   2.4235900e-02
   2.0604200e-02
   1.7280200e-02
   1.3879900e-02
   1.0310700e-02
   6.4947600e-03
   2.0500800e-03
  -2.6436800e-03
  -7.2595300e-03
  -1.2155500e-02
  -1.6791600e-02
  -2.0542300e-02
  -2.4041500e-02
  -2.7371800e-02
  -3.0439700e-02
  -3.3731600e-02
  -3.7361700e-02
  -4.1304900e-02
  -4.5390700e-02
  -4.9105300e-02
  -5.2154600e-02
  -5.4573200e-02
  -5.6177300e-02
  -5.7044700e-02
  -5.7528600e-02
  -5.7680900e-02
  -5.7562400e-02
  -5.7051400e-02
  -5.6035000e-02
  -5.4436200e-02
  -5.2676700e-02
  -5.0985200e-02
  -4.9069600e-02
  -4.7176800e-02
  -4.5203600e-02
  -4.2690600e-02
  -3.9496700e-02
  -3.5588300e-02
  -3.0970200e-02
  -2.6072000e-02
  -2.1678600e-02
  -1.8202700e-02
  -1.5434500e-02
  -1.3113100e-02
  -1.0840600e-02
  -8.2503100e-03
  -5.3355000e-03
  -2.0708800e-03
   1.5178500e-03
   5.4981100e-03
   1.0160800e-02
   1.5558600e-02
   2.1758800e-02
   2.9351100e-02
   3.8196200e-02
   4.7169000e-02
   5.5662100e-02
   6.3030400e-02
   6.8724300e-02
   7.2827700e-02
   7.5729900e-02
   7.7883000e-02
   7.8979000e-02
   7.8779700e-02
   7.7208300e-02
   7.4063300e-02
   6.9559100e-02
   6.3771400e-02
   5.6631400e-02
   4.8584700e-02
   4.0423200e-02
   3.2430900e-02
   2.4650700e-02
   1.7648500e-02
   1.2216600e-02
   8.1980700e-03
   5.3370100e-03
   3.6281300e-03
   2.6120000e-03
   2.3855400e-03
   2.8069700e-03
   3.6239600e-03
   4.6520000e-03
   5.5047800e-03
   6.0325300e-03
   5.9776800e-03
   5.4317800e-03
   4.4216600e-03
   2.8813600e-03
   1.0981700e-03
  -9.4659000e-04
  -3.4266700e-03
  -6.4898800e-03
  -1.0197400e-02
  -1.4302000e-02
  -1.8887500e-02
  -2.4345100e-02
  -3.0131900e-02
  -3.5297100e-02
  -3.9993100e-02
  -4.4283200e-02
  -4.8088900e-02
  -5.1763200e-02
  -5.5120200e-02
  -5.8106100e-02
  -6.0963300e-02
  -6.3650000e-02
  -6.6189800e-02
  -6.8722200e-02
  -7.1438700e-02
  -7.4259800e-02
  -7.7051700e-02
  -8.0165500e-02
  -8.3128000e-02
  -8.5533400e-02
  -8.7793100e-02
  -8.9394700e-02
  -9.0215000e-02
  -9.0352200e-02
  -8.9440500e-02
  -8.7761800e-02
  -8.5232200e-02
  -8.1744300e-02
  -7.7630600e-02
  -7.2885600e-02
  -6.7796900e-02
  -6.2940400e-02
  -5.8082500e-02
  -5.2873000e-02
  -4.7702500e-02
  -4.2813700e-02
  -3.7884200e-02
  -3.2850900e-02
  -2.8322500e-02
  -2.4054500e-02
  -1.9506300e-02
  -1.5193600e-02
  -1.1083300e-02
  -7.0177500e-03
  -3.4474900e-03
  -4.6371900e-04
   2.1117300e-03
   4.4374800e-03
   6.6161200e-03
   8.4170100e-03
   9.8189000e-03
   1.1224400e-02
   1.2460200e-02
   1.3407100e-02
   1.4463900e-02
   1.5780900e-02
   1.7722900e-02
   2.0550100e-02
   2.4132500e-02
   2.8583900e-02
   3.3550100e-02
   3.8342900e-02
   4.2471400e-02
   4.5989600e-02
   4.9187700e-02
   5.2129900e-02
   5.4957500e-02
   5.7551600e-02
   5.9735800e-02
   6.1574100e-02
   6.3139800e-02
   6.4482600e-02
   6.5751700e-02
   6.6956800e-02
   6.8161200e-02
   6.9479500e-02
   7.0794700e-02
   7.1742000e-02
   7.2038600e-02
   7.1636800e-02
   7.0417100e-02
   6.8464700e-02
   6.5965600e-02
   6.3081000e-02
   5.9563600e-02
   5.5110400e-02
   4.9976900e-02
   4.4059300e-02
   3.7446800e-02
   3.0827000e-02
   2.4553600e-02
   1.8821300e-02
   1.3637900e-02
   8.8080400e-03
   4.1772600e-03
  -2.7689100e-04
  -4.4773600e-03
  -8.4609100e-03
  -1.2158900e-02
  -1.5642200e-02
  -1.9096400e-02
  -2.2560600e-02
  -2.6143500e-02
  -2.9795500e-02
  -3.3502900e-02
  -3.7302400e-02
  -4.1037000e-02
  -4.4745400e-02
  -4.8137200e-02
  -5.0891800e-02
  -5.3275000e-02
  -5.5232900e-02
  -5.6701700e-02
  -5.7844900e-02
  -5.8647400e-02
  -5.9181800e-02
  -5.9393600e-02
  -5.9419900e-02
  -5.9275600e-02
  -5.8911000e-02
  -5.8573600e-02
  -5.8306000e-02
  -5.8056300e-02
  -5.7358200e-02
  -5.6076100e-02
  -5.4256300e-02
  -5.1761000e-02
