  -7.5454700e-02
  -7.2125600e-02
  -6.8623100e-02
  -6.5279400e-02
  -6.2224500e-02
  -5.9856900e-02
  -5.8467100e-02
  -5.8159300e-02
  -5.9018500e-02
  -6.0855700e-02
  -6.3022000e-02
  -6.5170500e-02
  -6.7111900e-02
  -6.8179300e-02
  -6.7929300e-02
  -6.6087500e-02
  -6.2670700e-02
  -5.8068100e-02
  -5.2971900e-02
  -4.8934300e-02
  -4.7819500e-02
  -5.1000400e-02
  -5.8865700e-02
  -6.9721100e-02
  -8.0341400e-02
  -8.8057400e-02
  -9.2100600e-02
  -9.4157700e-02
  -9.6331100e-02
  -9.9104500e-02
  -1.0203800e-01
  -1.0462100e-01
  -1.0636400e-01
  -1.0737800e-01
  -1.0820600e-01
  -1.0925500e-01
  -1.1116200e-01
  -1.1416000e-01
  -1.1761800e-01
  -1.2063800e-01
  -1.2265200e-01
  -1.2277500e-01
  -1.1935000e-01
  -1.1133700e-01
  -9.9327400e-02
  -8.5450900e-02
  -7.1814600e-02
  -5.8845100e-02
  -4.5906300e-02
  -3.2948300e-02
  -2.1023700e-02
  -1.1868400e-02
  -5.5154400e-03
   1.4078900e-03
   1.2335200e-02
   2.7671000e-02
   4.5035800e-02
   6.1847700e-02
   7.7506800e-02
   9.2569000e-02
   1.0744800e-01
   1.2098600e-01
   1.3037800e-01
   1.3427600e-01
   1.3399500e-01
   1.3130900e-01
   1.2681700e-01
   1.2016900e-01
   1.1122100e-01
   1.0093300e-01
   9.0420100e-02
   8.0497200e-02
   7.2738900e-02
   6.7723500e-02
   6.4037000e-02
   5.9903800e-02
   5.3805500e-02
   4.5288400e-02
   3.6843800e-02
   3.2754300e-02
   3.5625700e-02
   4.4881200e-02
   5.7339100e-02
   6.9819900e-02
   8.1042400e-02
   9.1586600e-02
   1.0183400e-01
   1.1071700e-01
   1.1653400e-01
   1.1841700e-01
   1.1695500e-01
   1.1261800e-01
   1.0596300e-01
   9.8250900e-02
   9.0559200e-02
   8.2908500e-02
   7.4665500e-02
   6.5490200e-02
   5.5605700e-02
   4.6408400e-02
   3.9407100e-02
   3.4653200e-02
   3.1439900e-02
   2.8732400e-02
   2.6032200e-02
   2.3736000e-02
   2.1758300e-02
   1.9937300e-02
   1.8269400e-02
   1.6445600e-02
   1.4140900e-02
   1.1011000e-02
   6.9224100e-03
   2.4915900e-03
  -1.6798600e-03
  -5.1911400e-03
  -7.4942900e-03
  -8.7407300e-03
  -9.2562400e-03
  -9.0456600e-03
  -8.3701600e-03
  -7.8847100e-03
  -7.9666100e-03
  -8.9072500e-03
  -1.1169900e-02
  -1.4931800e-02
  -2.0803700e-02
  -2.9716700e-02
  -4.1229000e-02
  -5.3912100e-02
  -6.6499400e-02
  -7.7633900e-02
  -8.5946000e-02
  -9.0518700e-02
  -9.1983200e-02
  -9.0111200e-02
  -8.0329800e-02
  -5.7421500e-02
  -2.2540300e-02
   1.7445000e-02
   5.6803900e-02
   9.3910600e-02
   1.3010100e-01
   1.6734000e-01
   2.0646000e-01
   2.4686700e-01
   2.8713800e-01
   3.2337900e-01
   3.4709900e-01
   3.5132900e-01
   3.3827300e-01
   3.1749500e-01
   2.9776500e-01
   2.8126300e-01
   2.6569500e-01
   2.4852400e-01
   2.2850700e-01
   2.0659100e-01
   1.8462300e-01
   1.6343100e-01
   1.4310600e-01
   1.2310700e-01
   1.0283000e-01
   8.2402100e-02
   6.1762000e-02
   4.0883500e-02
   2.0244700e-02
  -2.0267100e-04
  -2.0656200e-02
  -4.1127200e-02
  -6.1718800e-02
  -8.2209300e-02
  -1.0198400e-01
  -1.1904900e-01
  -1.3122000e-01
  -1.3863300e-01
  -1.4317700e-01
  -1.4681200e-01
  -1.5048200e-01
  -1.5397800e-01
  -1.5665900e-01
  -1.5890200e-01
  -1.6146800e-01
  -1.6525100e-01
  -1.7169300e-01
  -1.8160100e-01
  -1.9483800e-01
  -2.0982700e-01
  -2.2486500e-01
  -2.3920400e-01
  -2.5165700e-01
  -2.6035700e-01
  -2.6426700e-01
  -2.6390700e-01
  -2.5881000e-01
  -2.4678200e-01
  -2.2729500e-01
  -2.0281600e-01
  -1.7697500e-01
  -1.5187200e-01
  -1.2739300e-01
  -1.0260700e-01
  -7.6944900e-02
  -5.0602500e-02
  -2.3978700e-02
   2.5738600e-03
   2.8789800e-02
   5.4001700e-02
   7.5888800e-02
   9.1280400e-02
   9.9911900e-02
   1.0561200e-01
   1.1357300e-01
   1.2635200e-01
   1.4085800e-01
   1.5121200e-01
   1.5358400e-01
   1.4578600e-01
   1.2723300e-01
   1.0143600e-01
   7.3606800e-02
   4.6716400e-02
   2.1792100e-02
   2.9732100e-04
  -1.4740500e-02
  -2.1801100e-02
  -2.3396500e-02
  -2.3612900e-02
  -2.4719000e-02
  -2.6798300e-02
  -2.9639000e-02
  -3.3045000e-02
  -3.7001200e-02
  -4.1927700e-02
  -4.8087900e-02
  -5.5093500e-02
  -6.1847900e-02
  -6.7280000e-02
  -7.0991800e-02
  -7.2744100e-02
  -7.2164600e-02
  -6.9543300e-02
  -6.4503800e-02
  -5.5917100e-02
  -4.3354000e-02
  -2.7837500e-02
  -1.1256200e-02
   5.2398900e-03
   2.1281900e-02
   3.7275800e-02
   5.3548300e-02
   6.9324200e-02
   8.3826600e-02
   9.7401100e-02
   1.1119400e-01
   1.2577900e-01
   1.4073700e-01
   1.5564800e-01
   1.7043400e-01
   1.8510500e-01
   1.9955500e-01
   2.1425400e-01
   2.3030100e-01
   2.4731300e-01
   2.6226300e-01
   2.7179700e-01
   2.7376400e-01
   2.6496400e-01
   2.4105900e-01
   2.0257800e-01
   1.5670600e-01
   1.1049300e-01
   6.6500200e-02
   2.3487900e-02
  -1.8784400e-02
  -5.4197700e-02
  -7.4816600e-02
  -8.0023400e-02
  -7.5237600e-02
  -6.4430700e-02
  -4.9822200e-02
  -3.6704000e-02
  -3.1039200e-02
  -3.4643800e-02
  -4.6454600e-02
  -6.3882700e-02
  -8.3137300e-02
  -1.0046800e-01
  -1.1299800e-01
  -1.1955100e-01
  -1.2188600e-01
  -1.2284900e-01
  -1.2373900e-01
  -1.2448700e-01
  -1.2456200e-01
  -1.2364400e-01
  -1.2180000e-01
  -1.1942200e-01
  -1.1680900e-01
  -1.1396500e-01
  -1.1086300e-01
  -1.0771600e-01
  -1.0415100e-01
  -9.9566400e-02
  -9.2971200e-02
  -8.2492000e-02
  -6.7687900e-02
  -5.0979600e-02
  -3.6777500e-02
  -2.7456400e-02
  -2.1188900e-02
  -1.4880900e-02
  -6.6354900e-03
   3.3709700e-03
   1.3010900e-02
   1.9633500e-02
   2.1682000e-02
   1.9050600e-02
   1.2930800e-02
   5.9620400e-03
   8.3886200e-04
  -9.8740000e-04
   9.1850200e-05
   2.6933900e-03
   5.9793400e-03
   9.4555700e-03
   1.3718100e-02
   2.0413300e-02
   3.1162400e-02
   4.6226500e-02
   6.1666500e-02
   7.2021500e-02
   7.5398100e-02
   7.2166300e-02
   6.2392100e-02
   4.6586700e-02
   2.7015600e-02
   6.3594200e-03
  -1.4016500e-02
  -3.4277200e-02
  -5.4999300e-02
  -7.5237200e-02
  -9.2060400e-02
  -1.0243800e-01
  -1.0594000e-01
  -1.0507300e-01
  -1.0228200e-01
  -9.7921100e-02
  -9.1757700e-02
  -8.4131900e-02
  -7.5166800e-02
  -6.3776400e-02
  -4.8242400e-02
  -2.8607300e-02
  -6.8210100e-03
   1.4911100e-02
   3.5897500e-02
   5.6652500e-02
   7.7375700e-02
   9.8396500e-02
   1.1814000e-01
   1.3288800e-01
   1.4123300e-01
   1.4503400e-01
   1.4684300e-01
   1.4901900e-01
   1.5226600e-01
   1.5548000e-01
   1.5779200e-01
   1.5831800e-01
   1.5505000e-01
   1.4471000e-01
   1.2578900e-01
   1.0097600e-01
   7.4811400e-02
   4.9884700e-02
   2.5834200e-02
   1.5936600e-03
  -2.3546700e-02
  -4.9458700e-02
  -7.3808600e-02
  -9.3151000e-02
  -1.0632300e-01
  -1.1620600e-01
  -1.2627600e-01
  -1.3697400e-01
  -1.4691000e-01
  -1.5440700e-01
  -1.5894100e-01
  -1.6158700e-01
  -1.6363300e-01
  -1.6597100e-01
  -1.6907400e-01
  -1.7276000e-01
  -1.7728700e-01
  -1.8384800e-01
  -1.9281500e-01
  -2.0415900e-01
  -2.1607400e-01
  -2.2443800e-01
  -2.2685100e-01
  -2.2143900e-01
  -2.0495000e-01
  -1.7743600e-01
  -1.4382000e-01
  -1.0948700e-01
  -7.6533600e-02
  -4.4175400e-02
  -1.1195100e-02
   2.3235700e-02
   5.8927600e-02
   9.3912100e-02
   1.2350700e-01
   1.4258300e-01
   1.5091400e-01
   1.5369000e-01
   1.5643700e-01
   1.6139500e-01
   1.6832700e-01
   1.7657600e-01
   1.8654000e-01
   1.9893000e-01
   2.1308400e-01
   2.2782000e-01
   2.4237100e-01
   2.5556500e-01
   2.6451900e-01
   2.6283600e-01
   2.4423800e-01
   2.1000100e-01
   1.6815800e-01
   1.2633000e-01
   8.7318500e-02
   4.9468700e-02
   1.0724400e-02
  -2.6208000e-02
  -5.3052400e-02
  -6.2388200e-02
  -5.4104200e-02
  -3.4437700e-02
  -1.1465900e-02
   7.6730200e-03
   1.8462100e-02
   2.1057700e-02
   1.9408600e-02
   1.7822400e-02
   1.8230700e-02
   1.9995100e-02
   2.2109700e-02
   2.3731200e-02
   2.4429900e-02
   2.4112600e-02
   2.2635000e-02
   1.9643300e-02
   1.4711000e-02
   7.8584400e-03
  -9.8112000e-04
  -1.1916700e-02
  -2.4637200e-02
  -3.8378600e-02
  -5.1328400e-02
  -6.0658000e-02
  -6.5293300e-02
  -6.6233500e-02
  -6.3904100e-02
  -5.6957800e-02
  -4.3698100e-02
  -2.5192300e-02
  -4.6731300e-03
   1.5523500e-02
   3.3905000e-02
   4.8281900e-02
   5.7348500e-02
   6.2432700e-02
   6.5860000e-02
   6.9122200e-02
   7.2582300e-02
   7.6131200e-02
   7.9548100e-02
   8.2846100e-02
   8.6358800e-02
   8.9743800e-02
   9.2034600e-02
   9.1355100e-02
   8.4391000e-02
   6.9006900e-02
   4.6786600e-02
   2.2066200e-02
  -1.4997100e-03
  -2.2232400e-02
  -3.7839300e-02
  -4.6767100e-02
  -5.1016100e-02
  -5.3949700e-02
  -5.7913700e-02
  -6.3120400e-02
  -6.8327800e-02
  -7.2895800e-02
  -7.7120600e-02
  -8.1609900e-02
  -8.7430600e-02
  -9.6025900e-02
  -1.0775900e-01
  -1.2153700e-01
  -1.3585200e-01
  -1.4972100e-01
  -1.6284700e-01
  -1.7464900e-01
  -1.8395200e-01
  -1.8989500e-01
  -1.9281200e-01
  -1.9357100e-01
  -1.9237300e-01
  -1.8843300e-01
  -1.8051900e-01
  -1.6829100e-01
  -1.5326900e-01
  -1.3770200e-01
  -1.2278700e-01
  -1.0870000e-01
  -9.5858800e-02
  -8.5138800e-02
  -7.6777800e-02
  -6.9660300e-02
  -6.1879700e-02
  -5.2506300e-02
  -4.1977200e-02
  -3.1334200e-02
  -2.1487800e-02
  -1.2769000e-02
  -5.0460000e-03
   2.2862600e-03
   9.4706100e-03
   1.6167000e-02
   2.2420800e-02
   2.9072000e-02
   3.7418400e-02
   4.8264500e-02
   6.0930900e-02
   7.3676700e-02
   8.4943200e-02
   9.3724600e-02
   1.0024600e-01
   1.0592500e-01
   1.1189900e-01
   1.1871100e-01
   1.2689300e-01
   1.3696000e-01
   1.4859400e-01
   1.6087800e-01
   1.7303500e-01
   1.8374200e-01
   1.9166100e-01
   1.9628100e-01
   1.9790800e-01
   1.9688300e-01
   1.9154200e-01
   1.7979100e-01
   1.6233400e-01
   1.4210400e-01
   1.2190500e-01
   1.0262700e-01
   8.3536300e-02
   6.3924400e-02
   4.3555300e-02
   2.2769900e-02
   3.0736700e-03
  -1.2419100e-02
  -2.1203900e-02
  -2.4192000e-02
  -2.4415300e-02
  -2.4403500e-02
  -2.4768900e-02
  -2.4943500e-02
  -2.4679800e-02
  -2.4286400e-02
  -2.4224300e-02
  -2.4534700e-02
  -2.5120300e-02
  -2.5840200e-02
  -2.6122700e-02
  -2.5497400e-02
  -2.3810300e-02
  -2.0694600e-02
  -1.4970900e-02
  -4.7277700e-03
   1.0491700e-02
   2.7945800e-02
   4.3003500e-02
   5.2353200e-02
   5.6353500e-02
   5.8001000e-02
   5.9364300e-02
   6.0085200e-02
   5.8181900e-02
   5.0437500e-02
   3.5383700e-02
   1.5545000e-02
  -5.3578600e-03
  -2.5147600e-02
  -4.3905200e-02
  -6.2755300e-02
  -8.2393800e-02
  -1.0297300e-01
  -1.2381700e-01
  -1.4352200e-01
  -1.5930200e-01
  -1.6837000e-01
  -1.7131900e-01
  -1.7103100e-01
  -1.7009900e-01
  -1.6943100e-01
  -1.6824600e-01
  -1.6492000e-01
  -1.5756300e-01
  -1.4527400e-01
  -1.2908700e-01
  -1.1162400e-01
  -9.5157700e-02
  -8.1480200e-02
  -7.1836600e-02
  -6.5772500e-02
  -6.1823400e-02
  -5.8731800e-02
  -5.6388600e-02
  -5.5153900e-02
  -5.5182400e-02
  -5.6448300e-02
  -5.8475300e-02
  -6.0793000e-02
  -6.3006700e-02
  -6.4835100e-02
  -6.5976800e-02
  -6.6192500e-02
  -6.5409000e-02
  -6.3031500e-02
  -5.7935100e-02
  -4.7998700e-02
  -3.1732600e-02
  -1.1136800e-02
   1.0257600e-02
   3.0714500e-02
   4.9766600e-02
   6.5911700e-02
   7.7293600e-02
   8.4450800e-02
   8.9726200e-02
   9.4927100e-02
   1.0002600e-01
   1.0348000e-01
   1.0408300e-01
   1.0130000e-01
   9.4687400e-02
   8.4504700e-02
   7.2684100e-02
   6.2955800e-02
   5.8298000e-02
   5.8606700e-02
   6.1859900e-02
   6.5810500e-02
   6.9071500e-02
   7.0936400e-02
   7.1008200e-02
   6.9298800e-02
   6.6161500e-02
   6.2139100e-02
   5.7909200e-02
   5.4116900e-02
   5.1132800e-02
   4.9159300e-02
   4.8195900e-02
   4.8251200e-02
   4.9501800e-02
   5.2047500e-02
   5.5290600e-02
   5.8642200e-02
   6.1567500e-02
   6.3381700e-02
   6.4363500e-02
   6.5147200e-02
   6.6074500e-02
   6.7185900e-02
   6.8252100e-02
   6.8810000e-02
   6.8244800e-02
   6.6195800e-02
   6.2377000e-02
   5.6223100e-02
   4.7258100e-02
   3.6250400e-02
   2.5184300e-02
   1.5526500e-02
   7.2423900e-03
  -6.8087800e-04
  -9.6056100e-03
  -2.0040800e-02
  -3.0636400e-02
  -3.9383000e-02
  -4.4903500e-02
  -4.7139800e-02
  -4.7310200e-02
  -4.6456800e-02
  -4.4931900e-02
  -4.3093300e-02
  -4.1158000e-02
  -3.9439400e-02
  -3.8340300e-02
  -3.7614100e-02
  -3.7269800e-02
  -3.7452300e-02
  -3.8444700e-02
  -4.1328300e-02
  -4.7328300e-02
  -5.7828800e-02
  -7.2610600e-02
  -8.9245900e-02
  -1.0592700e-01
  -1.2193700e-01
  -1.3758400e-01
  -1.5358300e-01
  -1.6890000e-01
  -1.8097200e-01
  -1.8762900e-01
  -1.8867100e-01
  -1.8431000e-01
  -1.7305400e-01
  -1.5434900e-01
  -1.3089600e-01
  -1.0642200e-01
  -8.2699000e-02
  -5.9383700e-02
  -3.5772400e-02
  -1.1405700e-02
   1.2366600e-02
   3.1495700e-02
   4.3163200e-02
   4.8526900e-02
   5.1005700e-02
   5.3114200e-02
   5.5186900e-02
   5.6447100e-02
   5.6159400e-02
   5.4315300e-02
   5.1587200e-02
   4.8806800e-02
   4.6459000e-02
   4.5116800e-02
   4.5602200e-02
   4.8249500e-02
   5.3428800e-02
   6.1239800e-02
   7.0110000e-02
   7.7801200e-02
   8.2845500e-02
   8.5173500e-02
   8.5551900e-02
   8.4848200e-02
   8.3713600e-02
   8.1824000e-02
   7.9054100e-02
   7.5349200e-02
   7.0505400e-02
   6.5384400e-02
   6.1021900e-02
   5.7948400e-02
   5.6245400e-02
   5.5797000e-02
   5.6650200e-02
   5.8879000e-02
   6.2415100e-02
   6.6862200e-02
   7.1523200e-02
   7.5644200e-02
   7.8160700e-02
   7.8232400e-02
   7.5633900e-02
   7.0009900e-02
   6.1322000e-02
   5.1007200e-02
   4.1493500e-02
   3.4135200e-02
   2.8592900e-02
   2.3694200e-02
   1.8445000e-02
   1.2397500e-02
   5.6661000e-03
  -1.5661500e-03
  -9.6988700e-03
  -1.9129000e-02
  -2.9314000e-02
  -3.8583700e-02
  -4.5390300e-02
  -4.9559400e-02
  -5.2014800e-02
  -5.3570600e-02
  -5.4291900e-02
  -5.3946100e-02
  -5.2804100e-02
  -5.1451000e-02
  -5.0317000e-02
  -4.9753400e-02
  -4.9921800e-02
  -5.0735400e-02
  -5.2107000e-02
  -5.3745600e-02
  -5.5212100e-02
  -5.6518600e-02
  -5.7599200e-02
  -5.8513100e-02
  -5.9642900e-02
  -6.1075900e-02
  -6.2604400e-02
  -6.4033900e-02
  -6.5235500e-02
  -6.5934600e-02
  -6.5951000e-02
  -6.4931600e-02
  -6.2682500e-02
  -5.8784500e-02
  -5.2290600e-02
  -4.3108100e-02
  -3.1996300e-02
  -2.0168400e-02
  -8.6108800e-03
   2.5737800e-03
   1.3609000e-02
   2.4247800e-02
   3.4162100e-02
   4.3412400e-02
   5.2016200e-02
   6.0101500e-02
   6.8179000e-02
   7.6853000e-02
   8.5653000e-02
   9.3494900e-02
   9.9745600e-02
   1.0401200e-01
   1.0652700e-01
   1.0771400e-01
   1.0749600e-01
   1.0558300e-01
   1.0150300e-01
   9.5061200e-02
   8.6643900e-02
   7.7348600e-02
   6.8607400e-02
   6.1026100e-02
   5.4494200e-02
   4.8414900e-02
   4.2601600e-02
   3.7075000e-02
   3.1441800e-02
   2.5818500e-02
   2.0527600e-02
   1.5759700e-02
   1.1467200e-02
   7.3783400e-03
   3.3136600e-03
  -1.0663500e-03
  -6.0265100e-03
  -1.1546400e-02
  -1.7862600e-02
  -2.5253800e-02
  -3.3733400e-02
  -4.2866400e-02
  -5.1301300e-02
  -5.7798400e-02
  -6.2171600e-02
  -6.4962100e-02
  -6.6763600e-02
  -6.7565700e-02
  -6.7302000e-02
  -6.6333500e-02
  -6.5052900e-02
  -6.3762400e-02
  -6.2827300e-02
  -6.2425400e-02
  -6.2253600e-02
  -6.1903200e-02
  -6.0955300e-02
  -5.9066600e-02
  -5.6371200e-02
  -5.3186800e-02
  -4.9803600e-02
  -4.6829000e-02
  -4.4859500e-02
  -4.3944200e-02
  -4.4150200e-02
  -4.5169800e-02
  -4.6209100e-02
  -4.7187600e-02
  -4.8267500e-02
  -4.9277600e-02
  -4.9970800e-02
  -5.0074800e-02
  -4.9361100e-02
  -4.7810500e-02
  -4.5506300e-02
  -4.2683200e-02
  -3.9814000e-02
  -3.7425200e-02
  -3.5856800e-02
  -3.5100100e-02
  -3.5008600e-02
  -3.5294800e-02
  -3.5718500e-02
  -3.6186600e-02
  -3.6622800e-02
  -3.6857500e-02
  -3.6775200e-02
  -3.6237700e-02
  -3.4922400e-02
  -3.2867200e-02
  -3.0242400e-02
  -2.7368300e-02
  -2.4795200e-02
  -2.2665800e-02
  -2.0993400e-02
  -1.9631300e-02
  -1.8047400e-02
  -1.5767000e-02
  -1.2472400e-02
  -7.8880600e-03
  -1.9872100e-03
   4.5326000e-03
   1.1026700e-02
   1.7337700e-02
   2.3338800e-02
   2.9051600e-02
   3.4115100e-02
   3.7881400e-02
   4.0035900e-02
   4.0411200e-02
   3.8926000e-02
   3.6142600e-02
   3.3131700e-02
   3.0628300e-02
   2.9093300e-02
   2.8829500e-02
   2.9897000e-02
   3.2236000e-02
   3.5686100e-02
   3.9904500e-02
   4.4380700e-02
   4.8438300e-02
   5.1576200e-02
   5.3731000e-02
   5.4820400e-02
   5.4783100e-02
   5.3796300e-02
   5.1730600e-02
   4.8472800e-02
   4.3790800e-02
   3.6941000e-02
   2.8007700e-02
   1.7852900e-02
   7.4560900e-03
  -2.0622800e-03
  -9.5051100e-03
  -1.4212900e-02
  -1.6683400e-02
  -1.7596400e-02
  -1.7313700e-02
  -1.5828200e-02
  -1.2545200e-02
  -7.2721800e-03
  -5.3799300e-04
   6.9194800e-03
   1.3798100e-02
   1.9488800e-02
   2.4521100e-02
   2.9029000e-02
   3.3063800e-02
   3.6509400e-02
   3.8667900e-02
   3.9070700e-02
   3.7832700e-02
   3.5206700e-02
   3.1694400e-02
   2.8353500e-02
   2.5678400e-02
   2.3362500e-02
   2.1176100e-02
   1.8996000e-02
   1.6792800e-02
   1.4623900e-02
   1.2626500e-02
   1.0998600e-02
   9.9011400e-03
   9.3029300e-03
   9.0981500e-03
   9.2461900e-03
   9.6744400e-03
   1.0198000e-02
   1.0616700e-02
   1.0815000e-02
   1.0826200e-02
   1.0686100e-02
   1.0249500e-02
   9.5358700e-03
   8.5918400e-03
   7.5713500e-03
   6.8032500e-03
   6.3069100e-03
   5.8831400e-03
   5.2833300e-03
   4.3775700e-03
   3.1225700e-03
   1.5393700e-03
  -3.3002000e-04
  -2.4741300e-03
  -4.6642300e-03
  -6.8648100e-03
  -9.1231900e-03
  -1.1104100e-02
  -1.2639900e-02
  -1.3684100e-02
  -1.4199500e-02
  -1.4343000e-02
  -1.4240500e-02
  -1.4172300e-02
  -1.4318800e-02
  -1.4608600e-02
  -1.4936300e-02
  -1.5180600e-02
  -1.5046900e-02
  -1.4243300e-02
  -1.2841300e-02
  -1.0899100e-02
  -8.6593500e-03
  -6.8136000e-03
  -5.8689300e-03
  -5.6912600e-03
  -5.7805400e-03
  -5.8802100e-03
  -5.8185800e-03
  -5.3544100e-03
  -4.7531800e-03
  -4.2969800e-03
  -3.8576000e-03
  -3.4974800e-03
  -3.2932900e-03
  -2.9943500e-03
  -2.3635200e-03
  -1.4430700e-03
  -2.5158100e-04
   1.2261600e-03
   2.8952500e-03
   4.7641500e-03
   6.8611000e-03
   8.9064700e-03
   1.0602900e-02
   1.1774900e-02
   1.2138800e-02
   1.1677300e-02
   1.0317500e-02
   7.8906800e-03
   4.3917500e-03
  -2.1789300e-04
  -5.4332200e-03
  -1.0374500e-02
  -1.4676100e-02
  -1.8114000e-02
  -2.0819200e-02
  -2.3388900e-02
  -2.6046000e-02
  -2.8823700e-02
  -3.1642300e-02
  -3.4274800e-02
  -3.6602100e-02
  -3.8619700e-02
  -4.0218600e-02
  -4.1385700e-02
  -4.2164800e-02
  -4.2340700e-02
  -4.1749200e-02
  -4.0543900e-02
  -3.9220900e-02
  -3.8090700e-02
  -3.6936600e-02
  -3.5508800e-02
  -3.3694900e-02
  -3.1337800e-02
  -2.8295400e-02
  -2.4337700e-02
  -1.9411700e-02
  -1.3798700e-02
  -7.5583400e-03
  -7.5597200e-04
   6.0753700e-03
   1.2538000e-02
   1.8726900e-02
   2.4668500e-02
   3.0064400e-02
   3.4481500e-02
   3.7738100e-02
   3.9501500e-02
   3.9300000e-02
   3.7272200e-02
   3.3335000e-02
   2.7009500e-02
   1.8465600e-02
   8.6483500e-03
  -8.3190900e-04
  -8.2273900e-03
  -1.2682700e-02
  -1.4697900e-02
  -1.5344800e-02
  -1.5048800e-02
  -1.3686400e-02
  -1.0661600e-02
  -4.8723300e-03
   3.6540100e-03
   1.2725300e-02
   1.9927000e-02
   2.4256400e-02
   2.6192300e-02
   2.7013600e-02
   2.7408100e-02
   2.7304700e-02
   2.6334400e-02
   2.4195000e-02
   2.0976400e-02
   1.6811200e-02
   1.1732800e-02
   5.8117700e-03
  -8.2512100e-04
  -7.3926300e-03
  -1.2640600e-02
  -1.5835100e-02
  -1.7187700e-02
  -1.7218700e-02
  -1.5962700e-02
  -1.3188100e-02
  -8.4360200e-03
  -1.2862700e-03
   7.5679000e-03
   1.6016100e-02
   2.2011000e-02
   2.5253500e-02
   2.6630100e-02
   2.7005400e-02
   2.6751000e-02
   2.5561100e-02
   2.3515000e-02
   2.1127200e-02
   1.8684700e-02
   1.6411100e-02
   1.4448800e-02
   1.2644500e-02
   1.0535100e-02
   7.6982000e-03
   3.8721900e-03
  -8.5561100e-04
  -5.8735000e-03
  -1.0128900e-02
  -1.2894300e-02
  -1.4124600e-02
  -1.4103300e-02
  -1.3234300e-02
  -1.1678500e-02
  -9.4351000e-03
  -6.2913600e-03
  -2.0029300e-03
   3.1898000e-03
   8.7778900e-03
   1.4276300e-02
   1.9520200e-02
   2.4826900e-02
   3.0341100e-02
   3.5891800e-02
   4.1239700e-02
   4.5865300e-02
   4.9417000e-02
   5.1835000e-02
   5.3114900e-02
   5.3339500e-02
   5.2291900e-02
   4.9797700e-02
   4.6056000e-02
   4.1539000e-02
   3.7163200e-02
   3.3668800e-02
   3.1363000e-02
   3.0049500e-02
   2.9146300e-02
   2.8387000e-02
   2.7501200e-02
   2.6230200e-02
   2.4658600e-02
   2.2712800e-02
   2.0473600e-02
   1.8242500e-02
   1.5962700e-02
   1.3534700e-02
   1.0709600e-02
   6.8891200e-03
   1.7083600e-03
  -4.4311600e-03
  -1.0453800e-02
  -1.5474800e-02
  -1.9416500e-02
  -2.2802600e-02
  -2.6132800e-02
  -2.9643300e-02
  -3.3067600e-02
  -3.5805300e-02
  -3.7707700e-02
  -3.8842900e-02
  -3.9230800e-02
  -3.8943200e-02
  -3.8375200e-02
  -3.7844500e-02
  -3.7477500e-02
  -3.7584200e-02
  -3.8020400e-02
  -3.8464900e-02
  -3.8939500e-02
  -3.9420100e-02
  -3.9838000e-02
  -4.0148200e-02
  -4.0221000e-02
  -4.0051300e-02
  -3.9419500e-02
  -3.8234400e-02
  -3.6572300e-02
  -3.4224100e-02
  -3.1403200e-02
  -2.8282500e-02
  -2.4746000e-02
  -2.0932500e-02
  -1.7119400e-02
  -1.3580300e-02
  -1.0675400e-02
  -8.7077200e-03
  -7.6520600e-03
  -7.4781200e-03
  -7.9554200e-03
  -8.6493100e-03
  -9.3530200e-03
  -9.9478500e-03
  -1.0272400e-02
  -1.0336200e-02
  -1.0202200e-02
  -9.7810000e-03
  -9.0276200e-03
  -7.9959800e-03
  -6.7262300e-03
  -5.0903300e-03
  -3.0701100e-03
  -9.5530300e-04
   1.0256400e-03
   2.8723500e-03
   4.5917600e-03
   6.3537600e-03
   8.4395400e-03
   1.0908900e-02
   1.3765900e-02
   1.6780500e-02
   1.9473100e-02
   2.1834900e-02
   2.4210400e-02
   2.6725500e-02
