  -7.9001280e-03
  -7.1230260e-03
  -8.6793290e-03
  -1.1609210e-02
  -1.3341400e-02
  -1.1347560e-02
  -5.1163400e-03
   2.2442750e-03
   6.2181140e-03
   4.3516400e-03
  -1.2267640e-03
  -5.7073460e-03
  -6.1594160e-03
  -1.9355900e-03
   5.4225730e-03
   1.2087430e-02
   1.4991190e-02
   1.3766770e-02
   9.4474100e-03
   3.3347360e-03
  -3.1376890e-03
  -8.2368950e-03
  -1.0399290e-02
  -9.2546660e-03
  -5.4514840e-03
  -8.8108510e-04
   2.2196550e-03
   2.8923350e-03
   1.6712400e-03
   7.9915540e-04
   2.0201780e-03
   5.8294460e-03
   1.0915530e-02
   1.3971370e-02
   1.4161940e-02
   1.2361820e-02
   9.2175810e-03
   4.8993450e-03
  -1.1948130e-03
  -7.4030940e-03
  -1.1746260e-02
  -1.3412830e-02
  -1.2093050e-02
  -9.2337580e-03
  -7.2474150e-03
  -8.4285070e-03
  -1.2240910e-02
  -1.5388790e-02
  -1.5091750e-02
  -1.0830670e-02
  -4.4074040e-03
   1.3336680e-03
   3.5726380e-03
   2.3279100e-03
   2.8330120e-04
   1.3941400e-04
   3.5392300e-03
   9.4350070e-03
   1.5117470e-02
   1.8451370e-02
   1.8965610e-02
   1.7421900e-02
   1.4602660e-02
   1.1249330e-02
   7.0597000e-03
   1.5494880e-03
  -4.4876820e-03
  -9.3401260e-03
  -1.0713820e-02
  -8.8115110e-03
  -6.2189330e-03
  -5.6164670e-03
  -8.1739410e-03
  -1.0827230e-02
  -1.0730770e-02
  -7.0677610e-03
  -5.0327010e-04
   5.6414520e-03
   1.0095510e-02
   1.2685310e-02
   1.3861220e-02
   1.5878830e-02
   1.8189320e-02
   1.7870580e-02
   1.3011530e-02
   4.4314320e-03
  -4.1528610e-03
  -8.1008260e-03
  -6.0379980e-03
  -9.0442590e-04
   3.4887870e-03
   3.8893920e-03
  -1.1440570e-03
  -9.5470780e-03
  -1.7166110e-02
  -2.1918990e-02
  -2.3706980e-02
  -2.2739080e-02
  -2.0637810e-02
  -1.9016000e-02
  -1.8166300e-02
  -1.6693440e-02
  -1.3091520e-02
  -7.7123660e-03
  -1.8004120e-03
   3.8447700e-03
   9.9610750e-03
   1.6577770e-02
   2.2361550e-02
   2.5933840e-02
   2.5926150e-02
   2.2938060e-02
   1.8701990e-02
   1.4823070e-02
   1.2076670e-02
   9.4570740e-03
   6.4977850e-03
   3.5153360e-03
   5.8181950e-04
  -2.8626260e-03
  -7.0649440e-03
  -1.0649970e-02
  -1.2497900e-02
  -1.1674100e-02
  -8.7039290e-03
  -6.5135030e-03
  -6.4877880e-03
  -8.0606140e-03
  -9.6100100e-03
  -9.2383280e-03
  -6.3083300e-03
  -1.6059530e-03
   2.3019540e-03
   3.1514270e-03
   1.1710580e-03
  -1.3858000e-03
  -2.6353110e-03
  -2.3975460e-03
   1.8846300e-05
   4.6142080e-03
   8.8598570e-03
   1.0381970e-02
   8.9355560e-03
   6.2562980e-03
   3.8590170e-03
   1.9441100e-03
   3.8709430e-04
  -1.0742570e-03
  -3.0303010e-03
  -5.6732900e-03
  -7.0080720e-03
  -4.8345860e-03
   2.6930230e-05
   4.8475990e-03
   7.7028420e-03
   8.4003590e-03
   7.1659790e-03
   4.3670200e-03
   1.5170250e-03
   8.2504790e-04
   1.9343910e-03
   1.3756490e-03
  -2.5202510e-03
  -7.9264960e-03
  -1.2000460e-02
  -1.3362870e-02
  -1.1988970e-02
  -8.3133720e-03
  -3.9248680e-03
  -3.6068210e-04
   2.1165590e-03
   4.7577320e-03
   8.5590760e-03
   1.1724150e-02
   1.2226540e-02
   1.0300950e-02
   7.6828410e-03
   6.0221640e-03
   5.7531180e-03
   6.8007320e-03
   7.3667770e-03
   4.3631440e-03
  -1.6601980e-03
  -6.8966250e-03
  -9.0424920e-03
  -8.2180910e-03
  -6.3518390e-03
  -6.2397860e-03
  -9.1067530e-03
  -1.3761580e-02
  -1.7700180e-02
  -1.8700540e-02
  -1.6539040e-02
  -1.2509680e-02
  -7.2710890e-03
  -1.8667750e-03
   1.4350510e-03
   2.5907660e-03
   3.9837160e-03
   7.0084380e-03
   1.1528230e-02
   1.6868730e-02
   2.1832120e-02
   2.4713500e-02
   2.4137370e-02
   2.0559490e-02
   1.6552890e-02
   1.3710270e-02
   1.1754340e-02
   9.8267910e-03
   7.1838870e-03
   4.5642650e-03
   1.0771880e-03
  -5.1131480e-03
  -1.3054670e-02
  -2.0572070e-02
  -2.4339470e-02
  -2.3200960e-02
  -1.9144710e-02
  -1.4358600e-02
  -1.1149190e-02
  -9.8483350e-03
  -9.8642870e-03
  -9.4575940e-03
  -6.9295340e-03
  -3.7611780e-03
  -3.6885230e-04
   3.0204030e-03
   4.9433260e-03
   6.0063440e-03
   6.7803630e-03
   6.6545970e-03
   5.8982570e-03
   4.4650510e-03
   2.6180970e-03
   2.3736400e-03
   3.7300750e-03
   4.6354650e-03
   3.9491440e-03
   2.1510370e-03
   3.7130010e-04
  -5.7861290e-04
   7.9323140e-04
   3.8270110e-03
   5.7203130e-03
   4.7190000e-03
   5.9928740e-04
  -4.8146770e-03
  -9.6572920e-03
  -1.2137780e-02
  -1.1294430e-02
  -8.7124000e-03
  -5.4015770e-03
  -1.2243850e-03
   3.9101830e-03
   1.0213260e-02
   1.6251190e-02
   1.9728970e-02
   1.9136360e-02
   1.3648930e-02
   5.6209100e-03
  -1.5031340e-03
  -6.4577110e-03
  -9.2917910e-03
  -1.1375690e-02
  -1.2998320e-02
  -1.3943090e-02
  -1.4571350e-02
  -1.3908600e-02
  -1.1402890e-02
  -7.3894860e-03
  -2.4598500e-03
   1.4569490e-03
   2.3918920e-03
   7.3992650e-04
  -2.0639960e-03
  -4.2053390e-03
  -3.8120100e-03
  -1.2102110e-03
   2.9962810e-03
   7.0912880e-03
   8.5687020e-03
   8.4848980e-03
   8.1228680e-03
   8.4140470e-03
   1.1390450e-02
   1.6094850e-02
   2.0401870e-02
   2.3664150e-02
   2.5290930e-02
   2.5455850e-02
   2.3463790e-02
   1.7745200e-02
   9.4472050e-03
   1.1313200e-03
  -5.5802880e-03
  -1.0304170e-02
  -1.2862290e-02
  -1.3575230e-02
  -1.4404500e-02
  -1.6835450e-02
  -2.0753410e-02
  -2.3615350e-02
  -2.2407910e-02
  -1.7321030e-02
  -1.0856370e-02
  -6.4155320e-03
  -4.9542600e-03
  -4.7414730e-03
  -4.7509830e-03
  -4.0147560e-03
  -2.5282810e-03
  -1.9610190e-03
  -3.2045670e-03
  -5.1585070e-03
  -5.2701780e-03
  -2.7147510e-03
   2.1724310e-04
   1.6336980e-03
   1.9060300e-03
   2.8567960e-03
   5.5689440e-03
   8.9659160e-03
   1.1836110e-02
   1.3046860e-02
   1.2033630e-02
   1.0143350e-02
   8.8090970e-03
   8.2599220e-03
   7.6251570e-03
   6.0249000e-03
   3.1861480e-03
  -8.4606970e-04
  -5.4932590e-03
  -9.8912040e-03
  -1.3277220e-02
  -1.5518460e-02
  -1.6939150e-02
  -1.7601810e-02
  -1.7044500e-02
  -1.4813360e-02
  -1.0899350e-02
  -6.2535830e-03
  -2.9968130e-03
  -1.9511610e-03
  -1.8014670e-03
  -7.6241630e-04
   2.0658690e-03
   6.2362930e-03
   1.0947390e-02
   1.4977510e-02
   1.7187850e-02
   1.7344750e-02
   1.6374960e-02
   1.5993320e-02
   1.6366800e-02
   1.6390190e-02
   1.4704880e-02
   1.0766140e-02
   6.4665690e-03
   4.0786980e-03
   4.0010960e-03
   4.4324130e-03
   3.2163650e-03
  -5.4275940e-04
  -6.2006340e-03
  -1.1119070e-02
  -1.3891480e-02
  -1.5347140e-02
  -1.5651660e-02
  -1.4835110e-02
  -1.2572930e-02
  -8.2440870e-03
  -3.0296220e-03
   1.7290580e-03
   4.7761600e-03
   4.9817360e-03
   3.6490410e-03
   2.9558620e-03
   4.2618570e-03
   6.8240660e-03
   8.2180530e-03
   6.6780300e-03
   2.2082460e-03
  -2.3893680e-03
  -4.4235350e-03
  -4.1779350e-03
  -4.2477620e-03
  -5.8482810e-03
  -7.6164370e-03
  -9.1104460e-03
  -9.5456840e-03
  -8.3094380e-03
  -6.0173850e-03
  -2.5374560e-03
   1.4731460e-03
   4.9781350e-03
   7.0274790e-03
   6.2170310e-03
   1.8217600e-03
  -5.5840510e-03
  -1.3468140e-02
  -1.7972230e-02
  -1.5918730e-02
  -7.3058060e-03
   3.7011710e-03
   1.0897810e-02
   1.0156420e-02
   3.2249290e-03
  -3.9482430e-03
  -5.8462990e-03
  -4.6345590e-04
   8.7475640e-03
   1.6276170e-02
   1.8934710e-02
   1.6664180e-02
   1.2214000e-02
   8.2152730e-03
   6.4260260e-03
   7.3005470e-03
   8.8580240e-03
   9.2233130e-03
   7.2260460e-03
   2.7502750e-03
  -3.3364280e-03
  -1.0048460e-02
  -1.5443450e-02
  -1.8273210e-02
  -1.8705190e-02
  -1.7435680e-02
  -1.5250980e-02
  -1.2533110e-02
  -1.0238210e-02
  -9.5185420e-03
  -9.6576200e-03
  -8.1417480e-03
  -3.6153810e-03
   2.2966520e-03
   6.7018850e-03
   8.1448260e-03
   7.5165220e-03
   6.5000650e-03
   6.7762280e-03
   1.0016270e-02
   1.5831790e-02
   2.1615650e-02
   2.4620180e-02
   2.4009890e-02
   2.1843090e-02
   1.9173450e-02
   1.5169840e-02
   1.0112790e-02
   4.3627040e-03
  -2.1511830e-03
  -9.3322570e-03
  -1.5774600e-02
  -1.9566160e-02
  -2.0952010e-02
  -2.0957020e-02
  -2.0736210e-02
  -2.1186100e-02
  -2.2206620e-02
  -2.3959270e-02
  -2.5203570e-02
  -2.3245180e-02
  -1.7357720e-02
  -9.1966600e-03
  -1.2149080e-03
   4.9753740e-03
   8.7326100e-03
   1.0078160e-02
   1.0645430e-02
   1.2503840e-02
   1.6317840e-02
   2.0600180e-02
   2.2960880e-02
   2.2798480e-02
   2.0499200e-02
   1.5934650e-02
   1.0157560e-02
   5.9904060e-03
   4.4973360e-03
   3.6977790e-03
   2.1722600e-03
   8.2987070e-04
   9.6580320e-04
   1.8612670e-03
   1.7337140e-03
  -4.0301710e-04
  -4.3085990e-03
  -7.9648510e-03
  -9.6998330e-03
  -9.3416430e-03
  -7.3200690e-03
  -5.0358410e-03
  -3.9957520e-03
  -4.8551670e-03
  -6.1833780e-03
  -5.0611740e-03
  -6.9911340e-04
   4.9466380e-03
   9.0479550e-03
   1.0386860e-02
   9.5665460e-03
   7.6050680e-03
   6.7882250e-03
   8.4294310e-03
   1.0567520e-02
   1.0538190e-02
   7.6371720e-03
   2.9705640e-03
  -3.0370820e-03
  -9.9603620e-03
  -1.5818760e-02
  -1.9468000e-02
  -2.1071830e-02
  -2.0685050e-02
  -1.8484220e-02
  -1.5356600e-02
  -1.2658920e-02
  -1.1034280e-02
  -1.0140000e-02
  -1.0011960e-02
  -1.0653860e-02
  -1.1381190e-02
  -1.1353620e-02
  -9.4896000e-03
  -6.1381090e-03
  -3.0410760e-03
  -1.6108120e-03
  -2.4756450e-03
  -4.3853340e-03
  -5.4893810e-03
  -4.1498520e-03
   5.6168690e-04
   7.2237860e-03
   1.3379370e-02
   1.7461450e-02
   1.9922350e-02
   2.1824050e-02
   2.3477490e-02
   2.5064830e-02
   2.6590470e-02
   2.7727760e-02
   2.7278970e-02
   2.4508440e-02
   2.0351040e-02
   1.6142160e-02
   1.1882500e-02
   6.7959570e-03
   1.4316380e-03
  -3.3987490e-03
  -7.0863860e-03
  -9.0894890e-03
  -1.0337920e-02
  -1.1766340e-02
  -1.3613990e-02
  -1.6520290e-02
  -2.0080200e-02
  -2.2830130e-02
  -2.4203000e-02
  -2.4662220e-02
  -2.5576840e-02
  -2.7148370e-02
  -2.7003770e-02
  -2.3113330e-02
  -1.5462570e-02
  -5.3432640e-03
   5.4060170e-03
   1.4394080e-02
   1.9320980e-02
   2.0051460e-02
   1.8607240e-02
   1.6804910e-02
   1.5176290e-02
   1.3986540e-02
   1.3432960e-02
   1.3232730e-02
   1.2753930e-02
   1.1683520e-02
   1.0612500e-02
   9.7164800e-03
   8.6145320e-03
   7.4163850e-03
   6.4223490e-03
   5.7995690e-03
   5.0299880e-03
   3.3910810e-03
   9.6984930e-04
  -2.0137590e-03
  -5.3683530e-03
  -8.3806010e-03
  -1.0136490e-02
  -9.9897400e-03
  -8.4275840e-03
  -7.0675710e-03
  -6.5469440e-03
  -5.5653780e-03
  -2.9277180e-03
   7.0862020e-04
   3.6395360e-03
   4.7305090e-03
   4.4608450e-03
   3.9012360e-03
   3.1445100e-03
   1.8593480e-03
   6.9977730e-05
  -1.7984160e-03
  -3.2321490e-03
  -4.0093870e-03
  -4.5435650e-03
  -5.3205050e-03
  -5.9167210e-03
  -5.4450110e-03
  -3.3057380e-03
  -3.6259530e-04
   1.1852730e-03
   5.0323530e-05
  -3.2565640e-03
  -7.2664240e-03
  -1.0413140e-02
  -1.1562290e-02
  -1.0652740e-02
  -8.8806800e-03
  -7.6544560e-03
  -7.0540640e-03
  -5.8531510e-03
  -3.3707180e-03
  -4.4803150e-04
   1.8752490e-03
   3.7571770e-03
   5.8604190e-03
   8.8835000e-03
   1.2792800e-02
   1.6438510e-02
   1.8611780e-02
   1.7933460e-02
   1.4639530e-02
   1.1061270e-02
   8.5560100e-03
   6.8791210e-03
   4.9697070e-03
   2.3590600e-03
  -3.8548070e-04
  -2.9614230e-03
  -5.2023400e-03
  -7.0835810e-03
  -9.0255320e-03
  -1.1304180e-02
  -1.3577840e-02
  -1.4977800e-02
  -1.4795950e-02
  -1.2906060e-02
  -9.7282860e-03
  -6.4203380e-03
  -4.2681660e-03
  -3.2873580e-03
  -2.2010070e-03
   2.9128370e-04
   4.5690310e-03
   1.0029720e-02
   1.5421360e-02
   1.9612640e-02
   2.1208080e-02
   1.8789240e-02
   1.3477610e-02
   8.2207710e-03
   5.3560360e-03
   5.0822540e-03
   5.3236400e-03
   4.2575600e-03
   1.6005850e-03
  -1.2088840e-03
  -2.7556670e-03
  -2.6800340e-03
  -8.0256610e-04
   1.5785710e-03
   2.7084970e-03
   1.6264930e-03
  -1.5964880e-03
  -5.3425810e-03
  -8.2937020e-03
  -9.8288500e-03
  -1.0144520e-02
  -1.0101430e-02
  -1.0213230e-02
  -1.0919370e-02
  -1.1927800e-02
  -1.2825280e-02
  -1.3707590e-02
  -1.4593100e-02
  -1.5676230e-02
  -1.6821050e-02
  -1.8111130e-02
  -1.9930790e-02
  -2.1899370e-02
  -2.3034370e-02
  -2.2294230e-02
  -1.9572290e-02
  -1.5454390e-02
  -1.0817760e-02
  -6.6532360e-03
  -2.8330640e-03
   1.3750770e-03
   6.1402660e-03
   1.0758260e-02
   1.4479660e-02
   1.7363310e-02
   1.9180110e-02
   1.9221190e-02
   1.7182780e-02
   1.3777060e-02
   1.0616110e-02
   8.5789150e-03
   7.5260620e-03
   7.1010100e-03
   6.9779140e-03
   7.0135230e-03
   6.5599230e-03
   4.7339280e-03
   1.8545980e-03
  -5.7757970e-04
  -1.2514840e-03
   2.0622950e-04
   3.0462910e-03
   5.6018340e-03
   6.6408130e-03
   6.0461390e-03
   4.9349000e-03
   4.9189560e-03
   6.6202450e-03
   9.5192180e-03
   1.2404570e-02
   1.4592520e-02
   1.5873690e-02
   1.6240890e-02
   1.6222630e-02
   1.5747350e-02
   1.4493060e-02
   1.2289800e-02
   9.1691840e-03
   5.3673640e-03
   6.0581220e-04
  -4.8299370e-03
  -9.8481960e-03
  -1.3261840e-02
  -1.4770920e-02
  -1.5809800e-02
  -1.7322470e-02
  -1.8599020e-02
  -1.8704840e-02
  -1.7277090e-02
  -1.4655630e-02
  -1.1275610e-02
  -7.4288880e-03
  -3.7036470e-03
  -7.9575880e-04
   9.4666650e-04
   1.5706980e-03
   1.4215670e-03
   1.2461580e-03
   1.6997880e-03
   3.0470820e-03
   4.9998990e-03
   6.7334580e-03
   7.8848990e-03
   8.1910760e-03
   7.6924110e-03
   7.1383870e-03
   6.7083340e-03
   6.3086360e-03
   5.6295150e-03
   4.3707310e-03
   3.0218660e-03
   2.0826650e-03
   2.0325300e-03
   2.8166670e-03
   3.5600530e-03
   3.6071310e-03
   2.8997890e-03
   2.0070170e-03
   1.5106100e-03
   1.8140150e-03
   2.9372220e-03
   3.9434140e-03
   3.6423940e-03
   1.4406990e-03
  -2.2565620e-03
  -6.1419560e-03
  -8.7424920e-03
  -9.3717140e-03
  -8.9752090e-03
  -9.5512180e-03
  -1.1699180e-02
  -1.4185650e-02
  -1.5852120e-02
  -1.5882420e-02
  -1.3912330e-02
  -1.0475690e-02
  -6.7372010e-03
  -3.7364470e-03
  -1.5322050e-03
   5.3208790e-04
   3.3605120e-03
   7.1522660e-03
   1.1023380e-02
   1.4005230e-02
   1.5513900e-02
   1.5410700e-02
   1.3799740e-02
   1.0847780e-02
   6.8167670e-03
   2.3086850e-03
  -2.1016520e-03
  -6.4846740e-03
  -1.0527860e-02
  -1.3262950e-02
  -1.4241330e-02
  -1.4298300e-02
  -1.4671200e-02
  -1.5750130e-02
  -1.7336520e-02
  -1.8782090e-02
  -1.9286230e-02
  -1.8075120e-02
  -1.5430020e-02
  -1.3004940e-02
  -1.1160820e-02
  -8.8955360e-03
  -5.2930420e-03
  -4.6843640e-04
   4.2229860e-03
   7.6646450e-03
   8.9103980e-03
   7.1881830e-03
   2.7187100e-03
  -2.8733560e-03
  -7.3155370e-03
  -9.5093440e-03
  -9.7210700e-03
  -9.0638490e-03
  -7.9921280e-03
  -6.6375160e-03
  -5.6922180e-03
  -4.2535030e-03
  -1.0332740e-03
   3.8395800e-03
   9.1445620e-03
   1.3386680e-02
   1.6569620e-02
   1.8740370e-02
   1.9280140e-02
   1.8245130e-02
   1.6497930e-02
   1.5041600e-02
   1.3614380e-02
   1.2032270e-02
   1.0450990e-02
   8.3530270e-03
   6.0244140e-03
   3.7466390e-03
   1.0936840e-03
  -2.0629710e-03
  -5.1689210e-03
  -6.9912250e-03
  -6.8915110e-03
  -5.3114930e-03
  -3.3102740e-03
  -2.1707210e-03
  -2.6179460e-03
  -3.8974410e-03
  -4.1165630e-03
  -2.0694720e-03
   2.3198880e-03
   8.2071170e-03
   1.4335700e-02
   1.9728660e-02
   2.3655500e-02
   2.5800000e-02
   2.5882120e-02
   2.3952230e-02
   2.0549110e-02
   1.6128260e-02
   1.1321570e-02
   7.0066250e-03
   3.5448420e-03
   4.3755350e-04
  -2.5171750e-03
  -4.9866330e-03
  -6.6978450e-03
  -7.9760890e-03
  -9.6606360e-03
  -1.1476500e-02
  -1.2583890e-02
  -1.2653830e-02
  -1.1696960e-02
  -1.0065210e-02
  -8.0498170e-03
  -6.0427050e-03
  -4.2390150e-03
  -2.6717780e-03
  -1.5001130e-03
  -9.9355580e-04
  -1.4185680e-03
  -1.8419950e-03
  -1.2663740e-03
   9.5704430e-05
   2.0420100e-03
   4.4606410e-03
   7.1985000e-03
   9.9269510e-03
   1.1844010e-02
   1.2145360e-02
   1.0392350e-02
   6.9865810e-03
   3.2131630e-03
   2.9959470e-04
  -1.1568120e-03
  -8.8115860e-04
   9.1336430e-04
   3.7737410e-03
   7.1652500e-03
   9.7727190e-03
   1.0894680e-02
   1.0896310e-02
   9.8465280e-03
   8.0737630e-03
   6.0324980e-03
   3.8622840e-03
   1.8247660e-03
   3.5895510e-06
  -1.6860610e-03
  -3.4847440e-03
  -5.5585030e-03
  -7.4530840e-03
  -9.0988560e-03
  -1.1229610e-02
  -1.4043730e-02
  -1.6574140e-02
  -1.7807500e-02
  -1.7820010e-02
  -1.6878210e-02
  -1.5085400e-02
  -1.3078610e-02
  -1.1504580e-02
  -1.0530380e-02
  -9.7690910e-03
  -8.8326440e-03
  -7.7876330e-03
  -6.1479400e-03
  -3.2379180e-03
   4.6626460e-04
   4.0872910e-03
   6.8161500e-03
   7.8746320e-03
   7.1181400e-03
   5.1114010e-03
   3.1169120e-03
   2.1164910e-03
   2.1381530e-03
   2.5854140e-03
   2.5309540e-03
   1.3072410e-03
  -8.1326200e-04
  -2.2117200e-03
  -1.3915810e-03
   1.5723260e-03
   4.9968260e-03
   7.0201590e-03
   7.4945560e-03
   7.1357490e-03
   6.1453910e-03
   4.3583570e-03
   2.1569530e-03
   4.1180190e-04
  -5.6956690e-04
  -1.3091790e-03
  -2.4655640e-03
  -3.9048410e-03
  -5.3087870e-03
  -6.2113360e-03
  -6.0354210e-03
  -5.2463720e-03
  -4.6915120e-03
  -4.9314270e-03
  -6.4499900e-03
  -9.4811790e-03
  -1.3658590e-02
  -1.7914700e-02
  -2.0807870e-02
  -2.1701960e-02
  -2.1210620e-02
  -2.0229390e-02
  -1.9274410e-02
  -1.7999420e-02
  -1.5943820e-02
  -1.2899130e-02
  -8.3990510e-03
  -2.9632890e-03
   2.1036100e-03
   6.1828540e-03
   9.4171730e-03
   1.2495780e-02
   1.5816330e-02
   1.8990300e-02
   2.1477430e-02
   2.3170380e-02
   2.4136630e-02
   2.3885710e-02
   2.2195440e-02
   1.9927280e-02
   1.7664000e-02
   1.4887600e-02
   1.0936300e-02
   5.9615520e-03
   1.0961890e-03
  -2.3293870e-03
  -4.1092430e-03
  -5.2547880e-03
  -6.9616280e-03
  -9.6847760e-03
  -1.2858910e-02
  -1.5771910e-02
  -1.8105490e-02
  -1.9423210e-02
  -1.9542660e-02
  -1.9127130e-02
  -1.8476110e-02
  -1.7338240e-02
  -1.5584570e-02
  -1.3417780e-02
  -1.1828760e-02
  -1.1059230e-02
  -1.0517220e-02
  -9.8244190e-03
  -8.4357990e-03
  -6.3372320e-03
  -3.7915090e-03
  -1.5009640e-03
  -3.1886410e-04
  -1.1412920e-04
  -6.3986400e-04
  -1.6287030e-03
  -2.9876350e-03
  -4.6723230e-03
  -6.0701730e-03
  -6.6107800e-03
  -6.3669430e-03
  -5.9776330e-03
  -5.4811730e-03
  -4.2828920e-03
  -2.2584330e-03
  -5.5248600e-05
   2.0790820e-03
   4.4279100e-03
   6.2410700e-03
   6.6710650e-03
   5.4738400e-03
   3.2343920e-03
   1.4721410e-03
   7.2338670e-04
   9.5682330e-04
   1.8719850e-03
   2.2197510e-03
   1.2169340e-03
  -1.1441730e-03
  -4.6337460e-03
  -8.8802950e-03
  -1.3201530e-02
  -1.6460480e-02
  -1.7979210e-02
  -1.8124740e-02
  -1.7844970e-02
  -1.7617160e-02
  -1.7607310e-02
  -1.7934960e-02
  -1.7448740e-02
  -1.4852150e-02
  -1.0188490e-02
  -4.3135240e-03
   1.5676520e-03
   7.0670640e-03
   1.2435410e-02
   1.7043740e-02
   2.0334020e-02
   2.2945590e-02
   2.5758740e-02
   2.9407770e-02
   3.4214440e-02
   3.9597180e-02
   4.4034130e-02
   4.6313500e-02
   4.6652530e-02
   4.6080610e-02
   4.6060810e-02
   4.7713600e-02
   5.1199630e-02
   5.5913780e-02
   5.9985170e-02
   6.1832660e-02
   6.1566100e-02
   5.9717690e-02
   5.6335510e-02
   5.2072510e-02
   4.7626940e-02
   4.2638920e-02
   3.7793940e-02
   3.4043700e-02
   3.1582820e-02
   2.9896150e-02
   2.7604390e-02
   2.4471030e-02
   2.0372040e-02
   1.5461920e-02
   1.1259610e-02
   9.6645030e-03
   1.0839440e-02
   1.2196260e-02
   1.2376310e-02
   1.1882740e-02
   1.1734500e-02
   1.2427390e-02
   1.3977410e-02
   1.7113070e-02
   2.0998710e-02
   2.4362690e-02
   2.5405590e-02
   2.2910250e-02
   1.8288470e-02
   1.2088500e-02
   5.1697340e-03
  -1.9827070e-03
  -9.7036120e-03
  -1.8018290e-02
  -2.7922720e-02
  -3.9372920e-02
  -5.2733260e-02
  -6.6079620e-02
  -7.8123020e-02
  -9.0269500e-02
  -9.9222070e-02
  -1.0573720e-01
  -1.1249660e-01
  -1.1964320e-01
  -1.2860690e-01
  -1.3700140e-01
  -1.4344110e-01
  -1.4690080e-01
  -1.4885830e-01
  -1.5170210e-01
  -1.5194750e-01
  -1.4858990e-01
  -1.4027130e-01
  -1.2773920e-01
  -1.1461600e-01
  -1.0074940e-01
  -8.7368150e-02
  -7.5015240e-02
  -6.2854570e-02
  -5.1775130e-02
  -4.2239550e-02
  -3.2895950e-02
  -2.3724970e-02
  -1.6020160e-02
  -8.6057570e-03
   6.5128240e-04
   1.1176740e-02
   2.0192400e-02
   2.8993280e-02
   3.7822250e-02
   4.3425160e-02
   4.6106950e-02
   4.6720990e-02
   4.7901020e-02
   5.0737610e-02
   5.3050100e-02
   5.4906400e-02
   5.4878440e-02
   5.4546850e-02
   5.4956320e-02
   5.3781300e-02
   5.2922180e-02
   4.9749590e-02
   4.4012400e-02
   3.8828150e-02
   3.3810450e-02
   3.1469260e-02
   2.8467970e-02
   2.7578380e-02
   3.1103390e-02
   3.0518820e-02
   2.9631310e-02
   2.8983240e-02
   2.5746170e-02
   2.3025360e-02
   1.8997300e-02
   1.6543610e-02
   2.0119210e-02
   2.9111010e-02
   4.1261390e-02
   5.5186450e-02
   6.9963770e-02
   8.3368840e-02
   9.3187580e-02
   1.0057210e-01
   1.0858230e-01
   1.1566290e-01
   1.2290890e-01
   1.3322370e-01
   1.4480210e-01
   1.5577720e-01
   1.6464130e-01
   1.7040930e-01
   1.7295220e-01
   1.7343970e-01
   1.7433650e-01
   1.7521900e-01
   1.7034650e-01
   1.6425850e-01
   1.6391260e-01
   1.5987940e-01
   1.5227420e-01
   1.4292300e-01
   1.2717570e-01
   1.0899840e-01
   8.4788740e-02
   5.5496120e-02
   2.7087390e-02
   7.0542220e-04
  -2.5390700e-02
  -5.5776510e-02
  -8.4216840e-02
  -1.0977530e-01
  -1.2345840e-01
  -1.2404650e-01
  -1.3353590e-01
  -1.3385730e-01
  -1.2255830e-01
  -1.3320520e-01
  -1.5785100e-01
  -1.7634770e-01
  -1.8145610e-01
  -1.7841880e-01
  -1.7663540e-01
  -1.7178680e-01
  -1.6387860e-01
  -1.5702710e-01
  -1.5464760e-01
  -1.5731610e-01
  -1.6460470e-01
  -1.7755160e-01
  -1.8872060e-01
  -1.9160200e-01
  -1.8440970e-01
  -1.7087270e-01
  -1.6183930e-01
  -1.6051960e-01
  -1.5897900e-01
  -1.5142210e-01
  -1.4572990e-01
  -1.4903490e-01
  -1.5525770e-01
  -1.6129870e-01
  -1.6899470e-01
  -1.7583300e-01
  -1.7978010e-01
  -1.8430710e-01
  -1.9574060e-01
  -2.1019150e-01
  -2.1411980e-01
  -2.0587980e-01
  -1.8882200e-01
  -1.6382600e-01
  -1.3240390e-01
  -8.9499760e-02
  -4.1185930e-02
   5.5993480e-03
   5.2387830e-02
   9.5089750e-02
   1.3561880e-01
   1.7951820e-01
   2.2775610e-01
   2.6998860e-01
   3.0480720e-01
   3.2313320e-01
   3.1369640e-01
   3.1636240e-01
   3.3832980e-01
   3.5288420e-01
   3.5841880e-01
   3.5014220e-01
   3.4101330e-01
   3.3606890e-01
   3.2428680e-01
   3.0796410e-01
   2.8702640e-01
   2.5944330e-01
   2.3209220e-01
   2.1620670e-01
   2.0433170e-01
   1.8633270e-01
   1.6309000e-01
   1.4113420e-01
   1.2439280e-01
   9.8361360e-02
   6.4631900e-02
   3.9120660e-02
   2.2709060e-02
   1.3519310e-02
   8.7419610e-03
   6.6659690e-03
   8.0071600e-03
   1.0372360e-02
   1.1959550e-02
   1.3053320e-02
   1.5064900e-02
   2.1982700e-02
   3.0899870e-02
   3.0920290e-02
   2.4285880e-02
   1.7212640e-02
   2.5118080e-03
  -1.9682840e-02
  -3.5439800e-02
  -4.3892440e-02
  -5.7767890e-02
  -7.7723640e-02
  -1.0024900e-01
  -1.2810590e-01
  -1.6001410e-01
  -1.9265040e-01
  -2.2151160e-01
  -2.4410790e-01
  -2.6042230e-01
  -2.6871700e-01
  -2.7532190e-01
  -2.8525890e-01
  -2.8868260e-01
  -2.8411640e-01
  -2.7825660e-01
  -2.6431150e-01
  -2.4561370e-01
  -2.3593310e-01
  -2.3011530e-01
  -2.1848910e-01
  -1.9552850e-01
  -1.5501790e-01
  -1.0655140e-01
  -6.7280260e-02
  -4.0848700e-02
  -2.4536660e-02
  -1.2245610e-02
   1.3564900e-03
   1.7336060e-02
   3.7935810e-02
   6.2607750e-02
   9.0957840e-02
   1.1771850e-01
   1.3887090e-01
   1.5454130e-01
   1.6135050e-01
   1.6721900e-01
   1.7272720e-01
   1.7464180e-01
   1.8160220e-01
   1.8912880e-01
   1.9265180e-01
   1.9252700e-01
   1.8568540e-01
   1.7314910e-01
   1.5630500e-01
   1.3694060e-01
   1.1407230e-01
   8.7813110e-02
   6.1826190e-02
   3.8061210e-02
   1.6302250e-02
  -5.4155600e-03
  -2.4271700e-02
  -3.7313980e-02
  -4.6026180e-02
  -4.9786570e-02
  -5.1538270e-02
  -5.4968220e-02
  -5.7245610e-02
  -6.0426360e-02
  -6.5090200e-02
  -6.9244520e-02
  -7.6828910e-02
  -8.2659780e-02
  -8.3272760e-02
  -8.2529070e-02
  -8.2677590e-02
  -9.1120810e-02
  -1.0525650e-01
  -1.1463200e-01
  -1.1808600e-01
  -1.2205060e-01
  -1.3401390e-01
  -1.5175240e-01
  -1.6847770e-01
  -1.7924400e-01
  -1.8580760e-01
  -1.9763570e-01
  -2.1112470e-01
  -2.1750340e-01
  -2.1941440e-01
  -2.2032330e-01
  -2.1782580e-01
  -2.0205780e-01
  -1.6824870e-01
  -1.2187330e-01
  -7.0716500e-02
  -1.8850660e-02
   3.7152080e-02
   9.1197820e-02
   1.3498740e-01
   1.7095540e-01
   2.0347250e-01
   2.3738260e-01
   2.6918660e-01
   2.9453430e-01
   3.1637130e-01
   3.3657450e-01
   3.5165680e-01
   3.5798700e-01
   3.5307160e-01
   3.3106150e-01
   3.0244360e-01
   2.7537780e-01
   2.3856000e-01
   1.9592190e-01
   1.5662260e-01
   1.2005410e-01
   8.7034980e-02
   5.9856580e-02
   3.7028570e-02
   1.1237940e-02
  -1.5426230e-02
  -3.5252820e-02
  -4.8329040e-02
  -5.1711400e-02
  -4.5895850e-02
  -3.4997220e-02
  -1.4166660e-02
   1.2098690e-02
   3.6053240e-02
   6.0539150e-02
   8.4150530e-02
   9.9951460e-02
   1.0069150e-01
   9.3117820e-02
   8.6403270e-02
   7.6436920e-02
   6.7969860e-02
   6.3639670e-02
   5.9022780e-02
   5.3612380e-02
   3.9165530e-02
   1.3362640e-02
  -1.6321200e-02
  -4.5940820e-02
  -7.1719260e-02
  -9.2997460e-02
  -1.1115270e-01
  -1.2736750e-01
  -1.4544880e-01
  -1.6392970e-01
  -1.8061660e-01
  -1.9934930e-01
  -2.2128450e-01
  -2.4452830e-01
  -2.6566570e-01
  -2.8468450e-01
  -3.0579530e-01
  -3.2776190e-01
  -3.4832060e-01
  -3.6513220e-01
  -3.7376890e-01
  -3.6997330e-01
  -3.5135100e-01
  -3.2362300e-01
  -2.8970150e-01
  -2.4851900e-01
  -2.0871460e-01
  -1.7586180e-01
  -1.4780220e-01
  -1.2316040e-01
  -9.8165680e-02
  -7.1371100e-02
  -4.1343610e-02
  -3.7802650e-03
   4.1698790e-02
   9.4407910e-02
   1.4965330e-01
   2.0316090e-01
   2.5280890e-01
   2.8940940e-01
   3.0701330e-01
   3.0683170e-01
   2.9216320e-01
   2.6927320e-01
   2.4619310e-01
   2.2904990e-01
   2.2276840e-01
   2.2598900e-01
   2.2838180e-01
   2.2720920e-01
   2.1913820e-01
   2.0108250e-01
   1.8058140e-01
   1.5538210e-01
   1.2616980e-01
   1.0102860e-01
   7.7353480e-02
   5.5979270e-02
   4.2484970e-02
   3.2529510e-02
   2.0395810e-02
   1.1976380e-02
   8.8403420e-03
   7.9693390e-03
   1.2259560e-02
   1.7713390e-02
   2.4186810e-02
   3.1053240e-02
   3.1619380e-02
   2.5260960e-02
   1.5941170e-02
   1.5310580e-02
   1.5963760e-02
   2.9011160e-02
   6.3419250e-02
   5.6474340e-02
   1.2116380e-02
  -2.8390070e-02
  -8.3969300e-02
  -1.3026260e-01
  -1.4642860e-01
  -1.5132630e-01
  -1.5894490e-01
  -1.7781370e-01
  -1.9354940e-01
  -1.9407800e-01
  -1.7511140e-01
  -1.4115850e-01
  -1.0701700e-01
  -8.2786540e-02
  -6.9233640e-02
  -4.8022030e-02
  -1.8612040e-02
   2.0581500e-03
   1.9259790e-02
   4.0244500e-02
   6.1554720e-02
   8.1845820e-02
   1.0080360e-01
   1.1800720e-01
   1.2895420e-01
   1.2331470e-01
   1.0521910e-01
   8.9319610e-02
   7.3117170e-02
   4.9560370e-02
   2.3312420e-02
  -1.7342060e-03
  -2.5437130e-02
  -4.6117190e-02
  -6.2547970e-02
  -7.4431030e-02
  -8.3058460e-02
  -9.2507750e-02
  -1.0321680e-01
  -1.1205470e-01
  -1.1868420e-01
  -1.2387420e-01
  -1.2776030e-01
  -1.2790880e-01
  -1.2115570e-01
  -1.0960930e-01
  -9.4855390e-02
  -7.3141370e-02
  -4.3321340e-02
  -9.0577280e-03
   2.6117250e-02
   5.8273260e-02
   8.5016880e-02
   1.0794340e-01
   1.2650180e-01
   1.3904290e-01
   1.4403020e-01
   1.3766910e-01
   1.2488140e-01
   1.1620550e-01
   1.1187040e-01
   1.0579250e-01
   9.8538260e-02
   9.3925790e-02
   8.8753110e-02
   7.4663770e-02
   4.7337210e-02
   2.0926580e-02
   5.5831150e-03
  -1.1492410e-02
  -3.2549950e-02
  -5.3635770e-02
  -7.4247620e-02
  -8.7719080e-02
  -9.7205620e-02
  -1.0962780e-01
  -1.2430980e-01
  -1.3941760e-01
  -1.5273500e-01
  -1.6011880e-01
  -1.6076910e-01
  -1.5707140e-01
  -1.4896600e-01
  -1.3919420e-01
  -1.2622250e-01
  -1.0320290e-01
  -7.5459580e-02
  -5.0065220e-02
  -2.2775890e-02
   6.3469210e-03
   3.0783040e-02
   5.0469600e-02
   6.7989830e-02
   8.4312490e-02
   9.9987470e-02
   1.1324140e-01
   1.2285940e-01
   1.2948910e-01
   1.3209990e-01
   1.3060560e-01
   1.2828630e-01
   1.2431490e-01
   1.1631660e-01
   1.0675260e-01
   9.6920600e-02
   8.7324550e-02
   7.7428710e-02
   6.4877430e-02
   5.1526560e-02
   3.8217550e-02
   2.3780500e-02
   1.0944580e-02
   1.0178970e-03
  -6.3787990e-03
  -1.0125840e-02
  -1.0889170e-02
  -9.9612250e-03
  -8.0247710e-03
  -6.4699650e-03
  -5.1877010e-03
  -4.1109170e-03
  -5.3191960e-03
  -8.6531870e-03
  -1.2881760e-02
  -1.9011030e-02
  -2.5946090e-02
  -3.1046590e-02
  -3.4622870e-02
  -3.8051880e-02
  -4.2798390e-02
  -4.7563700e-02
  -4.9192740e-02
  -5.1882450e-02
  -5.6723090e-02
  -5.7580920e-02
  -5.6522990e-02
  -5.5752900e-02
  -5.4220110e-02
  -5.4954160e-02
  -5.6479880e-02
  -5.5823550e-02
  -5.5025790e-02
  -5.4023510e-02
  -5.0289610e-02
  -4.4097200e-02
  -3.6795580e-02
  -2.8924250e-02
  -2.0293040e-02
  -1.0000950e-02
   4.7887520e-04
   9.1641970e-03
   1.6072760e-02
   2.2337370e-02
   3.0353310e-02
   3.9581330e-02
   4.6948430e-02
   5.2834090e-02
   5.9041360e-02
   6.3922790e-02
   6.6582840e-02
   6.8634040e-02
   6.9723190e-02
   6.9255660e-02
   6.6348370e-02
   6.1697230e-02
   5.7513810e-02
   5.3153710e-02
   4.8252950e-02
   4.2287300e-02
   3.5892120e-02
   3.0339570e-02
   2.3850170e-02
   1.5876070e-02
   7.3669650e-03
  -6.4086960e-04
  -8.2611090e-03
  -1.5872410e-02
  -2.2135970e-02
  -2.7678470e-02
  -3.4121370e-02
  -4.0742990e-02
  -4.6842770e-02
  -5.3059160e-02
  -5.8655940e-02
  -6.3123640e-02
  -6.6190670e-02
  -6.7070440e-02
  -6.7393700e-02
  -6.6379680e-02
  -6.2156760e-02
  -5.5347050e-02
  -4.6557130e-02
  -3.8206480e-02
  -3.1289000e-02
  -2.4816940e-02
  -1.7827420e-02
  -8.9268180e-03
   1.2165570e-03
   1.1343240e-02
   2.0779180e-02
   2.8746550e-02
   3.4254330e-02
   3.7290710e-02
   3.8137760e-02
   3.4860980e-02
   2.7265380e-02
   1.8682010e-02
   1.1583670e-02
   6.6402480e-03
   4.8369520e-03
   6.4347300e-03
   1.0820600e-02
   1.6975800e-02
   2.2290460e-02
   2.5735020e-02
   2.8953340e-02
   3.3070810e-02
   3.6447780e-02
   3.7582280e-02
   3.7657110e-02
   3.6622720e-02
   3.4530090e-02
   3.3424850e-02
   3.4315560e-02
   3.6146340e-02
   3.8308090e-02
   4.1326230e-02
   4.3934390e-02
   4.5821890e-02
   4.6827690e-02
   4.5698220e-02
   4.3002320e-02
   3.8181490e-02
   3.1934770e-02
   2.6182680e-02
   2.0443320e-02
   1.4985830e-02
   1.1241210e-02
   9.6236690e-03
   8.8034200e-03
   7.0954110e-03
   2.8064470e-03
  -4.0177460e-03
  -1.1465960e-02
  -1.8865310e-02
  -2.5579000e-02
  -3.0595240e-02
  -3.2933140e-02
  -3.4521750e-02
  -3.7851370e-02
  -4.1477640e-02
  -4.4621900e-02
  -4.6913260e-02
  -4.8356610e-02
  -4.9577420e-02
  -4.9797330e-02
  -4.8473820e-02
  -4.4805480e-02
  -3.9229750e-02
  -3.2564170e-02
  -2.4542430e-02
  -1.7205300e-02
  -1.3407750e-02
  -1.3283190e-02
  -1.4780620e-02
  -1.6827010e-02
  -1.9825410e-02
  -2.3201550e-02
  -2.6063580e-02
  -2.8012310e-02
  -2.9376290e-02
  -3.0487780e-02
  -3.0147590e-02
  -2.7868380e-02
  -2.4361820e-02
  -2.0727950e-02
  -1.6789740e-02
  -1.1429630e-02
  -6.1895940e-03
  -1.1923760e-03
   4.6850120e-03
   9.8652280e-03
   1.3923810e-02
   1.8010890e-02
   2.3269740e-02
   3.0100200e-02
   3.8009390e-02
   4.7457180e-02
   5.7636190e-02
   6.6185260e-02
   7.2565980e-02
   7.6721060e-02
   7.8677440e-02
   7.8809300e-02
   7.6923760e-02
   7.4570310e-02
   7.3213540e-02
   7.2295790e-02
   7.1532980e-02
   7.0351020e-02
   6.7827700e-02
   6.3661510e-02
   5.8033090e-02
   5.1277660e-02
   4.3480020e-02
   3.5068740e-02
   2.6637210e-02
   1.8374520e-02
   1.0250190e-02
   2.5060530e-03
  -4.0838050e-03
  -8.9154470e-03
  -1.2239940e-02
  -1.5145870e-02
  -1.8162660e-02
  -2.1233440e-02
  -2.4481970e-02
  -2.7143700e-02
  -2.9045970e-02
  -3.1053330e-02
  -3.3066650e-02
  -3.5539670e-02
  -3.8408190e-02
  -4.0317740e-02
  -4.2081540e-02
  -4.4200040e-02
  -4.5516470e-02
  -4.7126890e-02
  -5.0818310e-02
  -5.5786770e-02
  -6.1112380e-02
  -6.7416860e-02
  -7.3340440e-02
  -7.7583170e-02
  -8.0374270e-02
  -8.1413000e-02
  -8.2701900e-02
  -8.5326440e-02
  -8.8058890e-02
  -9.0480480e-02
  -9.2434260e-02
  -9.4761970e-02
  -9.7836750e-02
  -1.0176330e-01
  -1.0546780e-01
  -1.0714480e-01
  -1.0837140e-01
  -1.0970200e-01
  -1.0922340e-01
  -1.0572360e-01
  -9.9305810e-02
  -9.0572900e-02
  -7.7909740e-02
  -6.1070920e-02
  -4.2399590e-02
  -2.3662790e-02
  -6.5909910e-03
   9.3035200e-03
   2.5290340e-02
   4.0641830e-02
   5.5398190e-02
   6.9634920e-02
   8.3475920e-02
   9.7615460e-02
   1.1050380e-01
   1.2129510e-01
   1.3086300e-01
   1.3889710e-01
   1.4505890e-01
   1.4895560e-01
   1.5085730e-01
   1.5113130e-01
   1.5004340e-01
   1.4883510e-01
   1.4667100e-01
   1.4282340e-01
   1.3788010e-01
   1.3197900e-01
   1.2510430e-01
   1.1615480e-01
   1.0635460e-01
   9.7205110e-02
   8.7121770e-02
   7.5424840e-02
   6.2701860e-02
   5.0726800e-02
   3.9412810e-02
   2.6375230e-02
   1.3522780e-02
   2.7761180e-03
  -8.0962420e-03
  -1.9362870e-02
  -2.9638220e-02
  -3.8971920e-02
  -4.6881470e-02
  -5.4858230e-02
  -6.5374530e-02
  -7.4926980e-02
  -8.1386920e-02
  -8.7066950e-02
  -9.1613000e-02
  -9.6224320e-02
  -1.0035650e-01
  -1.0105410e-01
  -1.0051040e-01
  -1.0119050e-01
  -1.0422440e-01
  -1.0766900e-01
  -1.0800750e-01
  -1.0728430e-01
  -1.0720590e-01
  -1.0518890e-01
  -9.9432190e-02
  -9.2135500e-02
  -8.4353790e-02
  -7.3743620e-02
  -6.2041950e-02
  -5.2109810e-02
  -4.4555640e-02
  -3.9718010e-02
  -3.4961880e-02
  -2.8953550e-02
  -2.1887260e-02
  -1.3430620e-02
  -6.0232380e-03
   1.0295400e-03
   9.5655200e-03
   1.9057500e-02
   2.9910990e-02
   3.8783220e-02
   4.3846520e-02
   4.7429830e-02
   5.0563460e-02
   5.3270440e-02
   5.3061730e-02
   5.0534330e-02
   4.8627000e-02
   4.7368430e-02
   4.6811750e-02
   4.4950610e-02
   3.9946470e-02
   3.2714760e-02
   2.5631290e-02
   1.8914300e-02
   9.7793380e-03
   1.4003100e-03
  -3.4833550e-03
  -7.8355880e-03
  -1.1781850e-02
  -1.5565820e-02
  -1.9012470e-02
  -1.9542930e-02
  -1.7842060e-02
  -1.5946380e-02
  -1.4454450e-02
  -1.3035290e-02
  -1.1057650e-02
  -8.6347640e-03
  -5.9462020e-03
  -2.5949410e-03
   2.5440730e-03
   9.3055880e-03
   1.5851210e-02
   2.1378630e-02
   2.6039120e-02
   3.1341220e-02
   3.6576430e-02
   3.8860370e-02
   4.1337310e-02
   4.6002010e-02
   5.0134540e-02
   5.3759940e-02
   5.6605910e-02
   6.0446940e-02
   6.6794570e-02
   7.1986570e-02
   7.5298670e-02
   7.8075410e-02
   8.0639200e-02
   8.2533980e-02
   8.2634030e-02
   8.1638060e-02
   8.0572140e-02
   8.0338070e-02
   7.9785680e-02
   7.7659850e-02
   7.5285720e-02
   7.1970610e-02
   6.6787700e-02
   5.9570200e-02
   5.0091280e-02
   3.9340510e-02
   2.7615550e-02
   1.5878640e-02
   6.0020890e-03
  -1.4982870e-03
  -7.5137130e-03
  -1.3495500e-02
  -1.9854790e-02
  -2.5203640e-02
  -2.9238540e-02
  -3.3203960e-02
  -3.6157540e-02
  -3.7261770e-02
  -3.6583360e-02
  -3.3920220e-02
  -3.0212410e-02
  -2.6095020e-02
  -2.2721640e-02
  -2.0363000e-02
  -1.8544470e-02
  -1.8085140e-02
  -1.8406560e-02
  -1.9490140e-02
  -2.2211250e-02
  -2.6161160e-02
  -3.1012670e-02
  -3.6564580e-02
  -4.2422510e-02
  -4.9005400e-02
  -5.7153510e-02
  -6.5929090e-02
  -7.3678450e-02
  -8.0213570e-02
  -8.6763120e-02
  -9.4067620e-02
  -1.0096780e-01
  -1.0629980e-01
  -1.0938740e-01
  -1.1031370e-01
  -1.1002300e-01
  -1.0789980e-01
  -1.0312170e-01
  -9.6480780e-02
  -8.8342620e-02
  -7.8572320e-02
  -6.7469400e-02
  -5.5509460e-02
  -4.2816380e-02
  -2.8965330e-02
  -1.4607870e-02
  -5.7919070e-04
   1.3620730e-02
   2.7345320e-02
   3.9495680e-02
   5.0163370e-02
   5.9212740e-02
   6.6716750e-02
   7.1950290e-02
   7.5074580e-02
   7.7438500e-02
   7.7615540e-02
   7.5717590e-02
   7.2422470e-02
   6.7213650e-02
   6.1164570e-02
   5.3743480e-02
   4.5202970e-02
   3.6570700e-02
   2.8306000e-02
   2.1018140e-02
   1.4482020e-02
   9.7847130e-03
   6.6182330e-03
   4.4574860e-03
   3.9958590e-03
   4.4785890e-03
   5.4710160e-03
   6.6103510e-03
   8.0665400e-03
   9.7957700e-03
   1.1538400e-02
   1.3949640e-02
   1.6582580e-02
   1.9618420e-02
   2.3274250e-02
   2.6710800e-02
   2.9748360e-02
   3.2204260e-02
   3.4092160e-02
   3.5851940e-02
   3.7663340e-02
   3.8821310e-02
   3.8951260e-02
   3.8059090e-02
   3.5556400e-02
   3.1905070e-02
   2.7023290e-02
   2.0509110e-02
   1.3597710e-02
   6.7707670e-03
  -2.9506700e-04
  -7.5340710e-03
  -1.4814280e-02
  -2.1374530e-02
  -2.6373240e-02
  -3.0382650e-02
  -3.3571390e-02
  -3.5405640e-02
  -3.6209480e-02
  -3.6240390e-02
  -3.6059340e-02
  -3.5796470e-02
  -3.5219910e-02
  -3.4416570e-02
  -3.2856850e-02
  -3.0691660e-02
  -2.8407840e-02
  -2.6458240e-02
  -2.4985630e-02
  -2.3243670e-02
  -2.1049510e-02
  -1.8825100e-02
  -1.7115980e-02
  -1.5471690e-02
  -1.3344530e-02
  -1.1101160e-02
  -8.6449790e-03
  -5.8935900e-03
  -2.6114110e-03
   6.3610670e-04
   2.5334940e-03
   3.6265790e-03
   5.4338360e-03
   8.2812930e-03
   1.0586980e-02
   1.1571510e-02
   1.2842050e-02
   1.5170300e-02
   1.7098040e-02
   1.7228600e-02
   1.6994630e-02
   1.8197140e-02
   1.9679600e-02
   2.0029280e-02
   1.9437690e-02
   1.9451300e-02
   2.1233760e-02
   2.3160140e-02
   2.4736120e-02
   2.8199160e-02
   3.3082450e-02
   3.6441180e-02
   3.7338940e-02
   3.6869470e-02
   3.5945480e-02
   3.3692930e-02
   2.9049170e-02
   2.4014580e-02
   1.9188130e-02
   1.3109740e-02
   7.1819850e-03
   1.7198500e-03
  -3.6353160e-03
  -9.8727410e-03
  -1.7366350e-02
  -2.2293450e-02
  -2.6277320e-02
  -3.1814510e-02
  -3.6460390e-02
  -4.0147490e-02
  -4.2395390e-02
  -4.3230610e-02
  -4.3661810e-02
  -4.4457470e-02
  -4.6296530e-02
  -4.7076750e-02
  -4.7545150e-02
  -4.9453580e-02
  -5.0171430e-02
  -4.8153250e-02
  -4.5261410e-02
  -4.3475680e-02
  -4.1739240e-02
  -3.8428440e-02
  -3.4498600e-02
  -3.2482100e-02
  -3.3179820e-02
  -3.2751360e-02
  -2.9742980e-02
  -2.7530160e-02
  -2.6404890e-02
  -2.4474300e-02
  -2.2027560e-02
  -1.9894540e-02
  -1.7895030e-02
  -1.6383070e-02
  -1.5532880e-02
  -1.5143580e-02
  -1.5404750e-02
  -1.5230040e-02
  -1.4114160e-02
  -1.2218400e-02
  -9.6421150e-03
  -6.5020830e-03
  -2.1996670e-03
   1.8701280e-03
   4.9285700e-03
   8.9216120e-03
   1.3380240e-02
   1.6646820e-02
   1.9847490e-02
   2.4044130e-02
   2.9248480e-02
   3.5252740e-02
   4.0899830e-02
   4.6045570e-02
   5.1123240e-02
   5.5599690e-02
   5.8417940e-02
   5.9818510e-02
   6.0630510e-02
   5.9870630e-02
   5.8517670e-02
   5.7924980e-02
   5.7249370e-02
   5.5835440e-02
   5.3168640e-02
   5.1166850e-02
   4.9584890e-02
   4.5953700e-02
   4.1983090e-02
   3.8206430e-02
   3.4759060e-02
   3.1071200e-02
   2.5402450e-02
   2.0606620e-02
   1.5929570e-02
   9.2027050e-03
   3.4916580e-03
  -4.0135960e-04
  -4.1685010e-03
  -8.3618170e-03
  -1.1138420e-02
  -1.2038330e-02
  -1.2846550e-02
  -1.3459440e-02
  -1.3098460e-02
  -1.1814300e-02
  -1.1048690e-02
  -1.0325990e-02
  -8.8104370e-03
  -8.2711960e-03
  -8.1591440e-03
  -7.0805510e-03
  -5.5210360e-03
  -4.2905680e-03
  -3.7597430e-03
  -4.1322490e-03
  -5.2681310e-03
  -6.1214960e-03
  -7.3676940e-03
  -1.0343460e-02
  -1.3236920e-02
  -1.5086430e-02
  -1.7815720e-02
  -2.1015240e-02
  -2.3769910e-02
  -2.7002620e-02
  -3.0069520e-02
  -3.2402660e-02
  -3.5341340e-02
  -3.8998760e-02
  -4.1750840e-02
  -4.3947000e-02
  -4.5811470e-02
  -4.5729610e-02
  -4.3991620e-02
  -4.0793360e-02
  -3.6540210e-02
  -3.2197810e-02
  -2.7392690e-02
  -2.3199880e-02
  -1.9578040e-02
  -1.5552910e-02
  -1.1899210e-02
  -8.6240350e-03
  -5.3223580e-03
  -1.6746230e-03
   2.1531550e-03
   5.5858080e-03
   7.9280670e-03
   9.5829090e-03
   1.0570470e-02
   9.5772810e-03
   8.2614560e-03
   6.3683630e-03
   3.8504420e-03
   2.3767990e-03
  -2.0424290e-04
  -3.0852370e-03
  -6.2939130e-03
  -1.0477480e-02
  -1.4288570e-02
  -1.8927350e-02
  -2.3295700e-02
  -2.7435420e-02
  -3.0618500e-02
  -3.2994750e-02
  -3.7182860e-02
  -4.0065420e-02
  -4.1252640e-02
  -4.1447050e-02
  -4.0773280e-02
  -4.1317400e-02
  -4.1660090e-02
  -4.0789040e-02
  -3.8152910e-02
  -3.5366680e-02
  -3.3885490e-02
  -3.1758550e-02
  -2.7562920e-02
  -2.1012030e-02
  -1.5145740e-02
  -1.0290310e-02
  -3.7846450e-03
   4.7037820e-03
   1.4097900e-02
   2.1530670e-02
   2.6804930e-02
   3.2608210e-02
   3.9606730e-02
   4.5545840e-02
   4.9273550e-02
   5.2858310e-02
   5.7498150e-02
   6.1887030e-02
   6.4003440e-02
   6.3635220e-02
   6.2753620e-02
   6.2567890e-02
   6.1420220e-02
   5.8440900e-02
   5.6049190e-02
   5.5683260e-02
   5.5364530e-02
   5.2909960e-02
   5.0159640e-02
   4.9602670e-02
   4.9502910e-02
   4.7142020e-02
   4.3526820e-02
   4.1169740e-02
   3.9330140e-02
   3.5827130e-02
   3.0879250e-02
   2.7217250e-02
   2.5146440e-02
   2.1015510e-02
   1.4749920e-02
   1.0040460e-02
   7.1976640e-03
   3.6191280e-03
  -1.1470960e-03
  -5.0835720e-03
  -7.6405950e-03
  -1.0916320e-02
  -1.5118700e-02
  -1.8080420e-02
  -2.0513050e-02
  -2.3814120e-02
  -2.7228670e-02
  -2.9886720e-02
  -3.1736330e-02
  -3.4273540e-02
  -3.7118380e-02
  -3.8358780e-02
  -3.8797010e-02
  -3.9967900e-02
  -4.1258650e-02
  -4.0235460e-02
  -3.7811710e-02
  -3.6871060e-02
  -3.5899530e-02
  -3.3228780e-02
  -2.9998850e-02
  -2.7317260e-02
  -2.4197500e-02
  -1.9058420e-02
  -1.3672580e-02
  -9.3817130e-03
  -4.4870020e-03
   1.1810320e-03
   6.3267670e-03
   1.0681980e-02
   1.5143460e-02
   1.9810260e-02
   2.3707130e-02
   2.7989900e-02
   3.3366650e-02
   3.8051090e-02
   4.1262790e-02
   4.3077620e-02
   4.4147940e-02
   4.4416180e-02
   4.3272340e-02
   4.1646110e-02
   3.9431610e-02
   3.6431360e-02
   3.2672740e-02
   2.7632110e-02
   2.1453980e-02
   1.4123230e-02
   6.6314070e-03
  -1.1032100e-03
  -9.6043400e-03
  -1.7800560e-02
  -2.5568730e-02
  -3.2477940e-02
  -3.8357350e-02
  -4.3230170e-02
  -4.6622770e-02
  -4.8906720e-02
  -5.0088680e-02
  -4.9760550e-02
  -4.8191950e-02
  -4.6627120e-02
  -4.4390570e-02
  -4.0872810e-02
  -3.7764020e-02
  -3.4960570e-02
  -3.2474930e-02
  -2.9960800e-02
  -2.6222230e-02
  -2.2534870e-02
  -1.9510830e-02
  -1.6459920e-02
  -1.3091950e-02
  -9.7962340e-03
  -7.3672530e-03
  -5.2687740e-03
  -3.2285510e-03
  -1.8480450e-03
  -8.4038630e-04
   1.0531640e-04
   6.5875410e-04
   8.7484630e-04
   1.2329220e-03
   1.6662320e-03
   1.8008250e-03
   1.7411140e-03
   1.9571880e-03
   2.3377200e-03
   2.3584080e-03
   2.2630820e-03
   1.9358120e-03
   1.1981250e-03
   2.9582430e-04
  -1.3756310e-03
  -3.1429730e-03
  -3.6909310e-03
  -3.6475870e-03
  -3.8743300e-03
  -4.1958340e-03
  -3.8170130e-03
  -3.0083450e-03
  -2.4117120e-03
  -1.2581530e-03
  -2.2457960e-04
  -1.4675050e-04
   4.9825730e-05
   1.4642410e-04
  -3.3114840e-06
   2.0031510e-05
   2.1309880e-04
   1.0506420e-03
   1.8640690e-03
   2.1839780e-03
   2.5098200e-03
   3.0122450e-03
   3.6292900e-03
   4.0579980e-03
   4.4916540e-03
   4.7102910e-03
   4.4253620e-03
   4.2234520e-03
   4.2100870e-03
   3.8939300e-03
   3.0305560e-03
   2.0938010e-03
   1.2376220e-03
   2.3733440e-04
  -6.2988210e-04
  -1.2032590e-03
  -1.3123040e-03
  -8.7910120e-04
  -3.0592610e-04
   2.5883900e-04
   1.3378590e-03
   2.4659550e-03
   2.3915350e-03
   2.1397030e-03
   3.0040110e-03
   4.1788190e-03
   4.7494870e-03
   4.6599770e-03
   4.8033460e-03
   5.0482760e-03
   4.4038640e-03
   3.2099330e-03
   1.5380410e-03
  -5.2594740e-04
  -2.1231950e-03
  -3.5986840e-03
  -6.0457450e-03
  -9.1302170e-03
  -1.1753510e-02
  -1.3976580e-02
  -1.6616620e-02
  -1.9673180e-02
  -2.2226200e-02
  -2.4120180e-02
  -2.5703120e-02
  -2.7246170e-02
  -2.8898240e-02
  -2.9693180e-02
  -2.9190160e-02
  -2.8112630e-02
  -2.6869660e-02
  -2.4951500e-02
  -2.2105500e-02
  -1.8835920e-02
  -1.4601320e-02
  -9.2428730e-03
  -3.8279760e-03
   1.1510100e-03
   6.6083870e-03
   1.2766130e-02
   1.7826660e-02
   2.1857940e-02
   2.6029330e-02
   3.0056200e-02
   3.3783640e-02
   3.7324700e-02
   4.0388340e-02
   4.2649330e-02
   4.4633730e-02
   4.6518970e-02
   4.8243830e-02
   4.9773670e-02
   5.0459200e-02
   5.0809240e-02
   5.1108200e-02
   5.0914860e-02
   5.0132020e-02
   4.8555030e-02
   4.6987400e-02
   4.5514140e-02
   4.3106150e-02
   4.0153470e-02
   3.7280100e-02
   3.4762810e-02
   3.2709740e-02
   3.0909720e-02
   2.9603900e-02
   2.8483660e-02
   2.7400580e-02
   2.6517060e-02
   2.5224290e-02
   2.3459340e-02
   2.1330340e-02
   1.9133710e-02
   1.6718580e-02
   1.3392510e-02
   9.5901660e-03
   4.8508400e-03
  -9.4420070e-04
  -6.3734510e-03
  -1.1352880e-02
  -1.6676150e-02
  -2.2276170e-02
  -2.7047090e-02
  -3.0838930e-02
  -3.4475880e-02
  -3.7792400e-02
  -4.0665200e-02
  -4.3235280e-02
  -4.5173540e-02
  -4.6233030e-02
  -4.6932670e-02
  -4.7955540e-02
  -4.8802190e-02
  -4.8719640e-02
  -4.7856690e-02
  -4.6413480e-02
  -4.4486240e-02
  -4.2269060e-02
  -3.9313300e-02
  -3.5434110e-02
  -3.1572930e-02
  -2.8295990e-02
  -2.5339760e-02
  -2.2187090e-02
  -1.8725390e-02
  -1.5449410e-02
  -1.2453900e-02
  -9.8223370e-03
  -7.8653370e-03
  -6.0121260e-03
  -4.0211770e-03
  -2.5992020e-03
  -2.0535790e-03
  -2.2775190e-03
  -3.1512750e-03
  -4.8273810e-03
  -7.2275070e-03
  -1.0099550e-02
  -1.3434650e-02
  -1.6876250e-02
  -2.0063030e-02
  -2.2675360e-02
  -2.4851940e-02
  -2.6392790e-02
  -2.6900220e-02
  -2.7381630e-02
  -2.7783700e-02
  -2.7695330e-02
  -2.7354120e-02
  -2.6380600e-02
  -2.5042850e-02
  -2.3542500e-02
  -2.2052150e-02
  -2.0759420e-02
  -1.9400730e-02
  -1.8129110e-02
  -1.6668310e-02
  -1.4815440e-02
  -1.3049840e-02
  -1.1260180e-02
  -9.0671180e-03
  -6.9333310e-03
  -5.3010520e-03
  -3.9801930e-03
  -2.6183030e-03
  -8.5512290e-04
   1.1532990e-03
   3.3576180e-03
   5.7463680e-03
   8.0748410e-03
   1.0875000e-02
   1.4332820e-02
   1.8160980e-02
   2.2445340e-02
   2.7157310e-02
   3.2266010e-02
   3.7521450e-02
   4.2893440e-02
   4.8074430e-02
   5.2349690e-02
   5.6051530e-02
   5.9456630e-02
   6.2397290e-02
   6.4536490e-02
   6.5792280e-02
   6.6584960e-02
   6.6607070e-02
   6.5970360e-02
   6.5013130e-02
   6.3538260e-02
   6.1793750e-02
   6.0072360e-02
   5.8383770e-02
   5.6325440e-02
   5.3820620e-02
   5.1260000e-02
   4.8445850e-02
   4.5101960e-02
   4.1575180e-02
   3.7788590e-02
   3.3547600e-02
   2.9612280e-02
   2.6035600e-02
   2.2283810e-02
   1.8105210e-02
   1.3918750e-02
   1.0221580e-02
   6.1085300e-03
   1.6087780e-03
  -2.9124940e-03
  -7.6188120e-03
  -1.1815310e-02
  -1.5358230e-02
  -1.8415100e-02
  -2.1374590e-02
  -2.4158050e-02
  -2.6338290e-02
  -2.8538110e-02
  -3.0584190e-02
  -3.2190800e-02
  -3.3773850e-02
  -3.5146880e-02
  -3.6040540e-02
  -3.6358220e-02
  -3.6328140e-02
  -3.6411890e-02
  -3.6582290e-02
  -3.6585830e-02
  -3.6125740e-02
  -3.5108510e-02
  -3.4289220e-02
  -3.3825000e-02
  -3.2816550e-02
  -3.1221060e-02
  -2.9693060e-02
  -2.8361190e-02
  -2.6341640e-02
  -2.3356560e-02
  -2.0342180e-02
  -1.7390280e-02
  -1.4378210e-02
  -1.1620050e-02
  -8.9878010e-03
  -6.5018310e-03
  -4.5102530e-03
  -2.6600060e-03
  -8.5781250e-05
   3.0274350e-03
   5.9160810e-03
   8.8463420e-03
   1.2068560e-02
   1.4621770e-02
   1.6425270e-02
   1.8207230e-02
   1.9642590e-02
   2.0539220e-02
   2.1161550e-02
   2.1667420e-02
   2.1806550e-02
   2.1241160e-02
   2.0266790e-02
   1.8801430e-02
   1.7050700e-02
   1.5783960e-02
   1.4626480e-02
   1.3233310e-02
   1.2022030e-02
   1.1257220e-02
   1.1212340e-02
   1.1511070e-02
   1.1799820e-02
   1.2407670e-02
   1.3590500e-02
   1.5883760e-02
   1.8726370e-02
   2.1016200e-02
   2.3452130e-02
   2.6490550e-02
   2.9098880e-02
   3.0818720e-02
   3.2374780e-02
   3.4426900e-02
   3.6145300e-02
   3.6868060e-02
   3.7502520e-02
   3.7643980e-02
   3.6766360e-02
   3.5328880e-02
   3.3400180e-02
   3.1279870e-02
   2.8533950e-02
   2.5156730e-02
   2.1246970e-02
   1.6742600e-02
   1.2195570e-02
   6.8590190e-03
   8.5851990e-04
  -5.0637500e-03
  -1.0912750e-02
  -1.6551890e-02
  -2.2459360e-02
  -2.8373580e-02
  -3.3881450e-02
  -3.9128940e-02
  -4.4074000e-02
  -4.8628700e-02
  -5.2524320e-02
  -5.6426760e-02
  -6.0030230e-02
  -6.2667680e-02
  -6.5260820e-02
  -6.7148350e-02
  -6.8379090e-02
  -6.9961030e-02
  -7.0570320e-02
  -6.9741630e-02
  -6.8456740e-02
  -6.7086670e-02
  -6.5113830e-02
  -6.2178620e-02
  -5.8824620e-02
  -5.4924240e-02
  -5.0381910e-02
  -4.5806670e-02
  -4.1041590e-02
  -3.5796190e-02
  -3.0487400e-02
  -2.5533650e-02
  -2.0310470e-02
  -1.4065880e-02
  -7.5681240e-03
  -1.2186570e-03
   5.0144670e-03
   1.0713350e-02
   1.6583030e-02
   2.2519870e-02
   2.7475560e-02
   3.1443220e-02
   3.4737020e-02
   3.7963700e-02
   4.0924940e-02
   4.3051130e-02
   4.4770730e-02
   4.5980730e-02
   4.6630500e-02
   4.7200520e-02
   4.7402900e-02
   4.7258050e-02
   4.7008470e-02
   4.6731500e-02
   4.6898560e-02
   4.7047700e-02
   4.6789750e-02
   4.6373770e-02
   4.5713790e-02
   4.5133100e-02
   4.4450070e-02
   4.2865190e-02
   4.0561590e-02
   3.8406290e-02
   3.5648250e-02
   3.1527090e-02
   2.7493610e-02
   2.3663680e-02
   1.8976980e-02
   1.3373200e-02
   7.5369910e-03
   2.1233740e-03
  -3.4666360e-03
  -9.1873610e-03
  -1.4642320e-02
  -1.9916900e-02
  -2.4367270e-02
  -2.8205430e-02
  -3.1945220e-02
  -3.5382400e-02
  -3.8394040e-02
  -4.0890480e-02
  -4.3156870e-02
  -4.4497060e-02
  -4.4321410e-02
  -4.3905030e-02
  -4.3238650e-02
  -4.1441910e-02
  -3.8232730e-02
  -3.4112220e-02
  -3.0204060e-02
  -2.5892510e-02
  -2.1053550e-02
  -1.6649970e-02
  -1.2778530e-02
  -9.5603170e-03
  -6.7405440e-03
  -4.0367730e-03
  -1.5695700e-03
   6.4941770e-04
   2.7430720e-03
   4.9241140e-03
   7.2891210e-03
   9.2246840e-03
   1.0683840e-02
   1.2258640e-02
   1.2933170e-02
   1.3284130e-02
   1.4534790e-02
   1.5668750e-02
   1.6447370e-02
   1.7169890e-02
   1.8324110e-02
   1.9665340e-02
   2.0623380e-02
   2.1458100e-02
   2.1636070e-02
   2.1578160e-02
   2.1873520e-02
   2.1973150e-02
   2.1996470e-02
   2.2080780e-02
   2.2006790e-02
   2.1495870e-02
   2.0543710e-02
   1.9915410e-02
   1.9156040e-02
   1.7397150e-02
   1.5606760e-02
   1.4276460e-02
   1.2936510e-02
   1.0819440e-02
   7.9753200e-03
   5.3003300e-03
   2.4961220e-03
   1.8404770e-05
  -2.1291900e-03
  -4.4231480e-03
  -6.1449100e-03
  -7.6035750e-03
  -8.9579960e-03
  -1.0453720e-02
  -1.1998390e-02
  -1.3206810e-02
  -1.4723120e-02
  -1.5461780e-02
  -1.5087100e-02
  -1.5098200e-02
  -1.5801380e-02
  -1.6504660e-02
  -1.6336440e-02
  -1.6025360e-02
  -1.6346530e-02
  -1.6627600e-02
  -1.6667690e-02
  -1.6357840e-02
  -1.5953530e-02
  -1.5955550e-02
  -1.6013120e-02
  -1.6030300e-02
  -1.6141780e-02
  -1.6424960e-02
  -1.7016900e-02
  -1.7652370e-02
  -1.8210870e-02
  -1.8461810e-02
  -1.8007950e-02
  -1.7137840e-02
  -1.6362050e-02
  -1.5755260e-02
  -1.4961090e-02
  -1.3849350e-02
  -1.2287550e-02
  -1.0227150e-02
  -8.3986570e-03
  -6.7214370e-03
  -4.3138790e-03
  -1.3192860e-03
   1.0786080e-03
   2.7612200e-03
   5.0545190e-03
   7.5552270e-03
   9.3696000e-03
   1.0901170e-02
   1.2212850e-02
   1.3660800e-02
   1.5455330e-02
   1.7246120e-02
   1.8843870e-02
   2.0195790e-02
   2.1810850e-02
   2.3758720e-02
   2.5498530e-02
   2.7186020e-02
   2.8741430e-02
   2.9792110e-02
   3.0727630e-02
   3.1453450e-02
   3.1651350e-02
   3.1264490e-02
   3.0516570e-02
   3.0126230e-02
   2.9771240e-02
   2.9245910e-02
   2.8440390e-02
   2.6896370e-02
   2.5282120e-02
   2.3702800e-02
   2.1598930e-02
   1.8829290e-02
   1.6176900e-02
   1.4398110e-02
   1.2781330e-02
   1.1211660e-02
   9.8837870e-03
   8.4171850e-03
   6.7671780e-03
   4.9623220e-03
   3.2070840e-03
   1.5053870e-03
  -8.9171810e-05
  -1.3573650e-03
  -2.7012910e-03
  -4.0232310e-03
  -4.9703500e-03
  -6.2776900e-03
  -8.4365320e-03
  -1.1072060e-02
  -1.3735730e-02
  -1.6264130e-02
  -1.8894820e-02
  -2.1532990e-02
  -2.3938940e-02
  -2.6103490e-02
  -2.7894470e-02
  -2.9929740e-02
  -3.2509230e-02
  -3.4905670e-02
  -3.6990600e-02
  -3.8861180e-02
  -4.0520080e-02
  -4.1665720e-02
  -4.2102430e-02
  -4.2074270e-02
  -4.0896130e-02
  -3.8894920e-02
  -3.7284670e-02
  -3.5365090e-02
  -3.2249510e-02
  -2.8897960e-02
  -2.6414350e-02
  -2.3951380e-02
  -2.0920190e-02
  -1.8039010e-02
  -1.5349780e-02
  -1.2595190e-02
  -9.6881180e-03
  -6.8228200e-03
  -4.1978520e-03
  -1.8283410e-03
   1.8286460e-04
   2.2221880e-03
   4.5865180e-03
   6.7297640e-03
   8.4093840e-03
   1.0557910e-02
   1.3255100e-02
   1.5631230e-02
   1.7865250e-02
   2.0234590e-02
   2.2603500e-02
   2.4918810e-02
   2.7224150e-02
   2.9296960e-02
   3.1016920e-02
   3.2973870e-02
   3.5065980e-02
   3.6766310e-02
   3.8141380e-02
   3.9402230e-02
   4.0355120e-02
   4.0740890e-02
   4.1037370e-02
   4.1048950e-02
   4.0179140e-02
   3.8934960e-02
   3.7623930e-02
   3.5765910e-02
   3.3376490e-02
   3.1181070e-02
   2.9076080e-02
   2.6568450e-02
   2.4024310e-02
   2.1506680e-02
   1.8761870e-02
   1.6073180e-02
   1.3439100e-02
   1.0452650e-02
   7.4938180e-03
   5.1177630e-03
   2.7496350e-03
  -1.4082720e-04
  -2.8328070e-03
  -4.7794680e-03
  -6.7971910e-03
  -9.3888990e-03
  -1.1780690e-02
  -1.3759780e-02
  -1.6018860e-02
  -1.8369220e-02
  -2.0362730e-02
  -2.2530880e-02
  -2.5097570e-02
  -2.7733460e-02
  -3.0213580e-02
  -3.2640550e-02
  -3.5144960e-02
  -3.7563740e-02
  -4.0218690e-02
  -4.2968570e-02
  -4.5324240e-02
  -4.7541300e-02
  -4.9813250e-02
  -5.1819520e-02
  -5.3110860e-02
  -5.4077070e-02
  -5.4835260e-02
  -5.5029080e-02
  -5.4736410e-02
  -5.3831940e-02
  -5.2427320e-02
  -5.0390130e-02
  -4.7758570e-02
  -4.4805050e-02
  -4.1314760e-02
  -3.7670480e-02
  -3.3999870e-02
  -2.9902060e-02
  -2.5601170e-02
  -2.1906330e-02
  -1.8499970e-02
  -1.4553830e-02
  -1.0722120e-02
  -7.0501280e-03
  -3.3927580e-03
   4.1469750e-05
   3.8135710e-03
   7.6640550e-03
   1.1392350e-02
   1.5035360e-02
   1.8586920e-02
   2.2414050e-02
   2.5767490e-02
   2.8407990e-02
   3.0974100e-02
   3.3365650e-02
   3.5379650e-02
   3.7018810e-02
   3.8529780e-02
   3.9399750e-02
   3.9585790e-02
   3.9747570e-02
   3.8974480e-02
   3.7602900e-02
   3.6651070e-02
   3.5497780e-02
   3.3829360e-02
   3.1800200e-02
   2.9940840e-02
   2.8069610e-02
   2.5911220e-02
   2.3822620e-02
   2.1120400e-02
   1.8168200e-02
   1.5702950e-02
   1.2848920e-02
   9.5409110e-03
   6.5345840e-03
   3.7010510e-03
   6.2417070e-04
  -2.2595090e-03
  -4.5274380e-03
  -6.4874460e-03
  -8.3117450e-03
  -9.9184840e-03
  -1.1154760e-02
  -1.2160330e-02
  -1.3312770e-02
  -1.4491540e-02
  -1.5353160e-02
  -1.5856700e-02
  -1.5923760e-02
  -1.5343580e-02
  -1.4494160e-02
  -1.3719190e-02
  -1.2739910e-02
  -1.1798110e-02
  -1.1140670e-02
  -1.0441550e-02
  -9.7042410e-03
  -9.2474840e-03
  -9.0721660e-03
  -8.7095780e-03
  -8.1538930e-03
  -7.7753330e-03
  -7.4606720e-03
  -7.3682270e-03
  -7.7061620e-03
  -7.9662690e-03
  -8.0740370e-03
  -8.7631530e-03
  -1.0221280e-02
  -1.1731950e-02
  -1.2993080e-02
  -1.4365830e-02
  -1.5603340e-02
  -1.6676080e-02
  -1.7895790e-02
  -1.8689160e-02
  -1.9157630e-02
  -2.0101110e-02
  -2.1312570e-02
  -2.2076740e-02
  -2.2404460e-02
  -2.2701060e-02
  -2.2406520e-02
  -2.1194540e-02
  -1.9782620e-02
  -1.8047860e-02
  -1.5769650e-02
  -1.3666630e-02
  -1.1650210e-02
  -9.2689480e-03
  -6.7480040e-03
  -4.3026580e-03
  -1.6669100e-03
   1.3698710e-03
   3.7660050e-03
   5.2568860e-03
   7.0702580e-03
   9.0469050e-03
   1.0271150e-02
   1.1080670e-02
   1.2294970e-02
   1.3324400e-02
   1.3935420e-02
   1.4996730e-02
   1.6007490e-02
   1.6664620e-02
   1.7408600e-02
   1.8098570e-02
   1.8429730e-02
   1.8569400e-02
   1.9005360e-02
   1.9322960e-02
   1.9410540e-02
   1.9887580e-02
   2.0475440e-02
   2.0732580e-02
   2.1036580e-02
   2.1577240e-02
   2.1857520e-02
   2.1932500e-02
   2.2277040e-02
   2.2674830e-02
   2.2704400e-02
   2.2602280e-02
   2.2469130e-02
   2.2075820e-02
   2.1529750e-02
   2.0708290e-02
   1.9505270e-02
   1.7898100e-02
   1.6076310e-02
   1.4187690e-02
   1.1880540e-02
   9.6391940e-03
   7.7065050e-03
   5.5678730e-03
   3.2702730e-03
   1.0533250e-03
  -1.3324830e-03
  -4.1649870e-03
  -6.5533350e-03
  -8.2711620e-03
  -1.0268030e-02
  -1.2164760e-02
  -1.3196590e-02
  -1.3747630e-02
  -1.4457130e-02
  -1.4912800e-02
  -1.4650300e-02
  -1.4300310e-02
  -1.3831160e-02
  -1.2860260e-02
  -1.1919770e-02
  -1.1079360e-02
  -9.8559890e-03
  -8.6322260e-03
  -8.1815850e-03
  -8.0224780e-03
  -7.5477480e-03
  -7.1628030e-03
  -6.8780100e-03
  -6.5114160e-03
  -6.3779920e-03
  -6.5732810e-03
  -6.4745290e-03
  -6.3169800e-03
  -6.9732900e-03
  -7.4835060e-03
  -7.0569350e-03
  -6.5726190e-03
  -6.4530320e-03
  -5.9469620e-03
  -5.0265800e-03
  -4.6196640e-03
  -4.2951870e-03
  -3.7099320e-03
  -3.4864090e-03
  -3.4521310e-03
  -2.9830490e-03
  -2.1362550e-03
  -1.5518650e-03
  -9.5675000e-04
  -1.9536610e-04
   2.7926190e-04
   8.4381580e-04
   1.6499980e-03
   2.3784100e-03
   2.9504400e-03
   3.6372730e-03
   4.4557530e-03
   4.9801330e-03
   5.4832820e-03
   6.0678150e-03
   6.2400500e-03
   6.3161130e-03
   6.8783330e-03
   7.3551700e-03
   7.2288510e-03
   7.5024150e-03
   8.5114540e-03
   9.2456190e-03
   9.9073860e-03
   1.1255230e-02
   1.2742680e-02
   1.3787340e-02
   1.4969060e-02
   1.6481080e-02
   1.7588040e-02
   1.8587180e-02
   1.9998320e-02
   2.1202150e-02
   2.1822750e-02
   2.2128090e-02
   2.2347220e-02
   2.2279200e-02
   2.2028100e-02
   2.1588190e-02
   2.0472180e-02
   1.9259860e-02
   1.8409470e-02
   1.7413010e-02
   1.5572270e-02
   1.3255460e-02
   1.1221800e-02
   8.5388280e-03
   5.7380750e-03
   3.7864540e-03
   1.5843390e-03
  -6.8758040e-04
  -2.1283470e-03
  -2.7591530e-03
  -3.5007510e-03
  -4.7811220e-03
  -5.5984890e-03
  -6.0407860e-03
  -6.5628830e-03
  -6.6916110e-03
  -6.4480520e-03
  -6.2546770e-03
  -6.1745950e-03
  -6.0674940e-03
  -6.0990400e-03
  -6.3721690e-03
  -6.5545660e-03
  -6.6754100e-03
  -6.9562230e-03
  -7.1151030e-03
  -7.2831460e-03
  -7.8850330e-03
  -8.4882200e-03
  -8.6275110e-03
  -8.6622160e-03
  -8.9503350e-03
  -9.0002070e-03
  -8.7346900e-03
  -8.8601620e-03
  -9.0165980e-03
  -8.8779750e-03
  -9.2618230e-03
  -1.0156760e-02
  -1.0680280e-02
  -1.0642630e-02
  -1.0496290e-02
  -1.0356690e-02
  -1.0143770e-02
  -1.0017000e-02
  -9.5959300e-03
  -8.9324090e-03
  -9.0329900e-03
  -9.4872690e-03
  -9.1649560e-03
  -8.3712290e-03
  -8.0456730e-03
  -7.8701830e-03
  -6.9656200e-03
  -5.7963320e-03
  -4.6553860e-03
  -3.3725160e-03
  -2.2663730e-03
  -1.0215320e-03
   7.9801210e-04
   2.5993990e-03
   3.4337870e-03
   3.9070270e-03
   5.0403570e-03
   6.0430770e-03
   6.1858160e-03
   5.8369380e-03
   5.6814620e-03
   5.8664050e-03
   5.9207880e-03
   5.8007450e-03
   5.3439470e-03
   4.8852410e-03
   5.2104730e-03
   5.3405700e-03
   4.5640660e-03
   4.1004680e-03
   4.3451140e-03
   4.3068750e-03
   3.7745680e-03
   3.6717440e-03
   3.9842770e-03
   3.8608910e-03
   3.5846150e-03
   3.3571080e-03
   2.6807070e-03
   1.8442650e-03
   1.4175400e-03
   1.1148530e-03
   5.1197730e-04
  -6.5284890e-05
  -7.8296120e-04
  -1.9659430e-03
  -2.7671070e-03
  -3.1680740e-03
  -4.0529990e-03
  -5.1365280e-03
  -5.7914930e-03
  -6.4227760e-03
  -7.5506160e-03
  -8.6767550e-03
  -9.7056780e-03
  -1.1040030e-02
  -1.2084850e-02
  -1.2645480e-02
  -1.3562880e-02
  -1.4732050e-02
  -1.5268080e-02
  -1.5335970e-02
  -1.5356300e-02
  -1.4819320e-02
  -1.3690480e-02
  -1.2701770e-02
  -1.1864620e-02
  -1.0501590e-02
  -8.6020390e-03
  -6.8940500e-03
  -5.3364850e-03
  -3.2809820e-03
  -9.1102480e-04
   1.2184070e-03
   3.1172650e-03
   5.0496540e-03
   6.9830680e-03
   8.8176030e-03
   1.0479880e-02
   1.1768380e-02
   1.3217070e-02
   1.5004430e-02
   1.5880170e-02
   1.5932070e-02
   1.6423610e-02
   1.7103990e-02
   1.7223210e-02
   1.7183780e-02
   1.7631110e-02
   1.7973210e-02
   1.8050130e-02
   1.8599700e-02
   1.8957540e-02
   1.8647490e-02
   1.8382670e-02
   1.8225290e-02
   1.7707790e-02
   1.6746890e-02
   1.5711060e-02
   1.4654670e-02
   1.3590790e-02
   1.2524330e-02
   1.0982990e-02
   9.1476300e-03
   7.6299910e-03
   6.3207560e-03
   4.6819720e-03
   2.8134380e-03
   1.0898030e-03
  -8.7612190e-04
  -3.0331770e-03
  -4.7757740e-03
  -6.4480170e-03
  -8.5578290e-03
  -1.0540370e-02
  -1.2021820e-02
  -1.3567840e-02
  -1.5269680e-02
  -1.6569500e-02
  -1.7397500e-02
  -1.8168210e-02
  -1.8730670e-02
  -1.8794940e-02
  -1.8720290e-02
  -1.8677990e-02
  -1.8469370e-02
  -1.8094720e-02
  -1.7776550e-02
  -1.7274520e-02
  -1.6485330e-02
  -1.6045120e-02
  -1.5565270e-02
  -1.4436240e-02
  -1.3292480e-02
  -1.2540050e-02
  -1.1760050e-02
  -1.0795660e-02
  -1.0066490e-02
  -9.1635810e-03
  -7.7570950e-03
  -6.6486990e-03
  -5.5211860e-03
  -3.6810600e-03
  -1.9653910e-03
  -9.9535180e-04
  -7.7469940e-05
   1.1361020e-03
   2.0108450e-03
   2.7152380e-03
   3.8343070e-03
   4.7292290e-03
   5.1600510e-03
   5.8771640e-03
   6.7499120e-03
   7.2021700e-03
   7.4736180e-03
   8.0526520e-03
   8.8693340e-03
   9.8096500e-03
   1.0943880e-02
   1.1888400e-02
   1.2544440e-02
   1.3385900e-02
   1.4383240e-02
   1.4830300e-02
   1.4833910e-02
   1.5037410e-02
   1.4911670e-02
   1.4549830e-02
   1.4325260e-02
   1.3797590e-02
   1.3129330e-02
   1.2519630e-02
   1.2165650e-02
   1.1485330e-02
   1.0254000e-02
   9.3924000e-03
   8.2696250e-03
   6.5967490e-03
   5.0939930e-03
   4.0183870e-03
   3.1474910e-03
   2.2056650e-03
   1.5480420e-03
   4.4703690e-04
  -1.0124260e-03
  -1.5487700e-03
  -1.8506270e-03
  -2.8606080e-03
  -4.3861070e-03
  -5.3634140e-03
  -5.6434960e-03
  -6.2542610e-03
  -7.0590440e-03
  -7.9637840e-03
  -8.8579010e-03
  -9.0933950e-03
  -9.2652000e-03
  -1.0187250e-02
  -1.1234840e-02
  -1.1407660e-02
  -1.1196210e-02
  -1.1581680e-02
  -1.2088180e-02
  -1.2432330e-02
  -1.3263760e-02
  -1.4088840e-02
  -1.4364480e-02
  -1.4921690e-02
  -1.5923150e-02
  -1.6465200e-02
  -1.6319180e-02
  -1.6225590e-02
  -1.6214780e-02
  -1.5696700e-02
  -1.4886790e-02
  -1.3689890e-02
  -1.1957550e-02
  -1.0303160e-02
  -8.9146690e-03
  -7.5404890e-03
  -6.0038530e-03
  -4.4426580e-03
  -3.0010050e-03
  -1.6680200e-03
  -5.5933900e-04
   6.1600200e-04
   1.9304150e-03
   2.6291290e-03
   2.7554840e-03
   3.2991350e-03
   4.2563640e-03
   4.7830460e-03
   5.2307400e-03
   6.3547470e-03
   7.3704020e-03
   7.8303920e-03
   8.3144400e-03
   8.6470740e-03
   8.6644370e-03
   8.5013430e-03
   8.3732000e-03
   8.4688700e-03
   8.5905920e-03
   8.8281620e-03
   8.8883390e-03
   8.6824880e-03
   8.9212470e-03
   9.4528340e-03
   9.6409500e-03
   9.9575750e-03
   1.1003300e-02
   1.1742310e-02
   1.1898010e-02
   1.2579910e-02
   1.3227670e-02
   1.3045540e-02
   1.2761630e-02
   1.2795610e-02
   1.2326820e-02
   1.1161300e-02
   1.0279840e-02
   9.3457960e-03
   7.7429560e-03
   6.3630360e-03
   5.2358840e-03
   3.6015160e-03
   1.9802230e-03
   8.1654070e-04
  -6.0518240e-04
  -2.4990220e-03
  -4.0725700e-03
  -5.2881010e-03
  -6.7827220e-03
  -8.1782920e-03
  -9.2229640e-03
  -1.0390870e-02
  -1.1430190e-02
  -1.1921780e-02
  -1.2317560e-02
  -1.3071190e-02
  -1.3730290e-02
  -1.4037370e-02
  -1.4348920e-02
  -1.4577390e-02
  -1.4649510e-02
  -1.4888400e-02
  -1.5118250e-02
  -1.4821700e-02
  -1.4441390e-02
  -1.4604100e-02
  -1.4511910e-02
  -1.3723500e-02
  -1.2979690e-02
  -1.2429680e-02
  -1.1630190e-02
  -1.0416040e-02
  -9.2056450e-03
  -8.0125630e-03
  -6.5184950e-03
  -5.2798910e-03
  -4.1612370e-03
  -2.3539030e-03
  -8.9562060e-05
   2.0552940e-03
   4.1485930e-03
   6.6244280e-03
   9.2853080e-03
   1.1925020e-02
   1.4472750e-02
   1.6284980e-02
   1.7837970e-02
   2.0037040e-02
   2.1867280e-02
   2.2465160e-02
   2.2853510e-02
   2.3506280e-02
   2.3597710e-02
   2.3060560e-02
   2.2419260e-02
   2.1432490e-02
   2.0169810e-02
   1.9440010e-02
   1.8784820e-02
   1.7317180e-02
   1.5679950e-02
   1.4394200e-02
   1.2896300e-02
   1.1016370e-02
   9.3169920e-03
   7.8390660e-03
   6.2588940e-03
   4.8679160e-03
   3.7007510e-03
   2.4219410e-03
   1.0126860e-03
  -4.0658440e-04
  -1.8219170e-03
  -3.1542950e-03
  -4.0498580e-03
  -4.8834760e-03
  -6.0755100e-03
  -6.6842710e-03
  -6.5990310e-03
  -7.1210010e-03
  -8.3208060e-03
  -9.0776220e-03
  -9.2576540e-03
  -9.7473470e-03
  -1.0509210e-02
  -1.0748780e-02
  -1.0832170e-02
  -1.1035380e-02
  -1.0701620e-02
  -1.0136630e-02
  -9.9363230e-03
  -9.6895230e-03
  -8.9041800e-03
  -7.9774600e-03
  -7.2687090e-03
  -6.4803930e-03
  -5.8571380e-03
  -5.5500970e-03
  -5.1551290e-03
  -4.9263120e-03
  -5.3431530e-03
  -6.0717590e-03
  -6.5246780e-03
  -6.9651890e-03
  -7.6248310e-03
  -8.2095190e-03
  -8.9487830e-03
  -9.9067160e-03
  -1.0471970e-02
  -1.0781590e-02
  -1.1417910e-02
  -1.1914200e-02
  -1.1691120e-02
  -1.1312830e-02
  -1.1189080e-02
  -1.0691320e-02
  -9.9977200e-03
  -9.5869960e-03
  -8.5823980e-03
  -6.9680440e-03
  -5.9545130e-03
  -5.4670540e-03
  -4.4175350e-03
  -2.9843220e-03
  -2.1095080e-03
  -1.2079510e-03
   1.3544650e-04
   1.0470990e-03
   1.9452240e-03
   3.6174580e-03
   5.2685450e-03
   6.3410300e-03
   7.4409030e-03
   8.8843130e-03
   9.9426490e-03
   1.0376160e-02
   1.0682730e-02
   1.0457870e-02
   9.8055480e-03
   9.5809320e-03
   9.4169820e-03
   8.6841040e-03
   7.6827290e-03
   6.9336350e-03
   6.2149040e-03
   5.3895650e-03
   4.6844340e-03
   3.7407780e-03
   2.7985670e-03
   2.3604020e-03
   1.8627850e-03
   9.7317960e-04
   2.1538080e-04
  -1.9671780e-04
  -7.9637320e-04
  -1.4998640e-03
  -1.7979450e-03
  -2.1488890e-03
  -2.7219050e-03
  -3.0442850e-03
  -3.0102790e-03
  -2.9265410e-03
  -3.1052330e-03
  -3.1517210e-03
  -2.9640050e-03
  -2.8539840e-03
  -2.5931810e-03
  -2.4167250e-03
  -2.7443460e-03
  -3.0906690e-03
  -3.0750100e-03
  -3.2650930e-03
  -3.7697520e-03
  -3.7480350e-03
  -3.2663750e-03
  -3.0348030e-03
  -2.7943850e-03
  -2.2833790e-03
  -2.0222850e-03
  -1.8648820e-03
  -1.1905570e-03
  -4.5840160e-04
  -1.2363310e-04
   5.2078250e-04
   1.4753200e-03
   1.9392300e-03
   2.0110170e-03
   1.9459350e-03
   1.6388810e-03
   1.1048380e-03
   6.2366660e-04
   1.0899700e-04
  -7.4418600e-04
  -1.2380100e-03
  -1.2186980e-03
  -1.6014410e-03
  -2.2151210e-03
  -2.3143830e-03
  -2.2060340e-03
  -2.3518840e-03
  -2.3766590e-03
  -2.3573200e-03
  -2.6111410e-03
  -2.4016910e-03
  -1.5292890e-03
  -1.1426780e-03
  -1.0849340e-03
  -1.4542350e-04
   9.7089030e-04
   1.2603840e-03
   1.5116100e-03
   2.1275510e-03
   2.2286000e-03
   2.0605850e-03
   2.5168220e-03
   2.9205230e-03
   2.9521430e-03
   3.2265530e-03
   3.6988450e-03
   4.0701150e-03
   4.4825390e-03
   5.1320500e-03
   5.2861430e-03
   5.2072060e-03
   6.0484390e-03
   6.8800290e-03
   6.8690870e-03
   6.8057570e-03
   7.3934810e-03
   8.3206580e-03
   8.8818940e-03
   9.1265560e-03
   8.9279150e-03
   8.5221960e-03
   8.8004740e-03
   9.0060760e-03
   8.0108070e-03
   6.7764840e-03
   6.3865080e-03
   5.9713650e-03
   4.7573770e-03
   3.2565320e-03
   1.8167790e-03
   5.1869360e-04
  -1.8032330e-04
  -6.7835170e-04
  -2.1063790e-03
  -3.6080410e-03
  -3.9492780e-03
  -4.1560720e-03
  -5.2417870e-03
  -6.4971710e-03
  -7.1665350e-03
  -7.7528170e-03
  -8.2869810e-03
  -8.4603450e-03
  -8.9663200e-03
  -9.5369690e-03
  -9.4099090e-03
  -9.1967180e-03
  -9.6346920e-03
  -1.0261410e-02
  -1.0382730e-02
  -1.0501580e-02
  -1.0799360e-02
  -1.0745960e-02
  -1.0821160e-02
  -1.1119670e-02
  -1.0802070e-02
  -1.0061560e-02
  -9.8999380e-03
  -9.9517870e-03
  -9.2797990e-03
  -8.6253520e-03
  -8.3805490e-03
  -7.8616650e-03
  -7.2996870e-03
  -7.0920850e-03
  -6.7640670e-03
  -6.0826160e-03
  -5.8507970e-03
  -5.6976540e-03
  -4.7474580e-03
  -3.9920920e-03
  -3.5845940e-03
  -2.7146310e-03
  -1.4844540e-03
  -1.8074720e-04
   1.1996100e-03
   2.9294490e-03
   4.5045660e-03
   5.6648040e-03
   7.1656550e-03
   8.6182970e-03
   9.4241380e-03
   1.0284290e-02
   1.1704610e-02
   1.3059300e-02
   1.3933200e-02
   1.4855860e-02
   1.5954470e-02
   1.6918570e-02
   1.7789910e-02
   1.8483060e-02
   1.8721520e-02
   1.9069430e-02
   1.9756720e-02
   1.9515170e-02
   1.8519230e-02
   1.8190090e-02
   1.8232470e-02
   1.7420500e-02
   1.5936760e-02
   1.4886910e-02
   1.3743980e-02
   1.2125490e-02
   1.0655620e-02
   9.0153620e-03
   7.2760830e-03
   5.8460270e-03
   4.6427540e-03
   3.4267540e-03
   2.2385340e-03
   1.4386510e-03
   5.5521520e-04
  -4.6947830e-04
  -8.6322360e-04
  -1.0770000e-03
  -1.8171470e-03
  -2.3068870e-03
  -1.9379110e-03
  -1.7221090e-03
  -1.9235140e-03
  -1.4813460e-03
  -6.2595910e-04
  -1.2521900e-04
   3.6479220e-04
   1.2093940e-03
   2.1866520e-03
   3.0271510e-03
   3.7616200e-03
   4.3645960e-03
   4.8463670e-03
   5.4508810e-03
   5.7540460e-03
   5.3309860e-03
   5.1716670e-03
   5.7668720e-03
   5.6715670e-03
   4.8487300e-03
   4.8572140e-03
   5.0975170e-03
   4.4923610e-03
   3.8659460e-03
   3.6517990e-03
   3.1775500e-03
   2.7716700e-03
   2.9567780e-03
   2.8076140e-03
   2.2353520e-03
   2.2911800e-03
   2.5946600e-03
   2.2061530e-03
   1.5724270e-03
   1.3391960e-03
   9.0936830e-04
   1.9381430e-04
