  -2.1414400e-02
  -2.1597450e-02
  -2.1539850e-02
  -2.1305370e-02
  -2.0958810e-02
  -2.0507450e-02
  -1.9876910e-02
  -1.9150290e-02
  -1.8424290e-02
  -1.7554240e-02
  -1.6266030e-02
  -1.4551250e-02
  -1.2601770e-02
  -1.0300870e-02
  -7.5632980e-03
  -4.4813260e-03
  -1.2641430e-03
   1.7524520e-03
   4.2679300e-03
   6.2495610e-03
   8.0419640e-03
   9.9724130e-03
   1.1956200e-02
   1.3665740e-02
   1.4836640e-02
   1.5294980e-02
   1.5044230e-02
   1.4259160e-02
   1.3280670e-02
   1.2430390e-02
   1.1658130e-02
   1.0831750e-02
   9.8040510e-03
   8.3054410e-03
   6.2931220e-03
   3.8719710e-03
   9.9549190e-04
  -2.2497920e-03
  -5.4575180e-03
  -8.3712670e-03
  -1.0911590e-02
  -1.2839950e-02
  -1.3883890e-02
  -1.4108060e-02
  -1.3889360e-02
  -1.3567410e-02
  -1.3319950e-02
  -1.3085820e-02
  -1.2490930e-02
  -1.1170070e-02
  -9.0320790e-03
  -6.3150290e-03
  -3.4361520e-03
  -6.0123960e-04
   2.1063320e-03
   4.5468420e-03
   6.5112260e-03
   7.9857130e-03
   9.2765780e-03
   1.0626700e-02
   1.1979350e-02
   1.3102470e-02
   1.3965190e-02
   1.4524150e-02
   1.4596190e-02
   1.4185070e-02
   1.3518610e-02
   1.2721810e-02
   1.1671270e-02
   1.0280920e-02
   8.8247070e-03
   7.6267650e-03
   6.3924220e-03
   4.5707510e-03
   1.9527290e-03
  -1.2686330e-03
  -4.5969680e-03
  -7.5685110e-03
  -1.0018220e-02
  -1.1953300e-02
  -1.3497640e-02
  -1.4845010e-02
  -1.5839650e-02
  -1.6045760e-02
  -1.5446960e-02
  -1.4565880e-02
  -1.3823260e-02
  -1.3282450e-02
  -1.2554830e-02
  -1.1253590e-02
  -9.4665670e-03
  -7.5797290e-03
  -5.6822610e-03
  -3.4637470e-03
  -7.0604420e-04
   2.5777390e-03
   6.1559320e-03
   9.5375660e-03
   1.2412070e-02
   1.4905570e-02
   1.7208840e-02
   1.9146450e-02
   2.0708590e-02
   2.1963180e-02
   2.2500100e-02
   2.1952840e-02
   2.0689100e-02
   1.9115710e-02
   1.7010300e-02
   1.4048680e-02
   1.0544600e-02
   7.2530900e-03
   4.6101040e-03
   2.3893250e-03
  -1.2262430e-04
  -3.4584760e-03
  -7.4910590e-03
  -1.1594120e-02
  -1.5128250e-02
  -1.7817250e-02
  -1.9861100e-02
  -2.1537280e-02
  -2.2685080e-02
  -2.3134010e-02
  -2.2931870e-02
  -2.2131760e-02
  -2.0860130e-02
  -1.9508800e-02
  -1.8129390e-02
  -1.6026050e-02
  -1.2823450e-02
  -9.3866470e-03
  -6.4241850e-03
  -3.7291380e-03
  -6.6404800e-04
   3.1382990e-03
   7.2139020e-03
   1.0442370e-02
   1.1957800e-02
   1.1890930e-02
   1.1144500e-02
   1.0319470e-02
   9.1292460e-03
   7.2266230e-03
   4.8307670e-03
   2.5582810e-03
   7.1274910e-04
  -7.4956120e-04
  -1.8938530e-03
  -2.6909660e-03
  -2.9465440e-03
  -2.5901740e-03
  -2.1535820e-03
  -2.5919600e-03
  -4.0084360e-03
  -5.4503020e-03
  -6.4158750e-03
  -7.3780090e-03
  -8.7740870e-03
  -1.0275580e-02
  -1.1406780e-02
  -1.2075260e-02
  -1.2003770e-02
  -1.0853360e-02
  -9.0419610e-03
  -7.4125630e-03
  -6.2163290e-03
  -4.8933880e-03
  -2.9736030e-03
  -7.2931610e-04
   1.4840170e-03
   4.0041200e-03
   7.3375010e-03
   1.1308470e-02
   1.5153440e-02
   1.8188050e-02
   2.0217820e-02
   2.1734990e-02
   2.3214850e-02
   2.4595560e-02
   2.5717180e-02
   2.6500410e-02
   2.6770600e-02
   2.6306860e-02
   2.5222330e-02
   2.4144300e-02
   2.3422020e-02
   2.2688700e-02
   2.1589960e-02
   1.9897860e-02
   1.7318610e-02
   1.3967800e-02
   1.0202130e-02
   6.0783980e-03
   1.6129070e-03
  -2.7487320e-03
  -6.2927690e-03
  -8.7133100e-03
  -1.0609610e-02
  -1.2481310e-02
  -1.4058930e-02
  -1.4804040e-02
  -1.4375910e-02
  -1.3217760e-02
  -1.2065500e-02
  -1.0705830e-02
  -8.5160640e-03
  -5.8410440e-03
  -3.5531160e-03
  -1.8300160e-03
  -3.5628230e-04
   9.9270440e-04
   1.9228040e-03
   2.1940470e-03
   2.1551160e-03
   2.3974380e-03
   3.0438900e-03
   3.7135370e-03
   4.1056920e-03
   4.3195990e-03
   4.3963370e-03
   3.9021820e-03
   2.7195720e-03
   1.4183850e-03
   5.5692280e-04
  -9.1385910e-05
  -1.1784740e-03
  -3.1565350e-03
  -5.8725590e-03
  -8.9499960e-03
  -1.2343110e-02
  -1.5880010e-02
  -1.9195530e-02
  -2.1808870e-02
  -2.3395230e-02
  -2.4035400e-02
  -2.3812020e-02
  -2.2466300e-02
  -1.9795250e-02
  -1.6524440e-02
  -1.3976960e-02
  -1.2676070e-02
  -1.1464140e-02
  -9.2636820e-03
  -6.9911350e-03
  -6.1514350e-03
  -6.4750890e-03
  -6.3340190e-03
  -5.1386370e-03
  -3.9978710e-03
  -3.9026660e-03
  -4.4818570e-03
  -4.6498200e-03
  -3.8715730e-03
  -2.4738780e-03
  -1.1591720e-03
  -4.1228060e-04
  -2.0963690e-04
  -3.1014240e-04
  -3.7525590e-04
  -3.4235760e-04
  -3.0136110e-04
  -2.8161230e-04
  -4.8463780e-04
  -1.3091570e-03
  -2.8402320e-03
  -4.6762160e-03
  -6.5592680e-03
  -8.3252420e-03
  -9.7617120e-03
  -1.0694050e-02
  -1.0969310e-02
  -1.0610190e-02
  -9.6666900e-03
  -8.2223190e-03
  -6.4912690e-03
  -4.8157560e-03
  -3.3888610e-03
  -2.0793600e-03
  -5.6499380e-04
   1.2184480e-03
   3.0528850e-03
   5.0145270e-03
   7.4455150e-03
   1.0522250e-02
   1.4047010e-02
   1.7485060e-02
   2.0107660e-02
   2.1541910e-02
   2.2341580e-02
   2.3415030e-02
   2.4800660e-02
   2.5884230e-02
   2.6460160e-02
   2.6582080e-02
   2.6026020e-02
   2.4608070e-02
   2.2696260e-02
   2.0538840e-02
   1.7742450e-02
   1.3926480e-02
   9.3478290e-03
   4.5477480e-03
  -4.5498460e-04
  -5.9567770e-03
  -1.2008510e-02
  -1.8385940e-02
  -2.4749410e-02
  -3.0334370e-02
  -3.4380570e-02
  -3.6848140e-02
  -3.8261840e-02
  -3.9330370e-02
  -4.0241170e-02
  -4.0278360e-02
  -3.8696820e-02
  -3.6156640e-02
  -3.4146130e-02
  -3.2410520e-02
  -2.8912600e-02
  -2.3077060e-02
  -1.7140960e-02
  -1.3430230e-02
  -1.1329350e-02
  -8.2392180e-03
  -2.9679520e-03
   3.0781510e-03
   7.8308980e-03
   1.0784590e-02
   1.2625310e-02
   1.4075230e-02
   1.5352390e-02
   1.6389870e-02
   1.7407370e-02
   1.9000720e-02
   2.1157650e-02
   2.2812280e-02
   2.2981540e-02
   2.1937600e-02
   2.0384260e-02
   1.8433670e-02
   1.5928060e-02
   1.3146020e-02
   1.0571290e-02
   8.0529500e-03
   4.5911120e-03
  -5.5287600e-04
  -7.1767330e-03
  -1.4601390e-02
  -2.2000210e-02
  -2.8246800e-02
  -3.2882080e-02
  -3.6705090e-02
  -4.0212550e-02
  -4.2225420e-02
  -4.1379600e-02
  -3.8268460e-02
  -3.5348410e-02
  -3.4456220e-02
  -3.4579510e-02
  -3.2828580e-02
  -2.7741450e-02
  -2.1378930e-02
  -1.7303730e-02
  -1.6099910e-02
  -1.4399430e-02
  -9.1047180e-03
  -9.2007670e-04
   7.1356950e-03
   1.3309400e-02
   1.8504090e-02
   2.3987970e-02
   2.9214720e-02
   3.3039650e-02
   3.5962540e-02
   3.9004510e-02
   4.1756700e-02
   4.3411630e-02
   4.3975750e-02
   4.4035540e-02
   4.3915960e-02
   4.3220720e-02
   4.1473270e-02
   3.8701160e-02
   3.5153940e-02
   3.0868780e-02
   2.5366260e-02
   1.8200490e-02
   9.9189130e-03
   1.5643080e-03
  -6.4869690e-03
  -1.4229190e-02
  -2.0757610e-02
  -2.4590060e-02
  -2.5476300e-02
  -2.4944480e-02
  -2.4323090e-02
  -2.3312510e-02
  -2.1325880e-02
  -1.8875910e-02
  -1.7597320e-02
  -1.8648730e-02
  -2.0726970e-02
  -2.0984250e-02
  -1.8909570e-02
  -1.7085170e-02
  -1.7434150e-02
  -1.9019260e-02
  -1.9932850e-02
  -1.9260120e-02
  -1.6865160e-02
  -1.2666570e-02
  -7.6609000e-03
  -3.6868720e-03
  -1.0374800e-03
   1.5200260e-03
   4.3722080e-03
   6.8584250e-03
   8.9687280e-03
   1.1248850e-02
   1.3534990e-02
   1.5655710e-02
   1.8632720e-02
   2.3278600e-02
   2.8118850e-02
   3.0547110e-02
   2.9453830e-02
   2.6044610e-02
   2.2395200e-02
   1.9563000e-02
   1.7229990e-02
   1.4324450e-02
   1.0119490e-02
   5.1215890e-03
   7.5523340e-04
  -1.6441730e-03
  -2.2099400e-03
  -2.2118710e-03
  -2.0881360e-03
  -1.3042530e-03
  -2.3585370e-04
   3.8662450e-04
   1.0877770e-03
   2.5073120e-03
   4.2173240e-03
   5.5368960e-03
   6.1159910e-03
   5.6853250e-03
   4.2199200e-03
   2.6572200e-03
   2.2033000e-03
   2.7820430e-03
   3.1499650e-03
   3.0086620e-03
   3.1798000e-03
   3.6439750e-03
   2.9777300e-03
   1.9879140e-04
  -3.9867380e-03
  -8.2452130e-03
  -1.2209080e-02
  -1.6211020e-02
  -1.9954330e-02
  -2.2573360e-02
  -2.4198620e-02
  -2.6211520e-02
  -2.9393810e-02
  -3.3071510e-02
  -3.6411580e-02
  -3.9547420e-02
  -4.2608720e-02
  -4.4782760e-02
  -4.5517400e-02
  -4.5884490e-02
  -4.7228530e-02
  -4.9061260e-02
  -4.9826360e-02
  -4.8992500e-02
  -4.7241390e-02
  -4.5427770e-02
  -4.4187200e-02
  -4.3181010e-02
  -4.1045190e-02
  -3.7657590e-02
  -3.4557450e-02
  -3.2306970e-02
  -2.9908180e-02
  -2.6757510e-02
  -2.3184020e-02
  -1.9503290e-02
  -1.5693920e-02
  -1.1266520e-02
  -5.4319890e-03
   1.6202890e-03
   8.2855080e-03
   1.3250450e-02
   1.6769160e-02
   1.9399940e-02
   2.0590020e-02
   1.9962970e-02
   1.8601870e-02
   1.7563270e-02
   1.6750430e-02
   1.5858970e-02
   1.5809840e-02
   1.7617930e-02
   2.0285390e-02
   2.1509020e-02
   2.0319140e-02
   1.7734920e-02
   1.5511230e-02
   1.4916320e-02
   1.5715120e-02
   1.6322330e-02
   1.5515980e-02
   1.3838130e-02
   1.2797810e-02
   1.2586290e-02
   1.2371190e-02
   1.2258310e-02
   1.2959330e-02
   1.4140980e-02
   1.4888280e-02
   1.5557680e-02
   1.7042670e-02
   1.8840700e-02
   1.9564550e-02
   1.9078890e-02
   1.8103000e-02
   1.6652880e-02
   1.4763770e-02
   1.3235190e-02
   1.2683550e-02
   1.2884050e-02
   1.3603860e-02
   1.5013910e-02
   1.6921710e-02
   1.8610990e-02
   1.9216690e-02
   1.8280200e-02
   1.6123910e-02
   1.3387360e-02
   1.0394670e-02
   7.2802190e-03
   4.9548990e-03
   5.0733720e-03
   8.1027500e-03
   1.2021100e-02
   1.3870870e-02
   1.2143970e-02
   7.6637070e-03
   2.6933720e-03
  -6.8798670e-04
  -1.9369990e-03
  -1.7894430e-03
  -1.0872740e-03
  -3.4244050e-04
   3.8308030e-04
   1.5379240e-03
   3.3607560e-03
   5.3027130e-03
   6.5890970e-03
   6.9567580e-03
   6.7926500e-03
   6.8561860e-03
   7.5811580e-03
   8.5852070e-03
   9.0776170e-03
   8.8361480e-03
   8.1405360e-03
   6.8231040e-03
   4.2875880e-03
   7.1649650e-04
  -2.7131050e-03
  -5.1758380e-03
  -6.8795760e-03
  -7.9970400e-03
  -8.1318410e-03
  -7.5495390e-03
  -7.5920940e-03
  -9.6236200e-03
  -1.3361680e-02
  -1.6981250e-02
  -1.9138270e-02
  -2.0139210e-02
  -2.1135600e-02
  -2.2751890e-02
  -2.4876460e-02
  -2.6871450e-02
  -2.7716360e-02
  -2.6990700e-02
  -2.5865850e-02
  -2.6368510e-02
  -2.9329880e-02
  -3.3395630e-02
  -3.6434760e-02
  -3.7194610e-02
  -3.5361520e-02
  -3.1446750e-02
  -2.6629880e-02
  -2.1807410e-02
  -1.7121760e-02
  -1.2579180e-02
  -8.5073260e-03
  -4.7232960e-03
  -7.7319560e-04
   2.9286830e-03
   5.8972930e-03
   8.7743460e-03
   1.2551720e-02
   1.7030130e-02
   2.1105380e-02
   2.4108150e-02
   2.5907820e-02
   2.6349830e-02
   2.5641250e-02
   2.4533900e-02
   2.3851180e-02
   2.4177720e-02
   2.5512000e-02
   2.7161120e-02
   2.8432760e-02
   2.9204760e-02
   2.9696510e-02
   3.0038330e-02
   3.0427570e-02
   3.0974140e-02
   3.1117460e-02
   2.9701780e-02
   2.6478860e-02
   2.2392730e-02
   1.8315770e-02
   1.4349350e-02
   1.0465330e-02
   7.1060950e-03
   4.8173310e-03
   3.9448390e-03
   4.4145680e-03
   5.8766770e-03
   7.7772260e-03
   9.4481270e-03
   1.0470010e-02
   1.0969980e-02
   1.1394040e-02
   1.1958570e-02
   1.2209620e-02
   1.1340630e-02
   9.0049480e-03
   5.8002450e-03
   2.3600370e-03
  -1.3795260e-03
  -5.5843730e-03
  -9.7442310e-03
  -1.2631490e-02
  -1.3282740e-02
  -1.1660570e-02
  -8.2725780e-03
  -3.8516000e-03
   7.0741980e-04
   4.7617830e-03
   8.3471830e-03
   1.1672710e-02
   1.4959450e-02
   1.8730340e-02
   2.3364440e-02
   2.8515240e-02
   3.3271410e-02
   3.6645640e-02
   3.8018950e-02
   3.7379380e-02
   3.5291660e-02
   3.2503180e-02
   2.9548520e-02
   2.6500670e-02
   2.3025760e-02
   1.9249740e-02
   1.6121890e-02
   1.4381010e-02
   1.3518220e-02
   1.2182530e-02
   9.7763320e-03
   6.6036310e-03
   3.0612990e-03
  -2.2722910e-04
  -2.6656800e-03
  -4.4186340e-03
  -6.0952180e-03
  -7.9531840e-03
  -1.0020110e-02
  -1.2729290e-02
  -1.6337180e-02
  -2.0229950e-02
  -2.3350290e-02
  -2.5183070e-02
  -2.6217810e-02
  -2.7019100e-02
  -2.7607280e-02
  -2.7877350e-02
  -2.7950250e-02
  -2.7747640e-02
  -2.6932140e-02
  -2.5782270e-02
  -2.4986070e-02
  -2.5110180e-02
  -2.6089630e-02
  -2.7183370e-02
  -2.7477950e-02
  -2.6870800e-02
  -2.6495880e-02
  -2.7475090e-02
  -2.9399180e-02
  -3.1041020e-02
  -3.2188540e-02
  -3.3405720e-02
  -3.4824630e-02
  -3.5761330e-02
  -3.5332180e-02
  -3.3039480e-02
  -2.8845830e-02
  -2.3035540e-02
  -1.6413420e-02
  -1.0350330e-02
  -5.7891940e-03
  -2.8297720e-03
  -1.1972040e-03
  -4.3747750e-04
  -2.2934360e-04
  -7.1510070e-04
  -2.0437880e-03
  -3.8649950e-03
  -5.8494220e-03
  -8.2651540e-03
  -1.1262510e-02
  -1.4422420e-02
  -1.7169310e-02
  -1.9211050e-02
  -2.0552740e-02
  -2.1007420e-02
  -2.0207310e-02
  -1.8025380e-02
  -1.4989520e-02
  -1.2120370e-02
  -1.0128440e-02
  -9.1670100e-03
  -9.1490810e-03
  -9.6001470e-03
  -9.7831020e-03
  -9.4100450e-03
  -8.8206070e-03
  -8.4477350e-03
  -8.1431420e-03
  -7.5268390e-03
  -6.2674740e-03
  -3.8670200e-03
   1.0382460e-05
   4.5289020e-03
   7.6701280e-03
   8.1928130e-03
   6.6080640e-03
   4.7088380e-03
   4.6604560e-03
   7.6028560e-03
   1.2527200e-02
   1.6727660e-02
   1.8781430e-02
   1.9453140e-02
   1.9328890e-02
   1.7720330e-02
   1.4709470e-02
   1.2003220e-02
   1.0825410e-02
   1.1067370e-02
   1.2390060e-02
   1.4328060e-02
   1.6129280e-02
   1.7403990e-02
   1.8430940e-02
   1.9482340e-02
   2.0062520e-02
   1.9209530e-02
   1.6585950e-02
   1.2558580e-02
   8.2148130e-03
   4.7534350e-03
   2.1660480e-03
  -7.0651790e-04
  -4.6135550e-03
  -9.2153680e-03
  -1.4108480e-02
  -1.9220210e-02
  -2.4416120e-02
  -2.9148380e-02
  -3.2109830e-02
  -3.1881860e-02
  -2.8079120e-02
  -2.2156690e-02
  -1.6430410e-02
  -1.2262060e-02
  -1.0029390e-02
  -9.8152890e-03
  -1.0929290e-02
  -1.1579430e-02
  -1.0554190e-02
  -8.1580920e-03
  -5.0553030e-03
  -1.5052540e-03
   2.2113820e-03
   5.8943490e-03
   9.3020940e-03
   1.2253430e-02
   1.5017250e-02
   1.7849410e-02
   2.0158550e-02
   2.1323870e-02
   2.2064830e-02
   2.3170680e-02
   2.3902410e-02
   2.3298920e-02
   2.1833460e-02
   2.0552460e-02
   1.9136270e-02
   1.6645220e-02
   1.3676410e-02
   1.1434700e-02
   9.7814020e-03
   7.9301390e-03
   6.0057420e-03
   4.5183430e-03
   3.4593500e-03
   2.4105420e-03
   9.9364850e-04
  -1.2722620e-03
  -4.8780020e-03
  -9.9119040e-03
  -1.6094130e-02
  -2.2975350e-02
  -2.9979100e-02
  -3.6186860e-02
  -4.0585070e-02
  -4.2963770e-02
  -4.4668160e-02
  -4.7594520e-02
  -5.1870040e-02
  -5.5502860e-02
  -5.6851310e-02
  -5.6201660e-02
  -5.4392520e-02
  -5.1209020e-02
  -4.5633040e-02
  -3.7894960e-02
  -2.9719540e-02
  -2.2265000e-02
  -1.5363290e-02
  -8.6460540e-03
  -2.2314170e-03
   4.0045530e-03
   1.0557890e-02
   1.7771860e-02
   2.5852150e-02
   3.5069290e-02
   4.5321760e-02
   5.5663550e-02
   6.4787930e-02
   7.1861850e-02
   7.6934840e-02
   8.0396800e-02
   8.2394810e-02
   8.3200930e-02
   8.3181140e-02
   8.2604580e-02
   8.1191910e-02
   7.8122880e-02
   7.3084980e-02
   6.7065040e-02
   6.1434510e-02
   5.6411660e-02
   5.1160160e-02
   4.5025410e-02
   3.7865210e-02
   2.9944520e-02
   2.2039930e-02
   1.4922160e-02
   8.6146030e-03
   3.0061730e-03
  -1.1816010e-03
  -3.6004890e-03
  -6.2816110e-03
  -1.1126800e-02
  -1.6873560e-02
  -2.0998260e-02
  -2.2968720e-02
  -2.3954950e-02
  -2.4800130e-02
  -2.5817450e-02
  -2.6693780e-02
  -2.5818240e-02
  -2.2217150e-02
  -1.7868980e-02
  -1.5355710e-02
  -1.4234870e-02
  -1.3013600e-02
  -1.2888190e-02
  -1.5293460e-02
  -1.7828470e-02
  -1.8027110e-02
  -1.8434560e-02
  -2.1678370e-02
  -2.4742230e-02
  -2.4569120e-02
  -2.3660000e-02
  -2.4620420e-02
  -2.5765380e-02
  -2.5560660e-02
  -2.5167480e-02
  -2.4682440e-02
  -2.2266010e-02
  -1.7783850e-02
  -1.3199500e-02
  -9.4840310e-03
  -6.3826320e-03
  -4.9618440e-03
  -7.3260070e-03
  -1.3020840e-02
  -1.7626380e-02
  -1.6544990e-02
  -1.0594180e-02
  -5.4896340e-03
  -4.1138260e-03
  -3.2252040e-03
   6.6626330e-04
   6.6447280e-03
   1.1813900e-02
   1.5288750e-02
   1.8720070e-02
   2.4050300e-02
   3.1098760e-02
   3.7575220e-02
   4.1601580e-02
   4.3235040e-02
   4.3857680e-02
   4.5146670e-02
   4.7591150e-02
   4.9391420e-02
   4.8959620e-02
   4.8965920e-02
   5.3973150e-02
   6.3586160e-02
   7.2098990e-02
   7.5937910e-02
   7.6779490e-02
   7.6816620e-02
   7.5728980e-02
   7.3608220e-02
   7.1911050e-02
   7.0411290e-02
   6.7712910e-02
   6.4159960e-02
   6.1070910e-02
   5.7839200e-02
   5.2848390e-02
   4.5865750e-02
   3.7781640e-02
   2.9617150e-02
   2.2110840e-02
   1.4886710e-02
   7.1731230e-03
  -8.5304590e-05
  -5.1580770e-03
  -8.6500870e-03
  -1.2476570e-02
  -1.5972110e-02
  -1.6763610e-02
  -1.5296370e-02
  -1.4767990e-02
  -1.6710970e-02
  -1.9181130e-02
  -1.9585660e-02
  -1.7718550e-02
  -1.5321070e-02
  -1.4139010e-02
  -1.4337850e-02
  -1.3905990e-02
  -1.1268330e-02
  -8.6221910e-03
  -9.0377000e-03
  -1.0909450e-02
  -1.0042670e-02
  -5.9544070e-03
  -2.4039860e-03
  -2.2544310e-03
  -4.5499620e-03
  -6.8810720e-03
  -8.3666520e-03
  -9.0387050e-03
  -7.7635910e-03
  -3.2432340e-03
   3.0700050e-03
   8.2572930e-03
   1.1640470e-02
   1.4143580e-02
   1.5409590e-02
   1.3759340e-02
   8.6511460e-03
   2.1004830e-03
  -3.1841030e-03
  -6.6226050e-03
  -9.2883400e-03
  -1.0766750e-02
  -9.8538460e-03
  -7.8577100e-03
  -6.7027250e-03
  -5.0748680e-03
  -6.6263190e-04
   4.6223050e-03
   5.7724100e-03
   1.3393230e-03
  -4.8574310e-03
  -8.6075680e-03
  -8.9102980e-03
  -7.4944170e-03
  -6.7551340e-03
  -7.7711150e-03
  -9.2832810e-03
  -9.2826290e-03
  -7.6626390e-03
  -6.2650740e-03
  -6.0499920e-03
  -6.0968450e-03
  -5.2764300e-03
  -3.3978800e-03
  -9.9672440e-04
   9.9273390e-04
   1.5061550e-03
   9.4765890e-05
  -2.2409450e-03
  -3.6536060e-03
  -3.1516610e-03
  -1.8495010e-03
  -2.0932270e-03
  -4.5639440e-03
  -7.3872450e-03
  -8.7015740e-03
  -8.8434040e-03
  -9.6054950e-03
  -1.2395100e-02
  -1.6943150e-02
  -2.1264210e-02
  -2.3648380e-02
  -2.4147530e-02
  -2.3710580e-02
  -2.3295760e-02
  -2.3332580e-02
  -2.3171970e-02
  -2.1723990e-02
  -1.9147200e-02
  -1.6687730e-02
  -1.4579250e-02
  -1.1780060e-02
  -8.0911690e-03
  -4.7991010e-03
  -3.1813890e-03
  -3.0986840e-03
  -2.9985440e-03
  -1.8981670e-03
  -4.1256330e-04
   1.1386820e-03
   3.8117540e-03
   8.0293070e-03
   1.2071800e-02
   1.4035610e-02
   1.4337020e-02
   1.5069380e-02
   1.7419660e-02
   2.0990300e-02
   2.5846290e-02
   3.2892850e-02
   4.2073010e-02
   5.1920530e-02
   6.0577720e-02
   6.6238900e-02
   6.7330760e-02
   6.3654170e-02
   5.6909310e-02
   4.9860340e-02
   4.4401660e-02
   4.0773240e-02
   3.7752270e-02
   3.3381130e-02
   2.6976930e-02
   2.0775780e-02
   1.7591210e-02
   1.7211270e-02
   1.7151080e-02
   1.5941930e-02
   1.3932870e-02
   1.1915650e-02
   1.0424990e-02
   9.6372470e-03
   9.0270580e-03
   7.7304570e-03
   5.4351510e-03
   2.0476510e-03
  -2.1849480e-03
  -6.0932090e-03
  -8.1788160e-03
  -7.9807550e-03
  -6.5736390e-03
  -5.1450500e-03
  -3.2949090e-03
  -1.1800690e-05
   3.8197510e-03
   5.8501950e-03
   5.4124990e-03
   4.4544870e-03
   4.6484900e-03
   5.4319350e-03
   5.5465490e-03
   4.9809420e-03
   4.5227090e-03
   4.8782590e-03
   6.3737050e-03
   8.8733460e-03
   1.1727170e-02
   1.4191680e-02
   1.6143300e-02
   1.7691680e-02
   1.8433600e-02
   1.7605600e-02
   1.5098930e-02
   1.1982950e-02
   9.6796640e-03
   8.4418910e-03
   7.2421300e-03
   5.1111980e-03
   1.9977780e-03
  -1.6818610e-03
  -5.1795370e-03
  -8.0883920e-03
  -1.0722270e-02
  -1.3518410e-02
  -1.6421210e-02
  -1.8679350e-02
  -1.9687270e-02
  -1.9234870e-02
  -1.7514360e-02
  -1.5374270e-02
  -1.3864420e-02
  -1.3426180e-02
  -1.4095250e-02
  -1.5854090e-02
  -1.7871890e-02
  -1.8615070e-02
  -1.7701220e-02
  -1.6328160e-02
  -1.5397360e-02
  -1.4605640e-02
  -1.3427420e-02
  -1.2050360e-02
  -1.0868050e-02
  -9.5219860e-03
  -7.4022080e-03
  -4.5315160e-03
  -1.5275300e-03
   1.4339350e-03
   4.5738000e-03
   7.7954520e-03
   1.0910680e-02
   1.4042980e-02
   1.7541450e-02
   2.1729000e-02
   2.6589000e-02
   3.1643300e-02
   3.6188410e-02
   3.9912430e-02
   4.3208290e-02
   4.6473170e-02
   4.9229250e-02
   5.0408450e-02
   4.9544720e-02
   4.7253550e-02
   4.4226410e-02
   4.0455230e-02
   3.5270070e-02
   2.8479680e-02
   2.0942790e-02
   1.3577080e-02
   6.3529130e-03
  -9.3761910e-04
  -7.7317950e-03
  -1.2935640e-02
  -1.5885900e-02
  -1.6608350e-02
  -1.5584140e-02
  -1.3714050e-02
  -1.1988240e-02
  -1.0580960e-02
  -9.0984750e-03
  -7.8826160e-03
  -8.2281640e-03
  -1.0951200e-02
  -1.5107210e-02
  -1.8472300e-02
  -1.9587470e-02
  -1.9126270e-02
  -1.9072640e-02
  -2.0507830e-02
  -2.2907910e-02
  -2.5535720e-02
  -2.8009620e-02
  -3.0017630e-02
  -3.1786820e-02
  -3.4068530e-02
  -3.6840720e-02
  -3.9023690e-02
  -3.9168370e-02
  -3.6572850e-02
  -3.2398110e-02
  -2.9163380e-02
  -2.7920130e-02
  -2.7172380e-02
  -2.5206590e-02
  -2.1860380e-02
  -1.7284730e-02
  -1.1130130e-02
  -3.7401860e-03
   3.8981450e-03
   1.1693450e-02
   2.0353540e-02
   2.9674010e-02
   3.8402590e-02
   4.5694770e-02
   5.1357630e-02
   5.5416980e-02
   5.8319330e-02
   6.0752190e-02
   6.3023940e-02
   6.4757880e-02
   6.5225890e-02
   6.3825870e-02
   6.0110480e-02
   5.4229540e-02
   4.6975750e-02
   3.9175700e-02
   3.1301180e-02
   2.3546970e-02
   1.5759930e-02
   7.3118280e-03
  -2.4398020e-03
  -1.3549980e-02
  -2.5506670e-02
  -3.7573010e-02
  -4.8958850e-02
  -5.9212110e-02
  -6.8161260e-02
  -7.5323340e-02
  -8.0221700e-02
  -8.3432270e-02
  -8.5704920e-02
  -8.6261270e-02
  -8.3286760e-02
  -7.6292310e-02
  -6.6824820e-02
  -5.6603690e-02
  -4.6994650e-02
  -3.9770270e-02
  -3.5635430e-02
  -3.2330190e-02
  -2.6578740e-02
  -1.8370770e-02
  -1.1469260e-02
  -9.4459850e-03
  -1.1743720e-02
  -1.4201480e-02
  -1.4171080e-02
  -1.3549560e-02
  -1.4277230e-02
  -1.4081530e-02
  -1.0599010e-02
  -6.1558520e-03
  -4.0358010e-03
  -3.5991940e-03
  -2.4607010e-03
  -7.8574830e-04
  -3.2287880e-04
  -8.3387650e-04
  -1.8568070e-04
   2.6388910e-03
   6.1890280e-03
   8.2398510e-03
   8.0327460e-03
   6.7462640e-03
   5.7217200e-03
   4.9776590e-03
   3.7959190e-03
   2.3359890e-03
   1.7642260e-03
   3.4511130e-03
   8.2669850e-03
   1.5005810e-02
   2.1056630e-02
   2.5845120e-02
   3.1038260e-02
   3.6417550e-02
   3.9302860e-02
   3.9799130e-02
   4.1800910e-02
   4.5926420e-02
   4.7134650e-02
   4.2734920e-02
   3.6359440e-02
   3.1484200e-02
   2.7367110e-02
   2.3170070e-02
   2.0070690e-02
   1.8322470e-02
   1.7519970e-02
   1.8393720e-02
   2.0477120e-02
   2.0905850e-02
   1.8461940e-02
   1.5230860e-02
   1.2927370e-02
   1.1453080e-02
   1.1526240e-02
   1.3620990e-02
   1.5028000e-02
   1.3178640e-02
   1.0170030e-02
   8.9830150e-03
   8.2864970e-03
   5.0096690e-03
  -6.4824030e-04
  -6.3554900e-03
  -1.0707820e-02
  -1.3014570e-02
  -1.3046320e-02
  -1.1804010e-02
  -1.0422430e-02
  -8.8258040e-03
  -7.2364950e-03
  -6.9310630e-03
  -7.1877880e-03
  -5.2291300e-03
  -1.1416130e-03
   1.5939550e-03
   1.6820060e-03
   2.0798430e-03
   5.3793320e-03
   1.0236680e-02
   1.3227520e-02
   1.2640680e-02
   1.0205510e-02
   1.0580770e-02
   1.7464060e-02
   2.8242320e-02
   3.5525020e-02
   3.6571120e-02
   3.6332530e-02
   3.8711440e-02
   4.1266750e-02
   4.1818120e-02
   4.2909820e-02
   4.5850340e-02
   4.7260210e-02
   4.5165660e-02
   4.2455780e-02
   4.1254550e-02
   3.9663760e-02
   3.5806390e-02
   3.0443320e-02
   2.5002800e-02
   1.9671330e-02
   1.4114490e-02
   8.6490470e-03
   4.2739310e-03
   1.3602050e-03
  -8.7673120e-04
  -2.7431890e-03
  -3.3653530e-03
  -2.4556940e-03
  -1.6933680e-03
  -3.2052140e-03
  -6.6676590e-03
  -9.3566510e-03
  -1.0413290e-02
  -1.2588600e-02
  -1.7919710e-02
  -2.4222900e-02
  -2.7874250e-02
  -2.7633810e-02
  -2.5034420e-02
  -2.3289930e-02
  -2.4457020e-02
  -2.7094430e-02
  -2.8435130e-02
  -2.7993100e-02
  -2.6820720e-02
  -2.4546460e-02
  -1.9974530e-02
  -1.3904480e-02
  -8.2191280e-03
  -3.1599790e-03
   2.1830590e-03
   7.7344300e-03
   1.3453630e-02
   2.1004160e-02
   3.1102540e-02
   4.1508890e-02
   4.9993690e-02
   5.6792430e-02
   6.2374980e-02
   6.6185110e-02
   6.8750760e-02
   7.1814780e-02
   7.5541690e-02
   7.8757800e-02
   8.1428230e-02
   8.3624370e-02
   8.3526700e-02
   7.9220470e-02
   7.1456780e-02
   6.2334540e-02
   5.2612020e-02
   4.1890030e-02
   3.0022330e-02
   1.7549000e-02
   5.2914640e-03
  -6.0594340e-03
  -1.5796000e-02
  -2.3153700e-02
  -2.7914500e-02
  -3.0897070e-02
  -3.3186800e-02
  -3.5583370e-02
  -3.8410110e-02
  -4.1036300e-02
  -4.1508490e-02
  -3.7128560e-02
  -2.6147460e-02
  -9.4899900e-03
   8.8357450e-03
   2.3616390e-02
   3.1815330e-02
   3.3860020e-02
   3.2129100e-02
   2.9370460e-02
   2.8500780e-02
   3.1328260e-02
   3.6071130e-02
   3.8177330e-02
   3.4733110e-02
   2.7824180e-02
   2.1420770e-02
   1.6701240e-02
   1.2078580e-02
   5.4544970e-03
  -3.7630330e-03
  -1.3424950e-02
  -2.0428610e-02
  -2.5187050e-02
  -3.1785320e-02
  -4.1409710e-02
  -4.9687410e-02
  -5.3602200e-02
  -5.5998140e-02
  -6.0559510e-02
  -6.6235850e-02
  -6.9909410e-02
  -7.0878410e-02
  -6.9808160e-02
  -6.5689430e-02
  -5.6609410e-02
  -4.3329520e-02
  -2.9511240e-02
  -1.7015950e-02
  -3.3701000e-03
   1.3436260e-02
   3.0009020e-02
   4.0857600e-02
   4.5273660e-02
   4.6995130e-02
   4.7748420e-02
   4.4935980e-02
   3.6138450e-02
   2.2868170e-02
   9.5292480e-03
   5.4664920e-05
  -5.3425290e-03
  -9.8632760e-03
  -1.5423680e-02
  -2.0058360e-02
  -2.1195350e-02
  -1.9245400e-02
  -1.6380430e-02
  -1.3663680e-02
  -1.2318130e-02
  -1.4568730e-02
  -1.8892850e-02
  -1.8428300e-02
  -9.8906870e-03
   2.0368510e-04
   4.4366090e-03
   4.4726790e-03
   5.8245710e-03
   8.2575910e-03
   7.9826210e-03
   4.8780680e-03
   1.7750140e-03
  -8.6197390e-04
  -4.4179230e-03
  -8.3143230e-03
  -1.0707220e-02
  -1.1525750e-02
  -1.2474180e-02
  -1.5027770e-02
  -1.9955610e-02
  -2.6621340e-02
  -3.1857290e-02
  -3.3315120e-02
  -3.4134330e-02
  -3.8953120e-02
  -4.5692700e-02
  -4.7340270e-02
  -4.2981620e-02
  -3.9006560e-02
  -3.7345780e-02
  -3.3673870e-02
  -2.6413870e-02
  -1.6205970e-02
  -2.1823860e-03
   1.2890260e-02
   2.3334330e-02
   2.9617720e-02
   3.6826880e-02
   4.4649370e-02
   4.8838950e-02
   5.0697310e-02
   5.5426480e-02
   6.3059700e-02
   6.8951910e-02
   7.1368050e-02
   7.2431070e-02
   7.3029350e-02
   7.1272690e-02
   6.5629630e-02
   5.7364810e-02
   4.9178460e-02
   4.2122710e-02
   3.4497830e-02
   2.4263360e-02
   1.2149950e-02
   1.5253920e-03
  -5.0622090e-03
  -8.2513010e-03
  -1.0356430e-02
  -1.3060230e-02
  -1.6999140e-02
  -2.1595710e-02
  -2.4584290e-02
  -2.4633950e-02
  -2.3760580e-02
  -2.3701840e-02
  -2.2264490e-02
  -1.6633610e-02
  -7.7874340e-03
   1.8374700e-03
   1.2229550e-02
   2.3659580e-02
   3.3513000e-02
   3.8996980e-02
   4.0548430e-02
   4.0780050e-02
   4.1959530e-02
   4.4355600e-02
   4.5965590e-02
   4.3987910e-02
   3.7376780e-02
   2.7926520e-02
   1.8156950e-02
   8.5989720e-03
  -1.2427380e-03
  -1.0613210e-02
  -1.8171780e-02
  -2.3648710e-02
  -2.7272170e-02
  -2.9041010e-02
  -3.0098920e-02
  -3.2075020e-02
  -3.4549920e-02
  -3.5787210e-02
  -3.5365660e-02
  -3.3493520e-02
  -2.9625700e-02
  -2.3873440e-02
  -1.8078670e-02
  -1.4010350e-02
  -1.1352130e-02
  -8.6593880e-03
  -5.3812660e-03
  -1.7606910e-03
   2.8792490e-03
   1.0312620e-02
   2.0828020e-02
   3.2045050e-02
   4.0945330e-02
   4.6174800e-02
   4.8431970e-02
   4.9963990e-02
   5.2842380e-02
   5.7522340e-02
   6.3263360e-02
   6.8534520e-02
   7.1862610e-02
   7.3188310e-02
   7.0998900e-02
   6.0697420e-02
   4.2213670e-02
   2.3102910e-02
   8.2041650e-03
  -5.6776880e-03
  -2.0213680e-02
  -3.0367580e-02
  -3.2736650e-02
  -3.1379540e-02
  -3.2032640e-02
  -3.6385850e-02
  -4.5048870e-02
  -5.9680790e-02
  -7.7713900e-02
  -9.1128370e-02
  -9.5337060e-02
  -9.3786980e-02
  -9.1949890e-02
  -9.3027370e-02
  -9.7972490e-02
  -1.0260750e-01
  -9.7663340e-02
  -7.8759890e-02
  -5.3636000e-02
  -3.4578690e-02
  -2.7075130e-02
  -2.7141010e-02
  -2.5140930e-02
  -1.3473040e-02
   4.8218140e-03
   1.8586850e-02
   2.2080260e-02
   2.0671100e-02
   2.1673290e-02
   2.5206540e-02
   2.6184470e-02
   2.1996420e-02
   1.4168390e-02
   3.7040110e-03
  -9.4687090e-03
  -2.2016400e-02
  -2.8510260e-02
  -2.7259840e-02
  -2.0755330e-02
  -1.3384870e-02
  -1.0558360e-02
  -1.5065410e-02
  -2.1849040e-02
  -2.2599180e-02
  -1.7272780e-02
  -1.4633110e-02
  -1.9195550e-02
  -2.3109700e-02
  -1.6394210e-02
  -2.7517770e-03
   3.1667500e-03
  -5.9644300e-03
  -2.4585150e-02
  -4.5152410e-02
  -6.1823490e-02
  -6.7699880e-02
  -6.3557510e-02
  -6.2341840e-02
  -6.8723300e-02
  -6.7442760e-02
  -4.8754460e-02
  -2.9256980e-02
  -2.7783370e-02
  -3.5343970e-02
  -3.0264070e-02
  -1.2015280e-02
   2.5066430e-04
  -1.9874210e-03
  -5.5908880e-03
   9.0915730e-04
   8.1809150e-03
   1.6141620e-03
  -1.6036820e-02
  -3.0246620e-02
  -3.0169930e-02
  -1.1191790e-02
   1.7956690e-02
   3.3140880e-02
   2.4425540e-02
   1.2470820e-02
   1.3797620e-02
   1.4735330e-02
  -3.2184930e-04
  -2.0976840e-02
  -2.8615090e-02
  -2.2901980e-02
  -1.6859190e-02
  -1.7234940e-02
  -2.1196880e-02
  -2.5909850e-02
  -3.2936510e-02
  -4.4131890e-02
  -5.7245980e-02
  -6.6902650e-02
  -7.0766410e-02
  -7.3849340e-02
  -8.2171510e-02
  -9.2646690e-02
  -9.7880870e-02
  -1.0079060e-01
  -1.0965010e-01
  -1.1529290e-01
  -9.8831490e-02
  -7.0274470e-02
  -6.2163620e-02
  -7.5393390e-02
  -7.5224870e-02
  -4.7199120e-02
  -1.4984760e-02
  -1.3505570e-04
   2.8569700e-03
   7.7677570e-03
   1.4198810e-02
   1.4651490e-02
   1.3380960e-02
   2.1127670e-02
   3.4225750e-02
   3.5195250e-02
   1.6229350e-02
  -3.5045530e-03
   6.0090020e-03
   4.2471480e-02
   6.7686220e-02
   6.5338240e-02
   5.7703120e-02
   5.0385550e-02
   2.4207570e-02
  -9.9042750e-03
  -1.6371480e-02
   1.7547050e-03
   6.7297960e-03
  -8.2422910e-03
  -1.1830200e-02
   9.1340910e-03
   3.2744910e-02
   4.0853430e-02
   3.7861160e-02
   3.1799160e-02
   2.4084040e-02
   1.6388000e-02
   1.1121870e-02
   7.4599050e-03
   4.0968360e-03
   1.4546560e-03
  -6.0686230e-04
  -2.6973830e-03
  -4.5368320e-03
  -6.4312690e-03
  -1.0486790e-02
  -1.7646420e-02
  -2.4737120e-02
  -2.7435910e-02
  -2.5838600e-02
  -2.6153540e-02
  -3.5185260e-02
  -5.1504980e-02
  -6.5645560e-02
  -6.9000630e-02
  -5.7053630e-02
  -2.8945200e-02
   5.8391040e-03
   2.8226630e-02
   2.8933570e-02
   1.5629820e-02
  -4.5018870e-03
  -2.9741970e-02
  -4.9662300e-02
  -5.0361270e-02
  -3.5814960e-02
  -2.4015000e-02
  -2.0783460e-02
  -1.4066290e-02
   2.1546660e-03
   1.5868280e-02
   1.8204450e-02
   1.4983310e-02
   5.7800350e-03
  -2.0638740e-02
  -5.7693610e-02
  -7.7637930e-02
  -6.9858780e-02
  -5.6191840e-02
  -5.9540720e-02
  -7.6979630e-02
  -8.8701390e-02
  -8.1758080e-02
  -6.2119600e-02
  -4.9571290e-02
  -5.8828790e-02
  -8.0648340e-02
  -8.9150270e-02
  -7.5138110e-02
  -6.1345180e-02
  -7.2615390e-02
  -9.7160680e-02
  -9.4797400e-02
  -5.3902020e-02
  -2.0984180e-02
  -3.9687730e-02
  -8.1580990e-02
  -9.0288040e-02
  -6.8350280e-02
  -5.8590320e-02
  -6.8940830e-02
  -7.5068200e-02
  -7.0608420e-02
  -6.8580990e-02
  -7.3426430e-02
  -7.9705800e-02
  -8.1746910e-02
  -7.4545900e-02
  -5.8591860e-02
  -4.2816670e-02
  -3.4294580e-02
  -3.0883190e-02
  -2.6612990e-02
  -1.6477460e-02
   2.5679370e-03
   2.6248350e-02
   4.0262030e-02
   3.1123300e-02
   7.4314250e-03
   6.4295350e-03
   5.3802090e-02
   1.1430360e-01
   1.2707120e-01
   9.3579260e-02
   6.8812600e-02
   6.9799780e-02
   6.7219460e-02
   5.5115030e-02
   5.3777240e-02
   5.8149810e-02
   4.6866620e-02
   2.7756790e-02
   2.6567080e-02
   4.2288740e-02
   4.9353760e-02
   3.6834110e-02
   1.9178440e-02
   9.9835610e-03
   4.7529780e-03
  -6.8323660e-03
  -2.3964810e-02
  -3.7701710e-02
  -4.4635160e-02
  -4.9678930e-02
  -5.9307250e-02
  -7.5842550e-02
  -9.1652950e-02
  -8.9695140e-02
  -6.4387980e-02
  -3.5949270e-02
  -2.5364020e-02
  -2.8269040e-02
  -3.1674190e-02
  -3.5607190e-02
  -3.9566920e-02
  -3.1369400e-02
  -8.3280860e-03
   1.2493730e-02
   2.0001790e-02
   2.3996950e-02
   3.5436110e-02
   5.2163200e-02
   6.8701270e-02
   8.2122190e-02
   8.5381120e-02
   6.9238720e-02
   3.3960170e-02
  -3.5026880e-03
  -1.0961950e-02
   3.0853560e-02
   8.2467480e-02
   7.7278070e-02
   2.5366940e-02
   2.7552920e-03
   2.2825430e-02
   3.1227250e-02
   2.3644580e-02
   4.1142030e-02
   6.7252930e-02
   5.2351720e-02
   1.3984750e-02
   9.6835260e-03
   3.9073290e-02
   5.2716260e-02
   3.4421830e-02
   1.5472260e-02
   1.7695890e-02
   2.2891490e-02
   4.3601670e-03
  -3.1488210e-02
  -5.1286590e-02
  -4.1992560e-02
  -3.1841650e-02
  -4.9487820e-02
  -7.9196000e-02
  -8.1760210e-02
  -5.3719250e-02
  -3.4540160e-02
  -4.5395470e-02
  -5.6053180e-02
  -3.9348940e-02
  -1.9331000e-02
  -2.3929170e-02
  -3.1255070e-02
  -1.3546480e-02
   8.5783810e-03
   8.7042880e-03
   4.6210130e-03
   1.5711190e-02
   2.2304630e-02
   1.1003350e-02
   5.7933020e-03
   1.9204980e-02
   2.2699800e-02
  -1.9371870e-03
  -1.6683880e-02
   2.4110130e-02
   8.9001470e-02
   9.9597860e-02
   5.3724590e-02
   2.4187430e-02
   2.9739100e-02
   2.2657600e-02
   1.0462880e-03
   1.3857010e-02
   5.7115550e-02
   7.1235230e-02
   4.1211190e-02
   1.5010310e-02
   2.2431680e-02
   3.9097660e-02
   3.5255600e-02
   1.7920980e-02
   1.1700200e-02
   1.7364550e-02
   9.6936050e-03
  -2.0423390e-02
  -4.3475810e-02
  -3.2677070e-02
  -8.5684500e-03
  -1.0116440e-02
  -3.6605760e-02
  -5.0592140e-02
  -3.0975270e-02
   9.6233480e-04
   1.2741360e-02
   4.4267220e-03
   2.4189500e-03
   1.3919010e-02
   1.8512090e-02
   9.6778910e-03
   7.9948300e-03
   2.1679560e-02
   3.1550050e-02
   2.8520260e-02
   2.8136260e-02
   3.5562960e-02
   3.5869340e-02
   2.8870650e-02
   3.2362050e-02
   4.2297140e-02
   2.8464150e-02
  -1.5666770e-02
  -4.3205430e-02
  -5.4177770e-03
   6.4266670e-02
   7.6283420e-02
   1.7615910e-02
  -3.0176320e-02
  -2.9422170e-02
  -2.7987800e-02
  -4.5194570e-02
  -4.1109400e-02
  -1.2630780e-02
  -6.9529630e-03
  -3.1180500e-02
  -4.1296450e-02
  -2.2698890e-02
  -7.3268580e-03
  -1.4106520e-02
  -2.8524780e-02
  -3.5284200e-02
  -3.2895460e-02
  -2.4041270e-02
  -1.4494790e-02
  -1.2280360e-02
  -1.7865930e-02
  -2.3965320e-02
  -2.0645650e-02
   2.5882340e-03
   3.8981560e-02
   5.6089850e-02
   3.9134220e-02
   2.0462090e-02
   2.8110050e-02
   4.1877360e-02
   3.8422780e-02
   3.5601220e-02
   5.2351330e-02
   6.8293050e-02
   6.2813530e-02
   5.3321270e-02
   5.7646920e-02
   5.8201190e-02
   3.6247560e-02
   5.4469600e-03
  -1.1489160e-02
  -7.6368880e-03
   1.2273270e-02
   3.2771490e-02
   3.7221820e-02
   3.5650760e-02
   5.1617270e-02
   7.3480090e-02
   6.6644840e-02
   3.7255830e-02
   2.5029020e-02
   3.3954210e-02
   3.2674280e-02
   1.9879450e-02
   2.7714410e-02
   5.8583480e-02
   7.2556540e-02
   4.8681090e-02
   1.6982920e-02
   1.1779430e-02
   2.4687990e-02
   2.6979760e-02
   1.6485520e-02
   1.4660430e-02
   2.7752130e-02
   3.7297180e-02
   2.9072660e-02
   1.1553680e-02
   2.8022370e-03
   1.0783920e-02
   2.6367810e-02
   3.0338930e-02
   1.3313560e-02
  -1.1294120e-02
  -2.4148950e-02
  -2.2549260e-02
  -1.6501750e-02
  -1.3453340e-02
  -1.4508710e-02
  -1.6216480e-02
  -1.5025120e-02
  -1.6355120e-02
  -2.9221700e-02
  -4.7349320e-02
  -5.3692110e-02
  -4.6853660e-02
  -4.2918550e-02
  -4.9381540e-02
  -5.6782370e-02
  -5.6009330e-02
  -4.7782670e-02
  -3.8381390e-02
  -3.6521190e-02
  -4.7581340e-02
  -6.4861590e-02
  -7.4625750e-02
  -7.3016440e-02
  -6.9209620e-02
  -6.9493830e-02
  -6.9149680e-02
  -6.5317260e-02
  -6.4895030e-02
  -7.0444760e-02
  -7.1935270e-02
  -6.3438010e-02
  -5.4476920e-02
  -5.4372850e-02
  -5.7958140e-02
  -5.5343490e-02
  -4.6075760e-02
  -3.7214610e-02
  -3.2938870e-02
  -3.0167700e-02
  -2.3387080e-02
  -1.2797170e-02
  -5.5839430e-03
  -6.7734650e-03
  -1.1757050e-02
  -1.2762580e-02
  -9.7898190e-03
  -8.8351230e-03
  -1.2122650e-02
  -1.6779400e-02
  -2.1367140e-02
  -2.6952640e-02
  -3.2384120e-02
  -3.4243670e-02
  -3.1318530e-02
  -2.5952400e-02
  -2.1621870e-02
  -1.9664500e-02
  -1.7700360e-02
  -1.2981810e-02
  -7.1042460e-03
  -3.4096540e-03
  -4.2396130e-04
   6.1601880e-03
   1.5561940e-02
   2.2023620e-02
   2.3189560e-02
   2.2439350e-02
   2.2084720e-02
   2.0179740e-02
   1.5702010e-02
   1.1930230e-02
   1.2240280e-02
   1.5202390e-02
   1.6106910e-02
   1.3204970e-02
   1.0205190e-02
   1.0426210e-02
   1.2038530e-02
   1.1855710e-02
   1.0580750e-02
   1.0905270e-02
   1.2968010e-02
   1.4759360e-02
   1.5309170e-02
   1.5289330e-02
   1.5595900e-02
   1.6333700e-02
   1.6684800e-02
   1.6002260e-02
   1.5214000e-02
   1.6670470e-02
   2.1093370e-02
   2.4924610e-02
   2.3530440e-02
   1.6935720e-02
   8.7757610e-03
   7.2070510e-04
  -7.3329210e-03
  -1.3601200e-02
  -1.5471630e-02
  -1.3782440e-02
  -1.2439440e-02
  -1.3714850e-02
  -1.5912670e-02
  -1.6222820e-02
  -1.4326300e-02
  -1.2411620e-02
  -1.2269020e-02
  -1.3599940e-02
  -1.5054240e-02
  -1.5900650e-02
  -1.6486320e-02
  -1.7090260e-02
  -1.7488860e-02
  -1.8314830e-02
  -2.0821130e-02
  -2.4843040e-02
  -2.8401370e-02
  -3.0327500e-02
  -3.2320410e-02
  -3.6873010e-02
  -4.3933940e-02
  -5.0538690e-02
  -5.3749200e-02
  -5.3498270e-02
  -5.1968490e-02
  -5.0359580e-02
  -4.7649680e-02
  -4.3594300e-02
  -4.0655330e-02
  -4.0490300e-02
  -4.0893930e-02
  -3.9183410e-02
  -3.6369280e-02
  -3.4897670e-02
  -3.4473310e-02
  -3.3241110e-02
  -3.1085820e-02
  -2.8735780e-02
  -2.5885130e-02
  -2.2014410e-02
  -1.7589040e-02
  -1.3614380e-02
  -1.0873170e-02
  -9.4754620e-03
  -8.5984180e-03
  -7.6479950e-03
  -7.1400050e-03
  -7.4188700e-03
  -8.1315230e-03
  -8.8947450e-03
  -8.9744750e-03
  -7.2192170e-03
  -3.8452780e-03
  -1.1562580e-03
  -9.2366420e-04
  -2.7182310e-03
  -5.2422870e-03
  -7.2644000e-03
  -7.3310090e-03
  -5.0468040e-03
  -2.4101010e-03
  -1.6833220e-03
  -2.3337520e-03
  -1.8972720e-03
   4.8654560e-04
   3.6296780e-03
   7.0272570e-03
   1.1576240e-02
   1.7338780e-02
   2.3202750e-02
   2.7867140e-02
   3.0609870e-02
   3.1890460e-02
   3.2598010e-02
   3.3391340e-02
   3.4545780e-02
   3.5812870e-02
   3.6526690e-02
   3.6417670e-02
   3.6243380e-02
   3.7069590e-02
   3.9182670e-02
   4.1828140e-02
   4.3754020e-02
   4.4140260e-02
   4.3474510e-02
   4.3103550e-02
   4.3735420e-02
   4.4619880e-02
   4.4513910e-02
   4.3142450e-02
   4.1165880e-02
   3.8885050e-02
   3.6079320e-02
   3.2772010e-02
   2.9498700e-02
   2.6613050e-02
   2.3738430e-02
   2.0535250e-02
   1.6978730e-02
   1.3039460e-02
   9.0586850e-03
   5.8547280e-03
   3.4177440e-03
   1.0221540e-03
  -1.5638600e-03
  -3.9565040e-03
  -5.8081200e-03
  -7.3030800e-03
  -8.9916940e-03
  -1.1547820e-02
  -1.4666870e-02
  -1.6341560e-02
  -1.4862600e-02
  -1.0657380e-02
  -5.3976360e-03
  -3.8994000e-04
   4.0230460e-03
   8.4464090e-03
   1.3292080e-02
   1.7184690e-02
   1.8338960e-02
   1.7553760e-02
   1.7786790e-02
   2.0317030e-02
   2.4500030e-02
   3.1053960e-02
   4.1325090e-02
   5.2899120e-02
   6.0855990e-02
   6.3093410e-02
   6.0498800e-02
   5.2986420e-02
   4.0780860e-02
   2.8055120e-02
   2.0578580e-02
   2.0696500e-02
   2.6211880e-02
   3.2170570e-02
   3.4391860e-02
   3.3504640e-02
   3.3281480e-02
   3.4262250e-02
   3.4148110e-02
   3.4222370e-02
   3.8466690e-02
   4.6435580e-02
   5.3046460e-02
   5.4784530e-02
   5.1302710e-02
   4.2844330e-02
   3.1525170e-02
   2.2874900e-02
   2.0559110e-02
   2.1431830e-02
   1.9648450e-02
   1.3301500e-02
   5.1640240e-03
  -6.9057580e-04
  -2.3865430e-03
  -1.2160280e-03
  -1.3396650e-04
  -1.7091390e-03
  -6.0444330e-03
  -1.0921680e-02
  -1.4840270e-02
  -1.7807520e-02
  -1.9114840e-02
  -1.8371900e-02
  -1.8832240e-02
  -2.3969490e-02
  -3.1097970e-02
  -3.3836440e-02
  -3.1035480e-02
  -2.8465890e-02
  -3.1144870e-02
  -3.7957010e-02
  -4.4654480e-02
  -4.8437700e-02
  -4.7744710e-02
  -4.2145260e-02
  -3.4163540e-02
  -2.8062650e-02
  -2.5167820e-02
  -2.3181240e-02
  -2.0208360e-02
  -1.6448810e-02
  -1.2726730e-02
  -1.0163090e-02
  -1.0677680e-02
  -1.4602820e-02
  -1.7685850e-02
  -1.4541720e-02
  -5.6710680e-03
   2.8736430e-03
   7.0311620e-03
   8.5346040e-03
   1.1263270e-02
   1.6241010e-02
   2.0652620e-02
   2.1348930e-02
   1.8938500e-02
   1.7184560e-02
   1.7726110e-02
   1.8268680e-02
   1.6835490e-02
   1.4902450e-02
   1.4649510e-02
   1.5394300e-02
   1.5306960e-02
   1.4154680e-02
   1.3060010e-02
   1.3675590e-02
   1.7116100e-02
   2.1681670e-02
   2.3800630e-02
   2.3530550e-02
   2.5748830e-02
   3.3117630e-02
   4.0887170e-02
   4.2628750e-02
   3.8522450e-02
   3.4539570e-02
   3.5231460e-02
   4.0400760e-02
   4.6855130e-02
   5.0873610e-02
   5.0305710e-02
   4.7192110e-02
   4.7053480e-02
   5.2187440e-02
   5.7576190e-02
   5.7796180e-02
   5.4789770e-02
   5.4344150e-02
   5.7684600e-02
   6.1511040e-02
   6.3349040e-02
   6.2828730e-02
   6.0141010e-02
   5.6063410e-02
   5.2645430e-02
   5.1604710e-02
   5.2712800e-02
   5.4012940e-02
   5.3038970e-02
   4.8517180e-02
   4.1490670e-02
   3.4465610e-02
   2.9351380e-02
   2.6291840e-02
   2.3695140e-02
   2.0366260e-02
   1.7189210e-02
   1.5077700e-02
   1.2920220e-02
   9.1669320e-03
   4.2493730e-03
  -1.7413750e-04
  -3.0271210e-03
  -3.4739170e-03
  -5.2104720e-04
   4.6349670e-03
   6.6406740e-03
   7.2049360e-04
  -9.5991450e-03
  -1.5729710e-02
  -1.4806990e-02
  -1.0926630e-02
  -7.6360940e-03
  -5.9128540e-03
  -6.9415860e-03
  -1.1845230e-02
  -1.9889560e-02
  -2.8207210e-02
  -3.3428260e-02
  -3.4216280e-02
  -3.1433890e-02
  -2.6011850e-02
  -2.0119210e-02
  -1.7947530e-02
  -2.0437660e-02
  -2.3698710e-02
  -2.5285780e-02
  -2.5930320e-02
  -2.5140700e-02
  -2.1405700e-02
  -1.5512810e-02
  -9.6673560e-03
  -5.6814220e-03
  -3.9085140e-03
  -2.1147650e-03
   2.7109700e-03
   1.0849600e-02
   1.9932930e-02
   2.7594780e-02
   3.2384190e-02
   3.3891830e-02
   3.4165100e-02
   3.6801080e-02
   4.2801910e-02
   4.9386830e-02
   5.4520850e-02
   5.9391700e-02
   6.3944860e-02
   6.4983500e-02
   6.2145630e-02
   6.0370800e-02
   6.2445990e-02
   6.4153740e-02
   6.2270750e-02
   6.0438360e-02
   6.1968550e-02
   6.3400340e-02
   6.0420560e-02
   5.3652270e-02
   4.5102040e-02
   3.4711720e-02
   2.2686820e-02
   1.1735340e-02
   5.3139170e-03
   4.4875430e-03
   7.0817620e-03
   9.1806790e-03
   7.9980700e-03
   3.3507130e-03
  -3.3118620e-03
  -1.0184650e-02
  -1.5468210e-02
  -1.7605350e-02
  -1.6495180e-02
  -1.4095380e-02
  -1.3136770e-02
  -1.5355220e-02
  -2.0539520e-02
  -2.6551140e-02
  -3.0651840e-02
  -3.2018610e-02
  -3.1475230e-02
  -2.8690190e-02
  -2.2336840e-02
  -1.3063010e-02
  -3.1185170e-03
   6.3436290e-03
   1.5038680e-02
   2.2045540e-02
   2.6693230e-02
   2.9863560e-02
   3.2951480e-02
   3.5667630e-02
   3.5356430e-02
   3.1906510e-02
   3.3308900e-02
   4.6188440e-02
   5.9993760e-02
   5.8462480e-02
   4.5881830e-02
   3.9547210e-02
   4.1109010e-02
   3.8723340e-02
   3.0286020e-02
   2.4247450e-02
   2.2737900e-02
   1.9378400e-02
   1.1857640e-02
   5.4956420e-03
   4.8681650e-03
   8.3303850e-03
   1.0938850e-02
   9.5502780e-03
   4.8626070e-03
  -7.5431710e-05
  -2.9785120e-03
  -4.2019020e-03
  -5.3272210e-03
  -6.9047470e-03
  -8.8604020e-03
  -1.1815740e-02
  -1.6901510e-02
  -2.4909620e-02
  -3.5719690e-02
  -4.8409740e-02
  -6.1294100e-02
  -7.1450910e-02
  -7.6579460e-02
  -7.8142100e-02
  -8.0888110e-02
  -8.8686010e-02
  -1.0020960e-01
  -1.0861560e-01
  -1.0867570e-01
  -1.0470490e-01
  -1.0663030e-01
  -1.1818910e-01
  -1.3328760e-01
  -1.4299680e-01
  -1.4411230e-01
  -1.4162850e-01
  -1.4252700e-01
  -1.4811900e-01
  -1.5524360e-01
  -1.6230630e-01
  -1.6888150e-01
  -1.7286000e-01
  -1.7411800e-01
  -1.7774630e-01
  -1.8815700e-01
  -2.0291470e-01
  -2.1618680e-01
  -2.2520650e-01
  -2.3056110e-01
  -2.3319340e-01
  -2.3331350e-01
  -2.3136480e-01
  -2.2897020e-01
  -2.2789460e-01
  -2.2728480e-01
  -2.2462700e-01
  -2.2024840e-01
  -2.1716480e-01
  -2.1608580e-01
  -2.1448400e-01
  -2.1129090e-01
  -2.0854820e-01
  -2.0824190e-01
  -2.1056970e-01
  -2.1528850e-01
  -2.2298980e-01
  -2.3438870e-01
  -2.4877990e-01
  -2.6334490e-01
  -2.7378100e-01
  -2.7651820e-01
  -2.7129150e-01
  -2.6136990e-01
  -2.5065810e-01
  -2.4010560e-01
  -2.2695090e-01
  -2.0847410e-01
  -1.8564270e-01
  -1.6136270e-01
  -1.3619820e-01
  -1.0839020e-01
  -7.7853630e-02
  -4.6470310e-02
  -1.2781560e-02
   2.9267190e-02
   8.2040610e-02
   1.3795080e-01
   1.8756700e-01
   2.3453290e-01
   2.9311420e-01
   3.6130560e-01
   4.0343340e-01
   3.7932950e-01
   3.0331750e-01
   2.5912770e-01
   3.1309840e-01
   4.1245940e-01
   4.3915770e-01
   3.6969110e-01
   2.9679730e-01
   2.8894540e-01
   3.1855420e-01
   3.4708100e-01
   3.9661590e-01
   4.7589040e-01
   5.0682450e-01
   4.4622590e-01
   3.9624880e-01
   4.4025770e-01
   4.9553800e-01
   4.7356090e-01
   4.2474440e-01
   4.0557510e-01
   3.7062790e-01
   2.8881210e-01
   2.1757990e-01
   1.9774170e-01
   1.9343760e-01
   1.7323110e-01
   1.5754460e-01
   1.6303130e-01
   1.7022700e-01
   1.6428600e-01
   1.5853040e-01
   1.6542460e-01
   1.7728500e-01
   1.8112040e-01
   1.7256980e-01
   1.5484510e-01
   1.3375930e-01
   1.1287590e-01
   8.9258220e-02
   5.6115000e-02
   1.3118800e-02
  -2.9045860e-02
  -5.9981940e-02
  -8.1568350e-02
  -1.0296950e-01
  -1.2860440e-01
  -1.5538750e-01
  -1.7451470e-01
  -1.7354900e-01
  -1.4687700e-01
  -1.0629880e-01
  -7.2377760e-02
  -5.4211970e-02
  -4.4045250e-02
  -3.0101050e-02
  -1.0615820e-02
   2.6028870e-03
   9.4693750e-04
  -7.2515300e-04
   1.6052860e-02
   3.5822690e-02
   2.9368280e-02
   7.4254790e-03
   1.0173690e-02
   4.5015480e-02
   7.6645690e-02
   7.7702520e-02
   5.6050200e-02
   3.4131430e-02
   2.6610520e-02
   3.8079650e-02
   6.6568430e-02
   1.0553350e-01
   1.4491780e-01
   1.7106570e-01
   1.7202340e-01
   1.4785290e-01
   1.1151830e-01
   7.6778620e-02
   4.8103800e-02
   2.2521030e-02
  -3.0485190e-03
  -2.9056830e-02
  -5.4495710e-02
  -7.6184040e-02
  -8.9484370e-02
  -9.6491350e-02
  -1.0770300e-01
  -1.2587150e-01
  -1.3810320e-01
  -1.3646870e-01
  -1.3284520e-01
  -1.3950630e-01
  -1.4893620e-01
  -1.4697210e-01
  -1.3406050e-01
  -1.2107590e-01
  -1.1350140e-01
  -1.1078530e-01
  -1.1407360e-01
  -1.2383370e-01
  -1.3384250e-01
  -1.3708930e-01
  -1.3488110e-01
  -1.3466290e-01
  -1.3989070e-01
  -1.4390330e-01
  -1.3526980e-01
  -1.1077120e-01
  -8.2082240e-02
  -6.4476990e-02
  -5.9068990e-02
  -5.3135380e-02
  -3.8322330e-02
  -1.9953200e-02
  -6.6772380e-03
   1.1995140e-03
   7.8374360e-03
   1.1445290e-02
   6.9357250e-03
  -2.7394270e-03
  -8.0493070e-03
  -5.4284310e-03
   1.0000740e-03
   8.9869230e-03
   1.8177180e-02
   2.2546140e-02
   1.6255760e-02
   6.6105480e-03
   6.5670540e-03
   1.4985330e-02
   1.7537550e-02
   5.4978400e-03
  -1.6064320e-02
  -3.6368820e-02
  -4.8547340e-02
  -5.2945730e-02
  -5.4287070e-02
  -5.6400770e-02
  -6.0057840e-02
  -6.4516870e-02
  -6.8687030e-02
  -7.1549780e-02
  -7.3145570e-02
  -7.4315850e-02
  -7.2246290e-02
  -5.9274360e-02
  -3.4215620e-02
  -1.0353430e-02
   5.6263990e-05
   4.2446460e-03
   1.7069410e-02
   3.7780080e-02
   5.4240810e-02
   6.3465880e-02
   7.1351040e-02
   7.7710430e-02
   7.7129210e-02
   7.1162940e-02
   6.7800050e-02
   7.0301020e-02
   7.5288410e-02
   7.9725700e-02
   8.3890290e-02
   8.7520150e-02
   8.6890140e-02
   7.8689100e-02
   6.4961240e-02
   5.1278850e-02
   4.0814010e-02
   3.3218310e-02
   2.8124190e-02
   2.5548830e-02
   2.3142480e-02
   1.8206140e-02
   1.1905570e-02
   6.9126470e-03
   2.6097900e-03
  -2.3017880e-03
  -5.6252480e-03
  -4.4189720e-03
   1.1348860e-03
   8.4589060e-03
   1.5225610e-02
   2.0511900e-02
   2.4826270e-02
   2.9263380e-02
   3.3700360e-02
   3.6341130e-02
   3.5780070e-02
   3.3216870e-02
   3.1778100e-02
   3.3789730e-02
   3.9334210e-02
   4.7990280e-02
   6.0015710e-02
   7.3451390e-02
   8.2966110e-02
   8.5219190e-02
   8.3349280e-02
   8.2695600e-02
   8.4325510e-02
   8.6163970e-02
   8.6667390e-02
   8.4970220e-02
   8.1948550e-02
   8.2138050e-02
   8.9577870e-02
   1.0086210e-01
   1.0734750e-01
   1.0422750e-01
   9.4804600e-02
   8.6392660e-02
   8.3645420e-02
   8.5127400e-02
   8.5802640e-02
   8.2338640e-02
   7.5423420e-02
   6.7452590e-02
   5.9453340e-02
   5.1403210e-02
   4.3571090e-02
   3.6804310e-02
   3.1924820e-02
   2.8785470e-02
   2.5728480e-02
   2.0862180e-02
   1.4815830e-02
   1.0235700e-02
   8.1794030e-03
   6.3783850e-03
   2.9713660e-03
   2.8922760e-04
   1.6505860e-03
   5.8067940e-03
   8.4008670e-03
   7.8335340e-03
   5.4637670e-03
   2.6327890e-03
   1.1390240e-03
   3.2475350e-03
   8.0200900e-03
   1.1871510e-02
   1.4791480e-02
   1.9770210e-02
   2.5789870e-02
   2.8777390e-02
   2.8601620e-02
   2.8536890e-02
   2.8600390e-02
   2.5820330e-02
   1.9211040e-02
   1.0093760e-02
   5.8476670e-04
  -6.7186470e-03
  -1.1642100e-02
  -1.8232170e-02
  -2.9252960e-02
  -4.1161720e-02
  -4.8412870e-02
  -5.0845990e-02
  -5.4060860e-02
  -6.4158120e-02
  -8.2186990e-02
  -1.0348570e-01
  -1.2233420e-01
  -1.3585200e-01
  -1.4290470e-01
  -1.4239280e-01
  -1.3555610e-01
  -1.2808050e-01
  -1.2635450e-01
  -1.3201620e-01
  -1.4169550e-01
  -1.5114070e-01
  -1.5889340e-01
  -1.6546620e-01
  -1.6988400e-01
  -1.7024320e-01
  -1.6785450e-01
  -1.6602100e-01
  -1.6397240e-01
  -1.5786000e-01
  -1.4901540e-01
  -1.4377210e-01
  -1.4340710e-01
  -1.4214010e-01
  -1.3643910e-01
  -1.2866450e-01
  -1.2071160e-01
  -1.1129400e-01
  -1.0081710e-01
  -9.2235350e-02
  -8.5871780e-02
  -7.9352520e-02
  -7.2085360e-02
  -6.4977240e-02
  -5.7806480e-02
  -4.9843380e-02
  -4.0918770e-02
  -3.0564010e-02
  -1.8446710e-02
  -5.7805930e-03
   5.9212510e-03
   1.6845600e-02
   2.7755880e-02
   3.8405990e-02
   4.8184730e-02
   5.6796140e-02
   6.3783600e-02
   6.8825980e-02
   7.3020880e-02
   7.9067040e-02
   8.9292950e-02
   1.0219610e-01
   1.1263010e-01
   1.1764400e-01
   1.1980780e-01
   1.2279060e-01
   1.2669120e-01
   1.3116690e-01
   1.3862450e-01
   1.4735880e-01
   1.4671790e-01
   1.2934020e-01
   1.0447340e-01
   8.7834470e-02
   8.1281380e-02
   7.4287630e-02
   6.1884990e-02
   4.8660310e-02
   3.8010610e-02
   2.8526870e-02
   1.9845370e-02
   1.4308330e-02
   1.3023210e-02
   1.4939940e-02
   1.8639880e-02
   2.1599480e-02
   1.9679880e-02
   1.0935990e-02
  -7.8655030e-04
  -8.5347420e-03
  -9.7654090e-03
  -9.3560680e-03
  -1.3135780e-02
  -2.0253160e-02
  -2.5226560e-02
  -2.6293290e-02
  -2.7295850e-02
  -3.1042670e-02
  -3.4632100e-02
  -3.3552530e-02
  -2.8811820e-02
  -2.7164500e-02
  -3.1788250e-02
  -3.5487220e-02
  -2.9533210e-02
  -1.6794990e-02
  -8.2210480e-03
  -7.4738640e-03
  -7.8136480e-03
  -5.3829330e-03
  -5.0612610e-03
  -9.9358590e-03
  -1.5174020e-02
  -1.5917850e-02
  -1.2659730e-02
  -7.4726780e-03
  -3.0933060e-03
  -4.0458520e-03
  -1.0146570e-02
  -1.4200280e-02
  -1.4291020e-02
  -1.9147130e-02
  -3.4488170e-02
  -5.4059000e-02
  -6.9986240e-02
  -8.2381210e-02
  -9.5475860e-02
  -1.1204000e-01
  -1.3213900e-01
  -1.5175380e-01
  -1.6493050e-01
  -1.7132560e-01
  -1.7745500e-01
  -1.8800890e-01
  -2.0071460e-01
  -2.1093180e-01
  -2.1609030e-01
  -2.1433940e-01
  -2.0556560e-01
  -1.9513480e-01
  -1.9001550e-01
  -1.8978270e-01
  -1.8781650e-01
  -1.8074150e-01
  -1.6938250e-01
  -1.5218630e-01
  -1.2489720e-01
  -8.8511750e-02
  -5.2060080e-02
  -2.4148280e-02
  -4.1411240e-03
   1.4443100e-02
   3.3838110e-02
   5.0759310e-02
   6.3662350e-02
   7.4773820e-02
   8.6000610e-02
   9.8827880e-02
   1.1636420e-01
   1.3961170e-01
   1.6438220e-01
   1.8601090e-01
   2.0305570e-01
   2.1403830e-01
   2.1570850e-01
   2.0700890e-01
   1.9103920e-01
   1.7163810e-01
   1.5154970e-01
   1.3351020e-01
   1.1897470e-01
   1.0655620e-01
   9.3141810e-02
   7.4268310e-02
   4.7024900e-02
   2.0608130e-02
   1.6019940e-02
   3.5585240e-02
   4.4546510e-02
   1.4439630e-02
  -2.9820900e-02
  -4.6006210e-02
  -3.8576150e-02
  -4.3407410e-02
  -6.6260020e-02
  -7.9494490e-02
  -7.1570960e-02
  -6.4057630e-02
  -7.8061560e-02
  -1.0705980e-01
  -1.2907720e-01
  -1.3511170e-01
  -1.3933580e-01
  -1.6275320e-01
  -2.0755530e-01
  -2.4710190e-01
  -2.4521030e-01
  -1.9424070e-01
  -1.3492020e-01
  -1.2415840e-01
  -1.6809440e-01
  -1.9917220e-01
  -1.5588620e-01
  -7.3042500e-02
  -3.3416830e-02
  -4.2835160e-02
  -3.3317280e-02
   1.9597610e-02
   7.3000160e-02
   1.0129300e-01
   1.1450670e-01
   1.0953090e-01
   8.9008360e-02
   9.4774280e-02
   1.4301250e-01
   1.7899750e-01
   1.6692520e-01
   1.5507700e-01
   1.8826430e-01
   2.2752430e-01
   2.1722860e-01
   1.7095350e-01
   1.3282030e-01
   1.0424380e-01
   6.7255130e-02
   4.0427690e-02
   5.1124120e-02
   7.8100230e-02
   7.3431500e-02
   2.6617670e-02
  -2.8447770e-02
  -6.1033790e-02
  -7.4348800e-02
  -8.8603290e-02
  -1.0663640e-01
  -1.1094060e-01
  -9.8498570e-02
  -9.5760360e-02
  -1.1649770e-01
  -1.3037200e-01
  -1.1010390e-01
  -8.1224430e-02
  -7.9696500e-02
  -8.8786050e-02
  -6.8521720e-02
  -2.6421620e-02
  -7.9493440e-03
  -2.4791260e-02
  -3.9617590e-02
  -2.8583020e-02
  -1.8180190e-02
  -3.8518700e-02
  -6.7760400e-02
  -5.7490210e-02
  -4.1747840e-03
   4.3435480e-02
   5.6023640e-02
   6.3579220e-02
   1.0135140e-01
   1.4313100e-01
   1.2927730e-01
   6.7397870e-02
   4.1176100e-02
   7.8380820e-02
   1.0396700e-01
   7.9762060e-02
   6.9051030e-02
   1.0667140e-01
   1.3539330e-01
   1.2078350e-01
   1.0764470e-01
   1.2408220e-01
   1.3245050e-01
   1.0077070e-01
   5.0814420e-02
   2.4359820e-02
   3.4666010e-02
   5.1829580e-02
   3.7917410e-02
  -1.3690250e-03
  -2.5481440e-02
  -1.9285540e-02
  -1.0159440e-02
  -2.3455990e-02
  -5.0769880e-02
  -6.8645170e-02
  -6.8612820e-02
  -6.1239710e-02
  -6.2709890e-02
  -8.1171900e-02
  -1.0694570e-01
  -1.1778630e-01
  -1.0381660e-01
  -8.0466760e-02
  -6.7389810e-02
  -6.5098620e-02
  -6.2034650e-02
  -5.2515440e-02
  -3.8132780e-02
  -2.1218350e-02
  -4.8285200e-03
   6.5882070e-03
   1.1921150e-02
   1.4152390e-02
   1.4163020e-02
   9.7666440e-03
   1.1938480e-03
  -8.0515430e-03
  -1.5789870e-02
  -2.1653750e-02
  -2.2594590e-02
  -1.2136900e-02
   1.3903610e-02
   4.9657070e-02
   7.8833180e-02
   8.7338230e-02
   7.8210630e-02
   6.8882860e-02
   6.9139010e-02
   7.0633650e-02
   6.3428660e-02
   4.7424460e-02
   2.4134390e-02
  -3.7956840e-03
  -2.6568360e-02
  -3.9922360e-02
  -5.5075200e-02
  -7.7797020e-02
  -9.2553420e-02
  -8.4849890e-02
  -6.2800400e-02
  -4.1750240e-02
  -2.4601970e-02
  -9.0187680e-03
   9.8947030e-04
   2.3998010e-03
   2.9732210e-03
   1.2696960e-02
   2.8602010e-02
   3.9646170e-02
   4.4898250e-02
   5.3805290e-02
   6.9353600e-02
   8.2619000e-02
   8.3400290e-02
   7.1594580e-02
   5.9432670e-02
   6.2382930e-02
   8.2662320e-02
   1.0444950e-01
   1.1225690e-01
   1.0945690e-01
   1.1106520e-01
   1.2241330e-01
   1.3266330e-01
   1.2980370e-01
   1.1599880e-01
   1.0444250e-01
   1.0235910e-01
   9.9578100e-02
   8.0663800e-02
   5.1781680e-02
   4.0820660e-02
   5.6563020e-02
   6.8422410e-02
   5.0830860e-02
   2.2253470e-02
   9.2502870e-03
   3.1664390e-03
  -1.3817850e-02
  -3.1609770e-02
  -3.4008780e-02
  -2.9746600e-02
  -3.3756520e-02
  -4.0675020e-02
  -3.9523260e-02
  -3.4395840e-02
  -3.3824570e-02
  -3.6277320e-02
  -3.7057050e-02
  -3.5917170e-02
  -3.2171320e-02
  -2.4321760e-02
  -1.7584690e-02
  -1.9926110e-02
  -2.9200760e-02
  -3.5355290e-02
  -3.4006090e-02
  -2.7222360e-02
  -1.6590840e-02
  -6.0017940e-03
  -4.1671580e-03
  -1.3817530e-02
  -2.3422070e-02
  -1.9216780e-02
  -3.6155780e-03
   7.0464710e-03
   4.7464600e-03
   4.9109790e-04
   6.0701060e-03
   1.3907580e-02
   8.4555710e-03
  -8.9024360e-03
  -2.3082000e-02
  -2.9741980e-02
  -3.6836790e-02
  -4.6297970e-02
  -5.2777190e-02
  -5.4795190e-02
  -5.3689330e-02
  -5.0281610e-02
  -4.9523380e-02
  -5.6543260e-02
  -6.6923810e-02
  -7.4694010e-02
  -8.3874480e-02
  -1.0028630e-01
  -1.2019100e-01
  -1.3345620e-01
  -1.3126590e-01
  -1.1094980e-01
  -8.0249470e-02
  -5.5038270e-02
  -4.5301290e-02
  -4.4223360e-02
  -3.8444610e-02
  -2.7415960e-02
  -2.2196170e-02
  -2.5860120e-02
  -2.8552520e-02
  -2.4083280e-02
  -1.8565490e-02
  -1.8140860e-02
  -1.7470870e-02
  -8.0655990e-03
   7.1323850e-03
   1.6980990e-02
   1.8286050e-02
   1.8104850e-02
   2.0346200e-02
   2.1601140e-02
   2.1127410e-02
   2.3883450e-02
   3.1582030e-02
   3.9833270e-02
   4.5598430e-02
   5.0151930e-02
   5.4638950e-02
   5.8826370e-02
   6.3625650e-02
   7.0125750e-02
   7.6254980e-02
   7.8471000e-02
   7.6552280e-02
   7.3548560e-02
   7.1116470e-02
   6.8210920e-02
   6.3605450e-02
   5.7355100e-02
   5.0153130e-02
   4.3105090e-02
   3.7658720e-02
   3.3999340e-02
   2.9864720e-02
   2.3357850e-02
   1.6286000e-02
   1.2339240e-02
   1.2479290e-02
   1.4065440e-02
   1.3818830e-02
   1.0853410e-02
   7.6431550e-03
   7.1949900e-03
   9.0184070e-03
   1.0464470e-02
   1.0246310e-02
   7.5640470e-03
   1.4775320e-03
  -6.6204330e-03
  -1.3773580e-02
  -2.0071470e-02
  -2.7552220e-02
  -3.4769740e-02
  -3.8426770e-02
  -3.9083570e-02
  -4.0355040e-02
  -4.2852330e-02
  -4.3385410e-02
  -3.9923910e-02
  -3.3686660e-02
  -2.6877680e-02
  -2.0833750e-02
  -1.6761900e-02
  -1.5284530e-02
  -1.4288990e-02
  -1.0050170e-02
  -1.6891820e-03
   8.3649680e-03
   1.9000330e-02
   3.1741600e-02
   4.7306750e-02
   6.3515990e-02
   7.7495960e-02
   8.7678400e-02
   9.3646890e-02
   9.6488010e-02
   9.7968530e-02
   9.8110340e-02
   9.5432590e-02
   8.9558560e-02
   8.0960440e-02
   6.9602640e-02
   5.6963520e-02
   4.7090350e-02
   4.1923620e-02
   3.8345450e-02
   3.3037680e-02
   2.7209800e-02
   2.3634080e-02
   2.1555590e-02
   1.7371530e-02
   9.6628400e-03
   1.2087070e-03
  -5.2175100e-03
  -1.0921190e-02
  -1.8735140e-02
  -2.8150460e-02
  -3.6093300e-02
  -4.2959250e-02
  -5.2894910e-02
  -6.6021840e-02
  -7.5409010e-02
  -7.6536580e-02
  -7.5847560e-02
  -8.4286520e-02
  -1.0264890e-01
  -1.1933480e-01
  -1.2372770e-01
  -1.1742260e-01
  -1.1050670e-01
  -1.0969020e-01
  -1.1231550e-01
  -1.1087400e-01
  -1.0152840e-01
  -8.8139810e-02
  -7.8628850e-02
  -7.6663820e-02
  -7.6755300e-02
  -7.0036440e-02
  -5.5348730e-02
  -3.9815230e-02
  -2.7962260e-02
  -1.7467080e-02
  -7.0625520e-03
  -1.4613790e-03
  -3.2578900e-03
  -5.7525980e-03
  -5.9154760e-04
   1.1461890e-02
   2.4007880e-02
   3.4577080e-02
   4.2957980e-02
   4.3983130e-02
   3.1454090e-02
   8.7354540e-03
  -1.3575470e-02
  -3.0296690e-02
  -4.6202590e-02
  -6.8075050e-02
  -9.4620480e-02
  -1.1436980e-01
  -1.1634430e-01
  -1.0466420e-01
  -9.8454050e-02
  -1.1010980e-01
  -1.2685690e-01
  -1.2472320e-01
  -9.9392680e-02
  -7.1536550e-02
  -6.0560320e-02
  -6.3323360e-02
  -6.3481610e-02
  -5.4078570e-02
  -4.2394070e-02
  -3.6927730e-02
  -3.8050780e-02
  -4.0471120e-02
  -3.9017060e-02
  -3.1783500e-02
  -2.1053420e-02
  -1.0327080e-02
   4.9918020e-04
   1.4357990e-02
   3.0226660e-02
   4.1039570e-02
   4.2323280e-02
   3.9961390e-02
   4.2837360e-02
   4.9931520e-02
   5.2592290e-02
   4.8517180e-02
   4.3983940e-02
   4.2572940e-02
   4.2325810e-02
   4.3117760e-02
   4.6758080e-02
   5.0991060e-02
   5.1053460e-02
   4.6100530e-02
   3.9575060e-02
   3.4023470e-02
   2.9182670e-02
   2.4420460e-02
   2.0273150e-02
   1.7236280e-02
   1.5126730e-02
   1.3778520e-02
   1.3153860e-02
   1.3302720e-02
   1.5055440e-02
   1.9455490e-02
   2.5248550e-02
   2.9128840e-02
   2.9582950e-02
   2.9126350e-02
   3.0774160e-02
   3.3625220e-02
   3.4791780e-02
   3.4058430e-02
   3.3666640e-02
   3.4422350e-02
   3.4501070e-02
   3.2462280e-02
   2.9624580e-02
   2.8190180e-02
   2.8660340e-02
   2.9406920e-02
   2.8539550e-02
   2.6153630e-02
   2.3490170e-02
   2.0288100e-02
   1.5169240e-02
   8.9263280e-03
   4.4550950e-03
   2.7761550e-03
   2.3449480e-03
   2.4467340e-03
   4.6749920e-03
   9.7716000e-03
   1.6019330e-02
   2.2438120e-02
   3.0218330e-02
   3.9571000e-02
   4.7679910e-02
   5.2502430e-02
   5.5699340e-02
   5.8877750e-02
   6.0774500e-02
   6.0924680e-02
   6.2097190e-02
   6.5841510e-02
   6.8838750e-02
   6.6851830e-02
   6.0991180e-02
   5.6056470e-02
   5.3314750e-02
   4.9337300e-02
   4.2408540e-02
   3.4890840e-02
   2.8439760e-02
   2.2646550e-02
   1.7542840e-02
   1.2239270e-02
   4.3613520e-03
  -5.7285250e-03
  -1.3806570e-02
  -1.9003160e-02
  -2.5907260e-02
  -3.5328700e-02
  -4.1279550e-02
  -4.1050470e-02
  -3.9379140e-02
  -3.9734770e-02
  -3.9167010e-02
  -3.4804260e-02
  -2.8042500e-02
  -2.0251650e-02
  -1.0803990e-02
  -1.5704760e-04
   9.3555550e-03
   1.6774180e-02
   2.3722560e-02
   3.1403740e-02
   3.8738370e-02
   4.4386710e-02
   4.9209650e-02
   5.4976860e-02
   6.0771270e-02
   6.2731420e-02
   5.9038010e-02
   5.2865800e-02
   4.8310920e-02
   4.5309660e-02
   4.0609220e-02
   3.2638290e-02
   2.3780840e-02
   1.7314130e-02
   1.3048440e-02
   8.1867090e-03
   2.0066370e-03
  -2.9236870e-03
  -5.5212800e-03
  -8.7324000e-03
  -1.4786750e-02
  -2.1238970e-02
  -2.4587750e-02
  -2.5478470e-02
  -2.7293260e-02
  -3.0960480e-02
  -3.3989030e-02
  -3.4295640e-02
  -3.3023030e-02
  -3.3049200e-02
  -3.4895160e-02
  -3.6144090e-02
  -3.5444650e-02
  -3.4497120e-02
  -3.4854090e-02
  -3.4954030e-02
  -3.2543990e-02
  -2.8272070e-02
  -2.4673300e-02
  -2.2878300e-02
  -2.1531530e-02
  -1.8707280e-02
  -1.4862200e-02
  -1.2802170e-02
  -1.3742000e-02
  -1.5260430e-02
  -1.5004230e-02
  -1.4053840e-02
  -1.4640590e-02
  -1.6256860e-02
  -1.6624610e-02
  -1.5322260e-02
  -1.4614620e-02
  -1.6538220e-02
  -1.9947450e-02
  -2.1932500e-02
  -2.1845930e-02
  -2.2032210e-02
  -2.4028380e-02
  -2.6101390e-02
  -2.5547140e-02
  -2.1854730e-02
  -1.6506210e-02
  -1.1707550e-02
  -9.1486350e-03
  -7.6423160e-03
  -4.2098420e-03
   1.0919940e-03
   4.7569120e-03
   5.7448430e-03
   7.6697920e-03
   1.2784750e-02
   1.8358760e-02
   2.0871880e-02
   2.0396020e-02
   1.9386720e-02
   1.9580150e-02
   2.0593660e-02
   2.0112990e-02
   1.6538010e-02
   1.1311670e-02
   7.1775270e-03
   4.5036000e-03
   1.2573650e-03
  -3.1949380e-03
  -7.3710480e-03
  -1.1082860e-02
  -1.6259890e-02
  -2.3283040e-02
  -2.9751620e-02
  -3.3664250e-02
  -3.5976770e-02
  -3.8722370e-02
  -4.1867890e-02
  -4.3704810e-02
  -4.3753720e-02
  -4.2910290e-02
  -4.0843920e-02
  -3.6377020e-02
  -3.0061830e-02
  -2.3280290e-02
  -1.5864160e-02
  -7.5022580e-03
   6.7865240e-04
   7.9959910e-03
   1.5291090e-02
   2.2990810e-02
   3.0420130e-02
   3.7506300e-02
   4.4974200e-02
   5.2528790e-02
   5.8886190e-02
   6.4119660e-02
   6.9477120e-02
   7.4475780e-02
   7.6747950e-02
   7.5321530e-02
   7.2621030e-02
   7.1099550e-02
   6.9226230e-02
   6.3813490e-02
   5.5322400e-02
   4.7716330e-02
   4.2733310e-02
   3.7464190e-02
   2.9468300e-02
   2.1449730e-02
   1.6488500e-02
   1.1326690e-02
   1.1484550e-03
  -1.1049730e-02
  -1.7871350e-02
  -1.9193710e-02
  -2.2458760e-02
  -3.0838590e-02
  -3.8177360e-02
  -3.8348010e-02
  -3.3854970e-02
  -3.1713500e-02
  -3.3895100e-02
  -3.5760690e-02
  -3.3895240e-02
  -3.1744570e-02
  -3.4368480e-02
  -3.9891000e-02
  -4.1851520e-02
  -3.8551740e-02
  -3.4428420e-02
  -3.2655790e-02
  -3.1575340e-02
  -2.8784380e-02
  -2.4162810e-02
  -1.8519900e-02
  -1.2356490e-02
  -6.6626590e-03
  -2.5935990e-03
   5.0751360e-04
   4.8002130e-03
   1.0846270e-02
   1.6527760e-02
   2.0309090e-02
   2.2675720e-02
   2.4160570e-02
   2.4756720e-02
   2.5288400e-02
   2.7350750e-02
   3.0740540e-02
   3.3096940e-02
   3.3297300e-02
   3.2541250e-02
   3.2211420e-02
   3.3736510e-02
   3.8710100e-02
   4.5554260e-02
   4.9210730e-02
   4.8020790e-02
   4.5860700e-02
   4.4032740e-02
   3.8602050e-02
   2.8725670e-02
   2.0443440e-02
   1.8254810e-02
   1.8388130e-02
   1.4172660e-02
   4.5834460e-03
  -4.9845410e-03
  -8.5274620e-03
  -4.5115650e-03
   2.9453490e-03
   6.9054180e-03
   4.5134820e-03
   9.6275100e-04
   1.9002800e-03
   4.2778620e-03
   2.3391470e-03
  -1.3002930e-03
   6.8066390e-04
   8.1313550e-03
   1.3472610e-02
   1.3095860e-02
   1.1723290e-02
   1.4568330e-02
   2.0799400e-02
   2.6646870e-02
   3.0813260e-02
   3.3910930e-02
   3.5603530e-02
   3.5375360e-02
   3.4691980e-02
   3.5803720e-02
   3.8728450e-02
   4.1562930e-02
   4.2563080e-02
   4.1843310e-02
   4.1202970e-02
   4.1593710e-02
   4.1404630e-02
   3.8657860e-02
   3.3558830e-02
   2.7645010e-02
   2.2190540e-02
   1.7362140e-02
   1.2172130e-02
   6.0428280e-03
   4.4152440e-05
  -4.8011060e-03
  -9.4518580e-03
  -1.4799550e-02
  -1.9252530e-02
  -2.0953710e-02
  -2.0346730e-02
  -1.8714180e-02
  -1.6881300e-02
  -1.6131880e-02
  -1.7798930e-02
  -2.1371150e-02
  -2.4317610e-02
  -2.4675830e-02
  -2.3404390e-02
  -2.2946600e-02
  -2.3635340e-02
  -2.3212670e-02
  -2.0607120e-02
  -1.7902120e-02
  -1.6338750e-02
  -1.3997020e-02
  -9.9128480e-03
  -6.3376380e-03
  -4.8820140e-03
  -4.4141880e-03
  -3.8112150e-03
  -3.1218110e-03
  -2.2301900e-03
  -1.2538420e-03
  -1.0079280e-03
  -1.1117420e-03
  -1.3217380e-04
   1.1958040e-03
   8.7647340e-04
  -7.1731750e-05
   8.6206520e-04
   2.6548690e-03
   2.3758820e-03
   6.2758720e-05
  -2.0836580e-03
  -3.7195430e-03
  -6.0441960e-03
  -8.5396900e-03
  -9.7891850e-03
  -1.0371040e-02
  -1.1743700e-02
  -1.3370580e-02
  -1.3681320e-02
  -1.2844150e-02
  -1.2415290e-02
  -1.2843730e-02
  -1.2890020e-02
  -1.1783830e-02
  -1.0262910e-02
  -9.0026500e-03
  -7.4223530e-03
  -4.8581370e-03
  -1.7812240e-03
   1.0874250e-03
   3.6645270e-03
   6.2350530e-03
   8.8044300e-03
   1.1057500e-02
   1.3126810e-02
   1.5181720e-02
   1.6969230e-02
   1.8119420e-02
   1.8449710e-02
   1.8166380e-02
   1.7500960e-02
   1.6452150e-02
   1.5239480e-02
   1.4136910e-02
   1.2808610e-02
   1.0794030e-02
   8.3641430e-03
   6.2803560e-03
   4.7543560e-03
   3.4713120e-03
   2.4522270e-03
   1.6371970e-03
   6.2582010e-04
  -1.0071220e-03
  -3.1995350e-03
  -5.5111840e-03
  -7.8385120e-03
  -1.0194380e-02
  -1.2167900e-02
  -1.3379860e-02
  -1.4182590e-02
  -1.5065490e-02
  -1.5910870e-02
  -1.6566760e-02
  -1.7150450e-02
  -1.7387450e-02
  -1.6692120e-02
  -1.5573940e-02
  -1.5234570e-02
  -1.5538580e-02
  -1.4886400e-02
  -1.2691060e-02
  -1.0358980e-02
  -9.1773990e-03
  -8.5465100e-03
  -7.3204450e-03
  -6.0442420e-03
  -5.5472460e-03
  -4.8756410e-03
  -3.0609620e-03
  -1.1609540e-03
  -3.8650380e-04
  -9.5544310e-05
   8.2807630e-04
   2.0520640e-03
   2.5585280e-03
   2.2598170e-03
   1.7012080e-03
   1.0150770e-03
  -1.5112670e-04
  -1.8983960e-03
  -3.8864890e-03
  -5.6787300e-03
  -7.0011580e-03
  -7.8958480e-03
  -8.6764700e-03
  -9.2911180e-03
  -9.2619370e-03
  -8.6957300e-03
  -8.3598050e-03
  -8.6911510e-03
  -9.1243120e-03
  -9.2815040e-03
  -9.5571060e-03
  -1.0149160e-02
  -1.0624220e-02
  -1.0820520e-02
  -1.1250640e-02
  -1.2066640e-02
  -1.2672670e-02
  -1.2788400e-02
  -1.3078120e-02
  -1.4013670e-02
  -1.5247230e-02
  -1.6442830e-02
  -1.7878420e-02
  -1.9563580e-02
  -2.0984020e-02
  -2.1939080e-02
  -2.2575460e-02
  -2.3095560e-02
  -2.3334660e-02
  -2.3016560e-02
  -2.2006840e-02
  -2.0540620e-02
  -1.9020080e-02
  -1.7585150e-02
  -1.5993890e-02
  -1.4033730e-02
  -1.1884670e-02
  -9.6493450e-03
  -7.2744240e-03
  -4.6538190e-03
  -1.8843930e-03
   8.1516980e-04
   3.4521800e-03
   6.1895820e-03
   8.9970040e-03
   1.1675660e-02
   1.4258600e-02
   1.6638330e-02
   1.8211500e-02
   1.8647700e-02
   1.8479050e-02
   1.8271590e-02
   1.7857330e-02
   1.6986270e-02
   1.6002880e-02
   1.5245860e-02
   1.4451060e-02
   1.3460110e-02
   1.2597670e-02
   1.1962140e-02
   1.1157470e-02
   1.0196670e-02
   9.3750070e-03
   8.4285460e-03
   7.0115570e-03
   5.4004960e-03
   4.0843020e-03
   3.2792600e-03
   2.4999820e-03
   1.1214680e-03
  -5.3942090e-04
  -1.7860240e-03
  -2.6912490e-03
  -3.7836190e-03
  -4.7604040e-03
  -4.8844410e-03
  -4.2571880e-03
  -3.6734400e-03
  -3.5711910e-03
  -3.4296580e-03
  -2.7764050e-03
  -1.8692420e-03
  -1.1826870e-03
  -6.1875810e-04
   3.6674880e-04
   1.8670280e-03
   3.4981500e-03
   4.8887030e-03
   5.9952590e-03
   7.0566180e-03
   8.2301920e-03
   9.1640020e-03
   9.5553640e-03
   9.2570790e-03
   8.2113420e-03
   6.5238960e-03
   4.4883800e-03
   2.3326830e-03
  -1.7710860e-04
  -3.3316820e-03
  -7.0672900e-03
  -1.0993860e-02
  -1.4568580e-02
  -1.7596830e-02
  -1.9971910e-02
  -2.1445970e-02
  -2.2134370e-02
  -2.2544200e-02
  -2.2832320e-02
  -2.2816230e-02
  -2.2459090e-02
  -2.2030040e-02
  -2.1864710e-02
  -2.1846820e-02
  -2.1440410e-02
  -2.0242710e-02
  -1.8551320e-02
  -1.6985890e-02
  -1.5422470e-02
  -1.3065490e-02
  -9.8576610e-03
  -6.9559670e-03
  -4.9918720e-03
  -3.5414750e-03
  -2.6745100e-03
  -2.8141650e-03
  -3.5360230e-03
  -3.9475770e-03
  -3.9435720e-03
  -4.0709850e-03
  -4.5963950e-03
  -5.1246140e-03
  -5.3365510e-03
  -5.6883140e-03
  -6.5220420e-03
  -7.8115730e-03
  -9.4461250e-03
  -1.1315820e-02
  -1.3331140e-02
  -1.5284160e-02
  -1.7005310e-02
  -1.8375590e-02
  -1.9473040e-02
  -2.0416440e-02
  -2.1231110e-02
  -2.1731030e-02
  -2.1653380e-02
  -2.1033760e-02
  -2.0149770e-02
  -1.9154630e-02
  -1.7691700e-02
  -1.5611790e-02
  -1.3809590e-02
  -1.2904270e-02
  -1.2202250e-02
  -1.1048670e-02
  -9.9378080e-03
  -9.3759760e-03
  -9.1443240e-03
  -8.9329820e-03
  -8.9249060e-03
  -9.1801440e-03
  -9.4243590e-03
  -9.6301980e-03
  -9.9850970e-03
  -1.0515280e-02
  -1.1105740e-02
  -1.1828740e-02
  -1.2915470e-02
  -1.4330480e-02
  -1.5740950e-02
  -1.7002230e-02
  -1.8306440e-02
  -1.9457520e-02
  -1.9999430e-02
  -2.0036190e-02
  -2.0083820e-02
  -2.0108900e-02
  -1.9569510e-02
  -1.8303400e-02
  -1.6663880e-02
  -1.4904290e-02
  -1.2789830e-02
  -1.0258580e-02
  -7.6146960e-03
  -5.0883930e-03
  -2.6270970e-03
  -4.3535360e-04
   1.1260330e-03
   2.1335210e-03
   2.9307050e-03
   3.5541060e-03
   3.7158160e-03
   3.3455630e-03
   2.6360060e-03
   1.5981120e-03
   2.5334510e-04
  -1.2213830e-03
  -2.7100170e-03
  -4.2096200e-03
  -5.7554430e-03
  -7.0080050e-03
  -7.5785550e-03
  -7.7648940e-03
  -8.0966050e-03
  -8.7105120e-03
  -9.2344230e-03
  -9.3569350e-03
  -9.2598430e-03
  -9.1463650e-03
  -8.8799420e-03
  -8.1478840e-03
  -7.0890550e-03
  -5.9588730e-03
  -4.8307600e-03
  -3.6705290e-03
  -2.5604440e-03
  -1.6553440e-03
  -9.2263190e-04
  -2.4276060e-04
   4.9536060e-04
   1.3818740e-03
   2.3228660e-03
   3.2058640e-03
   4.0663710e-03
   4.9543080e-03
   5.9249430e-03
   6.7589720e-03
   7.1450100e-03
   7.1082390e-03
   6.7904800e-03
   6.1571820e-03
   5.0644320e-03
   3.6145790e-03
   2.0470550e-03
   4.3997100e-04
  -1.3517980e-03
  -3.2091720e-03
  -4.7706430e-03
  -6.0608490e-03
  -7.3712230e-03
  -8.5738110e-03
  -9.1022210e-03
  -8.9794330e-03
  -8.8029080e-03
  -8.6476250e-03
  -8.2113260e-03
  -7.5266630e-03
  -6.9469710e-03
  -6.6669670e-03
  -6.4734700e-03
  -6.1141940e-03
  -5.6376580e-03
  -5.1435160e-03
  -4.5284550e-03
  -3.7627970e-03
  -2.9101460e-03
  -2.1368660e-03
  -1.4646230e-03
  -8.1347940e-04
  -2.6905350e-04
   2.5014090e-04
   8.9130340e-04
   1.5477380e-03
   2.0068710e-03
   2.2299030e-03
   2.3474670e-03
   2.5161100e-03
   2.7058870e-03
   2.7090410e-03
   2.5451280e-03
   2.5160060e-03
   2.7764560e-03
   3.1647210e-03
   3.6077300e-03
   4.2688180e-03
   5.0340910e-03
   5.5974940e-03
   6.0418740e-03
   6.3305380e-03
   6.1387370e-03
   5.4439950e-03
   4.7317480e-03
   4.2696560e-03
   3.8349860e-03
   3.3769800e-03
   3.0801310e-03
   2.8763780e-03
   2.6593750e-03
   2.3589030e-03
   2.0022950e-03
   1.7176130e-03
   1.6090230e-03
   1.6384230e-03
   1.5502400e-03
   1.2921600e-03
   1.1837110e-03
   1.1751590e-03
   8.7466020e-04
   4.4769630e-04
   1.1510740e-04
  -3.9300520e-04
  -1.3059320e-03
  -2.2481570e-03
  -2.8208830e-03
  -3.1708520e-03
  -3.4135230e-03
  -3.4275640e-03
  -3.3290510e-03
  -3.3746400e-03
  -3.2568690e-03
  -2.5897360e-03
  -1.8041750e-03
  -1.3318290e-03
  -6.8212280e-04
   7.0347500e-04
   2.4221120e-03
   3.8991630e-03
   5.2028370e-03
   6.7658440e-03
   8.5594290e-03
   1.0264600e-02
   1.1599910e-02
   1.2512180e-02
   1.3466310e-02
   1.4678690e-02
   1.5667390e-02
   1.6074080e-02
   1.6217700e-02
   1.6492970e-02
   1.6817670e-02
   1.6824640e-02
   1.6362350e-02
   1.5405520e-02
   1.3990550e-02
   1.2167890e-02
   1.0170480e-02
   8.2410950e-03
   6.3570310e-03
   4.4942430e-03
   2.7558050e-03
   1.2375490e-03
  -2.4985030e-04
  -1.6493770e-03
  -2.4782570e-03
  -2.5933810e-03
  -2.4970850e-03
  -2.5860820e-03
  -2.6072030e-03
  -2.2004790e-03
  -1.5941980e-03
  -1.2675810e-03
  -1.2445550e-03
  -1.1937030e-03
  -1.0141670e-03
  -1.2135640e-03
  -1.9255920e-03
  -2.4562360e-03
  -2.4887730e-03
  -2.5744690e-03
  -3.0744370e-03
  -3.5310950e-03
  -3.5272590e-03
  -3.4436660e-03
  -3.6918500e-03
  -4.0860190e-03
  -4.3836160e-03
  -4.5937090e-03
  -4.7153680e-03
  -4.6521260e-03
  -4.3511580e-03
  -3.9389160e-03
  -3.6493690e-03
  -3.6733480e-03
  -4.0367110e-03
  -4.5386910e-03
  -4.9922980e-03
  -5.2028590e-03
  -5.2116410e-03
  -5.2655710e-03
  -5.4839910e-03
  -5.6875600e-03
  -5.6225850e-03
  -5.3380170e-03
  -4.9733390e-03
  -4.7398810e-03
  -4.9303650e-03
  -5.4977980e-03
  -6.0737930e-03
  -6.5211610e-03
  -7.0352500e-03
  -7.5524300e-03
  -7.8015550e-03
  -7.9026960e-03
  -8.0493920e-03
  -8.1149020e-03
  -7.9427330e-03
  -7.7624210e-03
  -7.7826890e-03
  -7.9255110e-03
  -8.0194670e-03
  -8.0931020e-03
  -8.3043870e-03
  -8.7328010e-03
  -9.4082580e-03
  -1.0242470e-02
  -1.1049910e-02
  -1.1715550e-02
  -1.2015300e-02
  -1.1910990e-02
  -1.1448460e-02
  -1.0630420e-02
  -9.5053420e-03
  -8.2836560e-03
  -7.1584830e-03
  -5.8992020e-03
  -4.2537250e-03
  -2.6685600e-03
  -1.6869530e-03
  -1.1808630e-03
  -6.5566590e-04
   4.8728550e-06
   5.5898750e-04
   8.2779860e-04
   9.6855980e-04
   1.0887740e-03
   9.7397620e-04
   6.1936490e-04
   3.3619800e-04
   3.2539620e-04
   2.3918130e-04
  -2.6831200e-04
  -8.9967360e-04
  -1.4332470e-03
  -2.1245860e-03
  -3.1466030e-03
  -4.1955040e-03
  -4.9670300e-03
  -5.6067300e-03
  -6.1506300e-03
  -6.4790460e-03
  -6.6801510e-03
  -6.7061840e-03
  -6.3705410e-03
  -5.6766850e-03
  -4.8209630e-03
  -3.9580890e-03
  -3.0370830e-03
  -2.0819260e-03
  -1.1663440e-03
  -1.1231450e-04
   1.2627070e-03
   2.8758190e-03
   4.6023230e-03
   6.4273330e-03
   8.2719930e-03
   1.0044020e-02
   1.1796660e-02
   1.3808230e-02
   1.6025500e-02
   1.7948700e-02
   1.9303470e-02
   2.0322300e-02
   2.1219550e-02
   2.1883420e-02
   2.2151100e-02
   2.2057840e-02
   2.1724470e-02
   2.1078580e-02
   1.9877020e-02
   1.8210870e-02
   1.6343570e-02
   1.4496020e-02
   1.2676750e-02
   1.0811520e-02
   9.0925900e-03
   7.6355650e-03
   6.2188620e-03
   4.6418600e-03
   3.1139820e-03
   1.8929450e-03
   9.1101400e-04
   1.6002720e-05
  -6.9756060e-04
  -1.1427200e-03
  -1.4561180e-03
  -1.8580730e-03
  -2.2778310e-03
  -2.4965070e-03
  -2.4671860e-03
  -2.1208300e-03
  -1.4332850e-03
  -6.0765570e-04
   1.1560780e-04
   7.1687400e-04
   1.3646800e-03
   1.9982930e-03
   2.4169880e-03
   2.5120560e-03
   2.2901000e-03
   1.8158990e-03
   1.2502650e-03
   7.7235870e-04
   3.6163320e-04
  -1.9858710e-04
  -8.9511710e-04
  -1.5669590e-03
  -2.2027680e-03
  -2.8076180e-03
  -3.3224210e-03
  -3.5523410e-03
  -3.3487340e-03
  -2.9247430e-03
  -2.3195440e-03
  -1.4531170e-03
  -4.5744980e-04
   5.0692780e-04
   1.4624020e-03
   2.3760430e-03
   3.1799590e-03
   3.6622260e-03
   4.0018790e-03
   4.5026800e-03
   5.1239980e-03
   5.6548120e-03
   5.9183070e-03
   6.1223270e-03
   6.4574210e-03
   6.7187910e-03
   6.7231720e-03
   6.6924140e-03
   6.9294120e-03
   7.4253010e-03
   7.9491720e-03
   8.4865700e-03
   9.0713870e-03
   9.6120010e-03
   1.0084440e-02
   1.0563870e-02
   1.1072640e-02
   1.1505350e-02
   1.1730570e-02
   1.1968460e-02
   1.2196640e-02
   1.2151120e-02
   1.1850410e-02
   1.1427680e-02
   1.0903680e-02
   1.0243080e-02
   9.4451510e-03
   8.7504000e-03
   8.2327940e-03
   7.6651660e-03
   7.1341560e-03
   6.7644170e-03
   6.4304580e-03
   5.9409850e-03
   5.2521660e-03
   4.4305660e-03
   3.5743580e-03
   2.6428580e-03
   1.7184230e-03
   1.0872280e-03
   8.6587170e-04
   8.8888000e-04
   1.0401390e-03
   1.4589790e-03
   2.1184380e-03
   2.8047080e-03
   3.2815830e-03
   3.6289400e-03
   4.0041220e-03
   4.2781340e-03
   4.3155010e-03
   4.1640760e-03
   3.8432740e-03
   3.4201040e-03
   2.9904540e-03
   2.6685290e-03
   2.5282930e-03
   2.3638620e-03
   1.9800450e-03
   1.4470540e-03
   9.0925900e-04
   3.2594600e-04
  -3.3942620e-04
  -1.1061090e-03
  -1.9380970e-03
  -2.8132940e-03
  -3.7013680e-03
  -4.4656290e-03
  -5.1357500e-03
  -5.8577580e-03
  -6.5610630e-03
  -6.9725700e-03
  -7.1024280e-03
  -7.2225930e-03
  -7.4633230e-03
  -7.6940270e-03
  -7.7959340e-03
  -7.9413380e-03
  -8.3567000e-03
  -8.9205430e-03
  -9.4361400e-03
  -9.9640610e-03
  -1.0615930e-02
  -1.1172380e-02
  -1.1455760e-02
  -1.1724670e-02
  -1.2333540e-02
  -1.3132520e-02
  -1.3706400e-02
  -1.3976290e-02
  -1.4227020e-02
  -1.4547220e-02
  -1.4752800e-02
  -1.4718870e-02
  -1.4557750e-02
  -1.4276770e-02
  -1.3683620e-02
  -1.2943640e-02
  -1.2324930e-02
  -1.1710820e-02
  -1.0899000e-02
  -9.9378590e-03
  -9.0134100e-03
  -8.1999640e-03
  -7.2990310e-03
  -6.1693730e-03
  -5.0439700e-03
  -4.1213680e-03
  -3.2922880e-03
  -2.6004980e-03
  -2.0979830e-03
  -1.8119300e-03
  -1.8951830e-03
  -2.3605070e-03
  -3.0149910e-03
  -3.7062980e-03
  -4.5775690e-03
  -5.7645100e-03
  -7.1564430e-03
  -8.4622820e-03
  -9.5621920e-03
  -1.0637020e-02
  -1.1784280e-02
  -1.2885320e-02
  -1.3817680e-02
  -1.4591070e-02
  -1.5276660e-02
  -1.5896920e-02
  -1.6344950e-02
  -1.6497220e-02
  -1.6403910e-02
  -1.6134950e-02
  -1.5680480e-02
  -1.5083860e-02
  -1.4321820e-02
  -1.3417590e-02
  -1.2476220e-02
  -1.1413430e-02
  -1.0103580e-02
  -8.5546650e-03
  -6.6449840e-03
  -4.4664050e-03
  -2.4252240e-03
  -5.2187540e-04
   1.5466970e-03
   3.6311400e-03
   5.2212750e-03
   6.2856150e-03
   7.2936700e-03
   8.2232680e-03
   8.6240320e-03
   8.5468700e-03
   8.4038370e-03
   8.1982160e-03
   7.7321060e-03
   7.1555640e-03
   6.8286010e-03
   6.8185690e-03
   6.8609300e-03
   6.7291190e-03
   6.4073090e-03
   5.8707160e-03
   5.0944980e-03
   4.1718270e-03
   3.1868450e-03
   2.2049340e-03
   1.2153390e-03
   1.2055670e-04
  -1.2403490e-03
  -2.7281750e-03
  -4.0787960e-03
  -5.3310830e-03
  -6.6268720e-03
  -7.8475860e-03
  -8.9336840e-03
  -9.9188020e-03
  -1.0645280e-02
  -1.1029400e-02
  -1.1176130e-02
  -1.1207070e-02
  -1.1067730e-02
  -1.0777900e-02
  -1.0469960e-02
  -1.0109320e-02
  -9.3370110e-03
  -8.1135990e-03
  -6.7446110e-03
  -5.1603180e-03
  -3.1655550e-03
  -8.9656350e-04
   1.2671530e-03
   3.3535500e-03
   5.4662420e-03
   7.2714230e-03
   8.5283100e-03
   9.5150860e-03
   1.0527090e-02
   1.1415320e-02
   1.2096520e-02
   1.2855610e-02
   1.3805160e-02
   1.4675350e-02
   1.5345730e-02
   1.5910800e-02
   1.6253380e-02
   1.6037050e-02
   1.5111510e-02
   1.3790120e-02
   1.2358980e-02
   1.0871570e-02
   9.3536820e-03
   7.9131980e-03
   6.6645470e-03
   5.5141080e-03
   4.3563550e-03
   3.2107980e-03
   2.2347510e-03
   1.4141200e-03
   3.9072470e-04
  -8.8340420e-04
  -1.9477370e-03
  -2.8268640e-03
  -3.7151670e-03
  -4.5650280e-03
  -5.4311710e-03
  -6.3611750e-03
  -7.2935590e-03
  -8.0493100e-03
  -8.4674580e-03
  -8.6153620e-03
  -8.5286340e-03
  -7.8967840e-03
  -6.4876610e-03
  -4.5353410e-03
  -2.5005970e-03
  -4.2049000e-04
   1.8871180e-03
   4.3127730e-03
   6.5059600e-03
   8.3102720e-03
   9.9096130e-03
   1.1522160e-02
   1.3128820e-02
   1.4499290e-02
   1.5722430e-02
   1.7119140e-02
   1.8728290e-02
   2.0324500e-02
   2.1645820e-02
   2.2556340e-02
   2.3066140e-02
   2.3065070e-02
   2.2282570e-02
   2.0776900e-02
   1.8872770e-02
   1.6715270e-02
   1.4177780e-02
   1.1522110e-02
   9.2692890e-03
   7.4205720e-03
   5.5881350e-03
   3.6517570e-03
   1.9113260e-03
   5.3861300e-04
  -7.3442750e-04
  -2.1355970e-03
  -3.2850160e-03
  -3.6592280e-03
  -3.7169590e-03
  -4.2534170e-03
  -5.2556610e-03
  -5.9315560e-03
  -6.0574070e-03
  -6.2160710e-03
  -6.6102640e-03
  -6.8274690e-03
  -6.6952960e-03
  -6.4810010e-03
  -6.3278500e-03
  -6.0246290e-03
  -5.4083670e-03
  -4.7517450e-03
  -4.2701640e-03
  -4.0606750e-03
  -4.0586260e-03
  -3.9533730e-03
  -3.9862600e-03
  -4.5841350e-03
  -5.4434640e-03
  -5.9344540e-03
  -6.0549090e-03
  -6.5295580e-03
  -7.6279370e-03
  -8.7226410e-03
  -9.5490520e-03
  -1.0711070e-02
  -1.2619610e-02
  -1.4605860e-02
  -1.5965530e-02
  -1.6800880e-02
  -1.7639600e-02
  -1.8538390e-02
  -1.9127930e-02
  -1.9187100e-02
  -1.8780690e-02
  -1.8129000e-02
  -1.7371180e-02
  -1.6422980e-02
  -1.5302980e-02
  -1.4139570e-02
  -1.2906820e-02
  -1.1447700e-02
  -9.5505210e-03
  -7.2797550e-03
  -5.1568910e-03
  -3.5759420e-03
  -2.2896210e-03
  -7.8554940e-04
   9.7573410e-04
   2.6888720e-03
   4.3435690e-03
   6.1909270e-03
   8.4477310e-03
   1.1164100e-02
   1.4203570e-02
   1.7375880e-02
   2.0346760e-02
   2.2900940e-02
   2.5079960e-02
   2.6849740e-02
   2.8005070e-02
   2.8392940e-02
   2.8128250e-02
   2.7388370e-02
   2.6019790e-02
   2.3930000e-02
   2.1482570e-02
   1.9089470e-02
   1.6686190e-02
   1.3749050e-02
   9.9236690e-03
   5.6926490e-03
   1.9466600e-03
  -1.0166160e-03
  -3.6687970e-03
  -6.4415160e-03
  -8.9787490e-03
  -1.0775740e-02
  -1.2151120e-02
  -1.3717260e-02
  -1.5361870e-02
  -1.6743480e-02
  -1.7795870e-02
  -1.8251820e-02
  -1.7820080e-02
  -1.6906950e-02
  -1.6395350e-02
  -1.6336550e-02
  -1.5731290e-02
  -1.3905230e-02
  -1.1610260e-02
  -9.9013800e-03
  -8.6745160e-03
  -7.3056890e-03
  -5.7051080e-03
  -4.3883730e-03
  -3.6532880e-03
  -3.2534410e-03
  -3.0956290e-03
  -3.5319570e-03
  -4.6625120e-03
  -6.0480800e-03
  -7.2504820e-03
  -8.0180750e-03
  -8.1856290e-03
  -7.7535340e-03
  -6.8989710e-03
  -6.2054720e-03
  -6.2795810e-03
  -6.6889350e-03
  -6.3269000e-03
  -5.1663120e-03
  -4.2748010e-03
  -4.1672590e-03
  -4.0753340e-03
  -3.1168750e-03
  -1.4846600e-03
   2.7699830e-04
   2.1795410e-03
   4.1713690e-03
   5.9399630e-03
   7.2250330e-03
   7.9767730e-03
   8.4144030e-03
   8.6767820e-03
   8.6868180e-03
   8.6211640e-03
   8.7689900e-03
   8.8604520e-03
   8.2663180e-03
   6.9876830e-03
   5.7116240e-03
   4.7173040e-03
   3.3185960e-03
   1.0812960e-03
  -1.4993820e-03
  -4.0411310e-03
  -6.8283890e-03
  -1.0047420e-02
  -1.3151010e-02
  -1.5545180e-02
  -1.7611370e-02
  -2.0089580e-02
  -2.2649370e-02
  -2.4555230e-02
  -2.5930670e-02
  -2.7202480e-02
  -2.7858350e-02
  -2.7125120e-02
  -2.5519270e-02
  -2.4356470e-02
  -2.3633830e-02
  -2.2081110e-02
  -1.9224600e-02
  -1.5973130e-02
  -1.3155790e-02
  -1.0742820e-02
  -8.1817150e-03
  -5.2218010e-03
  -2.0511340e-03
   1.3554840e-03
   4.8702770e-03
   7.7035850e-03
   9.3341840e-03
   1.0525830e-02
   1.2587530e-02
   1.5691040e-02
   1.8672380e-02
   2.0098640e-02
   1.9486480e-02
   1.7659450e-02
   1.6398080e-02
   1.6789050e-02
   1.7464010e-02
   1.6098860e-02
   1.3087730e-02
   1.0842520e-02
   9.5757970e-03
   7.2711880e-03
   3.4189490e-03
  -1.2007280e-04
  -2.3575910e-03
  -4.5321700e-03
  -7.9118110e-03
  -1.2311230e-02
  -1.6515880e-02
  -1.9329650e-02
  -2.0380470e-02
  -2.0376120e-02
  -1.9946080e-02
  -1.8806080e-02
  -1.6980520e-02
  -1.5550370e-02
  -1.4777780e-02
  -1.3289410e-02
  -1.0329640e-02
  -7.5180150e-03
  -6.4409600e-03
  -6.1609880e-03
  -5.0162810e-03
  -3.1913340e-03
  -1.6222910e-03
  -1.4213710e-04
   1.4502930e-03
   2.4059060e-03
   2.3421300e-03
   1.7988240e-03
   1.4138230e-03
   1.3088720e-03
   1.2711770e-03
   9.4956500e-04
  -7.2674520e-06
  -1.4262800e-03
  -2.7591710e-03
  -3.9514700e-03
  -5.4086220e-03
  -7.0259940e-03
  -7.5838130e-03
  -5.8670120e-03
  -2.7033790e-03
  -6.7669820e-04
  -7.6927260e-04
  -1.2128180e-03
   2.7790210e-04
   4.8304860e-03
   1.1747590e-02
   1.8059520e-02
   2.0482890e-02
   1.9225640e-02
   1.7462400e-02
   1.7200670e-02
   1.8055560e-02
   1.8985080e-02
   1.8934600e-02
   1.7218520e-02
   1.4755340e-02
   1.3088380e-02
   1.2506100e-02
   1.2403380e-02
   1.2622670e-02
   1.3049640e-02
   1.2903370e-02
   1.1929820e-02
   1.0725360e-02
   9.2065100e-03
   6.9401570e-03
   4.9339600e-03
   4.3068420e-03
   4.2854940e-03
   3.4990570e-03
   2.4296290e-03
   2.3216060e-03
   3.0931630e-03
   4.4511550e-03
   7.3086400e-03
   1.1345200e-02
   1.3426650e-02
   1.1871720e-02
   9.8082830e-03
   1.0475860e-02
   1.2134830e-02
   1.1868530e-02
   1.0940610e-02
   1.1814920e-02
   1.2887940e-02
   1.1672770e-02
   1.0051050e-02
   1.0948050e-02
   1.3165840e-02
   1.3899280e-02
   1.3078890e-02
   1.2133720e-02
   1.1273610e-02
   1.0075680e-02
   8.6961820e-03
   7.3595710e-03
   5.9672840e-03
   4.5531870e-03
   3.4248850e-03
   2.5730540e-03
   1.6584110e-03
   6.8976130e-04
   1.6770630e-04
  -3.1982570e-05
  -7.3982460e-04
  -1.8932630e-03
  -2.3931060e-03
  -1.8214450e-03
  -1.1641490e-03
  -1.1092080e-03
  -1.0493270e-03
  -4.5431820e-04
   2.2720210e-04
   5.0452110e-04
   7.3959610e-04
   1.5165370e-03
   2.7380840e-03
   3.7025890e-03
   3.9825860e-03
   4.0464720e-03
   4.7222500e-03
   6.0168850e-03
   7.0304300e-03
   7.1156680e-03
   6.6164800e-03
   6.2136540e-03
   6.1153240e-03
   6.3964890e-03
   7.0957810e-03
   7.8895310e-03
   8.5219420e-03
   9.2259830e-03
   1.0082900e-02
   1.0740620e-02
   1.0998420e-02
   1.1158230e-02
   1.1260420e-02
   1.1185640e-02
   1.1256900e-02
   1.1572280e-02
   1.1717390e-02
   1.1176410e-02
   9.9815630e-03
   8.4114460e-03
   6.3259460e-03
   3.8006300e-03
   1.4503910e-03
  -6.8312900e-04
  -3.1142770e-03
