   6.1151600e-02
   6.0608500e-02
   6.0477500e-02
   6.0117600e-02
   5.8616600e-02
   5.5762800e-02
   5.1701400e-02
   4.6640600e-02
   4.1047500e-02
   3.4735700e-02
   2.7918800e-02
   2.1431000e-02
   1.5958500e-02
   1.1463500e-02
   7.6989600e-03
   5.0767600e-03
   3.7324700e-03
   3.5531900e-03
   3.8080700e-03
   3.3842800e-03
   3.0758100e-03
   3.2120300e-03
   3.1633300e-03
   2.9843900e-03
   2.5580200e-03
   2.0552300e-03
   1.5973900e-03
   1.6502000e-03
   1.7699500e-03
   1.5021300e-03
   1.7347800e-03
   1.4592200e-03
   4.5720200e-04
  -3.3262800e-04
  -1.2126500e-03
  -2.0800800e-03
  -3.3494500e-03
  -5.0142400e-03
  -6.6171200e-03
  -8.5969700e-03
  -1.1049700e-02
  -1.3412600e-02
  -1.6156900e-02
  -1.9973400e-02
  -2.4191600e-02
  -2.8796800e-02
  -3.3412900e-02
  -3.7843600e-02
  -4.2994500e-02
  -4.8362300e-02
  -5.3805600e-02
  -5.9422000e-02
  -6.5062500e-02
  -7.0458100e-02
  -7.5008200e-02
  -8.0000400e-02
  -8.5700000e-02
  -9.0422600e-02
  -9.4452400e-02
  -9.8942700e-02
  -1.0315000e-01
  -1.0637100e-01
  -1.0908900e-01
  -1.1190100e-01
  -1.1411800e-01
  -1.1509700e-01
  -1.1574000e-01
  -1.1586600e-01
  -1.1576500e-01
  -1.1560700e-01
  -1.1476500e-01
  -1.1365700e-01
  -1.1226100e-01
  -1.1084200e-01
  -1.1004500e-01
  -1.0979300e-01
  -1.0902700e-01
  -1.0740700e-01
  -1.0647200e-01
  -1.0607700e-01
  -1.0502900e-01
  -1.0393900e-01
  -1.0362800e-01
  -1.0386400e-01
  -1.0425400e-01
  -1.0475300e-01
  -1.0435200e-01
  -1.0233600e-01
  -9.9906900e-02
  -9.7295800e-02
  -9.3667600e-02
  -8.9546300e-02
  -8.4913500e-02
  -7.9835200e-02
  -7.4807700e-02
  -6.9927600e-02
  -6.5686700e-02
  -6.1503800e-02
  -5.6599400e-02
  -5.1240300e-02
  -4.5888100e-02
  -4.1076400e-02
  -3.6727400e-02
  -3.2043100e-02
  -2.7812900e-02
  -2.4815100e-02
  -2.1866200e-02
  -1.8053600e-02
  -1.2990000e-02
  -6.9681500e-03
  -1.2771900e-03
   4.3845400e-03
   1.0706400e-02
   1.7226700e-02
   2.3833600e-02
   2.9376700e-02
   3.3740400e-02
   3.7158900e-02
   3.9149700e-02
   3.9990100e-02
   3.9749400e-02
   3.9205800e-02
   3.7925600e-02
   3.5253000e-02
   3.1816500e-02
   2.7468000e-02
   2.2485100e-02
   1.8261600e-02
   1.5666400e-02
   1.4886100e-02
   1.5492100e-02
   1.6789100e-02
   1.9396000e-02
   2.3408700e-02
   2.7846900e-02
   3.1847100e-02
   3.3554200e-02
   3.2471800e-02
   2.9926700e-02
   2.6136700e-02
   1.9903200e-02
   1.2128500e-02
   4.8299200e-03
  -2.2697100e-03
  -9.1285600e-03
  -1.5935700e-02
  -2.3307700e-02
  -3.0314600e-02
  -3.6019500e-02
  -4.1074000e-02
  -4.6247700e-02
  -5.1169700e-02
  -5.5177100e-02
  -5.7604000e-02
  -5.9073100e-02
  -6.0799800e-02
  -6.2065900e-02
  -6.2423600e-02
  -6.2497900e-02
  -6.1720500e-02
  -5.9751300e-02
  -5.6845900e-02
  -5.2914800e-02
  -4.8220600e-02
  -4.3211700e-02
  -3.8399800e-02
  -3.3354300e-02
  -2.6924100e-02
  -1.9826700e-02
  -1.3367400e-02
  -7.3335400e-03
  -7.0653300e-04
   6.6013000e-03
   1.3140500e-02
   1.9140300e-02
   2.4020300e-02
   2.6089100e-02
   2.6707700e-02
   2.7133800e-02
   2.7872100e-02
   2.7811700e-02
   2.5361700e-02
   2.1169200e-02
   1.6016600e-02
   1.0324400e-02
   4.1061800e-03
  -3.2681300e-03
  -1.2476100e-02
  -2.2652600e-02
  -3.1937100e-02
  -4.0619800e-02
  -4.9826800e-02
  -5.8972700e-02
  -6.7219900e-02
  -7.4399600e-02
  -8.0716000e-02
  -8.6489000e-02
  -9.1913000e-02
  -9.6441400e-02
  -9.9787800e-02
  -1.0264600e-01
  -1.0537400e-01
  -1.0762800e-01
  -1.0915300e-01
  -1.1051300e-01
  -1.1212000e-01
  -1.1358700e-01
  -1.1415600e-01
  -1.1380000e-01
  -1.1314600e-01
  -1.1214200e-01
  -1.1019600e-01
  -1.0722200e-01
  -1.0355800e-01
  -9.8276200e-02
  -9.0682700e-02
  -8.1751600e-02
  -7.2078400e-02
  -6.2148300e-02
  -5.2241500e-02
  -4.2332400e-02
  -3.2717000e-02
  -2.3565900e-02
  -1.5932400e-02
  -1.0744200e-02
  -7.5866300e-03
  -6.1100500e-03
  -5.3293200e-03
  -5.0364200e-03
  -6.0793100e-03
  -8.0458000e-03
  -1.0612500e-02
  -1.4046000e-02
  -1.7154000e-02
  -1.8990000e-02
  -2.0254800e-02
  -2.0714200e-02
  -2.0909900e-02
  -2.0837000e-02
  -1.9669700e-02
  -1.7729600e-02
  -1.5481300e-02
  -1.4199200e-02
  -1.4206400e-02
  -1.4454800e-02
  -1.4579900e-02
  -1.5263900e-02
  -1.7174600e-02
  -1.9493000e-02
  -2.0245400e-02
  -1.9703500e-02
  -1.8728600e-02
  -1.6529100e-02
  -1.3115900e-02
  -7.7177800e-03
  -3.0754400e-04
   7.6343900e-03
   1.6253900e-02
   2.5350500e-02
   3.4486300e-02
   4.4466400e-02
   5.4324500e-02
   6.2918000e-02
   7.0724200e-02
   7.7354000e-02
   8.4041400e-02
   9.0813500e-02
   9.6047000e-02
   1.0018900e-01
   1.0367900e-01
   1.0643700e-01
   1.0836300e-01
   1.0997800e-01
   1.1058700e-01
   1.1000900e-01
   1.0845000e-01
   1.0499700e-01
   1.0055600e-01
   9.5846300e-02
   9.1040100e-02
   8.7086200e-02
   8.3440200e-02
   7.9550700e-02
   7.6552800e-02
   7.4383700e-02
   7.2941700e-02
   7.2137800e-02
   7.0997300e-02
   7.0964500e-02
   7.2376400e-02
   7.4427100e-02
   7.8836300e-02
   8.5994000e-02
   9.5023800e-02
   1.0609200e-01
   1.1819400e-01
   1.2973900e-01
   1.4101700e-01
   1.5247000e-01
   1.6307200e-01
   1.7249600e-01
   1.8049700e-01
   1.8753500e-01
   1.9465900e-01
   2.0028400e-01
   2.0439200e-01
   2.0749700e-01
   2.0905100e-01
   2.0974800e-01
   2.1048900e-01
   2.1092300e-01
   2.1045100e-01
   2.0978200e-01
   2.0804500e-01
   2.0523400e-01
   2.0283000e-01
   2.0048700e-01
   1.9806600e-01
   1.9525900e-01
   1.9220300e-01
   1.8962800e-01
   1.8732900e-01
   1.8458500e-01
   1.8087600e-01
   1.7667600e-01
   1.7170800e-01
   1.6622500e-01
   1.6038300e-01
   1.5323200e-01
   1.4439300e-01
   1.3200300e-01
   1.1412600e-01
   9.1218500e-02
   6.4647100e-02
   3.6702200e-02
   9.0496000e-03
  -1.6745200e-02
  -3.9230300e-02
  -5.8777400e-02
  -7.5415100e-02
  -8.8714600e-02
  -9.8641200e-02
  -1.0624800e-01
  -1.1155800e-01
  -1.1450700e-01
  -1.1603800e-01
  -1.1660600e-01
  -1.1657800e-01
  -1.1598700e-01
  -1.1487800e-01
  -1.1299500e-01
  -1.1074000e-01
  -1.0838300e-01
  -1.0615800e-01
  -1.0254600e-01
  -9.7364500e-02
  -9.1956600e-02
  -8.4324300e-02
  -7.3613300e-02
  -6.0257000e-02
  -4.3262300e-02
  -2.3192900e-02
  -2.9598300e-03
   1.7282500e-02
   3.7267600e-02
   5.5065500e-02
   6.9723900e-02
   8.1251300e-02
   9.0568800e-02
   9.7110900e-02
   1.0014200e-01
   1.0014700e-01
   9.7445300e-02
   9.2933000e-02
   8.7119600e-02
   8.0851400e-02
   7.4422400e-02
   6.7032500e-02
   6.0351700e-02
   5.3434300e-02
   4.5373100e-02
   3.7868300e-02
   2.9446800e-02
   1.9096100e-02
   8.0273100e-03
  -2.7909600e-03
  -1.4947700e-02
  -2.8979600e-02
  -4.2168700e-02
  -5.2149900e-02
  -5.9411300e-02
  -6.5566600e-02
  -6.8920400e-02
  -6.8868500e-02
  -6.6725000e-02
  -6.2533900e-02
  -5.5375900e-02
  -4.5384100e-02
  -3.4375000e-02
  -2.3777200e-02
  -1.3981000e-02
  -4.5592600e-03
   4.3413000e-03
   1.2230100e-02
   1.9016200e-02
   2.5949200e-02
   3.3708900e-02
   4.2153700e-02
   5.1185700e-02
   6.0597100e-02
   6.9927600e-02
   7.8177500e-02
   8.5621600e-02
   9.2347300e-02
   9.8698700e-02
   1.0366300e-01
   1.0693700e-01
   1.0959100e-01
   1.1023300e-01
   1.0961900e-01
   1.0887200e-01
   1.0705000e-01
   1.0404900e-01
   1.0040600e-01
   9.7315700e-02
   9.4231000e-02
   9.1552900e-02
   9.0285400e-02
   9.0074200e-02
   9.1821800e-02
   9.4627600e-02
   9.8135900e-02
   1.0317000e-01
   1.0935000e-01
   1.1559400e-01
   1.2145300e-01
   1.2732900e-01
   1.3255800e-01
   1.3764100e-01
   1.4278000e-01
   1.4623600e-01
   1.4940400e-01
   1.5355800e-01
   1.5712800e-01
   1.6103100e-01
   1.6538300e-01
   1.6879100e-01
   1.7234800e-01
   1.7590600e-01
   1.7921700e-01
   1.8238100e-01
   1.8454600e-01
   1.8701700e-01
   1.8838700e-01
   1.8813100e-01
   1.8891900e-01
   1.8850200e-01
   1.8599400e-01
   1.8227200e-01
   1.7613400e-01
   1.6830000e-01
   1.5817300e-01
   1.4508900e-01
   1.2852300e-01
   1.0823800e-01
   8.6270700e-02
   6.4707900e-02
   4.5639200e-02
   2.8165300e-02
   1.0305300e-02
  -8.5178300e-03
  -2.6663700e-02
  -4.1592600e-02
  -5.3268000e-02
  -6.1853100e-02
  -6.8436600e-02
  -7.5995100e-02
  -8.3518300e-02
  -8.9062300e-02
  -9.3710000e-02
  -9.8009500e-02
  -1.0286300e-01
  -1.0927700e-01
  -1.1659400e-01
  -1.2350800e-01
  -1.3058600e-01
  -1.3891300e-01
  -1.4718700e-01
  -1.5455500e-01
  -1.6361300e-01
  -1.7378500e-01
  -1.8296900e-01
  -1.9188800e-01
  -2.0068200e-01
  -2.1099100e-01
  -2.2100000e-01
  -2.2822300e-01
  -2.3463600e-01
  -2.4045100e-01
  -2.4651700e-01
  -2.5216400e-01
  -2.5637600e-01
  -2.6056300e-01
  -2.6372600e-01
  -2.6597200e-01
  -2.6799900e-01
  -2.6866800e-01
  -2.6864100e-01
  -2.6709400e-01
  -2.6261600e-01
  -2.5868000e-01
  -2.5515500e-01
  -2.4956900e-01
  -2.4303500e-01
  -2.3523700e-01
  -2.2630900e-01
  -2.1767300e-01
  -2.0709000e-01
  -1.9407100e-01
  -1.7895400e-01
  -1.5922700e-01
  -1.3867300e-01
  -1.1940900e-01
  -9.9868400e-02
  -8.3384500e-02
  -6.9341600e-02
  -5.6412000e-02
  -4.6934100e-02
  -4.1235400e-02
  -3.8580600e-02
  -3.8497000e-02
  -4.0736200e-02
  -4.4577700e-02
  -5.0722500e-02
  -5.8907900e-02
  -6.5952400e-02
  -7.1569900e-02
  -7.7828400e-02
  -8.4089200e-02
  -8.9139100e-02
  -9.3406400e-02
  -9.5986100e-02
  -9.6847800e-02
  -9.7321000e-02
  -9.6418900e-02
  -9.4646000e-02
  -9.2297000e-02
  -8.8222700e-02
  -8.1274800e-02
  -7.1132700e-02
  -6.0201600e-02
  -4.7894700e-02
  -3.4688900e-02
  -2.3617400e-02
  -1.3704300e-02
  -4.4957300e-03
   3.3864000e-03
   1.0092500e-02
   1.5771600e-02
   2.1078000e-02
   2.4297800e-02
   2.5194600e-02
   2.4913800e-02
   2.2223100e-02
   1.7609700e-02
   1.1421300e-02
   4.4006900e-03
  -1.6895600e-03
  -7.6811400e-03
  -1.3474700e-02
  -1.8440400e-02
  -2.2645200e-02
  -2.5836500e-02
  -2.8128800e-02
  -3.0438800e-02
  -3.3009900e-02
  -3.5185200e-02
  -3.8297500e-02
  -4.1738200e-02
  -4.4519600e-02
  -4.7165100e-02
  -4.9172800e-02
  -5.0817600e-02
  -5.1649200e-02
  -5.1395700e-02
  -4.9829500e-02
  -4.7234800e-02
  -4.4047800e-02
  -3.9542200e-02
  -3.5284000e-02
  -3.1224200e-02
  -2.5915800e-02
  -2.0265500e-02
  -1.4227500e-02
  -7.3434300e-03
  -8.3214600e-05
   7.3105800e-03
   1.4536600e-02
   2.0986700e-02
   2.6054700e-02
   3.0241400e-02
   3.3902900e-02
   3.6770700e-02
   3.8562000e-02
   3.9370400e-02
   4.0198800e-02
   4.0963700e-02
   4.2322800e-02
   4.5063300e-02
   4.8988700e-02
   5.3855800e-02
   5.9470300e-02
   6.6740100e-02
   7.5336500e-02
   8.4146300e-02
   9.3418300e-02
   1.0262600e-01
   1.1121100e-01
   1.1912600e-01
   1.2651900e-01
   1.3392500e-01
   1.3945300e-01
   1.4278800e-01
   1.4516900e-01
   1.4623500e-01
   1.4686700e-01
   1.4634700e-01
   1.4401400e-01
   1.4115000e-01
   1.3744000e-01
   1.3222700e-01
   1.2524700e-01
   1.1784300e-01
   1.1029800e-01
   1.0230500e-01
   9.3974600e-02
   8.5478300e-02
   7.8606600e-02
   7.3720000e-02
   7.0669700e-02
   6.8829100e-02
   6.7524500e-02
   6.7254700e-02
   6.8152500e-02
   6.9761400e-02
   7.1330900e-02
   7.2901100e-02
   7.4041800e-02
   7.4049000e-02
   7.3336200e-02
   7.1409200e-02
   6.8140200e-02
   6.3414200e-02
   5.7293500e-02
   5.1339500e-02
   4.5613000e-02
   3.9686400e-02
   3.4992500e-02
   3.1897100e-02
   2.9507100e-02
   2.8636700e-02
   2.9055200e-02
   2.8959300e-02
   2.9579300e-02
   3.1412900e-02
   3.3364900e-02
   3.5607600e-02
   3.7473900e-02
   3.8669000e-02
   3.9186200e-02
   3.8929700e-02
   3.8402000e-02
   3.8008000e-02
   3.7110900e-02
   3.6038400e-02
   3.5220600e-02
   3.3760200e-02
   3.2999100e-02
   3.2775900e-02
   3.1561200e-02
   2.9381300e-02
   2.6677300e-02
   2.2843500e-02
   1.7414800e-02
   1.1818900e-02
   4.6893400e-03
  -3.4489400e-03
  -9.9836100e-03
  -1.6312100e-02
  -2.2941700e-02
  -2.8134100e-02
  -3.2184600e-02
  -3.5814200e-02
  -3.8114600e-02
  -3.8103200e-02
  -3.7193900e-02
  -3.5165700e-02
  -2.9971300e-02
  -2.2836600e-02
  -1.3338800e-02
  -2.3178300e-03
   8.6433300e-03
   2.0790000e-02
   3.3207400e-02
   4.4853800e-02
   5.4825400e-02
   6.1978500e-02
   6.7141200e-02
   7.0798700e-02
   7.2427500e-02
   7.1382700e-02
   6.6787000e-02
   5.9947400e-02
   5.1760500e-02
   4.1851100e-02
   3.1841100e-02
   2.2885200e-02
   1.5339600e-02
   8.3568200e-03
   1.7420000e-03
  -3.1508000e-03
  -6.0844200e-03
  -7.5149400e-03
  -9.5408400e-03
  -1.2672800e-02
  -1.5056200e-02
  -1.7787700e-02
  -2.1140400e-02
  -2.4392800e-02
  -2.8813000e-02
  -3.3743200e-02
  -3.9785300e-02
  -4.6319000e-02
  -5.1586300e-02
  -5.7218600e-02
  -6.3245100e-02
  -6.8610800e-02
  -7.4019700e-02
  -7.9377300e-02
  -8.4269100e-02
  -8.9712800e-02
  -9.4532300e-02
  -9.8255800e-02
  -1.0312900e-01
  -1.0787000e-01
  -1.1083700e-01
  -1.1394300e-01
  -1.1666600e-01
  -1.1789300e-01
  -1.1852100e-01
  -1.1849300e-01
  -1.1777800e-01
  -1.1661700e-01
  -1.1439300e-01
  -1.1106700e-01
  -1.0731100e-01
  -1.0242200e-01
  -9.5631300e-02
  -8.7242900e-02
  -7.7608300e-02
  -6.7039200e-02
  -5.5067400e-02
  -4.0483600e-02
  -2.4019700e-02
  -7.6040900e-03
   8.0666600e-03
   2.2154000e-02
   3.5004800e-02
   4.7403700e-02
   5.9101400e-02
   7.0379100e-02
   7.9632400e-02
   8.6190800e-02
   9.0604800e-02
   9.3038600e-02
   9.4390900e-02
   9.3820000e-02
   8.9983900e-02
   8.4037600e-02
   7.7875100e-02
   7.0880400e-02
   6.2123900e-02
   5.2640000e-02
   4.3970800e-02
   3.5908400e-02
   2.8107100e-02
   2.1309100e-02
   1.4553400e-02
   6.8337700e-03
  -1.1081900e-03
  -8.2273100e-03
  -1.5020200e-02
  -2.1184200e-02
  -2.6424700e-02
  -3.2299300e-02
  -3.8199900e-02
  -4.3355800e-02
  -4.8046500e-02
  -5.2713600e-02
  -5.7273900e-02
  -6.1276400e-02
  -6.5175400e-02
  -6.9138200e-02
  -7.2552300e-02
  -7.5123200e-02
  -7.7023800e-02
  -7.8596600e-02
  -7.9610700e-02
  -7.9549200e-02
  -7.9650700e-02
  -8.0124800e-02
  -8.0468000e-02
  -8.0387900e-02
  -7.9924500e-02
  -7.9795000e-02
  -7.9606600e-02
  -7.9698600e-02
  -8.0194700e-02
  -8.0349100e-02
  -8.0179100e-02
  -8.0575200e-02
  -8.1248300e-02
  -8.1135600e-02
  -8.1619300e-02
  -8.2811500e-02
  -8.3028400e-02
  -8.3374100e-02
  -8.3797700e-02
  -8.3527500e-02
  -8.3496200e-02
  -8.3546300e-02
  -8.2901300e-02
  -8.1626600e-02
  -8.0898600e-02
  -7.9621900e-02
  -7.7401300e-02
  -7.5564500e-02
  -7.2725600e-02
  -6.7987600e-02
  -6.2013700e-02
  -5.5696600e-02
  -4.9697400e-02
  -4.3252800e-02
  -3.6186600e-02
  -2.9509000e-02
  -2.1718800e-02
  -1.1770400e-02
  -2.4742100e-03
   5.0404200e-03
   1.1728500e-02
   1.7855200e-02
   2.4323900e-02
   3.0643900e-02
   3.5156300e-02
   3.8616300e-02
   4.1544800e-02
   4.3454000e-02
   4.4925800e-02
   4.6421500e-02
   4.7380400e-02
   4.8109600e-02
   4.9169100e-02
   5.0009100e-02
   5.0879700e-02
   5.2483700e-02
   5.4505000e-02
   5.6991100e-02
   5.9943700e-02
   6.2686000e-02
   6.5364300e-02
   6.8079600e-02
   7.0876200e-02
   7.2798000e-02
   7.3072700e-02
   7.2865300e-02
   7.1682600e-02
   6.8743400e-02
   6.5439000e-02
   6.0489000e-02
   5.4552600e-02
   5.0607800e-02
   4.7165600e-02
   4.3874400e-02
   4.1575800e-02
   4.0379700e-02
   4.0609900e-02
   4.2096700e-02
   4.4978200e-02
   4.8496300e-02
   5.2697200e-02
   5.7732400e-02
   6.2577600e-02
   6.7756800e-02
   7.2532800e-02
   7.6094900e-02
   8.0322000e-02
   8.5269100e-02
   8.9473800e-02
   9.2812000e-02
   9.5758600e-02
   9.8590200e-02
   1.0181800e-01
   1.0556800e-01
   1.0917500e-01
   1.1218500e-01
   1.1417800e-01
   1.1672000e-01
   1.2006100e-01
   1.2302400e-01
   1.2646000e-01
   1.2918200e-01
   1.3074600e-01
   1.3173900e-01
   1.3250000e-01
   1.3321700e-01
   1.3325500e-01
   1.3291000e-01
   1.3178100e-01
   1.3033600e-01
   1.2891600e-01
   1.2691200e-01
   1.2448900e-01
   1.2187800e-01
   1.1885100e-01
   1.1465500e-01
   1.1067200e-01
   1.0741400e-01
   1.0311100e-01
   9.7988300e-02
   9.2885600e-02
   8.7769000e-02
   8.1672700e-02
   7.5272800e-02
   6.9171100e-02
   6.1855600e-02
   5.3526200e-02
   4.5289700e-02
   3.7462000e-02
   2.9106300e-02
   2.0668300e-02
   1.2001000e-02
   2.6498400e-03
  -6.3771900e-03
  -1.5062200e-02
  -2.3580400e-02
  -3.1745800e-02
  -3.9046100e-02
  -4.6117300e-02
  -5.3052100e-02
  -5.9435100e-02
  -6.5765500e-02
  -7.1969600e-02
  -7.7838800e-02
  -8.3789100e-02
  -9.0500800e-02
  -9.8161200e-02
  -1.0551200e-01
  -1.1239200e-01
  -1.1920800e-01
  -1.2564100e-01
  -1.3178300e-01
  -1.3717000e-01
  -1.4094200e-01
  -1.4326500e-01
  -1.4491200e-01
  -1.4564700e-01
  -1.4612900e-01
  -1.4593300e-01
  -1.4409600e-01
  -1.4169600e-01
  -1.3835900e-01
  -1.3392800e-01
  -1.2928000e-01
  -1.2385200e-01
  -1.1724200e-01
  -1.0985500e-01
  -1.0160500e-01
  -9.2101500e-02
  -8.1015600e-02
  -6.7673900e-02
  -5.1855200e-02
  -3.5502700e-02
  -2.0745100e-02
  -7.2750700e-03
   7.5233100e-03
   2.4252700e-02
   4.0260900e-02
   5.4107700e-02
   6.4328900e-02
   7.1574000e-02
   7.7586400e-02
   8.1236300e-02
   8.2329300e-02
   8.1184300e-02
   7.8207200e-02
   7.4495600e-02
   7.0911400e-02
   6.7934800e-02
   6.5202200e-02
   6.2988200e-02
   6.1492900e-02
   6.0355100e-02
   6.0029600e-02
   6.0146400e-02
   6.0249100e-02
   6.0513900e-02
   6.0458200e-02
   6.0471900e-02
   6.0615600e-02
   6.0081000e-02
   5.8945500e-02
   5.7177400e-02
   5.4652800e-02
   5.1861600e-02
   4.8687600e-02
   4.4811000e-02
   4.0643700e-02
   3.5822000e-02
   3.0422900e-02
   2.5506100e-02
   2.0935400e-02
   1.6338500e-02
   1.2138200e-02
   8.0698600e-03
   4.0404200e-03
   7.8721400e-04
  -2.1492000e-03
  -4.9734300e-03
  -7.0226600e-03
  -8.8762200e-03
  -1.0766700e-02
  -1.2697300e-02
  -1.5083500e-02
  -1.6891200e-02
  -1.8257300e-02
  -2.0407500e-02
  -2.2922700e-02
  -2.5299400e-02
  -2.7124800e-02
  -2.8386000e-02
  -2.9578000e-02
  -3.0129200e-02
  -2.9740600e-02
  -2.8803300e-02
  -2.7149200e-02
  -2.4722000e-02
  -2.1921900e-02
  -1.8410900e-02
  -1.3858500e-02
  -9.4506700e-03
  -5.3650500e-03
  -1.1369600e-03
   2.0637400e-03
   4.5306100e-03
   7.1269500e-03
   8.7966900e-03
   9.7307800e-03
   1.0672500e-02
   1.1399800e-02
   1.2564000e-02
   1.4066100e-02
   1.5110200e-02
   1.6086500e-02
   1.7405700e-02
   1.9077200e-02
   2.0617000e-02
   2.1532900e-02
   2.2399800e-02
   2.3165800e-02
   2.3501700e-02
   2.3339400e-02
   2.2321200e-02
   2.0575700e-02
   1.7670400e-02
   1.3816100e-02
   9.2920200e-03
   3.9120200e-03
  -1.6046400e-03
  -7.4985800e-03
  -1.3358300e-02
  -1.8507200e-02
  -2.3636900e-02
  -2.8237300e-02
  -3.1920800e-02
  -3.5127300e-02
  -3.7094500e-02
  -3.7410500e-02
  -3.7633200e-02
  -3.7557100e-02
  -3.6257800e-02
  -3.4618600e-02
  -3.2523800e-02
  -2.9886500e-02
  -2.7408700e-02
  -2.5756500e-02
  -2.5019000e-02
  -2.4577900e-02
  -2.4554000e-02
  -2.5271200e-02
  -2.6213500e-02
  -2.7236900e-02
  -2.8047800e-02
  -2.8274600e-02
  -2.8316100e-02
  -2.8434100e-02
  -2.8493300e-02
  -2.8041800e-02
  -2.6589300e-02
  -2.4265800e-02
  -2.1900000e-02
  -1.9719000e-02
  -1.7738700e-02
  -1.6352600e-02
  -1.5098000e-02
  -1.3750400e-02
  -1.3644400e-02
  -1.4107600e-02
  -1.3283400e-02
  -1.3105800e-02
  -1.4236300e-02
  -1.5253700e-02
  -1.7064000e-02
  -1.9387400e-02
  -2.1306200e-02
  -2.3346400e-02
  -2.6122000e-02
  -2.8964700e-02
  -3.1449600e-02
  -3.4166100e-02
  -3.6610000e-02
  -3.8368100e-02
  -3.9716100e-02
  -4.0846500e-02
  -4.1538800e-02
  -4.1559300e-02
  -4.0900300e-02
  -3.9716400e-02
  -3.8778600e-02
  -3.8202500e-02
  -3.6765000e-02
  -3.5160100e-02
  -3.4098300e-02
  -3.2587100e-02
  -3.0984100e-02
  -2.9233300e-02
  -2.7156200e-02
  -2.4838600e-02
  -2.2390400e-02
  -1.9736400e-02
  -1.6611700e-02
  -1.3398200e-02
  -1.0009700e-02
  -6.1207500e-03
  -2.3439400e-03
   6.2535900e-06
   2.1650400e-03
   4.3216200e-03
   4.9859400e-03
   4.8650400e-03
   4.2045700e-03
   2.8503400e-03
   1.0716500e-03
  -1.1329200e-03
  -3.3728500e-03
  -5.2144800e-03
  -7.6979900e-03
  -9.8118000e-03
  -1.0198200e-02
  -1.0932900e-02
  -1.1743000e-02
  -1.1464300e-02
  -1.1671400e-02
  -1.1797400e-02
  -1.0908400e-02
  -1.0907300e-02
  -1.1335000e-02
  -1.1019500e-02
  -1.0816100e-02
  -1.0842300e-02
  -1.0744200e-02
  -1.0163000e-02
  -9.4162900e-03
  -9.4754200e-03
  -1.0094800e-02
  -1.0667300e-02
  -1.1202200e-02
  -1.1762500e-02
  -1.2848500e-02
  -1.4025600e-02
  -1.5435700e-02
  -1.6934100e-02
  -1.7973700e-02
  -1.9252500e-02
  -1.9956000e-02
  -2.0568100e-02
  -2.1359800e-02
  -2.2191500e-02
  -2.3930000e-02
  -2.6151800e-02
  -2.8787100e-02
  -3.1666700e-02
  -3.4890700e-02
  -3.8535700e-02
  -4.2453900e-02
  -4.6487200e-02
  -5.0585300e-02
  -5.4183200e-02
  -5.6544900e-02
  -5.8286100e-02
  -5.9812100e-02
  -6.1479500e-02
  -6.2715700e-02
  -6.3336200e-02
  -6.3436900e-02
  -6.2933200e-02
  -6.2492000e-02
  -6.1486500e-02
  -5.9675600e-02
  -5.7939800e-02
  -5.5806900e-02
  -5.2660900e-02
  -4.9830500e-02
  -4.7192500e-02
  -4.3716300e-02
  -3.9803500e-02
  -3.5428800e-02
  -2.9911100e-02
  -2.3168100e-02
  -1.5908300e-02
  -8.7246700e-03
  -1.6438900e-03
   5.9100100e-03
   1.4533800e-02
   2.2781400e-02
   2.9959200e-02
   3.7082000e-02
   4.2190700e-02
   4.4810700e-02
   4.6993200e-02
   4.8665600e-02
   4.8611900e-02
   4.6915800e-02
   4.4463100e-02
   4.0884500e-02
   3.6658200e-02
   3.2321100e-02
   2.6779100e-02
   2.0751700e-02
   1.6350600e-02
   1.3864600e-02
   1.1718900e-02
   9.9534300e-03
   9.2262800e-03
   8.4024200e-03
   8.4127200e-03
   9.7805200e-03
   1.0795700e-02
   1.0831600e-02
   9.8822200e-03
   8.7089100e-03
   7.4311400e-03
   5.3348800e-03
   3.4281600e-03
   1.9715900e-03
   7.2448100e-05
  -2.5225900e-03
  -5.1656900e-03
  -7.5827700e-03
  -9.8861700e-03
  -1.1579000e-02
  -1.3241300e-02
  -1.5244700e-02
  -1.7005400e-02
  -1.7742800e-02
  -1.7765400e-02
  -1.7634400e-02
  -1.7467500e-02
  -1.7413100e-02
  -1.6702300e-02
  -1.5212500e-02
  -1.3959500e-02
  -1.2740100e-02
  -1.1289500e-02
  -1.0597600e-02
  -1.0357500e-02
  -9.2254200e-03
  -7.3972100e-03
  -5.8328100e-03
  -3.9230400e-03
  -1.4640300e-03
   1.2934400e-03
   4.2412400e-03
   6.2870900e-03
   8.1725800e-03
   1.0540100e-02
   1.1733100e-02
   1.2330800e-02
   1.3022700e-02
   1.2524800e-02
   1.1063900e-02
   9.0758900e-03
   6.4244000e-03
   3.5488200e-03
   5.3304900e-04
  -3.9341900e-03
  -9.2442300e-03
  -1.3601800e-02
  -1.7312900e-02
  -2.0359800e-02
  -2.3406800e-02
  -2.7767100e-02
  -3.2252200e-02
  -3.6134800e-02
  -3.9218000e-02
  -4.1360200e-02
  -4.3830300e-02
  -4.5449400e-02
  -4.6502700e-02
  -4.7916900e-02
  -4.8024100e-02
  -4.6902300e-02
  -4.5876600e-02
  -4.4914400e-02
  -4.3397600e-02
  -4.1846100e-02
  -3.9895300e-02
  -3.7035800e-02
  -3.4247600e-02
  -3.1474200e-02
  -2.7746000e-02
  -2.3861200e-02
  -1.9184100e-02
  -1.4053200e-02
  -9.4770800e-03
  -3.7843200e-03
   1.8269200e-03
   7.5177300e-03
   1.3222400e-02
   1.7825100e-02
   2.2889200e-02
   2.7631600e-02
   3.1289600e-02
   3.4055200e-02
   3.5849600e-02
   3.6858800e-02
   3.7634400e-02
   3.8078400e-02
   3.7695800e-02
   3.6746700e-02
   3.5217200e-02
   3.3537600e-02
   3.2146700e-02
   3.1313100e-02
   2.9875700e-02
   2.8394800e-02
   2.7741100e-02
   2.7042600e-02
   2.7327800e-02
   2.7978100e-02
   2.8941300e-02
   3.1502700e-02
   3.4072200e-02
   3.5985300e-02
   3.8773700e-02
   4.0966200e-02
   4.2133700e-02
   4.4123900e-02
   4.5705500e-02
   4.6609400e-02
   4.7352900e-02
   4.7256500e-02
   4.6954400e-02
   4.6694900e-02
   4.5439800e-02
   4.3613600e-02
   4.1534600e-02
   3.8931700e-02
   3.6236800e-02
   3.3250200e-02
   3.0344600e-02
   2.7060900e-02
   2.3192900e-02
   1.9055900e-02
   1.4585500e-02
   1.0974500e-02
   7.8823400e-03
   5.2233000e-03
   2.7848700e-03
  -1.5130700e-05
  -2.3471500e-03
  -3.9417000e-03
  -5.0879800e-03
  -6.4308400e-03
  -8.0726400e-03
  -8.8929800e-03
  -9.0960100e-03
  -1.0371600e-02
  -1.1466600e-02
  -1.2217600e-02
  -1.4363800e-02
  -1.6375800e-02
  -1.8387800e-02
  -2.1835900e-02
  -2.5346700e-02
  -2.8843500e-02
  -3.2927600e-02
  -3.6212800e-02
  -3.8878000e-02
  -4.0676400e-02
  -4.1283800e-02
  -4.2732800e-02
  -4.3728000e-02
  -4.3679300e-02
  -4.3218600e-02
  -4.1803800e-02
  -4.0255900e-02
  -3.8040100e-02
  -3.4672100e-02
  -3.0577700e-02
  -2.6368500e-02
  -2.2047500e-02
  -1.7634000e-02
  -1.3727100e-02
  -1.0255700e-02
  -6.8873200e-03
  -4.0861300e-03
  -2.5417500e-03
  -1.4096700e-03
   3.0771200e-06
   1.4791400e-03
   1.8964300e-03
   2.2147000e-03
   2.9248100e-03
   2.3417100e-03
   1.8089700e-03
   1.7135300e-03
   1.4947100e-03
   9.3267100e-04
  -5.5494000e-04
  -1.8465000e-03
  -2.5863600e-03
  -3.5453600e-03
  -5.1980000e-03
  -6.4961500e-03
  -6.6933300e-03
  -6.9253200e-03
  -6.5526500e-03
  -5.0790300e-03
  -3.6421600e-03
  -2.0307900e-03
   2.0334900e-04
   1.9049800e-03
   3.6555900e-03
   5.3918600e-03
   5.4184500e-03
   5.9334900e-03
   7.0677200e-03
   6.5448100e-03
   5.7026000e-03
   4.5177100e-03
   2.7941000e-03
   1.7773000e-03
   9.5842600e-04
  -4.3359100e-04
  -2.0398500e-03
  -3.2240900e-03
  -4.0267400e-03
  -4.7320500e-03
  -5.9882500e-03
  -7.2472300e-03
  -8.6529200e-03
  -1.0660200e-02
  -1.2497800e-02
  -1.4194600e-02
  -1.6189400e-02
  -1.8301000e-02
  -2.0697800e-02
  -2.3676700e-02
  -2.5661100e-02
  -2.7197400e-02
  -2.9831300e-02
  -3.2529300e-02
  -3.4897500e-02
  -3.7024400e-02
  -3.8721300e-02
  -3.9755900e-02
  -4.0432500e-02
  -4.0698800e-02
  -4.0761300e-02
  -4.0879500e-02
  -4.0271300e-02
  -4.0211800e-02
  -4.0491200e-02
  -3.9702300e-02
  -3.9466300e-02
  -4.0645000e-02
  -4.1564100e-02
  -4.2064500e-02
  -4.2484600e-02
  -4.2426900e-02
  -4.2604500e-02
  -4.2389900e-02
  -4.1111500e-02
  -3.9891000e-02
  -3.8795300e-02
  -3.7359200e-02
  -3.5928500e-02
  -3.3531200e-02
  -3.0014400e-02
  -2.6591800e-02
  -2.3205600e-02
  -2.0345700e-02
  -1.7862600e-02
  -1.4614200e-02
  -1.0335500e-02
  -6.5676900e-03
  -3.9396200e-03
  -1.0338200e-03
   1.6316200e-03
   4.5035800e-03
   7.8009900e-03
   1.0013500e-02
   1.1983900e-02
   1.4445800e-02
   1.7350300e-02
   2.0666900e-02
   2.3478700e-02
   2.6600500e-02
   2.9897900e-02
   3.2387200e-02
   3.4703100e-02
   3.7133800e-02
   3.9518000e-02
   4.1232100e-02
   4.2108800e-02
   4.2527900e-02
   4.3036500e-02
   4.2963600e-02
   4.2694200e-02
   4.2222000e-02
   4.0791800e-02
   3.9337800e-02
   3.7716200e-02
   3.5741200e-02
   3.3875300e-02
   3.1871500e-02
   2.9253900e-02
   2.6782300e-02
   2.4439800e-02
   2.1970600e-02
   1.9926300e-02
   1.7670200e-02
   1.4978700e-02
   1.2169200e-02
   9.3909500e-03
   7.4414900e-03
   5.7958600e-03
   3.8538100e-03
   2.5241700e-03
   1.2768000e-03
  -7.0833500e-05
  -2.9917500e-04
  -1.2428800e-04
  -8.5320300e-04
  -1.5320200e-03
  -2.2685700e-03
  -3.5729800e-03
  -4.7499800e-03
  -5.9311200e-03
  -7.3318800e-03
  -8.9989200e-03
  -1.0613500e-02
  -1.2139100e-02
  -1.3446400e-02
  -1.4781600e-02
  -1.6213400e-02
  -1.6818300e-02
  -1.7748500e-02
  -1.8908900e-02
  -1.9177200e-02
  -1.9888500e-02
  -2.0047900e-02
  -2.0038300e-02
  -2.0987900e-02
  -2.1901100e-02
  -2.2839300e-02
  -2.3425300e-02
  -2.3904000e-02
  -2.4642000e-02
  -2.5670800e-02
  -2.6473000e-02
  -2.6396000e-02
  -2.5993400e-02
  -2.5806200e-02
  -2.5623100e-02
  -2.4668700e-02
  -2.3463700e-02
  -2.3234100e-02
  -2.3651300e-02
  -2.4344000e-02
  -2.5450200e-02
  -2.6980400e-02
  -2.8602100e-02
  -3.1052000e-02
  -3.5079900e-02
  -3.9267800e-02
  -4.2555000e-02
  -4.5177000e-02
  -4.6968500e-02
  -4.8491500e-02
  -5.0554800e-02
  -5.1849700e-02
  -5.2444600e-02
  -5.2933700e-02
  -5.2486400e-02
  -5.1898400e-02
  -5.1801600e-02
  -5.0963800e-02
  -4.9919800e-02
  -4.9217200e-02
  -4.7848900e-02
  -4.6979600e-02
  -4.6159500e-02
  -4.4408800e-02
  -4.2977500e-02
  -4.1334200e-02
  -3.8677100e-02
  -3.5696400e-02
  -3.2840800e-02
  -2.9356800e-02
  -2.5281100e-02
  -2.1139200e-02
  -1.6770900e-02
  -1.2512800e-02
  -8.5901600e-03
  -4.2439700e-03
   4.7931800e-04
   4.8012400e-03
   9.2401700e-03
   1.3739300e-02
   1.7957000e-02
   2.1788700e-02
   2.5021600e-02
   2.8299500e-02
   3.0870700e-02
   3.2124200e-02
   3.3039300e-02
   3.3618400e-02
   3.3384600e-02
   3.2061300e-02
   3.0521400e-02
   2.8970900e-02
   2.6830700e-02
   2.4819600e-02
   2.2328900e-02
   1.9615900e-02
   1.7610800e-02
   1.5422100e-02
   1.2696400e-02
   1.0183800e-02
   8.1314500e-03
   6.1979400e-03
   4.9463700e-03
   4.1300300e-03
   3.2947400e-03
   2.9663800e-03
   3.2889600e-03
   3.2646600e-03
   3.0819000e-03
   3.8138100e-03
   4.4612400e-03
   4.8161700e-03
   4.9605200e-03
   4.9687700e-03
   5.2039700e-03
   5.1456300e-03
   5.3436100e-03
   5.8097700e-03
   6.2658100e-03
   6.7559200e-03
   7.0466700e-03
   7.5310600e-03
   7.4756900e-03
   6.6093300e-03
   5.8106900e-03
   4.7845900e-03
   3.5149500e-03
   2.7850700e-03
   1.9096700e-03
   4.8794600e-04
  -6.1639200e-04
  -1.7200700e-03
  -2.6933900e-03
  -3.1909200e-03
  -3.6219100e-03
  -3.7402400e-03
  -3.1069900e-03
  -1.5551300e-03
   5.1332700e-04
   2.4841900e-03
   4.4511000e-03
   6.6500300e-03
   8.3346800e-03
   9.2667300e-03
   9.7688600e-03
   9.1811800e-03
   7.8373600e-03
   6.5071300e-03
   5.0426400e-03
   2.7285300e-03
  -5.7880000e-04
  -4.2701300e-03
  -8.5594600e-03
  -1.2556400e-02
  -1.5383200e-02
  -1.8192600e-02
  -2.1159100e-02
  -2.4046600e-02
  -2.7013800e-02
  -2.9843800e-02
  -3.2417900e-02
  -3.4551100e-02
  -3.6796700e-02
  -3.9040600e-02
  -4.0858800e-02
  -4.2817000e-02
  -4.4189600e-02
  -4.4768000e-02
  -4.5520900e-02
  -4.6307400e-02
  -4.6921500e-02
  -4.6959800e-02
  -4.7445200e-02
  -4.8443500e-02
  -4.8710000e-02
  -4.9266000e-02
  -5.0459600e-02
  -5.1509800e-02
  -5.2087500e-02
  -5.2551200e-02
  -5.2660400e-02
  -5.2293000e-02
  -5.1978000e-02
  -5.1342900e-02
  -5.0239800e-02
  -4.9048400e-02
  -4.7755800e-02
  -4.6071300e-02
  -4.4077200e-02
  -4.2365400e-02
  -4.0205300e-02
  -3.7466200e-02
  -3.4926000e-02
  -3.2132200e-02
  -2.9328800e-02
  -2.6231000e-02
  -2.3055900e-02
  -2.0492800e-02
  -1.7887700e-02
  -1.5563900e-02
  -1.3252000e-02
  -1.0465000e-02
  -8.0396400e-03
  -5.7477700e-03
  -3.5037100e-03
  -1.4335500e-03
   8.5422800e-04
   3.3861800e-03
   6.3078700e-03
   9.3321800e-03
   1.2318400e-02
   1.5642200e-02
   1.8989500e-02
   2.2265900e-02
   2.6277900e-02
   3.0489000e-02
   3.4322400e-02
   3.8154400e-02
   4.1637200e-02
   4.4655100e-02
   4.7949500e-02
   5.1195000e-02
   5.2883900e-02
   5.3322500e-02
   5.3574800e-02
   5.3646700e-02
   5.3834300e-02
   5.4142900e-02
   5.4133600e-02
   5.3923900e-02
   5.3387000e-02
   5.3261700e-02
   5.3904700e-02
   5.4695000e-02
   5.5529100e-02
   5.6515400e-02
   5.7884100e-02
   5.8735100e-02
   5.9915700e-02
   6.1524800e-02
   6.2748800e-02
   6.4698000e-02
   6.6187500e-02
   6.7285300e-02
   6.8469200e-02
   6.9010900e-02
   6.9219300e-02
   6.9392300e-02
   7.0259900e-02
   7.1161000e-02
   7.0859000e-02
   6.9936400e-02
   6.9368500e-02
   6.8744100e-02
   6.7682900e-02
   6.6764100e-02
   6.5810100e-02
   6.4668500e-02
   6.3762900e-02
   6.2115000e-02
   5.9961700e-02
   5.8541900e-02
   5.7155900e-02
   5.5015500e-02
   5.3217900e-02
   5.1577700e-02
   4.9351000e-02
   4.7196100e-02
   4.4706600e-02
   4.2290300e-02
   4.0519100e-02
   3.8301600e-02
   3.5582600e-02
   3.3590800e-02
   3.1387600e-02
   2.9417700e-02
   2.8185500e-02
   2.6232600e-02
   2.4165800e-02
   2.2883900e-02
   2.1546700e-02
   2.0176500e-02
   1.9938700e-02
   1.9224100e-02
   1.8463800e-02
   1.9390000e-02
   2.0484500e-02
   2.1001700e-02
   2.1626100e-02
   2.3246600e-02
   2.5538700e-02
   2.8015300e-02
   3.0670100e-02
   3.2819100e-02
   3.5376400e-02
   3.8023900e-02
   3.9840000e-02
   4.2497200e-02
   4.5080400e-02
   4.6503300e-02
   4.7662300e-02
   4.8884300e-02
   5.0267700e-02
   5.0976100e-02
   5.1934500e-02
   5.3252600e-02
   5.3463800e-02
   5.3531600e-02
   5.3822700e-02
   5.4182200e-02
   5.4372300e-02
   5.3792600e-02
   5.3319200e-02
   5.3191300e-02
   5.2604000e-02
   5.1655300e-02
   5.0876300e-02
   5.0350600e-02
   4.9500200e-02
   4.8815200e-02
   4.8375300e-02
   4.7877600e-02
   4.7660600e-02
   4.6762700e-02
   4.5637500e-02
   4.5870800e-02
   4.7120900e-02
   4.7845100e-02
   4.9106300e-02
   5.1067800e-02
   5.2482900e-02
   5.3701600e-02
   5.5031300e-02
   5.6483700e-02
   5.7429300e-02
   5.8220000e-02
   5.8605200e-02
   5.8655900e-02
   5.8805300e-02
   5.8534700e-02
   5.8747800e-02
   5.8319000e-02
   5.7207300e-02
   5.6372400e-02
   5.4440200e-02
   5.3334100e-02
   5.2216500e-02
   5.0440300e-02
   4.9860200e-02
   4.8837500e-02
   4.6847800e-02
   4.4681200e-02
   4.2499800e-02
   4.0902300e-02
   3.9341700e-02
   3.6569700e-02
   3.3898400e-02
   3.2265700e-02
   3.1050400e-02
   2.9190600e-02
   2.7411500e-02
   2.6074000e-02
   2.4097400e-02
   2.2420300e-02
   2.1681400e-02
   2.1310000e-02
   2.0278000e-02
   1.9637300e-02
   1.9720600e-02
   1.9482900e-02
   1.9988700e-02
   2.0886800e-02
   2.1794700e-02
   2.2865200e-02
   2.4141300e-02
   2.4934600e-02
   2.5847800e-02
   2.7648000e-02
   2.8229400e-02
   2.8582900e-02
   2.8956700e-02
   2.9304400e-02
   2.9813300e-02
   2.9277300e-02
   2.8979000e-02
   2.9148800e-02
   2.9331600e-02
   2.8554800e-02
   2.7901600e-02
   2.8253300e-02
   2.7611100e-02
   2.7226100e-02
   2.6693000e-02
   2.5630100e-02
   2.5418800e-02
   2.4625900e-02
   2.3711200e-02
   2.3190200e-02
   2.2468100e-02
   2.1911900e-02
   2.1221300e-02
   2.0316400e-02
   1.9931400e-02
   2.0039500e-02
   1.9403300e-02
   1.8764300e-02
   1.8038700e-02
   1.6184000e-02
   1.4520800e-02
   1.2782600e-02
   1.0815300e-02
   8.9351500e-03
   6.3022800e-03
   3.0090600e-03
   1.7810300e-04
  -1.6704700e-03
  -4.1446500e-03
  -7.6278900e-03
  -1.0334400e-02
  -1.3107000e-02
  -1.6037800e-02
  -1.7856900e-02
  -2.0907200e-02
  -2.5439900e-02
  -2.8707900e-02
  -3.1797200e-02
  -3.5760500e-02
  -3.8836800e-02
  -4.1418900e-02
  -4.4443000e-02
  -4.8045700e-02
  -5.0545500e-02
  -5.2159900e-02
  -5.4402900e-02
  -5.5252600e-02
  -5.5631400e-02
  -5.6526100e-02
  -5.6393400e-02
  -5.5735200e-02
  -5.5217600e-02
  -5.4332500e-02
  -5.3518000e-02
  -5.2750100e-02
  -5.0932700e-02
  -4.9446600e-02
  -4.8468700e-02
  -4.7095700e-02
  -4.5951200e-02
  -4.4039100e-02
  -4.1603200e-02
  -3.9927300e-02
  -3.8806600e-02
  -3.7386800e-02
  -3.5307600e-02
  -3.3572000e-02
  -3.2353100e-02
  -3.0669400e-02
  -2.8688800e-02
  -2.6702800e-02
  -2.4562900e-02
  -2.2852900e-02
  -2.0966400e-02
  -1.8352900e-02
  -1.6180400e-02
  -1.4311800e-02
  -1.2402100e-02
  -1.0586900e-02
  -9.1668100e-03
  -8.1118300e-03
  -6.3347600e-03
  -4.7293900e-03
  -3.4389200e-03
  -1.8053400e-03
   2.6939900e-04
   2.5425200e-03
   4.1072000e-03
   6.3245200e-03
   9.1724700e-03
   1.1480200e-02
   1.3694500e-02
   1.5507300e-02
   1.7218200e-02
   1.9129800e-02
   2.0817800e-02
   2.2333800e-02
   2.3353400e-02
   2.3922700e-02
   2.5109900e-02
   2.6060100e-02
   2.5602000e-02
   2.5915700e-02
   2.6930100e-02
   2.6583500e-02
   2.5934100e-02
   2.5878200e-02
   2.4970100e-02
   2.3372700e-02
   2.2505100e-02
   2.1480300e-02
   2.0610900e-02
   1.9955800e-02
   1.8682800e-02
   1.7826900e-02
   1.7682100e-02
   1.7538100e-02
   1.7315800e-02
   1.6996400e-02
   1.7006700e-02
   1.7587700e-02
   1.7372500e-02
   1.6718400e-02
   1.5940600e-02
   1.5313600e-02
   1.4852800e-02
   1.4022800e-02
   1.3275400e-02
   1.2075600e-02
   1.1019900e-02
   1.0109500e-02
   9.3368800e-03
   8.5782700e-03
   7.2171000e-03
   5.7204300e-03
   4.0077900e-03
   2.9729700e-03
   2.2348500e-03
   1.2526300e-03
   5.7642700e-04
   3.8208300e-04
   6.6404100e-04
   5.3248000e-04
   3.5522900e-04
   7.9094800e-05
   2.7402900e-04
   8.1381600e-04
   7.4722700e-04
   8.4684300e-04
   6.8148400e-04
   2.4245000e-04
  -6.0392900e-04
  -1.5964100e-03
  -2.8755300e-03
  -5.0051100e-03
  -7.1372300e-03
  -1.0047100e-02
  -1.4005600e-02
  -1.7495400e-02
  -2.0298300e-02
  -2.3220800e-02
  -2.6106200e-02
  -2.9338500e-02
  -3.3123000e-02
  -3.6692700e-02
  -3.9770000e-02
  -4.2210400e-02
  -4.4974100e-02
  -4.7120700e-02
  -4.8046200e-02
  -4.9190700e-02
  -5.0038200e-02
  -5.0336600e-02
  -5.0581500e-02
  -5.0763900e-02
  -5.0106900e-02
  -4.8940600e-02
  -4.8353500e-02
  -4.7173200e-02
  -4.5235900e-02
  -4.4085800e-02
  -4.2844300e-02
  -4.0528800e-02
  -3.8912100e-02
  -3.7478700e-02
  -3.5905200e-02
  -3.5720000e-02
  -3.4721100e-02
  -3.3373900e-02
  -3.3149700e-02
  -3.2717100e-02
  -3.2835100e-02
  -3.2858900e-02
  -3.1834600e-02
  -3.1452100e-02
  -3.1377900e-02
  -3.0344700e-02
  -2.9419100e-02
  -2.8308400e-02
  -2.6813900e-02
  -2.5152900e-02
  -2.2756200e-02
  -2.0652300e-02
  -1.8797900e-02
  -1.7182200e-02
  -1.5675300e-02
  -1.4314300e-02
  -1.3741600e-02
  -1.3070000e-02
  -1.2484900e-02
  -1.2467100e-02
  -1.2202900e-02
  -1.2047900e-02
  -1.1881400e-02
  -1.1069600e-02
  -1.0494400e-02
  -9.5352200e-03
  -7.9625100e-03
  -6.7334500e-03
  -5.3909500e-03
  -3.5196000e-03
  -1.4149200e-03
   9.3249800e-04
   2.8079200e-03
   4.3110700e-03
   5.5576400e-03
   6.1583600e-03
   7.1072500e-03
   7.8256100e-03
   7.5742600e-03
   7.2043700e-03
   7.0484000e-03
   6.5700100e-03
   5.4062200e-03
   4.2570800e-03
   2.8578200e-03
   1.4254700e-03
   1.4046800e-03
   1.2572900e-03
   1.1700800e-03
   1.6226400e-03
   1.1057300e-03
   1.4148200e-04
  -6.1790200e-04
  -1.2674500e-03
  -2.8054600e-03
  -5.4360600e-03
  -8.5537700e-03
  -1.1784900e-02
  -1.4981600e-02
  -1.8230800e-02
  -2.0880700e-02
  -2.3086000e-02
  -2.5133700e-02
  -2.6964300e-02
  -2.9154600e-02
  -3.1010400e-02
  -3.2432000e-02
  -3.3841200e-02
  -3.4521600e-02
  -3.4605300e-02
  -3.4593200e-02
  -3.4850300e-02
  -3.5408900e-02
  -3.5872900e-02
  -3.5950600e-02
  -3.5672200e-02
  -3.5358900e-02
  -3.5287200e-02
  -3.5435800e-02
  -3.4847300e-02
  -3.3554100e-02
  -3.2397500e-02
  -3.1067700e-02
  -2.9241600e-02
  -2.7249000e-02
  -2.4938000e-02
  -2.1550700e-02
  -1.8914600e-02
  -1.6319200e-02
  -1.2290300e-02
  -9.2626200e-03
  -6.6486200e-03
  -3.6602000e-03
  -8.7228700e-04
   1.4103700e-03
   3.2357200e-03
   4.9887000e-03
   6.0067600e-03
   6.1806900e-03
   5.9480600e-03
   5.3943500e-03
   4.7495200e-03
   4.2754600e-03
   3.4653500e-03
   2.3489000e-03
   2.3279700e-03
   2.9925600e-03
   2.4982500e-03
   2.0201500e-03
   2.2514800e-03
   2.2929400e-03
   2.5161300e-03
   2.9128300e-03
   3.0354500e-03
   2.9656600e-03
   3.3905700e-03
   3.4023400e-03
   3.1220300e-03
   3.3164800e-03
   3.3530900e-03
   2.9342600e-03
   2.0840600e-03
   1.4493200e-03
   7.8829000e-04
   3.9539100e-04
   2.9441300e-04
   4.4524300e-04
   7.0097100e-04
   5.4382500e-04
   6.0001100e-04
   1.5755600e-04
  -6.6296100e-04
  -1.3144100e-03
  -1.8720300e-03
  -2.0082600e-03
  -3.2268000e-03
  -5.0483500e-03
  -5.9728200e-03
  -7.1627300e-03
  -8.7104800e-03
  -9.6820800e-03
  -1.0713100e-02
  -1.2335000e-02
  -1.3728900e-02
  -1.5194200e-02
  -1.6485700e-02
  -1.7144800e-02
  -1.6926500e-02
  -1.5756400e-02
  -1.5235300e-02
  -1.4285900e-02
  -1.2558000e-02
  -1.0801300e-02
  -8.7006000e-03
  -6.7267200e-03
  -4.5015800e-03
  -2.4388700e-03
  -1.1537400e-03
  -2.5341400e-04
   9.1681700e-04
   1.6810400e-03
   1.8463200e-03
   2.2642100e-03
   2.6097400e-03
   2.6323000e-03
   2.0143200e-03
   1.6300600e-03
   1.7386300e-03
   2.3948400e-03
   4.6619700e-03
   6.8460700e-03
   7.8602100e-03
   9.4874800e-03
   1.2127800e-02
   1.4629600e-02
   1.6620400e-02
   1.8314500e-02
   2.0000200e-02
   2.1236600e-02
   2.2355600e-02
   2.3232700e-02
   2.3235700e-02
   2.3022800e-02
   2.2400000e-02
   2.1534800e-02
   2.0295300e-02
   1.8701200e-02
   1.7443900e-02
   1.5746400e-02
   1.4037200e-02
   1.2377400e-02
   1.0601400e-02
   9.7852400e-03
   9.3297100e-03
   8.8116600e-03
   8.2382000e-03
   7.9814000e-03
   8.3380300e-03
   8.7353800e-03
   9.5807400e-03
   1.0464400e-02
   1.1148900e-02
   1.2364500e-02
   1.3655000e-02
   1.4865200e-02
   1.6120900e-02
   1.7259900e-02
   1.8469500e-02
   1.9796500e-02
   2.0942800e-02
   2.1909800e-02
   2.3165500e-02
   2.4437500e-02
   2.5285600e-02
   2.6092300e-02
   2.6778700e-02
   2.6654500e-02
   2.5649200e-02
   2.4989500e-02
   2.4285000e-02
   2.2913200e-02
   2.1179500e-02
   1.8842500e-02
   1.6233400e-02
   1.3001000e-02
   9.6751700e-03
   6.6507500e-03
   3.0227600e-03
  -6.0155100e-04
  -3.3673400e-03
  -5.9128500e-03
  -8.1137600e-03
  -9.6730600e-03
  -1.1008900e-02
  -1.2172400e-02
  -1.3514200e-02
  -1.4699700e-02
  -1.5515800e-02
  -1.6350700e-02
  -1.7530200e-02
  -1.8370500e-02
  -1.8346200e-02
  -1.9148500e-02
  -2.0173200e-02
  -2.0494900e-02
  -2.1031000e-02
  -2.0605500e-02
  -1.9590600e-02
  -1.8925300e-02
  -1.7628600e-02
  -1.6160500e-02
  -1.4798600e-02
  -1.3176400e-02
  -1.1399100e-02
  -9.3289700e-03
  -7.3306900e-03
  -5.9324000e-03
  -4.3716900e-03
  -2.9531800e-03
  -2.0759400e-03
  -7.5989200e-04
  -1.0599700e-04
  -2.8325000e-04
  -2.5205500e-04
  -1.0152600e-04
  -2.3369200e-04
  -8.6099200e-04
  -1.7415900e-03
  -2.4323400e-03
  -2.7893400e-03
  -3.4999500e-03
  -4.4676100e-03
  -6.0733900e-03
  -8.1450500e-03
  -9.2148100e-03
  -1.0131100e-02
  -1.1432500e-02
  -1.2037100e-02
  -1.2508600e-02
  -1.3381300e-02
  -1.3640000e-02
  -1.3016400e-02
  -1.2296000e-02
  -1.1345400e-02
  -9.8050400e-03
  -7.9795600e-03
  -5.9874800e-03
  -4.0872200e-03
  -2.7540200e-03
  -1.2509500e-03
   4.2221000e-04
   1.5281800e-03
   2.4804900e-03
   2.8704100e-03
   3.0420300e-03
   3.1079000e-03
   2.6118500e-03
   2.1105400e-03
   1.6403800e-03
   1.0657500e-03
   5.9320700e-04
   5.8049600e-04
   5.0150400e-04
   3.6662200e-04
   4.6411900e-04
   2.7618700e-04
  -2.0248200e-04
  -7.6576000e-04
  -1.2175200e-03
  -1.7868100e-03
  -2.5480200e-03
  -3.8386700e-03
  -5.5577600e-03
  -7.1528800e-03
  -8.6208200e-03
  -1.0023500e-02
  -1.1632000e-02
  -1.3128100e-02
  -1.4428000e-02
  -1.5259100e-02
  -1.5560800e-02
  -1.5555200e-02
  -1.4817700e-02
  -1.4025500e-02
  -1.3135200e-02
  -1.1399200e-02
  -9.6913600e-03
  -7.9866100e-03
  -5.4567200e-03
  -2.8321900e-03
  -1.0005100e-03
   7.7311200e-04
   2.8363600e-03
   4.1389100e-03
   5.0964800e-03
   5.9574900e-03
   6.3088100e-03
   6.5170300e-03
   6.5158000e-03
   6.2390100e-03
   5.8528600e-03
   5.4463200e-03
   5.1108000e-03
   3.3898300e-03
   6.7794400e-04
  -1.2686500e-03
  -3.6968400e-03
  -5.5376900e-03
  -7.1277000e-03
  -9.6694400e-03
  -1.1401600e-02
  -1.3063500e-02
  -1.4886100e-02
  -1.5962700e-02
  -1.6768000e-02
  -1.7753800e-02
  -1.8516400e-02
  -1.8515300e-02
  -1.8218600e-02
  -1.8130900e-02
  -1.8028300e-02
  -1.7624400e-02
  -1.7116700e-02
  -1.6698900e-02
  -1.6020800e-02
  -1.5676600e-02
  -1.6299600e-02
  -1.6827800e-02
  -1.6447000e-02
  -1.6069500e-02
  -1.6111000e-02
  -1.6271500e-02
  -1.6500500e-02
  -1.6507900e-02
  -1.6058400e-02
  -1.5435100e-02
  -1.5393500e-02
  -1.5191100e-02
  -1.4364800e-02
  -1.3755400e-02
  -1.3228300e-02
  -1.2620200e-02
  -1.2496500e-02
  -1.2471100e-02
  -1.2450800e-02
  -1.2471900e-02
  -1.2424300e-02
  -1.2801400e-02
  -1.3278100e-02
  -1.3834600e-02
  -1.4468000e-02
  -1.5254700e-02
  -1.5817700e-02
  -1.6352900e-02
  -1.7568000e-02
  -1.8675300e-02
  -1.9452400e-02
  -2.0067000e-02
  -2.0643500e-02
  -2.1095100e-02
  -2.1674400e-02
  -2.2522300e-02
  -2.3165500e-02
  -2.3648400e-02
  -2.4080000e-02
  -2.4893500e-02
  -2.5348800e-02
  -2.5332200e-02
  -2.5751300e-02
  -2.5603600e-02
  -2.5338900e-02
  -2.5244600e-02
  -2.4364700e-02
  -2.3659500e-02
  -2.3024200e-02
  -2.2388300e-02
  -2.1644700e-02
  -1.9695000e-02
  -1.7981900e-02
  -1.6649900e-02
  -1.4480600e-02
  -1.3042300e-02
  -1.2215900e-02
  -1.0806100e-02
  -9.4904800e-03
  -8.4680500e-03
  -7.9332600e-03
  -7.3636700e-03
  -6.7825500e-03
  -6.7817900e-03
  -6.7726100e-03
  -6.5829800e-03
  -6.6914200e-03
  -7.3726700e-03
  -7.8772300e-03
  -8.3715800e-03
  -9.0229400e-03
  -9.5327700e-03
  -1.1025300e-02
  -1.2950500e-02
  -1.4171300e-02
  -1.5113600e-02
  -1.6291800e-02
  -1.8082200e-02
  -2.0069300e-02
  -2.1917500e-02
  -2.3151900e-02
  -2.3915000e-02
  -2.4666800e-02
  -2.5402000e-02
  -2.5871300e-02
  -2.5779700e-02
  -2.5579000e-02
  -2.5038300e-02
  -2.4309700e-02
  -2.3076100e-02
  -2.1445000e-02
  -1.9491400e-02
  -1.6703900e-02
  -1.4450700e-02
  -1.2705000e-02
  -1.0431700e-02
  -8.0185200e-03
  -5.8868700e-03
  -4.2040300e-03
  -3.0186300e-03
  -1.7664100e-03
  -2.3420500e-04
   1.6216800e-03
   3.9872800e-03
   5.7947000e-03
   6.7604500e-03
   7.5577200e-03
   8.7912400e-03
   1.0476300e-02
   1.1697800e-02
   1.2732200e-02
   1.3227800e-02
   1.3288400e-02
   1.3719300e-02
   1.3693900e-02
   1.3779500e-02
   1.4024500e-02
   1.3371100e-02
   1.2765800e-02
   1.2167700e-02
   1.1184500e-02
   1.0309500e-02
   9.3338200e-03
   8.4130200e-03
   7.9045800e-03
   7.4265500e-03
   6.5818300e-03
   5.7038600e-03
   4.9532300e-03
   4.2154600e-03
   3.6572400e-03
   3.0641300e-03
   2.3121700e-03
   1.6247200e-03
   1.1143000e-03
   7.2910800e-04
   3.1810400e-04
  -1.4236700e-04
  -4.0550100e-04
  -1.1373400e-04
   2.1762400e-04
   5.1842400e-04
   1.0589900e-03
   1.2751100e-03
   1.4165500e-03
   1.4545300e-03
   1.2722000e-03
   1.1454100e-03
   9.8970600e-04
   9.1228400e-04
   4.8190900e-04
   1.4713500e-05
  -1.0406500e-04
  -4.3977800e-04
  -1.0649800e-03
  -1.7381800e-03
  -2.2465200e-03
  -2.8802800e-03
  -3.6999700e-03
  -4.4519400e-03
  -5.3206500e-03
  -6.3443200e-03
  -7.3590500e-03
  -8.0421700e-03
  -8.7366300e-03
  -9.5311800e-03
  -9.8734600e-03
  -1.0305300e-02
  -1.0603600e-02
  -1.0066300e-02
  -9.7183800e-03
  -9.6568900e-03
  -9.5273100e-03
  -9.5157500e-03
  -9.0614400e-03
  -8.6956100e-03
  -8.9357900e-03
  -9.4576000e-03
  -1.0169500e-02
  -1.0562100e-02
  -1.0573800e-02
  -1.0292000e-02
  -9.2409300e-03
  -8.3867500e-03
  -7.6793900e-03
  -6.2606800e-03
  -5.3475200e-03
  -4.3901600e-03
  -2.9568800e-03
  -1.8008800e-03
  -6.7174500e-04
  -2.0266900e-04
  -1.0648400e-04
   1.9061100e-04
   4.5066700e-04
   2.8310900e-04
  -1.2604300e-04
  -1.6579700e-04
  -4.6846700e-04
  -1.0033800e-03
  -1.1202900e-03
  -1.0224400e-03
  -5.1524700e-04
   3.6179600e-04
   6.6726700e-04
   7.5224000e-04
   1.5241000e-03
   2.1028200e-03
   2.1560500e-03
   2.6736600e-03
   2.8091300e-03
   2.3733200e-03
   2.1487400e-03
   1.7778200e-03
   1.3736000e-03
   1.3949600e-03
   1.4946100e-03
   1.4987200e-03
   1.5546000e-03
   1.7669600e-03
   2.5944400e-03
   3.6576000e-03
   4.8451500e-03
   6.9705800e-03
   9.6237500e-03
   1.2635600e-02
   1.5549600e-02
   1.8118200e-02
   2.1150600e-02
   2.4053400e-02
   2.7112200e-02
   2.9884500e-02
   3.1527400e-02
   3.3185600e-02
   3.5193600e-02
   3.7094400e-02
   3.8902800e-02
   4.0492100e-02
   4.1415500e-02
   4.2032000e-02
   4.3491000e-02
   4.4935700e-02
   4.5994400e-02
   4.7279100e-02
   4.8149200e-02
   4.9171100e-02
   5.0176700e-02
   5.0660500e-02
   5.0652700e-02
   5.0250700e-02
   4.9708400e-02
   4.8273600e-02
   4.6087900e-02
   4.3707500e-02
   4.0764100e-02
   3.7213200e-02
   3.3611200e-02
   3.0194200e-02
   2.6345600e-02
   2.2775700e-02
   2.0209400e-02
   1.7666500e-02
   1.5487500e-02
   1.3461500e-02
   1.1475500e-02
   9.9245700e-03
   8.3450200e-03
   7.3194300e-03
   6.3431400e-03
   4.9808600e-03
   3.7306600e-03
   2.3737100e-03
   1.0898100e-03
  -2.5436700e-04
  -1.4001900e-03
  -2.1219900e-03
  -3.1572700e-03
  -4.1764100e-03
  -5.0333800e-03
  -5.7932200e-03
  -6.0648600e-03
  -6.0406400e-03
  -5.9720000e-03
  -5.4785600e-03
  -4.5168900e-03
  -3.5447900e-03
  -2.0727700e-03
  -4.2611100e-04
   2.5212700e-04
   5.8924800e-04
   1.1944200e-03
   1.5602900e-03
   2.0881800e-03
   2.7654800e-03
   2.9045800e-03
   2.7512900e-03
   2.5945000e-03
   2.9977600e-03
   3.3138600e-03
   3.3362400e-03
   3.7921600e-03
   4.1227600e-03
   4.6399200e-03
   5.4280300e-03
   5.6309600e-03
   5.4727000e-03
   5.6261700e-03
   5.2701400e-03
   3.7037500e-03
   2.0900200e-03
   1.0610900e-03
   9.7728500e-05
  -6.2443800e-04
  -1.7044100e-03
  -3.9771900e-03
  -6.1299700e-03
  -7.5125500e-03
  -9.0409600e-03
  -1.0435200e-02
  -1.1450100e-02
  -1.2670800e-02
  -1.4049200e-02
  -1.5344000e-02
  -1.5912200e-02
  -1.5618800e-02
  -1.5077200e-02
  -1.3991100e-02
  -1.2699100e-02
  -1.1406300e-02
  -9.5131300e-03
  -7.3986900e-03
  -5.1665500e-03
  -2.7046300e-03
   1.7896500e-04
   3.3436200e-03
   5.7494600e-03
   7.5059400e-03
   8.8624800e-03
   9.7823300e-03
   1.0901100e-02
   1.1980300e-02
   1.2591000e-02
   1.2859600e-02
   1.2770600e-02
   1.2572400e-02
   1.2327200e-02
   1.2176400e-02
   1.2140100e-02
   1.1715200e-02
   1.1290700e-02
   1.0895400e-02
   1.0204100e-02
   9.5953700e-03
   9.4185400e-03
   9.2725100e-03
   8.4925500e-03
   7.5744300e-03
   7.0940100e-03
   6.2884300e-03
   5.6225600e-03
   5.4198500e-03
   4.4253700e-03
   3.5136000e-03
   3.1223600e-03
   2.7092800e-03
   2.8136000e-03
   3.2616900e-03
   3.7549000e-03
   4.5882200e-03
   5.7072900e-03
   6.8520000e-03
   8.0674100e-03
   9.2555300e-03
   1.0713400e-02
   1.2735500e-02
   1.4851300e-02
   1.6317300e-02
   1.6858100e-02
   1.6928800e-02
   1.6956600e-02
   1.7202000e-02
   1.7479400e-02
   1.7377900e-02
   1.6813000e-02
   1.6249000e-02
   1.5755200e-02
   1.5501600e-02
   1.5730400e-02
   1.5676200e-02
   1.5149900e-02
   1.4561300e-02
   1.3574200e-02
   1.2640600e-02
   1.2529700e-02
   1.2156800e-02
   1.1402000e-02
   1.0801800e-02
   9.9720100e-03
   9.1713900e-03
   8.4417300e-03
   7.7807200e-03
   7.6880600e-03
   8.0019900e-03
   8.5493600e-03
   8.9846600e-03
   8.9565600e-03
   9.0249400e-03
   9.3459700e-03
   9.5633900e-03
   9.7206300e-03
   9.7014200e-03
   9.2378900e-03
   8.6371100e-03
   8.6927900e-03
   9.3564300e-03
   9.9486100e-03
   1.0657600e-02
   1.1372000e-02
   1.1773000e-02
   1.2431100e-02
   1.3378400e-02
   1.3934600e-02
   1.4465600e-02
   1.4847000e-02
   1.4935000e-02
   1.5257600e-02
   1.5652700e-02
   1.6219400e-02
   1.6570500e-02
   1.6482600e-02
   1.6402700e-02
   1.6165100e-02
   1.5922300e-02
   1.5864400e-02
   1.5576100e-02
   1.5198500e-02
   1.4498900e-02
   1.3582000e-02
   1.2453600e-02
   1.0850000e-02
   9.4743600e-03
   8.0679800e-03
   6.0272800e-03
   2.8862800e-03
  -7.3444200e-04
  -3.6749300e-03
  -5.7711000e-03
  -7.2956600e-03
  -9.0746600e-03
  -1.1153900e-02
  -1.3007100e-02
  -1.4400800e-02
  -1.4973100e-02
  -1.4984900e-02
  -1.4659500e-02
  -1.3950500e-02
  -1.2868500e-02
  -1.1271700e-02
  -9.6767700e-03
  -8.1768600e-03
  -6.4700900e-03
  -4.6459000e-03
  -2.9004800e-03
  -1.2588600e-03
   4.0645300e-04
   2.0857700e-03
   3.9867800e-03
   5.7765000e-03
   6.6906300e-03
   7.0607600e-03
   7.8240800e-03
   9.1153600e-03
   1.0495300e-02
   1.1697400e-02
   1.2917300e-02
   1.3906300e-02
   1.4460800e-02
   1.4882100e-02
   1.5245300e-02
   1.5512700e-02
   1.5696300e-02
   1.5962600e-02
   1.5787600e-02
   1.5490900e-02
   1.5748300e-02
   1.5565900e-02
   1.4951200e-02
   1.4479300e-02
   1.4051000e-02
   1.3799700e-02
   1.3361000e-02
   1.2757800e-02
   1.2005600e-02
   1.1013900e-02
   1.0373600e-02
   9.7481000e-03
   8.6478500e-03
   7.4998400e-03
   6.1316100e-03
   4.2694200e-03
   2.6588600e-03
   1.7787800e-03
   1.3517300e-03
   6.0194000e-04
  -9.8649500e-04
  -2.9150200e-03
  -4.5420700e-03
  -5.6311900e-03
  -6.4354800e-03
  -7.6086000e-03
  -9.0641500e-03
  -1.0135700e-02
  -1.0925700e-02
  -1.1885100e-02
  -1.2566900e-02
  -1.2903400e-02
  -1.3893200e-02
  -1.4999400e-02
  -1.5896500e-02
  -1.6838600e-02
  -1.7257400e-02
  -1.7569200e-02
  -1.7841400e-02
  -1.8090600e-02
  -1.8298600e-02
  -1.8103400e-02
  -1.7837300e-02
  -1.7324600e-02
  -1.6495600e-02
  -1.5603800e-02
  -1.4804500e-02
  -1.4245700e-02
  -1.3508300e-02
  -1.2770800e-02
  -1.2352000e-02
  -1.1965600e-02
  -1.1331100e-02
  -1.0996900e-02
  -1.1381000e-02
  -1.1552600e-02
  -1.1693700e-02
  -1.2063800e-02
  -1.2362200e-02
  -1.2855100e-02
  -1.3260800e-02
  -1.3605900e-02
  -1.4002700e-02
  -1.4364600e-02
  -1.4917600e-02
  -1.5302200e-02
  -1.6063600e-02
  -1.7009700e-02
  -1.7348400e-02
  -1.7905300e-02
  -1.8550400e-02
  -1.9150100e-02
  -1.9584800e-02
  -1.9711100e-02
  -1.9760800e-02
  -1.9460800e-02
  -1.9002600e-02
  -1.8323600e-02
  -1.7333300e-02
  -1.6385100e-02
  -1.5316000e-02
  -1.4130900e-02
  -1.3325800e-02
  -1.2663700e-02
  -1.1744400e-02
  -1.1006000e-02
  -1.0582600e-02
  -1.0289300e-02
  -1.0089100e-02
  -9.8133400e-03
  -9.7054800e-03
  -1.0067800e-02
  -1.0899200e-02
  -1.2353100e-02
  -1.4170900e-02
  -1.5745700e-02
  -1.7122300e-02
  -1.8604700e-02
  -2.0100300e-02
  -2.1524900e-02
  -2.2787400e-02
  -2.3928700e-02
  -2.4822900e-02
  -2.4912700e-02
  -2.4764300e-02
  -2.4636500e-02
  -2.4312500e-02
  -2.3988300e-02
  -2.3306700e-02
  -2.2401400e-02
  -2.1770600e-02
  -2.1157100e-02
  -2.0511700e-02
  -2.0065500e-02
  -1.9659000e-02
  -1.9524000e-02
  -1.9550500e-02
  -1.9502500e-02
  -1.9017700e-02
  -1.8039400e-02
  -1.7519900e-02
  -1.7525000e-02
  -1.7369500e-02
  -1.6920700e-02
  -1.6301000e-02
  -1.5609200e-02
  -1.5051100e-02
  -1.4259400e-02
  -1.3326100e-02
  -1.2531200e-02
  -1.1768800e-02
  -1.1403300e-02
  -1.1262300e-02
  -1.1106200e-02
  -1.1080200e-02
  -1.1154700e-02
  -1.1257000e-02
  -1.1603800e-02
  -1.1936300e-02
  -1.2243100e-02
  -1.2650000e-02
  -1.2758200e-02
  -1.2960300e-02
  -1.3087100e-02
  -1.2736700e-02
  -1.2158100e-02
  -1.1479700e-02
  -1.0894700e-02
  -1.0183100e-02
  -9.1985600e-03
  -8.3196900e-03
  -7.3574800e-03
  -6.2051800e-03
  -5.0393400e-03
  -3.7993000e-03
  -2.4962600e-03
  -1.1448200e-03
   6.5248800e-05
   1.1459700e-03
   2.3242900e-03
   3.5660000e-03
   4.7491300e-03
   5.6261800e-03
   6.4488100e-03
   7.2885400e-03
   7.8293500e-03
   8.3959300e-03
   8.7156900e-03
   8.6750300e-03
   8.6933600e-03
   8.6139700e-03
   8.1517100e-03
   7.3800800e-03
   6.4471300e-03
   5.4511000e-03
   4.4147500e-03
   3.6863300e-03
   3.1402100e-03
   2.2815800e-03
   1.5925800e-03
   1.1362600e-03
   5.6948200e-04
   1.2034200e-04
   9.2630500e-05
  -1.2839600e-04
  -6.6488300e-04
  -1.2351700e-03
  -1.9537400e-03
  -2.7988500e-03
  -3.6666700e-03
  -3.9162600e-03
  -4.1208900e-03
  -4.8440500e-03
  -5.7829700e-03
  -6.8112200e-03
  -7.3519900e-03
  -7.2576300e-03
  -7.3811400e-03
  -8.0070600e-03
  -8.5777200e-03
  -9.5238600e-03
  -1.0592100e-02
  -1.1440800e-02
  -1.2611600e-02
  -1.3943500e-02
  -1.5354900e-02
  -1.6638100e-02
  -1.7707200e-02
  -1.8703100e-02
  -1.9468100e-02
  -2.0076900e-02
  -2.0434400e-02
  -2.0108100e-02
  -1.9503700e-02
  -1.8906000e-02
  -1.8059200e-02
  -1.6956100e-02
  -1.5360000e-02
  -1.3335900e-02
  -1.1507700e-02
  -1.0277400e-02
  -9.2163300e-03
  -8.0581800e-03
  -6.8709200e-03
  -5.6044700e-03
  -4.6945500e-03
  -3.7269000e-03
  -2.2011800e-03
  -5.2513700e-04
   1.7004000e-03
   4.1721900e-03
   6.4412300e-03
   8.7861300e-03
   1.1215600e-02
   1.3835200e-02
   1.6152400e-02
   1.8131000e-02
   1.9681700e-02
   2.0458200e-02
   2.1085500e-02
   2.1897300e-02
   2.2591100e-02
   2.2868000e-02
   2.2725100e-02
   2.2475100e-02
   2.2197500e-02
   2.1938500e-02
   2.2078900e-02
   2.2253400e-02
   2.2308700e-02
   2.2927700e-02
   2.3687900e-02
   2.4279800e-02
   2.5189800e-02
   2.6214400e-02
   2.7094900e-02
   2.7897000e-02
   2.8405400e-02
   2.8424100e-02
   2.8140000e-02
   2.7748400e-02
   2.7121600e-02
   2.5981900e-02
   2.4578600e-02
   2.3181100e-02
   2.1573800e-02
   2.0039200e-02
   1.8772100e-02
   1.7479600e-02
   1.6474800e-02
   1.5865100e-02
   1.5638100e-02
   1.5755100e-02
   1.5667300e-02
   1.5674800e-02
   1.5909100e-02
   1.6082400e-02
   1.6479400e-02
   1.6860500e-02
   1.7057600e-02
   1.7337200e-02
   1.7765200e-02
   1.8106100e-02
   1.8178300e-02
   1.8467300e-02
   1.8632400e-02
   1.8435600e-02
   1.8421800e-02
   1.8372100e-02
   1.8445100e-02
   1.8944300e-02
   1.9569100e-02
   1.9730000e-02
   1.9289000e-02
   1.8878800e-02
   1.8829000e-02
   1.9195200e-02
   1.9525500e-02
   1.9246800e-02
   1.8801500e-02
   1.8298700e-02
   1.7418000e-02
   1.6307500e-02
   1.5161000e-02
   1.3962600e-02
   1.2686400e-02
   1.1321600e-02
   9.9829900e-03
   8.8618800e-03
   7.9560300e-03
   7.3061100e-03
   6.8370800e-03
   6.2637800e-03
   5.2986700e-03
   4.0364200e-03
   2.6783900e-03
   1.8864400e-03
   1.7469800e-03
   1.5634600e-03
   1.0318300e-03
  -3.7710300e-05
  -1.0166100e-03
  -1.6203800e-03
  -2.2021200e-03
  -2.7765600e-03
  -3.2369600e-03
  -3.6122400e-03
  -3.8494300e-03
  -3.7551000e-03
  -3.2642600e-03
  -2.3350400e-03
  -1.0568200e-03
   5.2680100e-04
   2.4869200e-03
   4.3126500e-03
   5.5539100e-03
   6.7278400e-03
   8.0520800e-03
   9.2947700e-03
   1.0356800e-02
   1.1222700e-02
   1.1906300e-02
   1.2584500e-02
   1.3262600e-02
   1.3778900e-02
   1.4157600e-02
   1.4569900e-02
   1.4860500e-02
   1.4821600e-02
   1.4743700e-02
   1.4617300e-02
   1.4425700e-02
   1.3946800e-02
   1.3094700e-02
   1.2142200e-02
   1.1038800e-02
   9.8822600e-03
   8.6388900e-03
   7.2566300e-03
   5.8529600e-03
   4.3318300e-03
   2.8577100e-03
   1.7831100e-03
   1.1110200e-03
   5.4311500e-04
   3.0077800e-05
  -1.4014400e-04
  -7.4094400e-05
   8.6954100e-05
   3.0511600e-04
   6.9965400e-04
   1.1779100e-03
   1.5531400e-03
   1.9977700e-03
   2.2248600e-03
   2.0312700e-03
   1.6888300e-03
   1.3453700e-03
   7.2945700e-04
   1.2441400e-04
  -8.8161500e-05
  -4.7962000e-04
  -1.0776600e-03
  -1.3314700e-03
  -1.4430400e-03
  -1.5848800e-03
  -1.6088500e-03
  -1.4268800e-03
  -9.4691800e-04
  -2.3888900e-04
   7.3282700e-04
   1.8661700e-03
   2.8377200e-03
   3.2790600e-03
   3.3856300e-03
   3.7259500e-03
   4.2523600e-03
   4.6114900e-03
   4.6593900e-03
   4.2913900e-03
   3.4410500e-03
   2.3539200e-03
   1.2282400e-03
   2.0679000e-04
  -7.9990700e-04
  -1.8747800e-03
  -2.7044100e-03
  -3.5035200e-03
  -4.3713100e-03
  -5.0503700e-03
  -5.7168100e-03
  -6.2959400e-03
  -6.4850100e-03
  -6.5831100e-03
  -7.0536600e-03
  -8.0552700e-03
  -9.4434800e-03
  -1.0285900e-02
  -1.0285000e-02
  -1.0466200e-02
  -1.1174900e-02
  -1.2095500e-02
  -1.2994300e-02
  -1.3655700e-02
  -1.3943800e-02
  -1.3662700e-02
  -1.3279000e-02
  -1.3211300e-02
  -1.2856900e-02
  -1.2286700e-02
  -1.1971700e-02
  -1.1693600e-02
  -1.1330400e-02
  -1.1033200e-02
  -1.0811300e-02
  -1.0368400e-02
  -9.9108800e-03
  -9.6671100e-03
  -9.3448400e-03
  -8.8339700e-03
  -8.1781000e-03
  -7.3649500e-03
  -6.4412000e-03
  -5.4579900e-03
  -4.3318700e-03
  -2.9848100e-03
  -1.1938600e-03
   9.1712800e-04
   2.9007300e-03
   4.7896200e-03
   6.6897600e-03
   8.3912900e-03
   9.8589500e-03
   1.0847600e-02
   1.1442900e-02
   1.1921200e-02
   1.2087800e-02
   1.2096500e-02
   1.2116500e-02
   1.2094600e-02
   1.1693000e-02
   1.1171600e-02
   1.0872600e-02
   1.0647100e-02
   1.0584500e-02
   1.0652700e-02
   1.0602100e-02
   1.0360500e-02
   1.0395800e-02
   1.0595200e-02
   1.0530200e-02
   1.0019500e-02
   9.0818900e-03
   8.1168000e-03
   7.2241900e-03
   6.1126500e-03
   4.6306200e-03
   3.0317300e-03
   1.6650300e-03
   6.0819100e-04
  -3.7167400e-04
  -1.3753400e-03
  -2.3582300e-03
  -3.2349700e-03
  -4.1802800e-03
  -5.0997900e-03
  -5.6763300e-03
  -6.2879600e-03
  -6.8928600e-03
  -7.4095600e-03
  -7.9572300e-03
  -8.5773300e-03
  -9.8994800e-03
  -1.1784200e-02
  -1.3319500e-02
  -1.4270300e-02
  -1.5177500e-02
  -1.6283700e-02
  -1.7362600e-02
  -1.8415800e-02
  -1.9245600e-02
  -1.9726100e-02
  -1.9838500e-02
  -1.9589700e-02
  -1.9396000e-02
  -1.9435200e-02
  -1.9486300e-02
  -1.9298600e-02
  -1.8957800e-02
  -1.8674000e-02
  -1.8466800e-02
  -1.8320000e-02
  -1.8012700e-02
  -1.7651400e-02
  -1.7534200e-02
  -1.7595000e-02
  -1.7640500e-02
  -1.7502400e-02
  -1.7232500e-02
  -1.6829400e-02
  -1.6591700e-02
  -1.6653700e-02
  -1.6539900e-02
  -1.6434700e-02
  -1.6374700e-02
  -1.6252500e-02
  -1.6372000e-02
  -1.6476300e-02
  -1.6503600e-02
  -1.6647300e-02
  -1.6739700e-02
  -1.6824300e-02
  -1.6935500e-02
  -1.7000700e-02
  -1.7219700e-02
  -1.7611300e-02
  -1.8277000e-02
  -1.8922500e-02
  -1.9320300e-02
  -1.9700800e-02
  -1.9787300e-02
  -1.9587100e-02
  -1.9331200e-02
  -1.8840300e-02
  -1.8058500e-02
  -1.7307200e-02
  -1.6740600e-02
  -1.6469500e-02
  -1.6199600e-02
  -1.5826500e-02
  -1.5740800e-02
  -1.5683900e-02
  -1.5517000e-02
  -1.5620600e-02
  -1.5941200e-02
  -1.6307600e-02
  -1.6698900e-02
  -1.6909700e-02
  -1.7143500e-02
  -1.7322300e-02
  -1.7259300e-02
  -1.7319600e-02
  -1.7651300e-02
  -1.8036000e-02
  -1.8412100e-02
  -1.8800300e-02
  -1.8916900e-02
  -1.8834000e-02
  -1.8830800e-02
  -1.8942100e-02
  -1.8880300e-02
  -1.8548200e-02
  -1.8168000e-02
  -1.7711500e-02
  -1.7064600e-02
  -1.6437200e-02
  -1.5785100e-02
  -1.4850700e-02
  -1.3855700e-02
  -1.2858600e-02
  -1.2190300e-02
  -1.1820200e-02
  -1.1277000e-02
  -1.0840700e-02
  -1.0521100e-02
  -1.0325900e-02
  -1.0420900e-02
  -1.0497100e-02
  -1.0361100e-02
  -1.0083200e-02
  -9.6163800e-03
  -9.1309900e-03
  -9.1927300e-03
  -9.7665400e-03
  -1.0187200e-02
  -1.0057000e-02
  -9.5830700e-03
  -9.0233000e-03
  -8.6487600e-03
  -8.5337800e-03
  -8.2539900e-03
  -7.7809000e-03
  -7.2889000e-03
  -6.6935600e-03
  -5.9402700e-03
  -4.9310000e-03
  -3.8977200e-03
  -3.1167600e-03
  -2.3706800e-03
  -1.5593400e-03
  -6.0156600e-04
   3.9551300e-04
   1.0373900e-03
   1.3638100e-03
   1.5827900e-03
   1.5958600e-03
   1.5903000e-03
   2.0087900e-03
   2.8910700e-03
   3.7547600e-03
   4.1957800e-03
   4.3883700e-03
   4.4478600e-03
   4.2662900e-03
   3.8774600e-03
   3.4348700e-03
   2.9798900e-03
   2.3357700e-03
   1.4695600e-03
   5.4222300e-04
  -3.4843500e-04
  -1.2561200e-03
  -2.2130100e-03
  -3.0557600e-03
  -3.6737600e-03
  -4.1014000e-03
  -4.4671000e-03
  -5.0196800e-03
  -5.5165500e-03
  -5.8227800e-03
  -6.1800300e-03
  -6.1459800e-03
  -5.6677700e-03
  -5.1009100e-03
  -4.4227700e-03
  -3.7429000e-03
  -3.0129600e-03
  -1.8367300e-03
  -6.8904400e-05
   1.8888100e-03
   3.7095800e-03
   5.5597400e-03
   7.5275800e-03
   9.4925300e-03
   1.1305900e-02
   1.2987800e-02
   1.4627600e-02
   1.5982700e-02
   1.6946700e-02
   1.7578600e-02
   1.8041000e-02
   1.8457800e-02
   1.8914200e-02
   1.9296200e-02
   1.9088400e-02
   1.8634700e-02
   1.8246600e-02
   1.7693500e-02
   1.7184900e-02
   1.6380000e-02
   1.5003600e-02
   1.3553400e-02
   1.2081600e-02
   1.0756400e-02
   9.6770600e-03
   8.2970800e-03
   6.9179700e-03
   5.8525300e-03
   4.9288300e-03
   4.4324300e-03
   4.3307100e-03
   4.3655300e-03
   4.6262200e-03
   5.0516800e-03
   5.4845800e-03
   6.0970800e-03
   6.9245900e-03
   7.4965400e-03
   7.8140000e-03
   8.4079700e-03
   9.1294100e-03
   9.4727400e-03
   9.3010900e-03
   8.5396200e-03
   7.4869100e-03
   6.6849900e-03
   5.8855400e-03
   4.9941000e-03
   4.0850600e-03
   2.8719700e-03
   1.5706500e-03
   4.4397400e-04
  -5.6955600e-04
  -1.6851600e-03
  -2.8867700e-03
  -3.9749000e-03
  -4.9788300e-03
  -6.1783000e-03
  -7.6660300e-03
  -8.9882400e-03
  -9.9960500e-03
  -1.0812800e-02
  -1.1645700e-02
  -1.2418500e-02
  -1.3103100e-02
  -1.3864300e-02
  -1.4235600e-02
  -1.3991500e-02
  -1.2916300e-02
  -1.1313400e-02
  -9.8959300e-03
  -8.5367300e-03
  -7.2588100e-03
  -6.0886400e-03
  -4.5308800e-03
  -2.6578100e-03
  -1.2306900e-03
  -7.4299300e-05
   1.1689900e-03
   2.1171000e-03
   3.0090600e-03
   4.0502300e-03
   4.9095000e-03
   5.5185500e-03
   5.9708000e-03
   6.4068400e-03
   6.8534500e-03
   7.1710400e-03
   7.6210400e-03
   8.2976200e-03
   8.8212300e-03
   9.2704200e-03
   9.7138800e-03
   1.0169100e-02
   1.0674800e-02
   1.0841100e-02
   1.0716600e-02
   1.0519800e-02
   1.0159300e-02
   9.6777800e-03
   9.1369800e-03
   8.5968000e-03
   7.9050300e-03
   7.1048400e-03
   6.5081600e-03
   5.9250900e-03
   5.4399300e-03
   5.3711400e-03
   5.2630600e-03
   5.0524300e-03
   5.1910500e-03
   5.5483700e-03
   6.0827500e-03
   7.1008900e-03
   8.1678800e-03
   8.9524800e-03
   9.9051200e-03
   1.0849800e-02
   1.1734600e-02
   1.3003400e-02
   1.4180800e-02
   1.4873700e-02
   1.5317000e-02
   1.5486800e-02
   1.5666600e-02
   1.5929400e-02
   1.6126400e-02
   1.6571900e-02
   1.6719300e-02
   1.6700900e-02
   1.7131600e-02
   1.7486500e-02
   1.8158600e-02
   1.8960000e-02
   1.9461400e-02
   2.0134500e-02
   2.0790200e-02
   2.1315400e-02
   2.1776400e-02
   2.2135300e-02
   2.2611600e-02
   2.3064400e-02
   2.2923500e-02
   2.1977100e-02
   2.0668600e-02
   1.9983300e-02
   1.9723400e-02
   1.9458800e-02
   1.9250400e-02
   1.8830600e-02
   1.8619700e-02
   1.8726100e-02
   1.8916900e-02
   1.9174000e-02
   1.9445800e-02
   1.9613400e-02
   1.9693100e-02
   1.9785800e-02
   1.9861500e-02
   2.0005500e-02
   2.0010800e-02
   2.0024300e-02
   2.0290400e-02
   2.0406800e-02
   2.0377000e-02
   2.0283600e-02
   2.0237100e-02
   2.0731500e-02
   2.1844200e-02
   2.3105400e-02
   2.3919700e-02
   2.4474800e-02
   2.4924000e-02
   2.5183800e-02
   2.5643600e-02
   2.6142100e-02
   2.6565700e-02
   2.6774100e-02
   2.6668900e-02
   2.6626100e-02
   2.6588100e-02
   2.6777700e-02
   2.6919400e-02
   2.6641600e-02
   2.6273700e-02
   2.5680800e-02
   2.4944300e-02
   2.4126100e-02
   2.3483000e-02
   2.2907200e-02
   2.1862100e-02
   2.0865400e-02
   2.0079900e-02
   1.9204900e-02
   1.8310300e-02
   1.7606400e-02
   1.7225800e-02
   1.6881300e-02
   1.6639600e-02
   1.6520400e-02
   1.6307000e-02
   1.6291500e-02
   1.6627000e-02
   1.6965400e-02
   1.7044200e-02
   1.6960100e-02
   1.6937400e-02
   1.6972800e-02
   1.6812000e-02
   1.6816300e-02
