   1.1737490e-03
   2.2632820e-03
   2.7756290e-03
   2.5444320e-03
   1.6970880e-03
   6.0090810e-04
  -2.6089760e-04
  -5.2162800e-04
  -9.3767960e-05
   8.3080370e-04
   1.9695250e-03
   3.0414620e-03
   3.8314850e-03
   4.2170290e-03
   4.1965970e-03
   3.9427970e-03
   3.7241920e-03
   3.7239670e-03
   4.0040160e-03
   4.4880770e-03
   5.0151270e-03
   5.3442960e-03
   5.2884120e-03
   4.8261070e-03
   4.1302770e-03
   3.4435390e-03
   2.9837240e-03
   2.9096680e-03
   3.2596800e-03
   3.8788130e-03
   4.5301830e-03
   4.9218990e-03
   4.8758260e-03
   4.4164750e-03
   3.6877190e-03
   2.9758520e-03
   2.4261720e-03
   1.9223850e-03
   1.2660360e-03
   2.9443230e-04
  -1.0136120e-03
  -2.4543540e-03
  -3.6980080e-03
  -4.4546060e-03
  -4.5863540e-03
  -4.1764160e-03
  -3.4553000e-03
  -2.6468780e-03
  -1.9599030e-03
  -1.6079870e-03
  -1.8101090e-03
  -2.6848560e-03
  -4.0340330e-03
  -5.4875150e-03
  -6.6639050e-03
  -7.2530650e-03
  -7.1412910e-03
  -6.4215260e-03
  -5.2583700e-03
  -3.8132900e-03
  -2.3101380e-03
  -1.0206060e-03
  -1.2700040e-04
   2.4226630e-04
   3.8430320e-05
  -7.3805220e-04
  -2.0201020e-03
  -3.6319380e-03
  -5.3505560e-03
  -6.9174550e-03
  -8.0639140e-03
  -8.5535320e-03
  -8.2357870e-03
  -7.1388880e-03
  -5.3876640e-03
  -3.2728830e-03
  -1.2422640e-03
   2.1715300e-04
   6.9856420e-04
   2.0825490e-05
  -1.6751180e-03
  -3.9240700e-03
  -6.0696900e-03
  -7.5787640e-03
  -8.2763660e-03
  -8.2938430e-03
  -7.8797920e-03
  -7.1986930e-03
  -6.2874290e-03
  -5.2676350e-03
  -4.3570240e-03
  -3.8528720e-03
  -3.9127420e-03
  -4.3596500e-03
  -4.8182200e-03
  -4.9218780e-03
  -4.6025880e-03
  -4.0742950e-03
  -3.6797940e-03
  -3.6766130e-03
  -3.9430910e-03
  -3.9709890e-03
  -3.2553040e-03
  -1.5947980e-03
   7.9701370e-04
   3.3530390e-03
   5.4096510e-03
   6.5576350e-03
   6.8170360e-03
   6.5135200e-03
   5.9281790e-03
   5.1716520e-03
   4.3276320e-03
   3.5827580e-03
   3.3124640e-03
   3.8366760e-03
   5.0529900e-03
   6.4557420e-03
   7.3773350e-03
   7.3485520e-03
   6.4099340e-03
   5.0207320e-03
   3.7715640e-03
   3.0123340e-03
   2.6987510e-03
   2.5800270e-03
   2.4513230e-03
   2.3115730e-03
   2.2507200e-03
   2.2343270e-03
   2.1370940e-03
   1.8656250e-03
   1.3918430e-03
   7.9850040e-04
   2.1034290e-04
  -1.7292960e-04
  -2.1488380e-04
   1.2896410e-04
   7.9619370e-04
   1.6279000e-03
   2.4857910e-03
   3.3044690e-03
   4.0991500e-03
   4.8495170e-03
   5.4698190e-03
   5.7933480e-03
   5.6033460e-03
   4.8690640e-03
   3.9634370e-03
   3.4789930e-03
   3.8308030e-03
   4.9692330e-03
   6.3505060e-03
   7.2721300e-03
   7.2661650e-03
   6.3355910e-03
   4.9439530e-03
   3.6383200e-03
   2.6981510e-03
   2.1268570e-03
   1.7795400e-03
   1.5145320e-03
   1.3532800e-03
   1.3726320e-03
   1.5996240e-03
   1.9958980e-03
   2.3654350e-03
   2.5415060e-03
   2.4755730e-03
   2.1812060e-03
   1.7889250e-03
   1.4498090e-03
   1.2425900e-03
   1.0997270e-03
   8.2599990e-04
   2.8570310e-04
  -4.8761730e-04
  -1.3867460e-03
  -2.3027640e-03
  -3.0035180e-03
  -3.2086370e-03
  -2.7372130e-03
  -1.5948020e-03
  -5.7096090e-06
   1.6973820e-03
   3.1460430e-03
   4.0683570e-03
   4.4305480e-03
   4.3700370e-03
   4.0982100e-03
   3.7991450e-03
   3.5906790e-03
   3.5673090e-03
   3.7241790e-03
   4.0314200e-03
   4.4146000e-03
   4.7598090e-03
   4.9135650e-03
   4.7747590e-03
   4.3326420e-03
   3.6454930e-03
   2.7987010e-03
   1.8975510e-03
   9.8525280e-04
   1.4956130e-04
  -4.4745370e-04
  -7.6767390e-04
  -9.4081940e-04
  -1.2012410e-03
  -1.8027800e-03
  -2.8870380e-03
  -4.2983400e-03
  -5.6497960e-03
  -6.6145200e-03
  -7.1615070e-03
  -7.5555680e-03
  -8.1826830e-03
  -9.1908980e-03
  -1.0399420e-02
  -1.1436770e-02
  -1.1996110e-02
  -1.2143330e-02
  -1.2214560e-02
  -1.2545430e-02
  -1.3172920e-02
  -1.3848440e-02
  -1.4216690e-02
  -1.4059130e-02
  -1.3405540e-02
  -1.2446550e-02
  -1.1365680e-02
  -1.0201750e-02
  -8.8551610e-03
  -7.2558330e-03
  -5.4838120e-03
  -3.7637650e-03
  -2.2973670e-03
  -1.1722440e-03
  -4.3383950e-04
   2.5650600e-05
   3.4437280e-04
   5.7110800e-04
   6.2204680e-04
   4.4261730e-04
   1.4166910e-04
  -1.1915590e-04
  -1.8397350e-04
   1.3574080e-05
   3.2553660e-04
   4.2579350e-04
   2.3786500e-05
  -9.4427560e-04
  -2.2899520e-03
  -3.6404800e-03
  -4.6064150e-03
  -5.0492880e-03
  -5.0412080e-03
  -4.8258900e-03
  -4.6430990e-03
  -4.5688070e-03
  -4.5108850e-03
  -4.2474970e-03
  -3.6881500e-03
  -3.0069250e-03
  -2.5254740e-03
  -2.5069180e-03
  -2.9408980e-03
  -3.5490210e-03
  -3.9761730e-03
  -3.9677070e-03
  -3.4362560e-03
  -2.4335160e-03
  -1.1257910e-03
   3.9780640e-04
   2.0765200e-03
   3.6850780e-03
   4.9621090e-03
   5.7384850e-03
   6.0010280e-03
   5.9169670e-03
   5.8368080e-03
   6.0914390e-03
   6.8345910e-03
   7.9809370e-03
   9.2742930e-03
   1.0459890e-02
   1.1364590e-02
   1.1964360e-02
   1.2259810e-02
   1.2225310e-02
   1.1867470e-02
   1.1197740e-02
   1.0191040e-02
   8.9085900e-03
   7.5655770e-03
   6.3489670e-03
   5.4118970e-03
   4.8050340e-03
   4.3708110e-03
   3.8610020e-03
   3.0059560e-03
   1.6013300e-03
  -2.9371790e-04
  -2.3035090e-03
  -3.9514440e-03
  -4.8647540e-03
  -4.9403310e-03
  -4.3635750e-03
  -3.6388440e-03
  -3.3274200e-03
  -3.7273750e-03
  -4.6932460e-03
  -5.7550570e-03
  -6.4270180e-03
  -6.4433080e-03
  -5.8482340e-03
  -4.8340900e-03
  -3.6601530e-03
  -2.6366740e-03
  -2.0386000e-03
  -1.9744200e-03
  -2.3710080e-03
  -3.0218200e-03
  -3.6090740e-03
  -3.7273930e-03
  -3.1580520e-03
  -1.9519720e-03
  -4.3372630e-04
   1.0895320e-03
   2.5517180e-03
   4.0127850e-03
   5.5281970e-03
   7.0792260e-03
   8.5678560e-03
   9.8893490e-03
   1.1061410e-02
   1.2175440e-02
   1.3363610e-02
   1.4720610e-02
   1.6227960e-02
   1.7771620e-02
   1.9149410e-02
   2.0156350e-02
   2.0612880e-02
   2.0307890e-02
   1.9192260e-02
   1.7436590e-02
   1.5321840e-02
   1.3214600e-02
   1.1423880e-02
   1.0129860e-02
   9.3609970e-03
   8.9704220e-03
   8.7151070e-03
   8.3471610e-03
   7.7545750e-03
   6.9359690e-03
   5.8594900e-03
   4.5265760e-03
   2.9613140e-03
   1.2414350e-03
  -4.9879400e-04
  -2.0978310e-03
  -3.4187090e-03
  -4.3593070e-03
  -4.8457210e-03
  -4.9038480e-03
  -4.7002890e-03
  -4.5292880e-03
  -4.7185740e-03
  -5.4601390e-03
  -6.7592000e-03
  -8.4330140e-03
  -1.0142000e-02
  -1.1528440e-02
  -1.2418290e-02
  -1.2799050e-02
  -1.2766300e-02
  -1.2474030e-02
  -1.2087110e-02
  -1.1730610e-02
  -1.1555880e-02
  -1.1740330e-02
  -1.2396270e-02
  -1.3476610e-02
  -1.4694570e-02
  -1.5651540e-02
  -1.6140360e-02
  -1.6189290e-02
  -1.6077590e-02
  -1.6017380e-02
  -1.5954660e-02
  -1.5770090e-02
  -1.5374400e-02
  -1.4785500e-02
  -1.4257310e-02
  -1.4089290e-02
  -1.4348260e-02
  -1.4835880e-02
  -1.5192630e-02
  -1.5021650e-02
  -1.4094590e-02
  -1.2430640e-02
  -1.0222740e-02
  -7.7830400e-03
  -5.4623350e-03
  -3.4501280e-03
  -1.7671450e-03
  -3.3177950e-04
   9.4139750e-04
   2.0204960e-03
   2.8170060e-03
   3.3234680e-03
   3.7383820e-03
   4.2429850e-03
   4.9839460e-03
   5.9284560e-03
   6.7892270e-03
   7.3312450e-03
   7.4997560e-03
   7.3951320e-03
   7.1586990e-03
   6.8683570e-03
   6.4524790e-03
   5.7639970e-03
   4.7311440e-03
   3.4943740e-03
   2.3301170e-03
   1.5024200e-03
   1.2275330e-03
   1.5809230e-03
   2.3557580e-03
   3.2154010e-03
   3.8371380e-03
   4.0383810e-03
   3.8755960e-03
   3.5604210e-03
   3.2665100e-03
   2.9748920e-03
   2.5230330e-03
   1.7365700e-03
   6.1054740e-04
  -6.1555810e-04
  -1.6098850e-03
  -2.1097970e-03
  -2.1084790e-03
  -1.8196570e-03
  -1.5407800e-03
  -1.5147080e-03
  -1.8510880e-03
  -2.4701330e-03
  -3.1559480e-03
  -3.7561390e-03
  -4.1976360e-03
  -4.3581830e-03
  -4.1004860e-03
  -3.3762080e-03
  -2.2941840e-03
  -1.0928370e-03
  -4.9649310e-05
   6.3004650e-04
   9.6610860e-04
   1.1053680e-03
   1.1526480e-03
   1.2106890e-03
   1.3756210e-03
   1.6613500e-03
   1.9891970e-03
   2.2462080e-03
   2.4210280e-03
   2.6162960e-03
   3.0035420e-03
   3.6874010e-03
   4.7200080e-03
   6.0107230e-03
   7.3720730e-03
   8.6131240e-03
   9.6070660e-03
   1.0394790e-02
   1.1141740e-02
   1.1935240e-02
   1.2826730e-02
   1.3794620e-02
   1.4719170e-02
   1.5491010e-02
   1.6040870e-02
   1.6300710e-02
   1.6213780e-02
   1.5787430e-02
   1.5070240e-02
   1.4135910e-02
   1.3078420e-02
   1.1918390e-02
   1.0551530e-02
   8.8596010e-03
   6.7975230e-03
   4.3766920e-03
   1.7201580e-03
  -9.3762150e-04
  -3.3886720e-03
  -5.4917560e-03
  -7.1532390e-03
  -8.3111810e-03
  -8.9803630e-03
  -9.2460420e-03
  -9.1999610e-03
  -8.9721730e-03
  -8.7408310e-03
  -8.6314140e-03
  -8.6817350e-03
  -8.8177370e-03
  -8.9801450e-03
  -9.2073650e-03
  -9.5339870e-03
  -9.9618950e-03
  -1.0496010e-02
  -1.1122800e-02
  -1.1761500e-02
  -1.2290270e-02
  -1.2565920e-02
  -1.2470350e-02
  -1.1944430e-02
  -1.1054900e-02
  -9.9879940e-03
  -8.9035750e-03
  -7.8758910e-03
  -6.9037850e-03
  -5.9873150e-03
  -5.1289590e-03
  -4.2733270e-03
  -3.3285560e-03
  -2.1551980e-03
  -6.4320400e-04
   1.1925260e-03
   3.1833620e-03
   5.0253310e-03
   6.3530600e-03
   6.9434360e-03
   6.8251910e-03
   6.1333380e-03
   5.0745180e-03
   3.8171080e-03
   2.3946880e-03
   7.8045860e-04
  -1.0142240e-03
  -2.8860500e-03
  -4.6148020e-03
  -6.0411330e-03
  -7.2073320e-03
  -8.2905090e-03
  -9.5451790e-03
  -1.1132970e-02
  -1.2932140e-02
  -1.4670320e-02
  -1.6022610e-02
  -1.6865320e-02
  -1.7313820e-02
  -1.7511510e-02
  -1.7517090e-02
  -1.7273900e-02
  -1.6676420e-02
  -1.5610150e-02
  -1.4063420e-02
  -1.2158490e-02
  -1.0045950e-02
  -7.9021340e-03
  -5.9046250e-03
  -4.1964950e-03
  -2.8665300e-03
  -1.9429120e-03
  -1.3008460e-03
  -6.6982560e-04
   2.5886360e-04
   1.7168140e-03
   3.7109040e-03
   6.0343900e-03
   8.3190800e-03
   1.0178980e-02
   1.1414180e-02
   1.2118680e-02
   1.2561310e-02
   1.2959030e-02
   1.3399870e-02
   1.3767880e-02
   1.3843490e-02
   1.3473460e-02
   1.2703920e-02
   1.1734710e-02
   1.0710150e-02
   9.6186510e-03
   8.3844190e-03
   6.9672830e-03
   5.3656310e-03
   3.6863490e-03
   2.0344060e-03
   5.7300620e-04
  -4.4187170e-04
  -8.1923030e-04
  -4.8672490e-04
   4.1059590e-04
   1.6113630e-03
   2.8076540e-03
   3.6545560e-03
   4.0172220e-03
   3.9866000e-03
   3.8306610e-03
   3.8244710e-03
   4.0567650e-03
   4.5023160e-03
   5.1550500e-03
   6.0074790e-03
   7.0277630e-03
   8.1334440e-03
   9.1494320e-03
   9.7710170e-03
   9.6910730e-03
   8.8108230e-03
   7.3280420e-03
   5.6190780e-03
   4.0537380e-03
   2.8848590e-03
   2.1529010e-03
   1.7804800e-03
   1.6909180e-03
   1.8668360e-03
   2.3274370e-03
   3.1050430e-03
   4.2072880e-03
   5.5541250e-03
   6.9652550e-03
   8.1509100e-03
   8.9121640e-03
   9.1606650e-03
   8.8911100e-03
   8.2234550e-03
   7.3494680e-03
   6.4980650e-03
   5.9069230e-03
   5.6571610e-03
   5.6777050e-03
   5.8478610e-03
   5.9900830e-03
   5.9618180e-03
   5.7543430e-03
   5.3824330e-03
   4.8986720e-03
   4.3969170e-03
   3.9354950e-03
   3.4649750e-03
   2.8589490e-03
   1.9987500e-03
   8.7917410e-04
  -3.9675430e-04
  -1.6486300e-03
  -2.6779780e-03
  -3.3465190e-03
  -3.6942970e-03
  -3.8904370e-03
  -4.0575790e-03
  -4.2248910e-03
  -4.2578140e-03
  -3.9533970e-03
  -3.1708890e-03
  -1.9406280e-03
  -4.4629540e-04
   1.0228800e-03
   2.2158070e-03
   2.9626310e-03
   3.1932470e-03
   2.9183610e-03
   2.1883740e-03
   1.0429430e-03
  -4.7465970e-04
  -2.2471160e-03
  -4.0935040e-03
  -5.8512980e-03
  -7.4924530e-03
  -9.1211330e-03
  -1.0835780e-02
  -1.2619320e-02
  -1.4280930e-02
  -1.5614820e-02
  -1.6595740e-02
  -1.7303300e-02
  -1.7829690e-02
  -1.8246700e-02
  -1.8573920e-02
  -1.8708260e-02
  -1.8480940e-02
  -1.7819540e-02
  -1.6629830e-02
  -1.4846650e-02
  -1.2548250e-02
  -9.8951360e-03
  -7.1168290e-03
  -4.3863080e-03
  -1.7757080e-03
   7.0702210e-04
   3.0244390e-03
   5.0742450e-03
   6.7148250e-03
   7.8123060e-03
   8.2628290e-03
   8.0810050e-03
   7.3864280e-03
   6.3606200e-03
   5.2865470e-03
   4.3834320e-03
   3.7316830e-03
   3.2864140e-03
   2.9668080e-03
   2.6998820e-03
   2.3772320e-03
   1.9598250e-03
   1.5362620e-03
   1.2499000e-03
   1.1567120e-03
   1.2145150e-03
   1.4385210e-03
   1.8124670e-03
   2.1400060e-03
   2.2299540e-03
   2.0017060e-03
   1.4758960e-03
   7.6171930e-04
   5.6881760e-05
  -4.1749340e-04
  -4.9381900e-04
  -6.3375340e-05
   8.8030310e-04
   2.1372730e-03
   3.3329620e-03
   4.1382740e-03
   4.4145680e-03
   4.1606250e-03
   3.4785070e-03
   2.6090560e-03
   1.7789810e-03
   1.1045170e-03
   6.1701730e-04
   3.8089700e-04
   4.1459430e-04
   6.9682350e-04
   1.2639250e-03
   2.0704440e-03
   2.9745880e-03
   3.8203440e-03
   4.5697810e-03
   5.2896700e-03
   5.9748720e-03
   6.6018270e-03
   7.2040420e-03
   7.7433670e-03
   8.2105330e-03
   8.6870280e-03
   9.2567490e-03
   9.9477550e-03
   1.0792230e-02
   1.1782700e-02
   1.2897390e-02
   1.4155860e-02
   1.5458580e-02
   1.6560140e-02
   1.7169160e-02
   1.7048270e-02
   1.6074400e-02
   1.4275620e-02
   1.1916860e-02
   9.3921410e-03
   7.1042660e-03
   5.3373490e-03
   4.2070240e-03
   3.6532250e-03
   3.4794420e-03
   3.4671840e-03
   3.4138530e-03
   3.2005510e-03
   2.7535110e-03
   2.0514800e-03
   1.1171900e-03
  -2.3275070e-05
  -1.2435160e-03
  -2.3827280e-03
  -3.3304390e-03
  -4.0570060e-03
  -4.5568100e-03
  -4.8064320e-03
  -4.8603780e-03
  -4.8217430e-03
  -4.8244490e-03
  -5.0126010e-03
  -5.4570470e-03
  -6.1333900e-03
  -6.9134760e-03
  -7.6595640e-03
  -8.2222770e-03
  -8.4847950e-03
  -8.3045640e-03
  -7.6046770e-03
  -6.4108000e-03
  -4.7976710e-03
  -2.9768710e-03
  -1.2832380e-03
   2.1149850e-05
   8.7129740e-04
   1.2581040e-03
   1.1977220e-03
   8.1354750e-04
   2.8400620e-04
  -2.2216310e-04
  -6.0316900e-04
  -8.5252520e-04
  -1.0412250e-03
  -1.2158850e-03
  -1.3429840e-03
  -1.2751470e-03
  -9.3508060e-04
  -4.4074660e-04
  -3.4550920e-05
   4.6859880e-05
  -3.5271970e-04
  -1.1596090e-03
  -2.0778230e-03
  -2.7486560e-03
  -2.9757780e-03
  -2.8382960e-03
  -2.6044410e-03
  -2.4927930e-03
  -2.5780680e-03
  -2.8024610e-03
  -3.0821200e-03
  -3.3679030e-03
  -3.6156690e-03
  -3.8423830e-03
  -4.0027860e-03
  -3.9666670e-03
  -3.6227580e-03
  -2.9877540e-03
  -2.2025340e-03
  -1.4715920e-03
  -1.0192160e-03
  -1.0004320e-03
  -1.4791650e-03
  -2.3514990e-03
  -3.4130600e-03
  -4.4335060e-03
  -5.2272050e-03
  -5.7599620e-03
  -6.0764030e-03
  -6.2288830e-03
  -6.3109230e-03
  -6.3746570e-03
  -6.4235670e-03
  -6.4276080e-03
  -6.3216280e-03
  -6.1261580e-03
  -5.9672490e-03
  -5.8164970e-03
  -5.5105740e-03
  -4.8947760e-03
  -3.9160860e-03
  -2.6644290e-03
  -1.3030800e-03
   6.0098480e-05
   1.3362790e-03
   2.4166070e-03
   3.2211060e-03
   3.7973210e-03
   4.2394570e-03
   4.5287970e-03
   4.6243460e-03
   4.4740580e-03
   4.0968560e-03
   3.5737120e-03
   2.9780530e-03
   2.4094800e-03
   2.0261890e-03
   1.9557280e-03
   2.2128440e-03
   2.7462950e-03
   3.4481050e-03
   4.1472040e-03
   4.7067390e-03
   5.1033410e-03
   5.4060720e-03
   5.7865920e-03
   6.3867060e-03
   7.1991360e-03
   8.0588430e-03
   8.7247450e-03
   9.0470790e-03
   9.0448170e-03
   8.8319660e-03
   8.4852080e-03
   8.0287530e-03
   7.4903610e-03
   6.8963900e-03
   6.2892430e-03
   5.7436520e-03
   5.3316240e-03
   5.1105350e-03
   4.9885000e-03
   4.8443050e-03
   4.6237700e-03
   4.3849130e-03
   4.1929700e-03
   4.1529430e-03
   4.3571180e-03
   4.7302670e-03
   5.1481720e-03
   5.5690520e-03
   5.9778210e-03
   6.3126460e-03
   6.4963120e-03
   6.4356360e-03
   6.1494010e-03
   5.7316250e-03
   5.2929770e-03
   5.0453270e-03
   5.1627880e-03
   5.6459950e-03
   6.3165380e-03
   6.9949270e-03
   7.5631090e-03
   7.9743610e-03
   8.2570580e-03
   8.3964020e-03
   8.2876720e-03
   7.8177690e-03
   6.8866110e-03
   5.5603480e-03
   4.0251520e-03
   2.5042060e-03
   1.1396010e-03
  -3.7693040e-05
  -1.0093850e-03
  -1.7813550e-03
  -2.4011430e-03
  -2.8347740e-03
  -2.9755320e-03
  -2.7912900e-03
  -2.3016100e-03
  -1.5628180e-03
  -6.6830680e-04
   3.6467000e-04
   1.5252340e-03
   2.6754840e-03
   3.6664040e-03
   4.4037350e-03
   4.8162600e-03
   4.9003410e-03
   4.7130400e-03
   4.4118300e-03
   4.2214990e-03
   4.2244600e-03
   4.4322460e-03
   4.8450050e-03
   5.3431150e-03
   5.7657500e-03
   6.0042030e-03
   6.0729030e-03
   6.1347770e-03
   6.3138530e-03
   6.5391440e-03
   6.7507440e-03
   6.9533280e-03
   7.0912990e-03
   7.1824250e-03
   7.2612290e-03
   7.3568940e-03
   7.3981310e-03
   7.2149500e-03
   6.7296870e-03
   5.9491890e-03
   4.8899250e-03
   3.6118620e-03
   2.2467240e-03
   9.4079360e-04
  -2.3114180e-04
  -1.2945410e-03
  -2.3501230e-03
  -3.4523700e-03
  -4.5690540e-03
  -5.6179740e-03
  -6.6186280e-03
  -7.6081410e-03
  -8.5846400e-03
  -9.4603210e-03
  -1.0079470e-02
  -1.0392240e-02
  -1.0417090e-02
  -1.0222180e-02
  -9.8875690e-03
  -9.4578600e-03
  -8.9393810e-03
  -8.3427880e-03
  -7.6939520e-03
  -7.1058600e-03
  -6.6188580e-03
  -6.2193920e-03
  -5.9044580e-03
  -5.6959810e-03
  -5.5713140e-03
  -5.4329800e-03
  -5.2170450e-03
  -4.9588110e-03
  -4.7346550e-03
  -4.5921950e-03
  -4.5655860e-03
  -4.5852870e-03
  -4.5128710e-03
  -4.2453360e-03
  -3.7513020e-03
  -3.1266190e-03
  -2.4656590e-03
  -1.7440710e-03
  -9.6792240e-04
  -1.8619400e-04
   5.3043950e-04
   1.0660040e-03
   1.3434400e-03
   1.4159090e-03
   1.3962830e-03
   1.4155010e-03
   1.5659020e-03
   1.8918570e-03
   2.3816310e-03
   2.9870510e-03
   3.5956220e-03
   4.1023920e-03
   4.5301470e-03
   4.8977210e-03
   5.1874260e-03
   5.4342700e-03
   5.6349060e-03
   5.7471640e-03
   5.7826350e-03
   5.7391690e-03
   5.6234950e-03
   5.5202860e-03
   5.5693520e-03
   5.8674060e-03
   6.3978460e-03
   7.0854830e-03
   7.8531700e-03
   8.6805090e-03
   9.4807180e-03
   1.0133500e-02
   1.0516370e-02
   1.0531670e-02
   1.0191120e-02
   9.5414220e-03
   8.7010690e-03
   7.8358910e-03
   7.0880770e-03
   6.5336120e-03
   6.1537420e-03
   5.9239590e-03
   5.8338570e-03
   5.8090570e-03
   5.7256480e-03
   5.4749330e-03
   4.9694750e-03
   4.2355850e-03
   3.4443260e-03
   2.6951530e-03
   2.1422760e-03
   1.9203010e-03
   2.0808680e-03
   2.5828280e-03
   3.3803040e-03
   4.3752660e-03
   5.4468100e-03
   6.5298110e-03
   7.6447930e-03
   8.7836960e-03
   9.9687000e-03
   1.1176250e-02
   1.2324800e-02
   1.3404900e-02
   1.4403620e-02
   1.5282970e-02
   1.5994870e-02
   1.6444310e-02
   1.6606220e-02
   1.6555770e-02
   1.6347720e-02
   1.6092160e-02
   1.5878880e-02
   1.5733300e-02
   1.5631670e-02
   1.5493150e-02
   1.5223110e-02
   1.4728550e-02
   1.3969330e-02
   1.2999960e-02
   1.1940340e-02
   1.0865520e-02
   9.7703620e-03
   8.6294430e-03
   7.5105560e-03
   6.5014850e-03
   5.7165230e-03
   5.2574030e-03
   5.1649320e-03
   5.4224720e-03
   5.9320810e-03
   6.5391280e-03
   7.1300550e-03
   7.6670830e-03
   8.1646960e-03
   8.6762880e-03
   9.1821620e-03
   9.6731610e-03
   1.0198300e-02
   1.0751870e-02
   1.1309770e-02
   1.1824300e-02
   1.2191470e-02
   1.2342820e-02
   1.2249730e-02
   1.1935770e-02
   1.1452920e-02
   1.0882420e-02
   1.0328360e-02
   9.8116090e-03
   9.2882890e-03
   8.6823040e-03
   7.9474560e-03
   7.0914960e-03
   6.1382400e-03
   5.0635790e-03
   3.8473630e-03
   2.5498640e-03
   1.2870470e-03
   1.2533770e-04
  -9.5546960e-04
  -1.9861880e-03
  -2.9779200e-03
  -3.9232290e-03
  -4.8005330e-03
  -5.6311330e-03
  -6.4621010e-03
  -7.2366890e-03
  -7.9176200e-03
  -8.5241290e-03
  -9.0095990e-03
  -9.3239090e-03
  -9.5073590e-03
  -9.5993920e-03
  -9.6126130e-03
  -9.6322670e-03
  -9.6403150e-03
  -9.5788360e-03
  -9.3934110e-03
  -9.0854330e-03
  -8.6834900e-03
  -8.2522990e-03
  -7.9080830e-03
  -7.6742200e-03
  -7.5569700e-03
  -7.5308870e-03
  -7.5282540e-03
  -7.4952370e-03
  -7.4074710e-03
  -7.2530650e-03
  -7.0414770e-03
  -6.7913000e-03
  -6.5591160e-03
  -6.4216600e-03
  -6.4335540e-03
  -6.6820170e-03
  -7.1776690e-03
  -7.8550120e-03
  -8.6133720e-03
  -9.3589420e-03
  -1.0065210e-02
  -1.0743470e-02
  -1.1370800e-02
  -1.1879500e-02
  -1.2246530e-02
  -1.2516440e-02
  -1.2707140e-02
  -1.2840830e-02
  -1.2955020e-02
  -1.3148750e-02
  -1.3488010e-02
  -1.3976990e-02
  -1.4568300e-02
  -1.5219970e-02
  -1.5899870e-02
  -1.6575370e-02
  -1.7196620e-02
  -1.7804810e-02
  -1.8466740e-02
  -1.9110830e-02
  -1.9688240e-02
  -2.0226000e-02
  -2.0761120e-02
  -2.1295420e-02
  -2.1866340e-02
  -2.2548950e-02
  -2.3358250e-02
  -2.4261690e-02
  -2.5201060e-02
  -2.6138740e-02
  -2.7082210e-02
  -2.8003630e-02
  -2.8863890e-02
  -2.9666680e-02
  -3.0398400e-02
  -3.1022700e-02
  -3.1557840e-02
  -3.2055390e-02
  -3.2535500e-02
  -3.2986910e-02
  -3.3349050e-02
  -3.3560780e-02
  -3.3620830e-02
  -3.3571580e-02
  -3.3399980e-02
  -3.3103330e-02
  -3.2717440e-02
  -3.2248610e-02
  -3.1630870e-02
  -3.0876800e-02
  -3.0072090e-02
  -2.9264340e-02
  -2.8443200e-02
  -2.7677210e-02
  -2.7082610e-02
  -2.6686290e-02
  -2.6444900e-02
  -2.6313510e-02
  -2.6257390e-02
  -2.6227040e-02
  -2.6200930e-02
  -2.6178400e-02
  -2.6173390e-02
  -2.6168380e-02
  -2.6134250e-02
  -2.6073970e-02
  -2.5969690e-02
  -2.5788120e-02
  -2.5481930e-02
  -2.5086140e-02
  -2.4674810e-02
  -2.4264910e-02
  -2.3835270e-02
  -2.3432430e-02
  -2.3135200e-02
  -2.2965600e-02
  -2.2899730e-02
  -2.2911710e-02
  -2.2888930e-02
  -2.2745630e-02
  -2.2411710e-02
  -2.1836630e-02
  -2.1021470e-02
  -1.9980630e-02
  -1.8722860e-02
  -1.7232590e-02
  -1.5554560e-02
  -1.3758070e-02
  -1.1846860e-02
  -9.7369760e-03
  -7.3902990e-03
  -4.8435480e-03
  -2.0972370e-03
   8.1652250e-04
   3.8974730e-03
   7.1471620e-03
   1.0506760e-02
   1.3873150e-02
   1.7103550e-02
   2.0111530e-02
   2.2814320e-02
   2.5174670e-02
   2.7246920e-02
   2.9119930e-02
   3.0830180e-02
   3.2346650e-02
   3.3762300e-02
   3.5169990e-02
   3.6569750e-02
   3.7937510e-02
   3.9254600e-02
   4.0502940e-02
   4.1664090e-02
   4.2688140e-02
   4.3490820e-02
   4.4000420e-02
   4.4205970e-02
   4.4205910e-02
   4.4151140e-02
   4.4151690e-02
   4.4324250e-02
   4.4819920e-02
   4.5710040e-02
   4.6979480e-02
   4.8560720e-02
   5.0412980e-02
   5.2509520e-02
   5.4803730e-02
   5.7163870e-02
   5.9442570e-02
   6.1508270e-02
   6.3294880e-02
   6.4906160e-02
   6.6557900e-02
   6.8422730e-02
   7.0628960e-02
   7.3130970e-02
   7.5637840e-02
   7.7952640e-02
   8.0026220e-02
   8.1993730e-02
   8.3999450e-02
   8.5968230e-02
   8.7742760e-02
   8.9239120e-02
   9.0446930e-02
   9.1407500e-02
   9.2134260e-02
   9.2596980e-02
   9.2756530e-02
   9.2623070e-02
   9.2232580e-02
   9.1536080e-02
   9.0437870e-02
   8.8842020e-02
   8.6703900e-02
   8.3993120e-02
   8.0641330e-02
   7.6561960e-02
   7.1751310e-02
   6.6235350e-02
   6.0118690e-02
   5.3639460e-02
   4.7010560e-02
   4.0333180e-02
   3.3638670e-02
   2.7042140e-02
   2.0657010e-02
   1.4591890e-02
   9.0021030e-03
   3.9994380e-03
  -3.9477360e-04
  -4.3562450e-03
  -8.1873630e-03
  -1.2152430e-02
  -1.6336040e-02
  -2.0626650e-02
  -2.4891110e-02
  -2.9121270e-02
  -3.3344650e-02
  -3.7641710e-02
  -4.2114060e-02
  -4.6786890e-02
  -5.1586410e-02
  -5.6409740e-02
  -6.1217510e-02
  -6.6042750e-02
  -7.0919520e-02
  -7.5886730e-02
  -8.1026290e-02
  -8.6313860e-02
  -9.1709820e-02
  -9.7164340e-02
  -1.0267630e-01
  -1.0834180e-01
  -1.1426070e-01
  -1.2039060e-01
  -1.2652050e-01
  -1.3237870e-01
  -1.3775440e-01
  -1.4250860e-01
  -1.4660730e-01
  -1.5016800e-01
  -1.5336610e-01
  -1.5624100e-01
  -1.5869800e-01
  -1.6070460e-01
  -1.6225270e-01
  -1.6336350e-01
  -1.6414150e-01
  -1.6462370e-01
  -1.6479260e-01
  -1.6469930e-01
  -1.6438850e-01
  -1.6385270e-01
  -1.6300850e-01
  -1.6179960e-01
  -1.6028310e-01
  -1.5857130e-01
  -1.5676560e-01
  -1.5485840e-01
  -1.5284400e-01
  -1.5069250e-01
  -1.4826570e-01
  -1.4550030e-01
  -1.4245990e-01
  -1.3915790e-01
  -1.3556540e-01
  -1.3172570e-01
  -1.2774580e-01
  -1.2370690e-01
  -1.1965970e-01
  -1.1568710e-01
  -1.1183090e-01
  -1.0803730e-01
  -1.0423280e-01
  -1.0038880e-01
  -9.6606830e-02
  -9.3064530e-02
  -8.9928360e-02
  -8.7314210e-02
  -8.5261900e-02
  -8.3714230e-02
  -8.2513650e-02
  -8.1470750e-02
  -8.0444260e-02
  -7.9419150e-02
  -7.8439420e-02
  -7.7542720e-02
  -7.6656240e-02
  -7.5591530e-02
  -7.4079610e-02
  -7.1862530e-02
  -6.8779140e-02
  -6.4806000e-02
  -5.9898340e-02
  -5.4026190e-02
  -4.7229830e-02
  -3.9540820e-02
  -3.1095950e-02
  -2.2154170e-02
  -1.3063600e-02
  -4.1923320e-03
   4.2614630e-03
   1.2332110e-02
   2.0141850e-02
   2.7782020e-02
   3.5332180e-02
   4.2835810e-02
   5.0293030e-02
   5.7714930e-02
   6.5118830e-02
   7.2570810e-02
   8.0119500e-02
   8.7663620e-02
   9.5095920e-02
   1.0236760e-01
   1.0950790e-01
   1.1655730e-01
   1.2349650e-01
   1.3027640e-01
   1.3681930e-01
   1.4311550e-01
   1.4921110e-01
   1.5516700e-01
   1.6096250e-01
   1.6645290e-01
   1.7151990e-01
   1.7616770e-01
   1.8042580e-01
   1.8432450e-01
   1.8787850e-01
   1.9103470e-01
   1.9373760e-01
   1.9596480e-01
   1.9769490e-01
   1.9897750e-01
   1.9987560e-01
   2.0037210e-01
   2.0050670e-01
   2.0029800e-01
   1.9970760e-01
   1.9872870e-01
   1.9735090e-01
   1.9546280e-01
   1.9287680e-01
   1.8951300e-01
   1.8541440e-01
   1.8068430e-01
   1.7546180e-01
   1.6984050e-01
   1.6390120e-01
   1.5770050e-01
   1.5125930e-01
   1.4459230e-01
   1.3773300e-01
   1.3063530e-01
   1.2327620e-01
   1.1568590e-01
   1.0792240e-01
   1.0010490e-01
   9.2413200e-02
   8.5038220e-02
   7.8088290e-02
   7.1613280e-02
   6.5624500e-02
   6.0117000e-02
   5.5060890e-02
   5.0371970e-02
   4.5951890e-02
   4.1704020e-02
   3.7520080e-02
   3.3351880e-02
   2.9227270e-02
   2.5173240e-02
   2.1257100e-02
   1.7574260e-02
   1.4202150e-02
   1.1159570e-02
   8.4552190e-03
   6.1611950e-03
   4.2576990e-03
   2.6585970e-03
   1.3421950e-03
   3.8220810e-04
  -7.8732580e-05
   8.3471070e-05
   9.4812890e-04
   2.3345830e-03
   3.7918610e-03
   4.8632330e-03
   5.3405760e-03
   5.3626630e-03
   5.1550940e-03
   4.8877500e-03
   4.6220000e-03
   4.2123260e-03
   3.4993780e-03
   2.4422120e-03
   1.1314890e-03
  -2.6914790e-04
  -1.6423510e-03
  -2.8904220e-03
  -3.9721130e-03
  -4.8654880e-03
  -5.6083400e-03
  -6.2772450e-03
  -6.9745140e-03
  -7.8432780e-03
  -8.9819340e-03
  -1.0449600e-02
  -1.2272030e-02
  -1.4399490e-02
  -1.6752940e-02
  -1.9224830e-02
  -2.1706830e-02
  -2.4128490e-02
  -2.6506700e-02
  -2.8862950e-02
  -3.1213350e-02
  -3.3550560e-02
  -3.5858150e-02
  -3.8116940e-02
  -4.0312580e-02
  -4.2434040e-02
  -4.4449350e-02
  -4.6282320e-02
  -4.7885250e-02
  -4.9265030e-02
  -5.0433060e-02
  -5.1355810e-02
  -5.1992730e-02
  -5.2306120e-02
  -5.2242320e-02
  -5.1761650e-02
  -5.0924550e-02
  -4.9843840e-02
  -4.8564200e-02
  -4.7198860e-02
  -4.5902440e-02
  -4.4714210e-02
  -4.3636740e-02
  -4.2557270e-02
  -4.1304590e-02
  -3.9803050e-02
  -3.8106620e-02
  -3.6277310e-02
  -3.4316010e-02
  -3.2098980e-02
  -2.9482530e-02
  -2.6500180e-02
  -2.3285880e-02
  -1.9996570e-02
  -1.6833610e-02
  -1.4010560e-02
  -1.1606230e-02
  -9.6023880e-03
  -7.9671520e-03
  -6.6420770e-03
  -5.5227090e-03
  -4.5399890e-03
  -3.6590060e-03
  -2.9390940e-03
  -2.4291500e-03
  -2.0878960e-03
  -1.8365900e-03
  -1.6434620e-03
  -1.5396260e-03
  -1.5314060e-03
  -1.5768380e-03
  -1.6536110e-03
  -1.7727630e-03
  -1.9898040e-03
  -2.3552380e-03
  -2.9076400e-03
  -3.6849010e-03
  -4.7232640e-03
  -6.0672100e-03
  -7.7357300e-03
  -9.6715990e-03
  -1.1824820e-02
  -1.4250740e-02
  -1.7006740e-02
  -2.0061500e-02
  -2.3361120e-02
  -2.6910910e-02
  -3.0690910e-02
  -3.4614980e-02
  -3.8655770e-02
  -4.2727200e-02
  -4.6642000e-02
  -5.0220260e-02
  -5.3342270e-02
  -5.6042320e-02
  -5.8469280e-02
  -6.0829100e-02
  -6.3274000e-02
  -6.5851230e-02
  -6.8503150e-02
  -7.1110510e-02
  -7.3591880e-02
  -7.5941220e-02
  -7.8153000e-02
  -8.0162580e-02
  -8.1898890e-02
  -8.3323370e-02
  -8.4439460e-02
  -8.5296130e-02
  -8.5937130e-02
  -8.6427250e-02
  -8.6748110e-02
  -8.6741390e-02
  -8.6204200e-02
  -8.5060100e-02
  -8.3321290e-02
  -8.1093590e-02
  -7.8575970e-02
  -7.5945730e-02
  -7.3276090e-02
  -7.0589450e-02
  -6.7894670e-02
  -6.5204550e-02
  -6.2536140e-02
  -5.9872100e-02
  -5.7220830e-02
  -5.4660200e-02
  -5.2247890e-02
  -4.9930130e-02
  -4.7613040e-02
  -4.5174320e-02
  -4.2550210e-02
  -3.9844070e-02
  -3.7186990e-02
  -3.4628480e-02
  -3.2115080e-02
  -2.9582530e-02
  -2.7033120e-02
  -2.4512090e-02
  -2.2086130e-02
  -1.9838010e-02
  -1.7862910e-02
  -1.6266170e-02
  -1.5095790e-02
  -1.4271110e-02
  -1.3578290e-02
  -1.2917790e-02
  -1.2414260e-02
  -1.2248620e-02
  -1.2485920e-02
  -1.3038750e-02
  -1.3726190e-02
  -1.4477580e-02
  -1.5358810e-02
  -1.6420520e-02
  -1.7619310e-02
  -1.8789470e-02
  -1.9719220e-02
  -2.0269710e-02
  -2.0489840e-02
  -2.0580110e-02
  -2.0723600e-02
  -2.0932790e-02
  -2.1059550e-02
  -2.0987620e-02
  -2.0724270e-02
  -2.0340670e-02
  -1.9917810e-02
  -1.9455230e-02
  -1.8788170e-02
  -1.7787580e-02
  -1.6449830e-02
  -1.4826060e-02
  -1.3025450e-02
  -1.1202870e-02
  -9.5351430e-03
  -8.0544660e-03
  -6.6280720e-03
  -5.1173470e-03
  -3.5387220e-03
  -1.9155000e-03
  -2.5184500e-04
   1.4149050e-03
   3.0230790e-03
   4.5680600e-03
   6.1260340e-03
   7.7463560e-03
   9.4068770e-03
   1.1017190e-02
   1.2525280e-02
   1.3973110e-02
   1.5412250e-02
   1.6907930e-02
   1.8504830e-02
   2.0199110e-02
   2.1907070e-02
   2.3565220e-02
   2.5166820e-02
   2.6720690e-02
   2.8292320e-02
   2.9889700e-02
   3.1442290e-02
   3.2951780e-02
   3.4426240e-02
   3.5873030e-02
   3.7269790e-02
   3.8605660e-02
   3.9862460e-02
   4.1021430e-02
   4.2104850e-02
   4.3161100e-02
   4.4210760e-02
   4.5269930e-02
   4.6346420e-02
   4.7452400e-02
   4.8638040e-02
   4.9904300e-02
   5.1244730e-02
   5.2664600e-02
   5.4197500e-02
   5.5827620e-02
   5.7482990e-02
   5.9138110e-02
   6.0801970e-02
   6.2411780e-02
   6.3839250e-02
   6.5028090e-02
   6.6006960e-02
   6.6796010e-02
   6.7351080e-02
   6.7665930e-02
   6.7749910e-02
   6.7608050e-02
   6.7265600e-02
   6.6743460e-02
   6.6067770e-02
   6.5247560e-02
   6.4268900e-02
   6.3123270e-02
   6.1768530e-02
   6.0076380e-02
   5.8051520e-02
   5.5822220e-02
   5.3449350e-02
   5.0983570e-02
   4.8459420e-02
   4.5920900e-02
   4.3461920e-02
   4.1174070e-02
   3.9112690e-02
   3.7348270e-02
   3.5930740e-02
   3.4892950e-02
   3.4210520e-02
   3.3813440e-02
   3.3649420e-02
   3.3625730e-02
   3.3647590e-02
   3.3644840e-02
   3.3549760e-02
   3.3379540e-02
   3.3166750e-02
   3.2905220e-02
   3.2616560e-02
   3.2391410e-02
   3.2258620e-02
   3.2203270e-02
   3.2259370e-02
   3.2462320e-02
   3.2837170e-02
   3.3410790e-02
   3.4161100e-02
   3.5066350e-02
   3.6158400e-02
   3.7461260e-02
   3.8939310e-02
   4.0484390e-02
   4.1974310e-02
   4.3292430e-02
   4.4326820e-02
   4.5031080e-02
   4.5440840e-02
   4.5530910e-02
   4.5291240e-02
   4.4822940e-02
   4.4212250e-02
   4.3489540e-02
   4.2628870e-02
   4.1560190e-02
   4.0226570e-02
   3.8642250e-02
   3.6854710e-02
   3.4871480e-02
   3.2692610e-02
   3.0303990e-02
   2.7795560e-02
   2.5343240e-02
   2.3042100e-02
   2.0892290e-02
   1.8825850e-02
   1.6757230e-02
   1.4647410e-02
   1.2530270e-02
   1.0414520e-02
   8.2590070e-03
   5.9808810e-03
   3.5141550e-03
   8.6346110e-04
  -1.9098170e-03
  -4.7071190e-03
  -7.4322690e-03
  -1.0014020e-02
  -1.2438920e-02
  -1.4700320e-02
  -1.6880810e-02
  -1.9013290e-02
  -2.1075010e-02
  -2.3047650e-02
  -2.4915120e-02
  -2.6656640e-02
  -2.8320700e-02
  -2.9929040e-02
  -3.1481150e-02
  -3.2941310e-02
  -3.4280890e-02
  -3.5455370e-02
  -3.6483500e-02
  -3.7404510e-02
  -3.8228120e-02
  -3.8932010e-02
  -3.9488800e-02
  -3.9857100e-02
  -4.0008380e-02
  -3.9993870e-02
  -3.9896630e-02
  -3.9750030e-02
  -3.9569670e-02
  -3.9383880e-02
  -3.9229250e-02
  -3.9202770e-02
  -3.9322850e-02
  -3.9548880e-02
  -3.9910750e-02
  -4.0427780e-02
  -4.1050090e-02
  -4.1682060e-02
  -4.2297650e-02
  -4.2886300e-02
  -4.3436770e-02
  -4.3943890e-02
  -4.4329540e-02
  -4.4603850e-02
  -4.4828890e-02
  -4.5075660e-02
  -4.5314350e-02
  -4.5409830e-02
  -4.5184300e-02
  -4.4570890e-02
  -4.3654000e-02
  -4.2577190e-02
  -4.1378050e-02
  -3.9948630e-02
  -3.8179440e-02
  -3.6027410e-02
  -3.3526500e-02
  -3.0764810e-02
  -2.7916340e-02
  -2.5190620e-02
  -2.2694210e-02
  -2.0425980e-02
  -1.8334650e-02
  -1.6400090e-02
  -1.4705660e-02
  -1.3398060e-02
  -1.2502060e-02
  -1.1923000e-02
  -1.1494050e-02
  -1.1057880e-02
  -1.0507030e-02
  -9.7578470e-03
  -8.7837430e-03
  -7.7049500e-03
  -6.6927720e-03
  -5.7860440e-03
  -4.9303360e-03
  -3.9752070e-03
  -2.8076940e-03
  -1.4037070e-03
   1.3973480e-04
   1.6805220e-03
   3.1002830e-03
   4.3401150e-03
   5.4445040e-03
   6.4821570e-03
   7.4407470e-03
   8.2707090e-03
   8.9457790e-03
   9.4517050e-03
   9.8082140e-03
   1.0089420e-02
   1.0385580e-02
   1.0766390e-02
   1.1158240e-02
   1.1485480e-02
   1.1713470e-02
   1.1788170e-02
   1.1703490e-02
   1.1498460e-02
   1.1208970e-02
   1.0883660e-02
   1.0612230e-02
   1.0432500e-02
   1.0278820e-02
   1.0152840e-02
   1.0099310e-02
   1.0151930e-02
   1.0281260e-02
   1.0405160e-02
   1.0516770e-02
   1.0571010e-02
   1.0497980e-02
   1.0266260e-02
   9.8733060e-03
   9.3235600e-03
   8.6783150e-03
   7.9178230e-03
   6.9907720e-03
   5.8893770e-03
   4.6124340e-03
   3.1581660e-03
   1.5449500e-03
  -1.4930190e-04
  -1.8429910e-03
  -3.5108820e-03
  -5.1938320e-03
  -6.9119920e-03
  -8.5869340e-03
  -1.0191210e-02
  -1.1832180e-02
  -1.3637760e-02
  -1.5680410e-02
  -1.7934910e-02
  -2.0259810e-02
  -2.2569120e-02
  -2.4883160e-02
  -2.7215460e-02
  -2.9476290e-02
  -3.1570090e-02
  -3.3503210e-02
  -3.5252820e-02
  -3.6826340e-02
  -3.8236930e-02
  -3.9447170e-02
  -4.0432310e-02
  -4.1214170e-02
  -4.1815030e-02
  -4.2184450e-02
  -4.2224250e-02
  -4.1907600e-02
  -4.1267710e-02
  -4.0284220e-02
  -3.9010620e-02
  -3.7507940e-02
  -3.5789320e-02
  -3.3876720e-02
  -3.1818850e-02
  -2.9668370e-02
  -2.7488040e-02
  -2.5317850e-02
  -2.3186000e-02
  -2.1092300e-02
  -1.9007460e-02
  -1.6917360e-02
  -1.4834570e-02
  -1.2774140e-02
  -1.0778760e-02
  -8.8626480e-03
  -7.0387120e-03
  -5.3355120e-03
  -3.7452560e-03
  -2.2601800e-03
  -8.8548360e-04
   4.1737500e-04
   1.7008570e-03
   2.9132210e-03
   4.0097230e-03
   5.0261840e-03
   6.0231350e-03
   7.0858740e-03
   8.2981700e-03
   9.6564130e-03
   1.1082820e-02
   1.2464570e-02
   1.3774480e-02
   1.4965690e-02
   1.5955710e-02
   1.6711670e-02
   1.7285390e-02
   1.7709720e-02
   1.7976830e-02
   1.8145680e-02
   1.8282480e-02
   1.8411060e-02
   1.8494950e-02
   1.8466190e-02
   1.8326210e-02
   1.8165190e-02
   1.8068940e-02
   1.8128250e-02
   1.8389800e-02
   1.8887340e-02
   1.9665510e-02
   2.0763870e-02
   2.2096630e-02
   2.3489240e-02
   2.4874920e-02
   2.6260690e-02
   2.7623120e-02
   2.8955700e-02
   3.0214740e-02
   3.1416770e-02
   3.2628740e-02
   3.3880140e-02
   3.5157350e-02
   3.6443250e-02
   3.7733610e-02
   3.8994720e-02
   4.0118770e-02
   4.1018750e-02
   4.1674380e-02
   4.2148720e-02
   4.2535090e-02
   4.2839660e-02
   4.3060310e-02
   4.3227880e-02
   4.3372500e-02
   4.3509100e-02
   4.3632610e-02
   4.3739970e-02
   4.3815230e-02
   4.3864480e-02
   4.3884870e-02
   4.3877340e-02
   4.3812660e-02
   4.3673600e-02
   4.3468630e-02
   4.3281930e-02
   4.3197240e-02
   4.3206090e-02
   4.3247220e-02
   4.3219530e-02
   4.3052880e-02
   4.2704190e-02
   4.2213680e-02
   4.1630430e-02
   4.0961640e-02
   4.0199950e-02
   3.9316970e-02
   3.8253910e-02
   3.6959860e-02
   3.5428730e-02
   3.3757790e-02
   3.2078620e-02
   3.0482300e-02
   2.8935500e-02
   2.7292560e-02
   2.5491930e-02
   2.3560790e-02
   2.1557680e-02
   1.9535870e-02
   1.7501190e-02
   1.5461000e-02
   1.3375900e-02
   1.1255900e-02
   9.0390680e-03
   6.6960270e-03
   4.3827450e-03
   2.3192770e-03
   5.8669860e-04
  -8.4838980e-04
  -2.0745510e-03
  -3.1427190e-03
  -4.1428110e-03
  -5.1640250e-03
  -6.1275720e-03
  -6.9373250e-03
  -7.5432140e-03
  -8.0253200e-03
  -8.5103680e-03
  -9.0355950e-03
  -9.5567290e-03
  -9.9612510e-03
  -1.0156980e-02
  -1.0130900e-02
  -9.9158590e-03
  -9.6178400e-03
  -9.3259120e-03
  -8.9974410e-03
  -8.5240730e-03
  -7.8480030e-03
  -7.0102780e-03
  -6.1595130e-03
  -5.4747330e-03
  -4.9766900e-03
  -4.5425190e-03
  -4.0079060e-03
  -3.2329500e-03
  -2.1534690e-03
  -8.9863490e-04
   3.7522320e-04
   1.5945070e-03
   2.6941300e-03
   3.6499590e-03
   4.4732140e-03
   5.1778010e-03
   5.8118170e-03
   6.3519680e-03
   6.7075090e-03
   6.8615300e-03
   6.8455590e-03
   6.7385470e-03
   6.5557720e-03
   6.2685230e-03
   5.8509860e-03
   5.2345890e-03
   4.4349560e-03
   3.4884610e-03
   2.4096240e-03
   1.2375350e-03
   3.7776980e-05
  -1.1985430e-03
  -2.4978980e-03
  -3.7901310e-03
  -4.9602530e-03
  -5.9587310e-03
  -6.7908890e-03
  -7.4462920e-03
  -7.9392980e-03
  -8.3060930e-03
  -8.6065970e-03
  -8.8475700e-03
  -8.9726890e-03
  -8.9152160e-03
  -8.5644190e-03
  -7.9292490e-03
  -7.1508770e-03
  -6.3136620e-03
  -5.5245640e-03
  -4.8395960e-03
  -4.2454680e-03
  -3.6977630e-03
  -3.1916590e-03
  -2.7012730e-03
  -2.1980590e-03
  -1.6559000e-03
  -1.1005400e-03
  -5.6531640e-04
  -1.0870890e-04
   1.5531290e-04
   2.0471250e-04
  -1.5497290e-05
  -5.6896070e-04
  -1.4610490e-03
  -2.6710410e-03
  -4.1431490e-03
  -5.8057690e-03
  -7.6132900e-03
  -9.5808930e-03
  -1.1719490e-02
  -1.3965490e-02
  -1.6182130e-02
  -1.8233400e-02
  -2.0071560e-02
  -2.1713240e-02
  -2.3196140e-02
  -2.4545020e-02
  -2.5765590e-02
  -2.6878920e-02
  -2.7895780e-02
  -2.8827410e-02
  -2.9673660e-02
  -3.0434870e-02
  -3.1087190e-02
  -3.1614920e-02
  -3.2037590e-02
  -3.2364540e-02
  -3.2592110e-02
  -3.2730120e-02
  -3.2760270e-02
  -3.2648520e-02
  -3.2430150e-02
  -3.2146930e-02
  -3.1800450e-02
  -3.1416530e-02
  -3.1092430e-02
  -3.0918800e-02
  -3.0902260e-02
  -3.1013600e-02
  -3.1222290e-02
  -3.1474100e-02
  -3.1720290e-02
  -3.1927980e-02
  -3.2064420e-02
  -3.2092210e-02
  -3.2007280e-02
  -3.1829270e-02
  -3.1576120e-02
  -3.1214950e-02
  -3.0728860e-02
  -3.0126070e-02
  -2.9412910e-02
  -2.8639200e-02
  -2.7805760e-02
  -2.6917460e-02
  -2.5994410e-02
  -2.5036560e-02
  -2.4048060e-02
  -2.3073700e-02
  -2.2147960e-02
  -2.1290760e-02
  -2.0539630e-02
  -1.9870700e-02
  -1.9280810e-02
  -1.8827120e-02
  -1.8491910e-02
  -1.8211720e-02
  -1.7910040e-02
  -1.7555320e-02
  -1.7153780e-02
  -1.6697630e-02
  -1.6220660e-02
  -1.5775450e-02
  -1.5347000e-02
  -1.4846190e-02
  -1.4322420e-02
  -1.3846940e-02
  -1.3425470e-02
  -1.3075000e-02
  -1.2777920e-02
  -1.2476310e-02
  -1.2156200e-02
  -1.1850350e-02
  -1.1591810e-02
  -1.1399830e-02
  -1.1228880e-02
  -1.1063930e-02
  -1.0916810e-02
  -1.0798630e-02
  -1.0671100e-02
  -1.0528950e-02
  -1.0393850e-02
  -1.0277090e-02
  -1.0146160e-02
  -9.9593710e-03
  -9.6811980e-03
  -9.3430800e-03
  -9.0130170e-03
  -8.7250660e-03
  -8.4687450e-03
  -8.1880970e-03
  -7.8281020e-03
  -7.3796370e-03
  -6.8245500e-03
  -6.1627280e-03
  -5.4402430e-03
  -4.6603550e-03
  -3.8527080e-03
  -3.0796830e-03
  -2.3480240e-03
  -1.6245240e-03
  -9.2758150e-04
  -2.6263290e-04
   3.6986480e-04
   9.9138970e-04
   1.6256060e-03
   2.3412310e-03
   3.1779110e-03
   4.0958180e-03
   5.0038670e-03
   5.8931640e-03
   6.7855610e-03
   7.6406840e-03
   8.4366810e-03
   9.1374490e-03
   9.7539270e-03
   1.0283510e-02
   1.0699880e-02
   1.1040910e-02
   1.1359670e-02
   1.1694920e-02
   1.2109470e-02
   1.2603330e-02
   1.3194680e-02
   1.3909180e-02
   1.4772030e-02
   1.5789290e-02
   1.6894160e-02
   1.8008550e-02
   1.9047970e-02
   1.9992890e-02
   2.0904150e-02
   2.1758270e-02
   2.2492820e-02
   2.3106060e-02
   2.3646880e-02
   2.4194960e-02
   2.4777160e-02
   2.5420610e-02
   2.6131620e-02
   2.6941520e-02
   2.7850670e-02
   2.8761930e-02
   2.9602620e-02
   3.0319520e-02
   3.0856930e-02
   3.1245940e-02
   3.1589940e-02
   3.1935400e-02
   3.2255540e-02
   3.2525970e-02
   3.2782260e-02
   3.3058380e-02
   3.3402680e-02
   3.3860130e-02
   3.4378980e-02
   3.4879030e-02
   3.5281460e-02
   3.5529410e-02
   3.5627570e-02
   3.5643130e-02
   3.5639740e-02
   3.5574580e-02
   3.5449170e-02
   3.5279410e-02
   3.5007740e-02
   3.4641390e-02
   3.4216420e-02
   3.3772850e-02
   3.3378330e-02
   3.3053590e-02
   3.2719750e-02
   3.2288940e-02
   3.1774330e-02
   3.1223470e-02
   3.0714170e-02
   3.0260010e-02
   2.9786320e-02
   2.9259410e-02
   2.8623950e-02
   2.7827480e-02
   2.6876360e-02
   2.5822940e-02
   2.4685120e-02
   2.3412100e-02
   2.1974970e-02
   2.0370550e-02
   1.8631650e-02
   1.6824430e-02
   1.5068990e-02
   1.3424350e-02
   1.1837800e-02
   1.0238060e-02
   8.5872750e-03
   6.8796730e-03
   5.1971670e-03
   3.6358330e-03
   2.1861740e-03
   8.7454580e-04
  -2.9199060e-04
  -1.3402090e-03
  -2.2938630e-03
  -3.1674350e-03
  -3.9771650e-03
  -4.7455940e-03
  -5.4991040e-03
  -6.2061620e-03
  -6.8475590e-03
  -7.4096570e-03
  -7.8531700e-03
  -8.1621970e-03
  -8.3302250e-03
  -8.3464990e-03
  -8.3078910e-03
  -8.3181400e-03
  -8.3904310e-03
  -8.5481040e-03
  -8.7461830e-03
  -8.8862930e-03
  -8.9078170e-03
  -8.7893530e-03
  -8.5132150e-03
  -8.0627380e-03
  -7.4520400e-03
  -6.7253070e-03
  -5.9844660e-03
  -5.3164660e-03
  -4.7849270e-03
  -4.4570180e-03
  -4.3589040e-03
  -4.4980060e-03
  -4.8247750e-03
  -5.2621760e-03
  -5.7808910e-03
  -6.4343440e-03
  -7.2062430e-03
  -8.0911510e-03
  -9.0379520e-03
  -9.9237370e-03
  -1.0683960e-02
  -1.1323830e-02
  -1.1877100e-02
  -1.2403970e-02
  -1.2936680e-02
  -1.3442920e-02
  -1.3982740e-02
  -1.4608640e-02
  -1.5310050e-02
  -1.6022400e-02
  -1.6620510e-02
  -1.7041380e-02
  -1.7259660e-02
  -1.7270650e-02
  -1.7047540e-02
  -1.6601790e-02
  -1.5981660e-02
  -1.5280590e-02
  -1.4585460e-02
  -1.4015820e-02
  -1.3606200e-02
  -1.3346390e-02
  -1.3239780e-02
  -1.3226310e-02
  -1.3249840e-02
  -1.3337800e-02
  -1.3498080e-02
  -1.3667390e-02
  -1.3790820e-02
  -1.3824410e-02
  -1.3745790e-02
  -1.3592140e-02
  -1.3427440e-02
  -1.3232880e-02
  -1.2958120e-02
  -1.2617190e-02
  -1.2234360e-02
  -1.1850070e-02
  -1.1514600e-02
  -1.1238090e-02
  -1.0995220e-02
  -1.0750000e-02
  -1.0505310e-02
  -1.0288430e-02
  -1.0129580e-02
  -1.0002270e-02
  -9.9744840e-03
  -1.0116710e-02
  -1.0389500e-02
  -1.0676270e-02
  -1.0846780e-02
  -1.0879460e-02
  -1.0828810e-02
  -1.0754160e-02
  -1.0700570e-02
  -1.0662880e-02
  -1.0601710e-02
  -1.0450510e-02
  -1.0219310e-02
  -9.9557440e-03
  -9.7189930e-03
  -9.5223810e-03
  -9.3329770e-03
  -9.1491410e-03
  -8.9694270e-03
  -8.7656210e-03
  -8.4976010e-03
  -8.1378910e-03
  -7.6964730e-03
  -7.2604260e-03
  -6.8389890e-03
  -6.3925930e-03
  -5.9253650e-03
  -5.4555350e-03
  -4.9672170e-03
  -4.4373330e-03
  -3.9293130e-03
  -3.4794340e-03
  -3.1181060e-03
  -2.9591520e-03
  -3.0377020e-03
  -3.3259420e-03
  -3.7505070e-03
  -4.2186840e-03
  -4.7355200e-03
  -5.3074470e-03
  -5.8853920e-03
  -6.4366210e-03
  -6.9141550e-03
  -7.3133910e-03
  -7.6678410e-03
  -7.9819310e-03
  -8.2905570e-03
  -8.5840220e-03
  -8.8614090e-03
  -9.2033910e-03
  -9.6429400e-03
  -1.0118590e-02
  -1.0585620e-02
  -1.1035690e-02
  -1.1468470e-02
  -1.1848280e-02
  -1.2176580e-02
  -1.2466340e-02
  -1.2725830e-02
  -1.2937670e-02
  -1.3087390e-02
  -1.3171910e-02
  -1.3216500e-02
  -1.3233500e-02
  -1.3195850e-02
  -1.3114560e-02
  -1.2988380e-02
  -1.2799670e-02
  -1.2539320e-02
  -1.2229910e-02
  -1.1915520e-02
  -1.1612610e-02
  -1.1330200e-02
  -1.1042240e-02
  -1.0717600e-02
  -1.0351350e-02
  -9.9850510e-03
  -9.6967560e-03
  -9.5312850e-03
  -9.4387770e-03
  -9.3747420e-03
  -9.3323870e-03
  -9.3252300e-03
  -9.3416410e-03
  -9.3277760e-03
  -9.3239310e-03
  -9.4628190e-03
  -9.8093700e-03
  -1.0350750e-02
  -1.1063740e-02
  -1.1962930e-02
  -1.3106720e-02
  -1.4490310e-02
  -1.6011310e-02
  -1.7558320e-02
  -1.8964230e-02
  -2.0136830e-02
  -2.1063700e-02
  -2.1727670e-02
  -2.2095500e-02
  -2.2259630e-02
  -2.2324540e-02
  -2.2298000e-02
  -2.2158500e-02
  -2.1934630e-02
  -2.1681040e-02
  -2.1360850e-02
  -2.0953610e-02
  -2.0497850e-02
  -1.9976210e-02
  -1.9317960e-02
  -1.8538780e-02
  -1.7666230e-02
  -1.6729970e-02
  -1.5761320e-02
  -1.4733530e-02
  -1.3571950e-02
  -1.2248480e-02
  -1.0790930e-02
  -9.2259720e-03
  -7.6244400e-03
  -6.0082470e-03
  -4.3254170e-03
  -2.6060890e-03
  -9.0386220e-04
   7.6277420e-04
   2.3495810e-03
   3.8476140e-03
   5.2651420e-03
   6.6199650e-03
   7.9230580e-03
   9.1723070e-03
   1.0385750e-02
   1.1583990e-02
   1.2765970e-02
   1.3907900e-02
   1.5026940e-02
   1.6109110e-02
   1.7122980e-02
   1.8051940e-02
   1.8887450e-02
   1.9659950e-02
   2.0411110e-02
   2.1183420e-02
   2.2004440e-02
   2.2900680e-02
   2.3883860e-02
   2.4853860e-02
   2.5675270e-02
   2.6286020e-02
   2.6644040e-02
   2.6729240e-02
   2.6609340e-02
   2.6383000e-02
   2.6079020e-02
   2.5701210e-02
   2.5288510e-02
   2.4845280e-02
   2.4399800e-02
   2.4064150e-02
   2.3910190e-02
   2.3920030e-02
   2.3987720e-02
   2.4028650e-02
   2.4017200e-02
   2.3874540e-02
   2.3529420e-02
   2.2942120e-02
   2.2190370e-02
   2.1337500e-02
   2.0363330e-02
   1.9220410e-02
   1.7935350e-02
   1.6629150e-02
   1.5439850e-02
   1.4407130e-02
   1.3554490e-02
   1.2943170e-02
   1.2563350e-02
   1.2346830e-02
   1.2205950e-02
   1.2139470e-02
   1.2186890e-02
   1.2337690e-02
   1.2543250e-02
   1.2701650e-02
   1.2774230e-02
   1.2803920e-02
   1.2881100e-02
   1.3092170e-02
   1.3435380e-02
   1.3852010e-02
   1.4232430e-02
   1.4521540e-02
   1.4674630e-02
   1.4711320e-02
   1.4723410e-02
   1.4745390e-02
   1.4766590e-02
   1.4768480e-02
   1.4690230e-02
   1.4507740e-02
   1.4266820e-02
   1.4024600e-02
   1.3834980e-02
   1.3698440e-02
   1.3592890e-02
   1.3462080e-02
   1.3240240e-02
   1.2949780e-02
   1.2674020e-02
   1.2470120e-02
   1.2277280e-02
   1.1965920e-02
   1.1528560e-02
   1.0995510e-02
   1.0400400e-02
   9.7505950e-03
   9.1096890e-03
   8.5632150e-03
   8.1230780e-03
   7.7795180e-03
   7.4702220e-03
   7.1519750e-03
   6.7914780e-03
   6.3544150e-03
   5.8065160e-03
   5.1267960e-03
   4.2995690e-03
   3.3244610e-03
   2.3052860e-03
   1.2823600e-03
   2.6045740e-04
  -6.8676500e-04
  -1.5960140e-03
  -2.5158820e-03
  -3.4141580e-03
  -4.2184520e-03
  -4.8870870e-03
  -5.4015230e-03
  -5.8792030e-03
  -6.4381150e-03
  -7.1185290e-03
  -7.9255900e-03
  -8.8377310e-03
  -9.7866490e-03
  -1.0677250e-02
  -1.1523710e-02
  -1.2358990e-02
  -1.3138180e-02
  -1.3825340e-02
  -1.4427800e-02
  -1.4953290e-02
  -1.5440540e-02
  -1.5944990e-02
  -1.6505510e-02
  -1.7035460e-02
  -1.7438200e-02
  -1.7680930e-02
  -1.7762370e-02
  -1.7756960e-02
  -1.7722810e-02
  -1.7731970e-02
  -1.7822170e-02
  -1.8002210e-02
  -1.8246700e-02
  -1.8524770e-02
  -1.8830670e-02
  -1.9106420e-02
  -1.9392580e-02
  -1.9767140e-02
  -2.0181560e-02
  -2.0568350e-02
  -2.0889730e-02
  -2.1217540e-02
  -2.1588470e-02
  -2.2009790e-02
  -2.2502320e-02
  -2.3073370e-02
  -2.3712620e-02
  -2.4452520e-02
  -2.5215280e-02
  -2.5879920e-02
  -2.6377830e-02
  -2.6647820e-02
  -2.6641350e-02
  -2.6349080e-02
  -2.5832050e-02
  -2.5260870e-02
  -2.4696000e-02
  -2.4175460e-02
  -2.3737440e-02
  -2.3377550e-02
  -2.3067260e-02
  -2.2790100e-02
  -2.2576410e-02
  -2.2413430e-02
  -2.2227040e-02
  -2.1927660e-02
  -2.1492490e-02
  -2.0966560e-02
  -2.0462110e-02
  -2.0077100e-02
  -1.9867090e-02
  -1.9801410e-02
  -1.9857760e-02
  -1.9963750e-02
  -2.0009640e-02
  -1.9952180e-02
  -1.9790580e-02
  -1.9522520e-02
  -1.9122880e-02
  -1.8587910e-02
  -1.7983070e-02
  -1.7388890e-02
  -1.6809720e-02
  -1.6217380e-02
  -1.5622890e-02
  -1.5068360e-02
  -1.4590230e-02
  -1.4195230e-02
  -1.3861820e-02
  -1.3570990e-02
  -1.3313620e-02
  -1.3113550e-02
  -1.2979060e-02
  -1.2890170e-02
  -1.2802020e-02
  -1.2641480e-02
  -1.2348960e-02
  -1.1933440e-02
  -1.1500530e-02
  -1.1080690e-02
  -1.0678480e-02
  -1.0312270e-02
  -9.9875920e-03
  -9.7026830e-03
  -9.4672990e-03
  -9.2857410e-03
  -9.1600600e-03
  -9.1240550e-03
  -9.1684290e-03
  -9.2142780e-03
  -9.1942320e-03
  -9.0570000e-03
  -8.7698370e-03
  -8.3008970e-03
  -7.6779300e-03
  -6.9992530e-03
  -6.3201350e-03
  -5.6721950e-03
  -5.0896230e-03
  -4.5739730e-03
  -4.0993980e-03
  -3.6807640e-03
  -3.3106570e-03
  -2.9356520e-03
  -2.5172610e-03
  -2.0003350e-03
  -1.3339870e-03
  -5.3277210e-04
   4.0678580e-04
   1.4580730e-03
   2.5259150e-03
   3.5005130e-03
   4.2954650e-03
   4.8809160e-03
   5.2248990e-03
   5.3785990e-03
   5.3948780e-03
   5.3134510e-03
   5.2720040e-03
   5.3660480e-03
   5.6166260e-03
   6.0223450e-03
   6.5623350e-03
   7.1969680e-03
   7.9273110e-03
   8.7562260e-03
   9.6065510e-03
   1.0380090e-02
   1.1062280e-02
   1.1699890e-02
   1.2332150e-02
   1.2943870e-02
   1.3516610e-02
   1.4062450e-02
   1.4511880e-02
   1.4808170e-02
   1.5026100e-02
   1.5264510e-02
   1.5565090e-02
   1.5895540e-02
   1.6257430e-02
   1.6652680e-02
   1.7068940e-02
   1.7502120e-02
   1.7931600e-02
   1.8363720e-02
   1.8815310e-02
   1.9240860e-02
   1.9590800e-02
   1.9875840e-02
   2.0106290e-02
   2.0316490e-02
   2.0543670e-02
   2.0815410e-02
   2.1130580e-02
   2.1483370e-02
   2.1902940e-02
   2.2443670e-02
   2.3043590e-02
   2.3619410e-02
   2.4153010e-02
   2.4629120e-02
   2.4991770e-02
   2.5288480e-02
   2.5590570e-02
   2.5915150e-02
   2.6214690e-02
   2.6401750e-02
   2.6457130e-02
   2.6416730e-02
   2.6268020e-02
   2.6035840e-02
   2.5810620e-02
   2.5651740e-02
   2.5545330e-02
   2.5384930e-02
   2.5113330e-02
   2.4789190e-02
   2.4538870e-02
   2.4406420e-02
   2.4357050e-02
   2.4306870e-02
   2.4142210e-02
   2.3866600e-02
   2.3583980e-02
   2.3349540e-02
   2.3168210e-02
   2.3039790e-02
   2.2945330e-02
   2.2874740e-02
   2.2789190e-02
   2.2663470e-02
   2.2500020e-02
   2.2334060e-02
   2.2131530e-02
   2.1774860e-02
   2.1196820e-02
   2.0428310e-02
   1.9547020e-02
   1.8638880e-02
   1.7820350e-02
   1.7138900e-02
   1.6530590e-02
   1.5935470e-02
   1.5358720e-02
   1.4862550e-02
   1.4508350e-02
   1.4246030e-02
   1.4018380e-02
   1.3824630e-02
   1.3657570e-02
   1.3511200e-02
   1.3445270e-02
   1.3553760e-02
   1.3828500e-02
   1.4206930e-02
   1.4637070e-02
   1.5052630e-02
   1.5434320e-02
   1.5797480e-02
   1.6108260e-02
   1.6296960e-02
   1.6284520e-02
   1.6080660e-02
   1.5739080e-02
   1.5348140e-02
   1.4943980e-02
   1.4532280e-02
   1.4160360e-02
   1.3812100e-02
   1.3434550e-02
   1.2979060e-02
   1.2446470e-02
   1.1917200e-02
   1.1476190e-02
   1.1110000e-02
   1.0795150e-02
   1.0564460e-02
   1.0409800e-02
   1.0270940e-02
   1.0066760e-02
   9.7597480e-03
   9.3178240e-03
   8.7632440e-03
   8.1850330e-03
   7.6605770e-03
   7.2389870e-03
   6.9391340e-03
   6.8038380e-03
   6.8583050e-03
   7.0206100e-03
   7.2074490e-03
   7.3516860e-03
   7.3870700e-03
   7.2277980e-03
   6.8261060e-03
   6.3028350e-03
   5.8376160e-03
   5.5646850e-03
   5.4442380e-03
   5.4699730e-03
   5.6404090e-03
   5.8952080e-03
   6.1380850e-03
   6.1876170e-03
   5.9411680e-03
   5.4546430e-03
   4.8493530e-03
   4.2321410e-03
   3.6511470e-03
   3.1345610e-03
   2.7391360e-03
   2.4300970e-03
   2.1339980e-03
   1.7817750e-03
   1.3059250e-03
   7.3669740e-04
   1.5286480e-04
  -3.7589120e-04
  -8.2998210e-04
  -1.2283170e-03
  -1.6260140e-03
  -2.0766670e-03
  -2.6228850e-03
  -3.2687340e-03
  -3.9914010e-03
  -4.7666200e-03
  -5.5666880e-03
  -6.4049440e-03
  -7.2844640e-03
  -8.1673870e-03
  -9.0062230e-03
  -9.8145490e-03
  -1.0605200e-02
  -1.1394730e-02
  -1.2224250e-02
  -1.3127660e-02
  -1.4105800e-02
  -1.5135540e-02
  -1.6122980e-02
  -1.7011850e-02
  -1.7792290e-02
  -1.8500320e-02
  -1.9197920e-02
  -1.9887360e-02
  -2.0489330e-02
  -2.0951030e-02
  -2.1333650e-02
  -2.1695560e-02
  -2.2024850e-02
  -2.2295160e-02
  -2.2472130e-02
  -2.2529750e-02
  -2.2509010e-02
  -2.2468280e-02
  -2.2442470e-02
  -2.2419730e-02
  -2.2356910e-02
  -2.2205270e-02
  -2.1988120e-02
  -2.1784290e-02
  -2.1666560e-02
  -2.1704180e-02
  -2.1962140e-02
  -2.2386810e-02
  -2.2831730e-02
  -2.3248420e-02
  -2.3678580e-02
  -2.4103530e-02
  -2.4449070e-02
  -2.4640300e-02
  -2.4657410e-02
  -2.4539600e-02
  -2.4341450e-02
  -2.4101490e-02
  -2.3842960e-02
  -2.3579420e-02
  -2.3327220e-02
  -2.3078860e-02
  -2.2862120e-02
  -2.2789060e-02
  -2.2868080e-02
  -2.3045880e-02
  -2.3242060e-02
  -2.3340220e-02
  -2.3310180e-02
  -2.3260530e-02
  -2.3257070e-02
  -2.3275030e-02
  -2.3248590e-02
  -2.3145870e-02
  -2.2966940e-02
  -2.2733280e-02
  -2.2504760e-02
  -2.2312880e-02
  -2.2173800e-02
  -2.2096710e-02
  -2.2047730e-02
  -2.1993350e-02
  -2.1953630e-02
  -2.1951070e-02
  -2.2008340e-02
  -2.2120560e-02
  -2.2207880e-02
  -2.2190030e-02
  -2.1996980e-02
  -2.1582170e-02
  -2.1006830e-02
  -2.0299790e-02
  -1.9426410e-02
  -1.8463920e-02
  -1.7563050e-02
  -1.6782510e-02
  -1.6058560e-02
  -1.5327870e-02
  -1.4532210e-02
  -1.3649300e-02
  -1.2734110e-02
  -1.1840710e-02
  -1.1024350e-02
  -1.0339890e-02
  -9.8273830e-03
  -9.4940940e-03
  -9.3468920e-03
  -9.3308280e-03
  -9.3443580e-03
  -9.3437120e-03
  -9.3761830e-03
  -9.3760380e-03
  -9.2771290e-03
  -9.1083280e-03
  -8.8908020e-03
  -8.6622940e-03
  -8.4475680e-03
  -8.2931110e-03
  -8.2005610e-03
  -8.1065720e-03
  -7.9206220e-03
  -7.5960650e-03
  -7.0731070e-03
  -6.3208830e-03
  -5.3386950e-03
  -4.1365370e-03
  -2.8217010e-03
  -1.5774990e-03
  -4.8169510e-04
   4.7712710e-04
   1.3273710e-03
   2.0644210e-03
   2.6981360e-03
   3.2643170e-03
   3.7844040e-03
   4.2506340e-03
   4.6762470e-03
   5.1156990e-03
   5.6117640e-03
   6.2041560e-03
   6.9054880e-03
   7.6566780e-03
   8.3920580e-03
   9.1000760e-03
   9.7833790e-03
   1.0442900e-02
   1.1089090e-02
   1.1740180e-02
   1.2321880e-02
   1.2786260e-02
   1.3143900e-02
   1.3431910e-02
   1.3716790e-02
   1.4006550e-02
   1.4289730e-02
   1.4563250e-02
   1.4879640e-02
   1.5244630e-02
   1.5604290e-02
   1.5920910e-02
   1.6109370e-02
   1.6154280e-02
   1.6083350e-02
   1.5998850e-02
   1.6038640e-02
   1.6238200e-02
   1.6565710e-02
   1.6946870e-02
   1.7294010e-02
   1.7575350e-02
   1.7800870e-02
   1.8018820e-02
   1.8265360e-02
   1.8480340e-02
   1.8586910e-02
   1.8500880e-02
   1.8208000e-02
   1.7759820e-02
   1.7237250e-02
   1.6730560e-02
   1.6316810e-02
   1.6064230e-02
   1.5929970e-02
   1.5851410e-02
   1.5858860e-02
   1.5994410e-02
   1.6295050e-02
   1.6735350e-02
   1.7200700e-02
   1.7588230e-02
   1.7821590e-02
   1.7903930e-02
   1.7862820e-02
   1.7762430e-02
   1.7642850e-02
   1.7519430e-02
   1.7407780e-02
   1.7325260e-02
   1.7292290e-02
   1.7329460e-02
   1.7432150e-02
   1.7568030e-02
   1.7675820e-02
   1.7732260e-02
   1.7771950e-02
   1.7808580e-02
   1.7829730e-02
   1.7797030e-02
   1.7643710e-02
   1.7385220e-02
   1.7034970e-02
   1.6616000e-02
   1.6163530e-02
   1.5712970e-02
   1.5309470e-02
   1.4987400e-02
   1.4777790e-02
   1.4700070e-02
   1.4784280e-02
   1.4982590e-02
   1.5175440e-02
   1.5259010e-02
   1.5243320e-02
   1.5131560e-02
   1.4910390e-02
   1.4644620e-02
   1.4380330e-02
   1.4081960e-02
   1.3720310e-02
   1.3288880e-02
   1.2763360e-02
   1.2155850e-02
   1.1508180e-02
   1.0874630e-02
   1.0298670e-02
   9.7342820e-03
   9.1351700e-03
   8.5050630e-03
   7.8366360e-03
   7.1292060e-03
   6.4424440e-03
   5.8159870e-03
   5.1783010e-03
   4.4815530e-03
   3.7419090e-03
   2.9960640e-03
   2.3129130e-03
   1.7980400e-03
   1.4656710e-03
   1.2329060e-03
   1.0248050e-03
   8.3475670e-04
   6.5697840e-04
   4.8340630e-04
   2.6729330e-04
  -1.8250530e-05
  -3.4153640e-04
  -6.8906800e-04
  -1.0556130e-03
  -1.3814730e-03
  -1.5735880e-03
  -1.5832230e-03
  -1.4521510e-03
  -1.2766600e-03
  -1.0575850e-03
  -8.1738920e-04
  -5.9379220e-04
  -3.4470130e-04
  -7.8517770e-05
   1.9324110e-04
   5.3752140e-04
   9.7598340e-04
   1.5048540e-03
   2.0999430e-03
   2.7109320e-03
   3.3267520e-03
   3.9477050e-03
   4.5741040e-03
   5.1307060e-03
   5.4936610e-03
   5.6649200e-03
   5.7486440e-03
   5.7559280e-03
   5.6709960e-03
   5.5532580e-03
   5.4988290e-03
   5.5536950e-03
   5.6423490e-03
   5.6654400e-03
   5.6038240e-03
   5.4877380e-03
   5.3208970e-03
   5.0985530e-03
   4.8274300e-03
   4.5300710e-03
   4.1919780e-03
   3.8452850e-03
   3.5136060e-03
   3.1221680e-03
   2.6724110e-03
   2.2226790e-03
   1.8092630e-03
   1.3765110e-03
   8.9312910e-04
   4.1925630e-04
   4.2931520e-05
  -2.5586600e-04
  -5.7937820e-04
  -9.9405030e-04
  -1.5555530e-03
  -2.1928480e-03
  -2.7827800e-03
  -3.2275320e-03
  -3.4994500e-03
  -3.6247890e-03
  -3.6506370e-03
  -3.6483700e-03
  -3.6655920e-03
  -3.7870150e-03
  -4.0436120e-03
  -4.3478140e-03
  -4.6349600e-03
  -4.8926470e-03
  -5.0897770e-03
  -5.2287510e-03
  -5.3132110e-03
  -5.3561290e-03
  -5.3794040e-03
  -5.4131640e-03
  -5.4827180e-03
  -5.6158360e-03
  -5.8250740e-03
  -6.0770560e-03
  -6.2965380e-03
  -6.4620140e-03
  -6.6217570e-03
  -6.8003200e-03
  -7.0178200e-03
  -7.2886650e-03
  -7.6590370e-03
  -8.1282840e-03
  -8.6373220e-03
  -9.1696580e-03
  -9.7198880e-03
  -1.0217370e-02
  -1.0641700e-02
  -1.1040090e-02
  -1.1443660e-02
  -1.1844540e-02
  -1.2196670e-02
  -1.2496260e-02
  -1.2737280e-02
  -1.2854650e-02
  -1.2801140e-02
  -1.2597970e-02
  -1.2307240e-02
  -1.1980910e-02
  -1.1664420e-02
  -1.1388280e-02
  -1.1196810e-02
  -1.1073030e-02
  -1.0974430e-02
  -1.0936350e-02
  -1.0954270e-02
  -1.0981440e-02
  -1.0993720e-02
  -1.0976990e-02
  -1.0913520e-02
  -1.0797680e-02
  -1.0641320e-02
  -1.0451740e-02
  -1.0225700e-02
  -9.9938580e-03
  -9.7739950e-03
  -9.6110650e-03
  -9.5708430e-03
  -9.6397760e-03
  -9.8299880e-03
  -1.0151920e-02
  -1.0558350e-02
  -1.0944460e-02
  -1.1217520e-02
  -1.1370070e-02
  -1.1439630e-02
  -1.1428580e-02
  -1.1306190e-02
  -1.1085820e-02
  -1.0816360e-02
  -1.0581410e-02
  -1.0462370e-02
  -1.0516830e-02
  -1.0699370e-02
  -1.0884490e-02
  -1.0968820e-02
  -1.0884270e-02
  -1.0639770e-02
  -1.0315100e-02
  -9.9377250e-03
  -9.4597560e-03
  -8.8985390e-03
  -8.3304280e-03
  -7.8389310e-03
  -7.4691130e-03
  -7.2422820e-03
  -7.1358330e-03
  -7.1132320e-03
  -7.1474800e-03
  -7.2089460e-03
  -7.2312230e-03
  -7.2268270e-03
  -7.2842300e-03
  -7.4534200e-03
  -7.7321340e-03
  -8.1147060e-03
  -8.5471710e-03
  -8.9890750e-03
  -9.4726030e-03
  -1.0003150e-02
  -1.0514940e-02
  -1.0894740e-02
  -1.1031010e-02
  -1.0904750e-02
  -1.0602920e-02
  -1.0251670e-02
  -9.9145550e-03
  -9.6138140e-03
  -9.3842790e-03
  -9.2449500e-03
  -9.1156230e-03
  -8.8882810e-03
  -8.5643740e-03
  -8.1498890e-03
  -7.6299080e-03
  -7.0186320e-03
  -6.3462730e-03
  -5.6460790e-03
  -4.9602030e-03
  -4.3325820e-03
  -3.7607030e-03
  -3.1849890e-03
  -2.5512070e-03
  -1.9056850e-03
  -1.2774240e-03
  -7.4550560e-04
  -3.1371270e-04
   9.3601330e-05
   5.3849480e-04
   1.0971270e-03
   1.8020360e-03
   2.5755620e-03
   3.3203640e-03
   3.9462130e-03
   4.4123680e-03
   4.7773030e-03
   5.0450030e-03
   5.1821770e-03
   5.2091370e-03
   5.1993830e-03
   5.2516190e-03
   5.4720950e-03
   5.8418330e-03
   6.2622390e-03
   6.6999760e-03
   7.1395550e-03
   7.5608920e-03
   7.9171340e-03
   8.2113340e-03
   8.4239030e-03
   8.5297850e-03
   8.5811950e-03
   8.6338120e-03
   8.7396800e-03
   8.9006090e-03
   9.0733620e-03
   9.2264720e-03
   9.3373190e-03
   9.3494860e-03
   9.2697140e-03
   9.1080950e-03
   8.8334250e-03
   8.4478780e-03
   7.9652160e-03
   7.4447090e-03
   6.9485830e-03
   6.5299000e-03
   6.2332990e-03
   6.0446590e-03
   5.8787530e-03
   5.7044690e-03
   5.5395270e-03
   5.4285070e-03
   5.3509510e-03
   5.2458480e-03
   5.1714320e-03
   5.2281570e-03
   5.4499080e-03
   5.7947600e-03
   6.1350330e-03
   6.4227580e-03
   6.6847420e-03
   6.9061760e-03
   7.0827460e-03
   7.2114030e-03
   7.2901640e-03
   7.3170680e-03
   7.3175810e-03
   7.3825720e-03
   7.5528250e-03
   7.7901180e-03
   8.0159770e-03
   8.2044260e-03
   8.3139370e-03
   8.3443680e-03
   8.3407600e-03
   8.3602860e-03
   8.4250600e-03
   8.5360820e-03
   8.7194270e-03
   9.0133500e-03
   9.3322930e-03
   9.5719750e-03
   9.7197350e-03
   9.8564620e-03
   9.9947920e-03
   1.0072090e-02
   1.0067480e-02
   1.0032890e-02
   9.9786040e-03
   9.8732500e-03
   9.7272760e-03
   9.5529410e-03
   9.3187960e-03
   9.0598430e-03
   8.7936440e-03
   8.4840310e-03
   8.1189960e-03
   7.7438940e-03
   7.3680810e-03
   6.9716960e-03
   6.5523820e-03
   6.2005550e-03
   5.9353330e-03
   5.7026190e-03
   5.5063570e-03
   5.3798210e-03
   5.2794720e-03
   5.1476740e-03
   5.0133390e-03
   4.9574690e-03
   4.9805890e-03
   5.0270030e-03
   5.0760510e-03
   5.1346560e-03
   5.1453930e-03
   5.0531280e-03
   4.8998470e-03
   4.7545990e-03
   4.6255700e-03
   4.5334740e-03
   4.4494560e-03
   4.3322830e-03
   4.2005110e-03
   4.0299100e-03
   3.7847500e-03
   3.4262070e-03
   2.9393370e-03
   2.4497420e-03
   2.0607630e-03
   1.8156070e-03
   1.7090600e-03
   1.6768580e-03
   1.6854020e-03
   1.6792630e-03
   1.5794100e-03
   1.3776910e-03
   1.1262530e-03
   8.9385200e-04
   7.7311380e-04
   8.2140780e-04
   1.0666680e-03
   1.4964110e-03
   2.0856550e-03
   2.7600500e-03
   3.4320550e-03
   4.0482550e-03
   4.5315360e-03
   4.8690280e-03
   5.1006680e-03
   5.3075050e-03
   5.5403450e-03
   5.7272040e-03
   5.8532900e-03
   5.9848450e-03
   6.1816660e-03
   6.4236380e-03
   6.6708400e-03
   6.8563970e-03
   6.8923900e-03
   6.7450840e-03
   6.5053440e-03
   6.2739710e-03
   6.0921000e-03
   5.9750370e-03
   5.9217220e-03
   5.8874800e-03
   5.7631430e-03
   5.5036630e-03
   5.1496790e-03
   4.7345420e-03
   4.3368430e-03
   4.0302710e-03
   3.7707420e-03
   3.4649430e-03
   3.0666170e-03
   2.6002720e-03
   2.1278240e-03
   1.7101250e-03
   1.3242820e-03
   9.1742860e-04
   4.7721470e-04
   4.0403090e-05
  -3.3540820e-04
  -6.1972360e-04
  -7.9552770e-04
  -8.7751670e-04
  -8.5305020e-04
  -7.3815000e-04
  -5.9477380e-04
  -4.8406940e-04
  -3.5748910e-04
  -1.8932820e-04
  -3.8197470e-06
   1.6944800e-04
   2.9256730e-04
   3.3358320e-04
   3.5015440e-04
   3.8469650e-04
   4.1168530e-04
   4.0594390e-04
   3.1933600e-04
   1.5684190e-04
  -2.5364560e-05
  -2.4288210e-04
  -4.8149460e-04
  -6.6187200e-04
  -7.7377080e-04
  -8.4508900e-04
  -8.7939380e-04
  -9.0710900e-04
  -1.0162410e-03
  -1.2794970e-03
  -1.6823070e-03
  -2.1708560e-03
  -2.7239100e-03
  -3.3404840e-03
  -3.9800260e-03
  -4.5872130e-03
  -5.1208910e-03
  -5.5833640e-03
  -5.9581230e-03
  -6.2606370e-03
  -6.5347220e-03
  -6.7789600e-03
  -6.9900590e-03
  -7.2080890e-03
  -7.4386470e-03
  -7.6437430e-03
  -7.8004630e-03
  -7.8993470e-03
  -7.8947040e-03
  -7.8626040e-03
  -7.8175090e-03
  -7.7159250e-03
  -7.5980530e-03
  -7.4772240e-03
  -7.3853560e-03
  -7.2605360e-03
  -7.0531830e-03
  -6.8376940e-03
  -6.6183740e-03
  -6.3620350e-03
  -6.0765670e-03
  -5.7941430e-03
  -5.5804330e-03
  -5.4783260e-03
  -5.4587470e-03
  -5.4611740e-03
  -5.4269890e-03
  -5.3960320e-03
  -5.4851420e-03
  -5.7090140e-03
  -6.0161700e-03
  -6.3712150e-03
  -6.7417540e-03
  -7.0612010e-03
  -7.3717490e-03
  -7.7296880e-03
  -8.0726630e-03
  -8.3682770e-03
  -8.5924510e-03
  -8.7409590e-03
  -8.8418240e-03
  -8.8223860e-03
  -8.6943050e-03
  -8.5765270e-03
  -8.4723950e-03
  -8.2933360e-03
  -8.0068960e-03
  -7.5888330e-03
  -6.9949170e-03
  -6.2671840e-03
  -5.4453820e-03
  -4.6449400e-03
  -3.9890100e-03
  -3.5305070e-03
  -3.2442540e-03
  -3.0898940e-03
  -3.0594930e-03
  -3.1040640e-03
  -3.1577460e-03
  -3.1918480e-03
  -3.2455570e-03
  -3.3808370e-03
  -3.5681540e-03
  -3.7444880e-03
  -3.8481540e-03
  -3.8896210e-03
  -3.9388250e-03
  -4.0742460e-03
  -4.3122690e-03
  -4.6327360e-03
  -4.9865530e-03
  -5.2917080e-03
  -5.5404550e-03
  -5.7396420e-03
  -5.9125810e-03
  -6.0977500e-03
  -6.3332560e-03
  -6.6465370e-03
  -7.0236350e-03
  -7.3880150e-03
  -7.7118610e-03
  -7.9998200e-03
  -8.2728100e-03
  -8.5789000e-03
  -8.9039610e-03
  -9.2845370e-03
  -9.7362140e-03
  -1.0159770e-02
  -1.0454970e-02
  -1.0578660e-02
  -1.0504610e-02
  -1.0239350e-02
  -9.8628760e-03
  -9.4468680e-03
  -9.0700420e-03
  -8.7893580e-03
  -8.5951370e-03
  -8.4695720e-03
  -8.3180010e-03
  -8.0601980e-03
  -7.7883870e-03
  -7.5384120e-03
  -7.3267450e-03
  -7.1787750e-03
  -7.0888650e-03
  -7.1238890e-03
  -7.3357630e-03
  -7.6712500e-03
  -8.0502270e-03
  -8.4505270e-03
  -8.8270740e-03
  -9.1269300e-03
  -9.2812930e-03
  -9.2627550e-03
  -9.1040400e-03
  -8.8852220e-03
  -8.6983450e-03
  -8.6148490e-03
  -8.6241890e-03
  -8.6668520e-03
  -8.7216400e-03
  -8.7682920e-03
  -8.7743530e-03
  -8.7829970e-03
  -8.8277360e-03
  -8.9303700e-03
  -9.1249640e-03
  -9.4031980e-03
  -9.7525900e-03
  -1.0220050e-02
  -1.0737920e-02
  -1.1192320e-02
  -1.1480380e-02
  -1.1537120e-02
  -1.1419120e-02
  -1.1213190e-02
  -1.0961730e-02
  -1.0736080e-02
  -1.0563780e-02
  -1.0427430e-02
  -1.0294820e-02
  -1.0151790e-02
  -1.0012880e-02
  -9.8779810e-03
  -9.7386140e-03
  -9.6023520e-03
  -9.4896100e-03
  -9.3719950e-03
  -9.1781540e-03
  -8.8876520e-03
  -8.5429870e-03
  -8.1578800e-03
  -7.7250670e-03
  -7.2315130e-03
  -6.6452040e-03
  -5.9785130e-03
  -5.2838730e-03
  -4.6001320e-03
  -3.9210070e-03
  -3.2477470e-03
  -2.5692560e-03
  -1.8805350e-03
  -1.2263030e-03
  -6.1140690e-04
  -3.3510630e-05
   4.6444010e-04
   8.8729320e-04
   1.2886710e-03
   1.6899090e-03
   2.0850480e-03
   2.4706060e-03
   2.8250490e-03
   3.1212490e-03
   3.3950150e-03
   3.6900220e-03
   4.0073190e-03
   4.3580190e-03
   4.7275640e-03
   5.0103120e-03
   5.1567520e-03
   5.2308430e-03
   5.2847890e-03
   5.3115760e-03
   5.3118870e-03
   5.3081440e-03
   5.3380010e-03
   5.4556900e-03
   5.6941850e-03
   5.9837780e-03
   6.2674270e-03
   6.5362940e-03
   6.8268190e-03
   7.1547040e-03
   7.4768590e-03
   7.7650780e-03
   8.0024660e-03
   8.1973030e-03
   8.3258600e-03
   8.3881850e-03
   8.4041260e-03
   8.4119630e-03
   8.4175610e-03
   8.4148640e-03
   8.4122020e-03
   8.4044240e-03
   8.3637640e-03
   8.3096380e-03
   8.2215870e-03
   8.0671190e-03
   7.8910180e-03
   7.7923170e-03
   7.7939980e-03
   7.8813760e-03
   8.0353630e-03
   8.1951200e-03
   8.2823790e-03
   8.2842420e-03
   8.2484620e-03
   8.2971840e-03
   8.4831520e-03
   8.7839310e-03
   9.1474790e-03
   9.5187850e-03
   9.8672120e-03
   1.0164640e-02
   1.0370150e-02
   1.0488050e-02
   1.0571280e-02
   1.0658590e-02
   1.0734640e-02
   1.0823700e-02
   1.0932430e-02
   1.1057600e-02
   1.1154380e-02
   1.1227930e-02
   1.1309150e-02
   1.1377550e-02
   1.1427310e-02
   1.1441120e-02
   1.1410410e-02
   1.1384510e-02
   1.1413190e-02
   1.1478750e-02
   1.1520580e-02
   1.1479760e-02
   1.1341300e-02
   1.1129060e-02
   1.0887760e-02
   1.0630190e-02
   1.0348590e-02
   1.0073760e-02
   9.8177580e-03
   9.5784780e-03
   9.3668560e-03
   9.1908080e-03
   9.0376860e-03
   8.9120690e-03
   8.8164970e-03
   8.7294200e-03
   8.5939170e-03
   8.3879600e-03
   8.1625610e-03
   7.9130060e-03
   7.6384040e-03
   7.3848370e-03
   7.2007320e-03
   7.1161270e-03
   7.1137000e-03
   7.1173610e-03
   7.0732220e-03
   6.9629040e-03
   6.7369750e-03
   6.3945860e-03
   6.0282360e-03
   5.6416850e-03
   5.2128510e-03
   4.7612550e-03
   4.2996240e-03
   3.8520280e-03
   3.4502420e-03
   3.0580070e-03
   2.6612760e-03
   2.2818050e-03
   1.8619770e-03
   1.3815340e-03
   8.8406460e-04
   4.0745770e-04
  -9.4473070e-06
  -3.7092370e-04
  -6.8248740e-04
  -9.1793680e-04
  -1.0300190e-03
  -9.9386350e-04
  -8.5766990e-04
  -7.4806770e-04
  -7.4423750e-04
  -7.9316010e-04
  -8.3600640e-04
  -8.4627330e-04
  -8.4025190e-04
  -8.3421050e-04
  -7.9143290e-04
  -6.8528500e-04
  -5.3956950e-04
  -4.2407660e-04
  -3.5237980e-04
  -2.9992540e-04
  -2.4853260e-04
  -1.9275890e-04
  -1.2957410e-04
  -6.8811500e-05
  -4.4372460e-05
  -2.0725240e-05
   3.0172040e-05
   7.8707940e-05
   9.4454690e-05
   4.7360550e-05
  -7.5012620e-05
  -3.0288940e-04
  -6.2346180e-04
  -9.6055160e-04
  -1.3187460e-03
  -1.7743730e-03
  -2.2812930e-03
  -2.7312810e-03
  -3.0715110e-03
  -3.3118880e-03
  -3.4765670e-03
  -3.6134150e-03
  -3.8095010e-03
  -4.0844750e-03
  -4.4409550e-03
  -4.8789370e-03
  -5.3586110e-03
  -5.7844230e-03
  -6.1019890e-03
  -6.2549310e-03
  -6.2233850e-03
  -6.0744120e-03
  -5.8964860e-03
  -5.7390650e-03
  -5.6358930e-03
  -5.5941010e-03
  -5.5931180e-03
  -5.6460160e-03
  -5.7921850e-03
  -6.0344740e-03
  -6.3505710e-03
  -6.7095030e-03
  -7.0658930e-03
  -7.3805710e-03
  -7.6145940e-03
  -7.7214120e-03
  -7.7399900e-03
  -7.7271830e-03
  -7.7210570e-03
  -7.7206270e-03
  -7.7489300e-03
  -7.8458580e-03
  -7.9909630e-03
  -8.1674930e-03
  -8.3771360e-03
  -8.6236280e-03
  -8.8774000e-03
  -9.0880760e-03
  -9.2432210e-03
  -9.3435920e-03
  -9.3564010e-03
  -9.2560490e-03
  -9.0648240e-03
  -8.8006170e-03
  -8.5024210e-03
  -8.1986410e-03
  -7.9031900e-03
  -7.6503690e-03
  -7.4507480e-03
  -7.2953700e-03
  -7.1091350e-03
  -6.8541270e-03
  -6.5665950e-03
  -6.2959100e-03
  -6.0678170e-03
  -5.8283530e-03
  -5.5572820e-03
  -5.3081890e-03
  -5.1445920e-03
  -5.0759640e-03
  -5.0183890e-03
  -4.9711090e-03
  -5.0291160e-03
  -5.1430710e-03
  -5.2412300e-03
  -5.3037960e-03
  -5.3181280e-03
  -5.3354300e-03
  -5.3779460e-03
  -5.4941710e-03
  -5.7227040e-03
  -5.9619890e-03
  -6.1395480e-03
  -6.2382600e-03
  -6.2239840e-03
  -6.0903510e-03
  -5.8942180e-03
  -5.6629640e-03
  -5.3869190e-03
  -5.0174730e-03
  -4.5459380e-03
  -4.0085910e-03
  -3.4602500e-03
  -2.9122820e-03
  -2.3358640e-03
  -1.6972730e-03
  -1.0316150e-03
  -3.2295190e-04
   4.1083420e-04
   1.1415020e-03
   1.8447160e-03
   2.4600150e-03
   2.9552650e-03
   3.2845200e-03
   3.3872730e-03
   3.2623420e-03
   2.9927730e-03
   2.6718640e-03
   2.3861600e-03
   2.1999130e-03
   2.1253460e-03
   2.0998510e-03
   2.0297830e-03
   1.9033750e-03
   1.7098410e-03
   1.4597730e-03
   1.1584540e-03
   8.4789690e-04
   5.5740050e-04
   3.2195210e-04
   1.1457660e-04
  -1.0641380e-04
  -3.8842050e-04
  -6.9877810e-04
  -9.4061580e-04
  -1.0671440e-03
  -1.0887110e-03
  -9.8492250e-04
  -6.9572550e-04
  -2.5372600e-04
   2.4808740e-04
   7.6130210e-04
   1.2517400e-03
   1.7494520e-03
   2.2194550e-03
   2.6210290e-03
   2.9512910e-03
   3.1860510e-03
   3.3488490e-03
   3.4899080e-03
   3.6640860e-03
   3.8973710e-03
   4.1874570e-03
   4.5073800e-03
   4.8157490e-03
   5.1237060e-03
   5.4096120e-03
   5.6442200e-03
   5.8248130e-03
   5.9493280e-03
   6.0462990e-03
   6.1268140e-03
   6.2004950e-03
   6.3019020e-03
   6.4251760e-03
   6.5521760e-03
   6.7162210e-03
   6.9456730e-03
   7.2508750e-03
   7.6135270e-03
   7.9723610e-03
   8.3157040e-03
   8.5913530e-03
   8.7211250e-03
   8.7750690e-03
   8.8073220e-03
   8.7970220e-03
   8.7407580e-03
   8.6386770e-03
   8.4926800e-03
   8.3321920e-03
   8.1604090e-03
   7.9322520e-03
   7.6159070e-03
   7.2192780e-03
   6.7837890e-03
   6.3472360e-03
   5.9310410e-03
   5.5726860e-03
   5.3206340e-03
   5.1437920e-03
   5.0091490e-03
   4.8806490e-03
   4.7208720e-03
   4.5321380e-03
   4.3474370e-03
   4.1541280e-03
   3.9783190e-03
   3.8741370e-03
   3.8929580e-03
   4.0751590e-03
   4.3775340e-03
   4.7275250e-03
   5.0623870e-03
   5.3172730e-03
   5.4757660e-03
   5.5868090e-03
   5.6396640e-03
   5.5661830e-03
   5.3377080e-03
   4.9863950e-03
   4.6030610e-03
   4.2729080e-03
   4.0626350e-03
   3.9850930e-03
   4.0645210e-03
   4.2500970e-03
   4.4848600e-03
   4.7456040e-03
   4.9967870e-03
   5.2198020e-03
   5.3964810e-03
   5.4909790e-03
   5.4931270e-03
   5.3987750e-03
   5.3002640e-03
   5.3030860e-03
   5.3730620e-03
   5.4653600e-03
   5.5308510e-03
   5.4979720e-03
   5.3578970e-03
   5.1435590e-03
   4.7954970e-03
   4.2807220e-03
   3.6382980e-03
   2.9173490e-03
   2.1447060e-03
   1.3788380e-03
   7.2100940e-04
   1.8806970e-04
  -2.9874070e-04
  -7.8507000e-04
  -1.2865360e-03
  -1.7955080e-03
  -2.2869840e-03
  -2.7216190e-03
  -3.0111630e-03
  -3.1586380e-03
  -3.2165740e-03
  -3.2314740e-03
  -3.1897590e-03
  -3.0675460e-03
  -2.8854660e-03
  -2.6484670e-03
  -2.3192570e-03
  -1.8633250e-03
  -1.3295920e-03
  -7.8003720e-04
  -2.8291670e-04
   1.3259380e-04
   5.0489800e-04
   7.6109140e-04
   8.4133790e-04
   7.5735170e-04
   5.3732330e-04
   2.7558520e-04
   7.8822150e-05
  -2.6338500e-05
  -8.5183040e-05
  -1.3524300e-04
  -2.0369660e-04
  -3.4892640e-04
  -6.0918960e-04
  -9.7279520e-04
  -1.3652200e-03
  -1.7507930e-03
  -2.1114590e-03
  -2.4310190e-03
  -2.6677680e-03
  -2.7964530e-03
  -2.8438900e-03
  -2.8505740e-03
  -2.8240130e-03
  -2.7695200e-03
  -2.7058860e-03
  -2.6894880e-03
  -2.7585980e-03
  -2.9081450e-03
  -3.1026130e-03
  -3.3141980e-03
  -3.5185640e-03
  -3.6549440e-03
  -3.6535710e-03
  -3.5459060e-03
  -3.3886650e-03
  -3.1648330e-03
  -2.8599300e-03
  -2.4980380e-03
  -2.1215650e-03
  -1.7739910e-03
  -1.5794530e-03
  -1.6389360e-03
  -1.9226220e-03
  -2.3441390e-03
  -2.8194860e-03
  -3.2784190e-03
  -3.6896250e-03
  -4.0052190e-03
  -4.3061800e-03
  -4.7157740e-03
  -5.2330700e-03
  -5.8281160e-03
  -6.4558740e-03
  -7.0383460e-03
  -7.5196550e-03
  -7.8971210e-03
  -8.2518310e-03
  -8.6554450e-03
  -9.1221310e-03
  -9.6152230e-03
  -1.0048600e-02
  -1.0364680e-02
  -1.0533500e-02
  -1.0495460e-02
  -1.0220400e-02
  -9.7035580e-03
  -8.9519080e-03
  -8.0170830e-03
  -6.8932040e-03
  -5.5140850e-03
  -3.8434890e-03
  -1.9429330e-03
   8.2906710e-05
   2.1528450e-03
   4.1589980e-03
   5.9668820e-03
   7.4736970e-03
   8.6690480e-03
   9.6355030e-03
   1.0435870e-02
   1.1031010e-02
   1.1348450e-02
   1.1395160e-02
   1.1263420e-02
   1.1012030e-02
   1.0722140e-02
   1.0418280e-02
   1.0131710e-02
   9.8431350e-03
   9.4876990e-03
   9.0102950e-03
   8.4341580e-03
   7.8247470e-03
   7.1942470e-03
   6.5790310e-03
   6.0105440e-03
   5.4650340e-03
   4.9455030e-03
   4.4757610e-03
   4.0319570e-03
   3.6221530e-03
   3.2774810e-03
   3.0319660e-03
   2.9483330e-03
   3.0887090e-03
   3.4228010e-03
   3.8273900e-03
   4.1749720e-03
   4.3347030e-03
   4.2214970e-03
   3.8058510e-03
   3.1826670e-03
   2.4029930e-03
   1.4678080e-03
   4.0361440e-04
  -7.8020130e-04
  -2.0956200e-03
  -3.5131290e-03
  -4.9937870e-03
  -6.4660980e-03
  -7.8634060e-03
  -9.1547640e-03
  -1.0338020e-02
  -1.1405330e-02
  -1.2306850e-02
  -1.2992360e-02
  -1.3425170e-02
  -1.3560420e-02
  -1.3427480e-02
  -1.3052890e-02
  -1.2407850e-02
  -1.1508330e-02
  -1.0359970e-02
  -8.9329160e-03
  -7.2425290e-03
  -5.3644850e-03
  -3.3514340e-03
  -1.2423170e-03
   9.2375120e-04
   3.1129570e-03
   5.2423140e-03
   7.1760070e-03
   8.8750140e-03
   1.0356040e-02
   1.1587510e-02
   1.2574530e-02
   1.3290000e-02
   1.3707100e-02
   1.3861800e-02
   1.3840570e-02
   1.3686200e-02
   1.3345770e-02
   1.2744980e-02
   1.1785440e-02
   1.0429520e-02
   8.7418650e-03
   6.7677800e-03
   4.5537120e-03
   2.1924550e-03
  -2.6577290e-04
  -2.6917380e-03
  -4.9131440e-03
  -6.8324700e-03
  -8.4010950e-03
  -9.6355480e-03
  -1.0621500e-02
  -1.1428230e-02
  -1.2038740e-02
  -1.2431680e-02
  -1.2587740e-02
  -1.2495990e-02
  -1.2138970e-02
  -1.1488320e-02
  -1.0500460e-02
  -9.2223180e-03
  -7.7745740e-03
  -6.3085310e-03
  -4.9502910e-03
  -3.6995690e-03
  -2.5244960e-03
  -1.3842020e-03
  -2.9978240e-04
   6.6886530e-04
   1.5220820e-03
   2.2552970e-03
   2.8086380e-03
   3.1376000e-03
   3.1760740e-03
   2.9113190e-03
   2.3980850e-03
   1.7286200e-03
   9.7307230e-04
   1.6476830e-04
  -6.4589850e-04
  -1.3526730e-03
  -1.8277500e-03
  -2.0475720e-03
  -2.0640340e-03
  -1.9618080e-03
  -1.8388300e-03
  -1.6789520e-03
  -1.4965180e-03
  -1.2713160e-03
  -9.0956310e-04
  -3.4457250e-04
   4.2809130e-04
   1.4627490e-03
   2.7370940e-03
   4.0517540e-03
   5.2511570e-03
   6.2854430e-03
   7.1201430e-03
   7.6691420e-03
   7.8760780e-03
   7.7597680e-03
   7.3869660e-03
   6.8475330e-03
   6.2360630e-03
   5.6455750e-03
   5.1757350e-03
   4.8285740e-03
   4.5020670e-03
   4.1249420e-03
   3.6553480e-03
   3.0259070e-03
   2.1873810e-03
   1.1298320e-03
  -1.4832270e-04
  -1.5606330e-03
  -2.9399420e-03
  -4.1359650e-03
  -5.0469980e-03
  -5.6519670e-03
  -5.9808260e-03
  -6.0343550e-03
  -5.8028870e-03
  -5.3067290e-03
  -4.6061610e-03
  -3.8143810e-03
  -3.0723590e-03
  -2.4476760e-03
  -1.9159440e-03
  -1.4266550e-03
  -9.8036770e-04
  -5.9418720e-04
  -1.7058940e-04
   4.3832010e-04
   1.2473810e-03
   2.1632790e-03
   3.0766910e-03
   3.8802230e-03
   4.5450300e-03
   5.0764040e-03
   5.4184240e-03
   5.5646760e-03
   5.5716830e-03
   5.4897720e-03
   5.3573770e-03
   5.2047290e-03
   4.9632690e-03
   4.6136440e-03
   4.2620130e-03
   4.0230110e-03
   3.8836760e-03
   3.8278150e-03
   3.8447050e-03
   3.8582700e-03
   3.8053870e-03
   3.6766000e-03
   3.4689140e-03
   3.2772960e-03
   3.1602260e-03
   3.0940030e-03
   3.0878790e-03
   3.2276410e-03
   3.5199530e-03
   3.8381650e-03
   4.0407990e-03
   4.0604010e-03
   3.9366220e-03
   3.7178070e-03
   3.4213880e-03
   3.0962270e-03
   2.8465750e-03
   2.7294270e-03
   2.7487790e-03
   2.8352760e-03
   2.9478080e-03
   3.1471160e-03
   3.4401400e-03
   3.7821420e-03
   4.0733460e-03
   4.2015480e-03
   4.1057620e-03
   3.7732390e-03
   3.2121780e-03
   2.4416620e-03
   1.4822430e-03
   4.1831520e-04
  -6.8206860e-04
  -1.8043150e-03
  -2.8919420e-03
  -3.9276490e-03
  -4.9387370e-03
  -5.9174240e-03
  -6.9129460e-03
  -7.9843320e-03
  -9.1087000e-03
  -1.0185770e-02
  -1.1155730e-02
  -1.2018040e-02
  -1.2777310e-02
  -1.3383260e-02
  -1.3786990e-02
  -1.3940400e-02
  -1.3808060e-02
  -1.3389450e-02
  -1.2757750e-02
  -1.1991230e-02
  -1.1134320e-02
  -1.0198820e-02
  -9.2263240e-03
  -8.2631830e-03
  -7.3501710e-03
  -6.5080940e-03
  -5.6893790e-03
  -4.8833220e-03
  -4.0982290e-03
  -3.4037950e-03
  -2.7794070e-03
  -2.1865570e-03
  -1.5850680e-03
  -1.0656190e-03
  -7.0473600e-04
  -5.0083670e-04
  -4.3432790e-04
  -4.5478880e-04
  -5.1654180e-04
  -6.1919840e-04
  -7.5985480e-04
  -9.4438160e-04
  -1.2132890e-03
  -1.5852020e-03
  -2.0578390e-03
  -2.6146530e-03
  -3.2116350e-03
  -3.7505410e-03
  -4.1697490e-03
  -4.4789680e-03
  -4.6794070e-03
  -4.7481700e-03
  -4.6673540e-03
  -4.4393180e-03
  -4.1614280e-03
  -3.8986810e-03
  -3.6172560e-03
  -3.2334300e-03
  -2.7510450e-03
  -2.1686280e-03
  -1.4835040e-03
  -7.2532100e-04
   9.4024010e-05
   9.8028400e-04
   1.9578990e-03
   2.9983090e-03
   3.9827860e-03
   4.8468360e-03
   5.5850340e-03
   6.1453750e-03
   6.5223310e-03
   6.7887380e-03
   7.0397580e-03
   7.3255360e-03
   7.6220680e-03
   7.8958810e-03
   8.1491590e-03
   8.3255830e-03
   8.3946910e-03
   8.3842790e-03
   8.2880480e-03
   8.0889720e-03
   7.8118250e-03
   7.4360020e-03
   6.9982350e-03
   6.5671310e-03
   6.1597120e-03
   5.7784680e-03
   5.3927500e-03
   4.9284420e-03
   4.3576590e-03
   3.6959100e-03
   2.9364110e-03
   2.0651090e-03
   1.1495040e-03
   2.8248840e-04
  -5.0531860e-04
  -1.1941730e-03
  -1.7659820e-03
  -2.2376410e-03
  -2.6215790e-03
  -2.8829390e-03
  -3.0103340e-03
  -3.0668060e-03
  -3.1083430e-03
  -3.1466260e-03
  -3.1562880e-03
  -3.1018030e-03
  -3.0213370e-03
  -2.9209520e-03
  -2.7803250e-03
  -2.6335690e-03
  -2.4927780e-03
  -2.3271800e-03
  -2.1187420e-03
  -1.9820830e-03
  -2.0052750e-03
  -2.1675400e-03
  -2.3699940e-03
  -2.4829080e-03
  -2.4523980e-03
  -2.2396470e-03
  -1.8235400e-03
  -1.2391200e-03
  -5.4547530e-04
   2.1694020e-04
   1.0291720e-03
   1.8806170e-03
   2.7106810e-03
   3.4747770e-03
   4.1927450e-03
   4.8840440e-03
   5.4970560e-03
   5.9697650e-03
   6.2911260e-03
   6.4325720e-03
   6.3831740e-03
   6.2134760e-03
   5.9948620e-03
   5.7012220e-03
   5.3573820e-03
   4.9632480e-03
   4.4597220e-03
   3.8350320e-03
   3.1219640e-03
   2.3739590e-03
   1.6262230e-03
   8.7141080e-04
   5.7223800e-05
  -8.2180520e-04
  -1.7410880e-03
  -2.6888460e-03
  -3.6335090e-03
  -4.5629860e-03
  -5.5258620e-03
  -6.5776240e-03
  -7.6867530e-03
  -8.7516510e-03
  -9.7495960e-03
  -1.0701020e-02
  -1.1543180e-02
  -1.2258210e-02
  -1.2904460e-02
  -1.3484780e-02
  -1.3962170e-02
  -1.4336110e-02
  -1.4572400e-02
  -1.4636020e-02
  -1.4509720e-02
  -1.4176450e-02
  -1.3693030e-02
  -1.3074450e-02
  -1.2224370e-02
  -1.1101100e-02
  -9.7532350e-03
  -8.2287200e-03
  -6.5939090e-03
  -4.9387040e-03
  -3.3226880e-03
  -1.7705990e-03
  -3.6453120e-04
   8.6776700e-04
   1.9493050e-03
   2.9114560e-03
   3.8003280e-03
   4.6637760e-03
   5.4984070e-03
   6.2621680e-03
   6.9449160e-03
   7.5217960e-03
   7.9730890e-03
   8.2941230e-03
   8.5201680e-03
   8.6891920e-03
   8.7948900e-03
   8.8319230e-03
   8.7673020e-03
   8.5263430e-03
   8.1117270e-03
   7.6149000e-03
   7.0550020e-03
   6.4608040e-03
   5.8271570e-03
   5.1393530e-03
   4.3911870e-03
   3.5415840e-03
   2.6210720e-03
   1.7012990e-03
   8.1947000e-04
  -5.2008540e-05
  -9.2336970e-04
  -1.7507400e-03
  -2.4434600e-03
  -3.0015180e-03
  -3.4792990e-03
  -3.8895330e-03
  -4.1898450e-03
  -4.3897170e-03
  -4.4988720e-03
  -4.5329970e-03
  -4.5235290e-03
  -4.4708150e-03
  -4.3437420e-03
  -4.1167490e-03
  -3.8300600e-03
  -3.5113620e-03
  -3.1712180e-03
  -2.8902850e-03
  -2.6977280e-03
  -2.5792250e-03
  -2.5517550e-03
  -2.6134440e-03
  -2.7127360e-03
  -2.7264530e-03
  -2.5673120e-03
  -2.2070310e-03
  -1.6445150e-03
  -9.8484210e-04
  -4.0002550e-04
  -1.1348430e-05
   2.7923470e-04
   5.6002390e-04
   7.8443510e-04
   9.2658370e-04
   1.0424920e-03
   1.2487030e-03
   1.5997920e-03
   2.1041110e-03
   2.7114900e-03
   3.3388650e-03
   3.9836630e-03
   4.7073720e-03
   5.5702980e-03
   6.5635700e-03
   7.5070460e-03
   8.2682500e-03
   8.8260650e-03
   9.2392900e-03
   9.5491890e-03
   9.7541650e-03
   9.8794100e-03
   9.9508460e-03
   9.9682050e-03
   9.9716590e-03
   1.0001090e-02
   1.0045820e-02
   9.9874070e-03
   9.7880880e-03
   9.5038520e-03
   9.1725550e-03
   8.7931040e-03
   8.3909800e-03
   8.0078200e-03
   7.6652010e-03
   7.3010410e-03
   6.8737310e-03
   6.4247330e-03
   6.0406950e-03
   5.7489910e-03
   5.4805300e-03
   5.1940330e-03
   4.8930140e-03
   4.5848660e-03
   4.2582310e-03
   3.8879340e-03
   3.4708880e-03
   3.0175640e-03
   2.5094550e-03
   1.9828670e-03
   1.5145690e-03
   1.0759130e-03
   6.3467510e-04
   2.2930950e-04
  -1.5295080e-04
  -5.1222560e-04
  -7.7969840e-04
  -8.8896100e-04
  -8.7279050e-04
  -7.7505890e-04
  -6.1927810e-04
  -4.4151170e-04
  -2.7006510e-04
  -1.3278080e-04
  -8.6541600e-05
  -1.5396060e-04
  -2.9594690e-04
  -4.5629010e-04
  -5.5830920e-04
  -6.1372000e-04
  -7.2067360e-04
  -9.1691080e-04
  -1.1874100e-03
  -1.4821370e-03
  -1.7410120e-03
  -1.9914790e-03
  -2.2886430e-03
  -2.6012230e-03
  -2.9178770e-03
  -3.1765580e-03
  -3.2743500e-03
  -3.2192040e-03
  -3.0946930e-03
  -2.9521520e-03
  -2.8054140e-03
  -2.6186050e-03
  -2.3463210e-03
  -1.9896540e-03
  -1.6007380e-03
  -1.2019800e-03
  -7.8701800e-04
  -3.7427040e-04
  -3.1352990e-06
   2.8780760e-04
   4.7806830e-04
   5.5764650e-04
   5.0484450e-04
   3.6069460e-04
   1.9158640e-04
   5.8433540e-05
  -3.9533950e-06
   1.3168060e-05
   1.0014500e-04
   2.3215020e-04
   4.0382230e-04
   6.0341220e-04
   7.6384970e-04
   8.2196310e-04
   7.5998450e-04
   5.7736380e-04
   3.0985850e-04
  -1.9006260e-05
  -3.8914710e-04
  -7.4825230e-04
  -1.0410220e-03
  -1.2905880e-03
  -1.5417660e-03
  -1.8221700e-03
  -2.2363230e-03
  -2.8178800e-03
  -3.4998730e-03
  -4.2215850e-03
  -4.9111820e-03
  -5.5145390e-03
  -6.0307690e-03
  -6.4676240e-03
  -6.8156560e-03
  -7.0395900e-03
  -7.1794120e-03
  -7.2743720e-03
  -7.3028850e-03
  -7.2591050e-03
  -7.2203680e-03
  -7.2123010e-03
  -7.2111320e-03
  -7.1979600e-03
  -7.1198560e-03
  -6.9815550e-03
  -6.8113140e-03
  -6.6629670e-03
  -6.5548430e-03
  -6.4836740e-03
  -6.4757490e-03
  -6.5399440e-03
  -6.6512930e-03
  -6.7621030e-03
  -6.8397050e-03
  -6.8894170e-03
  -6.9416950e-03
  -7.0207100e-03
  -7.1209550e-03
  -7.2686010e-03
  -7.4589180e-03
  -7.6773160e-03
  -7.9381320e-03
  -8.2012320e-03
  -8.4152690e-03
  -8.5670680e-03
  -8.6377470e-03
  -8.6626600e-03
  -8.6936510e-03
  -8.6798720e-03
  -8.5222890e-03
  -8.2040760e-03
  -7.7846160e-03
  -7.3049120e-03
  -6.7682940e-03
  -6.1982660e-03
  -5.6612720e-03
  -5.2326580e-03
  -4.9213260e-03
  -4.6832250e-03
  -4.4569380e-03
  -4.2398800e-03
  -4.0180610e-03
  -3.7814530e-03
  -3.5190150e-03
  -3.2714900e-03
  -3.0658100e-03
  -2.9045830e-03
  -2.7399270e-03
  -2.4748950e-03
  -2.0858900e-03
  -1.6757270e-03
  -1.2963870e-03
  -9.3507790e-04
  -5.9601710e-04
  -2.7671410e-04
   2.4230540e-05
   3.1911490e-04
   5.8529150e-04
   7.8464850e-04
   9.2625110e-04
   1.0586590e-03
   1.2168320e-03
   1.4168990e-03
   1.6805890e-03
   1.9441530e-03
   2.1391630e-03
   2.2352830e-03
   2.2383460e-03
   2.1799920e-03
   2.0615550e-03
   1.8895620e-03
   1.6954890e-03
   1.4906920e-03
   1.2633940e-03
   1.0454360e-03
   8.0766960e-04
   5.4999020e-04
   3.2605510e-04
   2.1860500e-04
   2.1787100e-04
   2.8418560e-04
   3.8825640e-04
   4.7869070e-04
   5.5174020e-04
   6.1248010e-04
   6.2685830e-04
   6.1768740e-04
   6.2906740e-04
   7.0584930e-04
   8.9866380e-04
   1.1712820e-03
   1.4203850e-03
   1.6194320e-03
   1.8234100e-03
   2.0353690e-03
   2.1772080e-03
   2.2113220e-03
   2.1646070e-03
   2.0907570e-03
   2.0434480e-03
   1.9919090e-03
   1.9354980e-03
   1.9315770e-03
   1.9323860e-03
   1.8690340e-03
   1.7236490e-03
   1.5175620e-03
   1.2463890e-03
   8.6274700e-04
   3.9640580e-04
  -3.3093790e-05
  -3.5244990e-04
  -5.8993100e-04
  -8.1841920e-04
  -1.0554480e-03
  -1.2759180e-03
  -1.4985800e-03
  -1.7591310e-03
  -2.0584060e-03
  -2.3936600e-03
  -2.7622590e-03
  -3.1266540e-03
  -3.4148980e-03
  -3.5821210e-03
  -3.6717470e-03
  -3.7158940e-03
  -3.7148640e-03
  -3.6647790e-03
  -3.5640390e-03
  -3.4009100e-03
  -3.1510710e-03
  -2.8273340e-03
  -2.4770810e-03
  -2.1087000e-03
  -1.6804230e-03
  -1.1827550e-03
  -6.5064860e-04
  -8.4945670e-05
   5.5085760e-04
   1.2455210e-03
   1.9367310e-03
   2.5658120e-03
   3.1534380e-03
   3.7114650e-03
   4.2663330e-03
   4.8657530e-03
   5.5270400e-03
   6.2066720e-03
   6.8721310e-03
   7.5290480e-03
   8.1695280e-03
   8.6895170e-03
   9.0249340e-03
   9.2546480e-03
   9.4344510e-03
   9.5507500e-03
   9.6024060e-03
   9.6191060e-03
   9.5982990e-03
   9.5064420e-03
   9.3662380e-03
   9.2253710e-03
   9.0761590e-03
   8.8700540e-03
   8.5649500e-03
   8.1470430e-03
   7.6716870e-03
   7.2048850e-03
   6.8124860e-03
   6.5114800e-03
   6.2646250e-03
   6.0527670e-03
   5.7975820e-03
   5.4946250e-03
   5.2294210e-03
   5.0042430e-03
   4.7520650e-03
   4.4686590e-03
   4.1969560e-03
   3.9557360e-03
   3.7279500e-03
   3.5499300e-03
   3.4294030e-03
   3.2896870e-03
   3.1002530e-03
   2.8970550e-03
   2.7436870e-03
   2.6711440e-03
   2.6823880e-03
   2.7707410e-03
   2.9002470e-03
   2.9989620e-03
   3.0118800e-03
   2.8894730e-03
   2.5987970e-03
   2.1754180e-03
   1.6739160e-03
   1.1917560e-03
   8.2065850e-04
   5.5413050e-04
   4.0236790e-04
   3.3439330e-04
   3.4358710e-04
   4.6579600e-04
   7.0637030e-04
   1.0480250e-03
   1.4486520e-03
   1.8873480e-03
   2.3352390e-03
   2.7795370e-03
   3.1442690e-03
   3.3701100e-03
   3.4664280e-03
   3.4430210e-03
   3.3110410e-03
   3.1580760e-03
   3.0197870e-03
   2.9108440e-03
   2.8547350e-03
   2.8243810e-03
   2.8027180e-03
   2.8014630e-03
   2.7794880e-03
   2.7003480e-03
   2.5805130e-03
   2.4631780e-03
   2.3970120e-03
   2.3424750e-03
   2.2828040e-03
   2.2323570e-03
   2.1615500e-03
   2.1021260e-03
   2.0663900e-03
   2.0047560e-03
   1.8698080e-03
   1.6543900e-03
   1.4017180e-03
   1.1355770e-03
   8.3801140e-04
   5.4782070e-04
   2.8077830e-04
   3.1924880e-05
  -1.9962670e-04
  -4.5104090e-04
  -7.4406920e-04
  -1.0845350e-03
  -1.4995160e-03
  -1.9808640e-03
  -2.5036480e-03
  -3.0358380e-03
  -3.5513260e-03
  -3.9701680e-03
  -4.2913840e-03
  -4.5038800e-03
  -4.6010770e-03
  -4.6638690e-03
  -4.7235570e-03
  -4.7163260e-03
  -4.6511510e-03
  -4.5411280e-03
  -4.3630040e-03
  -4.1832150e-03
  -4.0484090e-03
  -3.9276180e-03
  -3.7712210e-03
  -3.6268380e-03
  -3.5984510e-03
  -3.6521810e-03
  -3.7539330e-03
  -3.9069420e-03
  -4.1070050e-03
  -4.2523930e-03
  -4.2280680e-03
  -4.0139370e-03
  -3.6175830e-03
  -3.1150930e-03
  -2.5679300e-03
  -2.0472870e-03
  -1.5980550e-03
  -1.2907930e-03
  -1.1170870e-03
  -1.0256520e-03
  -1.0184950e-03
  -1.1022050e-03
  -1.2210520e-03
  -1.2910570e-03
  -1.2733200e-03
  -1.2049380e-03
  -1.1119680e-03
  -1.0154350e-03
  -9.2953260e-04
  -8.7046540e-04
  -8.2579500e-04
  -7.5977740e-04
  -6.5494640e-04
  -4.8778420e-04
  -2.5232170e-04
   5.0342260e-05
   4.3520150e-04
   9.2405390e-04
   1.5090130e-03
   2.1434800e-03
   2.7690540e-03
   3.3085550e-03
   3.6965180e-03
   3.9452000e-03
   4.0956840e-03
   4.2182650e-03
   4.3691700e-03
   4.5654230e-03
   4.7853780e-03
   4.9457880e-03
   4.9907030e-03
   4.9122550e-03
   4.7329920e-03
   4.4696500e-03
   4.1504890e-03
   3.7908700e-03
   3.3952200e-03
   2.9786620e-03
   2.5922290e-03
   2.2896800e-03
   2.0596620e-03
   1.8608930e-03
   1.7261410e-03
   1.6770650e-03
   1.7067020e-03
   1.7993630e-03
   1.9163650e-03
   2.0712190e-03
   2.2400130e-03
   2.4108110e-03
   2.5511140e-03
   2.6226640e-03
   2.5889150e-03
   2.4839630e-03
   2.3592830e-03
   2.2438060e-03
   2.1072650e-03
   1.9202840e-03
   1.6971880e-03
   1.4547310e-03
   1.2333240e-03
   1.0813390e-03
   1.0223510e-03
   1.0472550e-03
   1.1044910e-03
   1.1864960e-03
   1.3005940e-03
   1.4361160e-03
   1.6013370e-03
   1.7591130e-03
   1.8669570e-03
   1.9296110e-03
   1.9158360e-03
   1.8615810e-03
   1.8055100e-03
   1.7429920e-03
   1.6934430e-03
   1.6820970e-03
   1.6818330e-03
   1.6510890e-03
   1.5519210e-03
   1.4073830e-03
   1.2417750e-03
   1.0492550e-03
   8.1572320e-04
   5.7099260e-04
   3.3532000e-04
   1.0719120e-04
  -8.0198330e-05
  -1.9273850e-04
  -2.5210410e-04
  -2.8979710e-04
  -3.0167370e-04
  -2.5980790e-04
  -2.1584060e-04
  -2.4017200e-04
  -3.8492990e-04
  -7.0891430e-04
  -1.1703930e-03
  -1.7127390e-03
  -2.3118920e-03
  -2.8912290e-03
  -3.3986890e-03
  -3.8512200e-03
  -4.2809760e-03
  -4.7410100e-03
  -5.2110440e-03
  -5.6619540e-03
  -6.0924400e-03
  -6.4654230e-03
  -6.7493290e-03
  -6.9439320e-03
  -7.0629510e-03
  -7.0708330e-03
  -6.9369370e-03
  -6.6556920e-03
  -6.2467260e-03
  -5.8184760e-03
  -5.4826560e-03
  -5.2898940e-03
  -5.2505310e-03
  -5.3225590e-03
  -5.3973490e-03
  -5.4091160e-03
  -5.3592290e-03
  -5.3188780e-03
  -5.2567540e-03
  -5.1280030e-03
  -5.0017850e-03
  -4.8889350e-03
  -4.7244630e-03
  -4.5175750e-03
  -4.3406640e-03
  -4.2085420e-03
  -4.1160630e-03
  -4.0944280e-03
  -4.1066680e-03
  -4.0257930e-03
  -3.8005980e-03
  -3.4832450e-03
  -3.0849090e-03
  -2.6076600e-03
  -2.1066340e-03
  -1.6555720e-03
  -1.2757500e-03
  -9.4496560e-04
  -6.4555410e-04
  -3.8514990e-04
  -1.3906230e-04
   1.1886290e-04
   3.4947460e-04
   4.9345460e-04
   5.4406180e-04
   5.2641410e-04
   3.9143820e-04
   1.4964180e-04
  -1.4650040e-04
  -4.2951610e-04
  -6.8219790e-04
  -9.2867090e-04
  -1.1913290e-03
  -1.4871220e-03
  -1.8410260e-03
  -2.2392180e-03
  -2.6411720e-03
  -3.0186530e-03
  -3.3564720e-03
  -3.6569240e-03
  -3.8949610e-03
  -4.0805480e-03
  -4.1962280e-03
  -4.2283320e-03
  -4.1931600e-03
  -4.1113730e-03
  -4.0084750e-03
  -3.8885020e-03
  -3.7422050e-03
  -3.5402280e-03
  -3.3040400e-03
  -3.0839340e-03
  -2.9026020e-03
  -2.7443820e-03
  -2.6131390e-03
  -2.5337420e-03
  -2.5246080e-03
  -2.5483610e-03
  -2.5565660e-03
  -2.5728250e-03
  -2.5915480e-03
  -2.5938220e-03
  -2.5910230e-03
  -2.5864510e-03
  -2.5929410e-03
  -2.5837130e-03
  -2.5007680e-03
  -2.3421730e-03
  -2.1341030e-03
  -1.8842460e-03
  -1.5894990e-03
  -1.2491890e-03
  -8.4324570e-04
  -3.5173800e-04
   2.0288220e-04
   8.4295640e-04
   1.5214380e-03
   2.1650390e-03
   2.7424230e-03
   3.2776100e-03
   3.7847790e-03
   4.1978600e-03
   4.4360630e-03
   4.4806010e-03
   4.4067160e-03
   4.3232590e-03
   4.2377050e-03
   4.1148750e-03
   3.9435660e-03
   3.7157080e-03
   3.4606240e-03
   3.2136170e-03
   2.9695350e-03
   2.7446360e-03
   2.5939620e-03
   2.5571240e-03
   2.6127830e-03
   2.7170050e-03
   2.8431170e-03
   2.9867720e-03
   3.0887690e-03
   3.0856550e-03
   3.0535860e-03
   3.0188970e-03
   2.9649300e-03
   2.8922540e-03
   2.7897880e-03
   2.6938540e-03
   2.6426290e-03
   2.5988090e-03
   2.5485690e-03
   2.5125040e-03
   2.4729080e-03
   2.4352630e-03
   2.4880980e-03
   2.6460380e-03
   2.8333830e-03
   3.0246760e-03
   3.2624040e-03
   3.5797590e-03
   3.9871470e-03
   4.4102990e-03
   4.7428990e-03
   4.9657950e-03
   5.1289390e-03
   5.2671790e-03
   5.3758400e-03
   5.4070850e-03
   5.3456260e-03
   5.2570670e-03
   5.1542790e-03
   5.0570070e-03
   4.9732350e-03
   4.9200400e-03
   4.9344150e-03
   5.0068850e-03
   5.1063160e-03
   5.2062180e-03
   5.2986270e-03
   5.3668360e-03
   5.3946050e-03
   5.3594840e-03
   5.2219010e-03
   4.9862020e-03
   4.7139430e-03
   4.4714340e-03
   4.3503440e-03
   4.3924930e-03
   4.5503680e-03
   4.7368750e-03
   4.8733100e-03
   4.8803500e-03
   4.7479960e-03
   4.5585430e-03
   4.3376870e-03
   4.0466650e-03
   3.6939650e-03
   3.3219620e-03
   3.0033520e-03
   2.7763210e-03
   2.6427260e-03
   2.6055970e-03
   2.6464090e-03
   2.7342210e-03
   2.8174550e-03
   2.8554470e-03
   2.8368000e-03
   2.8017870e-03
   2.8269890e-03
   2.9119710e-03
   3.0571220e-03
   3.3231460e-03
   3.6452720e-03
   4.0042630e-03
   4.3557240e-03
   4.6858170e-03
   4.9720210e-03
   5.2506630e-03
   5.5615710e-03
   5.9096350e-03
   6.2794850e-03
   6.6566430e-03
   7.0379720e-03
   7.4102630e-03
   7.7481890e-03
   8.0549470e-03
   8.3117480e-03
   8.4444920e-03
   8.4265970e-03
   8.2837320e-03
   8.0971250e-03
   7.8864150e-03
   7.6015790e-03
   7.2480560e-03
   6.8740750e-03
   6.4905470e-03
   6.0933960e-03
   5.6595440e-03
   5.1799940e-03
   4.6821410e-03
   4.1843110e-03
   3.6522080e-03
   3.0602880e-03
   2.4094860e-03
   1.6949490e-03
   9.2323750e-04
   1.6215510e-04
  -5.6677880e-04
  -1.2500330e-03
  -1.8673950e-03
  -2.4265280e-03
  -2.9229490e-03
  -3.3790190e-03
  -3.8401060e-03
  -4.3507060e-03
  -4.9611080e-03
  -5.6000650e-03
  -6.1635470e-03
  -6.6429180e-03
  -7.0696100e-03
  -7.5319580e-03
  -8.0557310e-03
  -8.5750920e-03
  -9.0488340e-03
  -9.4998570e-03
  -9.9021410e-03
  -1.0293620e-02
  -1.0646060e-02
  -1.0962250e-02
  -1.1261120e-02
  -1.1546380e-02
  -1.1770780e-02
  -1.1856560e-02
  -1.1777570e-02
  -1.1576480e-02
  -1.1276840e-02
  -1.0918080e-02
  -1.0545410e-02
  -1.0170680e-02
  -9.8450780e-03
  -9.5689920e-03
  -9.2855270e-03
  -8.9466020e-03
  -8.5390490e-03
  -8.1117100e-03
  -7.7147170e-03
  -7.3335800e-03
  -6.9589410e-03
  -6.5878960e-03
  -6.2291080e-03
  -5.9073270e-03
  -5.6500610e-03
  -5.4692090e-03
  -5.3341190e-03
  -5.2193890e-03
  -5.1126790e-03
  -5.0507070e-03
  -5.0756380e-03
  -5.1492190e-03
  -5.2050670e-03
  -5.2254180e-03
  -5.2191650e-03
  -5.2113780e-03
  -5.1784720e-03
  -5.0765130e-03
  -4.9160550e-03
  -4.6837910e-03
  -4.4067360e-03
  -4.1574130e-03
  -3.9913420e-03
  -3.9130640e-03
  -3.8887670e-03
  -3.9031410e-03
  -3.9089740e-03
  -3.8557620e-03
  -3.7412390e-03
  -3.6154210e-03
  -3.4839760e-03
  -3.3748150e-03
  -3.3098810e-03
  -3.2880020e-03
  -3.2912360e-03
  -3.2383110e-03
  -3.1522300e-03
  -3.0655630e-03
  -3.0050730e-03
  -2.9709340e-03
  -2.9320900e-03
  -2.8756030e-03
  -2.7982730e-03
  -2.6979640e-03
  -2.5758060e-03
  -2.4165690e-03
  -2.2036260e-03
  -1.9598230e-03
  -1.7206730e-03
  -1.5092390e-03
  -1.3332320e-03
  -1.2134570e-03
  -1.1581220e-03
  -1.1352660e-03
  -1.1526540e-03
  -1.2028560e-03
  -1.2752150e-03
  -1.3584060e-03
  -1.4097850e-03
  -1.4380430e-03
  -1.4896790e-03
  -1.5986870e-03
  -1.7044660e-03
  -1.7846260e-03
  -1.8520870e-03
  -1.8232400e-03
  -1.6808510e-03
  -1.4383620e-03
  -1.1650240e-03
  -9.4971090e-04
  -7.9197480e-04
  -6.6731390e-04
  -5.5426530e-04
  -4.4309200e-04
  -3.2897890e-04
  -2.1503330e-04
  -1.3379840e-04
  -8.2477490e-05
  -3.6937220e-05
  -3.9574350e-07
   4.8426550e-05
   1.1454770e-04
   1.6665030e-04
   2.1789390e-04
   2.7125870e-04
   3.3043780e-04
   3.9137310e-04
   4.6339800e-04
   5.4242190e-04
   6.1637650e-04
   6.5078980e-04
   6.8412540e-04
   7.7641930e-04
   9.1594020e-04
   1.0946320e-03
   1.2454970e-03
   1.3065300e-03
   1.3089400e-03
   1.3187010e-03
   1.3123490e-03
   1.2631830e-03
   1.2020880e-03
   1.1682330e-03
   1.1317380e-03
   1.0320190e-03
   8.5487930e-04
   6.3079160e-04
   4.0192830e-04
   1.9271360e-04
   3.1294970e-05
  -9.0369870e-05
  -2.0101590e-04
  -2.8746800e-04
  -4.1217570e-04
  -6.0145020e-04
  -8.1929460e-04
  -1.0748880e-03
  -1.3515440e-03
  -1.5970860e-03
  -1.8088990e-03
  -1.9829440e-03
  -2.0848620e-03
  -2.1151350e-03
  -2.1022650e-03
  -2.0925840e-03
  -2.0950050e-03
  -2.0974830e-03
  -2.1198490e-03
  -2.1718270e-03
  -2.2389040e-03
  -2.2589540e-03
  -2.1736560e-03
  -1.9591100e-03
  -1.6270290e-03
  -1.1732960e-03
  -6.8394170e-04
  -3.3798030e-04
  -1.5945370e-04
  -9.4511430e-05
  -8.2467840e-05
  -5.3173740e-05
  -4.7253680e-06
   4.5075880e-05
   1.2492700e-04
   2.2436910e-04
   3.0378030e-04
   3.4163070e-04
   3.1380030e-04
   1.9362050e-04
   1.7970900e-05
  -1.6148390e-04
  -3.3523750e-04
  -4.9360540e-04
  -5.8387140e-04
  -6.2760400e-04
  -6.1322990e-04
  -5.5451690e-04
  -4.9060720e-04
  -4.4991740e-04
  -4.3971070e-04
  -4.4642620e-04
  -4.8606120e-04
  -5.3232240e-04
  -5.0819750e-04
  -4.1921840e-04
  -2.8572320e-04
  -1.1637840e-04
   1.4108620e-05
   6.8010220e-05
   4.2817210e-05
  -4.2932080e-05
  -1.2116600e-04
  -1.3616620e-04
  -1.5303290e-04
  -1.8473580e-04
  -1.6300690e-04
  -5.6822600e-05
   5.8742850e-05
   1.2634360e-04
   1.2710080e-04
   6.2664250e-05
  -4.9291310e-05
  -1.6998020e-04
  -2.4602460e-04
  -3.1343620e-04
  -4.0689270e-04
  -4.7191170e-04
  -4.6165420e-04
  -4.0000050e-04
  -3.5615500e-04
  -3.6483400e-04
  -4.0254140e-04
  -4.0041840e-04
  -3.6533120e-04
  -3.1598640e-04
  -2.5373100e-04
  -1.5903900e-04
  -7.5374700e-06
   1.8956130e-04
   4.1096320e-04
   6.4189110e-04
   9.0332520e-04
   1.2264200e-03
   1.5683480e-03
   1.8587380e-03
   2.0837440e-03
   2.3006900e-03
   2.5547580e-03
   2.8211110e-03
