  -3.1763000e-02
  -3.4725900e-02
  -3.5877300e-02
  -3.5091700e-02
  -3.3091400e-02
  -3.1054700e-02
  -3.0061500e-02
  -3.0555000e-02
  -3.1877700e-02
  -3.2533200e-02
  -3.1125700e-02
  -2.7268300e-02
  -2.1652300e-02
  -1.5543900e-02
  -1.0255500e-02
  -6.7898900e-03
  -5.7572900e-03
  -6.8407800e-03
  -8.9828400e-03
  -1.0888200e-02
  -1.1180400e-02
  -8.8758700e-03
  -3.9237400e-03
   2.4483900e-03
   8.3155500e-03
   1.1861900e-02
   1.1578500e-02
   6.8458100e-03
  -1.2417600e-03
  -9.9726800e-03
  -1.6019300e-02
  -1.6778100e-02
  -1.1718700e-02
  -2.7473700e-03
   7.3276600e-03
   1.6376000e-02
   2.3760600e-02
   2.9658000e-02
   3.3715300e-02
   3.4882300e-02
   3.2562200e-02
   2.7627900e-02
   2.2327200e-02
   1.9468200e-02
   2.1237000e-02
   2.8486400e-02
   3.9548600e-02
   5.0513800e-02
   5.6904900e-02
   5.5662700e-02
   4.6298700e-02
   3.0694700e-02
   1.2289600e-02
  -4.6697800e-03
  -1.5825000e-02
  -1.8034900e-02
  -1.0705100e-02
   4.0714700e-03
   2.2022200e-02
   3.8133200e-02
   4.8013900e-02
   4.9446600e-02
   4.3021100e-02
   3.1172500e-02
   1.7333600e-02
   4.7207100e-03
  -4.6573600e-03
  -1.0456600e-02
  -1.3571300e-02
  -1.5339500e-02
  -1.6898400e-02
  -1.8309100e-02
  -1.8913200e-02
  -1.8633100e-02
  -1.8438800e-02
  -1.9915400e-02
  -2.4484800e-02
  -3.2351700e-02
  -4.2400400e-02
  -5.2425200e-02
  -5.9467400e-02
  -6.1111800e-02
  -5.6848200e-02
  -4.8190100e-02
  -3.7635400e-02
  -2.7281300e-02
  -1.8710300e-02
  -1.2684200e-02
  -8.3969500e-03
  -4.1822600e-03
   1.3297400e-03
   8.6652100e-03
   1.7244800e-02
   2.5853000e-02
   3.3863500e-02
   4.1410500e-02
   4.8525300e-02
   5.4729400e-02
   5.9266100e-02
   6.1725100e-02
   6.2428500e-02
   6.2151300e-02
   6.1399900e-02
   6.0087700e-02
   5.7659200e-02
   5.3601000e-02
   4.7723200e-02
   4.0227300e-02
   3.1731500e-02
   2.2845100e-02
   1.3979600e-02
   5.3927000e-03
  -3.3257200e-03
  -1.3061700e-02
  -2.4213400e-02
  -3.5730100e-02
  -4.5111300e-02
  -4.9767900e-02
  -4.8311100e-02
  -4.1381500e-02
  -3.1549200e-02
  -2.1832100e-02
  -1.4102900e-02
  -8.1960900e-03
  -1.9996200e-03
   6.9890900e-03
   2.0189700e-02
   3.7062700e-02
   5.5043000e-02
   7.0759600e-02
   8.1535500e-02
   8.6376600e-02
   8.6262900e-02
   8.3865500e-02
   8.2087100e-02
   8.2717500e-02
   8.6139900e-02
   9.1524600e-02
   9.7444300e-02
   1.0196600e-01
   1.0306300e-01
   9.9744400e-02
   9.2313900e-02
   8.1462800e-02
   6.8284700e-02
   5.4247000e-02
   4.1137600e-02
   3.0808700e-02
   2.4655700e-02
   2.3168000e-02
   2.5435000e-02
   2.8795700e-02
   2.9571100e-02
   2.4641500e-02
   1.3246800e-02
  -2.6074600e-03
  -1.9418300e-02
  -3.3972600e-02
  -4.4435400e-02
  -5.0085600e-02
  -5.0941500e-02
  -4.8106100e-02
  -4.4009500e-02
  -4.1912100e-02
  -4.4614900e-02
  -5.3260100e-02
  -6.7671600e-02
  -8.6664800e-02
  -1.0828500e-01
  -1.2989200e-01
  -1.4789700e-01
  -1.5808400e-01
  -1.5680600e-01
  -1.4266600e-01
  -1.1796900e-01
  -8.8227800e-02
  -6.0405100e-02
  -4.0814000e-02
  -3.3008800e-02
  -3.6825000e-02
  -4.8380500e-02
  -6.1375100e-02
  -7.0346500e-02
  -7.3325700e-02
  -7.1614400e-02
  -6.8647900e-02
  -6.7572000e-02
  -6.9234800e-02
  -7.1367200e-02
  -6.9581000e-02
  -5.9997000e-02
  -4.0845500e-02
  -1.3062900e-02
   1.9635800e-02
   5.1690800e-02
   7.7824600e-02
   9.4859900e-02
   1.0212300e-01
   1.0072300e-01
   9.2546100e-02
   8.0006300e-02
   6.6094400e-02
   5.3613600e-02
   4.4258600e-02
   3.8466600e-02
   3.5568900e-02
   3.3955200e-02
   3.2154400e-02
   2.9398300e-02
   2.6123700e-02
   2.4283000e-02
   2.6014800e-02
   3.1689200e-02
   3.9313900e-02
   4.5982500e-02
   4.9545400e-02
   4.8893700e-02
   4.4206900e-02
   3.7215600e-02
   3.0330500e-02
   2.5421700e-02
   2.3004500e-02
   2.2177900e-02
   2.1407600e-02
   1.8896500e-02
   1.2439300e-02
  -3.7836500e-04
  -2.1205600e-02
  -4.9791300e-02
  -8.3481000e-02
  -1.1824700e-01
  -1.4993000e-01
  -1.7496400e-01
  -1.9091300e-01
  -1.9717400e-01
  -1.9548600e-01
  -1.8961000e-01
  -1.8376600e-01
  -1.8072600e-01
  -1.8133000e-01
  -1.8497000e-01
  -1.9053700e-01
  -1.9707500e-01
  -2.0365900e-01
  -2.0789700e-01
  -2.0450600e-01
  -1.8788500e-01
  -1.5611200e-01
  -1.1270700e-01
  -6.5307000e-02
  -2.2254700e-02
   1.0420100e-02
   3.0124000e-02
   3.8184500e-02
   3.8741200e-02
   3.6808700e-02
   3.7026300e-02
   4.2902600e-02
   5.6312900e-02
   7.6974600e-02
   1.0266900e-01
   1.3028700e-01
   1.5661700e-01
   1.7897800e-01
   1.9577900e-01
   2.0638600e-01
   2.1135700e-01
   2.1191600e-01
   2.0913800e-01
   2.0336100e-01
   1.9421700e-01
   1.8119400e-01
   1.6458800e-01
   1.4616500e-01
   1.2908900e-01
   1.1661800e-01
   1.1089800e-01
   1.1209500e-01
   1.1811800e-01
   1.2575200e-01
   1.3223200e-01
   1.3498300e-01
   1.3199200e-01
   1.2294100e-01
   1.0874200e-01
   9.0914100e-02
   7.1248500e-02
   5.1639900e-02
   3.3471100e-02
   1.7437600e-02
   3.6473500e-03
  -8.5221000e-03
  -2.0308400e-02
  -3.2788900e-02
  -4.6651100e-02
  -6.1684300e-02
  -7.5999200e-02
  -8.6866000e-02
  -9.2419000e-02
  -9.2508300e-02
  -8.8518300e-02
  -8.2646500e-02
  -7.6689400e-02
  -7.1097200e-02
  -6.5091900e-02
  -5.7650100e-02
  -4.8171800e-02
  -3.6930300e-02
  -2.5558300e-02
  -1.6473000e-02
  -1.1790200e-02
  -1.2434900e-02
  -1.7067500e-02
  -2.2367500e-02
  -2.4666400e-02
  -2.0906500e-02
  -1.0002300e-02
   6.3441700e-03
   2.4569400e-02
   4.0730300e-02
   5.1374300e-02
   5.3763500e-02
   4.6049500e-02
   2.7724000e-02
   3.7131800e-04
  -3.2200900e-02
  -6.4831700e-02
  -9.2295600e-02
  -1.1062400e-01
  -1.1789500e-01
  -1.1452100e-01
  -1.0288500e-01
  -8.6716800e-02
  -7.0469300e-02
  -5.8630400e-02
  -5.4148200e-02
  -5.7050400e-02
  -6.4949000e-02
  -7.4504900e-02
  -8.2591800e-02
  -8.6941500e-02
  -8.6918400e-02
  -8.3503000e-02
  -7.8349500e-02
  -7.2811500e-02
  -6.7457400e-02
  -6.2277600e-02
  -5.7281400e-02
  -5.2768700e-02
  -4.9482900e-02
  -4.8142100e-02
  -4.9155000e-02
  -5.2468000e-02
  -5.7582700e-02
  -6.3964400e-02
  -7.1041900e-02
  -7.7943600e-02
  -8.3734700e-02
  -8.6793300e-02
  -8.3926000e-02
  -7.1335400e-02
  -4.7318200e-02
  -1.3919400e-02
   2.3369700e-02
   5.7361100e-02
   8.1763600e-02
   9.3228400e-02
   9.1864600e-02
   8.0441300e-02
   6.3548500e-02
   4.6302400e-02
   3.2825100e-02
   2.5061200e-02
   2.3059200e-02
   2.5667400e-02
   3.0938400e-02
   3.6452400e-02
   3.9814600e-02
   3.8882200e-02
   3.2411200e-02
   1.9892000e-02
   1.6041000e-03
  -2.0816900e-02
  -4.4675500e-02
  -6.7220800e-02
  -8.5787700e-02
  -9.8290600e-02
  -1.0376400e-01
  -1.0255500e-01
  -9.6224800e-02
  -8.7329500e-02
  -7.8865100e-02
  -7.2826800e-02
  -6.9197200e-02
  -6.6213800e-02
  -6.1288800e-02
  -5.2324600e-02
  -3.8574500e-02
  -2.0699700e-02
  -2.7736900e-04
   2.1033700e-02
   4.1832400e-02
   6.1198600e-02
   7.9115300e-02
   9.6249800e-02
   1.1317700e-01
   1.2948700e-01
   1.4405700e-01
   1.5565400e-01
   1.6322400e-01
   1.6607300e-01
   1.6396400e-01
   1.5721200e-01
   1.4749900e-01
   1.3736000e-01
   1.2905100e-01
   1.2361500e-01
   1.2067600e-01
   1.1872400e-01
   1.1569700e-01
   1.0905800e-01
   9.6926900e-02
   7.8766300e-02
   5.5250500e-02
   2.8275000e-02
   3.1178800e-04
  -2.6421000e-02
  -5.0269100e-02
  -6.9949500e-02
  -8.4237500e-02
  -9.1939600e-02
  -9.2261000e-02
  -8.5687400e-02
  -7.4073900e-02
  -5.9997700e-02
  -4.6231200e-02
  -3.5095800e-02
  -2.7172100e-02
  -2.0896500e-02
  -1.3510000e-02
  -2.3143800e-03
   1.4279300e-02
   3.5937800e-02
   6.0304400e-02
   8.3848400e-02
   1.0289000e-01
   1.1406500e-01
   1.1529300e-01
   1.0707900e-01
   9.1603200e-02
   7.1868900e-02
   5.1144900e-02
   3.2163600e-02
   1.6695900e-02
   5.6644300e-03
  -6.7782800e-04
  -2.6549000e-03
  -9.6189900e-04
   3.3056100e-03
   8.2472700e-03
   1.1536600e-02
   1.1033500e-02
   5.4044900e-03
  -5.2038200e-03
  -1.9460600e-02
  -3.5130200e-02
  -4.9517300e-02
  -6.0256500e-02
  -6.5876700e-02
  -6.6239700e-02
  -6.2134100e-02
  -5.4515400e-02
  -4.4416200e-02
  -3.2970300e-02
  -2.1439400e-02
  -1.1399300e-02
  -4.2286500e-03
  -4.8955500e-04
   2.0293100e-04
  -7.6049700e-04
  -1.5746900e-03
  -3.0599200e-04
   4.7135900e-03
   1.3764200e-02
   2.5290800e-02
   3.6368300e-02
   4.3491100e-02
   4.3443600e-02
   3.4529800e-02
   1.7721000e-02
  -3.5591300e-03
  -2.4700900e-02
  -4.1804900e-02
  -5.3103100e-02
  -5.8452600e-02
  -5.8395100e-02
  -5.4130900e-02
  -4.7379400e-02
  -3.9843400e-02
  -3.3112100e-02
  -2.8474600e-02
  -2.6925200e-02
  -2.8887700e-02
  -3.3691100e-02
  -3.9387700e-02
  -4.3588700e-02
  -4.3912200e-02
  -3.7910400e-02
  -2.3972800e-02
  -2.2323500e-03
   2.4984800e-02
   5.3751400e-02
   7.9325900e-02
   9.7367800e-02
   1.0531800e-01
   1.0332900e-01
   9.4142300e-02
   8.1897100e-02
   7.0658300e-02
   6.3607900e-02
   6.2464000e-02
   6.6936000e-02
   7.4719900e-02
   8.2350600e-02
   8.6442700e-02
   8.4646200e-02
   7.6098200e-02
   6.1343400e-02
   4.1910800e-02
   1.9726300e-02
  -2.7656600e-03
  -2.2851700e-02
  -3.8052100e-02
  -4.6474800e-02
  -4.7149600e-02
  -4.1173600e-02
  -3.1890500e-02
  -2.3657400e-02
  -2.0207500e-02
  -2.3214000e-02
  -3.1574300e-02
  -4.2053600e-02
  -5.0430200e-02
  -5.2933600e-02
  -4.8318400e-02
  -3.8181600e-02
  -2.5138500e-02
  -1.1926000e-02
  -5.2385500e-04
   8.4974100e-03
   1.6192200e-02
   2.4145200e-02
   3.3025800e-02
   4.2205000e-02
   4.9961800e-02
   5.4421400e-02
   5.4864200e-02
   5.2120700e-02
   4.8014300e-02
   4.4736400e-02
   4.4334600e-02
   4.7875400e-02
   5.5044800e-02
   6.4395300e-02
   7.3818000e-02
   8.0889300e-02
   8.3134500e-02
   7.8765300e-02
   6.7342800e-02
   4.9753500e-02
   2.8040400e-02
   4.8571000e-03
  -1.7078600e-02
  -3.5030400e-02
  -4.7205800e-02
  -5.3484200e-02
  -5.5102600e-02
  -5.4175600e-02
  -5.3289000e-02
  -5.4668200e-02
  -5.9513500e-02
  -6.7638600e-02
  -7.7145700e-02
  -8.5146100e-02
  -8.9413000e-02
  -8.9243100e-02
  -8.5294300e-02
  -7.8900500e-02
  -7.1637900e-02
  -6.5048200e-02
  -5.9695100e-02
  -5.5422200e-02
  -5.2006900e-02
  -4.9472700e-02
  -4.8118600e-02
  -4.8075400e-02
  -4.9413500e-02
  -5.1875600e-02
  -5.4427800e-02
  -5.5258300e-02
  -5.2591000e-02
  -4.5643900e-02
  -3.5321700e-02
  -2.3778000e-02
  -1.3696100e-02
  -7.8746000e-03
  -8.0658700e-03
  -1.4045600e-02
  -2.3958200e-02
  -3.5144600e-02
  -4.4979400e-02
  -5.1651000e-02
  -5.4418000e-02
  -5.3334300e-02
  -4.9197500e-02
  -4.2702100e-02
  -3.3902000e-02
  -2.2963600e-02
  -1.0738500e-02
   1.2798600e-03
   1.1458200e-02
   1.8438000e-02
   2.1589900e-02
   2.1367500e-02
   1.9317400e-02
   1.7650700e-02
   1.8077800e-02
   2.1190300e-02
   2.6432800e-02
   3.2161800e-02
   3.6645700e-02
   3.8616600e-02
   3.7620100e-02
   3.4231400e-02
   2.9954000e-02
   2.6381400e-02
   2.4787900e-02
   2.5977400e-02
   2.9865500e-02
   3.5364600e-02
   4.1023900e-02
   4.5490600e-02
   4.8180400e-02
   4.9363100e-02
   4.9527100e-02
   4.9014600e-02
   4.7989900e-02
   4.6394200e-02
   4.4470600e-02
   4.3204800e-02
   4.4090500e-02
   4.8187300e-02
   5.5586000e-02
   6.5382500e-02
   7.6016700e-02
   8.5383200e-02
   9.1369200e-02
   9.2554300e-02
   8.8743000e-02
   8.1060400e-02
   7.1401400e-02
   6.1778000e-02
   5.3926900e-02
   4.9088000e-02
   4.7830600e-02
   5.0141100e-02
   5.5369100e-02
   6.2560200e-02
   7.0318700e-02
   7.7075800e-02
   8.1445800e-02
   8.2268000e-02
   7.8962100e-02
   7.1188900e-02
   5.8432200e-02
   4.0442400e-02
   1.8298700e-02
  -5.1263600e-03
  -2.6143400e-02
  -4.1128200e-02
  -4.7455400e-02
  -4.5203900e-02
  -3.7274400e-02
  -2.7796600e-02
  -2.0277200e-02
  -1.7196000e-02
  -1.9828500e-02
  -2.7469300e-02
  -3.7944900e-02
  -4.8247500e-02
  -5.5403000e-02
  -5.7902900e-02
  -5.5708500e-02
  -5.0084500e-02
  -4.3202100e-02
  -3.7370600e-02
  -3.4371600e-02
  -3.4920800e-02
  -3.8687700e-02
  -4.4678800e-02
  -5.1395600e-02
  -5.7444600e-02
  -6.2043700e-02
  -6.4966100e-02
  -6.6388500e-02
  -6.6819300e-02
  -6.6749500e-02
  -6.6634400e-02
  -6.6580200e-02
  -6.6472000e-02
  -6.6063800e-02
  -6.4599800e-02
  -6.1424700e-02
  -5.6384700e-02
  -4.9583100e-02
  -4.1713400e-02
  -3.4068500e-02
  -2.8154200e-02
  -2.4958100e-02
  -2.4533200e-02
  -2.6086500e-02
  -2.8561300e-02
  -3.1418000e-02
  -3.4267500e-02
  -3.6651700e-02
  -3.8254300e-02
  -3.8621600e-02
  -3.6890700e-02
  -3.2333400e-02
  -2.5404200e-02
  -1.7474500e-02
  -1.0353000e-02
  -5.6795500e-03
  -4.3054500e-03
  -6.0652100e-03
  -9.7166100e-03
  -1.3269800e-02
  -1.4915100e-02
  -1.3816300e-02
  -1.0389100e-02
  -6.0351500e-03
  -2.7528400e-03
  -2.5999500e-03
  -6.5020400e-03
  -1.3554600e-02
  -2.2033300e-02
  -2.9543200e-02
  -3.3443200e-02
  -3.2006800e-02
  -2.5061900e-02
  -1.4233400e-02
  -1.9585200e-03
   9.7258900e-03
   1.9463500e-02
   2.6811600e-02
   3.2083800e-02
   3.6078000e-02
   3.9783300e-02
   4.3909000e-02
   4.8809700e-02
   5.4364300e-02
   6.0103900e-02
   6.5586000e-02
   7.0265200e-02
   7.3064800e-02
   7.3213700e-02
   7.0600600e-02
   6.5330100e-02
   5.8038100e-02
   4.9852200e-02
   4.1848700e-02
   3.4978000e-02
   2.9729900e-02
   2.6352500e-02
   2.4779000e-02
   2.4960200e-02
   2.6448000e-02
   2.8184600e-02
   2.8937100e-02
   2.7816000e-02
   2.4635300e-02
   1.9872900e-02
   1.4257500e-02
   8.6089500e-03
   4.1100100e-03
   1.8488700e-03
   2.5503200e-03
   6.4841500e-03
   1.3017200e-02
   2.1073500e-02
   2.9704600e-02
   3.7899200e-02
   4.4272400e-02
   4.7195000e-02
   4.5330600e-02
   3.8295900e-02
   2.7041800e-02
   1.3746000e-02
   8.9578700e-04
  -9.5029700e-03
  -1.6039300e-02
  -1.8205500e-02
  -1.7049400e-02
  -1.4424200e-02
  -1.2078500e-02
  -1.1275600e-02
  -1.2615700e-02
  -1.5678700e-02
  -1.9207300e-02
  -2.2142300e-02
  -2.4337700e-02
  -2.6174200e-02
  -2.8063600e-02
  -3.0689100e-02
  -3.4625200e-02
  -3.9762200e-02
  -4.5492900e-02
  -5.0695100e-02
  -5.4056600e-02
  -5.4976500e-02
  -5.3880400e-02
  -5.2212400e-02
  -5.1772700e-02
  -5.3913100e-02
  -5.8873800e-02
  -6.5872200e-02
  -7.3166900e-02
  -7.8455200e-02
  -7.9872100e-02
  -7.6545700e-02
  -6.8916100e-02
  -5.8495500e-02
  -4.7273300e-02
  -3.7229600e-02
  -3.0213600e-02
  -2.7365300e-02
  -2.8359600e-02
  -3.1722600e-02
  -3.5356600e-02
  -3.7258300e-02
  -3.6335500e-02
  -3.2682100e-02
  -2.7169600e-02
  -2.0863600e-02
  -1.4602200e-02
  -8.6589800e-03
  -2.6385900e-03
   4.1220100e-03
   1.1588500e-02
   1.8565800e-02
   2.3352200e-02
   2.4776900e-02
   2.2676600e-02
   1.7969000e-02
   1.2380600e-02
   8.1635900e-03
   7.1716100e-03
   9.8666600e-03
   1.5576300e-02
   2.3281700e-02
   3.1661300e-02
   3.9306500e-02
   4.4831400e-02
   4.6897100e-02
   4.4655300e-02
   3.7495400e-02
   2.5626300e-02
   1.1061100e-02
  -2.7504200e-03
  -1.2241500e-02
  -1.5098000e-02
  -1.0993000e-02
  -1.7832600e-03
   8.9029600e-03
   1.6652300e-02
   1.8141000e-02
   1.2457700e-02
   1.0377400e-03
  -1.3085200e-02
  -2.6401400e-02
  -3.5788300e-02
  -3.9413800e-02
  -3.7491000e-02
  -3.1821300e-02
  -2.4487400e-02
  -1.7154300e-02
  -1.0762300e-02
  -5.7104500e-03
  -1.9383400e-03
   1.0018700e-03
   3.8108600e-03
   6.9999400e-03
   1.0867300e-02
   1.5209000e-02
   1.9195000e-02
   2.1942500e-02
   2.3074200e-02
   2.2873600e-02
   2.2273700e-02
   2.2666300e-02
   2.4948400e-02
   2.9113700e-02
   3.4214300e-02
   3.8401000e-02
   3.9604800e-02
   3.6196800e-02
   2.7779800e-02
   1.5756100e-02
   3.2367800e-03
  -6.1736500e-03
  -9.8790900e-03
  -6.8673100e-03
   1.5584900e-03
   1.2105800e-02
   2.1255900e-02
   2.6416600e-02
   2.6270300e-02
   2.1027300e-02
   1.2152000e-02
   1.6696300e-03
  -8.3897100e-03
  -1.6513000e-02
  -2.2324500e-02
  -2.6097300e-02
  -2.8321200e-02
  -2.9511700e-02
  -2.9765300e-02
  -2.8938200e-02
  -2.7194800e-02
  -2.4963500e-02
  -2.2681900e-02
  -2.0266500e-02
  -1.7383100e-02
  -1.4062500e-02
  -1.0631600e-02
  -7.6936500e-03
  -5.8564400e-03
  -5.9262200e-03
  -8.2805000e-03
  -1.2082900e-02
  -1.5704900e-02
  -1.7502400e-02
  -1.6811100e-02
  -1.4330400e-02
  -1.1571700e-02
  -1.0082800e-02
  -1.0825900e-02
  -1.3816800e-02
  -1.7975600e-02
  -2.1634600e-02
  -2.3459600e-02
  -2.3050800e-02
  -2.0815600e-02
  -1.7632100e-02
  -1.3948000e-02
  -9.5178400e-03
  -3.8881200e-03
   3.3640000e-03
   1.1820500e-02
   2.0318300e-02
   2.7362200e-02
   3.1687300e-02
   3.2838900e-02
   3.1293300e-02
   2.8340000e-02
   2.5967100e-02
   2.6156900e-02
   2.9871000e-02
   3.6720300e-02
   4.5173700e-02
   5.3381000e-02
   5.9921500e-02
   6.4220600e-02
   6.6017800e-02
   6.5372900e-02
   6.2496500e-02
   5.7548300e-02
   5.1035300e-02
   4.3601300e-02
   3.5731500e-02
   2.7701400e-02
   1.9758800e-02
   1.2308900e-02
   5.9846800e-03
   1.5475500e-03
  -7.2009600e-04
  -1.5679500e-03
  -2.0963200e-03
  -3.2383200e-03
  -5.6520300e-03
  -9.6795300e-03
  -1.4943800e-02
  -2.0455200e-02
  -2.5161500e-02
  -2.8150900e-02
  -2.9101800e-02
  -2.8697900e-02
  -2.7819400e-02
  -2.6831800e-02
  -2.5751500e-02
  -2.3850100e-02
  -2.0405900e-02
  -1.5501000e-02
  -9.5813000e-03
  -3.2749300e-03
   2.7054800e-03
   7.7434000e-03
   1.1891100e-02
   1.5585800e-02
   1.9067000e-02
   2.2627300e-02
   2.6389700e-02
   3.0011800e-02
   3.3236400e-02
   3.6166500e-02
   3.8431900e-02
   3.9497700e-02
   3.9325000e-02
   3.8026200e-02
   3.5473700e-02
   3.1722400e-02
   2.7039900e-02
   2.1317300e-02
   1.4617000e-02
   7.7193000e-03
   1.5439100e-03
  -3.0911100e-03
  -5.5924400e-03
  -5.9655800e-03
  -5.0924500e-03
  -4.3996800e-03
  -5.0141500e-03
  -7.5939700e-03
  -1.2423200e-02
  -1.8896800e-02
  -2.5425500e-02
  -3.0494100e-02
  -3.3334900e-02
  -3.3868200e-02
  -3.2469400e-02
  -2.9546200e-02
  -2.5453900e-02
  -2.0734300e-02
  -1.5989600e-02
  -1.2109600e-02
  -1.0240600e-02
  -1.1216900e-02
  -1.5275800e-02
  -2.1745900e-02
  -2.9221700e-02
  -3.6180900e-02
  -4.1183000e-02
  -4.2981900e-02
  -4.0921300e-02
  -3.5409200e-02
  -2.8124200e-02
  -2.1073200e-02
  -1.5689200e-02
  -1.2918900e-02
  -1.2828400e-02
  -1.4525300e-02
  -1.6782400e-02
  -1.8783400e-02
  -2.0103900e-02
  -2.0351900e-02
  -1.9206800e-02
  -1.6485600e-02
  -1.1987600e-02
  -5.8575700e-03
   1.3728200e-03
   8.8513000e-03
   1.5124000e-02
   1.8743000e-02
   1.9359800e-02
   1.7817900e-02
   1.5476000e-02
   1.3668600e-02
   1.3319800e-02
   1.4498900e-02
   1.6278300e-02
   1.7474900e-02
   1.7455400e-02
   1.6417500e-02
   1.5341100e-02
   1.5404200e-02
   1.7214500e-02
   2.0495700e-02
   2.4304400e-02
   2.7504900e-02
   2.8803200e-02
   2.7160500e-02
   2.2768600e-02
   1.6945600e-02
   1.1725900e-02
   8.8809800e-03
   9.3486800e-03
   1.3047600e-02
   1.8636300e-02
   2.3659200e-02
   2.5830200e-02
   2.4065600e-02
   1.8494600e-02
   1.0416400e-02
   1.8831400e-03
  -4.9631600e-03
  -8.9614800e-03
  -1.0098200e-02
  -8.9233800e-03
  -6.2504400e-03
  -3.0423100e-03
  -1.3573800e-04
   1.7735500e-03
   2.4341600e-03
   1.6571600e-03
  -8.3048100e-04
  -5.0466400e-03
  -1.0739500e-02
  -1.7394500e-02
  -2.4350600e-02
  -3.0663800e-02
  -3.5158700e-02
  -3.6816800e-02
  -3.5113700e-02
  -3.0495600e-02
  -2.4062100e-02
  -1.6850800e-02
  -1.0324400e-02
  -6.1191300e-03
  -5.1896600e-03
  -7.4377200e-03
  -1.1925200e-02
  -1.7319400e-02
  -2.2348700e-02
  -2.5732700e-02
  -2.6536500e-02
  -2.4746300e-02
  -2.1234100e-02
  -1.7269100e-02
  -1.3773400e-02
  -1.1366700e-02
  -1.0465300e-02
  -1.1121700e-02
  -1.2625800e-02
  -1.3823500e-02
  -1.3885100e-02
  -1.2492600e-02
  -9.7222800e-03
  -6.0629700e-03
  -2.3477500e-03
   2.9260200e-04
   8.8394100e-04
  -8.7034500e-04
  -4.0753000e-03
  -7.3647700e-03
  -9.8946700e-03
  -1.1635400e-02
  -1.2746600e-02
  -1.3318800e-02
  -1.3431400e-02
  -1.2814800e-02
  -1.0703100e-02
  -6.2817800e-03
   2.6869400e-04
   7.5609300e-03
   1.3804400e-02
   1.7469800e-02
   1.7775500e-02
   1.5305600e-02
   1.1844600e-02
   9.6183100e-03
   1.0290900e-02
   1.4249800e-02
   2.0638500e-02
   2.7808700e-02
   3.3962400e-02
   3.7966100e-02
   3.9293600e-02
   3.8066600e-02
   3.5044800e-02
   3.1015200e-02
   2.6249700e-02
   2.1070900e-02
   1.6223200e-02
   1.2831000e-02
   1.1956200e-02
   1.3933400e-02
   1.8139200e-02
   2.2962200e-02
   2.6393300e-02
   2.6735800e-02
   2.3071200e-02
   1.5817100e-02
   6.8179400e-03
  -1.7900100e-03
  -8.2355400e-03
  -1.1462400e-02
  -1.1412100e-02
  -8.5670100e-03
  -3.8170700e-03
   1.5866900e-03
   6.3484700e-03
   9.3351900e-03
   9.8520400e-03
   7.7112400e-03
   3.2948300e-03
  -2.5478600e-03
  -8.6082000e-03
  -1.3232100e-02
  -1.4404600e-02
  -1.1193800e-02
  -4.2937800e-03
   4.5794300e-03
   1.3026400e-02
   1.8524400e-02
   1.9302700e-02
   1.5030300e-02
   7.2755000e-03
  -1.0638700e-03
  -7.3247200e-03
  -1.0269500e-02
  -1.0410800e-02
  -9.4412100e-03
  -9.0207100e-03
  -1.0131100e-02
  -1.2775500e-02
  -1.6169000e-02
  -1.9463900e-02
  -2.2135700e-02
  -2.4279200e-02
  -2.6791100e-02
  -3.0477300e-02
  -3.5409700e-02
  -4.0830600e-02
  -4.5049600e-02
  -4.6853200e-02
  -4.5835100e-02
  -4.2089600e-02
  -3.6319500e-02
  -2.9829900e-02
  -2.4018100e-02
  -1.9776400e-02
  -1.7314900e-02
  -1.6007000e-02
  -1.5093700e-02
  -1.4166000e-02
  -1.3241900e-02
  -1.2436400e-02
  -1.1870000e-02
  -1.1650700e-02
  -1.1530000e-02
  -1.0816300e-02
  -8.9240500e-03
  -5.9490500e-03
  -2.7319100e-03
  -2.2076100e-04
   1.0834200e-03
   6.2668500e-04
  -1.7073800e-03
  -5.0000200e-03
  -8.0164700e-03
  -9.9135600e-03
  -1.0348300e-02
  -9.6926200e-03
  -8.7486500e-03
  -8.1266700e-03
  -8.1416400e-03
  -8.7962100e-03
  -9.5888200e-03
  -9.7341400e-03
  -8.6578000e-03
  -6.1388000e-03
  -2.1956200e-03
   2.9315600e-03
   8.8529600e-03
   1.4706700e-02
   1.9355500e-02
   2.2068800e-02
   2.2851400e-02
   2.1828400e-02
   1.9309300e-02
   1.5989900e-02
   1.2926200e-02
   1.1038600e-02
   1.0801700e-02
   1.2475300e-02
   1.6178500e-02
   2.1321300e-02
   2.6558700e-02
   3.0432200e-02
   3.1996300e-02
   3.0937700e-02
   2.7657300e-02
   2.3351300e-02
   1.9549600e-02
   1.7437300e-02
   1.7358200e-02
   1.8818600e-02
   2.0847100e-02
   2.2388900e-02
   2.2802200e-02
   2.2056400e-02
   2.0747400e-02
   1.9819800e-02
   1.9923900e-02
   2.1125600e-02
   2.2926200e-02
   2.4645900e-02
   2.5843000e-02
   2.6301000e-02
   2.5883700e-02
   2.4496400e-02
   2.2245000e-02
   1.9231000e-02
   1.5597700e-02
   1.1916900e-02
   8.9468000e-03
   7.4318800e-03
   7.5298300e-03
   8.6215900e-03
   9.7353300e-03
   9.7978900e-03
   7.9703200e-03
   3.9001700e-03
  -2.0574200e-03
  -8.8613000e-03
  -1.5186000e-02
  -1.9895600e-02
  -2.2311000e-02
  -2.2114100e-02
  -1.9576400e-02
  -1.5674000e-02
  -1.1185900e-02
  -6.6814300e-03
  -2.7960500e-03
  -2.0271200e-04
   7.6189900e-04
   3.1719600e-04
  -1.1391800e-03
  -2.7935800e-03
  -3.9315100e-03
  -3.8971200e-03
  -2.2017900e-03
   9.6090400e-04
   4.9053300e-03
   8.8404800e-03
   1.2099800e-02
   1.4075600e-02
   1.4403600e-02
   1.3115800e-02
   1.0297400e-02
   6.0701300e-03
   9.1504300e-04
  -4.5583200e-03
  -9.7153000e-03
  -1.3894200e-02
  -1.6520600e-02
  -1.7389500e-02
  -1.6931500e-02
  -1.5785900e-02
  -1.4733200e-02
  -1.4740800e-02
  -1.6332600e-02
  -1.9210300e-02
  -2.2632200e-02
  -2.5915000e-02
  -2.8369400e-02
  -2.9476400e-02
  -2.9017500e-02
  -2.6992300e-02
  -2.3924700e-02
  -2.0301000e-02
  -1.6107400e-02
  -1.1451700e-02
  -6.7311000e-03
  -2.0765300e-03
   2.2249200e-03
   5.3444300e-03
   6.4030600e-03
   4.9791300e-03
   1.4630800e-03
  -3.4324800e-03
  -8.6850500e-03
  -1.3074500e-02
  -1.5665900e-02
  -1.5941600e-02
  -1.3525300e-02
  -8.5417900e-03
  -1.8512800e-03
   5.2624100e-03
   1.1488400e-02
   1.5702000e-02
   1.7184400e-02
   1.5762200e-02
   1.1796300e-02
   6.3542200e-03
   8.9374800e-04
  -3.3387800e-03
  -5.3220200e-03
  -4.4172200e-03
  -7.2133600e-04
   5.0232200e-03
   1.1560600e-02
   1.7388200e-02
   2.1204300e-02
   2.2238800e-02
   2.0396400e-02
   1.6341900e-02
   1.1530900e-02
   7.3397800e-03
   4.6637000e-03
   4.0318900e-03
   5.0188900e-03
   6.7569900e-03
   8.6006100e-03
   1.0172900e-02
   1.1293200e-02
   1.1837100e-02
   1.1911600e-02
   1.1713300e-02
   1.1340500e-02
   1.1167700e-02
   1.1766900e-02
   1.3316700e-02
   1.5979100e-02
   1.9692900e-02
   2.3781100e-02
   2.7478300e-02
   3.0184800e-02
   3.1550700e-02
   3.1689300e-02
   3.1168400e-02
   3.0676600e-02
   3.0648700e-02
   3.1335200e-02
   3.2743100e-02
   3.4375500e-02
   3.5628700e-02
   3.6174300e-02
   3.5734700e-02
   3.4320200e-02
   3.2016300e-02
   2.8875200e-02
   2.5295500e-02
   2.1921600e-02
   1.9247000e-02
   1.7356100e-02
   1.5990600e-02
   1.4966700e-02
   1.4053900e-02
   1.2649600e-02
   1.0297600e-02
   7.0141200e-03
   3.1284800e-03
  -1.0056800e-03
  -4.9994400e-03
  -8.1238300e-03
  -9.7690400e-03
  -9.9498800e-03
  -9.1232500e-03
  -7.7116000e-03
  -5.9339000e-03
  -4.0832600e-03
  -3.0589200e-03
  -3.5670800e-03
  -5.4833000e-03
  -8.3864900e-03
  -1.1764600e-02
  -1.4768600e-02
  -1.6494200e-02
  -1.6155200e-02
  -1.3332300e-02
  -8.6307200e-03
  -3.5246500e-03
   3.9218400e-04
   1.8846900e-03
   4.1855000e-04
  -3.7935800e-03
  -9.9456900e-03
  -1.6806200e-02
  -2.2999000e-02
  -2.7016800e-02
  -2.7867900e-02
  -2.5670000e-02
  -2.1382200e-02
  -1.6182300e-02
  -1.1264000e-02
  -7.9325700e-03
  -6.9332100e-03
  -7.9358600e-03
  -9.8699700e-03
  -1.1801700e-02
  -1.3093900e-02
  -1.3057500e-02
  -1.1365600e-02
  -8.3241400e-03
  -4.3178000e-03
   1.9287800e-05
   3.9567700e-03
   7.1811200e-03
   9.4474800e-03
   1.0415300e-02
   9.9463400e-03
   8.1191500e-03
   5.4479100e-03
   2.8933300e-03
   1.0164900e-03
  -2.4793300e-04
  -1.1670900e-03
  -2.1144200e-03
  -3.6159700e-03
  -5.9980600e-03
  -9.1204000e-03
  -1.2433400e-02
  -1.5247800e-02
  -1.7053400e-02
  -1.7771500e-02
  -1.7684200e-02
  -1.7491100e-02
  -1.7873900e-02
  -1.8938800e-02
  -2.0225500e-02
  -2.1286400e-02
  -2.1911900e-02
  -2.2257000e-02
  -2.2652200e-02
  -2.3057100e-02
  -2.3333500e-02
  -2.3739000e-02
  -2.4485200e-02
  -2.5365500e-02
  -2.6199100e-02
  -2.7000500e-02
  -2.7427300e-02
  -2.6986800e-02
  -2.5598200e-02
  -2.3466200e-02
  -2.0952900e-02
  -1.8308700e-02
  -1.5742300e-02
  -1.3558900e-02
  -1.1786200e-02
  -1.0264100e-02
  -8.8750100e-03
  -7.5411600e-03
  -6.3253900e-03
  -5.4032400e-03
  -4.7973500e-03
  -4.3232800e-03
  -3.6039900e-03
  -2.3672300e-03
  -8.6503500e-04
   1.7524900e-04
   2.2225700e-05
  -1.6114200e-03
  -4.6101700e-03
  -8.4997300e-03
  -1.2596800e-02
  -1.5981800e-02
  -1.7952600e-02
  -1.8417700e-02
  -1.7790300e-02
  -1.6271800e-02
  -1.4080400e-02
  -1.1781200e-02
  -9.8636200e-03
  -8.6889400e-03
  -8.4571900e-03
  -9.1184500e-03
  -1.0656100e-02
  -1.3068000e-02
  -1.6106500e-02
  -1.9175400e-02
  -2.1584900e-02
  -2.2829600e-02
  -2.2871800e-02
  -2.1882300e-02
  -2.0086200e-02
  -1.8027500e-02
  -1.6267600e-02
  -1.5194600e-02
  -1.4986100e-02
  -1.5692700e-02
  -1.6907600e-02
  -1.7940400e-02
  -1.8085300e-02
  -1.7002500e-02
  -1.4849100e-02
  -1.2103700e-02
  -9.4100300e-03
  -7.4811200e-03
  -6.9872800e-03
  -8.0055700e-03
  -1.0014200e-02
  -1.2397700e-02
  -1.4313800e-02
  -1.4895200e-02
  -1.3786300e-02
  -1.1350900e-02
  -8.6027400e-03
  -6.8322200e-03
  -6.7837500e-03
  -8.5089200e-03
  -1.1546900e-02
  -1.5099100e-02
  -1.8350500e-02
  -2.0361200e-02
  -2.0412700e-02
  -1.8407400e-02
  -1.4687000e-02
  -9.7538100e-03
  -4.3046100e-03
   7.0385400e-04
   4.4064800e-03
   6.4187300e-03
   6.9638500e-03
   6.6675300e-03
   6.4272500e-03
   7.1318000e-03
   9.3473600e-03
   1.2939900e-02
   1.7230600e-02
   2.1540500e-02
   2.5546300e-02
   2.9123900e-02
   3.2287400e-02
   3.5392700e-02
   3.8891400e-02
   4.2784500e-02
   4.6496600e-02
   4.9431300e-02
   5.1279500e-02
