   7.5644600e-02
   3.9323000e-02
   8.0954400e-02
   5.0392800e-02
  -3.9559300e-02
  -3.2616400e-03
   2.7573100e-02
   1.6734800e-02
   5.8101100e-02
   1.2572900e-02
  -4.3638600e-02
   1.0912400e-02
   3.4206800e-02
   4.5863100e-02
   6.7831800e-02
   5.7730200e-02
   4.1045500e-02
   7.2030700e-02
   7.0780500e-02
   2.7931500e-02
   6.6083700e-02
   5.1201500e-02
  -6.4656700e-03
  -1.2785700e-02
  -3.3735500e-02
   2.9199900e-02
   2.8792200e-02
  -1.4245000e-02
   3.3318100e-02
   9.4668300e-03
  -5.1606900e-02
  -3.0610300e-02
   1.1552900e-02
  -6.5855600e-02
  -1.2619000e-01
  -7.8115900e-02
  -1.1471500e-02
   5.1097600e-02
   5.5182300e-02
  -2.2208600e-02
  -1.1962100e-01
  -1.3638300e-01
  -9.8072500e-02
  -9.1289500e-02
  -3.4464100e-02
  -4.1436100e-02
  -6.1487400e-02
  -5.7181800e-02
   9.5439000e-03
   2.3764600e-01
   3.4286300e-01
   1.7988900e-01
  -1.0359200e-01
  -2.2154700e-01
  -1.5625500e-01
   2.8376600e-02
   1.1950500e-01
   2.5625600e-01
   2.0252700e-01
   9.3705200e-02
   1.3686700e-01
  -1.4861000e-01
  -2.7296100e-01
  -3.1723700e-01
  -3.0987300e-01
  -3.7400600e-02
   1.6680000e-01
   2.7780600e-01
   2.3756700e-01
   3.4252100e-02
  -1.0115000e-01
  -3.1025400e-01
  -2.9627700e-01
   1.0440700e-01
   1.7598400e-01
  -1.8226900e-01
  -3.1144300e-01
  -7.7025500e-04
   1.7248200e-01
   2.6368100e-01
   2.1780700e-01
  -1.1972000e-01
  -1.8617000e-01
   1.3518500e-01
   1.9027500e-01
   2.7566100e-02
  -1.2006800e-01
  -2.5599000e-01
  -2.4505000e-01
  -1.4509700e-01
  -6.2700500e-03
   2.9691700e-02
   6.4426500e-02
   2.4123300e-01
  -3.1285900e-02
  -3.2878700e-01
  -2.0986700e-01
  -7.8597700e-02
   4.9098100e-02
   2.0244000e-01
   1.1382600e-01
   1.5852300e-02
   1.2615100e-01
   8.1937000e-03
  -1.2511900e-02
  -6.6946200e-02
  -1.6741700e-01
  -1.0311100e-01
  -6.8663100e-02
  -6.8502000e-02
  -1.5788200e-01
  -1.8358100e-01
  -1.4697500e-01
  -1.2205700e-01
   1.1519300e-01
   2.4441800e-01
  -1.0676500e-01
  -2.0597700e-01
   1.4265900e-01
   2.1243200e-01
  -6.6546700e-02
  -2.2218200e-01
  -7.2915200e-02
  -1.0937600e-02
  -8.0039500e-02
  -7.2554600e-02
   9.3788800e-03
   7.1921100e-02
   8.9234500e-02
   9.0322500e-02
   1.3141500e-01
   4.5736800e-02
  -2.9093400e-01
  -1.7768800e-01
   2.9948100e-01
   3.7625900e-01
   2.7463700e-01
   1.3904600e-01
  -5.1387100e-02
  -6.3088800e-02
   1.0395300e-01
   1.4686900e-01
  -4.5396100e-03
  -6.1210600e-02
  -6.1066400e-04
   1.4886000e-04
  -8.5969600e-02
  -1.0913800e-01
  -6.7984300e-02
   5.7665500e-02
   1.4273500e-01
   7.0511600e-02
   3.8193000e-02
  -1.5008400e-01
  -1.9323400e-01
   7.6207800e-03
   1.0838000e-01
   9.0941100e-02
  -5.9530200e-02
  -1.5408300e-01
  -1.3806500e-01
  -1.6834200e-02
   6.9769800e-02
   3.8757000e-03
  -1.0751200e-01
  -1.3933000e-01
  -2.5984200e-02
   6.0407300e-02
   8.1585900e-02
  -3.3336500e-02
  -1.1470500e-01
  -9.5082300e-02
  -1.1715300e-01
  -9.9015900e-02
  -9.8389600e-02
  -6.3625800e-02
  -1.9693400e-01
  -3.0666500e-01
  -9.8705200e-02
   5.0518200e-03
  -1.1401900e-01
  -5.0653600e-02
   1.7122500e-01
   1.8334500e-01
   1.9498300e-01
   1.8159000e-01
   3.4078400e-02
  -6.8090700e-02
  -1.1278600e-01
  -8.7724900e-02
   3.9603000e-02
   5.9969200e-02
   1.5266200e-02
   4.6965800e-02
   6.2965100e-02
   1.7881500e-01
   1.2531600e-01
  -1.7654400e-01
  -1.8914000e-01
   5.1696700e-02
   1.3720500e-01
  -2.8423500e-02
  -7.8134400e-02
   4.1999300e-02
  -4.4458600e-02
  -1.5171200e-01
  -2.5434500e-01
  -1.9927700e-01
   1.1581100e-01
   2.0859600e-01
   3.0151900e-01
   3.4471600e-01
   1.0318700e-01
  -7.8652500e-02
  -5.8719300e-02
   1.0998300e-01
   3.0527400e-01
   3.7580100e-01
   2.8837100e-01
   1.7914700e-01
   8.7556500e-02
  -1.1835600e-02
   1.3096600e-01
   3.0753400e-01
  -5.5997500e-02
  -2.8672000e-01
  -1.6161200e-01
  -2.2002700e-01
  -2.9001100e-01
  -2.7679100e-01
  -3.1273400e-01
  -2.0586800e-01
   3.3346800e-02
   2.5396900e-01
   2.8141200e-01
   2.7144100e-01
   4.1101700e-01
   3.8968500e-01
   2.7969500e-01
   1.4384700e-01
  -5.7604600e-02
  -3.3364400e-02
   1.1832400e-01
  -1.2555300e-01
  -2.7331500e-01
  -7.9681900e-02
   4.6516700e-02
   1.7125900e-01
   1.7304800e-01
  -4.5337700e-02
  -2.6486400e-01
  -2.5905200e-01
  -1.1576000e-01
   2.0264300e-02
   1.5137200e-01
   2.2252200e-01
   1.6888000e-01
  -4.3154200e-02
  -2.3402000e-01
  -3.2057800e-01
  -4.3269900e-01
  -4.5676400e-01
  -4.2655700e-01
  -2.8040400e-01
   1.5359200e-01
   1.5221800e-01
  -2.3537800e-01
  -2.1082200e-01
   2.4577200e-01
   2.4497600e-01
  -3.0376500e-01
  -2.3499900e-01
   1.5148600e-01
   5.5153600e-04
  -1.6507800e-01
  -3.4655300e-01
  -3.7142300e-01
  -9.8666800e-03
   9.7042800e-02
  -1.9580800e-01
  -3.0584300e-01
   7.1785900e-02
   1.1809900e-01
  -3.3225200e-01
  -2.1616000e-01
   2.9807200e-01
   4.3687900e-01
   3.6836700e-01
   3.2754000e-01
   3.8976000e-01
   3.9225800e-01
   1.8754800e-01
  -2.0435900e-01
  -1.1109500e-01
   1.8649100e-01
   1.6242000e-01
   3.4458900e-01
   2.8101100e-01
  -5.8358900e-02
  -1.8954100e-01
   6.2400300e-02
   3.1742400e-01
   4.1646800e-01
   2.5168500e-01
  -1.7174100e-01
  -3.2687900e-01
  -2.7232200e-01
  -2.6683900e-01
   2.2452300e-02
   2.5180300e-01
  -3.3712300e-02
  -1.5496300e-01
  -5.3346800e-02
   2.0808200e-01
   4.0287400e-01
   4.6247300e-01
   4.0415700e-01
   1.8053700e-01
  -4.4881300e-02
  -1.2047000e-01
  -1.6470600e-01
  -7.5877200e-02
   3.3970100e-01
   8.3682500e-02
  -1.6796300e-01
  -3.8735300e-02
   6.3768600e-02
   1.8222700e-01
   7.6648200e-02
   7.8669300e-02
  -7.9409500e-02
  -2.4538700e-02
   1.1846800e-01
   1.6599200e-01
   1.2211000e-01
  -2.3742500e-01
  -3.1707500e-01
   1.3942400e-02
  -2.2827700e-02
  -4.5296700e-01
  -2.5082800e-01
   1.8829900e-01
   1.4547400e-01
   1.4552900e-01
   1.8876700e-01
   2.6905800e-01
   2.1916500e-01
  -1.2342700e-01
  -2.5208500e-01
  -2.6168300e-01
  -2.5019900e-01
  -2.8627400e-01
  -3.3831700e-01
  -7.8006100e-02
   1.6646000e-01
   1.3811500e-01
  -1.1035900e-01
  -2.3439600e-01
  -5.2928000e-02
  -1.2481400e-01
  -2.3311400e-01
  -2.6389200e-01
  -6.0242500e-02
   1.7761800e-01
   1.5649500e-01
   2.2600100e-01
   2.9662600e-01
   1.2809200e-01
  -6.2300200e-03
  -5.9349300e-02
   8.9167200e-02
   1.9792000e-01
   4.1980500e-02
  -1.6566500e-01
  -4.4098400e-01
  -2.9343000e-01
  -7.4987400e-02
  -1.4444400e-01
  -7.1211100e-02
  -9.9027700e-02
  -1.7825200e-01
   8.5651900e-02
   4.3225300e-02
  -3.9420500e-01
  -4.9635200e-01
  -1.3125800e-01
   4.0208000e-02
  -2.2197100e-01
  -1.0883400e-01
   3.4084500e-03
  -3.6730200e-02
   5.8257400e-02
   1.3030400e-01
   1.4380800e-01
   2.5369600e-02
  -1.0758100e-01
  -1.3512800e-01
  -3.6396500e-02
   3.1817900e-02
   6.5460300e-02
   6.9857000e-02
  -1.1304000e-02
  -2.0965500e-01
  -2.4127000e-01
   9.5864700e-02
   2.7465200e-01
   2.4956000e-01
   3.2039900e-03
  -8.3078900e-02
   1.0997000e-01
  -1.8375400e-02
   7.6946600e-02
   1.0372300e-01
  -3.1301400e-01
  -1.7473900e-01
   7.4220700e-02
   2.1418300e-01
   3.6431200e-01
   3.6588700e-01
   2.7694000e-01
  -8.2998600e-02
  -2.5983700e-01
   1.1553000e-01
   1.4055000e-01
  -1.3281200e-01
   4.1050600e-02
   1.9300600e-01
   1.6477100e-01
  -2.5654800e-02
  -5.1180100e-02
   2.1162700e-01
   2.9917400e-01
   2.2086600e-01
  -7.6938500e-02
  -1.4329000e-01
   1.6543500e-01
   2.1669400e-01
   1.0382600e-01
  -5.5991900e-02
  -9.9812000e-03
   1.5927900e-01
  -5.6733200e-02
  -1.5624400e-01
  -8.7630600e-02
   5.3145700e-02
   1.7112600e-01
   5.5237200e-03
  -1.6395600e-01
  -2.1170800e-01
  -1.1115700e-01
  -2.2417800e-02
   1.7476900e-02
   9.2164100e-02
   1.3479800e-01
   1.8639200e-01
   2.0554600e-01
   1.0457600e-01
  -9.3425500e-03
  -9.9086500e-02
  -1.0386500e-01
  -2.2391600e-02
   6.2811600e-02
   8.2583500e-02
   6.1300600e-02
   1.4667300e-01
   2.1521700e-01
   2.0851900e-01
   3.3033900e-03
  -1.7380600e-01
   2.3655700e-02
   1.2820400e-01
   1.8000800e-02
  -1.4674600e-02
   1.7716100e-02
   2.5029700e-02
   2.4203200e-02
  -9.2446000e-02
  -1.3509400e-01
   3.4713400e-02
   9.8009400e-02
   2.8872800e-03
  -6.8893700e-03
  -5.0448200e-02
  -1.0441300e-01
   1.1627100e-02
   3.5794000e-02
   1.3189400e-01
   1.7317700e-01
  -6.6390200e-02
  -2.9339200e-01
  -3.1059500e-01
  -1.9544100e-01
  -1.6885000e-01
  -1.1612300e-01
   7.6851000e-02
   1.9354600e-01
   1.4321500e-01
  -9.8991300e-02
  -2.4115700e-01
  -1.0236800e-01
   7.4236400e-02
   1.8554200e-01
   9.0673100e-02
  -6.7768200e-02
  -1.6091800e-01
  -2.7878900e-01
  -2.0429400e-01
  -1.2851900e-01
  -2.2308800e-01
  -2.1267300e-01
  -5.6533600e-02
   2.5172300e-02
   1.2821300e-01
   1.2894300e-01
  -6.3803600e-02
   1.9612700e-02
  -1.8011300e-02
  -3.0314800e-01
  -3.2684300e-01
   9.3716600e-03
   9.4620900e-02
  -1.5407200e-01
   5.0014100e-02
   1.6466700e-01
  -2.0093500e-03
  -1.4522500e-01
  -1.6276300e-01
   1.3116100e-01
   1.8972400e-01
   1.3114500e-01
   1.1711000e-01
  -3.2332000e-01
  -3.0050700e-01
   1.5905000e-01
  -2.2312600e-02
  -1.6494200e-01
   3.1304400e-02
  -7.6484800e-02
  -1.5355000e-01
  -6.9891200e-02
  -6.5799700e-03
   4.3619000e-02
   1.7610200e-02
   5.3992900e-02
   8.0359800e-02
   3.0737900e-02
  -1.0542200e-03
  -1.1650300e-02
   3.6029200e-02
   6.0811200e-02
  -1.9606600e-02
  -2.6647600e-02
   7.9311900e-02
   9.6649400e-02
  -3.6474400e-02
  -2.4802100e-02
   9.9843700e-02
  -3.3443600e-02
  -1.0812800e-01
  -2.5281000e-02
   6.7026800e-02
   1.1962500e-01
   1.5019300e-01
   1.8287500e-01
   2.0727100e-01
   1.3954600e-01
  -4.9611900e-02
  -6.6472300e-02
   3.3526400e-02
   6.2114100e-02
   3.1342700e-02
   2.9306500e-02
   8.3759000e-02
   9.1858400e-02
   4.3903500e-02
  -3.1709500e-03
  -5.6322800e-02
  -5.4144700e-02
   1.4850800e-03
   2.4779400e-02
  -1.1784000e-02
  -1.0546600e-01
  -1.7249400e-01
  -1.7575200e-01
  -4.4210500e-02
   9.1769200e-02
   1.7281900e-01
   1.2058000e-01
  -1.1822300e-01
  -2.6739400e-01
  -2.0159800e-01
  -5.9643500e-05
   6.7313400e-02
   4.0300600e-02
  -9.4424800e-02
  -1.8529300e-01
  -4.1105400e-02
   8.5299700e-02
   1.8804500e-01
   2.6714000e-01
   1.6527600e-01
  -9.3362300e-02
  -2.9437100e-01
  -2.9381300e-01
  -1.3217500e-01
  -2.2432400e-02
   2.4821700e-02
   5.1751200e-02
   6.0738700e-02
   1.2061900e-01
   7.8062100e-02
  -9.3224000e-02
  -5.4406500e-02
   1.1118700e-01
   1.2426600e-01
   6.8195900e-02
   1.2800800e-02
  -2.2290700e-02
  -8.4373100e-03
   8.4754600e-02
   1.2271500e-01
   5.8995400e-02
  -6.4601400e-03
  -6.5750500e-02
  -4.9286600e-02
   2.6706700e-02
   6.9963700e-02
   8.5482600e-02
   5.9745400e-02
  -3.7525600e-03
  -2.5836500e-02
  -1.9469300e-02
  -3.2572000e-02
   1.9487800e-02
   8.7069100e-02
   1.3683000e-01
   1.0839800e-01
  -2.6071000e-02
  -1.3696200e-01
  -1.0706600e-01
   2.8783700e-02
   1.0139100e-01
   1.3642200e-01
   1.3539900e-01
   3.5251600e-02
  -8.4975800e-02
  -1.7782900e-01
  -1.4636300e-01
   1.8089000e-03
   8.9771200e-02
   8.4688500e-02
   1.2223000e-02
  -6.9407400e-02
  -1.7555300e-01
  -1.2700700e-01
   1.7012000e-02
   4.8645800e-02
   3.8591700e-02
   8.7636200e-03
  -5.0931900e-03
  -6.3152100e-02
  -4.4556700e-02
   6.6555700e-02
   7.1085900e-02
   6.5885700e-02
   7.0619300e-02
  -8.3915200e-04
  -9.9839900e-02
  -1.4591700e-01
  -9.3054400e-02
  -1.1368500e-02
   2.1636400e-02
   2.5403200e-02
  -8.6872900e-04
  -9.5664900e-02
  -9.2419300e-02
  -1.6583200e-02
   2.2168400e-02
   6.6571400e-02
   5.1820800e-02
  -4.7006100e-02
  -3.7508700e-02
   7.3322800e-02
   3.5702100e-02
  -1.3065100e-02
   2.3908800e-02
   3.0448900e-03
  -1.3534800e-02
  -1.0031100e-02
  -2.7154900e-02
  -3.1722200e-03
   4.3793100e-02
   5.1854700e-02
   5.2316000e-02
   3.8198500e-02
  -1.0494000e-02
  -3.7163900e-02
   5.4789900e-03
   5.6055900e-02
   4.2629300e-02
   1.5049200e-02
  -2.3716800e-02
  -2.9389200e-02
  -1.7383100e-02
   3.0607200e-02
   8.5252300e-02
   8.4061200e-02
   8.5085300e-03
  -8.3040100e-02
  -8.1616100e-02
  -8.8517400e-03
   6.6582200e-02
   1.2490500e-01
   1.2585900e-01
   8.9857500e-02
   1.5672400e-03
  -3.8227500e-02
  -4.8677100e-04
  -1.5207700e-03
  -1.5612900e-02
   2.2539200e-02
   2.8710400e-02
  -4.6823100e-02
  -3.6201700e-02
  -2.0501800e-02
   4.7060700e-03
   8.6753200e-02
   5.5358200e-02
   1.5459600e-02
  -6.2148200e-02
  -7.0088300e-02
   6.0520800e-02
   9.0996900e-02
   1.2742000e-01
   1.7649900e-01
   6.0772000e-02
  -7.5395700e-02
  -1.1368400e-01
  -1.4221900e-01
  -8.9641400e-02
   1.2012500e-01
   1.3837300e-01
   7.1812300e-03
  -6.6548300e-02
  -4.8480700e-02
   1.8385500e-02
   2.0223600e-02
   1.3245300e-02
   3.7112700e-02
   6.2961100e-02
   4.3077800e-02
   1.8868700e-02
  -9.2581300e-02
  -4.7435400e-02
   7.8435700e-02
   7.8333600e-02
   7.0840200e-02
  -3.9829700e-02
  -4.4551100e-02
  -5.5124100e-03
  -2.6820600e-02
   1.5192600e-02
   2.4691200e-02
   6.7303000e-02
   6.8708300e-02
   2.4674900e-03
  -2.7305700e-02
  -1.8001700e-02
   6.5860900e-03
  -1.2992100e-02
   1.0277300e-02
   3.1682000e-02
   3.1497500e-02
   4.6454800e-02
   2.4018200e-02
  -6.9103400e-03
  -5.4128600e-02
  -5.8224800e-02
  -9.1584500e-03
  -3.8134400e-03
  -2.8342400e-02
  -6.5392800e-02
  -5.2983000e-02
  -5.0486200e-02
  -7.9203700e-02
  -2.3033300e-02
   2.7431000e-02
   4.5117600e-04
  -9.1400300e-02
  -9.2821500e-02
  -1.2929000e-02
  -2.1133400e-02
  -4.2718000e-02
  -1.1748800e-02
  -2.1997700e-03
   4.8429600e-03
   4.8917800e-02
   4.3923100e-02
  -3.2793700e-02
  -6.1192100e-02
  -7.0496000e-03
   3.5446200e-02
   3.4880600e-02
   1.3023600e-03
  -3.2206800e-02
  -2.2137900e-02
  -4.4427100e-03
  -1.2549800e-02
  -2.7983900e-02
  -6.7132700e-02
  -1.1990300e-01
  -7.8957000e-02
   1.4114700e-02
  -5.0048500e-02
  -8.5727100e-02
  -3.5765200e-02
  -5.9245800e-03
   3.1318800e-02
   4.6317000e-02
   4.5212200e-02
   5.4424400e-02
   7.2993200e-02
   7.2568500e-02
   3.2021100e-02
  -1.2437100e-02
  -4.8324200e-03
   4.8233400e-02
   4.8598400e-02
   2.4975000e-03
  -7.5068700e-02
  -8.6290000e-02
   2.3294600e-02
   5.9704700e-02
   3.6591000e-02
  -3.0439300e-03
  -2.2542800e-02
  -3.8266000e-02
  -7.9830800e-02
  -5.8409600e-02
  -1.6497600e-02
  -1.1330500e-02
  -9.3451300e-03
   4.1583400e-02
   5.4783000e-02
  -1.0016700e-02
  -6.2216700e-02
  -6.4877400e-02
   1.0526000e-03
   4.3285700e-02
   4.5162700e-02
   1.3322300e-02
  -3.0389700e-03
   3.8216200e-02
   2.1397500e-02
  -4.7882200e-02
  -3.5845400e-02
   2.7133600e-02
   5.2224200e-02
   3.1887800e-02
   4.9950600e-03
   5.2782100e-03
   7.3784100e-03
   2.8520600e-02
   3.3773100e-02
  -1.2690700e-03
  -3.8628800e-03
  -7.2485900e-03
  -6.6690300e-02
  -7.6193000e-02
  -1.5704500e-02
   3.9934200e-02
   9.2793000e-02
   6.2208900e-02
  -4.7209300e-02
  -7.6859000e-02
  -8.4087100e-02
  -7.2698400e-02
  -1.3709700e-02
   1.4602600e-02
  -5.1176400e-03
  -3.1651300e-02
  -9.0516500e-03
   3.8200400e-02
   4.8134300e-02
  -8.7064700e-03
  -5.6555700e-02
  -4.6562000e-02
   1.3213200e-02
   2.4436600e-02
   1.9233600e-03
   1.0572900e-02
  -6.0838700e-03
  -3.3927000e-02
  -2.0032300e-02
   3.4719400e-02
   7.3827700e-02
   5.2766100e-02
   1.2956700e-02
   6.9899800e-03
   2.2472900e-03
   3.5377600e-02
   5.4139300e-02
   2.8700300e-02
   9.5634200e-03
  -4.2053200e-04
   7.6056300e-03
  -9.7009500e-03
  -5.0744900e-02
  -6.6030100e-02
  -3.2293200e-02
   8.3474800e-03
   4.9672600e-02
   5.9365600e-02
   3.0156900e-02
  -3.4720300e-02
  -8.6231600e-02
  -4.8179100e-02
  -1.0908800e-02
   2.2118200e-02
   5.3239600e-02
   4.0595500e-02
  -1.0789500e-04
  -4.4526900e-02
  -4.3222500e-02
   1.0202400e-02
   1.0273300e-02
  -2.1582300e-02
   1.7899700e-02
   9.9359500e-02
   1.0815000e-01
   4.7062500e-02
  -1.2465400e-02
  -7.0129600e-02
  -5.7553100e-02
   1.7696300e-02
   4.4391000e-02
   5.5282200e-02
   4.4337100e-02
  -2.5792300e-02
  -1.1649300e-01
  -1.3291900e-01
  -8.4938500e-02
  -9.9869900e-02
  -6.7276900e-02
   3.2173100e-02
   8.5875900e-02
   8.2971800e-02
  -3.7222500e-02
  -1.2759800e-01
  -1.1472200e-01
  -1.0356700e-01
  -2.7679300e-02
   5.5556500e-02
   1.0457000e-01
   7.4541100e-02
  -2.9140700e-02
  -7.6061800e-02
  -4.1491000e-02
   2.3467400e-02
  -3.5255200e-03
  -2.1466200e-02
  -2.1039500e-02
  -2.8099800e-02
   2.6315900e-02
   7.3030400e-02
   5.9571200e-02
   2.6843100e-02
   3.8173000e-02
   3.0065600e-02
   2.3557400e-02
   2.9598600e-02
   3.5807400e-02
   3.4619500e-02
  -9.7182000e-03
  -5.0652600e-02
  -5.6057700e-02
  -6.2294100e-04
   9.9859000e-03
  -2.4738400e-02
  -5.1993600e-02
  -5.3755300e-02
  -5.9963300e-03
   4.3076200e-02
   7.8212700e-02
   3.0321900e-02
  -6.9218400e-02
  -1.3616300e-01
  -1.3494400e-01
  -4.1892300e-02
   3.5552100e-02
   9.4828100e-02
   1.0688200e-01
   3.3406800e-02
  -2.7171600e-02
  -8.0810500e-02
  -7.1981600e-02
   3.2190300e-02
   9.8347600e-02
   1.4928100e-01
   1.0553700e-01
  -1.6213300e-02
  -1.1369400e-01
  -1.2085700e-01
  -4.8176900e-02
  -6.1973100e-02
  -3.5729600e-02
   3.7438400e-02
   5.6234500e-03
  -5.6121500e-02
   5.6555600e-03
   7.0465300e-02
   5.9101200e-02
   4.8813900e-02
   9.4383200e-03
  -5.0923100e-02
  -3.4357400e-02
  -3.8043900e-02
  -3.9277100e-02
   2.8111700e-02
   9.0194900e-02
   1.0706000e-01
   9.5335800e-02
   6.1251700e-02
  -3.6149000e-02
  -3.6355300e-02
   4.1189100e-02
   2.1705900e-02
   1.5540900e-02
   2.3815900e-02
   2.3200200e-03
   8.6137600e-03
  -4.6646400e-03
  -6.8007800e-04
   2.5117700e-02
   2.1527000e-02
   1.4579100e-02
   1.3466400e-02
   3.1718900e-02
   4.6730300e-03
  -5.2027800e-02
  -4.5818800e-02
   1.2063100e-02
   1.4545600e-02
   9.5463300e-03
  -7.3884900e-03
  -3.4565500e-02
   1.9249400e-02
   6.5388500e-02
   1.3728700e-01
   8.2480000e-02
  -1.3189700e-01
  -2.3802700e-01
  -1.8157200e-01
  -3.5162700e-02
   6.6741900e-02
   1.4949800e-01
   1.2684400e-01
   1.6345400e-02
  -4.9908700e-02
  -4.1878600e-02
   1.0699600e-02
   7.8052500e-03
   1.8313900e-02
   2.3011500e-02
   1.4998500e-02
   5.4558500e-02
   9.4873300e-02
   9.0244700e-02
   3.9481900e-02
   3.1262600e-02
   7.4617300e-03
  -9.4148800e-02
  -7.2105400e-02
   4.0847400e-02
   1.1091500e-01
   3.3081900e-02
  -1.6438300e-01
  -1.4849100e-01
  -3.2667200e-03
   7.2132800e-02
   1.3435400e-01
   1.2683600e-01
   2.0368200e-02
  -6.9864000e-02
  -1.4873400e-01
  -1.8654500e-01
  -9.5257200e-02
  -2.2490000e-02
   6.7600900e-02
   8.5261300e-02
  -7.1573900e-02
  -1.5586900e-01
  -1.8849200e-01
  -1.1639800e-01
   7.0901800e-02
   1.6571700e-01
   1.5494400e-01
   7.2485400e-02
  -1.7079000e-02
  -3.6655900e-02
   2.1392900e-02
   2.2457000e-02
  -8.0283700e-03
  -2.3932200e-02
  -2.0663200e-02
  -5.8124100e-02
   6.5790900e-03
   1.1706100e-01
   2.3653900e-02
   3.2266200e-02
  -1.3888100e-02
  -5.2407300e-02
   5.0258700e-02
   6.7759800e-02
   5.8649600e-02
   6.2130700e-02
   3.7012700e-02
  -8.3920100e-03
  -3.7074200e-02
  -8.0275000e-03
   2.4763500e-03
  -4.1241000e-03
   3.2429600e-03
   6.4994400e-03
   2.0224600e-03
  -8.5391700e-03
  -2.7071700e-02
  -5.6705200e-02
  -5.8775800e-02
  -1.0005900e-02
   8.0415500e-02
   6.1435800e-02
  -3.0702900e-02
  -2.1300300e-02
   3.6930700e-02
   1.3092500e-02
   1.2481000e-02
   3.1962800e-02
   1.3604600e-02
   1.6214300e-02
  -9.8500900e-03
  -8.9325400e-03
   4.9297600e-02
   3.2360800e-02
   7.5204800e-03
  -1.6261600e-02
   4.8701300e-03
   1.5952200e-01
   6.5599400e-02
  -1.8709600e-01
  -1.5841500e-01
   5.1439300e-03
   2.9937800e-02
   1.0848100e-02
   3.1285800e-02
  -6.3630600e-03
  -3.8446500e-02
   3.3868100e-02
   5.3128600e-02
   4.0205500e-03
   5.6642600e-03
   5.7189800e-02
   4.6756100e-02
  -3.1195200e-02
  -2.0358500e-02
  -1.1234300e-02
   7.6302000e-03
   1.8641200e-02
   1.2782000e-03
  -3.6484500e-02
  -1.3823900e-02
   5.4493900e-02
   8.9862900e-02
   6.7714900e-02
  -8.1503900e-03
  -5.9069200e-02
   1.0521900e-02
   1.1625600e-01
   1.4302200e-01
   4.8537500e-03
  -1.9814700e-01
  -1.6350800e-01
  -8.4824500e-02
  -7.3115300e-02
  -5.2056700e-02
   1.7879600e-02
   2.8484500e-02
  -5.4287800e-02
  -1.3127200e-01
  -1.4078000e-01
  -4.6596200e-02
  -2.8620800e-02
   1.1678500e-02
   1.2763100e-01
   1.5323600e-01
   9.0219800e-02
  -2.0492600e-03
  -4.4595400e-04
   3.6425300e-02
   2.9738600e-02
  -1.3813600e-02
  -5.4709200e-02
  -3.3182100e-02
   2.4103700e-02
   2.7821400e-02
  -3.0737800e-02
  -4.6216700e-02
   2.8763700e-02
   3.4860500e-02
  -3.1791500e-02
  -6.1682600e-02
  -9.6560300e-02
  -1.2076600e-01
  -6.3138400e-02
   8.9082000e-02
   7.7314000e-02
  -1.3192100e-02
   1.5538400e-02
   1.8772400e-02
   3.2923600e-02
   4.7291500e-02
   7.5314700e-02
   8.3615200e-02
   6.1674700e-02
   5.4797700e-02
   3.1768200e-02
  -4.6621900e-03
  -2.1939400e-02
   8.9286500e-04
   2.7350200e-02
   5.1785700e-02
   8.3637100e-02
   5.5853000e-02
  -4.9275000e-02
  -1.2488500e-01
  -9.3687000e-02
   9.4088800e-04
   1.0070800e-02
  -2.2283500e-03
   4.2944100e-02
   6.3531800e-02
   4.6509900e-02
  -3.5907500e-04
  -5.7900100e-02
  -8.3806000e-02
  -4.4290500e-02
  -1.9870500e-02
   2.9139000e-02
   1.2135400e-01
   1.6475900e-01
   1.2744200e-01
   1.9116000e-02
  -5.2736400e-02
  -1.1127600e-01
  -6.9335200e-02
   4.3260300e-02
   1.6427200e-02
  -6.4719700e-02
  -5.0704900e-02
   1.6870200e-02
   2.4905000e-02
  -1.6648400e-02
  -1.2587000e-02
  -3.0981000e-02
  -5.9896700e-02
  -4.2034700e-02
  -7.6122600e-02
  -5.5314400e-02
   1.0524700e-02
  -1.0106000e-02
  -6.9619600e-02
  -2.4326900e-02
   6.7835000e-02
   1.0224500e-01
   2.7151800e-02
  -1.8916100e-01
  -2.5160500e-01
  -1.6597800e-01
  -9.8828000e-02
  -1.7312300e-02
   4.6089500e-02
   7.1798300e-02
   1.1713500e-01
   9.9812400e-02
  -5.5267400e-03
  -1.0640300e-01
  -1.1083400e-01
  -3.6078300e-02
  -1.4236500e-02
   2.1317900e-02
  -4.4401000e-03
  -2.8691600e-04
   4.5084900e-02
   3.0238900e-02
   3.4795100e-02
   5.0570300e-02
  -1.0187900e-02
  -8.1296100e-02
  -6.2040000e-03
   4.0197300e-02
   2.5260600e-02
   1.8320000e-02
  -1.2909500e-03
  -6.3209600e-02
  -5.8001900e-02
  -1.2071300e-03
  -2.4725500e-02
  -2.6455900e-02
   1.7874100e-02
   2.6202100e-02
  -1.4762200e-03
  -1.4036800e-02
  -3.0920900e-02
  -3.5334600e-02
   1.0471900e-02
   6.7336800e-02
   6.1815200e-02
  -2.1238600e-02
  -8.2885000e-02
  -5.4442800e-02
   2.3599500e-02
   6.5366700e-02
   4.1552700e-02
  -1.7637200e-02
  -5.7852100e-02
  -3.1006000e-02
   4.1632300e-02
   4.2174700e-02
  -5.9076600e-03
  -4.8702100e-02
  -8.8974100e-02
  -6.6276700e-02
   1.6220900e-02
   8.5754100e-02
   8.0806800e-02
   1.7238600e-02
  -2.7999700e-02
   1.6939600e-03
   6.3071400e-02
   7.5878700e-02
   6.1548000e-02
   1.7340400e-02
  -3.9612800e-03
  -3.5215600e-03
  -3.3528300e-02
  -1.5571100e-02
   5.7446200e-02
   7.2210300e-02
   1.3675600e-02
  -4.2016900e-02
  -4.0338500e-02
   1.4594400e-03
  -9.8860700e-04
  -7.3845100e-02
  -7.1758300e-02
   1.3968400e-02
   3.4418700e-02
   2.3066900e-02
  -1.8113700e-02
  -3.4861400e-02
  -1.5258000e-02
  -3.4616600e-02
  -5.8425700e-02
  -8.9750800e-02
  -7.6168900e-02
  -2.1913600e-02
   2.4726900e-02
   1.0097400e-01
   1.4444700e-01
   5.1807900e-02
  -1.1977600e-01
  -1.0832700e-01
   4.3143100e-02
   1.2973200e-01
   1.1283300e-01
   1.5539000e-02
  -4.8481400e-02
  -8.3732100e-02
  -4.5877900e-02
   8.9104600e-02
   5.0937500e-02
  -1.3356700e-01
  -2.1953400e-01
  -1.4693900e-01
  -2.5665000e-02
  -1.7731000e-02
  -4.9709100e-02
  -5.1749600e-02
   3.8148700e-02
   1.1907200e-01
   9.5732100e-02
   3.7300600e-02
  -2.9627000e-03
  -5.6007000e-03
   4.9041800e-02
   9.9188900e-02
   1.3897100e-01
   1.2331200e-01
   5.7583700e-02
   3.8823200e-03
  -2.9746500e-02
   1.7986400e-02
   7.8057900e-02
   1.2295700e-01
   6.9433600e-02
  -9.2122300e-02
  -2.2805000e-01
  -2.3246300e-01
  -1.1571600e-01
  -3.4963000e-02
   4.5472500e-03
   2.4228600e-02
  -2.7098200e-02
  -1.5446300e-01
  -1.7659600e-01
  -4.7835200e-02
   3.1894200e-02
   1.3194400e-01
   2.3729500e-01
   1.7010300e-01
   9.0599500e-02
   6.4157300e-02
   7.9084600e-02
   1.3639100e-01
   1.4999500e-01
   1.4770800e-01
   2.4569300e-02
  -2.1903800e-01
  -4.9823700e-02
   5.7306400e-02
  -2.5234500e-01
  -2.4341000e-01
  -8.5548100e-02
   6.5542500e-02
   2.1649400e-01
   5.6759500e-02
  -9.7238300e-03
   4.9376600e-02
   3.9190300e-02
   7.4400100e-02
  -1.8506100e-02
   9.4825200e-02
   2.0487400e-01
   1.1188500e-01
  -7.5279800e-02
  -1.2664200e-01
  -1.0151400e-02
   7.4892200e-02
   1.2940700e-01
   8.1826800e-02
  -9.1744100e-02
  -1.0991800e-01
   3.7680300e-02
   1.1139200e-01
   1.2045200e-01
   5.2940900e-02
  -4.7584100e-03
  -1.7817600e-02
  -4.3448200e-03
  -2.2125300e-02
  -5.2772400e-02
  -7.3870000e-02
  -1.3735200e-01
  -1.4864300e-01
  -1.1989300e-01
  -5.4157100e-02
   3.9104500e-02
   1.0689800e-01
   1.8998100e-01
   2.2915500e-01
   2.2352600e-01
   1.6687200e-01
   3.2260100e-02
  -5.5078200e-02
  -8.4817600e-02
  -3.8681400e-02
  -3.4217700e-02
  -4.1863100e-02
   4.4963000e-02
   1.1982500e-01
   1.8068300e-01
   1.6059000e-01
  -2.3419200e-03
  -1.2513000e-01
  -1.6277900e-01
  -1.4905200e-01
  -1.0505700e-01
  -9.3804100e-02
  -5.7195800e-02
  -2.2983300e-02
   1.0703700e-02
   4.8359300e-02
   5.0933600e-02
   6.7953600e-02
   6.5494800e-02
  -2.4648400e-02
  -7.7262400e-02
  -1.1060400e-01
  -1.2669900e-01
  -1.3037300e-01
  -9.9862200e-02
   4.4491500e-02
   1.3073000e-01
   3.9116400e-02
  -1.5146400e-01
  -1.7735400e-01
  -6.0503200e-02
   3.2619600e-02
   9.5616100e-02
   7.1298200e-02
  -5.7229200e-02
  -6.3763900e-02
   4.6422200e-02
   2.3015100e-02
   2.5713100e-02
   6.2334200e-02
   2.9359700e-02
  -1.9918400e-02
  -7.5257000e-02
  -1.3436600e-01
  -1.3237800e-01
  -5.1797800e-02
   1.5656100e-02
   7.0719400e-02
   5.6320600e-02
  -4.5059200e-02
  -8.3178100e-02
  -2.1108800e-02
   1.9724800e-03
   8.5748700e-03
   1.6644600e-02
  -4.2841200e-02
  -5.8674200e-02
  -1.2030500e-02
   1.3610400e-02
   2.5638300e-02
   4.9030500e-02
   4.2820000e-02
   9.7506400e-04
  -2.3669200e-02
  -3.9182900e-02
  -2.7699300e-02
   1.2363100e-02
   1.2117700e-03
  -5.0405100e-02
  -2.9804200e-02
   3.8551200e-02
   5.8769700e-02
   4.5250000e-02
  -7.0379900e-03
  -5.8106400e-02
  -2.9158600e-02
   4.7908900e-02
   6.1930500e-02
   4.2205400e-02
   3.8560400e-02
   1.4482800e-03
  -4.6166600e-02
  -3.6693400e-02
   2.3301900e-02
   8.9514400e-03
  -3.0379200e-02
  -3.8353600e-02
  -9.6686600e-02
  -7.9321400e-02
  -1.7031000e-02
   5.9734400e-03
   4.8049500e-02
   3.4447600e-03
  -3.2871400e-02
  -6.4347400e-03
  -3.3171100e-02
  -9.0244800e-02
  -8.7435900e-02
  -2.9390100e-02
   1.8175900e-02
   3.5684100e-02
   5.9017200e-02
   6.1502800e-02
   2.2432700e-02
   4.0744900e-03
   7.0742100e-03
   3.7646400e-02
   4.6954700e-02
   3.0421400e-02
   4.5516800e-02
   5.2842700e-02
   5.4994100e-02
   6.9974800e-02
   9.4106100e-02
   2.9667100e-02
  -1.0100700e-01
  -1.7739600e-01
  -1.9065900e-01
  -1.0541800e-01
  -4.2921000e-02
  -1.0881600e-02
   2.7476000e-02
   4.0318900e-02
   3.2514500e-03
  -2.1742100e-02
   3.8987700e-02
   1.1568900e-01
   9.7021300e-02
   5.3330200e-03
  -5.3867500e-03
   2.2800500e-02
  -1.2363600e-02
  -5.2766600e-02
  -3.8209600e-02
  -2.2033800e-02
  -4.1183500e-02
  -3.8526600e-02
  -6.0635000e-02
  -1.6852100e-02
   1.1431100e-01
   1.7580500e-01
   1.1301200e-01
  -1.6810200e-02
  -8.0170700e-02
  -7.8773600e-02
  -2.1771500e-02
   3.0664500e-02
   6.8362400e-02
   7.3707300e-02
   3.1683300e-02
   8.5263000e-03
   6.9259100e-02
   1.0994200e-01
   3.7551200e-02
  -1.8058400e-02
  -3.3771600e-02
   3.3365400e-03
   2.1479800e-02
   1.0596000e-02
   5.1752500e-02
   1.0022700e-01
   1.1477500e-01
   6.0042400e-02
  -8.5287400e-03
  -5.9027500e-02
  -8.4536100e-02
  -9.9571800e-02
  -9.8712600e-02
  -1.3430800e-02
   6.6066900e-02
   1.1957400e-01
   8.6693400e-02
  -3.1119600e-02
  -1.0482100e-01
  -8.4491300e-02
   1.7308400e-02
   2.7788200e-02
  -2.4737500e-02
  -3.7045400e-02
  -2.7774900e-02
   4.8192300e-02
   1.1514400e-01
   9.1473000e-02
   6.1517100e-03
  -7.3556700e-02
  -8.7014400e-02
  -6.7142400e-03
   4.6475200e-02
   5.3066300e-02
   2.6497200e-02
  -2.8146900e-02
  -5.4774700e-02
  -2.9335000e-02
   1.4335800e-02
   2.6279000e-02
   2.9293800e-02
   7.1275900e-02
   3.0783500e-02
  -9.6301600e-02
  -1.0422900e-01
   4.2146000e-03
   4.8040800e-02
  -5.9342600e-03
  -6.9238900e-02
  -5.5455400e-02
   1.1724300e-02
   5.6827400e-02
   5.0272400e-02
  -3.5220000e-02
  -5.1386400e-02
   3.3478400e-02
   9.0327400e-02
   7.9521700e-02
   3.0575200e-02
  -1.1217500e-02
  -6.5729700e-02
  -8.0360200e-02
  -7.8769100e-02
  -9.1793500e-02
  -1.0009500e-01
  -7.3265700e-02
   3.1798800e-02
   9.5011400e-02
   5.7239700e-02
  -3.1361100e-02
  -8.9464600e-02
  -9.8463900e-02
  -7.1511100e-02
  -4.6728000e-02
  -4.0822100e-02
  -4.3372900e-02
  -2.4612300e-02
   5.0535900e-03
   4.0186700e-02
   7.0899400e-02
   6.0504800e-02
  -3.3578100e-04
  -4.5231500e-02
  -5.8985900e-02
  -6.1392700e-02
   2.6941100e-03
   4.5882600e-02
   4.6073800e-02
   3.3066200e-02
   4.5206000e-02
   5.6717300e-02
   2.3497700e-02
   1.9281300e-02
   3.6404100e-02
  -1.0232600e-02
  -3.8767100e-02
   5.1440300e-03
   2.6365900e-03
  -3.0014300e-02
  -6.8195600e-03
   2.4482600e-02
   3.5939100e-02
   3.3159300e-02
   6.2396800e-02
   7.6668400e-02
   2.4394200e-02
  -2.2469700e-02
  -3.2197400e-02
   1.2935200e-02
   1.6799900e-02
  -3.3086000e-02
  -5.4846000e-02
  -4.1836500e-02
   1.9278200e-02
   4.6245900e-02
  -1.7486500e-02
  -5.8111200e-02
  -2.0896100e-02
  -8.7809300e-04
  -3.2951700e-02
  -3.1133800e-02
   3.5964600e-02
   9.4589200e-02
   7.4501100e-02
  -1.0635900e-02
  -4.7138300e-02
   7.4745400e-03
   6.1307900e-02
   4.4190200e-02
  -5.4597800e-04
  -4.8001900e-02
  -6.3081800e-02
  -4.4959600e-02
  -4.4964300e-02
  -2.6493400e-02
  -2.6528800e-02
  -2.3255000e-02
   5.9580700e-03
   3.2838900e-02
   2.2787400e-02
  -3.8363300e-02
  -3.6692000e-02
   1.9124700e-02
   3.8486200e-02
   2.0326600e-02
   2.8781500e-02
   3.9184200e-02
   1.4618000e-02
   3.5028600e-02
   4.9046400e-02
   7.5908400e-03
  -8.8411900e-03
   3.5876300e-02
   5.0402000e-02
   2.3544200e-03
  -6.5341700e-02
  -7.2133800e-02
  -3.7216400e-02
  -1.2762600e-03
   5.9005000e-02
