  -6.2784400e-02
  -6.3504900e-02
  -6.1716200e-02
  -5.7455000e-02
  -5.1125600e-02
  -4.2726100e-02
  -3.2170800e-02
  -1.9713300e-02
  -7.2381000e-03
   2.1430500e-03
   7.0615500e-03
   8.5898200e-03
   7.8724200e-03
   5.9098800e-03
   3.6494800e-03
   1.9534700e-03
   1.8297600e-03
   3.3785600e-03
   6.4929000e-03
   1.0852400e-02
   1.5655000e-02
   2.0510100e-02
   2.4113300e-02
   2.4832500e-02
   2.1476500e-02
   1.3772300e-02
   3.7456900e-03
  -6.0644800e-03
  -1.4553100e-02
  -2.1790700e-02
  -2.7583300e-02
  -3.2209500e-02
  -3.6664800e-02
  -4.1166200e-02
  -4.5434800e-02
  -4.9636600e-02
  -5.4740000e-02
  -6.1040700e-02
  -6.8338100e-02
  -7.6202100e-02
  -8.3469300e-02
  -8.9269900e-02
  -9.2551200e-02
  -9.2205800e-02
  -8.8019300e-02
  -8.0737800e-02
  -7.1780100e-02
  -6.1721400e-02
  -5.1346300e-02
  -4.1511900e-02
  -3.2182800e-02
  -2.4523500e-02
  -1.9300000e-02
  -1.6618000e-02
  -1.5460500e-02
  -1.3272400e-02
  -8.8757200e-03
  -2.0634800e-03
   6.2402900e-03
   1.3817700e-02
   1.9042700e-02
   2.2491800e-02
   2.5719100e-02
   2.9088900e-02
   3.2609200e-02
   3.5469800e-02
   3.6769500e-02
   3.7276900e-02
   3.8082100e-02
   4.0049500e-02
   4.3833600e-02
   4.8950500e-02
   5.4264400e-02
   5.8050200e-02
   5.9170800e-02
   5.8404400e-02
   5.7226900e-02
   5.6997100e-02
   5.8130600e-02
   6.0684400e-02
   6.4610500e-02
   6.9674900e-02
   7.5757500e-02
   8.1536100e-02
   8.5247800e-02
   8.6497200e-02
   8.5733300e-02
   8.2788100e-02
   7.6987800e-02
   6.8902000e-02
   5.9921100e-02
   5.0654900e-02
   4.1476500e-02
   3.3439200e-02
   2.6977200e-02
   1.9387400e-02
   8.5632900e-03
  -4.2659600e-03
  -1.6319800e-02
  -2.3043000e-02
  -2.2039400e-02
  -1.5587500e-02
  -7.0633900e-03
   1.6949400e-03
   8.3884600e-03
   1.0823500e-02
   9.4516300e-03
   6.8665200e-03
   5.6334300e-03
   6.3863100e-03
   8.8125400e-03
   1.1000000e-02
   1.1957300e-02
   1.3013300e-02
   1.4512500e-02
   1.7050700e-02
   2.1034600e-02
   2.5875400e-02
   3.0969600e-02
   3.4001700e-02
   3.3053600e-02
   2.8644800e-02
   2.2777200e-02
   1.8025800e-02
   1.5580900e-02
   1.5699100e-02
   1.7445400e-02
   1.8603400e-02
   1.7341500e-02
   1.2267900e-02
   3.1002800e-03
  -9.1040900e-03
  -2.3045400e-02
  -3.6801600e-02
  -4.8509000e-02
  -5.8443800e-02
  -6.7566900e-02
  -7.6025700e-02
  -8.3537000e-02
  -9.0182700e-02
  -9.6546400e-02
  -1.0316700e-01
  -1.1003800e-01
  -1.1636000e-01
  -1.2252200e-01
  -1.2885800e-01
  -1.3501600e-01
  -1.4185700e-01
  -1.4911400e-01
  -1.5667500e-01
  -1.6451900e-01
  -1.7007000e-01
  -1.7086700e-01
  -1.6515000e-01
  -1.5169700e-01
  -1.3096400e-01
  -1.0332500e-01
  -7.0256900e-02
  -3.6585100e-02
  -6.8030200e-03
   1.6433300e-02
   3.1829300e-02
   4.1108600e-02
   4.8206900e-02
   5.5489900e-02
   6.2380400e-02
   6.7960200e-02
   7.0987100e-02
   6.9198700e-02
   6.2397700e-02
   5.2454900e-02
   4.1503300e-02
   3.2524400e-02
   2.6638200e-02
   2.2349700e-02
   1.9096000e-02
   1.7328000e-02
   1.7533100e-02
   2.0528300e-02
   2.6791200e-02
   3.5874000e-02
   4.6002700e-02
   5.5106700e-02
   6.2539900e-02
   6.8645700e-02
   7.4489500e-02
   8.0303300e-02
   8.5033600e-02
   8.8165500e-02
   8.9786400e-02
   9.0400100e-02
   8.8423000e-02
   8.0804900e-02
   6.6400500e-02
   4.5782300e-02
   2.1804600e-02
  -2.7656100e-03
  -2.8297800e-02
  -5.4516300e-02
  -7.6588700e-02
  -9.0053600e-02
  -9.5590900e-02
  -9.4956600e-02
  -8.9015800e-02
  -8.0004300e-02
  -7.0921500e-02
  -6.3519200e-02
  -5.7064000e-02
  -4.8996300e-02
  -3.6698100e-02
  -1.9074100e-02
   9.5347700e-04
   1.8834600e-02
   3.4211300e-02
   4.7730000e-02
   5.7435800e-02
   6.2942800e-02
   6.5861000e-02
   6.7378600e-02
   6.8787600e-02
   6.9917000e-02
   7.0114400e-02
   6.9364100e-02
   6.6284500e-02
   6.1852400e-02
   5.7435000e-02
   5.3043800e-02
   4.9440400e-02
   4.5933500e-02
   4.1155300e-02
   3.3875500e-02
   2.4292800e-02
   1.2872200e-02
   8.3749100e-05
  -1.3024600e-02
  -2.6685400e-02
  -3.9461800e-02
  -5.0731500e-02
  -6.2090900e-02
  -7.3575700e-02
  -8.4075300e-02
  -9.2967900e-02
  -1.0116100e-01
  -1.0883500e-01
  -1.1480700e-01
  -1.1978000e-01
  -1.2530500e-01
  -1.3022000e-01
  -1.3394500e-01
  -1.3695700e-01
  -1.3938200e-01
  -1.4143300e-01
  -1.4210600e-01
  -1.4070900e-01
  -1.3725000e-01
  -1.3179100e-01
  -1.2388200e-01
  -1.1124400e-01
  -9.3170200e-02
  -7.3756200e-02
  -5.7933400e-02
  -4.8374000e-02
  -4.2815200e-02
  -3.8372100e-02
  -3.4355500e-02
  -2.9456600e-02
  -2.3748600e-02
  -1.6644800e-02
  -6.6201000e-03
   7.6937500e-03
   2.6507200e-02
   4.6502000e-02
   6.3676100e-02
   7.6234200e-02
   8.1150400e-02
   7.7258200e-02
   6.8491900e-02
   5.7357100e-02
   4.5369700e-02
   3.5559000e-02
   3.0070300e-02
   2.8619500e-02
   2.9332800e-02
   3.1247300e-02
   3.4397800e-02
   3.8728800e-02
   4.4788300e-02
   5.3283800e-02
   6.5489300e-02
   8.0190700e-02
   9.1717900e-02
   9.5825000e-02
   9.2583800e-02
   8.5234900e-02
   7.7564900e-02
   7.0861100e-02
   6.4653100e-02
   6.0000100e-02
   5.7564500e-02
   5.6235200e-02
   5.4750000e-02
   5.1524600e-02
   4.5308200e-02
   3.5463600e-02
   2.1459600e-02
   4.8357000e-03
  -1.1320100e-02
  -2.6066700e-02
  -4.0893800e-02
  -5.6405000e-02
  -7.0031300e-02
  -7.8797500e-02
  -8.2222600e-02
  -8.2701500e-02
  -8.3410700e-02
  -8.6675600e-02
  -9.2557300e-02
  -9.9010000e-02
  -1.0415900e-01
  -1.0617900e-01
  -1.0490400e-01
  -1.0145100e-01
  -9.5596200e-02
  -8.6931000e-02
  -7.5353400e-02
  -6.1446400e-02
  -4.9162400e-02
  -4.2910600e-02
  -4.2465600e-02
  -4.5210000e-02
  -4.8948500e-02
  -5.2631500e-02
  -5.6230900e-02
  -5.9497900e-02
  -6.1928800e-02
  -6.2877000e-02
  -6.2305200e-02
  -6.0756200e-02
  -5.8573900e-02
  -5.7363000e-02
  -5.8280000e-02
  -6.2019600e-02
  -6.8772100e-02
  -7.6229000e-02
  -8.3714700e-02
  -9.1468600e-02
  -9.8472200e-02
  -1.0332100e-01
  -1.0482800e-01
  -1.0302300e-01
  -9.7989100e-02
  -9.0521400e-02
  -8.1687100e-02
  -7.1224500e-02
  -5.9272400e-02
  -4.5551300e-02
  -2.9072700e-02
  -1.0495300e-02
   8.1799600e-03
   2.4638300e-02
   3.6019500e-02
   4.0904400e-02
   4.1770200e-02
   4.2169400e-02
   4.3950300e-02
   4.6915600e-02
   5.0285700e-02
   5.4052900e-02
   5.7851200e-02
   6.0692500e-02
   6.1885700e-02
   6.1850100e-02
   6.1410900e-02
   6.2254000e-02
   6.6024300e-02
   7.3738100e-02
   8.6935000e-02
   1.0636500e-01
   1.3056200e-01
   1.5413400e-01
   1.7167900e-01
   1.8175500e-01
   1.8593400e-01
   1.8615000e-01
   1.8317300e-01
   1.7729800e-01
   1.6873900e-01
   1.5798000e-01
   1.4432800e-01
   1.2804300e-01
   1.1069500e-01
   9.2824700e-02
   7.5431500e-02
   5.9734800e-02
   4.6339900e-02
   3.5292900e-02
   2.5953000e-02
   1.8838200e-02
   1.5384800e-02
   1.6669800e-02
   2.1938800e-02
   3.0036600e-02
   3.9805500e-02
   4.7887300e-02
   5.1410200e-02
   4.8152700e-02
   3.7898300e-02
   2.2017300e-02
   1.0510400e-03
  -2.3908100e-02
  -5.1408900e-02
  -7.8652700e-02
  -1.0111400e-01
  -1.1767200e-01
  -1.3159100e-01
  -1.4518500e-01
  -1.5620700e-01
  -1.6008300e-01
  -1.5653200e-01
  -1.4781500e-01
  -1.3374600e-01
  -1.1202400e-01
  -8.2001700e-02
  -4.8447800e-02
  -1.6800500e-02
   1.2424200e-02
   3.9888100e-02
   6.2063600e-02
   7.7074700e-02
   8.9309600e-02
   1.0265800e-01
   1.1691100e-01
   1.2904900e-01
   1.3654200e-01
   1.3981400e-01
   1.4041000e-01
   1.3804000e-01
   1.3209000e-01
   1.2239400e-01
   1.0840700e-01
   9.2153700e-02
   7.5106100e-02
   5.6583600e-02
   3.8329000e-02
   2.3136400e-02
   1.1611900e-02
   2.1481300e-03
  -7.6992800e-03
  -1.8532700e-02
  -2.9267600e-02
  -4.0057200e-02
  -5.1706700e-02
  -6.4461300e-02
  -7.7502000e-02
  -8.9886600e-02
  -1.0196500e-01
  -1.1410400e-01
  -1.2513800e-01
  -1.3345800e-01
  -1.3893200e-01
  -1.4171200e-01
  -1.4179800e-01
  -1.3864200e-01
  -1.3197600e-01
  -1.2328900e-01
  -1.1451700e-01
  -1.0837900e-01
  -1.0759100e-01
  -1.1291100e-01
  -1.2309100e-01
  -1.3578200e-01
  -1.4969100e-01
  -1.6383900e-01
  -1.7689400e-01
  -1.8803400e-01
  -1.9491700e-01
  -1.9498800e-01
  -1.8762200e-01
  -1.7329000e-01
  -1.5042600e-01
  -1.1851300e-01
  -8.4987200e-02
  -5.7331700e-02
  -3.5471200e-02
  -1.6144600e-02
   1.4098700e-03
   1.6600400e-02
   3.0370200e-02
   4.2247900e-02
   4.9220200e-02
   4.9146100e-02
   4.2732800e-02
   3.3210300e-02
   2.4129900e-02
   1.6550600e-02
   1.1494600e-02
   9.7652300e-03
   1.0693400e-02
   1.5564100e-02
   2.6315200e-02
   4.3238100e-02
   6.5774800e-02
   9.0810900e-02
   1.1397600e-01
   1.3459100e-01
   1.5394400e-01
   1.7191800e-01
   1.8929600e-01
   2.0635500e-01
   2.2233900e-01
   2.3703100e-01
   2.4897000e-01
   2.5773200e-01
   2.6445800e-01
   2.7018500e-01
   2.7436900e-01
   2.7484300e-01
   2.6966700e-01
   2.5833400e-01
   2.4276400e-01
   2.2396300e-01
   2.0140500e-01
   1.7681800e-01
   1.5322500e-01
   1.3245500e-01
   1.1484200e-01
   1.0040900e-01
   8.8154700e-02
   7.6628500e-02
   6.5663900e-02
   5.4835600e-02
   4.3951400e-02
   3.3873700e-02
   2.5744400e-02
   2.0021900e-02
   1.5992700e-02
   1.2143000e-02
   7.6195900e-03
   2.3531500e-03
  -3.5842000e-03
  -8.8008100e-03
  -1.3083000e-02
  -1.7154800e-02
  -2.1299800e-02
  -2.7302100e-02
  -3.6351400e-02
  -4.7781500e-02
  -6.2030200e-02
  -8.0648700e-02
  -1.0445600e-01
  -1.3214600e-01
  -1.5986100e-01
  -1.8477300e-01
  -2.0581000e-01
  -2.2181400e-01
  -2.3049800e-01
  -2.3058600e-01
  -2.2338700e-01
  -2.1050300e-01
  -1.9445400e-01
  -1.7716600e-01
  -1.5807300e-01
  -1.3640600e-01
  -1.1300100e-01
  -8.9808300e-02
  -6.7668300e-02
  -4.7837600e-02
  -3.3294300e-02
  -2.4858700e-02
  -2.0492300e-02
  -1.8556600e-02
  -1.8695900e-02
  -2.0723700e-02
  -2.3938200e-02
  -2.7417500e-02
  -2.9515500e-02
  -2.7361000e-02
  -1.9358900e-02
  -5.9809100e-03
   1.0863300e-02
   2.6532500e-02
   3.7222300e-02
   4.2334500e-02
   4.2639200e-02
   3.9954100e-02
   3.5215400e-02
   2.8534300e-02
   2.1201100e-02
   1.4255100e-02
   7.7017600e-03
   1.8537700e-03
  -3.8526500e-03
  -1.0088500e-02
  -1.5608100e-02
  -1.9801800e-02
  -2.3569700e-02
  -2.7270100e-02
  -3.0804800e-02
  -3.4854100e-02
  -3.9049600e-02
  -4.2633900e-02
  -4.4671200e-02
  -4.3422100e-02
  -3.8494400e-02
  -2.9549900e-02
  -1.7026900e-02
  -3.2529200e-03
   7.9193000e-03
   1.4635400e-02
   1.7648500e-02
   1.7832600e-02
   1.6283500e-02
   1.3989300e-02
   1.2816400e-02
   1.4386100e-02
   1.8996200e-02
   2.6285200e-02
   3.5759900e-02
   4.6067900e-02
   5.5967600e-02
   6.4774200e-02
   7.1856300e-02
   7.7434500e-02
   8.1930500e-02
   8.5177700e-02
   8.6360000e-02
   8.5646300e-02
   8.3265400e-02
   7.9189400e-02
   7.3485400e-02
   6.4960000e-02
   5.4486500e-02
   4.3513700e-02
   3.2918400e-02
   2.5429400e-02
   2.1338400e-02
   2.0092700e-02
   2.0793700e-02
   2.1488000e-02
   2.2195600e-02
   2.2483800e-02
   2.2541300e-02
   2.2846200e-02
   2.1832000e-02
   1.9405100e-02
   1.6054200e-02
   1.1305100e-02
   6.8885700e-03
   4.8347000e-03
   6.5462700e-03
   1.2954100e-02
   2.2653700e-02
   3.3387800e-02
   4.2445800e-02
   4.8499300e-02
   5.2904000e-02
   5.6591900e-02
   5.9303200e-02
   6.1359300e-02
   6.2460000e-02
   6.1285900e-02
   5.8122400e-02
   5.2037400e-02
   4.1502600e-02
   2.6505900e-02
   7.4246400e-03
  -1.3857200e-02
  -3.5313000e-02
  -5.5062300e-02
  -7.1758100e-02
  -8.4021100e-02
  -9.1085600e-02
  -9.3255400e-02
  -9.1483900e-02
  -8.6514600e-02
  -7.7030400e-02
  -6.3842400e-02
  -5.0050100e-02
  -3.5656100e-02
  -1.8995600e-02
   2.4501800e-04
   2.0504800e-02
   3.8704200e-02
   5.3219200e-02
   6.5294400e-02
   7.6096000e-02
   8.5003800e-02
   9.1819400e-02
   9.6160100e-02
   9.8972300e-02
   1.0183900e-01
   1.0467000e-01
   1.0686500e-01
   1.0749200e-01
   1.0727500e-01
   1.0524200e-01
   9.7233200e-02
   8.1526100e-02
   6.1335800e-02
   4.2090500e-02
   2.3079400e-02
  -2.7260800e-03
  -2.9083100e-02
  -3.6988700e-02
  -2.6230600e-02
  -1.3846000e-02
  -7.9079900e-03
  -2.9095100e-03
   6.7517100e-03
   1.9048100e-02
   3.0693600e-02
   3.9909000e-02
   4.7462900e-02
   5.5217400e-02
   6.3028300e-02
   7.0232000e-02
   7.5931200e-02
   7.9308400e-02
   8.1306700e-02
   8.2811600e-02
   8.3113900e-02
   8.2254400e-02
   7.9806500e-02
   7.4557400e-02
   6.6367700e-02
   5.6749800e-02
   4.7502000e-02
   3.8565500e-02
   3.0342500e-02
   2.3127100e-02
   1.5880300e-02
   7.7476200e-03
  -1.3078800e-03
  -9.8799300e-03
  -1.5716700e-02
  -1.7377500e-02
  -1.4967500e-02
  -1.0082900e-02
  -4.1654200e-03
   1.2466200e-03
   3.8923400e-03
   4.6761100e-03
   4.6873100e-03
   3.9832600e-03
   3.4239800e-03
   2.0661300e-03
  -1.4995800e-03
  -8.4249500e-03
  -1.7718700e-02
  -2.8417700e-02
  -4.0401700e-02
  -5.3335700e-02
  -6.8158500e-02
  -8.3882700e-02
  -9.8200500e-02
  -1.0846100e-01
  -1.1415600e-01
  -1.1706700e-01
  -1.1825300e-01
  -1.1764900e-01
  -1.1453900e-01
  -1.0872600e-01
  -1.0082700e-01
  -9.0638900e-02
  -7.8225600e-02
  -6.7052500e-02
  -5.8648400e-02
  -5.1488600e-02
  -4.4008100e-02
  -3.5745200e-02
  -2.6179000e-02
  -1.4324200e-02
  -1.1989900e-03
   1.1490500e-02
   2.1924200e-02
   2.8913300e-02
   3.2722100e-02
   3.5147800e-02
   3.5754000e-02
   3.3575000e-02
   3.0964800e-02
   2.8889900e-02
   2.6494600e-02
   2.4689500e-02
   2.3340300e-02
   2.0222000e-02
   1.5998200e-02
   1.1682200e-02
   6.1283200e-03
  -7.3348400e-04
  -8.7615100e-03
  -1.8651100e-02
  -2.9849800e-02
  -4.1759000e-02
  -5.3282000e-02
  -6.3072600e-02
  -7.1111200e-02
  -7.6985000e-02
  -8.0339300e-02
  -8.2139200e-02
  -8.2640100e-02
  -8.0452700e-02
  -7.6668900e-02
  -7.2235200e-02
  -6.6941600e-02
  -6.2577100e-02
  -5.8723600e-02
  -5.4333600e-02
  -4.9208900e-02
  -4.2230000e-02
  -3.4247400e-02
  -2.7038500e-02
  -2.1252700e-02
  -1.6861400e-02
  -1.3802000e-02
  -1.1877200e-02
  -1.1674300e-02
  -1.4104200e-02
  -1.8631100e-02
  -2.3395200e-02
  -2.7078600e-02
  -2.9713200e-02
  -3.2082000e-02
  -3.4968200e-02
  -3.8133600e-02
  -4.2208400e-02
  -4.6774200e-02
  -5.1072800e-02
  -5.5670900e-02
  -6.1092800e-02
  -6.7498100e-02
  -7.4038300e-02
  -8.0870600e-02
  -8.7627000e-02
  -9.3192300e-02
  -9.6714200e-02
  -9.6903200e-02
  -9.2443200e-02
  -8.3427300e-02
  -7.1808600e-02
  -5.8211100e-02
  -4.1330700e-02
  -2.2271400e-02
  -3.1465400e-03
   1.6499300e-02
   3.5403700e-02
   5.2157900e-02
   6.8048700e-02
   8.4440200e-02
   1.0094600e-01
   1.1520200e-01
   1.2481000e-01
   1.2907200e-01
   1.2883800e-01
   1.2581300e-01
   1.2057400e-01
   1.1270900e-01
   1.0380400e-01
   9.5233900e-02
   8.7384400e-02
   8.0748500e-02
   7.5032000e-02
   6.9213400e-02
   6.1993900e-02
   5.2469600e-02
   4.1239000e-02
   2.9474800e-02
   1.8769200e-02
   1.0367400e-02
   5.1674000e-03
   4.3858100e-03
   7.3398100e-03
   1.2649600e-02
   1.8607500e-02
   2.3874600e-02
   2.8096500e-02
   3.1608100e-02
   3.3840300e-02
   3.3208200e-02
   2.9847600e-02
   2.4755600e-02
   1.9946500e-02
   1.7798400e-02
   1.8644200e-02
   2.1162400e-02
   2.4422200e-02
   2.8816300e-02
   3.4123600e-02
   3.9371000e-02
   4.3260500e-02
   4.6173600e-02
   4.8390300e-02
   4.7652700e-02
   4.4359400e-02
   3.8993300e-02
   3.1875100e-02
   2.3838000e-02
   1.5370100e-02
   8.4527900e-03
   3.1446400e-03
  -4.0999400e-04
  -1.4364900e-03
  -5.1439700e-04
   1.4187200e-03
   3.8375000e-03
   5.9714000e-03
   6.5469100e-03
   4.6940700e-03
  -1.5540800e-03
  -1.2860500e-02
  -2.7096300e-02
  -4.2293800e-02
  -5.6748200e-02
  -6.8019000e-02
  -7.4696700e-02
  -7.6872400e-02
  -7.5067200e-02
  -6.9994100e-02
  -6.3639200e-02
  -5.7200300e-02
  -5.0761700e-02
  -4.5620100e-02
  -4.2476100e-02
  -4.1208500e-02
  -4.0872200e-02
  -4.1417300e-02
  -4.2323100e-02
  -4.3053200e-02
  -4.3878600e-02
  -4.4056900e-02
  -4.2839900e-02
  -3.9257500e-02
  -3.3782400e-02
  -2.6379800e-02
  -1.7451400e-02
  -1.0330300e-02
  -6.2501500e-03
  -4.7399100e-03
  -5.8971100e-03
  -7.6281800e-03
  -7.7775900e-03
  -5.6877100e-03
  -1.6755400e-03
   3.2538200e-03
   8.2732400e-03
   1.2747100e-02
   1.6653600e-02
   1.9720400e-02
   2.1984400e-02
   2.3182000e-02
   2.2110200e-02
   1.8004600e-02
   1.2614600e-02
   8.2312000e-03
   6.4070000e-03
   8.7674800e-03
   1.4225700e-02
   2.1822000e-02
   3.2929300e-02
   4.6986300e-02
   6.1866200e-02
   7.7640800e-02
   9.3308900e-02
   1.0740600e-01
   1.2064300e-01
   1.3205900e-01
   1.4141800e-01
   1.4761800e-01
   1.4813100e-01
   1.4506500e-01
   1.4065900e-01
   1.3476500e-01
   1.2779200e-01
   1.2009700e-01
   1.0994600e-01
   9.7446500e-02
   8.5145200e-02
   7.1369700e-02
   5.5496100e-02
   4.0300200e-02
   2.6806100e-02
   1.5513000e-02
   9.0909200e-03
   8.8098800e-03
   1.3137200e-02
   2.0316400e-02
   2.6522000e-02
   3.0730600e-02
   3.4462000e-02
   3.6439700e-02
   3.6186700e-02
   3.4075200e-02
   3.0743400e-02
   2.6456300e-02
   2.1319900e-02
   1.6149900e-02
   9.8768900e-03
   2.7682100e-03
  -4.3539700e-03
  -1.1679900e-02
  -1.9282700e-02
  -2.7415800e-02
  -3.5785600e-02
  -4.5001500e-02
  -5.3779000e-02
  -6.2183300e-02
  -7.1003100e-02
  -7.9186500e-02
  -8.7420300e-02
  -9.3890200e-02
  -9.7424900e-02
  -9.8285100e-02
  -9.6079100e-02
  -9.1577800e-02
  -8.5960700e-02
  -8.0096300e-02
  -7.3075200e-02
  -6.5754900e-02
  -6.0285800e-02
  -5.6770800e-02
  -5.5190100e-02
  -5.5466700e-02
  -5.6965800e-02
  -5.7791500e-02
  -5.6195200e-02
  -5.2230000e-02
  -4.5550900e-02
  -3.6462100e-02
  -2.6831000e-02
  -1.8316100e-02
  -1.2231100e-02
  -9.5186700e-03
  -9.4250700e-03
  -1.0793900e-02
  -1.2900100e-02
  -1.4080700e-02
  -1.4300300e-02
  -1.5322700e-02
  -1.7488200e-02
  -1.9671700e-02
  -2.1964600e-02
  -2.5248900e-02
  -2.8590500e-02
  -3.1967300e-02
  -3.5372400e-02
  -3.6969900e-02
  -3.7163900e-02
  -3.7296100e-02
  -3.7660800e-02
  -3.8181400e-02
  -3.7547100e-02
  -3.3839000e-02
  -2.3906000e-02
  -5.9007900e-03
   1.8087800e-02
   4.3968700e-02
   6.6880500e-02
   8.2664500e-02
   9.2134200e-02
   9.8962400e-02
   1.0451600e-01
   1.0912700e-01
   1.1276100e-01
   1.1598000e-01
   1.1860100e-01
   1.1945400e-01
   1.1900200e-01
   1.1754300e-01
   1.1534000e-01
   1.1118800e-01
   1.0404200e-01
   9.6660200e-02
   9.0018700e-02
   8.3075600e-02
   7.6221100e-02
   7.0421300e-02
   6.6662900e-02
   6.5441000e-02
   6.5009900e-02
   6.3141300e-02
   5.9459200e-02
   5.3129300e-02
   4.3487200e-02
   3.1647400e-02
   1.9044900e-02
   8.3072900e-03
   1.0771000e-03
  -4.4239000e-03
  -1.0402100e-02
  -1.6686100e-02
  -2.3059100e-02
  -3.0273100e-02
  -3.7519500e-02
  -4.5521900e-02
  -5.4587700e-02
  -6.2652700e-02
  -6.9194900e-02
  -7.3743500e-02
  -7.4990500e-02
  -7.3168300e-02
  -6.8303400e-02
  -5.9898800e-02
  -5.0053900e-02
  -4.0428100e-02
  -3.1861400e-02
  -2.6121300e-02
  -2.2011400e-02
  -1.8149900e-02
  -1.5401800e-02
  -1.3299400e-02
  -1.1188400e-02
  -8.4378900e-03
  -4.8465100e-03
  -1.4914600e-03
   2.1769100e-03
   6.5906700e-03
   1.1397000e-02
   1.7355500e-02
   2.4159000e-02
   2.9212100e-02
   3.0791900e-02
   2.9601100e-02
   2.5626100e-02
   1.8922000e-02
   1.0359900e-02
  -8.0175300e-04
  -1.3977300e-02
  -2.6257300e-02
  -3.7522500e-02
  -4.7678900e-02
  -5.5820200e-02
  -6.4032300e-02
  -7.0835300e-02
  -7.3784700e-02
  -7.4564300e-02
  -7.2572100e-02
  -6.5864100e-02
  -5.4789600e-02
  -4.0821400e-02
  -2.6185800e-02
  -1.2050600e-02
   5.8003800e-04
   1.0108500e-02
   1.7749300e-02
   2.4632700e-02
   3.1396900e-02
   3.8561300e-02
   4.4993500e-02
   5.1014900e-02
   5.6949800e-02
   6.2537900e-02
   6.8985700e-02
   7.7188100e-02
   8.6808900e-02
   9.7512900e-02
   1.0915100e-01
   1.2101900e-01
   1.3068700e-01
   1.3715800e-01
   1.4040900e-01
   1.3990900e-01
   1.3675200e-01
   1.3062200e-01
   1.2124900e-01
   1.1009900e-01
   9.8824900e-02
   8.7325200e-02
   7.5071900e-02
   6.2091400e-02
   4.8441000e-02
   3.5745800e-02
   2.4126600e-02
   1.2488900e-02
  -2.7456900e-04
  -1.5156400e-02
  -3.1708900e-02
  -4.8676200e-02
  -6.3713600e-02
  -7.4442900e-02
  -8.0422200e-02
  -8.2442500e-02
  -8.2173600e-02
  -8.0450000e-02
  -7.7735200e-02
  -7.5369000e-02
  -7.3800400e-02
  -7.3222900e-02
  -7.3607200e-02
  -7.4484600e-02
  -7.5739100e-02
  -7.6333400e-02
  -7.4953800e-02
  -7.1859600e-02
  -6.7992800e-02
  -6.4703100e-02
  -6.3087200e-02
  -6.3487000e-02
  -6.6304200e-02
  -7.2233300e-02
  -8.0063300e-02
  -8.8209000e-02
  -9.5824700e-02
  -1.0071000e-01
  -1.0190500e-01
  -1.0015500e-01
  -9.5623400e-02
  -8.8673500e-02
  -8.0509700e-02
  -7.1916100e-02
  -6.3429900e-02
  -5.5609400e-02
  -4.8537400e-02
  -4.2852200e-02
  -3.9492000e-02
  -3.8369700e-02
  -3.9381800e-02
  -4.2056000e-02
  -4.5179600e-02
  -4.7521200e-02
  -4.7811600e-02
  -4.5098300e-02
  -3.9767600e-02
  -3.2683800e-02
  -2.3760300e-02
  -1.3931300e-02
  -4.7484900e-03
   3.5008400e-03
   9.8219000e-03
   1.3936900e-02
   1.5687800e-02
   1.3836400e-02
   9.1828300e-03
   1.7952800e-03
  -7.5735500e-03
  -1.7557300e-02
  -2.8279500e-02
  -3.9027500e-02
  -4.8256400e-02
  -5.3832200e-02
  -5.5413500e-02
  -5.3979600e-02
  -5.1150600e-02
  -4.7236100e-02
  -4.0938500e-02
  -3.2960700e-02
  -2.4976000e-02
  -1.7692900e-02
  -1.0378600e-02
  -4.0373900e-03
  -9.9749200e-04
   4.5496000e-05
   6.3515200e-04
   1.7506000e-03
   6.5015800e-03
   1.5577300e-02
   2.8631200e-02
   4.5645300e-02
   6.5308800e-02
   8.5523800e-02
   1.0501600e-01
   1.2423500e-01
   1.4150900e-01
   1.5439100e-01
   1.6289100e-01
   1.6872700e-01
   1.7301000e-01
   1.7627400e-01
   1.7903900e-01
   1.8131300e-01
   1.8354100e-01
   1.8607400e-01
   1.8810700e-01
   1.8887200e-01
   1.8748400e-01
   1.8235900e-01
   1.7287700e-01
   1.5652300e-01
   1.2986000e-01
   9.2257000e-02
   4.8100800e-02
   7.3267100e-03
  -2.5424800e-02
  -5.5449700e-02
  -8.5626600e-02
  -1.1103700e-01
  -1.2839800e-01
  -1.4064200e-01
  -1.5186400e-01
  -1.6227500e-01
  -1.7001600e-01
  -1.7412700e-01
  -1.7563900e-01
  -1.7736500e-01
  -1.7997400e-01
  -1.8313600e-01
  -1.8654700e-01
  -1.8835700e-01
  -1.8782700e-01
  -1.8459900e-01
  -1.7834200e-01
  -1.6946200e-01
  -1.5784600e-01
  -1.4389700e-01
  -1.2893100e-01
  -1.1477500e-01
  -1.0344200e-01
  -9.5669500e-02
  -8.9822300e-02
  -8.4602000e-02
  -7.9846500e-02
  -7.5320000e-02
  -7.0535600e-02
  -6.4662300e-02
  -5.8233800e-02
  -5.1699500e-02
  -4.4497800e-02
  -3.7402600e-02
  -3.0472600e-02
  -2.3108400e-02
  -1.5776800e-02
  -8.0163700e-03
   4.2232800e-04
   9.3408800e-03
   1.8705300e-02
   2.7815700e-02
   3.6493200e-02
   4.4443600e-02
   5.1243100e-02
   5.7211900e-02
   6.2841400e-02
   6.8793200e-02
   7.4270400e-02
   7.8514700e-02
   8.2074300e-02
   8.4500700e-02
   8.6404200e-02
   8.8732500e-02
   9.1267700e-02
   9.4216100e-02
   9.7565400e-02
   9.9915100e-02
   9.9461300e-02
   9.6411500e-02
   9.1191000e-02
   8.3920600e-02
   7.5513700e-02
   6.7247800e-02
   6.1005400e-02
   5.7630200e-02
   5.6100500e-02
   5.5243800e-02
   5.5327200e-02
   5.7328100e-02
   6.0355500e-02
   6.2933400e-02
   6.5353600e-02
   6.6626600e-02
   6.6297600e-02
   6.5740500e-02
   6.5477600e-02
   6.6288700e-02
   6.9041100e-02
   7.4225700e-02
   8.0720700e-02
   8.7189900e-02
   9.4236000e-02
   1.0232500e-01
   1.0990000e-01
   1.1508800e-01
   1.1686100e-01
   1.1490800e-01
   1.1035700e-01
   1.0422000e-01
   9.7515800e-02
   9.1265200e-02
   8.5678400e-02
   8.0616900e-02
   7.5513900e-02
   6.9655700e-02
   6.2534900e-02
   5.4052700e-02
   4.4382600e-02
   3.4061400e-02
   2.3079000e-02
   1.0745700e-02
  -2.4753600e-03
  -1.5283700e-02
  -2.6352900e-02
  -3.6051700e-02
  -4.5450400e-02
  -5.4102600e-02
  -6.1609400e-02
  -6.7655800e-02
  -7.2880700e-02
  -7.8028500e-02
  -8.2865100e-02
  -8.6678500e-02
  -8.7620800e-02
  -8.4221100e-02
  -7.6159500e-02
  -6.4685600e-02
  -5.1797900e-02
  -3.9553400e-02
  -3.1223300e-02
  -2.8869200e-02
  -3.1242000e-02
  -3.6539200e-02
  -4.3875300e-02
  -5.2551100e-02
  -6.1785600e-02
  -6.9978000e-02
  -7.5706900e-02
  -7.9525400e-02
  -8.2758800e-02
  -8.5651300e-02
  -8.8001900e-02
  -8.9141800e-02
  -8.8447600e-02
  -8.6497300e-02
  -8.3563700e-02
  -7.9138200e-02
  -7.2897700e-02
  -6.5048600e-02
  -5.6632200e-02
  -4.9649600e-02
  -4.6365700e-02
  -4.7685900e-02
  -5.2219300e-02
  -5.7870400e-02
  -6.3001200e-02
  -6.6835700e-02
  -6.9717600e-02
  -7.0982200e-02
  -7.0484300e-02
  -6.9423000e-02
  -6.7649500e-02
  -6.5564700e-02
  -6.3274300e-02
  -5.9645300e-02
  -5.4881800e-02
  -4.8458000e-02
  -3.9608200e-02
  -2.8630100e-02
  -1.6006300e-02
  -3.3486800e-03
   7.8805700e-03
   1.7766100e-02
   2.6546500e-02
   3.2291600e-02
   3.2938200e-02
   2.9753500e-02
   2.3615200e-02
   1.3849600e-02
   1.7820900e-03
  -1.0295300e-02
  -2.0801600e-02
  -2.9906700e-02
  -3.8333000e-02
  -4.6368300e-02
  -5.4076600e-02
  -6.1439400e-02
  -6.8752600e-02
  -7.6322500e-02
  -8.4034100e-02
  -9.0277000e-02
  -9.3179900e-02
  -9.1524600e-02
  -8.4999200e-02
  -7.4164700e-02
  -6.0846400e-02
  -4.7477200e-02
  -3.5022800e-02
  -2.4087000e-02
  -1.4023500e-02
  -4.6930500e-03
   1.5793600e-04
  -1.1803400e-03
  -6.4877400e-03
  -1.4895900e-02
  -2.4967200e-02
  -3.3542800e-02
  -3.8930200e-02
  -4.0957100e-02
  -4.0138400e-02
  -3.7127100e-02
  -3.2109100e-02
  -2.5410800e-02
  -1.8643000e-02
  -1.2473500e-02
  -7.4464200e-03
  -4.3004200e-03
  -3.3373300e-03
  -5.4503200e-03
  -1.0687600e-02
  -1.7549000e-02
  -2.3151500e-02
  -2.6391300e-02
  -2.7774100e-02
  -2.6552900e-02
  -2.2382500e-02
  -1.6678400e-02
  -9.8714200e-03
  -1.6977900e-03
   8.2271400e-03
   1.9745400e-02
   3.0910000e-02
   4.1032400e-02
   5.0339300e-02
   5.8379500e-02
   6.4063700e-02
   6.7172400e-02
   6.8184800e-02
   6.7028100e-02
   6.4110400e-02
   6.0091500e-02
   5.5468300e-02
   5.0598300e-02
   4.5136800e-02
   3.7698900e-02
   2.6787800e-02
   1.2371400e-02
  -2.9379100e-03
  -1.6171600e-02
  -2.5527700e-02
  -3.1195600e-02
  -3.5029000e-02
  -3.8045500e-02
  -4.0654300e-02
  -4.1281300e-02
  -3.7949900e-02
  -2.9937400e-02
  -1.8238700e-02
  -5.3721800e-03
   6.9492800e-03
   1.6899400e-02
   2.3274500e-02
   2.5918600e-02
   2.5736600e-02
   2.4694400e-02
   2.4054700e-02
   2.3571000e-02
   2.3586900e-02
   2.3967900e-02
   2.2957200e-02
   2.1033800e-02
   1.9243900e-02
   1.8068300e-02
   1.8216000e-02
   1.9288900e-02
   2.0524000e-02
   2.1065600e-02
   2.0630500e-02
   1.8839500e-02
   1.5026300e-02
   9.1898400e-03
   4.5594100e-04
  -1.1527800e-02
  -2.4714700e-02
  -3.6105400e-02
  -4.4201300e-02
  -4.7888500e-02
  -4.7262500e-02
  -4.5130500e-02
  -4.1817100e-02
  -3.7539300e-02
  -3.3131400e-02
  -2.7695700e-02
  -2.1312200e-02
  -1.3482800e-02
  -4.1830100e-03
   5.0584800e-03
   1.4232900e-02
   2.3534900e-02
   3.1777100e-02
   3.8234800e-02
   4.2251200e-02
   4.3379200e-02
   4.3090700e-02
   4.3897800e-02
   4.6637500e-02
   5.1769400e-02
   5.8973600e-02
   6.6704000e-02
   7.3890800e-02
   7.9139000e-02
   8.2202600e-02
   8.3027100e-02
   8.1191500e-02
   7.7220000e-02
   7.1912900e-02
   6.5195200e-02
   5.7211100e-02
   4.9372800e-02
   4.1960200e-02
   3.4469200e-02
   2.6994500e-02
   1.9421600e-02
   1.1491800e-02
   3.6945000e-03
  -3.5804000e-03
  -1.0277300e-02
  -1.6563300e-02
  -2.2751000e-02
  -2.9345400e-02
  -3.6337200e-02
  -4.2356000e-02
  -4.7123800e-02
  -5.1339400e-02
  -5.6254400e-02
  -6.1942400e-02
  -6.6574900e-02
  -7.0003300e-02
  -7.2977000e-02
  -7.4973300e-02
  -7.4940100e-02
  -7.2833300e-02
  -6.8731900e-02
  -6.2179100e-02
  -5.3575100e-02
  -4.3828800e-02
  -3.4918400e-02
  -2.7734300e-02
  -2.0428200e-02
  -1.3129300e-02
  -7.5028600e-03
  -3.7562800e-03
  -1.7142000e-03
  -1.2429300e-03
  -1.4905900e-03
  -1.9278700e-03
  -2.6811200e-03
  -3.4156300e-03
  -3.5478900e-03
  -2.3942900e-03
   3.5818400e-04
   4.6042900e-03
   9.9671500e-03
   1.6729900e-02
   2.5208600e-02
   3.4789300e-02
   4.5235600e-02
   5.5062100e-02
   6.2822700e-02
   6.7915300e-02
   6.8869100e-02
   6.5525900e-02
   5.8542100e-02
   4.9489900e-02
   4.1055300e-02
   3.4860500e-02
   3.0422500e-02
   2.6723200e-02
   2.3508600e-02
   1.9620800e-02
   1.4123800e-02
   6.7400800e-03
  -2.9898500e-03
  -1.3915500e-02
  -2.4361000e-02
  -3.3711200e-02
  -4.1209100e-02
  -4.5981800e-02
  -4.7301100e-02
  -4.5848600e-02
  -4.2151000e-02
  -3.6414800e-02
  -3.0279100e-02
  -2.4519500e-02
  -2.0145600e-02
  -1.7853000e-02
  -1.7170500e-02
  -1.8193800e-02
  -2.0589500e-02
  -2.3792200e-02
  -2.7234100e-02
  -3.0551600e-02
  -3.3555300e-02
  -3.5833800e-02
  -3.7768300e-02
  -3.9104500e-02
  -3.9514900e-02
  -3.9617800e-02
  -3.9335300e-02
  -3.8310300e-02
  -3.5309300e-02
  -2.9482700e-02
  -2.1239800e-02
  -1.0808700e-02
   9.3694100e-04
   1.3186700e-02
   2.5888600e-02
   3.8407600e-02
   4.8932400e-02
   5.5560500e-02
   5.7735100e-02
   5.6296000e-02
   5.2969000e-02
   4.9183800e-02
   4.6171000e-02
   4.5002800e-02
   4.5208900e-02
   4.6763400e-02
   4.9952900e-02
   5.4716100e-02
   6.0940700e-02
   6.8042800e-02
   7.5059600e-02
   8.1216000e-02
   8.7619500e-02
   9.4438400e-02
   9.9313400e-02
   1.0030100e-01
   9.6748200e-02
   8.8648200e-02
   7.6921500e-02
   6.4108600e-02
   5.2909900e-02
   4.4440100e-02
   3.8824500e-02
   3.5206300e-02
   3.3080200e-02
   3.2233600e-02
   3.1746400e-02
   3.1972400e-02
   3.3460700e-02
   3.5627200e-02
   3.7889500e-02
   3.9532200e-02
   3.9627500e-02
   3.8033800e-02
   3.5218500e-02
   3.1410800e-02
   2.6999500e-02
   2.2667300e-02
   1.8737000e-02
   1.5240600e-02
   1.2383300e-02
   1.0073900e-02
   7.8902200e-03
   5.5262700e-03
   3.2196500e-03
   1.5217000e-03
   1.2947800e-03
   3.2858800e-03
   7.7236800e-03
   1.4582500e-02
   2.2020600e-02
   2.8219500e-02
   3.2968500e-02
   3.6299300e-02
   3.8916600e-02
   4.1650200e-02
   4.4129400e-02
   4.5404200e-02
   4.5165500e-02
   4.3188000e-02
   3.9444700e-02
   3.4261100e-02
   2.8020100e-02
   2.1666500e-02
   1.6280400e-02
   1.3168700e-02
   1.2039300e-02
   1.1702800e-02
   1.2311400e-02
   1.3449500e-02
   1.4667600e-02
   1.5517800e-02
   1.5373000e-02
   1.4468600e-02
   1.2558200e-02
   9.6320700e-03
   6.3928400e-03
   2.3947200e-03
  -2.4243600e-03
  -7.8489600e-03
  -1.4301200e-02
  -2.1220800e-02
  -2.8554900e-02
  -3.6223200e-02
  -4.3282900e-02
  -4.9895900e-02
  -5.6563300e-02
  -6.3246800e-02
  -6.9566900e-02
  -7.5043800e-02
  -7.9602800e-02
  -8.3258500e-02
  -8.6281000e-02
  -8.8717500e-02
  -8.9993900e-02
  -9.0215500e-02
  -8.9141800e-02
  -8.5907100e-02
  -8.0767900e-02
  -7.3603000e-02
  -6.3405300e-02
  -5.0133000e-02
  -3.5540200e-02
  -2.1418700e-02
  -7.9755300e-03
   4.4613300e-03
   1.4656700e-02
   2.1776300e-02
   2.6605600e-02
   2.9734800e-02
   3.1235600e-02
   3.1700100e-02
   3.0977000e-02
   2.8479700e-02
   2.4108600e-02
   1.7874500e-02
   9.8683200e-03
   1.9797100e-03
  -3.6658600e-03
  -7.2308800e-03
  -9.5503400e-03
  -1.1154800e-02
  -1.1873600e-02
  -1.1038600e-02
  -8.3870300e-03
  -3.8502200e-03
   2.7114700e-03
   1.1229900e-02
   2.1227200e-02
   3.1329100e-02
   3.9671800e-02
   4.5629500e-02
   4.8234700e-02
   4.6450700e-02
   4.1053600e-02
   3.3582200e-02
   2.5658400e-02
   1.8665900e-02
   1.3475900e-02
   1.0447900e-02
   9.6564200e-03
   1.1175700e-02
   1.4426400e-02
   1.8798600e-02
   2.3475000e-02
   2.7418600e-02
   3.0177800e-02
   3.1097700e-02
   2.9955200e-02
   2.7042700e-02
   2.3538100e-02
   2.0638300e-02
   1.8896200e-02
   1.8984800e-02
   2.0730400e-02
   2.3864800e-02
   2.7952800e-02
   3.1454800e-02
   3.2609400e-02
   3.0333500e-02
   2.5032800e-02
   1.7257300e-02
   7.0952800e-03
  -4.7418800e-03
  -1.6614400e-02
  -2.6913200e-02
  -3.5625100e-02
  -4.2975600e-02
  -4.8948700e-02
  -5.3317800e-02
  -5.4628000e-02
  -5.2911900e-02
  -4.9984900e-02
  -4.6882500e-02
  -4.4040900e-02
  -4.1490400e-02
  -3.8604000e-02
  -3.5340500e-02
  -3.1722700e-02
  -2.6925300e-02
  -2.0943500e-02
  -1.4492100e-02
  -8.5154900e-03
  -4.2161100e-03
  -2.6761800e-03
  -4.4054800e-03
  -8.5382800e-03
  -1.3567900e-02
  -1.8587100e-02
  -2.2463100e-02
  -2.4161200e-02
  -2.4116200e-02
  -2.2830500e-02
  -2.0462600e-02
  -1.7552400e-02
  -1.4436100e-02
  -1.1203400e-02
  -8.2932400e-03
  -6.5046000e-03
  -6.3781700e-03
  -7.8949600e-03
  -1.0252200e-02
  -1.2785900e-02
  -1.5059400e-02
  -1.6599300e-02
  -1.7824800e-02
  -1.8822600e-02
  -1.9771200e-02
  -2.1035000e-02
  -2.1787000e-02
  -2.1915000e-02
  -2.1593100e-02
  -2.0006400e-02
  -1.6657500e-02
  -1.2295200e-02
  -7.8619100e-03
  -4.2269800e-03
  -2.3894700e-03
  -1.6343900e-03
  -8.7743600e-04
   9.2550400e-04
   4.1345800e-03
   7.5211800e-03
   1.0318700e-02
   1.2067500e-02
   1.2725800e-02
   1.1763400e-02
   8.3549700e-03
   3.7849800e-03
   1.9360700e-04
  -2.0871300e-03
  -4.3088400e-03
  -6.8854000e-03
  -8.8619400e-03
  -9.8221400e-03
  -1.0438200e-02
  -1.0663800e-02
  -1.0133500e-02
  -9.1978200e-03
  -8.2426600e-03
  -7.3566300e-03
  -6.3331400e-03
  -5.2831800e-03
  -4.7978900e-03
  -4.7803100e-03
  -4.4537900e-03
  -3.8918000e-03
  -2.4887800e-03
   1.3861600e-04
   3.0481900e-03
   6.2091800e-03
   9.3923200e-03
   1.2252100e-02
   1.4388300e-02
   1.4548300e-02
   1.3227200e-02
   1.1893700e-02
   1.0756200e-02
   9.3960500e-03
   7.6847100e-03
   5.8719700e-03
   3.1571400e-03
  -7.3531800e-04
  -5.3880800e-03
  -1.0347100e-02
  -1.5369000e-02
  -2.0341900e-02
  -2.4327500e-02
  -2.8002400e-02
  -3.2270700e-02
  -3.7356000e-02
  -4.2994800e-02
  -4.7874800e-02
  -5.0984300e-02
  -5.1756900e-02
  -5.0149200e-02
  -4.6343000e-02
  -4.0950400e-02
  -3.5316400e-02
  -3.0595200e-02
  -2.7155800e-02
  -2.5196600e-02
  -2.4017500e-02
  -2.2836800e-02
  -2.2134500e-02
  -2.2069500e-02
  -2.3417400e-02
  -2.7247500e-02
  -3.2492700e-02
  -3.7750600e-02
  -4.2348600e-02
  -4.5164400e-02
  -4.5924500e-02
  -4.4689600e-02
  -4.1534600e-02
  -3.7237100e-02
  -3.2347600e-02
  -2.7245200e-02
  -2.1651300e-02
  -1.5795100e-02
  -9.5755200e-03
  -2.4347500e-03
   4.4771900e-03
   1.0608200e-02
   1.5825600e-02
   1.9926800e-02
   2.3042800e-02
   2.4813300e-02
   2.4681000e-02
   2.2638800e-02
   1.9696600e-02
   1.5909500e-02
   1.1314100e-02
   7.0809700e-03
   3.5237700e-03
   4.3261900e-05
  -3.6078000e-03
  -6.6832500e-03
  -8.5975300e-03
  -9.2191200e-03
  -8.0976900e-03
  -5.4336700e-03
  -1.7840200e-03
   1.8866800e-03
   4.9179400e-03
   7.0809500e-03
   7.7373300e-03
   6.9466500e-03
   4.7290600e-03
   1.5844100e-03
  -1.3477500e-03
  -3.2306400e-03
  -3.4170500e-03
  -2.2164900e-03
   1.9019200e-04
   3.3110300e-03
   6.4156700e-03
   9.5830200e-03
   1.2544200e-02
   1.5901500e-02
   2.0108000e-02
   2.4458200e-02
   2.8962300e-02
   3.3430800e-02
   3.6825000e-02
   3.9214500e-02
   4.1274600e-02
   4.3205400e-02
   4.5291100e-02
   4.7188600e-02
   4.8505700e-02
   4.9457300e-02
   5.0149700e-02
   5.0128000e-02
   4.8550300e-02
   4.5646000e-02
   4.2013300e-02
   3.8098700e-02
   3.4746100e-02
   3.2612600e-02
   3.1527300e-02
   3.0606000e-02
   2.9726300e-02
   2.8653000e-02
   2.6504700e-02
   2.3094200e-02
   1.8386700e-02
   1.2481700e-02
   5.8544700e-03
  -6.4207300e-04
  -6.3142400e-03
  -1.1275000e-02
  -1.5291900e-02
  -1.8676100e-02
  -2.1826500e-02
  -2.4500000e-02
  -2.7433400e-02
  -3.0267200e-02
  -3.1868100e-02
  -3.2191700e-02
  -3.0968000e-02
  -2.8328100e-02
  -2.4656500e-02
  -2.0732700e-02
  -1.7363800e-02
  -1.4817000e-02
  -1.4076800e-02
  -1.5622900e-02
  -1.8762800e-02
  -2.3580700e-02
  -3.0746700e-02
  -3.8929700e-02
  -4.6694800e-02
  -5.3936800e-02
  -6.1447500e-02
  -6.9396700e-02
  -7.6233500e-02
  -8.0771100e-02
  -8.2933500e-02
  -8.3228400e-02
  -8.2447400e-02
  -8.0802800e-02
  -7.7642500e-02
  -7.3381100e-02
  -6.8192300e-02
  -6.2204900e-02
  -5.6665000e-02
  -5.2614900e-02
  -5.0308700e-02
  -4.9196100e-02
  -4.9019800e-02
  -4.9238500e-02
  -4.8939800e-02
  -4.7552200e-02
  -4.4250300e-02
  -3.8797400e-02
  -3.1474400e-02
  -2.2097300e-02
  -1.1221000e-02
   5.9790900e-04
   1.3969500e-02
   2.9395900e-02
   4.5396900e-02
   6.0635100e-02
   7.5016400e-02
   8.7565800e-02
   9.7447100e-02
   1.0373300e-01
   1.0683100e-01
   1.0731900e-01
   1.0433600e-01
   9.7953600e-02
   8.9882100e-02
   8.1532200e-02
   7.2254200e-02
   6.3751800e-02
   5.8422200e-02
   5.6197100e-02
   5.6634200e-02
   5.8040200e-02
   5.9634100e-02
   6.1683200e-02
   6.3252600e-02
   6.3844700e-02
   6.3237000e-02
   6.1210300e-02
   5.8218900e-02
   5.5248700e-02
   5.2416800e-02
   4.9087500e-02
   4.5901100e-02
   4.2578100e-02
   3.8287000e-02
   3.3372700e-02
   2.7434500e-02
   2.0877000e-02
   1.4739100e-02
   8.5518900e-03
   2.9050800e-03
  -1.4516600e-03
  -4.7205700e-03
  -6.8841000e-03
  -8.2238400e-03
  -8.8621600e-03
  -9.3401100e-03
  -1.0298000e-02
  -1.1647800e-02
  -1.2945200e-02
  -1.4222000e-02
  -1.5851500e-02
  -1.7580700e-02
  -1.9422800e-02
  -2.1491100e-02
  -2.3225000e-02
  -2.5078600e-02
  -2.7000000e-02
  -2.8684000e-02
  -3.0966400e-02
  -3.3441500e-02
  -3.6297700e-02
  -3.9611000e-02
  -4.2360100e-02
  -4.4568100e-02
  -4.5700800e-02
  -4.5252400e-02
  -4.2777100e-02
  -3.8311900e-02
  -3.3066500e-02
  -2.7801900e-02
  -2.3003600e-02
  -1.8464700e-02
  -1.3660000e-02
  -8.8280600e-03
  -4.7806500e-03
  -1.6252300e-03
   2.8424900e-04
   7.7488600e-04
   1.7607500e-04
  -1.8367100e-03
  -5.4594700e-03
  -1.0857300e-02
  -1.7431000e-02
  -2.5433400e-02
  -3.5216200e-02
  -4.5403600e-02
  -5.5321900e-02
  -6.4434000e-02
  -7.2661300e-02
  -8.0252200e-02
  -8.6245100e-02
  -8.9750500e-02
  -8.9827700e-02
  -8.6231700e-02
  -7.9551900e-02
  -7.0248700e-02
  -5.9087500e-02
  -4.6808900e-02
  -3.5341800e-02
  -2.6562900e-02
  -2.0131600e-02
  -1.5617300e-02
  -1.2983900e-02
  -1.1940000e-02
  -1.1406300e-02
  -1.0362000e-02
  -8.7368500e-03
  -6.5019700e-03
  -3.9675800e-03
  -1.1386200e-03
   2.5992400e-03
   7.7207700e-03
   1.3912100e-02
   2.0914000e-02
   2.8469300e-02
   3.5544500e-02
   4.1204300e-02
   4.5094000e-02
   4.7705800e-02
   4.8854200e-02
   4.7267800e-02
   4.3276600e-02
   3.7410900e-02
   2.9193400e-02
   1.9086300e-02
   7.9409500e-03
  -3.0234900e-03
  -1.2952400e-02
  -2.1466200e-02
  -2.7678300e-02
  -3.0941700e-02
  -3.1050700e-02
  -2.8204300e-02
  -2.3023600e-02
  -1.5820000e-02
  -7.0048400e-03
   1.9959300e-03
   1.0273700e-02
   1.7883600e-02
   2.4284200e-02
   2.8738700e-02
   3.1016200e-02
   3.0825900e-02
   2.8071800e-02
   2.2694300e-02
   1.4429100e-02
   3.8385400e-03
  -7.4293200e-03
  -1.8514600e-02
  -2.9525500e-02
  -3.9660200e-02
  -4.7789900e-02
  -5.3479900e-02
  -5.6799700e-02
  -5.8328900e-02
  -5.9165200e-02
  -5.9970500e-02
  -6.1283200e-02
  -6.3307700e-02
  -6.5415900e-02
  -6.7135800e-02
  -6.8113100e-02
  -6.7894100e-02
  -6.6245100e-02
  -6.3551900e-02
  -6.0372700e-02
  -5.6610000e-02
  -5.1575700e-02
  -4.5722900e-02
  -3.9879100e-02
  -3.4023600e-02
  -2.8481400e-02
  -2.3521600e-02
  -1.9128200e-02
  -1.5369300e-02
  -1.2533000e-02
  -1.0867500e-02
  -9.4437100e-03
  -7.2495400e-03
  -4.4712700e-03
  -1.1683900e-03
   2.2191100e-03
   5.2121800e-03
   8.2655300e-03
   1.1130100e-02
   1.3844400e-02
   1.6231200e-02
   1.8373700e-02
   2.1423700e-02
   2.5412300e-02
   3.0362800e-02
   3.5404000e-02
   3.9387000e-02
   4.2696200e-02
   4.5232800e-02
   4.6899200e-02
   4.7881300e-02
   4.8209500e-02
   4.7849300e-02
   4.6793000e-02
   4.5559300e-02
   4.4006000e-02
   4.1620400e-02
   3.8658500e-02
   3.5989600e-02
   3.3918100e-02
   3.2808100e-02
   3.3502900e-02
   3.5393600e-02
   3.7971200e-02
   4.1357100e-02
   4.5436800e-02
   5.0158800e-02
   5.4760200e-02
   5.9027800e-02
   6.3204400e-02
   6.6754400e-02
   6.9381100e-02
   7.0957200e-02
   7.1288800e-02
   7.0808900e-02
   6.9744100e-02
   6.8382400e-02
   6.7377900e-02
   6.6790700e-02
   6.6622100e-02
   6.6603800e-02
   6.6733800e-02
   6.7277800e-02
   6.7845800e-02
   6.8026600e-02
   6.7584700e-02
   6.6108500e-02
   6.3401400e-02
   5.9449900e-02
   5.4314100e-02
   4.8651800e-02
   4.2369800e-02
   3.5417900e-02
   2.8115100e-02
   2.0622800e-02
   1.3636900e-02
   7.0313300e-03
   1.2630800e-03
  -2.6884600e-03
  -4.6482700e-03
  -4.9881200e-03
  -3.9504500e-03
  -1.4562300e-03
   2.2945000e-03
   6.7993500e-03
   1.1024200e-02
   1.5008500e-02
   1.8858200e-02
   2.1718200e-02
   2.3464100e-02
   2.4685200e-02
   2.4934700e-02
   2.3671900e-02
   2.1274600e-02
   1.7960100e-02
   1.3792300e-02
   8.5695800e-03
   2.7467900e-03
  -3.0827800e-03
  -8.5118200e-03
  -1.3116900e-02
  -1.6975400e-02
  -1.9997000e-02
  -2.2126000e-02
  -2.4054400e-02
  -2.6029700e-02
  -2.7742000e-02
  -2.9487100e-02
  -3.1395100e-02
  -3.3763200e-02
  -3.6527100e-02
  -3.8985500e-02
  -4.0412400e-02
  -4.0423200e-02
  -3.9439800e-02
  -3.7674000e-02
  -3.4871000e-02
  -3.0649800e-02
  -2.5014600e-02
  -1.8662600e-02
  -1.2298200e-02
  -6.0323700e-03
   6.9848600e-05
   5.6525100e-03
   1.0269900e-02
   1.3507900e-02
   1.5200300e-02
   1.5756700e-02
   1.5663000e-02
   1.5338800e-02
   1.5074300e-02
   1.5021900e-02
   1.5199000e-02
   1.4791800e-02
   1.3360000e-02
   1.1120000e-02
   8.1447800e-03
   4.6859100e-03
   1.5622600e-03
  -4.4293000e-04
  -1.2492100e-03
  -9.3729100e-04
   2.5003200e-05
   7.1413100e-04
   4.8413600e-04
  -5.8855300e-04
  -2.2907400e-03
  -4.3193500e-03
  -5.9462200e-03
  -6.9306400e-03
  -7.3204900e-03
  -6.7600100e-03
  -5.0256400e-03
  -2.3654600e-03
   1.2824800e-03
   5.9060400e-03
   1.0838700e-02
   1.5341000e-02
   1.9172300e-02
   2.2359200e-02
   2.4549100e-02
   2.5334200e-02
   2.4534800e-02
   2.2353400e-02
   1.9194900e-02
   1.5210500e-02
   1.0506400e-02
   5.2203100e-03
   1.4199600e-04
  -4.1422400e-03
  -7.6918500e-03
  -9.9657400e-03
  -1.1412600e-02
  -1.2453200e-02
  -1.2422800e-02
  -1.1561200e-02
  -1.0086200e-02
  -7.4443700e-03
  -3.6235300e-03
   6.2039700e-04
   5.0869800e-03
   9.0698500e-03
   1.1413500e-02
   1.1925600e-02
   1.0456500e-02
   7.2563300e-03
   2.6251900e-03
  -2.7923100e-03
  -7.5264300e-03
  -1.0752500e-02
  -1.2063700e-02
  -1.1578600e-02
  -9.7725300e-03
  -6.3988200e-03
  -1.7996300e-03
   2.9495700e-03
   7.1392200e-03
   1.0463100e-02
   1.3108200e-02
   1.5287700e-02
   1.7230600e-02
   1.8907000e-02
   2.0064700e-02
   2.0723200e-02
   2.1109500e-02
   2.1494000e-02
   2.1692600e-02
   2.1898400e-02
   2.2099300e-02
   2.1743000e-02
   2.0701300e-02
   1.8831200e-02
   1.6611800e-02
   1.4626600e-02
   1.3047700e-02
   1.2190200e-02
   1.1970400e-02
   1.2339800e-02
   1.3332200e-02
   1.4587500e-02
   1.6064700e-02
   1.7453700e-02
   1.8171300e-02
   1.8513800e-02
   1.8776000e-02
   1.8732000e-02
   1.8337800e-02
   1.7863600e-02
   1.7372700e-02
   1.6702000e-02
   1.5827600e-02
   1.4694900e-02
   1.3423400e-02
   1.2321400e-02
   1.1599400e-02
   1.1820700e-02
   1.3126500e-02
   1.4871100e-02
   1.6878000e-02
   1.9221900e-02
   2.1416700e-02
   2.3061500e-02
   2.3946000e-02
   2.3520600e-02
   2.1741800e-02
   1.8367900e-02
   1.2996000e-02
   5.6972800e-03
  -3.5258300e-03
  -1.3522500e-02
  -2.3074100e-02
  -3.2087900e-02
  -4.0161000e-02
  -4.6939600e-02
  -5.2178200e-02
  -5.5747600e-02
  -5.7900300e-02
  -5.8190500e-02
  -5.6318700e-02
  -5.2718200e-02
  -4.8132600e-02
  -4.3183000e-02
  -3.8323400e-02
  -3.4327100e-02
  -3.0993900e-02
  -2.7546900e-02
  -2.4145500e-02
  -2.1660400e-02
  -2.0027300e-02
  -1.8678300e-02
  -1.7680800e-02
  -1.6847500e-02
  -1.6240500e-02
  -1.5961800e-02
  -1.5851200e-02
  -1.5602600e-02
  -1.5219000e-02
  -1.4872400e-02
  -1.4150600e-02
  -1.3181700e-02
  -1.1953700e-02
  -9.8633100e-03
  -6.8188300e-03
  -3.2379000e-03
   6.5950700e-04
   4.7717000e-03
   8.3665600e-03
   1.1378300e-02
   1.3753500e-02
   1.4896100e-02
   1.4824200e-02
   1.4040000e-02
   1.3099100e-02
   1.2085300e-02
   1.0913800e-02
   9.7001800e-03
   8.9796900e-03
   8.4213100e-03
   7.5026200e-03
   6.9535200e-03
   7.0412300e-03
   7.6225100e-03
   8.5105400e-03
   9.3740300e-03
   1.0169800e-02
   1.0389700e-02
   9.7273800e-03
   8.2415600e-03
   5.5842100e-03
   1.7844100e-03
  -2.7823200e-03
  -7.9152200e-03
  -1.3005500e-02
  -1.7354100e-02
  -2.0842100e-02
  -2.3496100e-02
  -2.5219900e-02
  -2.5767000e-02
  -2.5168800e-02
  -2.3627600e-02
  -2.1337900e-02
  -1.8606900e-02
  -1.5396300e-02
  -1.1799700e-02
  -8.2514200e-03
  -4.7841400e-03
  -1.1793000e-03
   2.6291200e-03
   6.6447400e-03
   1.0694100e-02
   1.4511900e-02
   1.7984300e-02
   2.0910900e-02
   2.3248000e-02
   2.4916500e-02
   2.5863600e-02
   2.6103600e-02
   2.5006500e-02
   2.2308000e-02
   1.8650100e-02
   1.4458500e-02
   9.6540900e-03
   4.5947600e-03
  -4.5259300e-04
  -5.6492500e-03
  -1.0877200e-02
  -1.5733300e-02
  -1.9967800e-02
  -2.3972300e-02
  -2.7550900e-02
  -3.0336700e-02
  -3.2301400e-02
  -3.3088400e-02
  -3.2790100e-02
  -3.1736300e-02
  -2.9972300e-02
  -2.7368500e-02
  -2.3822200e-02
  -1.9734800e-02
  -1.5883500e-02
  -1.2181400e-02
  -8.3291300e-03
  -4.8576300e-03
  -1.9047000e-03
   8.1118000e-04
   3.2635200e-03
   5.1864200e-03
   6.1479200e-03
   6.3568200e-03
   6.4568400e-03
   6.3512100e-03
   6.0344600e-03
   5.9455300e-03
   5.8336600e-03
   5.3593300e-03
   4.6066400e-03
   3.2401200e-03
   1.3807300e-03
  -3.2413900e-04
  -2.0872300e-03
  -3.8340200e-03
  -5.0083500e-03
  -5.6738900e-03
  -5.5549900e-03
  -4.2487600e-03
  -2.2386600e-03
   1.9393900e-04
   2.9636700e-03
   5.2594600e-03
   6.5050900e-03
   6.8059800e-03
   6.3837700e-03
   5.1684600e-03
   3.4363500e-03
   1.4578200e-03
  -7.9305500e-04
  -3.0981800e-03
  -5.5605900e-03
  -8.0516100e-03
  -1.0014600e-02
  -1.1116600e-02
  -1.1483900e-02
  -1.1558400e-02
  -1.1728700e-02
  -1.2294700e-02
  -1.3375300e-02
  -1.4511000e-02
  -1.5577600e-02
  -1.6726100e-02
  -1.7744900e-02
  -1.8787500e-02
  -1.9545500e-02
  -1.9524100e-02
  -1.9172600e-02
  -1.8874200e-02
  -1.8655600e-02
  -1.8673800e-02
  -1.8596400e-02
  -1.7918500e-02
  -1.6459700e-02
  -1.4302700e-02
  -1.2027800e-02
  -1.0144100e-02
  -8.6727500e-03
  -7.5098100e-03
  -6.8538000e-03
  -6.7626500e-03
  -6.9621100e-03
  -7.5261900e-03
  -8.4574200e-03
  -9.5714900e-03
  -1.0642600e-02
  -1.1038800e-02
  -1.0850800e-02
  -1.0296600e-02
  -9.2128700e-03
  -7.9748500e-03
  -6.8938700e-03
  -5.9952400e-03
  -4.8002500e-03
  -3.0808800e-03
  -1.1061100e-03
   6.6106800e-04
   2.0403500e-03
   3.0915700e-03
   3.7625800e-03
   4.3672500e-03
   5.0573400e-03
   5.8774500e-03
   6.8342000e-03
   7.6251800e-03
   7.7578700e-03
   7.2220000e-03
   6.0381500e-03
   3.9901800e-03
   1.7064700e-03
  -2.6939100e-04
  -2.5932300e-03
  -5.3589900e-03
  -7.9412300e-03
  -1.0088300e-02
  -1.1468200e-02
  -1.2394100e-02
  -1.3041500e-02
  -1.2728900e-02
  -1.1342700e-02
  -9.0402700e-03
  -5.7866300e-03
  -2.1716900e-03
   1.0166000e-03
   4.1282400e-03
   7.3859100e-03
   1.0569300e-02
   1.3829900e-02
   1.7139700e-02
   2.0284400e-02
   2.2979200e-02
   2.5187000e-02
   2.7059900e-02
   2.8649600e-02
   2.9710300e-02
   3.0250600e-02
   3.0387300e-02
   3.0056000e-02
   2.9459100e-02
   2.8521600e-02
   2.7042700e-02
   2.5080600e-02
   2.2492400e-02
   1.9382700e-02
   1.6309400e-02
   1.3103900e-02
   9.4549800e-03
   5.7684100e-03
   2.2622400e-03
  -9.4279800e-04
  -3.6744800e-03
  -5.8035800e-03
  -7.1717600e-03
  -7.9122100e-03
  -7.9745900e-03
  -7.0361500e-03
  -5.2126500e-03
  -2.7641500e-03
   6.6083500e-05
   2.8619200e-03
   5.7365000e-03
   8.7751900e-03
   1.1804600e-02
   1.4807700e-02
   1.7754200e-02
   2.0525800e-02
   2.2824200e-02
   2.4695000e-02
   2.6226300e-02
   2.7099400e-02
   2.7221700e-02
   2.6879500e-02
   2.5859900e-02
   2.4216200e-02
   2.2215600e-02
   1.9355500e-02
   1.5635900e-02
   1.1447900e-02
   7.0766900e-03
   2.6470300e-03
  -2.2920100e-03
  -7.4050500e-03
  -1.1663900e-02
  -1.4862500e-02
  -1.7448200e-02
  -1.9775600e-02
  -2.1707900e-02
  -2.3289500e-02
  -2.4550000e-02
  -2.5088300e-02
  -2.4926100e-02
  -2.4070800e-02
  -2.2374400e-02
  -1.9994200e-02
  -1.7227400e-02
  -1.4485600e-02
  -1.2185400e-02
  -1.0471100e-02
  -9.1369700e-03
  -7.8239400e-03
  -6.3781000e-03
  -4.9064100e-03
  -3.5631700e-03
  -2.6675000e-03
  -2.5200700e-03
  -2.9767000e-03
  -3.4869600e-03
  -3.7321000e-03
  -3.6527000e-03
  -3.1310400e-03
  -2.0825000e-03
  -5.1529500e-04
   1.4385900e-03
   3.5560700e-03
   5.6510700e-03
   7.7746700e-03
   9.9467900e-03
   1.1801500e-02
   1.3256500e-02
   1.4647500e-02
   1.6092100e-02
   1.7785700e-02
   1.9956500e-02
   2.2450800e-02
   2.5153400e-02
   2.7980100e-02
   3.0744300e-02
   3.3167200e-02
   3.5052000e-02
   3.6401500e-02
   3.7228700e-02
   3.7515900e-02
   3.6924600e-02
   3.5259300e-02
   3.2755400e-02
   2.9808600e-02
   2.6799200e-02
   2.3996100e-02
   2.1239300e-02
   1.8334800e-02
   1.5876300e-02
   1.4168800e-02
   1.3210000e-02
   1.2968300e-02
   1.3069800e-02
   1.3517400e-02
   1.4172700e-02
   1.4839400e-02
   1.5516800e-02
   1.6179700e-02
   1.6955400e-02
   1.7681200e-02
   1.8003800e-02
   1.7773000e-02
   1.7098300e-02
   1.6301100e-02
   1.5581000e-02
   1.4978300e-02
   1.4493000e-02
   1.3943400e-02
   1.3440100e-02
   1.2853800e-02
   1.1666000e-02
   9.7340500e-03
   6.9857700e-03
   3.3558700e-03
  -8.9403000e-04
  -5.2796000e-03
  -9.7975300e-03
  -1.4343900e-02
  -1.8489700e-02
  -2.2296200e-02
  -2.5417900e-02
  -2.7479300e-02
  -2.8825500e-02
  -2.9594800e-02
  -2.9911700e-02
  -2.9932900e-02
  -2.9668100e-02
  -2.9343700e-02
  -2.9223300e-02
  -2.9310800e-02
  -2.9660300e-02
  -3.0359200e-02
  -3.0866700e-02
  -3.1002500e-02
  -3.1164500e-02
  -3.1252000e-02
  -3.1068400e-02
  -3.0634900e-02
  -3.0280500e-02
  -3.0481000e-02
  -3.1232600e-02
  -3.2310100e-02
  -3.3481100e-02
  -3.4224700e-02
  -3.4242300e-02
  -3.3518700e-02
  -3.1767500e-02
  -2.8912500e-02
  -2.5354400e-02
  -2.1408200e-02
  -1.7438300e-02
  -1.3595500e-02
  -9.8417900e-03
  -6.7368400e-03
  -4.7763300e-03
  -3.6411900e-03
  -3.0194400e-03
  -2.7574400e-03
  -2.4663600e-03
  -2.2409200e-03
  -2.2655700e-03
  -2.4879000e-03
  -2.9709100e-03
  -3.5892200e-03
  -4.0234800e-03
  -4.1725300e-03
  -4.1863500e-03
  -4.0285900e-03
  -3.4236800e-03
  -2.3150400e-03
  -8.7442500e-04
   8.7721600e-04
   2.7622800e-03
   4.4569400e-03
   5.8875700e-03
   6.8026500e-03
   7.2551600e-03
   7.5051700e-03
   7.5777300e-03
   7.6077900e-03
   7.5061700e-03
   7.4792900e-03
   7.5372700e-03
   7.6466900e-03
   8.1592500e-03
   8.5883900e-03
   8.6098400e-03
   8.6557400e-03
   8.6807700e-03
   8.6770100e-03
   8.7486500e-03
   8.6487900e-03
   8.5396100e-03
   8.4384700e-03
   8.2461500e-03
   8.1144300e-03
   7.8177700e-03
   7.2156600e-03
   6.4043900e-03
   5.5173900e-03
   4.5159900e-03
   3.1097900e-03
   1.0326100e-03
  -1.9078400e-03
  -5.2903000e-03
  -8.5412400e-03
  -1.1575500e-02
  -1.4172200e-02
  -1.5960200e-02
  -1.6836900e-02
  -1.7109300e-02
  -1.7397900e-02
  -1.8126500e-02
  -1.9118700e-02
  -2.0094300e-02
  -2.1102000e-02
  -2.2209800e-02
  -2.3504300e-02
  -2.5332500e-02
  -2.7549900e-02
  -2.9338400e-02
  -3.0344400e-02
  -3.0580900e-02
  -2.9919100e-02
  -2.8346000e-02
  -2.6108700e-02
  -2.3595800e-02
  -2.0961700e-02
  -1.8335100e-02
  -1.6105000e-02
  -1.4114300e-02
  -1.1994700e-02
  -9.6254800e-03
  -7.2506500e-03
  -5.3860400e-03
  -4.2698400e-03
  -4.0866500e-03
  -4.7419300e-03
  -6.0981800e-03
  -8.0821000e-03
  -1.0528300e-02
  -1.2929200e-02
  -1.4904600e-02
  -1.6696500e-02
  -1.8504600e-02
  -2.0474300e-02
  -2.2271200e-02
  -2.3224600e-02
  -2.3075600e-02
  -2.2300900e-02
  -2.1396600e-02
  -1.9945100e-02
  -1.7700400e-02
  -1.4807100e-02
  -1.1304600e-02
  -7.6959800e-03
  -4.8008100e-03
  -2.6381700e-03
  -7.4133400e-04
   8.0559500e-04
   1.7565700e-03
   2.3117900e-03
   2.7118800e-03
   2.9614100e-03
   3.4409900e-03
   4.3896200e-03
   5.8007000e-03
   7.6170600e-03
   9.5030900e-03
   1.1463000e-02
   1.3404200e-02
   1.4859700e-02
   1.5814100e-02
   1.6266500e-02
   1.6001300e-02
   1.5225000e-02
   1.4294500e-02
   1.3473300e-02
   1.3153800e-02
   1.3602200e-02
   1.4637300e-02
   1.5926200e-02
   1.7205400e-02
   1.8416400e-02
   1.9291200e-02
   1.9408400e-02
   1.8686300e-02
   1.6759800e-02
   1.3598000e-02
   9.5402300e-03
   4.6657400e-03
  -5.0549600e-04
  -5.3921300e-03
  -9.5766000e-03
  -1.2866100e-02
  -1.5352600e-02
  -1.7032700e-02
  -1.7933700e-02
  -1.8075600e-02
  -1.7714300e-02
  -1.7266600e-02
  -1.6768300e-02
  -1.5940100e-02
  -1.4728600e-02
  -1.3320800e-02
  -1.1575500e-02
  -9.6273600e-03
  -7.7643200e-03
  -5.6863800e-03
  -3.5142500e-03
  -1.6307200e-03
  -9.4783300e-06
   1.3987100e-03
   2.8233700e-03
   4.5234600e-03
   6.2959500e-03
   8.0476600e-03
   9.7648400e-03
   1.1124400e-02
   1.2237900e-02
   1.3182800e-02
   1.3972400e-02
   1.4612500e-02
   1.4646700e-02
   1.4302300e-02
   1.3827600e-02
   1.3058400e-02
   1.1986300e-02
   1.0452000e-02
   8.6713900e-03
   6.6976400e-03
   4.3869900e-03
   1.7645300e-03
  -1.5878200e-03
  -5.4884100e-03
  -8.9919800e-03
  -1.1652400e-02
  -1.3362700e-02
  -1.4285100e-02
  -1.4631000e-02
  -1.4500700e-02
  -1.3972100e-02
  -1.2797800e-02
  -1.1119800e-02
  -9.2760700e-03
  -7.4908200e-03
  -5.9260900e-03
  -4.3520400e-03
  -2.8414000e-03
  -1.5434900e-03
  -4.7568500e-04
   4.4363400e-04
   1.4390400e-03
   2.6746100e-03
   4.2466800e-03
   6.0484000e-03
   8.1122800e-03
   1.0513300e-02
   1.3383300e-02
   1.6466900e-02
   1.9236600e-02
   2.1641600e-02
   2.3724800e-02
   2.5251500e-02
   2.5872700e-02
   2.5507700e-02
   2.4218000e-02
   2.2093700e-02
   1.9271800e-02
   1.5851700e-02
   1.1944600e-02
   7.9593400e-03
   4.3318100e-03
   7.4179700e-04
  -3.1382500e-03
  -6.9674400e-03
  -1.0277900e-02
  -1.2788100e-02
  -1.4426900e-02
  -1.5369400e-02
  -1.5707400e-02
  -1.5330700e-02
  -1.4514100e-02
  -1.3564300e-02
  -1.2391100e-02
  -1.0861500e-02
  -9.0715500e-03
  -7.2074700e-03
  -5.1757300e-03
  -2.7571400e-03
  -3.1935500e-05
   2.8305300e-03
   5.8267100e-03
   8.8970100e-03
   1.1978000e-02
   1.4975800e-02
   1.7819900e-02
   2.0214500e-02
   2.1569900e-02
   2.1935600e-02
   2.1674500e-02
   2.0910200e-02
   1.9737600e-02
   1.8168600e-02
   1.6224700e-02
   1.3797500e-02
   1.0793600e-02
   7.6719200e-03
   4.8516600e-03
   2.1188400e-03
  -8.8663800e-04
  -4.0507300e-03
  -7.0711000e-03
  -1.0043800e-02
  -1.2958700e-02
  -1.5573700e-02
  -1.7795000e-02
  -1.9709600e-02
  -2.1217500e-02
  -2.2294900e-02
  -2.3141200e-02
  -2.3719800e-02
  -2.4127500e-02
  -2.4221500e-02
  -2.3776600e-02
  -2.3081400e-02
  -2.2334900e-02
  -2.1488400e-02
  -2.0433600e-02
  -1.8941700e-02
  -1.6816900e-02
  -1.4259300e-02
  -1.1559300e-02
  -8.8483300e-03
  -6.3139600e-03
  -3.9416200e-03
  -1.4820400e-03
   9.1300800e-04
   3.0545200e-03
   5.0817100e-03
   7.2197500e-03
   9.4173400e-03
   1.1380300e-02
   1.3147600e-02
   1.4612500e-02
   1.5704500e-02
   1.6473600e-02
   1.6995900e-02
   1.7327600e-02
   1.7295000e-02
   1.7239700e-02
   1.7351200e-02
   1.7426000e-02
   1.7736100e-02
   1.8087600e-02
   1.8353900e-02
   1.8645400e-02
   1.8580500e-02
   1.8276900e-02
   1.7847400e-02
   1.7146100e-02
   1.6220800e-02
   1.5148800e-02
   1.3876200e-02
   1.2298500e-02
   1.0567700e-02
   9.0835900e-03
   7.9306600e-03
   6.7929500e-03
   5.7139800e-03
   4.8759500e-03
   4.5594300e-03
   4.9353700e-03
   5.4697200e-03
   5.9035100e-03
   6.2673600e-03
   6.3728900e-03
   6.2793200e-03
   6.2129000e-03
   6.2778900e-03
   6.5483400e-03
   6.7483700e-03
   6.4986900e-03
   5.9479600e-03
   5.2037300e-03
   4.3885200e-03
   3.7819800e-03
   3.3778000e-03
   3.2725900e-03
   3.5601600e-03
   4.1106400e-03
   4.9895300e-03
   6.3637700e-03
   8.3413100e-03
   1.0869100e-02
   1.3701600e-02
   1.6525800e-02
   1.8718300e-02
   1.9435600e-02
   1.8672600e-02
   1.7179100e-02
   1.5583000e-02
   1.4167200e-02
   1.2601800e-02
   1.0575100e-02
   8.6179900e-03
   7.6368500e-03
