   4.3274200e-02
   4.3513400e-02
   4.3074600e-02
   4.1724800e-02
   3.8854900e-02
   3.5028100e-02
   3.1662700e-02
   3.0164500e-02
   3.1322000e-02
   3.3900300e-02
   3.6150500e-02
   3.7566300e-02
   3.8538700e-02
   4.0090100e-02
   4.2891000e-02
   4.6300600e-02
   4.9830000e-02
   5.4746600e-02
   6.1459600e-02
   6.7037500e-02
   6.6992000e-02
   5.9251700e-02
   4.6576500e-02
   3.3667700e-02
   2.3672900e-02
   1.7560600e-02
   1.4779300e-02
   1.3409600e-02
   1.0878400e-02
   5.6335800e-03
  -2.4382500e-03
  -1.1302400e-02
  -1.8202900e-02
  -2.1308400e-02
  -1.9784900e-02
  -1.4648400e-02
  -7.7577500e-03
  -2.6494100e-04
   7.5180400e-03
   1.4501700e-02
   1.8976500e-02
   1.9574100e-02
   1.5905200e-02
   1.0472200e-02
   6.0059800e-03
   2.9898800e-03
   1.5412700e-03
   1.8110500e-03
   3.2006800e-03
   4.9588500e-03
   5.9052000e-03
   4.5609500e-03
   6.4312400e-05
  -7.3922500e-03
  -1.5257700e-02
  -2.0614100e-02
  -2.3484900e-02
  -2.5240100e-02
  -2.5305800e-02
  -2.2757800e-02
  -1.8565700e-02
  -1.3836600e-02
  -9.5230900e-03
  -7.3017300e-03
  -8.7390800e-03
  -1.3278200e-02
  -1.8494300e-02
  -2.2968200e-02
  -2.7657400e-02
  -3.3694200e-02
  -3.9998200e-02
  -4.5922800e-02
  -5.2502000e-02
  -6.0010600e-02
  -6.7419300e-02
  -7.3402800e-02
  -7.7231300e-02
  -7.8348300e-02
  -7.5531000e-02
  -6.6384700e-02
  -4.8838000e-02
  -2.0910900e-02
   1.6576200e-02
   5.4286300e-02
   8.2234000e-02
   9.9380700e-02
   1.1012500e-01
   1.1768000e-01
   1.2182700e-01
   1.2028500e-01
   1.1258900e-01
   1.0072700e-01
   8.6632400e-02
   7.2857100e-02
   6.1941900e-02
   5.4204200e-02
   4.8572500e-02
   4.2948700e-02
   3.5081300e-02
   2.4626800e-02
   1.3828300e-02
   6.5888700e-03
   5.8821400e-03
   1.2711700e-02
   2.4918900e-02
   3.7134500e-02
   4.4774800e-02
   4.7001700e-02
   4.6794100e-02
   4.8182800e-02
   5.1829100e-02
   5.4476000e-02
   5.1893400e-02
   4.2057100e-02
   2.6803400e-02
   9.8600100e-03
  -5.2434500e-03
  -1.5418800e-02
  -1.8889200e-02
  -1.6195600e-02
  -1.0570700e-02
  -6.1752100e-03
  -5.0087400e-03
  -6.3043400e-03
  -8.8253900e-03
  -1.1720500e-02
  -1.5095100e-02
  -1.9500800e-02
  -2.3535600e-02
  -2.4546500e-02
  -2.0045400e-02
  -9.6538600e-03
   3.7209000e-03
   1.5819600e-02
   2.4679300e-02
   3.0068400e-02
   3.1801100e-02
   3.0064000e-02
   2.4736300e-02
   1.5972700e-02
   5.4455800e-03
  -3.9102900e-03
  -1.0635500e-02
  -1.5852000e-02
  -2.1063100e-02
  -2.6244600e-02
  -3.1434600e-02
  -3.7345700e-02
  -4.4118800e-02
  -5.0889800e-02
  -5.4085200e-02
  -4.9433000e-02
  -3.5642400e-02
  -1.4064300e-02
   1.2408000e-02
   3.8925900e-02
   5.9014200e-02
   6.7183400e-02
   6.2169300e-02
   4.7595300e-02
   2.8500500e-02
   9.6562800e-03
  -4.0413800e-03
  -9.0700200e-03
  -5.6870500e-03
   1.1451300e-03
   4.6923600e-03
   1.1985600e-03
  -7.6460300e-03
  -1.7644300e-02
  -2.6321200e-02
  -3.2325900e-02
  -3.3845300e-02
  -3.0275900e-02
  -2.4583400e-02
  -2.1380600e-02
  -2.2442500e-02
  -2.4845600e-02
  -2.4083500e-02
  -1.8881300e-02
  -1.1368600e-02
  -4.4993700e-03
  -1.2889800e-03
  -4.2501000e-03
  -1.3931400e-02
  -2.7617800e-02
  -3.9883500e-02
  -4.6674100e-02
  -4.7060400e-02
  -4.2107800e-02
  -3.4595200e-02
  -2.7570200e-02
  -2.2360800e-02
  -1.8576900e-02
  -1.4751900e-02
  -9.0755300e-03
  -1.7554100e-03
   4.5041300e-03
   7.0368400e-03
   3.8925100e-03
  -4.9930200e-03
  -1.5771400e-02
  -2.3509800e-02
  -2.4719600e-02
  -1.7886900e-02
  -5.0830800e-03
   8.9308200e-03
   2.0442800e-02
   2.7854800e-02
   3.0589100e-02
   2.8361700e-02
   2.0600400e-02
   8.3853600e-03
  -5.2518000e-03
  -1.7714000e-02
  -2.6563800e-02
  -2.9300900e-02
  -2.5621100e-02
  -1.9117600e-02
  -1.3968000e-02
  -1.0976100e-02
  -9.0956500e-03
  -6.7449400e-03
  -3.9014200e-03
  -2.8500100e-03
  -5.0130300e-03
  -9.7302400e-03
  -1.3292200e-02
  -1.0814400e-02
  -2.3442000e-03
   6.6814900e-03
   1.0793100e-02
   8.3005400e-03
   1.9170600e-03
  -2.6186700e-03
   2.0190200e-04
   1.1480000e-02
   2.6827600e-02
   3.9600000e-02
   4.5684500e-02
   4.5813200e-02
   4.3705800e-02
   4.2790900e-02
   4.4070400e-02
   4.6314800e-02
   4.7637000e-02
   4.6258100e-02
   4.2020100e-02
   3.6725400e-02
   3.2785600e-02
   3.2458000e-02
   3.5903800e-02
   4.0120400e-02
   4.1500300e-02
   3.7739100e-02
   2.8545000e-02
   1.6404100e-02
   4.4303400e-03
  -5.2382200e-03
  -1.1105300e-02
  -1.4408600e-02
  -1.7341800e-02
  -2.0328100e-02
  -2.3499600e-02
  -2.5718200e-02
  -2.4600100e-02
  -1.8324300e-02
  -6.4569500e-03
   9.5416300e-03
   2.5673300e-02
   3.8000100e-02
   4.5137300e-02
   4.8664600e-02
   5.2474400e-02
   5.7573000e-02
   6.1952800e-02
   6.4308500e-02
   6.3820600e-02
   6.0006600e-02
   5.3556900e-02
   4.6707400e-02
   4.2134700e-02
   4.0734500e-02
   4.0552200e-02
   3.7321200e-02
   2.8272700e-02
   1.4643700e-02
  -7.2677200e-04
  -1.4509600e-02
  -2.4566400e-02
  -2.9436200e-02
  -2.6048900e-02
  -1.3565400e-02
   5.3489900e-03
   2.7154500e-02
   4.7494900e-02
   6.2402600e-02
   7.0393300e-02
   7.1504700e-02
   6.6706700e-02
   5.9150800e-02
   5.3012600e-02
   5.0567400e-02
   5.1683200e-02
   5.4841200e-02
   5.7713800e-02
   5.7849400e-02
   5.3501100e-02
   4.4704200e-02
   3.3930900e-02
   2.4273000e-02
   1.6815800e-02
   1.1662600e-02
   8.7829900e-03
   7.7311800e-03
   7.3034100e-03
   7.3889300e-03
   8.6868000e-03
   1.0076100e-02
   1.1244800e-02
   1.2110100e-02
   1.1697600e-02
   1.0059800e-02
   7.5418400e-03
   4.0215600e-03
   4.6161600e-04
  -2.5389700e-03
  -5.8772500e-03
  -9.9669600e-03
  -1.5339100e-02
  -2.2335100e-02
  -2.9445300e-02
  -3.5408000e-02
  -4.0188200e-02
  -4.3983200e-02
  -4.7094500e-02
  -4.9041500e-02
  -4.8254400e-02
  -4.4120400e-02
  -3.8736400e-02
  -3.4145500e-02
  -3.1771300e-02
  -3.2164500e-02
  -3.4924600e-02
  -3.8862200e-02
  -4.1967200e-02
  -4.4674400e-02
  -4.7785000e-02
  -5.0346300e-02
  -5.2573000e-02
  -5.4954500e-02
  -5.7280600e-02
  -5.9482000e-02
  -6.0479000e-02
  -5.9563500e-02
  -5.7608700e-02
  -5.6070000e-02
  -5.7414200e-02
  -6.2466400e-02
  -6.9859000e-02
  -7.8672100e-02
  -8.7127400e-02
  -9.2925900e-02
  -9.5416700e-02
  -9.6258200e-02
  -9.8259200e-02
  -1.0380300e-01
  -1.1251600e-01
  -1.2274700e-01
  -1.3252200e-01
  -1.3955500e-01
  -1.4380500e-01
  -1.4415500e-01
  -1.3893500e-01
  -1.2889700e-01
  -1.1597400e-01
  -1.0342700e-01
  -9.4417200e-02
  -8.9099700e-02
  -8.6120500e-02
  -8.3783800e-02
  -8.0944400e-02
  -7.9255300e-02
  -7.9970400e-02
  -8.2512200e-02
  -8.5795700e-02
  -8.9002600e-02
  -9.2997300e-02
  -9.7135700e-02
  -9.7258400e-02
  -8.9498200e-02
  -7.5274800e-02
  -6.0660000e-02
  -5.1984700e-02
  -5.2062400e-02
  -5.7361100e-02
  -6.3362300e-02
  -6.8341000e-02
  -7.0897200e-02
  -7.0376800e-02
  -6.8119200e-02
  -6.6317300e-02
  -6.6752400e-02
  -6.8276600e-02
  -6.8518100e-02
  -6.7980800e-02
  -6.8095400e-02
  -7.0219100e-02
  -7.3367000e-02
  -7.3585000e-02
  -6.7133100e-02
  -5.3548900e-02
  -3.6097000e-02
  -1.7589600e-02
   5.5704900e-04
   1.6603100e-02
   2.8434500e-02
   3.6453600e-02
   4.3586200e-02
   5.0443400e-02
   5.5847800e-02
   5.8382900e-02
   5.8377000e-02
   5.9594900e-02
   6.3826300e-02
   6.8389500e-02
   6.8922400e-02
   6.3264000e-02
   5.3766800e-02
   4.4731300e-02
   3.7740700e-02
   3.1298900e-02
   2.2870000e-02
   1.1368300e-02
  -3.3404000e-03
  -2.2383900e-02
  -4.4505100e-02
  -6.6147100e-02
  -8.2314800e-02
  -8.8353000e-02
  -8.4803100e-02
  -7.7221300e-02
  -7.1748200e-02
  -6.9879900e-02
  -6.9449600e-02
  -6.8715600e-02
  -6.5949500e-02
  -5.8885900e-02
  -4.7643300e-02
  -3.5321500e-02
  -2.5590900e-02
  -1.8626000e-02
  -1.1665100e-02
  -2.3553200e-03
   1.1154100e-02
   2.6966500e-02
   4.2056700e-02
   5.5225600e-02
   6.7443600e-02
   8.2212200e-02
   9.9377600e-02
   1.1603900e-01
   1.3028600e-01
   1.4008300e-01
   1.4486600e-01
   1.4528000e-01
   1.4284100e-01
   1.3903900e-01
   1.3147700e-01
   1.1410600e-01
   8.2485500e-02
   4.0825100e-02
   1.6833000e-03
  -2.2375600e-02
  -2.5306900e-02
  -1.0510900e-02
   1.2359500e-02
   3.3918800e-02
   4.7536000e-02
   5.0662000e-02
   4.7379300e-02
   4.4930100e-02
   4.7154000e-02
   5.4470200e-02
   6.2507800e-02
   6.3017600e-02
   5.1721000e-02
   3.2452100e-02
   1.4314600e-02
   2.0979700e-03
  -6.7870000e-03
  -1.6696000e-02
  -3.0569500e-02
  -4.7389600e-02
  -6.4331800e-02
  -7.9802000e-02
  -9.2671400e-02
  -1.0004100e-01
  -9.6904300e-02
  -8.1061400e-02
  -5.5331100e-02
  -2.5638800e-02
   2.2268300e-03
   2.4882800e-02
   4.0399400e-02
   4.7105400e-02
   4.4305100e-02
   3.2987800e-02
   1.6400200e-02
  -9.2170800e-04
  -1.5455600e-02
  -2.4720700e-02
  -2.9115900e-02
  -3.4354800e-02
  -4.6217300e-02
  -6.4059800e-02
  -8.1970900e-02
  -9.2892100e-02
  -9.0818000e-02
  -7.4044300e-02
  -4.6819100e-02
  -1.5426900e-02
   1.2459300e-02
   3.1650000e-02
   4.2961600e-02
   5.0052100e-02
   5.6251300e-02
   6.1463100e-02
   6.4756600e-02
   6.5062600e-02
   6.2046300e-02
   5.6756700e-02
   5.0444100e-02
   4.6705100e-02
   4.8694300e-02
   5.5391700e-02
   6.1811800e-02
   6.2702300e-02
   5.4400500e-02
   3.4916300e-02
   5.5771700e-03
  -2.8613200e-02
  -5.9694900e-02
  -8.0724700e-02
  -8.8555000e-02
  -8.3174800e-02
  -6.8892900e-02
  -5.2620700e-02
  -3.8827000e-02
  -2.9367600e-02
  -2.4286400e-02
  -2.1871600e-02
  -1.9806500e-02
  -1.6100800e-02
  -9.6480900e-03
   8.5934400e-04
   1.4731600e-02
   2.7871800e-02
   3.7329400e-02
   4.2151700e-02
   4.3129100e-02
   4.3854200e-02
   4.7665300e-02
   5.4122000e-02
   6.1123200e-02
   6.7645400e-02
   7.3094900e-02
   7.6271200e-02
   7.5798500e-02
   7.2046500e-02
   6.5187800e-02
   5.4846800e-02
   4.1454000e-02
   2.4916200e-02
   4.7375300e-03
  -1.7385800e-02
  -3.7715700e-02
  -5.4366700e-02
  -6.6656500e-02
  -7.2945800e-02
  -7.2796200e-02
  -6.7849000e-02
  -6.0685300e-02
  -5.4902700e-02
  -5.2291700e-02
  -5.2556900e-02
  -5.4338300e-02
  -5.3602300e-02
  -4.8349100e-02
  -3.8335700e-02
  -2.3373300e-02
  -4.9774500e-03
   1.5841700e-02
   3.7661900e-02
   5.8774600e-02
   7.5681500e-02
   8.2329600e-02
   7.7051300e-02
   6.3678600e-02
   4.7940600e-02
   3.6816900e-02
   3.6664600e-02
   4.9062000e-02
   6.8539700e-02
   8.7655500e-02
   9.9874700e-02
   1.0192200e-01
   9.5962600e-02
   8.5707800e-02
   7.4286900e-02
   6.1234400e-02
   4.3112300e-02
   1.8785300e-02
  -1.1645000e-02
  -4.8840900e-02
  -8.8486500e-02
  -1.2130000e-01
  -1.4145000e-01
  -1.4841800e-01
  -1.4541400e-01
  -1.3494800e-01
  -1.1760600e-01
  -9.5129900e-02
  -6.9088100e-02
  -4.2161300e-02
  -1.8687200e-02
  -2.8067700e-03
   4.9596200e-03
   8.0760800e-03
   9.1583600e-03
   9.5735100e-03
   9.0908200e-03
   7.2874100e-03
   7.0679800e-03
   9.9643800e-03
   1.3904600e-02
   1.6414100e-02
   1.6376800e-02
   1.5211200e-02
   1.4957900e-02
   1.7383500e-02
   2.1963300e-02
   2.4539500e-02
   2.3547800e-02
   2.2411700e-02
   2.4448000e-02
   3.0962800e-02
   3.9489600e-02
   4.5089900e-02
   4.5161600e-02
   3.9148000e-02
   2.8707600e-02
   1.6883900e-02
   4.5867700e-03
  -6.8507400e-03
  -1.4563400e-02
  -1.5734700e-02
  -7.3196800e-03
   9.8588600e-03
   3.0722200e-02
   5.0788800e-02
   6.7779400e-02
   8.0953400e-02
   9.1929800e-02
   1.0144000e-01
   1.0627900e-01
   1.0367200e-01
   9.4587900e-02
   8.2706200e-02
   7.1802300e-02
   6.3135000e-02
   5.5321100e-02
   4.5919400e-02
   3.2241000e-02
   1.4205300e-02
  -4.4997200e-03
  -1.9943900e-02
  -3.0290000e-02
  -3.6817600e-02
  -4.3664500e-02
  -5.4315800e-02
  -6.8565500e-02
  -8.2165600e-02
  -8.8877800e-02
  -8.4320900e-02
  -6.7244400e-02
  -3.8525500e-02
  -2.6725800e-03
   3.2485600e-02
   5.7046400e-02
   6.1591200e-02
   4.7275700e-02
   2.5736500e-02
   9.3766300e-03
   3.0724200e-03
  -7.3161500e-04
  -9.1324400e-03
  -1.8342700e-02
  -2.1038000e-02
  -1.6077500e-02
  -1.1532800e-02
  -1.5807500e-02
  -3.0138300e-02
  -5.0803000e-02
  -7.0387800e-02
  -8.1742400e-02
  -8.3252200e-02
  -7.8026800e-02
  -7.1567300e-02
  -6.7496400e-02
  -6.5317400e-02
  -6.2831800e-02
  -5.8345900e-02
  -5.1345400e-02
  -4.0494400e-02
  -2.3338000e-02
  -6.6837400e-04
   2.1461600e-02
   3.4956100e-02
   3.4940100e-02
   2.4347900e-02
   9.2324100e-03
  -7.7830600e-03
  -2.3105100e-02
  -3.1055600e-02
  -2.8629300e-02
  -1.8187700e-02
  -5.2444400e-03
   6.6118600e-03
   1.5824300e-02
   2.0883000e-02
   2.0841500e-02
   1.6211400e-02
   8.0913600e-03
  -6.5076000e-04
  -4.7198600e-03
  -2.3453700e-04
   1.2864300e-02
   3.1072400e-02
   4.9331500e-02
   6.3971900e-02
   7.3268200e-02
   7.4851600e-02
   6.8834400e-02
   5.8496400e-02
   4.5901800e-02
   3.3168700e-02
   2.0998900e-02
   8.1947100e-03
  -5.9864400e-03
  -2.0085200e-02
  -3.1756500e-02
  -3.9015600e-02
  -3.9764800e-02
  -3.4200800e-02
  -2.5732000e-02
  -1.9143400e-02
  -1.7391500e-02
  -1.9944300e-02
  -2.4024200e-02
  -2.6672900e-02
  -2.7238900e-02
  -2.7419400e-02
  -2.8736900e-02
  -3.1464000e-02
  -3.3201600e-02
  -3.0196600e-02
  -2.1300600e-02
  -6.2252200e-03
   1.4057500e-02
   3.4957600e-02
   5.3222600e-02
   6.6828000e-02
   7.3568300e-02
   7.1676400e-02
   5.9772200e-02
   4.1465100e-02
   2.2961500e-02
   8.5863700e-03
   3.6137500e-04
  -5.6933800e-04
   6.8497300e-03
   1.9759900e-02
   3.0347800e-02
   3.3755500e-02
   3.2644100e-02
   3.0543800e-02
   2.9436000e-02
   3.0318100e-02
   3.2982200e-02
   3.7136000e-02
   4.2052600e-02
   4.6557600e-02
   4.9265800e-02
   4.9264200e-02
   4.9309600e-02
   5.2631900e-02
   5.8512800e-02
   6.5838200e-02
   7.3984300e-02
   8.1701800e-02
   8.7361300e-02
   9.0307900e-02
   9.0598500e-02
   8.7550600e-02
   7.9564100e-02
   6.4801800e-02
   4.3720100e-02
   1.9653300e-02
  -3.3830600e-03
  -2.1740700e-02
  -3.2532300e-02
  -3.4015100e-02
  -2.7236500e-02
  -1.6527000e-02
  -6.5600800e-03
  -5.9002900e-04
  -7.2423700e-04
  -7.4471500e-03
  -1.6841300e-02
  -2.4279600e-02
  -2.8458200e-02
  -2.9584000e-02
  -2.8988800e-02
  -2.6793400e-02
  -2.0932700e-02
  -1.0474300e-02
   2.6062000e-03
   1.5631600e-02
   2.5319300e-02
   3.0462800e-02
   3.3129900e-02
   3.5434500e-02
   3.9217800e-02
   4.3824400e-02
   4.8421500e-02
   5.2463200e-02
   5.4021900e-02
   5.3344400e-02
   5.2151100e-02
   5.0639900e-02
   4.8895200e-02
   4.7457800e-02
   4.5215900e-02
   4.0249400e-02
   3.2847400e-02
   2.4170200e-02
   1.3007200e-02
  -1.7913600e-03
  -2.0856600e-02
  -4.1166900e-02
  -5.6438300e-02
  -6.2650300e-02
  -5.9588200e-02
  -5.2033500e-02
  -4.4667400e-02
  -4.0216300e-02
  -3.8740700e-02
  -3.8450900e-02
  -3.8788700e-02
  -3.8609200e-02
  -3.7715400e-02
  -3.6929500e-02
  -3.6382000e-02
  -3.6719900e-02
  -3.8205300e-02
  -4.0615300e-02
  -4.2710000e-02
  -3.9019900e-02
  -2.6224200e-02
  -8.4812800e-03
   8.6016100e-03
   2.0413000e-02
   2.5265300e-02
   2.4468000e-02
   1.9823000e-02
   1.4012600e-02
   8.2659600e-03
   3.0193500e-03
  -1.1849100e-03
  -4.3670600e-03
  -7.2197600e-03
  -1.2212300e-02
  -2.0572000e-02
  -3.1483600e-02
  -4.4041200e-02
  -5.5172000e-02
  -6.0607000e-02
  -6.0006800e-02
  -5.5718200e-02
  -5.0868200e-02
  -4.9258100e-02
  -5.3172800e-02
  -6.1897900e-02
  -7.1267900e-02
  -7.7722400e-02
  -8.1110600e-02
  -8.2455400e-02
  -8.1291400e-02
  -7.7635900e-02
  -7.3353300e-02
  -6.8567700e-02
  -6.3305600e-02
  -5.8127000e-02
  -5.2683200e-02
  -4.7694300e-02
  -4.3312000e-02
  -3.8102200e-02
  -3.0004500e-02
  -1.7388700e-02
   5.2667600e-05
   1.8968400e-02
   3.2444500e-02
   3.7552600e-02
   3.7193100e-02
   3.3768000e-02
   2.5936000e-02
   1.1722200e-02
  -8.3132300e-03
  -3.0466800e-02
  -4.9807900e-02
  -6.3558000e-02
  -7.0948800e-02
  -7.0806500e-02
  -6.3667400e-02
  -5.5215900e-02
  -4.8825800e-02
  -4.2704400e-02
  -3.5034300e-02
  -2.4633700e-02
  -1.2582800e-02
  -6.0740200e-04
   1.1341500e-02
   2.2494400e-02
   2.9282100e-02
   3.0757900e-02
   3.1585000e-02
   3.5022000e-02
   4.0513100e-02
   4.6418100e-02
   4.8177400e-02
   4.3183800e-02
   3.5987000e-02
   3.2657600e-02
   3.5732600e-02
   4.1667000e-02
   4.5009800e-02
   4.4478900e-02
   4.1593300e-02
   3.7740400e-02
   3.2762900e-02
   2.7969700e-02
   2.7127800e-02
   2.9360200e-02
   3.0657400e-02
   3.0099800e-02
   3.0271900e-02
   3.4172600e-02
   4.0330000e-02
   4.4496800e-02
   4.5888000e-02
   4.6448300e-02
   4.7467200e-02
   4.8263600e-02
   4.7414000e-02
   4.6172100e-02
   4.4111400e-02
   3.9533700e-02
   3.2338500e-02
   2.2326500e-02
   1.1219700e-02
   3.1244500e-03
   5.8122900e-05
  -1.1589300e-03
  -4.5646900e-03
  -9.2966100e-03
  -1.1563900e-02
  -1.0082400e-02
  -5.7029000e-03
  -1.3012400e-03
   5.4611200e-04
  -5.8590900e-04
  -4.4755500e-03
  -8.1891400e-03
  -8.2015800e-03
  -4.7731500e-03
  -1.3365900e-03
  -1.7332700e-03
  -8.2715000e-03
  -2.1355500e-02
  -3.9191700e-02
  -5.7498800e-02
  -7.2060700e-02
  -8.0448700e-02
  -8.0921800e-02
  -7.4535700e-02
  -6.5410900e-02
  -5.6468500e-02
  -4.7761400e-02
  -3.6749400e-02
  -2.2718300e-02
  -8.7224600e-03
   1.2047700e-03
   4.3202500e-03
   2.7280500e-03
   1.5763200e-03
   2.3911100e-03
   4.3999200e-03
   7.5682300e-03
   1.0796900e-02
   1.4628000e-02
   2.1007100e-02
   3.0706700e-02
   4.2716400e-02
   5.1102800e-02
   4.9320800e-02
   3.7083400e-02
   1.9378500e-02
   2.6838200e-03
  -7.9428100e-03
  -8.3965000e-03
   9.3856100e-04
   1.4645700e-02
   2.8092200e-02
   3.6664300e-02
   3.7358600e-02
   3.0997000e-02
   2.1369800e-02
   1.4167000e-02
   1.2789500e-02
   1.6420200e-02
   2.1150800e-02
   2.2724600e-02
   2.0287700e-02
   1.7243600e-02
   1.7567900e-02
   2.3339000e-02
   3.3200800e-02
   4.2748900e-02
   4.7718200e-02
   4.5372900e-02
   3.7013200e-02
   2.6496000e-02
   1.8523600e-02
   1.7687300e-02
   2.3826900e-02
   3.1899200e-02
   3.6272500e-02
   3.6938700e-02
   3.6217400e-02
   3.4193500e-02
   3.2549200e-02
   3.2093400e-02
   3.2333700e-02
   3.2677000e-02
   3.0668700e-02
   2.7511100e-02
   2.8462100e-02
   3.5560200e-02
   4.6383700e-02
   5.8089400e-02
   6.7290200e-02
   7.1801200e-02
   7.4542400e-02
   7.5697100e-02
   7.4457800e-02
   7.2751800e-02
   7.1209500e-02
   7.1073700e-02
   7.1578100e-02
   7.0393500e-02
   6.6391500e-02
   6.0483300e-02
   5.5600400e-02
   5.4338200e-02
   5.6508300e-02
   5.9271600e-02
   6.1520800e-02
   6.3523900e-02
   6.4101300e-02
   6.3213500e-02
   6.2522900e-02
   6.2730500e-02
   6.3692100e-02
   6.2739000e-02
   5.7293400e-02
   4.9847800e-02
   4.2268800e-02
   3.5242300e-02
   2.9967900e-02
   2.4456500e-02
   1.7493400e-02
   9.6166200e-03
   8.2243700e-04
  -6.9252500e-03
  -8.8821300e-03
  -3.0464700e-03
   6.3490500e-03
   1.3916700e-02
   1.6719500e-02
   1.4701800e-02
   1.1596100e-02
   1.1263300e-02
   1.4908500e-02
   2.0462500e-02
   2.5208200e-02
   2.8997700e-02
   3.1664600e-02
   3.3579700e-02
   3.4333700e-02
   3.0835500e-02
   2.2167800e-02
   1.1641600e-02
   2.9636400e-03
  -4.2185000e-04
   3.1312900e-03
   1.1263100e-02
   2.0536800e-02
   2.8261600e-02
   3.1585700e-02
   3.0074600e-02
   2.7228900e-02
   2.5481300e-02
   2.6900300e-02
   3.1980000e-02
   3.8431600e-02
   4.5141200e-02
   5.0938400e-02
   5.4993100e-02
   5.6984700e-02
   5.6851600e-02
   5.5161300e-02
   5.2334000e-02
   4.8421200e-02
   4.2256400e-02
   3.4167600e-02
   2.6106900e-02
   1.7723300e-02
   9.3813800e-03
   1.8115600e-03
  -6.4555900e-03
  -1.4248600e-02
  -2.0280400e-02
  -2.5819000e-02
  -3.0509800e-02
  -3.4326100e-02
  -3.7672600e-02
  -4.1282200e-02
  -4.6452900e-02
  -5.2524400e-02
  -5.8632600e-02
  -6.2381400e-02
  -6.1038600e-02
  -5.3153600e-02
  -3.7629700e-02
  -1.6761400e-02
   4.7218900e-03
   2.2915900e-02
   3.4577200e-02
   4.0506500e-02
   4.4951800e-02
   4.8494900e-02
   5.0436300e-02
   4.9915500e-02
   4.5575900e-02
   4.0326000e-02
   3.6992000e-02
   3.5189800e-02
   3.4615600e-02
   3.3666500e-02
   3.1593100e-02
   2.8393600e-02
   2.2823200e-02
   1.5654000e-02
   7.9563800e-03
  -3.4578900e-04
  -9.6731200e-03
  -1.9873400e-02
  -2.8572200e-02
  -3.4008100e-02
  -3.6153700e-02
  -3.5332300e-02
  -3.2018900e-02
  -2.6906900e-02
  -2.1219900e-02
  -1.5764300e-02
  -1.1246500e-02
  -9.1771300e-03
  -1.1236100e-02
  -1.8426800e-02
  -2.9740200e-02
  -4.0270900e-02
  -4.6740200e-02
  -4.9756300e-02
  -5.1294000e-02
  -5.3355600e-02
  -5.4654400e-02
  -5.3613300e-02
  -4.9035200e-02
  -4.0905300e-02
  -3.0802500e-02
  -2.1762700e-02
  -1.7585700e-02
  -1.8634900e-02
  -2.2901200e-02
  -2.7405500e-02
  -2.9817300e-02
  -2.9992500e-02
  -3.0213100e-02
  -3.3700400e-02
  -4.1591800e-02
  -5.2599100e-02
  -6.2976100e-02
  -7.0764700e-02
  -7.7692000e-02
  -8.5155800e-02
  -9.4711000e-02
  -1.0406300e-01
  -1.0876200e-01
  -1.0807400e-01
  -1.0298000e-01
  -9.5618900e-02
  -8.7506800e-02
  -7.8614200e-02
  -6.9845900e-02
  -6.2469700e-02
  -5.5491800e-02
  -4.7509700e-02
  -3.9306200e-02
  -3.1991300e-02
  -2.5067600e-02
  -1.7110000e-02
  -5.5290100e-03
   1.1045200e-02
   2.8588000e-02
   4.1412500e-02
   4.6867000e-02
   4.5630900e-02
   4.2048600e-02
   4.2418800e-02
   4.9971300e-02
   6.2678700e-02
   7.4825600e-02
   8.1924700e-02
   8.4059800e-02
   8.4734200e-02
   8.9132200e-02
   9.6555800e-02
   1.0111300e-01
   9.8740700e-02
   8.8340500e-02
   7.4082600e-02
   6.2138400e-02
   5.3868600e-02
   4.6062100e-02
   3.5687600e-02
   2.0777200e-02
   4.7890300e-04
  -2.2090800e-02
  -4.1114700e-02
  -5.0513400e-02
  -4.7382400e-02
  -3.5280900e-02
  -2.1642800e-02
  -1.4049000e-02
  -1.3870100e-02
  -1.6998800e-02
  -1.9269300e-02
  -1.6466900e-02
  -9.2288500e-03
  -2.9369000e-03
   1.1177500e-04
   5.6304400e-04
  -1.3158200e-03
  -3.0881700e-03
  -1.0730100e-03
   6.3943900e-03
   1.8641700e-02
   3.2490800e-02
   4.2308700e-02
   4.2661400e-02
   3.3694700e-02
   2.0617600e-02
   9.5699600e-03
   4.5960700e-03
   5.8571200e-03
   9.4753200e-03
   1.3371900e-02
   1.8525400e-02
   2.5591700e-02
   3.5821800e-02
   4.8731900e-02
   6.1760100e-02
   7.2056200e-02
   7.7753700e-02
   7.7963000e-02
   7.3121500e-02
   6.5272700e-02
   5.6527800e-02
   4.8556900e-02
   4.3321900e-02
   4.2578900e-02
   4.6642800e-02
   5.3375800e-02
   5.8691700e-02
   6.0531400e-02
   5.9621200e-02
   5.7043700e-02
   5.3944800e-02
   4.9324100e-02
   4.1111600e-02
   3.1259500e-02
   2.2790400e-02
   1.7224600e-02
   1.4326000e-02
   1.2890100e-02
   1.2702700e-02
   1.2767600e-02
   1.0545200e-02
   3.7178100e-03
  -6.6688900e-03
  -1.7033800e-02
  -2.3738500e-02
  -2.5112800e-02
  -2.2802200e-02
  -1.9525600e-02
  -1.8240700e-02
  -2.0293000e-02
  -2.4970300e-02
  -3.0788100e-02
  -3.5757000e-02
  -3.7620800e-02
  -3.4893800e-02
  -2.9185600e-02
  -2.3264700e-02
  -1.8957200e-02
  -1.6452900e-02
  -1.6096800e-02
  -1.9069600e-02
  -2.4640900e-02
  -3.1201800e-02
  -3.7518300e-02
  -4.2317600e-02
  -4.4941200e-02
  -4.5164400e-02
  -4.3016500e-02
  -3.9128600e-02
  -3.6204400e-02
  -3.6716100e-02
  -4.0616600e-02
  -4.6977900e-02
  -5.4854100e-02
  -6.4093300e-02
  -7.3413700e-02
  -7.9495400e-02
  -7.9161800e-02
  -7.1160100e-02
  -5.6002500e-02
  -3.5719200e-02
  -1.3266900e-02
   7.2784300e-03
   2.2147700e-02
   2.7909600e-02
   2.3833900e-02
   1.5103300e-02
   6.6165200e-03
   1.3843000e-03
   4.6129500e-04
   1.0049300e-03
  -2.5721200e-05
  -3.9422500e-03
  -9.7394300e-03
  -1.4046400e-02
  -1.5317000e-02
  -1.5438100e-02
  -1.5467500e-02
  -1.6155600e-02
  -2.0334900e-02
  -2.6838500e-02
  -3.0326200e-02
  -2.8145900e-02
  -2.0582000e-02
  -1.0544300e-02
  -2.4823100e-03
   2.7489100e-03
   6.3736500e-03
   9.1656000e-03
   1.2550600e-02
   1.6526700e-02
   1.9286000e-02
   2.0467400e-02
   2.0992000e-02
   2.0952400e-02
   1.9686900e-02
   1.5900500e-02
   9.7496800e-03
   4.3139900e-03
   3.3689300e-03
   9.2407400e-03
   2.1375600e-02
   3.4954500e-02
   4.4823500e-02
   4.8136500e-02
   4.5422900e-02
   3.9709600e-02
   3.2893400e-02
   2.6277500e-02
   1.9844300e-02
   1.4289300e-02
   1.1480900e-02
   9.9687300e-03
   4.9354500e-03
  -5.6182100e-03
  -1.9800900e-02
  -3.4610400e-02
  -4.6475900e-02
  -5.4745500e-02
  -5.9925300e-02
  -6.2094200e-02
  -6.2088000e-02
  -6.0468100e-02
  -5.7000000e-02
  -5.2149700e-02
  -4.7256900e-02
  -4.4010500e-02
  -4.3368000e-02
  -4.5079600e-02
  -4.8121600e-02
  -4.8702600e-02
  -4.4386100e-02
  -3.3291500e-02
  -1.5527400e-02
   2.9554700e-03
   1.6552500e-02
   2.3652400e-02
   2.5829200e-02
   2.5085300e-02
   2.2654700e-02
   1.9851500e-02
   1.6479500e-02
   1.1885800e-02
   6.0487500e-03
  -9.0056400e-04
  -7.2317400e-03
  -1.2366900e-02
  -1.6951400e-02
  -2.1226700e-02
  -2.6546500e-02
  -3.3801900e-02
  -4.2620100e-02
  -5.2190100e-02
  -5.9030500e-02
  -6.0347700e-02
  -5.7627000e-02
  -5.5270900e-02
  -5.5964400e-02
  -5.7110300e-02
  -5.6826600e-02
  -5.5102700e-02
  -5.1764000e-02
  -4.7925900e-02
  -4.3902300e-02
  -4.0150100e-02
  -3.7724300e-02
  -3.5693600e-02
  -3.3098800e-02
  -3.1178000e-02
  -3.0912500e-02
  -3.2184200e-02
  -3.3913800e-02
  -3.4376400e-02
  -3.4019100e-02
  -3.1777800e-02
  -2.5623800e-02
  -1.5978000e-02
  -3.5031900e-03
   1.0116000e-02
   2.1181200e-02
   2.8079300e-02
   3.2566300e-02
   3.4831400e-02
   3.4046400e-02
   3.1024100e-02
   2.4834500e-02
   1.5834600e-02
   7.4895600e-03
   6.0812000e-04
  -4.1983400e-03
  -6.3132900e-03
  -7.2324900e-03
  -9.8989100e-03
  -1.7423900e-02
  -2.9819500e-02
  -4.4166200e-02
  -5.7554300e-02
  -6.7088900e-02
  -7.0538100e-02
  -6.9380700e-02
  -6.6169400e-02
  -6.3270000e-02
  -6.2773400e-02
  -6.3360700e-02
  -6.3454900e-02
  -6.2326200e-02
  -5.8692800e-02
  -5.4822600e-02
  -5.2811600e-02
  -5.1161100e-02
  -4.8083700e-02
  -4.3368800e-02
  -3.7297500e-02
  -2.9826300e-02
  -2.0864800e-02
  -8.7353600e-03
   4.2168300e-03
   1.4945600e-02
   2.3757500e-02
   3.0674300e-02
   3.6683500e-02
   4.1834500e-02
   4.4376900e-02
   4.4044800e-02
   4.2724000e-02
   3.9379900e-02
   3.2460600e-02
   2.2401900e-02
   1.0573800e-02
   2.5179700e-04
  -6.0406900e-03
  -6.2683300e-03
  -7.1495900e-04
   7.1993800e-03
   1.6420200e-02
   2.5331000e-02
   3.1305600e-02
   3.2448700e-02
   2.7542600e-02
   1.9706600e-02
   1.3097000e-02
   1.0457400e-02
   1.2555600e-02
   1.8454600e-02
   2.4838700e-02
   2.6717600e-02
   2.1498800e-02
   9.7568800e-03
  -5.9651400e-03
  -2.1832400e-02
  -3.3450700e-02
  -3.8987600e-02
  -3.7092200e-02
  -2.9338000e-02
  -2.0615700e-02
  -1.0905500e-02
   1.1717200e-03
   1.3841200e-02
   2.5379500e-02
   3.3368900e-02
   3.6494600e-02
   3.6164900e-02
   3.4146300e-02
   3.1756500e-02
   2.7363500e-02
   2.2666400e-02
   2.2427100e-02
   2.6445800e-02
   3.2250900e-02
   3.6862900e-02
   3.5826500e-02
   2.9286400e-02
   2.2702800e-02
   1.7947600e-02
   1.3698500e-02
   9.8351100e-03
   6.8165900e-03
   4.1698800e-03
   2.8061800e-03
   3.0478700e-03
   3.1688500e-03
   3.8596200e-03
   4.7045700e-03
   2.8893400e-03
  -1.5755100e-03
  -6.2015800e-03
  -1.0752900e-02
  -1.5696700e-02
  -1.9948000e-02
  -2.3772800e-02
  -2.6911000e-02
  -2.7929800e-02
  -2.6111900e-02
  -2.2089200e-02
  -1.7106400e-02
  -1.2137100e-02
  -6.8497200e-03
  -8.1728300e-04
   3.4123600e-03
   5.8154300e-03
   9.9068000e-03
   1.6001600e-02
   2.2031900e-02
   2.6108900e-02
   2.7432900e-02
   2.9322100e-02
   3.4562300e-02
   4.2712600e-02
   5.2166500e-02
   5.9211300e-02
   6.1823100e-02
   6.1385900e-02
   5.7701200e-02
   5.1447900e-02
   4.5119500e-02
   3.7642800e-02
   2.8106100e-02
   1.6829800e-02
   4.0147400e-03
  -9.1189200e-03
  -2.2185700e-02
  -3.5918900e-02
  -5.1230200e-02
  -6.6757500e-02
  -8.1944800e-02
  -9.7906400e-02
  -1.1258300e-01
  -1.2493500e-01
  -1.3548700e-01
  -1.4560000e-01
  -1.5686900e-01
  -1.6689000e-01
  -1.7142500e-01
  -1.6934500e-01
  -1.6466800e-01
  -1.6277100e-01
  -1.6520000e-01
  -1.6942300e-01
  -1.7183800e-01
  -1.6970000e-01
  -1.6472800e-01
  -1.6202000e-01
  -1.6410700e-01
  -1.6877700e-01
  -1.6935400e-01
  -1.6065000e-01
  -1.4303900e-01
  -1.2168700e-01
  -1.0137400e-01
  -8.2788500e-02
  -6.4051300e-02
  -4.0573400e-02
  -1.2006200e-02
   1.4793200e-02
   3.3677200e-02
   4.1678900e-02
   3.9298200e-02
   3.1961600e-02
   2.6801900e-02
   2.7107600e-02
   3.0023200e-02
   3.1565900e-02
   2.7852900e-02
   1.7140300e-02
   3.6232600e-03
  -8.4030000e-03
  -1.6586000e-02
  -1.8892400e-02
  -1.7659300e-02
  -1.8590300e-02
  -2.4819500e-02
  -3.6421700e-02
  -4.9886700e-02
  -5.9815800e-02
  -6.3238800e-02
  -5.8402400e-02
  -4.3557000e-02
  -2.1232700e-02
   2.6731300e-03
   2.3992400e-02
   4.0321500e-02
   5.0617200e-02
   5.4218800e-02
   5.1099800e-02
   4.3092300e-02
   3.2610400e-02
   2.3324700e-02
   1.7198100e-02
   1.2827800e-02
   7.2193900e-03
   1.1260600e-03
  -3.1388500e-03
  -6.3493800e-03
  -6.9846200e-03
  -6.8100000e-03
  -8.7499200e-03
  -1.4318500e-02
  -2.4045800e-02
  -3.3630900e-02
  -4.0997600e-02
  -4.5200800e-02
  -4.3178600e-02
  -3.4642700e-02
  -2.1825400e-02
  -8.9611300e-03
   3.4217500e-05
   4.5672800e-03
   3.3627200e-03
  -6.0130900e-03
  -2.4602000e-02
  -4.9888000e-02
  -7.6228300e-02
  -9.5906800e-02
  -1.0092500e-01
  -8.9763900e-02
  -6.8589500e-02
  -4.8935300e-02
  -3.9968000e-02
  -4.1408500e-02
  -4.6527500e-02
  -5.0263100e-02
  -5.4549900e-02
  -6.0147300e-02
  -6.4584900e-02
  -6.4674300e-02
  -5.8678800e-02
  -4.9468600e-02
  -3.9875800e-02
  -2.8779200e-02
  -1.3785800e-02
   5.6769800e-03
   2.7620800e-02
   5.0060000e-02
   7.1441300e-02
   8.6996300e-02
   9.4727900e-02
   9.6532400e-02
   9.4546200e-02
   9.0324100e-02
   8.5624400e-02
   8.5088600e-02
   9.2227600e-02
   1.0447200e-01
   1.1835100e-01
   1.3171500e-01
   1.4142600e-01
   1.4600900e-01
   1.4571500e-01
   1.4335100e-01
   1.4167200e-01
   1.4197800e-01
   1.4357400e-01
   1.4247500e-01
   1.3605300e-01
   1.2709700e-01
   1.1972000e-01
   1.1543000e-01
   1.1501500e-01
   1.1737800e-01
   1.1963400e-01
   1.1970300e-01
   1.1890100e-01
   1.1901500e-01
   1.1874500e-01
   1.1640900e-01
   1.1207900e-01
   1.0689200e-01
   1.0166600e-01
   9.7400000e-02
   9.4060200e-02
   9.0664600e-02
   8.6868700e-02
   8.1586700e-02
   7.3651700e-02
   6.2908500e-02
   4.9646400e-02
   3.3885600e-02
   1.6202300e-02
  -2.8747300e-03
  -2.2629400e-02
  -4.1784300e-02
  -6.0217800e-02
  -7.6784500e-02
  -9.0467900e-02
  -1.0030100e-01
  -1.0526300e-01
  -1.0409000e-01
  -9.4146200e-02
  -7.4108600e-02
  -4.3149500e-02
  -3.0791500e-03
   3.8604200e-02
   7.1528100e-02
   8.9059100e-02
   9.2446700e-02
   8.7966900e-02
   8.1924700e-02
   7.8021800e-02
   7.5480200e-02
   7.1307100e-02
   6.3076600e-02
   4.8461600e-02
   2.7765900e-02
   4.2061400e-03
  -1.9643800e-02
  -4.2359700e-02
  -6.0105100e-02
  -7.1172200e-02
  -7.8195800e-02
  -8.2767000e-02
  -8.5974200e-02
  -8.8293700e-02
  -8.9262200e-02
  -8.6727200e-02
  -7.9472500e-02
  -6.8248700e-02
  -5.5179700e-02
  -4.5429000e-02
  -4.3633000e-02
  -4.9530900e-02
  -5.8576100e-02
  -6.5310400e-02
  -6.6048500e-02
  -5.9042100e-02
  -4.2564200e-02
  -1.8648700e-02
   6.5666600e-03
   2.5545700e-02
   3.2781600e-02
   2.8719200e-02
   1.7881100e-02
   4.5701400e-03
  -1.0481400e-02
  -2.6406500e-02
  -4.0453500e-02
  -4.8934400e-02
  -4.6841300e-02
  -3.2873400e-02
  -1.2372800e-02
   6.6529900e-03
   1.8317300e-02
   2.1662400e-02
   1.8497900e-02
   1.0494400e-02
  -6.2740300e-04
  -1.2949100e-02
  -2.3603700e-02
  -2.9947100e-02
  -3.0859600e-02
  -2.5809800e-02
  -1.7435300e-02
  -1.0405900e-02
  -7.9930400e-03
  -1.2551500e-02
  -2.2782600e-02
  -3.4686700e-02
  -4.5602700e-02
  -5.5735500e-02
  -6.5018100e-02
  -7.2141200e-02
  -7.6899500e-02
  -7.9081300e-02
  -7.8481900e-02
  -7.6223800e-02
  -7.3520200e-02
  -7.0747900e-02
  -6.8748900e-02
  -6.9415900e-02
  -7.3653800e-02
  -7.7760200e-02
  -7.9564900e-02
  -8.0371000e-02
  -7.9325400e-02
  -7.7117800e-02
  -7.5993600e-02
  -7.5562800e-02
  -7.4187900e-02
  -7.0898600e-02
  -6.3576700e-02
  -5.0152300e-02
  -3.0782800e-02
  -7.2633500e-03
   1.4823600e-02
   2.7996100e-02
   2.8479400e-02
   1.8835900e-02
   5.1259500e-03
  -5.5671700e-03
  -8.1836400e-03
  -4.9795200e-03
  -1.2293500e-03
   4.4609100e-04
   6.9529300e-04
   2.3712600e-03
   6.5674100e-03
   1.0755100e-02
   1.3779700e-02
   1.6384600e-02
   1.8718700e-02
   2.1840600e-02
   2.5504800e-02
   3.0238800e-02
   3.6125100e-02
   4.0343800e-02
   4.2622100e-02
   4.3718200e-02
   4.3007400e-02
   4.1088300e-02
   3.9801800e-02
   4.1218900e-02
   4.5341900e-02
   4.9556000e-02
   5.2249800e-02
   5.3760700e-02
   5.5531900e-02
   5.8766400e-02
   6.3058900e-02
   6.6496100e-02
   6.7290700e-02
   6.3740100e-02
   5.4723900e-02
   4.1474100e-02
   2.5704300e-02
   9.0517500e-03
  -6.7474700e-03
  -2.1265500e-02
  -3.4678900e-02
  -4.5012300e-02
  -4.9017000e-02
  -4.5022000e-02
  -3.4851500e-02
  -2.1796000e-02
  -9.5813100e-03
  -2.2146100e-03
   7.2801600e-04
   1.4775600e-03
   2.4449500e-03
   7.0024600e-03
   1.6213500e-02
   2.9479800e-02
   4.4447800e-02
   5.6554400e-02
   6.2749300e-02
   6.4999900e-02
   6.7102900e-02
   6.9898500e-02
   7.2992400e-02
   7.5104900e-02
   7.3938700e-02
   6.9869900e-02
   6.2524400e-02
   5.0886700e-02
   3.6692200e-02
   2.2217000e-02
   1.0326300e-02
   2.1613300e-03
  -2.4801100e-03
  -5.8155000e-03
  -1.1370100e-02
  -2.0710000e-02
  -3.3613400e-02
  -4.7609100e-02
  -5.9046900e-02
  -6.4204400e-02
  -6.1939700e-02
  -5.5807500e-02
  -4.9641200e-02
  -4.4820700e-02
  -4.1095900e-02
  -3.6265800e-02
  -2.8096400e-02
  -1.5364700e-02
   5.2782700e-04
   1.6981800e-02
   3.2823600e-02
   4.6436900e-02
   5.7849000e-02
   6.8430800e-02
   7.6545700e-02
   8.1343800e-02
   8.3138600e-02
   8.0236300e-02
   7.2889500e-02
   6.3811900e-02
   5.4801000e-02
   4.7443000e-02
   4.2157400e-02
   3.7623600e-02
   3.2799600e-02
   2.6465100e-02
   1.8172600e-02
   8.6316700e-03
  -4.0199400e-04
  -7.7389000e-03
  -1.3393700e-02
  -1.5848900e-02
  -1.3011300e-02
  -4.6890800e-03
   7.1220700e-03
   1.7282300e-02
   2.2589500e-02
   2.5035800e-02
   2.5786400e-02
   2.5685500e-02
   2.5731600e-02
   2.4958700e-02
   2.2752300e-02
   1.8968000e-02
   1.3635900e-02
   7.8820100e-03
   3.0785300e-03
   1.9234100e-03
   6.7025800e-03
   1.6466100e-02
   2.8345500e-02
   3.8389800e-02
   4.5125800e-02
   4.9321000e-02
   5.2026800e-02
   5.5069800e-02
   5.7963700e-02
   6.0467900e-02
   6.2422100e-02
   5.9909200e-02
   5.0431300e-02
   3.5302600e-02
   1.7446100e-02
   1.4157300e-03
  -1.0512300e-02
  -1.8391300e-02
  -2.3394000e-02
  -2.8575500e-02
  -3.3697000e-02
  -3.7551500e-02
  -4.0285000e-02
  -4.0172700e-02
  -3.6006700e-02
  -2.7200600e-02
  -1.2616000e-02
   5.4789300e-03
   2.4220100e-02
   4.1807700e-02
   5.5382500e-02
   6.4114900e-02
   6.8966600e-02
   7.1677500e-02
   7.3243100e-02
   7.2626500e-02
   6.9871600e-02
   6.6797200e-02
   6.4326900e-02
   6.1445500e-02
   5.8176300e-02
   5.6391800e-02
   5.7267100e-02
   6.0266300e-02
   6.3833300e-02
   6.6883700e-02
   6.8208600e-02
   6.7816700e-02
   6.7747500e-02
   6.8107900e-02
   6.6882700e-02
   6.4167100e-02
   6.0384700e-02
   5.5215400e-02
   4.9510300e-02
   4.3126200e-02
   3.5553500e-02
   2.6731300e-02
   1.6819400e-02
   6.1881600e-03
  -4.0221000e-03
  -1.0792200e-02
  -1.1532600e-02
  -6.2673400e-03
   3.6664700e-04
   3.4656100e-03
   3.4271200e-03
   3.1876100e-03
   5.2378700e-03
   9.9241300e-03
   1.5372600e-02
   1.9864600e-02
   2.1991800e-02
   2.0285400e-02
   1.5140900e-02
   9.7024500e-03
   7.1604900e-03
   7.7341700e-03
   1.0087600e-02
   1.1653400e-02
   1.0192400e-02
   6.2554900e-03
   7.1685900e-04
  -6.5871500e-03
  -1.6431700e-02
  -3.0141700e-02
  -4.7513600e-02
  -6.6556000e-02
  -8.4304000e-02
  -9.6918600e-02
  -1.0318000e-01
  -1.0296700e-01
  -9.6550400e-02
  -8.5184000e-02
  -6.9725800e-02
  -5.2197300e-02
  -3.4875900e-02
  -1.9424800e-02
  -6.1830400e-03
   4.1349800e-03
   8.7213800e-03
   6.4381900e-03
   4.3119500e-04
  -5.0336000e-03
  -7.9035300e-03
  -8.2957500e-03
  -7.3699700e-03
  -6.4451400e-03
  -7.8630100e-03
  -1.4136800e-02
  -2.5178000e-02
  -3.7394100e-02
  -4.7037300e-02
  -5.2296800e-02
  -5.2744300e-02
  -5.0241700e-02
  -4.6193200e-02
  -4.1097000e-02
  -3.6373800e-02
  -3.1420300e-02
  -2.5523100e-02
  -2.0807100e-02
  -1.9388500e-02
  -2.2498200e-02
  -2.9348400e-02
  -3.7426600e-02
  -4.5562400e-02
  -5.2862300e-02
  -5.7404700e-02
  -5.8678100e-02
  -5.6870600e-02
  -5.0892600e-02
  -4.0455600e-02
  -2.5911400e-02
  -7.9835600e-03
   1.0630600e-02
   2.7662300e-02
   4.2260000e-02
   5.2507000e-02
   5.6596000e-02
   5.5399200e-02
   5.0661400e-02
   4.2874500e-02
   3.3549200e-02
   2.5272800e-02
   1.9081100e-02
   1.3832700e-02
   7.1949400e-03
  -1.5404000e-03
  -1.1137400e-02
  -1.9919400e-02
  -2.6403100e-02
  -2.9234500e-02
  -2.7825200e-02
  -2.5568100e-02
  -2.6403700e-02
  -2.9868600e-02
  -3.3413900e-02
  -3.5180400e-02
  -3.6727500e-02
  -3.9878800e-02
  -4.2497200e-02
  -4.1217600e-02
  -3.5989800e-02
  -3.0117000e-02
  -2.6079800e-02
  -2.4129900e-02
  -2.2714800e-02
  -2.1252300e-02
  -1.9774500e-02
  -1.6946400e-02
  -1.1793200e-02
  -4.9886500e-03
   1.5058700e-03
   6.4328600e-03
   1.0723900e-02
   1.4742600e-02
   1.8850900e-02
   2.4405000e-02
   3.0251800e-02
   3.3988500e-02
   3.3492300e-02
   3.0381600e-02
   2.8340900e-02
   2.7813400e-02
   2.8493400e-02
   3.0259300e-02
   3.3117100e-02
   3.6171600e-02
   3.8254700e-02
   4.0771500e-02
   4.5596100e-02
   5.2429900e-02
   5.8721800e-02
   6.2239000e-02
   6.3904000e-02
   6.6799000e-02
   7.2384900e-02
   7.8930300e-02
   8.3081200e-02
   8.2235800e-02
   7.6039100e-02
   6.6122800e-02
   5.2281200e-02
   3.1202900e-02
   1.9867600e-03
  -3.0865600e-02
  -6.0396300e-02
  -8.2529000e-02
  -9.7162900e-02
  -1.0525300e-01
  -1.0801600e-01
  -1.0739000e-01
  -1.0557000e-01
  -1.0358200e-01
  -1.0132000e-01
  -9.7287600e-02
  -9.0361500e-02
  -8.2011900e-02
  -7.2846900e-02
  -6.2865700e-02
  -5.2125800e-02
  -3.9714400e-02
  -2.5521500e-02
  -1.0827900e-02
   1.8608500e-03
   1.1311800e-02
   1.8003700e-02
   2.1582300e-02
   2.1523800e-02
   1.7481300e-02
   9.1143600e-03
  -2.4194700e-03
  -1.5470400e-02
  -2.8819600e-02
  -4.0362500e-02
  -4.9044500e-02
  -5.6815100e-02
  -6.5321900e-02
  -7.3915900e-02
  -8.1674600e-02
  -8.7939200e-02
  -9.3699400e-02
  -1.0233800e-01
  -1.1386700e-01
  -1.2475900e-01
  -1.3198500e-01
  -1.3358100e-01
  -1.2931400e-01
  -1.2061400e-01
  -1.1106600e-01
  -1.0130900e-01
  -8.5938000e-02
  -5.6938700e-02
  -1.2027300e-02
   3.8064100e-02
   7.6713000e-02
   9.3261200e-02
   8.9472700e-02
   7.6394100e-02
   6.4880000e-02
   5.9118000e-02
   5.7554600e-02
   5.7767000e-02
   5.7622600e-02
   5.6079000e-02
   5.5659100e-02
   5.9311600e-02
   6.5749800e-02
   7.0608000e-02
   6.9662600e-02
   6.0831400e-02
   4.6364900e-02
   3.3208500e-02
   2.8449900e-02
   3.4911300e-02
   4.7798200e-02
   5.7724200e-02
   6.0804700e-02
   5.9552600e-02
   5.7695600e-02
   5.7288300e-02
   5.8170500e-02
   5.9579400e-02
   5.9960800e-02
   5.6237800e-02
   4.5462800e-02
   2.9435300e-02
   1.4680100e-02
   7.4169700e-03
   1.0384700e-02
   2.1429300e-02
   3.4911800e-02
   4.6412200e-02
   5.3984800e-02
   5.6281300e-02
   5.3477000e-02
   4.6551300e-02
   3.7904400e-02
   3.1210600e-02
   2.8600700e-02
   3.1246400e-02
   3.9171500e-02
   4.8551900e-02
   5.4284300e-02
   5.5725900e-02
   5.5415800e-02
   5.5058600e-02
   5.5298200e-02
   5.6420900e-02
   5.8363600e-02
   6.0191400e-02
   5.9145000e-02
   5.3849400e-02
   4.5828700e-02
   3.5992200e-02
   2.5506600e-02
   1.5224700e-02
   3.6288000e-03
  -9.6131200e-03
  -2.2986400e-02
  -3.5501800e-02
  -4.6874100e-02
  -5.6467200e-02
  -6.3221700e-02
  -6.7151400e-02
  -6.8908800e-02
  -6.9209800e-02
  -6.9002400e-02
  -6.9488100e-02
  -7.2317200e-02
  -7.7182800e-02
  -8.1841600e-02
  -8.4579600e-02
  -8.4740500e-02
  -8.1067600e-02
  -6.9599800e-02
  -4.6779800e-02
  -1.4199200e-02
   2.0941300e-02
   5.0040300e-02
   6.7755800e-02
   7.3583000e-02
   7.1827400e-02
   6.9708700e-02
   7.2448800e-02
   8.0121800e-02
   8.8508400e-02
   9.3529600e-02
   9.5376800e-02
   9.5725700e-02
   9.5233600e-02
   9.4355800e-02
   9.2687000e-02
   8.8976600e-02
   8.1248300e-02
   6.8524800e-02
   5.3763300e-02
   4.1241300e-02
   3.5415900e-02
   4.0075700e-02
   5.5009100e-02
   7.4741600e-02
   8.8450400e-02
   8.7710000e-02
   7.3406400e-02
   5.4236800e-02
   4.0017700e-02
   3.4363700e-02
   3.6478900e-02
   4.3579500e-02
   5.0851500e-02
   5.4789500e-02
   5.4299200e-02
   4.9200100e-02
   3.9696600e-02
   2.6253600e-02
   1.0157400e-02
  -5.8710000e-03
  -1.8785800e-02
  -2.7200000e-02
  -3.1555000e-02
  -3.3645600e-02
  -3.5383500e-02
  -3.7846000e-02
  -4.0544800e-02
  -4.0184100e-02
  -3.5676800e-02
  -2.9608000e-02
  -2.4283600e-02
  -2.1459200e-02
  -2.1929500e-02
  -2.5765100e-02
  -3.2707700e-02
  -4.0913500e-02
  -4.8167900e-02
  -5.3396500e-02
  -5.5391200e-02
  -5.2597400e-02
  -4.3294800e-02
  -2.6563700e-02
  -6.0874600e-03
   1.1935800e-02
   2.3627800e-02
   2.6491400e-02
   2.1549800e-02
   1.3788400e-02
   6.5234100e-03
   1.5373800e-03
  -9.2057600e-04
  -2.8763300e-03
  -6.5314600e-03
  -1.3500300e-02
  -2.4601600e-02
  -3.9590300e-02
  -5.6174300e-02
  -7.3613600e-02
  -9.2485800e-02
  -1.1160700e-01
  -1.2905900e-01
  -1.4233000e-01
  -1.4988400e-01
  -1.5024500e-01
  -1.4069000e-01
  -1.1878700e-01
  -8.4601700e-02
  -4.3665500e-02
  -6.0804000e-03
   2.0189900e-02
   3.4393800e-02
   4.1409800e-02
   4.8161800e-02
   5.8802500e-02
   7.3333300e-02
   8.9454700e-02
   1.0387600e-01
   1.1636900e-01
   1.2805700e-01
   1.3815000e-01
   1.4580500e-01
   1.5047600e-01
   1.5270200e-01
   1.5384800e-01
   1.5415800e-01
   1.5246000e-01
   1.4728300e-01
   1.3877800e-01
   1.2933500e-01
   1.2176800e-01
   1.1741700e-01
   1.1697700e-01
   1.2049000e-01
   1.2620300e-01
   1.3208100e-01
   1.3810500e-01
   1.4487700e-01
   1.5091400e-01
   1.5508300e-01
   1.5696700e-01
   1.5435000e-01
   1.4552800e-01
   1.3145500e-01
   1.1337800e-01
   9.2757400e-02
   7.1676300e-02
   5.0975200e-02
   3.1185300e-02
   1.2372300e-02
  -6.9411600e-03
  -2.7506600e-02
  -4.8251600e-02
  -6.7696900e-02
  -8.3860500e-02
  -9.6275900e-02
  -1.0557200e-01
  -1.1189700e-01
  -1.1662200e-01
  -1.2064200e-01
  -1.2371500e-01
  -1.2530000e-01
  -1.2416300e-01
  -1.2062200e-01
  -1.1686100e-01
  -1.1262600e-01
  -1.0601600e-01
  -9.7603700e-02
  -8.8635800e-02
  -8.0980900e-02
  -7.6440400e-02
  -7.4854800e-02
  -7.6254100e-02
  -8.0627200e-02
  -8.7613900e-02
  -9.6170200e-02
  -1.0529300e-01
  -1.1521200e-01
  -1.2632300e-01
  -1.3764000e-01
  -1.4704900e-01
  -1.5320400e-01
  -1.5617900e-01
  -1.5770200e-01
  -1.5891400e-01
  -1.5799500e-01
  -1.5033400e-01
  -1.3089100e-01
  -9.7669600e-02
  -5.3058200e-02
  -5.6874200e-03
   3.2158600e-02
   5.3028400e-02
   5.8417700e-02
   5.6066300e-02
   5.2625100e-02
   5.0399200e-02
   4.9620500e-02
   4.7274500e-02
   3.9482000e-02
   2.6654500e-02
   1.3977600e-02
   7.2151800e-03
   3.7966100e-03
  -7.3387300e-03
  -3.2122600e-02
  -6.2419000e-02
  -8.5945000e-02
  -9.9847700e-02
  -1.0890200e-01
  -1.1700500e-01
  -1.2428000e-01
  -1.2867800e-01
  -1.2787200e-01
  -1.2025100e-01
  -1.0631100e-01
  -8.7520400e-02
  -6.4931800e-02
  -4.0938300e-02
  -1.8636100e-02
   8.8467500e-04
   1.7670100e-02
   3.1390300e-02
   4.0428800e-02
   4.2228700e-02
   3.6815600e-02
   2.7790900e-02
   1.8857400e-02
   1.2114400e-02
   8.1878100e-03
   6.4255100e-03
   6.2503800e-03
   5.5658100e-03
   2.5162300e-03
  -2.2752400e-03
  -8.1279700e-03
  -1.3873400e-02
  -1.8236100e-02
  -2.1170700e-02
  -2.3509200e-02
  -2.6820900e-02
  -3.1763300e-02
  -3.6355800e-02
  -3.7183200e-02
  -3.2401600e-02
  -2.2153000e-02
  -6.7826300e-03
   1.2245100e-02
   3.0340300e-02
   4.3533000e-02
   5.1931800e-02
   5.6845300e-02
   5.9365600e-02
   6.0086000e-02
   5.9158300e-02
   5.6993500e-02
   5.3616900e-02
   4.8700300e-02
   4.1834300e-02
   3.5209800e-02
   3.2780700e-02
   3.5432200e-02
   4.0215600e-02
   4.2672700e-02
   4.2479100e-02
   4.3318800e-02
   4.5253200e-02
   4.6141100e-02
   4.6397900e-02
   4.5491700e-02
   4.3112000e-02
   4.0515000e-02
   3.6985000e-02
   3.1681800e-02
   2.6069100e-02
   2.1828800e-02
   1.7932900e-02
   1.4194400e-02
   1.1320700e-02
   7.7450600e-03
   2.5444000e-03
  -4.6401600e-03
  -1.4360200e-02
  -2.5423900e-02
  -3.6445200e-02
  -4.7934900e-02
  -6.0016700e-02
  -7.2574700e-02
  -8.5250800e-02
  -9.6519600e-02
  -1.0553700e-01
  -1.1126300e-01
  -1.1410800e-01
  -1.1532100e-01
  -1.1436600e-01
  -1.1057100e-01
  -1.0299000e-01
  -9.1818700e-02
  -7.8627100e-02
  -6.4573200e-02
  -5.0699500e-02
  -3.8658000e-02
  -3.0097200e-02
  -2.7148600e-02
  -3.0062000e-02
  -3.2468500e-02
  -3.0452500e-02
  -2.9241700e-02
  -3.3443700e-02
  -4.1454100e-02
  -4.9631900e-02
  -5.6167800e-02
  -6.0953100e-02
  -6.4990600e-02
  -6.9758600e-02
  -7.4803400e-02
  -7.9154400e-02
  -8.2860000e-02
  -8.5703700e-02
  -8.7714900e-02
  -8.9411800e-02
  -9.0969600e-02
  -9.1856900e-02
  -9.1370900e-02
  -8.8105400e-02
  -8.0982000e-02
  -6.9937100e-02
  -5.6660300e-02
  -4.4545600e-02
  -3.5883100e-02
  -3.1600900e-02
  -3.0505900e-02
  -3.1479800e-02
  -3.3140300e-02
  -3.3177100e-02
  -3.3454700e-02
  -3.5398100e-02
  -3.6789500e-02
  -3.5457100e-02
  -2.9591500e-02
  -1.9675700e-02
  -7.7222600e-03
   5.3526000e-03
   1.9190600e-02
   3.2987800e-02
   4.4915400e-02
   5.3751000e-02
   5.9837400e-02
   6.2608400e-02
   6.0221500e-02
   5.1979100e-02
   3.8125000e-02
   2.0330000e-02
   1.1566000e-03
  -1.6767900e-02
  -3.0702200e-02
  -4.0094200e-02
  -4.6173600e-02
  -5.0401400e-02
  -5.3377400e-02
  -5.4563300e-02
  -5.3268300e-02
  -4.9492000e-02
  -4.2868200e-02
  -3.3025200e-02
  -2.2830700e-02
  -1.5241500e-02
  -9.3734400e-03
  -2.1002400e-03
   7.7310000e-03
   1.7224800e-02
   2.4551000e-02
   3.0364300e-02
   3.5528000e-02
   4.1019600e-02
   4.5919700e-02
   4.8571200e-02
   4.8436100e-02
   4.5456500e-02
   4.0594200e-02
   3.5045000e-02
   2.9548900e-02
   2.4911100e-02
   2.2994200e-02
   2.5401500e-02
   3.2041000e-02
   4.0852400e-02
   4.9337900e-02
   5.6721700e-02
   6.2358700e-02
   6.7789200e-02
   7.4907700e-02
   8.1506800e-02
   8.6180700e-02
   8.9846500e-02
   9.2212000e-02
   9.3887400e-02
   9.5722800e-02
   9.6799000e-02
   9.5862300e-02
   9.2497800e-02
   8.7365400e-02
   7.9703600e-02
   6.9006300e-02
   5.5361500e-02
   3.9280700e-02
   2.3748300e-02
   1.1528500e-02
   4.6960600e-03
   2.8468400e-03
   7.4001000e-04
  -4.5078200e-03
  -1.1091300e-02
  -1.7987300e-02
  -2.4549400e-02
  -3.0371900e-02
  -3.5699200e-02
  -4.0601400e-02
  -4.5235200e-02
  -4.8924900e-02
  -5.1309900e-02
  -5.2471000e-02
  -5.2347400e-02
  -5.1556900e-02
  -5.0817300e-02
  -5.0672900e-02
  -5.0703600e-02
  -5.0305600e-02
  -5.0802800e-02
  -5.2507600e-02
  -5.3574200e-02
  -5.2910600e-02
  -4.9670800e-02
  -4.3601700e-02
  -3.5797200e-02
  -2.7877800e-02
  -2.0236900e-02
  -1.3351200e-02
  -8.1654700e-03
  -3.2953500e-03
   2.3986700e-03
   8.9417500e-03
   1.6543500e-02
   2.5535500e-02
   3.4874500e-02
   4.1887000e-02
   4.5203800e-02
   4.5261400e-02
   4.3121500e-02
   4.0174200e-02
   3.7471900e-02
   3.5520400e-02
   3.4269100e-02
   3.3117200e-02
   3.1158300e-02
   2.8330200e-02
   2.6239000e-02
   2.6492500e-02
   2.8154200e-02
   2.8436800e-02
   2.7441500e-02
   2.7257700e-02
   2.8064100e-02
   2.8234900e-02
   2.6896400e-02
   2.7018800e-02
   3.1386300e-02
   3.8033900e-02
   4.5133100e-02
   5.2236600e-02
   5.7930100e-02
   6.0193400e-02
   5.8146400e-02
   5.4047900e-02
   5.0887800e-02
   4.8814800e-02
   4.5746200e-02
   4.1371800e-02
   3.6497500e-02
   3.2597300e-02
   3.2189200e-02
   3.4470000e-02
   3.6972400e-02
   3.9238900e-02
   4.1025900e-02
   4.1849600e-02
   4.0973900e-02
   3.7894800e-02
   3.2814900e-02
   2.7787700e-02
   2.5586700e-02
   2.5557300e-02
   2.5514300e-02
   2.2983200e-02
   1.5534900e-02
   2.7388500e-03
  -1.3499600e-02
  -2.9017300e-02
  -4.0984800e-02
  -4.9998400e-02
  -5.7031200e-02
  -6.2760000e-02
  -6.6436900e-02
  -6.5758800e-02
  -6.0900700e-02
  -5.2293700e-02
  -4.0343300e-02
  -2.8005800e-02
  -1.6852300e-02
  -6.2731000e-03
   4.8917700e-03
   1.6966000e-02
   2.7928700e-02
   3.4702600e-02
   3.5328600e-02
   2.9191200e-02
   1.6470500e-02
  -8.5770800e-05
  -1.7754400e-02
  -3.4783400e-02
  -4.8464300e-02
  -5.7995300e-02
  -6.3646600e-02
  -6.3979500e-02
  -5.6824800e-02
  -4.2105600e-02
  -2.2730000e-02
  -3.3167400e-03
   1.2481000e-02
   2.2981300e-02
   2.9072900e-02
   3.2223500e-02
   3.3927700e-02
   3.7247600e-02
   4.2922000e-02
   5.0049200e-02
   5.7442800e-02
   6.3519100e-02
   6.6761700e-02
   6.6071300e-02
   6.0860800e-02
   5.0181700e-02
   3.4661000e-02
   1.7554300e-02
   1.9354500e-03
  -1.1114300e-02
  -2.0900300e-02
  -2.7282000e-02
  -3.0439500e-02
  -2.8539800e-02
  -2.1167700e-02
  -1.1247400e-02
  -1.1189300e-04
   1.2505100e-02
   2.5063400e-02
   3.4882600e-02
   4.1441500e-02
   4.6294400e-02
   5.1339700e-02
   5.6601000e-02
   6.0198100e-02
   6.2268600e-02
   6.3680300e-02
   6.4112800e-02
   6.2555400e-02
   5.7382900e-02
   4.8519200e-02
   3.6799500e-02
   2.2492000e-02
   6.0753000e-03
  -1.2058000e-02
  -3.1195000e-02
  -5.0027900e-02
  -6.6344200e-02
  -7.7872700e-02
  -8.4149800e-02
  -8.5941100e-02
  -8.4412300e-02
  -8.1502900e-02
  -7.8523900e-02
  -7.5875600e-02
  -7.3191100e-02
  -6.9163500e-02
  -6.3513400e-02
  -5.7104100e-02
  -5.1059300e-02
  -4.5652300e-02
  -4.1417400e-02
  -3.9121500e-02
  -3.9177800e-02
  -4.1845200e-02
  -4.5401500e-02
  -4.8635100e-02
  -5.1148000e-02
  -5.2765300e-02
  -5.4874100e-02
  -5.7396100e-02
  -5.9985800e-02
  -6.2901200e-02
  -6.4599300e-02
  -6.4143300e-02
  -6.1695000e-02
  -5.7801100e-02
  -5.2940800e-02
  -4.6457600e-02
  -3.8466500e-02
  -3.0438000e-02
  -2.2981000e-02
  -1.5430000e-02
  -8.6217700e-03
  -3.7255300e-03
  -2.8790200e-04
   2.2139300e-03
   4.5535200e-03
   6.3690400e-03
   5.5444700e-03
   1.7999400e-03
  -3.2851500e-03
  -9.1212500e-03
  -1.5265000e-02
  -2.0270100e-02
  -2.2640800e-02
  -2.2280700e-02
  -1.9863800e-02
  -1.5627400e-02
  -9.6150400e-03
  -1.8026800e-03
   6.1642500e-03
   1.1497400e-02
   1.3671000e-02
   1.4310800e-02
   1.5591400e-02
   1.8915300e-02
   2.3416800e-02
   2.7677100e-02
   3.1435300e-02
   3.4123700e-02
   3.5205600e-02
   3.5163000e-02
   3.4384600e-02
   3.3677400e-02
   3.3878700e-02
   3.4899800e-02
   3.5775500e-02
   3.5243200e-02
   3.3160600e-02
   3.0086000e-02
   2.5738200e-02
   1.9687700e-02
   1.3250200e-02
   7.4272900e-03
   2.5669600e-03
  -4.2272400e-04
  -1.7118100e-03
  -2.5832100e-03
  -3.8382300e-03
  -5.3248600e-03
  -5.6828100e-03
  -3.8017400e-03
  -2.6109500e-04
   3.2153100e-03
   6.4472800e-03
   1.1088100e-02
   1.6480900e-02
   2.1409000e-02
   2.6240100e-02
   3.1992100e-02
   3.8868100e-02
   4.5261900e-02
   4.9449500e-02
   5.1433200e-02
   5.1765700e-02
   5.0694300e-02
   4.9953400e-02
   5.0189900e-02
   5.1066700e-02
   5.2653800e-02
   5.4126500e-02
   5.4874700e-02
   5.4475600e-02
   5.2879600e-02
   5.0066000e-02
   4.6763700e-02
   4.4489200e-02
   4.3443700e-02
   4.3259500e-02
   4.3678500e-02
   4.3344900e-02
   4.1113000e-02
   3.7617700e-02
   3.4178000e-02
   3.1683800e-02
   3.0221200e-02
   3.0290800e-02
   3.2398600e-02
   3.5463900e-02
   3.8502500e-02
   4.1836600e-02
   4.5257500e-02
   4.8619000e-02
   5.1859100e-02
   5.3904800e-02
   5.4245300e-02
   5.2970000e-02
   4.9348800e-02
   4.2391200e-02
   3.1814400e-02
   1.7431500e-02
  -4.5487700e-04
  -1.9202400e-02
  -3.4595000e-02
  -4.4109400e-02
  -4.7777500e-02
  -4.6655000e-02
  -4.2794600e-02
  -3.9344900e-02
  -3.8198600e-02
  -3.9469400e-02
  -4.2653000e-02
  -4.6637800e-02
  -5.0016700e-02
  -5.1992600e-02
  -5.3499200e-02
  -5.5171100e-02
  -5.5507000e-02
  -5.3210600e-02
  -4.8143100e-02
  -4.0926000e-02
  -3.2025200e-02
  -2.2315100e-02
  -1.3527700e-02
  -6.0907400e-03
   5.9159900e-04
   7.1110700e-03
   1.3703800e-02
   1.9098100e-02
   2.2468800e-02
   2.4323600e-02
   2.4202400e-02
   2.1864900e-02
   1.8358300e-02
   1.4895600e-02
   1.1863500e-02
   8.8209500e-03
   5.8639200e-03
   3.5393000e-03
   1.6502300e-03
  -2.8231000e-04
  -3.2564100e-03
  -7.8051800e-03
  -1.2476100e-02
  -1.5450000e-02
  -1.6460500e-02
  -1.6992300e-02
  -1.8404200e-02
  -2.1008600e-02
  -2.4376500e-02
  -2.7365800e-02
  -2.9513800e-02
  -3.1087400e-02
  -3.2267400e-02
  -3.2900700e-02
  -3.2691700e-02
  -3.2503300e-02
  -3.3662000e-02
  -3.7349500e-02
  -4.2896400e-02
  -4.8241100e-02
  -5.2199800e-02
  -5.4122500e-02
  -5.4485500e-02
  -5.4537400e-02
  -5.4536200e-02
  -5.4607200e-02
  -5.5207300e-02
  -5.5942900e-02
  -5.6851600e-02
  -5.7657000e-02
  -5.8076700e-02
  -5.7875400e-02
  -5.5707700e-02
  -5.1165400e-02
  -4.5159900e-02
  -3.9652000e-02
  -3.6106400e-02
  -3.4927300e-02
  -3.5979300e-02
  -3.8876700e-02
  -4.2245700e-02
  -4.4064600e-02
  -4.4474200e-02
  -4.3907200e-02
  -4.2260700e-02
  -3.8794000e-02
  -3.3150100e-02
  -2.7537800e-02
  -2.3702000e-02
  -2.2111300e-02
  -2.2454400e-02
  -2.2983200e-02
  -2.2500500e-02
  -2.0839700e-02
  -1.8735000e-02
  -1.7500200e-02
  -1.7049800e-02
  -1.6800500e-02
  -1.6613500e-02
  -1.6450400e-02
  -1.6361400e-02
  -1.6656400e-02
  -1.7275200e-02
  -1.7211300e-02
  -1.5040400e-02
  -9.4269000e-03
  -8.0804000e-04
   9.1214000e-03
   1.8151400e-02
   2.4353600e-02
   2.7106600e-02
   2.6208400e-02
   2.2572000e-02
   1.8117500e-02
   1.4119300e-02
   1.1642400e-02
   1.2153700e-02
   1.4935000e-02
   1.7522100e-02
   1.8488100e-02
   1.7691300e-02
   1.5285600e-02
   1.1372000e-02
   6.2420300e-03
   1.8801300e-04
  -5.1803700e-03
  -8.3770700e-03
  -9.0063000e-03
  -6.5958000e-03
  -1.7887400e-03
   4.6178900e-03
   1.1364200e-02
   1.6180800e-02
   1.9313600e-02
   2.1960900e-02
   2.3984100e-02
   2.4780800e-02
   2.3008200e-02
   1.8362300e-02
   1.1352900e-02
   3.2756200e-03
  -3.8621400e-03
  -9.9780500e-03
  -1.5661800e-02
  -2.0832500e-02
  -2.5020200e-02
  -2.7625700e-02
  -2.8501800e-02
  -2.7948100e-02
  -2.6080100e-02
  -2.3165000e-02
  -2.0524400e-02
  -1.8082700e-02
  -1.4709100e-02
  -1.1346700e-02
  -9.9067300e-03
  -1.1284900e-02
  -1.4416900e-02
  -1.7203000e-02
  -1.9410600e-02
  -2.2068600e-02
  -2.5631800e-02
  -2.9693400e-02
  -3.2082400e-02
  -3.2446700e-02
  -3.2769100e-02
  -3.3400600e-02
  -3.4047700e-02
  -3.4184700e-02
  -3.3808200e-02
  -3.2831500e-02
  -3.0119000e-02
  -2.6333900e-02
  -2.2967900e-02
  -2.0917900e-02
  -2.0640800e-02
  -2.1615800e-02
  -2.2844600e-02
  -2.3640600e-02
  -2.3794300e-02
  -2.3333600e-02
  -2.2603800e-02
  -2.1635400e-02
  -2.0414100e-02
  -2.0051300e-02
  -2.1657500e-02
  -2.5002400e-02
  -2.9351300e-02
  -3.4683000e-02
  -4.0041300e-02
  -4.4270700e-02
  -4.6227500e-02
  -4.4337500e-02
  -4.0676000e-02
  -3.8168600e-02
  -3.8133800e-02
  -4.0507700e-02
  -4.3489200e-02
  -4.7046100e-02
  -5.0854100e-02
  -5.2479700e-02
  -5.0807600e-02
  -4.6818800e-02
  -4.2577600e-02
  -3.8497300e-02
  -3.3878700e-02
  -2.8678400e-02
  -2.2526200e-02
  -1.5769900e-02
  -8.2905400e-03
   3.9348800e-04
   9.4717200e-03
   1.8120500e-02
   2.5707600e-02
   3.1931300e-02
   3.6547800e-02
   3.9793900e-02
   4.2411500e-02
   4.3875900e-02
   4.3908200e-02
   4.2706700e-02
   4.0106400e-02
   3.6309200e-02
   3.1273200e-02
   2.5431700e-02
   1.9895700e-02
   1.5804500e-02
   1.3869600e-02
   1.4170700e-02
   1.6427900e-02
   1.9871500e-02
   2.3238900e-02
   2.6158000e-02
   2.8697300e-02
   3.0995300e-02
   3.4678900e-02
   3.9259700e-02
   4.3725900e-02
   4.8199500e-02
   5.1877300e-02
   5.4430600e-02
   5.5384900e-02
   5.4785000e-02
   5.3128200e-02
   5.1703900e-02
   5.1133100e-02
   5.1060600e-02
   5.1861300e-02
   5.3271200e-02
   5.6181300e-02
   6.0341400e-02
   6.3858300e-02
   6.6856900e-02
   6.9748800e-02
   7.2241000e-02
   7.4114100e-02
   7.5234000e-02
   7.4856200e-02
   7.2538900e-02
   7.0062400e-02
   6.7571000e-02
   6.4317000e-02
   6.2189800e-02
   6.0226900e-02
   5.6480100e-02
   5.1827300e-02
   4.5797800e-02
   3.7612900e-02
   2.7005700e-02
   1.4513000e-02
   2.1624300e-03
  -8.6485800e-03
  -1.5713600e-02
  -1.9680400e-02
  -2.2687200e-02
  -2.3658600e-02
  -2.3259200e-02
  -2.1551800e-02
  -1.8286700e-02
  -1.5242000e-02
  -1.2610200e-02
  -1.1104500e-02
  -1.0736100e-02
  -1.0945700e-02
  -1.1320300e-02
  -1.1066700e-02
  -1.0112200e-02
  -9.6574400e-03
  -1.0530700e-02
  -1.1212600e-02
  -1.1044700e-02
  -9.9037900e-03
  -7.7318300e-03
  -4.8256700e-03
  -2.0367300e-03
   5.2459200e-04
   2.9873500e-03
   5.4060800e-03
   8.2576700e-03
   1.1274600e-02
   1.5434000e-02
   2.0551000e-02
   2.5211300e-02
   2.8792000e-02
   3.1579900e-02
   3.4311900e-02
   3.6139800e-02
   3.6393100e-02
   3.6200800e-02
   3.5991700e-02
   3.4957800e-02
   3.4005800e-02
   3.3655300e-02
   3.3110900e-02
   3.3043100e-02
   3.4008800e-02
   3.5377000e-02
   3.7143600e-02
   3.9331500e-02
   4.1399200e-02
   4.2651900e-02
   4.2667500e-02
   4.2832200e-02
   4.4240200e-02
   4.5559300e-02
   4.5322000e-02
   4.4387900e-02
   4.3561300e-02
   4.2270200e-02
   4.0093400e-02
   3.7619300e-02
   3.6512900e-02
   3.6626800e-02
   3.6891200e-02
   3.6438300e-02
   3.5066200e-02
   3.4100800e-02
   3.3799700e-02
   3.4116200e-02
   3.5050200e-02
   3.5229000e-02
   3.4975700e-02
   3.4941400e-02
   3.3675100e-02
   3.1548000e-02
   2.9513500e-02
   2.7666100e-02
   2.5871200e-02
   2.4489700e-02
   2.4383800e-02
   2.5119900e-02
   2.6704400e-02
   2.8185900e-02
   2.8572000e-02
   2.9551200e-02
   3.1449000e-02
   3.3592300e-02
   3.6046400e-02
   3.7547000e-02
   3.7807100e-02
   3.8497300e-02
   3.9486400e-02
   3.9280900e-02
   3.8685200e-02
   3.9072700e-02
   3.9665400e-02
   3.9470100e-02
   3.9317500e-02
   4.0004200e-02
   4.0817600e-02
   4.1728700e-02
   4.2306800e-02
   4.1289100e-02
   4.0763500e-02
   4.1887500e-02
   4.2662200e-02
   4.2981000e-02
   4.3316800e-02
   4.2806200e-02
   4.1889500e-02
   4.1335600e-02
   3.9781800e-02
   3.8008000e-02
   3.5630700e-02
   3.1291100e-02
   2.6430800e-02
   2.0862000e-02
   1.5701600e-02
   1.1624700e-02
   7.3812000e-03
   3.3609900e-03
  -7.0375300e-04
  -4.7519400e-03
  -7.5286900e-03
  -1.0036500e-02
  -1.3057100e-02
  -1.4339300e-02
  -1.4566500e-02
  -1.5644500e-02
  -1.5787000e-02
  -1.4080200e-02
  -1.0814900e-02
  -6.2163300e-03
  -1.4036400e-03
   4.8247800e-03
   1.2241700e-02
   1.8436400e-02
   2.3088700e-02
   2.6718300e-02
   2.8879900e-02
   2.9527200e-02
   2.9776400e-02
   2.9018700e-02
   2.6864800e-02
   2.4286000e-02
   2.2520000e-02
   2.1613300e-02
   2.1092900e-02
   2.0468000e-02
   1.8868900e-02
   1.7405700e-02
   1.7198000e-02
   1.7245800e-02
   1.7433500e-02
   1.8173400e-02
   1.8656000e-02
   1.9399400e-02
   2.1070900e-02
   2.2887200e-02
   2.3736100e-02
   2.3993000e-02
   2.5126300e-02
   2.6840700e-02
   2.7744900e-02
   2.7676300e-02
   2.7585800e-02
   2.8722400e-02
   3.0850000e-02
   3.2036800e-02
   3.2197600e-02
   3.2255200e-02
   3.2535700e-02
   3.3990600e-02
   3.7599600e-02
   4.1044000e-02
   4.2134700e-02
   4.1731900e-02
   4.0398700e-02
   3.9459800e-02
   3.7911700e-02
   3.5565800e-02
   3.4220100e-02
   3.2696800e-02
   3.2089400e-02
   3.3099500e-02
   3.3338000e-02
   3.3334300e-02
   3.4088800e-02
   3.5259000e-02
   3.6725100e-02
   3.7164100e-02
   3.7300100e-02
   3.6907000e-02
   3.5525900e-02
   3.4976000e-02
   3.4570400e-02
   3.5212900e-02
   3.7283600e-02
   3.8236300e-02
   3.8302200e-02
   3.8203200e-02
   3.8670200e-02
   4.0056400e-02
   4.0437300e-02
   3.9955200e-02
   3.9419100e-02
   3.9563200e-02
   3.9531900e-02
   3.8324400e-02
   3.7087900e-02
   3.4652300e-02
   3.1910200e-02
   2.9801400e-02
   2.7781500e-02
   2.4983200e-02
   2.0630700e-02
   1.6243500e-02
   1.0802100e-02
   4.6333500e-03
  -9.2282900e-04
  -7.2645300e-03
  -1.4321800e-02
  -2.0449700e-02
  -2.5304800e-02
  -3.0163600e-02
  -3.4240000e-02
  -3.6853400e-02
  -3.9199700e-02
  -4.1085100e-02
  -4.2251000e-02
  -4.2673100e-02
  -4.2438900e-02
  -4.2432700e-02
  -4.3065300e-02
  -4.3457000e-02
  -4.3101100e-02
  -4.3039200e-02
  -4.3397000e-02
  -4.3025800e-02
  -4.2009800e-02
  -4.0053800e-02
  -3.7453800e-02
  -3.4669500e-02
  -3.0619000e-02
  -2.5156400e-02
  -1.9737500e-02
  -1.6200400e-02
  -1.3263900e-02
  -1.0100100e-02
  -6.9610600e-03
  -3.7429800e-03
  -2.2027000e-03
  -1.6040600e-03
  -8.2350800e-04
  -2.2766100e-04
   7.1786700e-04
   3.6885400e-04
  -1.3984200e-03
  -3.2535100e-03
  -6.0385600e-03
  -8.7985000e-03
  -1.2008300e-02
  -1.6519800e-02
  -2.0548800e-02
  -2.4309000e-02
  -2.7155600e-02
  -2.8221700e-02
  -2.8042900e-02
  -2.7007400e-02
  -2.6531700e-02
  -2.5669600e-02
  -2.3251900e-02
  -2.0241000e-02
  -1.6688300e-02
  -1.3398300e-02
  -1.0934700e-02
  -8.2243800e-03
  -6.4153600e-03
  -6.6445900e-03
  -8.1685400e-03
  -1.0726200e-02
  -1.3434100e-02
  -1.5484800e-02
  -1.6950200e-02
  -1.7725000e-02
  -1.8065300e-02
  -1.8851000e-02
  -2.0249900e-02
  -2.2823500e-02
  -2.6825400e-02
  -3.0594900e-02
  -3.3541700e-02
  -3.6023600e-02
  -3.8758100e-02
  -4.0931300e-02
  -4.1354600e-02
  -4.1048100e-02
  -3.9462800e-02
  -3.7046600e-02
  -3.5384500e-02
  -3.4051700e-02
  -3.2728200e-02
  -3.0971900e-02
  -2.9127200e-02
  -2.8196900e-02
  -2.7224800e-02
  -2.5581200e-02
  -2.3224600e-02
  -2.0095100e-02
  -1.7740800e-02
  -1.6367300e-02
  -1.5609100e-02
  -1.4939200e-02
  -1.2645500e-02
  -8.9642300e-03
  -5.0233800e-03
  -7.7259000e-04
   3.6121300e-03
   7.4664900e-03
   1.1173000e-02
   1.3756500e-02
   1.4968800e-02
   1.5497700e-02
   1.4897700e-02
   1.3446600e-02
   1.1857900e-02
   1.0862700e-02
   9.9507000e-03
   8.6691500e-03
   6.6553700e-03
   4.6023900e-03
   3.4651600e-03
   1.4340400e-03
  -2.4581600e-03
  -6.4881700e-03
  -9.5713700e-03
  -1.2524200e-02
  -1.6005800e-02
  -1.9805600e-02
  -2.3471400e-02
  -2.6073000e-02
  -2.7318800e-02
  -2.7716800e-02
  -2.7959000e-02
  -2.8306000e-02
  -2.8800000e-02
  -2.9204500e-02
  -2.9722300e-02
  -3.0555800e-02
  -3.0263500e-02
  -3.0070700e-02
  -3.0773200e-02
  -3.0738600e-02
  -3.0650200e-02
  -3.1466600e-02
  -3.2585200e-02
  -3.3013800e-02
  -3.3729300e-02
  -3.5261300e-02
  -3.6712900e-02
  -3.8419900e-02
  -3.9659700e-02
  -4.0578700e-02
  -4.2265200e-02
  -4.3824400e-02
  -4.3998000e-02
  -4.3527600e-02
  -4.3426300e-02
  -4.2291500e-02
  -4.0124100e-02
  -3.7266700e-02
  -3.2945100e-02
  -2.7796000e-02
  -2.2218000e-02
  -1.6533800e-02
  -1.0688300e-02
  -4.6795000e-03
  -2.3614900e-04
   2.1507200e-03
   2.8525900e-03
   2.3916000e-03
   2.4100500e-03
   3.2214500e-03
   3.8991900e-03
   4.5014700e-03
   5.5117000e-03
   6.8944400e-03
   8.0564600e-03
   8.1154100e-03
   7.7572700e-03
   7.9786500e-03
   8.0411500e-03
   7.7369000e-03
   7.8429900e-03
   8.6802400e-03
   9.1270400e-03
   8.5140100e-03
   7.7186100e-03
   7.1356200e-03
   6.9117000e-03
   6.2685700e-03
   5.8451800e-03
   7.1069300e-03
   8.5213500e-03
   8.5220000e-03
   7.4969300e-03
   6.5106300e-03
   5.9041100e-03
   5.8859800e-03
   6.1186200e-03
   5.9787200e-03
   5.9460600e-03
   6.3557900e-03
   6.4523000e-03
   5.3660900e-03
   4.3159100e-03
   4.1326500e-03
   4.5732300e-03
   5.0540500e-03
   5.8905800e-03
   8.0333500e-03
   1.0747100e-02
   1.3966900e-02
   1.8034400e-02
   2.2321100e-02
   2.5643200e-02
   2.6994700e-02
   2.7088200e-02
   2.7842200e-02
   2.8563500e-02
   2.8087800e-02
   2.7566800e-02
   2.7407400e-02
   2.6933400e-02
   2.5612300e-02
   2.3910100e-02
   2.2500300e-02
   2.1454200e-02
   2.1001600e-02
   2.0552400e-02
   2.0590400e-02
   2.1226600e-02
   2.1109200e-02
   2.0363000e-02
   1.8951500e-02
   1.7490200e-02
   1.6685500e-02
   1.5382500e-02
   1.3028100e-02
   1.1374700e-02
   1.0728900e-02
   9.7106100e-03
   9.2610300e-03
   9.3503100e-03
   8.3336000e-03
   7.4422700e-03
   7.5243100e-03
   6.4254200e-03
   4.7841500e-03
   3.9451600e-03
   3.3686100e-03
   2.6849000e-03
   1.3297800e-03
   5.8251800e-04
   7.2657900e-04
   7.4677200e-04
   1.2216700e-03
   1.9924600e-03
   2.8273600e-03
   4.0193100e-03
   4.5712600e-03
   5.1196600e-03
   6.3205700e-03
   7.1146900e-03
   8.0331800e-03
   9.6153300e-03
   1.1091500e-02
   1.1587100e-02
   1.0872800e-02
   8.7576500e-03
   6.0674500e-03
   2.9807800e-03
  -4.3024700e-04
  -3.1055000e-03
  -5.2549000e-03
  -6.9408200e-03
  -8.3675300e-03
  -1.0037300e-02
  -1.2312000e-02
  -1.4923900e-02
  -1.7224900e-02
  -1.8154800e-02
  -1.7823100e-02
  -1.7839900e-02
  -1.8024100e-02
  -1.8036700e-02
  -1.8172100e-02
  -1.7741600e-02
  -1.6713300e-02
  -1.5932000e-02
  -1.5576800e-02
  -1.6102200e-02
  -1.8427900e-02
  -2.1691700e-02
  -2.5325500e-02
  -2.8903900e-02
  -3.0536100e-02
  -3.0692100e-02
  -3.1419300e-02
  -3.2301000e-02
  -3.2085200e-02
  -3.1525700e-02
  -3.1036700e-02
  -3.0447000e-02
  -2.9845600e-02
  -2.8791400e-02
  -2.8299900e-02
  -2.9582000e-02
  -3.1169300e-02
  -3.1468400e-02
  -3.0591200e-02
  -2.9594200e-02
  -2.8256500e-02
  -2.6273300e-02
  -2.3332900e-02
  -1.8486100e-02
  -1.2915600e-02
  -7.3214300e-03
  -2.4290800e-03
   6.1754600e-04
   2.7354200e-03
   3.7455800e-03
   3.5439500e-03
   3.4018400e-03
   2.3759500e-03
   2.9395400e-04
  -2.0975600e-03
  -5.4052800e-03
  -9.3987000e-03
  -1.3566200e-02
  -1.6951900e-02
  -1.9841700e-02
  -2.2820800e-02
  -2.4371900e-02
  -2.3873900e-02
  -2.3953100e-02
  -2.5018200e-02
  -2.4707300e-02
  -2.3667100e-02
  -2.2558900e-02
  -2.1843900e-02
  -2.1654100e-02
  -2.0994600e-02
  -1.9882000e-02
  -1.9956300e-02
  -2.2030500e-02
  -2.5357400e-02
  -2.8811800e-02
  -3.1913500e-02
  -3.5022700e-02
  -3.7970000e-02
  -4.0955500e-02
  -4.2836100e-02
  -4.4208400e-02
  -4.6310500e-02
  -4.8924700e-02
  -5.1443100e-02
  -5.2104200e-02
  -5.2790900e-02
  -5.3042300e-02
  -5.1143200e-02
  -4.9874500e-02
  -4.9318500e-02
  -4.8204100e-02
  -4.6869800e-02
  -4.5195900e-02
  -4.3399000e-02
  -4.2200800e-02
  -4.2163900e-02
  -4.2497900e-02
  -4.1684500e-02
  -3.9986000e-02
  -3.8381400e-02
  -3.7425500e-02
  -3.5748300e-02
  -3.2373600e-02
  -2.8927900e-02
  -2.5943700e-02
  -2.2209800e-02
  -1.7121200e-02
  -1.2396600e-02
  -7.8416000e-03
  -2.6457600e-03
   1.4267300e-03
   4.4530300e-03
   6.1853500e-03
   6.9933000e-03
   8.0704900e-03
   9.3610000e-03
   1.1334400e-02
   1.2781300e-02
   1.3045400e-02
   1.3071300e-02
   1.2261500e-02
   1.1252600e-02
   1.0602600e-02
   9.8556200e-03
   9.1219200e-03
   7.5100400e-03
   5.7952800e-03
   4.4396900e-03
   1.9460800e-03
  -3.0174200e-04
  -9.8249200e-04
  -1.7618300e-03
  -2.9557000e-03
  -3.6389200e-03
  -3.8657600e-03
  -4.6813100e-03
  -5.4914300e-03
  -5.6143000e-03
  -6.0760800e-03
  -7.3323200e-03
  -9.8115700e-03
  -1.1998100e-02
  -1.3074200e-02
  -1.3597000e-02
  -1.3967200e-02
  -1.5514300e-02
  -1.7269600e-02
  -1.8240700e-02
  -1.8551200e-02
  -1.9423700e-02
  -2.0672200e-02
  -2.0480100e-02
  -2.0691300e-02
  -2.1230300e-02
  -2.1821400e-02
  -2.3748500e-02
  -2.3845200e-02
  -2.2351300e-02
  -2.0812600e-02
  -1.8356600e-02
  -1.5994100e-02
  -1.2378700e-02
  -8.6883800e-03
  -6.8653600e-03
  -4.7004500e-03
  -2.8242400e-03
  -1.9984500e-03
  -1.3022700e-03
  -1.3725100e-03
  -1.8467500e-03
  -1.8286200e-03
  -1.4070800e-03
  -1.2062300e-03
  -1.4111700e-03
  -1.9085700e-03
  -2.7487200e-03
  -4.4153900e-03
  -5.3853800e-03
  -4.5453400e-03
  -4.3341400e-03
  -4.2161000e-03
  -3.0711800e-03
  -1.8779200e-03
  -1.0748000e-03
  -1.5079200e-03
  -2.2740100e-03
  -1.6716100e-03
  -1.1536300e-04
   2.1899400e-03
   3.8631000e-03
   3.6195600e-03
   3.2598300e-03
   4.3026900e-03
   5.6880700e-03
   5.2494700e-03
   3.7542000e-03
   3.2066000e-03
   2.1796200e-03
   1.2628700e-03
   5.0510700e-04
  -2.0017300e-03
  -2.4988300e-03
  -9.5317600e-04
  -2.0112400e-04
   8.8639000e-04
   1.4374800e-03
   3.9053200e-04
  -1.3369000e-03
  -3.7497600e-03
  -7.1403900e-03
  -1.0078100e-02
  -1.3252000e-02
  -1.7386000e-02
  -1.9738900e-02
  -2.1901400e-02
  -2.3966900e-02
  -2.3884300e-02
  -2.4711700e-02
  -2.6701100e-02
  -2.8404500e-02
  -3.0221000e-02
  -3.2515600e-02
  -3.4645500e-02
  -3.5815200e-02
  -3.6086900e-02
  -3.5451500e-02
  -3.5438500e-02
  -3.6314300e-02
  -3.6394000e-02
  -3.5172900e-02
  -3.2682900e-02
  -2.9695900e-02
  -2.7393300e-02
  -2.5832500e-02
  -2.4327900e-02
  -2.2430200e-02
  -2.1152200e-02
  -2.0487400e-02
  -1.9493200e-02
  -1.9272200e-02
  -1.9240000e-02
  -1.8634600e-02
  -1.7198900e-02
  -1.5341500e-02
  -1.4995500e-02
  -1.5307800e-02
  -1.4852500e-02
  -1.4138700e-02
  -1.4620300e-02
  -1.6407500e-02
  -1.8255400e-02
  -1.9756100e-02
  -2.1234400e-02
  -2.1771000e-02
  -2.1808500e-02
  -2.2924400e-02
  -2.4051900e-02
  -2.4921000e-02
  -2.5206700e-02
  -2.5127900e-02
  -2.6529400e-02
  -2.8166900e-02
  -2.9602200e-02
  -3.1579900e-02
  -3.2317400e-02
  -3.3067700e-02
  -3.3920200e-02
  -3.3276000e-02
  -3.3230700e-02
  -3.2822300e-02
  -3.2140700e-02
  -3.1718000e-02
  -3.0510600e-02
  -3.0079200e-02
  -2.9488200e-02
  -2.8782200e-02
  -2.8751900e-02
  -2.8478500e-02
  -2.8010300e-02
  -2.7285200e-02
  -2.6595000e-02
  -2.5645100e-02
  -2.3840200e-02
  -2.2423400e-02
  -2.1795600e-02
  -2.0673200e-02
  -1.7989500e-02
  -1.4017900e-02
  -1.0078600e-02
  -5.8350900e-03
  -1.4399600e-03
   2.5510400e-03
   7.0582400e-03
   1.1174600e-02
   1.3908200e-02
   1.6418400e-02
   1.8356700e-02
   1.8069400e-02
   1.6876400e-02
   1.5840800e-02
   1.4501300e-02
   1.3377400e-02
   1.1719300e-02
   9.0062400e-03
   6.2616700e-03
   3.4506300e-03
   3.0488700e-04
  -1.2774600e-03
  -1.2866100e-03
  -1.4604700e-03
  -1.8111300e-03
  -2.2358600e-03
  -1.9026500e-03
  -1.1385800e-03
  -1.0657400e-04
   2.1119000e-03
   4.9928200e-03
   8.7487600e-03
   1.2109800e-02
   1.4604400e-02
   1.6853700e-02
   1.8381400e-02
   1.9989200e-02
   2.1410200e-02
   2.2750600e-02
   2.3881000e-02
   2.4055800e-02
   2.3476200e-02
   2.1652200e-02
   1.8753000e-02
   1.5070400e-02
   1.0940400e-02
   7.5634100e-03
   5.3163600e-03
   4.0245300e-03
   3.1991600e-03
   2.5767100e-03
   2.9673300e-03
   4.2297800e-03
   6.1526800e-03
   8.3360000e-03
   9.4795400e-03
   1.0959200e-02
   1.3959900e-02
   1.6849000e-02
   1.9316900e-02
   2.1782000e-02
   2.3537400e-02
   2.4626600e-02
   2.5419400e-02
   2.5366900e-02
   2.4371200e-02
   2.3356800e-02
   2.2492100e-02
   2.1649100e-02
   2.0479900e-02
   1.8726200e-02
   1.7102600e-02
   1.5483400e-02
   1.3858200e-02
   1.2126900e-02
   1.0218500e-02
   9.0477100e-03
   9.0882200e-03
   9.7608200e-03
   1.0478900e-02
   1.0190900e-02
   8.9542800e-03
   8.4690000e-03
   8.3731100e-03
   8.0473500e-03
   6.7634700e-03
   4.2573900e-03
   1.5619900e-03
  -5.5216600e-04
  -2.2504400e-03
  -4.7751100e-03
  -8.1886900e-03
  -1.1986200e-02
  -1.5290600e-02
  -1.7764400e-02
  -2.0054000e-02
  -2.1767600e-02
  -2.3044000e-02
  -2.4737500e-02
  -2.6273400e-02
  -2.6706200e-02
  -2.6619700e-02
  -2.6634100e-02
  -2.6835600e-02
  -2.6608000e-02
  -2.6600900e-02
  -2.7621900e-02
  -2.7270900e-02
  -2.5191700e-02
  -2.4417300e-02
  -2.4672000e-02
  -2.4061200e-02
  -2.3410600e-02
  -2.3072300e-02
  -2.2872700e-02
  -2.2640600e-02
  -2.1928900e-02
  -2.0824300e-02
  -2.0507800e-02
  -2.1177500e-02
  -2.2415100e-02
  -2.3387600e-02
  -2.3234800e-02
  -2.3031400e-02
  -2.2883100e-02
  -2.2720700e-02
  -2.2354000e-02
  -2.1445000e-02
  -1.9996500e-02
  -1.7892600e-02
  -1.5305200e-02
  -1.3669600e-02
  -1.2776100e-02
  -1.0845300e-02
  -7.9522600e-03
  -4.0213800e-03
  -8.4465600e-04
  -6.7056900e-05
   7.7209500e-04
   3.2129700e-03
   4.9057900e-03
   4.3793700e-03
   3.1609000e-03
   2.4432900e-03
   2.4034000e-03
   3.3424700e-03
   4.3147500e-03
   4.1650900e-03
   3.3908700e-03
   2.6613200e-03
   2.4901900e-03
   3.0525000e-03
   3.6995400e-03
   4.3241900e-03
   4.4119200e-03
   4.1077400e-03
   4.6391700e-03
   5.3450900e-03
   6.5336300e-03
   8.3166800e-03
   9.2986800e-03
   9.4160300e-03
   1.0076100e-02
   1.1902100e-02
   1.4074600e-02
   1.6098300e-02
   1.7498900e-02
   1.8728700e-02
   2.0329400e-02
   2.2145500e-02
   2.3044000e-02
   2.2599700e-02
   2.2356900e-02
   2.2330900e-02
   2.2376900e-02
   2.2556800e-02
   2.2165800e-02
   2.1270100e-02
   2.0048600e-02
   1.8298800e-02
   1.6240600e-02
   1.4258600e-02
   1.2295200e-02
   1.1311100e-02
   1.1465700e-02
   1.2146000e-02
   1.2897300e-02
   1.3540500e-02
   1.3951600e-02
   1.3597700e-02
   1.2851600e-02
   1.1730400e-02
   1.0766200e-02
   9.6037900e-03
   8.7791300e-03
   8.4275800e-03
   7.4118700e-03
   6.9627500e-03
   7.2690200e-03
   7.7949700e-03
   7.7862800e-03
   7.0305900e-03
   6.8368000e-03
   7.0894700e-03
   7.7483200e-03
   8.8595500e-03
   9.4385900e-03
   1.0213300e-02
   1.1125500e-02
   1.1479800e-02
   1.1619600e-02
   1.1711400e-02
   1.2057500e-02
   1.1637600e-02
   1.0740500e-02
   1.1017600e-02
   1.1634400e-02
   1.1715600e-02
   1.1075000e-02
   1.0625100e-02
   1.1011200e-02
   1.1268800e-02
   1.1102000e-02
   1.0835600e-02
   1.0202900e-02
   8.9911300e-03
   7.9549100e-03
   7.6195500e-03
   7.9427300e-03
   8.5763900e-03
   8.3890300e-03
   7.4494600e-03
   7.3664200e-03
   7.1299000e-03
   6.8112100e-03
   7.1917600e-03
   7.5867700e-03
   7.7167100e-03
   7.5918500e-03
   7.9177000e-03
   7.8838200e-03
   7.6765100e-03
   8.1239200e-03
   8.5210600e-03
   8.6046700e-03
   8.1366500e-03
   6.8888800e-03
   5.6675300e-03
   5.0801400e-03
   4.7113600e-03
   4.0207700e-03
   2.8846300e-03
   2.2156400e-03
   2.2760900e-03
   2.1176200e-03
   2.1667700e-03
   3.0374600e-03
   3.7147200e-03
   4.0710900e-03
   4.5127800e-03
   5.7303900e-03
   8.5595600e-03
   1.0818500e-02
   1.1558400e-02
   1.2243900e-02
   1.3196500e-02
   1.4579600e-02
   1.5993500e-02
   1.6802300e-02
   1.6814100e-02
   1.6876800e-02
   1.7458700e-02
   1.7539200e-02
   1.7519400e-02
   1.7795200e-02
   1.7556700e-02
   1.6730600e-02
   1.5824400e-02
   1.5297800e-02
   1.4768300e-02
   1.3828200e-02
   1.3506100e-02
   1.4059400e-02
   1.4011300e-02
   1.3560300e-02
   1.3795300e-02
   1.4222500e-02
   1.4422100e-02
   1.4041300e-02
   1.2972800e-02
   1.1677100e-02
   1.0907500e-02
   1.1464300e-02
   1.1983300e-02
   1.1441100e-02
   1.0730900e-02
   1.0511900e-02
   1.0596100e-02
   1.1121600e-02
   1.2249100e-02
   1.3526400e-02
   1.4407000e-02
   1.3972900e-02
   1.2771300e-02
   1.1716000e-02
   1.0968200e-02
   9.7107200e-03
   7.7950500e-03
   6.2087900e-03
   4.8626200e-03
   3.7776200e-03
   3.2059200e-03
   2.7020500e-03
   1.1447300e-03
  -8.8596300e-05
   1.1987800e-03
   3.6593400e-03
   6.0389200e-03
   8.2019700e-03
   9.5030100e-03
   1.0377400e-02
   1.1840000e-02
   1.3218700e-02
   1.3390500e-02
   1.3484800e-02
   1.4048900e-02
   1.3769100e-02
   1.3993300e-02
   1.4102400e-02
   1.3121000e-02
   1.2551500e-02
   1.1347200e-02
   1.1097300e-02
   1.2008700e-02
   1.1973400e-02
   1.1792200e-02
   1.1656900e-02
   1.2255300e-02
   1.3805600e-02
   1.5472000e-02
   1.6912200e-02
   1.7256700e-02
   1.7654500e-02
   1.9221500e-02
   2.1157700e-02
   2.2908600e-02
   2.4077100e-02
   2.5272900e-02
   2.5972300e-02
   2.5458400e-02
   2.5656300e-02
   2.6461600e-02
   2.5910700e-02
   2.5155700e-02
   2.4719500e-02
   2.3383900e-02
   2.2271900e-02
   2.1774000e-02
   2.1425900e-02
   2.1324300e-02
   2.0761600e-02
   1.9910200e-02
   1.9466500e-02
   1.9226700e-02
   1.8558600e-02
   1.7667500e-02
   1.6812500e-02
   1.6671600e-02
   1.7627000e-02
   1.8185900e-02
   1.7795200e-02
   1.7159800e-02
   1.7506800e-02
   1.8189500e-02
   1.8052300e-02
   1.8513800e-02
   1.9995000e-02
   2.0731600e-02
   2.0354400e-02
   1.9804600e-02
   1.9407600e-02
   1.8742000e-02
   1.7540100e-02
   1.7263500e-02
   1.8045600e-02
   1.9360100e-02
   2.0490800e-02
   2.0735700e-02
   2.1503200e-02
   2.2789600e-02
   2.2739200e-02
   2.2124300e-02
   2.2182000e-02
   2.1761300e-02
   2.1674700e-02
   2.2548800e-02
   2.3278100e-02
   2.3689200e-02
   2.3885800e-02
   2.3709200e-02
   2.3757800e-02
   2.3838700e-02
   2.2861000e-02
   2.2046500e-02
   2.1327400e-02
   1.9716400e-02
   1.8928700e-02
   1.8664300e-02
   1.7698100e-02
   1.7063200e-02
   1.7016800e-02
   1.7674000e-02
   1.7777500e-02
   1.6586600e-02
   1.6749200e-02
   1.8421300e-02
   1.9651300e-02
   2.0682800e-02
   2.1622600e-02
   2.2838300e-02
   2.4514200e-02
   2.5591200e-02
   2.6745600e-02
   2.7901600e-02
   2.8649300e-02
   2.9977400e-02
   3.1404300e-02
   3.1882000e-02
   3.2121300e-02
   3.1632500e-02
   2.9857600e-02
   2.8571600e-02
   2.7391500e-02
   2.5503900e-02
   2.3806700e-02
   2.3034500e-02
   2.2118400e-02
   1.9812600e-02
   1.8371400e-02
   1.8610400e-02
   1.7491100e-02
   1.4935100e-02
   1.2824200e-02
   1.1442700e-02
   1.1089000e-02
   1.0841100e-02
   9.8356900e-03
   8.7191300e-03
   7.6100300e-03
   6.2233700e-03
   4.7711700e-03
   3.4217300e-03
   2.0734300e-03
   8.6773000e-04
  -5.4111400e-04
  -2.1318900e-03
  -2.9290700e-03
  -3.4113600e-03
  -4.3134900e-03
  -5.1214900e-03
  -5.2940900e-03
  -5.3174800e-03
  -5.9237700e-03
  -5.8613900e-03
  -4.8108800e-03
  -3.3813500e-03
  -1.7554200e-03
  -1.4324600e-03
  -9.8927500e-04
   6.7933600e-04
   1.6481600e-03
   2.2082300e-03
   3.0578300e-03
   3.9511200e-03
   4.4212600e-03
   5.0323900e-03
   6.5100500e-03
   7.7693700e-03
   7.8932100e-03
   7.4184400e-03
   6.7510700e-03
   4.6758100e-03
   2.8585800e-03
   2.9085700e-03
   2.9696900e-03
   2.4054700e-03
   1.7139200e-03
   1.6015600e-03
   2.0971200e-03
   2.6852500e-03
   3.0828800e-03
   3.1531500e-03
   2.9439400e-03
   1.9947400e-03
   8.1376500e-04
   6.5176300e-04
   2.7789800e-04
  -1.1183600e-03
  -2.3792100e-03
  -3.1059800e-03
  -4.1227900e-03
  -4.8616600e-03
  -5.0502500e-03
  -6.0828800e-03
  -8.0121800e-03
  -9.6380900e-03
  -1.0032300e-02
  -9.8850000e-03
  -9.8538800e-03
  -9.9013500e-03
  -9.8202800e-03
  -9.8441400e-03
  -1.1052900e-02
  -1.2886500e-02
  -1.3617200e-02
  -1.3406400e-02
  -1.3089600e-02
  -1.2786200e-02
  -1.2751300e-02
  -1.3981500e-02
  -1.5516800e-02
  -1.6077000e-02
  -1.6169300e-02
  -1.6248100e-02
  -1.6974200e-02
  -1.7831400e-02
  -1.8328500e-02
  -1.8646200e-02
  -1.8040700e-02
  -1.6675600e-02
  -1.5259800e-02
  -1.3663700e-02
  -1.2327200e-02
  -1.1781500e-02
  -1.0545200e-02
  -8.1316500e-03
  -5.9226700e-03
  -4.3075100e-03
  -3.7369500e-03
  -2.7285200e-03
  -1.3758400e-03
  -1.0598500e-03
  -5.0844000e-04
   6.2218800e-04
   2.3985000e-03
   4.3647100e-03
   6.9417500e-03
   1.0773200e-02
   1.3452100e-02
   1.4670600e-02
   1.6184500e-02
   1.7503500e-02
   1.8315600e-02
   1.8789000e-02
   1.9613700e-02
   2.0756900e-02
   2.2058300e-02
   2.4625100e-02
   2.6441000e-02
   2.7309700e-02
   2.9268600e-02
   3.1010500e-02
   3.2252200e-02
   3.2969100e-02
   3.3021800e-02
   3.3018600e-02
   3.2713200e-02
   3.2595600e-02
   3.2021700e-02
   3.0937200e-02
   3.1175200e-02
   3.2088200e-02
   3.1727300e-02
   3.0919700e-02
   2.9720300e-02
   2.8304300e-02
   2.8811700e-02
   2.9851700e-02
   2.9449600e-02
   2.8326000e-02
   2.7996200e-02
   2.8471700e-02
   2.8732300e-02
   2.8463300e-02
   2.7027000e-02
   2.5370500e-02
   2.4149300e-02
   2.2493100e-02
   2.0301300e-02
   1.7339900e-02
   1.4250500e-02
   1.1423100e-02
   8.4386300e-03
   5.8394500e-03
   4.2092500e-03
   3.1916500e-03
   2.6519500e-03
   2.1553600e-03
   1.3424100e-03
   1.3049600e-03
   1.7297000e-03
   1.9247500e-03
   2.1272300e-03
   2.2857300e-03
   2.2710300e-03
   1.6107500e-03
   5.5788100e-04
  -5.2780100e-04
  -1.4073200e-03
  -1.6153400e-03
  -2.5425100e-03
  -4.2260300e-03
  -5.7929700e-03
  -7.9669600e-03
  -9.3465300e-03
  -9.3695500e-03
  -8.9214000e-03
  -9.1682600e-03
  -1.0362100e-02
  -1.1063800e-02
  -1.2375300e-02
  -1.3903200e-02
  -1.3727600e-02
  -1.3787700e-02
  -1.5593200e-02
  -1.7438800e-02
  -1.8386600e-02
  -1.8689100e-02
  -1.9045200e-02
  -1.9332600e-02
  -1.9393800e-02
  -1.9814700e-02
  -2.0288700e-02
  -2.1007700e-02
  -2.1779900e-02
  -2.1855700e-02
  -2.0645200e-02
  -1.9173400e-02
  -1.7803800e-02
  -1.6001700e-02
  -1.5545500e-02
  -1.6063000e-02
  -1.6213800e-02
  -1.6267800e-02
  -1.5394000e-02
  -1.4555900e-02
  -1.4912800e-02
  -1.5075700e-02
  -1.4936500e-02
  -1.5082100e-02
  -1.5814000e-02
  -1.7105600e-02
  -1.7965600e-02
  -1.8360400e-02
  -1.8022100e-02
  -1.6887000e-02
  -1.6296800e-02
  -1.5895500e-02
  -1.5561400e-02
  -1.5324100e-02
  -1.4856500e-02
  -1.5046600e-02
  -1.6093600e-02
  -1.7779100e-02
  -1.9254700e-02
  -1.9783900e-02
  -1.9744200e-02
  -1.9247900e-02
  -1.9157100e-02
  -1.9954200e-02
  -2.0855200e-02
  -2.1102900e-02
  -2.0371300e-02
  -1.8973400e-02
  -1.7674700e-02
  -1.7785200e-02
  -1.8894500e-02
  -1.9327400e-02
  -1.8949200e-02
  -1.8506700e-02
  -1.8459700e-02
  -1.8396200e-02
  -1.7554900e-02
  -1.6479000e-02
  -1.5572000e-02
  -1.5183900e-02
  -1.5434600e-02
  -1.5381600e-02
  -1.4943300e-02
  -1.4935800e-02
  -1.5790000e-02
  -1.6249900e-02
  -1.5972700e-02
  -1.5257100e-02
  -1.3928000e-02
  -1.2970600e-02
  -1.2464900e-02
  -1.2199000e-02
  -1.2352700e-02
  -1.2310400e-02
  -1.2151800e-02
  -1.2323500e-02
  -1.3013800e-02
  -1.4362500e-02
  -1.5196700e-02
  -1.4952300e-02
  -1.4658900e-02
  -1.5145900e-02
  -1.6811800e-02
  -1.7889400e-02
  -1.7104300e-02
  -1.6140200e-02
  -1.6409600e-02
  -1.7668300e-02
  -1.8215600e-02
  -1.7022900e-02
  -1.5685000e-02
  -1.5551400e-02
  -1.5776800e-02
  -1.5749200e-02
  -1.5808800e-02
  -1.6057400e-02
  -1.5868900e-02
  -1.5465800e-02
  -1.6291900e-02
  -1.7754100e-02
  -1.8278500e-02
  -1.8954600e-02
  -2.0063400e-02
  -2.0975100e-02
  -2.1431400e-02
  -2.1064200e-02
  -2.0332600e-02
  -2.0109700e-02
  -2.0698500e-02
  -2.1035300e-02
  -2.1263100e-02
  -2.1543400e-02
  -2.0691200e-02
  -1.9576400e-02
  -2.0090800e-02
  -2.1697000e-02
  -2.2840100e-02
  -2.3002300e-02
  -2.3034200e-02
  -2.2621100e-02
  -2.2725800e-02
  -2.3998100e-02
  -2.4851600e-02
  -2.5378300e-02
  -2.5305100e-02
  -2.5392300e-02
  -2.6602500e-02
  -2.7996800e-02
  -2.8517800e-02
  -2.8081700e-02
  -2.8117100e-02
  -2.8750400e-02
  -2.8942100e-02
  -2.8595500e-02
  -2.7929300e-02
  -2.7437700e-02
  -2.6381100e-02
  -2.5249100e-02
  -2.4666600e-02
  -2.3629900e-02
  -2.2832000e-02
  -2.2008000e-02
  -2.0863600e-02
  -1.9886800e-02
  -1.8742500e-02
  -1.7886300e-02
  -1.7018400e-02
  -1.5620600e-02
  -1.4796500e-02
  -1.5066900e-02
  -1.5332100e-02
  -1.5261600e-02
  -1.5411200e-02
  -1.5972800e-02
  -1.6820900e-02
  -1.7445600e-02
  -1.7165200e-02
  -1.6460500e-02
  -1.6237400e-02
  -1.6635700e-02
  -1.7459400e-02
  -1.7683100e-02
  -1.7210500e-02
  -1.6569400e-02
  -1.5968100e-02
  -1.5605100e-02
  -1.6038500e-02
  -1.7229200e-02
  -1.7711600e-02
  -1.7059000e-02
  -1.6072800e-02
  -1.5961200e-02
  -1.6787300e-02
  -1.7716900e-02
  -1.7667100e-02
  -1.6275200e-02
  -1.5899900e-02
  -1.6944200e-02
  -1.7522100e-02
  -1.7242400e-02
  -1.6135300e-02
  -1.5708200e-02
  -1.6649600e-02
  -1.7446000e-02
  -1.7398900e-02
  -1.6208500e-02
  -1.5274100e-02
  -1.5319200e-02
  -1.5169600e-02
  -1.4613600e-02
  -1.3313600e-02
  -1.2130300e-02
  -1.1632500e-02
  -1.0533500e-02
  -8.9993000e-03
  -8.2280500e-03
  -7.3800900e-03
  -6.2127700e-03
  -5.4699600e-03
  -3.2276000e-03
   3.2722600e-04
   2.8660700e-03
   4.2385600e-03
   5.4835400e-03
   7.1861400e-03
   8.5894600e-03
   9.8957500e-03
   1.1233000e-02
   1.2282200e-02
   1.3739900e-02
   1.4578700e-02
   1.4299700e-02
   1.4455400e-02
   1.5562000e-02
   1.6894300e-02
   1.7407400e-02
   1.7114900e-02
   1.7172600e-02
   1.7350700e-02
   1.7117700e-02
   1.7372500e-02
   1.8224200e-02
   1.9458000e-02
   2.0814600e-02
   2.0801100e-02
   2.0103900e-02
   2.0227600e-02
   2.1001800e-02
   2.1462500e-02
   2.0820300e-02
   2.0130800e-02
   2.0019400e-02
   2.0154100e-02
   2.0290800e-02
   1.9885500e-02
   1.8643800e-02
   1.7074700e-02
   1.5796900e-02
   1.4996800e-02
   1.4272500e-02
   1.2769400e-02
   1.1054300e-02
   1.0705700e-02
   1.0730700e-02
   1.0177200e-02
   9.0785900e-03
   7.7605300e-03
   6.8423500e-03
   5.7481000e-03
   5.1127000e-03
   5.1018300e-03
   5.1036000e-03
   5.0509000e-03
   5.4525500e-03
   6.9917400e-03
   8.2499800e-03
   8.1002200e-03
   7.3930700e-03
   6.4515000e-03
   5.9360500e-03
   6.2758600e-03
   6.2714500e-03
   5.3073800e-03
   4.3302400e-03
   4.1411500e-03
   4.1111800e-03
   4.2174600e-03
   4.0138000e-03
   3.0502600e-03
   2.0427200e-03
   9.2643300e-04
  -1.3516600e-04
  -4.5046000e-04
   9.4747400e-05
   8.7960900e-04
   9.1559900e-04
  -1.8048600e-04
  -8.5587900e-04
  -1.0375500e-05
   1.4886700e-03
   2.9236000e-03
   4.2231000e-03
   5.2467100e-03
   5.2343300e-03
   4.9242000e-03
   5.3804500e-03
   5.7744500e-03
   6.2876900e-03
   7.3804300e-03
   8.5834300e-03
   9.8131300e-03
   1.0974500e-02
   1.1501500e-02
   1.1485900e-02
   1.1503400e-02
   1.1774400e-02
   1.2234600e-02
   1.2433300e-02
   1.2677200e-02
   1.3217400e-02
   1.3935000e-02
   1.4417600e-02
   1.4294400e-02
   1.4170800e-02
   1.4306600e-02
   1.4733500e-02
   1.5277000e-02
   1.5244900e-02
   1.4690800e-02
   1.4462500e-02
   1.4560100e-02
   1.4610900e-02
   1.4967900e-02
   1.5457700e-02
   1.4823000e-02
   1.2957800e-02
   1.1383400e-02
   1.0872500e-02
   1.1240900e-02
   1.1815500e-02
   1.1493000e-02
   1.0103000e-02
   9.2885500e-03
   9.4901600e-03
   9.1189400e-03
   8.4399500e-03
   8.2772000e-03
   8.1605700e-03
   8.2320900e-03
   8.6132000e-03
   8.6253100e-03
   8.2563200e-03
   8.2483800e-03
   8.2626500e-03
   7.4719900e-03
   6.3229300e-03
   5.3196100e-03
   4.0904800e-03
   2.4879500e-03
   9.3200300e-04
  -4.2654600e-04
  -1.6873400e-03
  -2.2021500e-03
  -1.9066300e-03
  -2.2709000e-03
  -3.3622400e-03
  -4.4814600e-03
  -5.1913800e-03
  -5.4017100e-03
  -5.8471900e-03
  -6.6687600e-03
  -7.6537800e-03
  -7.5712600e-03
  -6.6121200e-03
  -6.1100900e-03
  -6.6133500e-03
  -8.0184200e-03
  -8.5279600e-03
  -7.7754000e-03
  -7.2913200e-03
  -7.9104400e-03
  -8.8214600e-03
  -9.2240000e-03
  -9.1535600e-03
  -8.5597200e-03
  -7.9163200e-03
  -7.8411500e-03
  -7.9631200e-03
  -7.1276500e-03
  -5.9606600e-03
  -5.9990400e-03
  -6.0161000e-03
  -4.8302600e-03
  -3.3470400e-03
  -2.5385800e-03
  -2.9208000e-03
  -3.0942700e-03
  -1.6832100e-03
  -5.8630300e-05
   7.0958000e-04
   1.3421300e-03
   2.7623500e-03
   5.0625800e-03
   7.2512900e-03
   8.7886500e-03
   9.6775100e-03
   1.0341700e-02
   1.1411300e-02
   1.3178000e-02
   1.5559800e-02
   1.7621500e-02
   1.9372900e-02
   2.1079100e-02
   2.2240500e-02
   2.2435700e-02
   2.2502500e-02
   2.3573300e-02
   2.4943600e-02
