  -8.2713700e-02
  -8.2766800e-02
  -8.0485600e-02
  -7.4488600e-02
  -6.4283500e-02
  -5.0756500e-02
  -3.5913500e-02
  -2.1936900e-02
  -1.0465700e-02
  -2.1241300e-03
   3.6291900e-03
   8.2322900e-03
   1.3151800e-02
   1.9325100e-02
   2.7103200e-02
   3.6470500e-02
   4.7137700e-02
   5.8560300e-02
   6.9848400e-02
   7.9388000e-02
   8.5405300e-02
   8.6701200e-02
   8.2939900e-02
   7.4988500e-02
   6.4779900e-02
   5.4677000e-02
   4.6679400e-02
   4.2064800e-02
   4.0827500e-02
   4.2040200e-02
   4.4358500e-02
   4.5843400e-02
   4.5070800e-02
   4.1596800e-02
   3.6018300e-02
   2.9726500e-02
   2.4021600e-02
   1.9839100e-02
   1.7796600e-02
   1.7775000e-02
   1.8871600e-02
   1.9878700e-02
   1.9827600e-02
   1.7767600e-02
   1.2731100e-02
   4.2724100e-03
  -7.2270800e-03
  -2.0237000e-02
  -3.2710100e-02
  -4.2645500e-02
  -4.8626300e-02
  -5.0659800e-02
  -5.0105900e-02
  -4.9049000e-02
  -4.9662700e-02
  -5.3510400e-02
  -6.1051200e-02
  -7.1759200e-02
  -8.4350400e-02
  -9.7270300e-02
  -1.0902500e-01
  -1.1820600e-01
  -1.2329100e-01
  -1.2347600e-01
  -1.1931700e-01
  -1.1279300e-01
  -1.0697000e-01
  -1.0484200e-01
  -1.0783600e-01
  -1.1536200e-01
  -1.2505700e-01
  -1.3318000e-01
  -1.3537300e-01
  -1.2859900e-01
  -1.1262700e-01
  -9.0101900e-02
  -6.6210700e-02
  -4.7260500e-02
  -3.8315600e-02
  -4.1772900e-02
  -5.6481700e-02
  -7.7994700e-02
  -9.9757900e-02
  -1.1551600e-01
  -1.2186600e-01
  -1.1901300e-01
  -1.0952900e-01
  -9.6506900e-02
  -8.2723000e-02
  -6.9580100e-02
  -5.6434700e-02
  -4.1921800e-02
  -2.5595700e-02
  -8.2054200e-03
   8.5004300e-03
   2.2436000e-02
   3.2232600e-02
   3.8214200e-02
   4.2415900e-02
   4.7673900e-02
   5.6759700e-02
   7.1297600e-02
   9.0734900e-02
   1.1288900e-01
   1.3452900e-01
   1.5204400e-01
   1.6264200e-01
   1.6566400e-01
   1.6268800e-01
   1.5662300e-01
   1.5071500e-01
   1.4770400e-01
   1.4887200e-01
   1.5431700e-01
   1.6298300e-01
   1.7214000e-01
   1.7793300e-01
   1.7701200e-01
   1.6821100e-01
   1.5232700e-01
   1.3088700e-01
   1.0504500e-01
   7.5805300e-02
   4.4869000e-02
   1.4953900e-02
  -1.0491800e-02
  -2.7814800e-02
  -3.3863900e-02
  -2.7820600e-02
  -1.2457100e-02
   6.2260100e-03
   2.0700900e-02
   2.3968700e-02
   1.2023900e-02
  -1.4798000e-02
  -5.2247700e-02
  -9.3691200e-02
  -1.3217300e-01
  -1.6198000e-01
  -1.7954500e-01
  -1.8394100e-01
  -1.7678000e-01
  -1.6105800e-01
  -1.3973200e-01
  -1.1584500e-01
  -9.2461500e-02
  -7.1570800e-02
  -5.3872500e-02
  -3.9355200e-02
  -2.8155200e-02
  -2.0334300e-02
  -1.5620100e-02
  -1.3000500e-02
  -1.0556800e-02
  -5.4921900e-03
   4.9940200e-03
   2.2700200e-02
   4.7577500e-02
   7.7164200e-02
   1.0701700e-01
   1.3218900e-01
   1.4887300e-01
   1.5567800e-01
   1.5379900e-01
   1.4600000e-01
   1.3579500e-01
   1.2640700e-01
   1.1937900e-01
   1.1460600e-01
   1.1104300e-01
   1.0707700e-01
   1.0117100e-01
   9.3047100e-02
   8.3927600e-02
   7.5621000e-02
   7.0540300e-02
   7.0536500e-02
   7.5758700e-02
   8.4777100e-02
   9.5165900e-02
   1.0433900e-01
   1.1042000e-01
   1.1200900e-01
   1.0740800e-01
   9.4139300e-02
   7.0062600e-02
   3.5231700e-02
  -7.3762200e-03
  -5.3212600e-02
  -9.7598100e-02
  -1.3628800e-01
  -1.6577300e-01
  -1.8374400e-01
  -1.8946500e-01
  -1.8350000e-01
  -1.6708400e-01
  -1.4222800e-01
  -1.1192500e-01
  -7.9441800e-02
  -4.8122600e-02
  -2.2020900e-02
  -5.0096500e-03
   1.0935300e-03
  -2.5711100e-03
  -1.1682900e-02
  -2.0262000e-02
  -2.2971100e-02
  -1.7036500e-02
  -2.8467200e-03
   1.6362000e-02
   3.5651800e-02
   5.0000400e-02
   5.6209600e-02
   5.3808900e-02
   4.4732000e-02
   3.2100500e-02
   1.8931300e-02
   7.7558400e-03
  -1.2694100e-04
  -4.9970100e-03
  -8.0201600e-03
  -1.0026700e-02
  -1.0960400e-02
  -1.0238700e-02
  -7.3926000e-03
  -2.1022000e-03
   5.9883400e-03
   1.6894300e-02
   2.9867600e-02
   4.3245500e-02
   5.4276700e-02
   5.9791000e-02
   5.7733100e-02
   4.8591600e-02
   3.5352700e-02
   2.1865300e-02
   1.1269000e-02
   5.8614900e-03
   7.0187600e-03
   1.4610400e-02
   2.7701600e-02
   4.4686700e-02
   6.3223600e-02
   8.1034100e-02
   9.6436600e-02
   1.0808900e-01
   1.1497100e-01
   1.1592800e-01
   1.0915700e-01
   9.3046900e-02
   6.7770700e-02
   3.6137300e-02
   3.2709900e-03
  -2.4458700e-02
  -4.1203300e-02
  -4.3440200e-02
  -3.1263200e-02
  -8.7410400e-03
   1.7078800e-02
   3.8226400e-02
   4.8274000e-02
   4.3965800e-02
   2.5350600e-02
  -4.2726800e-03
  -3.9162400e-02
  -7.3385200e-02
  -1.0223800e-01
  -1.2228900e-01
  -1.3065800e-01
  -1.2482700e-01
  -1.0362200e-01
  -6.8792800e-02
  -2.5347900e-02
   1.9833100e-02
   5.9197900e-02
   8.5891400e-02
   9.5269900e-02
   8.6379300e-02
   6.2772600e-02
   3.1594200e-02
   1.9865500e-03
  -1.7972200e-02
  -2.3708800e-02
  -1.4763800e-02
   5.4274800e-03
   3.0524000e-02
   5.3310500e-02
   6.8019500e-02
   7.1596500e-02
   6.3823600e-02
   4.6802000e-02
   2.4069700e-02
  -6.4093500e-04
  -2.4385900e-02
  -4.5145800e-02
  -6.1464300e-02
  -7.2333400e-02
  -7.7081200e-02
  -7.5347800e-02
  -6.7240600e-02
  -5.3612700e-02
  -3.6176000e-02
  -1.7689200e-02
  -1.2740100e-03
   1.0620000e-02
   1.6407600e-02
   1.5457100e-02
   8.4936700e-03
  -2.4867400e-03
  -1.4764200e-02
  -2.5702900e-02
  -3.3191500e-02
  -3.5969000e-02
  -3.3941200e-02
  -2.8269800e-02
  -2.1332700e-02
  -1.5764700e-02
  -1.4159000e-02
  -1.8824200e-02
  -3.0637100e-02
  -4.8512200e-02
  -7.0396000e-02
  -9.3987800e-02
  -1.1662000e-01
  -1.3607100e-01
  -1.5120800e-01
  -1.6189200e-01
  -1.6899000e-01
  -1.7415400e-01
  -1.7906900e-01
  -1.8471100e-01
  -1.9115800e-01
  -1.9793800e-01
  -2.0432900e-01
  -2.0915600e-01
  -2.1098100e-01
  -2.0839500e-01
  -2.0022900e-01
  -1.8615200e-01
  -1.6703500e-01
  -1.4524700e-01
  -1.2420700e-01
  -1.0722500e-01
  -9.6862400e-02
  -9.4487400e-02
  -9.9617200e-02
  -1.0974500e-01
  -1.2127300e-01
  -1.3058500e-01
  -1.3417300e-01
  -1.2908000e-01
  -1.1396300e-01
  -8.9259000e-02
  -5.6974600e-02
  -2.0518600e-02
   1.6239600e-02
   5.0156900e-02
   7.9333400e-02
   1.0293500e-01
   1.2114900e-01
   1.3513000e-01
   1.4638700e-01
   1.5636200e-01
   1.6646000e-01
   1.7750400e-01
   1.8946700e-01
   2.0193600e-01
   2.1423900e-01
   2.2548800e-01
   2.3478300e-01
   2.4104200e-01
   2.4323300e-01
   2.4121700e-01
   2.3560400e-01
   2.2753100e-01
   2.1872800e-01
   2.1103000e-01
   2.0471900e-01
   1.9766000e-01
   1.8654800e-01
   1.6860300e-01
   1.4303300e-01
   1.1209700e-01
   8.0335400e-02
   5.2526200e-02
   3.1727200e-02
   1.8449900e-02
   1.0958500e-02
   6.0470700e-03
   3.0512800e-04
  -8.6596000e-03
  -2.1658500e-02
  -3.7865500e-02
  -5.5288100e-02
  -7.1475200e-02
  -8.4086900e-02
  -9.1588600e-02
  -9.3562600e-02
  -9.0780600e-02
  -8.4909000e-02
  -7.8137700e-02
  -7.2191200e-02
  -6.7651300e-02
  -6.4465100e-02
  -6.2398100e-02
  -6.0939700e-02
  -5.9696800e-02
  -5.8870300e-02
  -5.8500700e-02
  -5.8605000e-02
  -5.9281000e-02
  -6.0464900e-02
  -6.1702900e-02
  -6.2481100e-02
  -6.2065100e-02
  -5.9215800e-02
  -5.2985400e-02
  -4.3718400e-02
  -3.2969300e-02
  -2.2735200e-02
  -1.4858600e-02
  -1.0898300e-02
  -1.1410700e-02
  -1.5528500e-02
  -2.1562700e-02
  -2.7561800e-02
  -3.1661400e-02
  -3.2147400e-02
  -2.7805200e-02
  -1.8564800e-02
  -5.6888300e-03
   9.0018000e-03
   2.3857800e-02
   3.7593500e-02
   4.9800200e-02
   6.0667900e-02
   7.0720300e-02
   8.0786500e-02
   9.1178800e-02
   1.0124800e-01
   1.0945200e-01
   1.1386400e-01
   1.1273700e-01
   1.0499200e-01
   9.0954400e-02
   7.2654500e-02
   5.3003100e-02
   3.4477700e-02
   1.8876700e-02
   7.2474900e-03
  -4.6794300e-04
  -5.6010300e-03
  -9.9772100e-03
  -1.5300000e-02
  -2.2410700e-02
  -3.0909300e-02
  -3.9337800e-02
  -4.5769600e-02
  -4.8585300e-02
  -4.7003300e-02
  -4.1703500e-02
  -3.4717100e-02
  -2.8632000e-02
  -2.5533600e-02
  -2.6562500e-02
  -3.1570800e-02
  -3.9144300e-02
  -4.6562100e-02
  -5.0847100e-02
  -5.0153300e-02
  -4.4046400e-02
  -3.2923100e-02
  -1.7960800e-02
  -6.7634100e-04
   1.7012100e-02
   3.3217500e-02
   4.6302900e-02
   5.4510200e-02
   5.6880800e-02
   5.3693000e-02
   4.6429800e-02
   3.7699100e-02
   3.0108100e-02
   2.4877400e-02
   2.1381800e-02
   1.8033200e-02
   1.3303100e-02
   6.1145300e-03
  -3.4303200e-03
  -1.3891400e-02
  -2.3370700e-02
  -3.0264300e-02
  -3.3589100e-02
  -3.3560100e-02
  -3.1434000e-02
  -2.8331200e-02
  -2.4261500e-02
  -1.8659700e-02
  -1.0895600e-02
  -7.2423000e-04
   1.1348000e-02
   2.4457200e-02
   3.7326000e-02
   4.8310900e-02
   5.6061500e-02
   6.0143900e-02
   6.1025900e-02
   5.9715700e-02
   5.7943600e-02
   5.7753200e-02
   6.0487200e-02
   6.6565300e-02
   7.5446200e-02
   8.5877900e-02
   9.6381200e-02
   1.0535600e-01
   1.1170200e-01
   1.1480400e-01
   1.1444500e-01
   1.1069000e-01
   1.0353900e-01
   9.2765700e-02
   7.8290300e-02
   6.0412900e-02
   4.0382700e-02
   2.0700700e-02
   4.5212000e-03
  -5.2724100e-03
  -7.4900100e-03
  -3.8198500e-03
   1.7695700e-03
   4.7022200e-03
   9.8178200e-04
  -1.1529200e-02
  -3.2266900e-02
  -5.8312000e-02
  -8.5223900e-02
  -1.0823600e-01
  -1.2350400e-01
  -1.2921600e-01
  -1.2625000e-01
  -1.1769100e-01
  -1.0744300e-01
  -9.9046700e-02
  -9.4597700e-02
  -9.4345300e-02
  -9.7068100e-02
  -1.0043900e-01
  -1.0175500e-01
  -9.9136400e-02
  -9.1944700e-02
  -8.1032000e-02
  -6.8508500e-02
  -5.6781500e-02
  -4.8255500e-02
  -4.4705000e-02
  -4.6123900e-02
  -5.1156800e-02
  -5.7753300e-02
  -6.3569300e-02
  -6.6252500e-02
  -6.4250600e-02
  -5.7235500e-02
  -4.6092800e-02
  -3.2273900e-02
  -1.7662500e-02
  -4.4321100e-03
   5.8066800e-03
   1.2349100e-02
   1.5149000e-02
   1.4572500e-02
   1.1178800e-02
   5.7733300e-03
  -8.2027400e-04
  -7.9629400e-03
  -1.4941100e-02
  -2.0941600e-02
  -2.5221200e-02
  -2.7208000e-02
  -2.6574700e-02
  -2.3784100e-02
  -1.9862500e-02
  -1.5963700e-02
  -1.3065200e-02
  -1.1789100e-02
  -1.2185900e-02
  -1.3224900e-02
  -1.3832100e-02
  -1.3598600e-02
  -1.2133700e-02
  -9.1673100e-03
  -5.1869600e-03
  -1.5818300e-03
   5.6513500e-05
  -9.4790300e-04
  -4.1320100e-03
  -7.9992000e-03
  -1.0278900e-02
  -8.7752900e-03
  -2.3209400e-03
   8.9302700e-03
   2.3570000e-02
   3.9312300e-02
   5.3260800e-02
   6.2902800e-02
   6.6765900e-02
   6.4496900e-02
   5.7094800e-02
   4.6754000e-02
   3.6145500e-02
   2.7892600e-02
   2.4238100e-02
   2.6423900e-02
   3.4199700e-02
   4.5769500e-02
   5.8367800e-02
   6.9139600e-02
   7.6242400e-02
   7.9031600e-02
   7.7893600e-02
   7.4310000e-02
   7.0295100e-02
   6.7264000e-02
   6.5717800e-02
   6.5714400e-02
   6.6941200e-02
   6.9093100e-02
   7.1959700e-02
   7.5335300e-02
   7.8971000e-02
   8.2473300e-02
   8.4869700e-02
   8.4654700e-02
   7.9993200e-02
   6.9501100e-02
   5.2984100e-02
   3.1449800e-02
   7.3547500e-03
  -1.6145900e-02
  -3.6336900e-02
  -5.1492500e-02
  -6.0878500e-02
  -6.4519400e-02
  -6.3258300e-02
  -5.8696000e-02
  -5.3003400e-02
  -4.8106400e-02
  -4.4661300e-02
  -4.2084300e-02
  -3.9418900e-02
  -3.5878800e-02
  -3.0878000e-02
  -2.4370600e-02
  -1.7009600e-02
  -9.9738900e-03
  -4.2548600e-03
  -3.6481600e-04
   1.5617100e-03
   1.4993400e-03
  -4.8796000e-04
  -3.8538700e-03
  -7.5429800e-03
  -1.0416300e-02
  -1.1302900e-02
  -9.2421700e-03
  -3.9027700e-03
   3.9503400e-03
   1.2228100e-02
   1.7963400e-02
   1.8009200e-02
   1.0258500e-02
  -5.2112000e-03
  -2.5684500e-02
  -4.6658100e-02
  -6.3370800e-02
  -7.2193900e-02
  -7.1567500e-02
  -6.2469900e-02
  -4.8191100e-02
  -3.3092200e-02
  -2.1593000e-02
  -1.6786000e-02
  -1.9130700e-02
  -2.6887300e-02
  -3.6850800e-02
  -4.5049300e-02
  -4.8116400e-02
  -4.4829000e-02
  -3.6211400e-02
  -2.4838700e-02
  -1.4082200e-02
  -6.9939200e-03
  -5.2117900e-03
  -8.5391300e-03
  -1.4996400e-02
  -2.1550700e-02
  -2.5406400e-02
  -2.4985400e-02
  -2.0265500e-02
  -1.2684500e-02
  -4.6622700e-03
   1.4578800e-03
   4.2665300e-03
   3.8987900e-03
   1.7201100e-03
  -2.6500800e-04
  -5.2737200e-04
   1.5502300e-03
   5.2894500e-03
   8.8225100e-03
   1.0116100e-02
   7.9146300e-03
   2.5806900e-03
  -4.2498400e-03
  -1.0538000e-02
  -1.4319300e-02
  -1.4173900e-02
  -9.4923700e-03
  -6.5623800e-04
   1.1411500e-02
   2.5583500e-02
   4.0467700e-02
   5.4203300e-02
   6.4552300e-02
   6.9547300e-02
   6.8118500e-02
   6.0660100e-02
   4.9578100e-02
   3.8849600e-02
   3.2219600e-02
   3.1685200e-02
   3.7351400e-02
   4.7571800e-02
   5.9387300e-02
   6.8978000e-02
   7.2995500e-02
   6.9999900e-02
   6.0340200e-02
   4.5777700e-02
   2.9462500e-02
   1.4956900e-02
   4.7242300e-03
  -7.0159200e-05
   6.4442800e-04
   5.5240900e-03
   1.2146900e-02
   1.8146700e-02
   2.2108800e-02
   2.3315500e-02
   2.1899500e-02
   1.8733900e-02
   1.4507900e-02
   9.5262300e-03
   3.9516200e-03
  -2.0082200e-03
  -8.0386500e-03
  -1.3768700e-02
  -1.8898200e-02
  -2.3112600e-02
  -2.6264400e-02
  -2.8584200e-02
  -3.0058700e-02
  -3.0142700e-02
  -2.8585800e-02
  -2.5665000e-02
  -2.1893500e-02
  -1.7960700e-02
  -1.4329100e-02
  -1.1219600e-02
  -8.9071000e-03
  -7.3455500e-03
  -6.0836600e-03
  -5.0113900e-03
  -4.6956600e-03
  -5.8255100e-03
  -8.4446000e-03
  -1.1804900e-02
  -1.4829200e-02
  -1.6303000e-02
  -1.5486400e-02
  -1.2706100e-02
  -8.7699300e-03
  -4.6656300e-03
  -1.6348300e-03
  -6.0073500e-04
  -1.9547700e-03
  -5.7587900e-03
  -1.1199000e-02
  -1.6762700e-02
  -2.1375800e-02
  -2.4525900e-02
  -2.5793100e-02
  -2.4895800e-02
  -2.2178500e-02
  -1.8403000e-02
  -1.4302000e-02
  -1.0618000e-02
  -8.2031400e-03
  -7.7502400e-03
  -9.4555400e-03
  -1.2713600e-02
  -1.6644600e-02
  -2.0666500e-02
  -2.4273700e-02
  -2.6584300e-02
  -2.6672600e-02
  -2.4041400e-02
  -1.8973300e-02
  -1.2704100e-02
  -6.5220300e-03
  -1.0932600e-03
   3.1437500e-03
   6.1311200e-03
   8.1321500e-03
   9.4748300e-03
   1.0450900e-02
   1.1315000e-02
   1.2180000e-02
   1.3052600e-02
   1.4170100e-02
   1.5953500e-02
   1.8705700e-02
   2.2518800e-02
   2.6939600e-02
   3.0689400e-02
   3.1897300e-02
   2.9093700e-02
   2.1614300e-02
   9.7546400e-03
  -4.8288000e-03
  -1.9563200e-02
  -3.1999800e-02
  -4.0560000e-02
  -4.5022300e-02
  -4.6123800e-02
  -4.5111500e-02
  -4.3238600e-02
  -4.1527300e-02
  -4.0479900e-02
  -3.9675100e-02
  -3.8345600e-02
  -3.6409600e-02
  -3.4252000e-02
  -3.2112000e-02
  -3.0553600e-02
  -2.9821900e-02
  -2.9544100e-02
  -2.8776000e-02
  -2.6538900e-02
  -2.2271200e-02
  -1.5951700e-02
  -7.8301700e-03
   1.8055400e-03
   1.2639600e-02
   2.3987200e-02
   3.4632500e-02
   4.3274300e-02
   4.9176200e-02
   5.2170200e-02
   5.2389800e-02
   5.0464000e-02
   4.7257200e-02
   4.3551700e-02
   3.9853200e-02
   3.6383000e-02
   3.3391100e-02
   3.0955100e-02
   2.8547200e-02
   2.5523600e-02
   2.1966600e-02
   1.7978600e-02
   1.3377100e-02
   8.1925200e-03
   3.1616200e-03
  -5.4347400e-04
  -2.3647900e-03
  -2.5574900e-03
  -1.4713100e-03
   3.9830500e-04
   2.4512300e-03
   3.8103200e-03
   3.4528800e-03
   9.2755800e-04
  -3.6028200e-03
  -9.4674100e-03
  -1.5295300e-02
  -1.9284800e-02
  -1.9981400e-02
  -1.7170200e-02
  -1.2229500e-02
  -7.5670700e-03
  -5.6409800e-03
  -7.7473000e-03
  -1.3651300e-02
  -2.1841300e-02
  -2.9962100e-02
  -3.5837300e-02
  -3.8225800e-02
  -3.7063100e-02
  -3.3404300e-02
  -2.9149200e-02
  -2.6402700e-02
  -2.6661200e-02
  -3.0167600e-02
  -3.6026200e-02
  -4.2498500e-02
  -4.7496400e-02
  -4.9133000e-02
  -4.6202500e-02
  -3.8836800e-02
  -2.8945200e-02
  -1.9592400e-02
  -1.3381800e-02
  -1.2010600e-02
  -1.6321400e-02
  -2.5250400e-02
  -3.6224700e-02
  -4.6328800e-02
  -5.2983000e-02
  -5.4253900e-02
  -4.9503600e-02
  -3.9746400e-02
  -2.7378200e-02
  -1.5346300e-02
  -6.0598100e-03
  -9.4621300e-04
  -5.3534800e-04
  -4.3196300e-03
  -1.0481000e-02
  -1.6621000e-02
  -2.1094500e-02
  -2.3540200e-02
  -2.4128100e-02
  -2.3346600e-02
  -2.1997000e-02
  -2.0450800e-02
  -1.8297300e-02
  -1.4474200e-02
  -7.9597800e-03
   1.1065700e-03
   1.1081500e-02
   1.9397500e-02
   2.3790100e-02
   2.3054400e-02
   1.7037200e-02
   7.2368700e-03
  -3.5013800e-03
  -1.2123400e-02
  -1.6009800e-02
  -1.3754500e-02
  -5.7031000e-03
   6.6497700e-03
   2.1259400e-02
   3.5531700e-02
   4.7027100e-02
   5.4165500e-02
   5.6026100e-02
   5.2313800e-02
   4.3961300e-02
   3.3606500e-02
   2.3678500e-02
   1.5498200e-02
   9.7541200e-03
   6.6727400e-03
   5.7463400e-03
   5.9271700e-03
   6.3789400e-03
   6.8830300e-03
   7.5066500e-03
   8.2771200e-03
   8.9333600e-03
   8.5996800e-03
   6.1376300e-03
   9.3832200e-04
  -6.4233600e-03
  -1.4397000e-02
  -2.0856900e-02
  -2.3693800e-02
  -2.1671500e-02
  -1.4670800e-02
  -3.9939000e-03
   8.1227000e-03
   1.9393400e-02
   2.8004000e-02
   3.2917800e-02
   3.4180000e-02
   3.2520200e-02
   2.8994300e-02
   2.4850300e-02
   2.1342000e-02
   1.9650100e-02
   2.0493500e-02
   2.4099200e-02
   3.0102900e-02
   3.7535700e-02
   4.5159800e-02
   5.1719200e-02
   5.6072300e-02
   5.7725000e-02
   5.6945300e-02
   5.4308900e-02
   5.0508500e-02
   4.6305700e-02
   4.2462800e-02
   3.9400700e-02
   3.7234300e-02
   3.6199000e-02
   3.6344800e-02
   3.7509900e-02
   3.9553200e-02
   4.2291300e-02
   4.5563200e-02
   4.8894100e-02
   5.1906000e-02
   5.4446700e-02
   5.6312200e-02
   5.7247900e-02
   5.7063300e-02
   5.5562400e-02
   5.2609000e-02
   4.8382500e-02
   4.3347800e-02
   3.7942700e-02
   3.2879500e-02
   2.9206900e-02
   2.7628000e-02
   2.8345900e-02
   3.1168700e-02
   3.5156700e-02
   3.8517900e-02
   3.9145600e-02
   3.5423000e-02
   2.7052600e-02
   1.5275500e-02
   2.1111100e-03
  -1.0111400e-02
  -1.8961500e-02
  -2.3347400e-02
  -2.3796400e-02
  -2.1824500e-02
  -1.9203400e-02
  -1.7269200e-02
  -1.6655400e-02
  -1.7573500e-02
  -1.9852900e-02
  -2.2674000e-02
  -2.5148000e-02
  -2.6823500e-02
  -2.7332600e-02
  -2.6206900e-02
  -2.3305900e-02
  -1.8941500e-02
  -1.4168600e-02
  -1.0426300e-02
  -8.7937200e-03
  -9.7888600e-03
  -1.3159900e-02
  -1.7808900e-02
  -2.1997700e-02
  -2.3876300e-02
  -2.2266200e-02
  -1.7317400e-02
  -9.8947800e-03
  -1.3383600e-03
   6.6290400e-03
   1.2517100e-02
   1.5612700e-02
   1.5761000e-02
   1.3256000e-02
   8.8923200e-03
   3.8371200e-03
  -9.0271000e-04
  -4.5453100e-03
  -6.6702600e-03
  -7.2584100e-03
  -6.7453200e-03
  -5.8431400e-03
  -5.3066300e-03
  -5.8426000e-03
  -7.7133300e-03
  -1.0987100e-02
  -1.5419200e-02
  -2.0283700e-02
  -2.4717800e-02
  -2.8026700e-02
  -2.9923200e-02
  -3.0639600e-02
  -3.0758200e-02
  -3.1110400e-02
  -3.2616600e-02
  -3.5714900e-02
  -4.0239100e-02
  -4.5332400e-02
  -4.9781400e-02
  -5.2224900e-02
  -5.1765700e-02
  -4.8254400e-02
  -4.2332300e-02
  -3.5523200e-02
  -2.9948200e-02
  -2.7284200e-02
  -2.7955600e-02
  -3.1523700e-02
  -3.6516700e-02
  -4.0212700e-02
  -3.9762400e-02
  -3.3735700e-02
  -2.2555800e-02
  -8.3456200e-03
   5.9275100e-03
   1.7382300e-02
   2.4174400e-02
   2.5590300e-02
   2.2792300e-02
   1.8296100e-02
   1.4377600e-02
   1.2311900e-02
   1.2056000e-02
   1.2578600e-02
   1.2663200e-02
   1.1499500e-02
   9.0989700e-03
   6.3958900e-03
   4.8394900e-03
   5.5106100e-03
   8.3792900e-03
   1.2520500e-02
   1.6516300e-02
   1.8676500e-02
   1.7941600e-02
   1.4179700e-02
   8.2269300e-03
   1.8464000e-03
  -2.6632600e-03
  -3.5192900e-03
  -2.0161800e-04
   6.3072500e-03
   1.3909300e-02
   1.9908900e-02
   2.1877300e-02
   1.8635300e-02
   1.0935900e-02
   8.5314700e-04
  -9.1217300e-03
  -1.6732200e-02
  -2.0905000e-02
  -2.2128300e-02
  -2.1776200e-02
  -2.0940600e-02
  -2.0388700e-02
  -2.0520600e-02
  -2.1134000e-02
  -2.1721900e-02
  -2.1719200e-02
  -2.0828500e-02
  -1.9153500e-02
  -1.6811100e-02
  -1.3840500e-02
  -1.0421500e-02
  -6.8628800e-03
  -3.6416500e-03
  -1.1576900e-03
   7.6107000e-04
   2.4907500e-03
   4.0315700e-03
   5.1523800e-03
   5.8639300e-03
   6.2579100e-03
   6.4830600e-03
   6.7276100e-03
   6.9963600e-03
   7.1890200e-03
   6.9511200e-03
   5.7285100e-03
   3.1412000e-03
  -4.4524100e-04
  -3.9874000e-03
  -6.3625300e-03
  -6.5793500e-03
  -4.2602300e-03
  -1.5697800e-04
   4.1996800e-03
   7.4223600e-03
   8.3587300e-03
   6.6070400e-03
   3.0070500e-03
  -8.3613600e-04
  -3.3498800e-03
  -3.1956200e-03
   2.7312300e-04
   6.3150700e-03
   1.2959200e-02
   1.7883600e-02
   1.9145300e-02
   1.5836900e-02
   8.5237700e-03
  -9.6945100e-04
  -1.0294800e-02
  -1.7514600e-02
  -2.1460300e-02
  -2.1614600e-02
  -1.8609000e-02
  -1.4028800e-02
  -9.4905900e-03
  -5.9627200e-03
  -3.9837300e-03
  -3.6120400e-03
  -4.6711500e-03
  -6.9690500e-03
  -1.0062900e-02
  -1.3264300e-02
  -1.5804500e-02
  -1.6916000e-02
  -1.5829300e-02
  -1.2042300e-02
  -6.0720400e-03
   7.2791900e-04
   6.7245100e-03
   1.0430700e-02
   1.1024200e-02
   8.4124400e-03
   3.4269700e-03
  -2.2463400e-03
  -6.8937500e-03
  -9.4240000e-03
  -9.7427400e-03
  -8.1048900e-03
  -5.0791700e-03
  -1.6241200e-03
   1.5563800e-03
   4.3037200e-03
   6.8849700e-03
   9.6854300e-03
   1.3198300e-02
   1.7690500e-02
   2.3006800e-02
   2.8575100e-02
   3.3581000e-02
   3.7273200e-02
   3.9459500e-02
   4.0022800e-02
   3.9026600e-02
   3.7069500e-02
   3.4833000e-02
   3.2919600e-02
   3.1476700e-02
   3.0530000e-02
   3.0165100e-02
   3.0367500e-02
   3.0844300e-02
   3.0928500e-02
   3.0192300e-02
   2.8697300e-02
   2.6723100e-02
   2.4616000e-02
   2.2540600e-02
   2.0457000e-02
   1.8221600e-02
   1.5687400e-02
   1.2733500e-02
   9.3313600e-03
   5.7368600e-03
   2.2963500e-03
  -5.0368000e-04
  -2.4882300e-03
  -3.7936000e-03
  -4.3453500e-03
  -4.0264200e-03
  -2.9296400e-03
  -7.7906800e-04
   2.2179000e-03
   5.1502800e-03
   7.2092800e-03
   7.8840600e-03
   6.9552300e-03
   4.5568500e-03
   1.0942500e-03
  -2.8815700e-03
  -6.6089300e-03
  -9.4018800e-03
  -1.1009100e-02
  -1.1698300e-02
  -1.1864300e-02
  -1.1764200e-02
  -1.1513300e-02
  -1.1284700e-02
  -1.1382800e-02
  -1.2009900e-02
  -1.3408300e-02
  -1.5836000e-02
  -1.9003700e-02
  -2.2264200e-02
  -2.4897300e-02
  -2.6171500e-02
  -2.5759800e-02
  -2.3767100e-02
  -2.0751400e-02
  -1.7650300e-02
  -1.5348400e-02
  -1.4516000e-02
  -1.5494900e-02
  -1.8073600e-02
  -2.1553600e-02
  -2.4801900e-02
  -2.6375900e-02
  -2.5196600e-02
  -2.0954900e-02
  -1.3918400e-02
  -5.2110800e-03
   3.4326000e-03
   1.0011100e-02
   1.3090500e-02
   1.2085800e-02
   7.2230800e-03
  -4.6574200e-04
  -9.2982500e-03
  -1.7453400e-02
  -2.3524500e-02
  -2.6963200e-02
  -2.7685700e-02
  -2.6135500e-02
  -2.3647500e-02
  -2.1621500e-02
  -2.1140100e-02
  -2.2679600e-02
  -2.6137500e-02
  -3.0927500e-02
  -3.6204100e-02
  -4.1184400e-02
  -4.5371900e-02
  -4.8677500e-02
  -5.1110400e-02
  -5.2772900e-02
  -5.3644300e-02
  -5.3812400e-02
  -5.3216300e-02
  -5.1619000e-02
  -4.8920200e-02
  -4.4907900e-02
  -3.9612300e-02
  -3.3409600e-02
  -2.6748200e-02
  -2.0192300e-02
  -1.4563600e-02
  -1.0844700e-02
  -9.4772600e-03
  -1.0229100e-02
  -1.2466300e-02
  -1.5083000e-02
  -1.6663200e-02
  -1.5905800e-02
  -1.2010300e-02
  -5.0388900e-03
   4.0703900e-03
   1.3792300e-02
   2.2268100e-02
   2.7811700e-02
   2.9760500e-02
   2.9124800e-02
   2.7428000e-02
   2.6145700e-02
   2.6370600e-02
   2.8588200e-02
   3.2595500e-02
   3.7196400e-02
   4.0872100e-02
   4.2611400e-02
   4.2002000e-02
