  -9.8537800e-02
  -8.6045900e-02
  -8.0832900e-02
  -7.1830300e-02
  -5.8821300e-02
  -4.9709500e-02
  -4.3075700e-02
  -4.2566600e-02
  -5.0553300e-02
  -5.3838300e-02
  -4.7325000e-02
  -2.3145800e-02
   1.9573900e-02
   5.4538900e-02
   7.2447100e-02
   9.2399300e-02
   1.1512500e-01
   1.2628100e-01
   1.2929400e-01
   1.1459600e-01
   7.7322100e-02
   2.8945200e-02
  -8.7189600e-03
  -7.1945600e-03
   7.0570900e-03
   2.4750500e-02
   5.7977800e-02
   8.0879400e-02
   9.9588500e-02
   1.1956200e-01
   1.2540700e-01
   1.2487300e-01
   1.0472100e-01
   6.2145200e-02
   1.3756400e-02
  -5.0102100e-02
  -7.2896900e-02
  -5.0825700e-02
  -3.9018600e-02
   3.4216500e-02
   1.0141200e-01
   7.0533200e-02
   3.8696100e-02
   1.1227300e-03
  -5.0836100e-02
  -6.3825900e-02
  -5.2938500e-02
  -2.3906800e-02
   1.1612300e-02
   1.5453000e-02
   2.0530800e-03
  -7.8088700e-03
  -1.8614600e-02
  -1.3331400e-02
  -1.0433200e-02
  -3.7352200e-02
  -6.1143600e-02
  -6.1007200e-02
  -5.6088100e-02
  -3.9093700e-02
  -5.5387200e-03
   9.5320500e-03
  -3.0546300e-03
  -2.9992100e-02
  -5.4491100e-02
  -5.3903500e-02
  -3.9333200e-02
  -1.1409600e-02
   3.1906800e-02
   4.8470800e-02
   3.8073000e-02
   1.3706500e-02
  -5.1547200e-02
  -1.1833900e-01
  -1.1726100e-01
  -8.4370000e-02
  -6.2170100e-02
  -2.5080700e-02
  -3.6573600e-03
  -1.3310200e-02
  -1.2209000e-02
  -2.1858500e-02
  -5.3611700e-02
  -6.4154100e-02
  -4.9898300e-02
  -4.0817400e-02
  -4.0999200e-02
  -4.9419200e-02
  -7.7179200e-02
  -9.4480900e-02
  -8.2436100e-02
  -6.9689200e-02
  -5.1481000e-02
  -2.7733000e-02
  -1.9610300e-02
  -2.6073800e-02
  -1.9813200e-02
   1.3789500e-02
   4.0402600e-02
   5.6845000e-02
   8.8274000e-02
   1.1205200e-01
   1.1071300e-01
   1.0630600e-01
   1.0588600e-01
   9.7162600e-02
   8.3483100e-02
   7.5414700e-02
   5.4597500e-02
   1.0769700e-02
  -2.2554000e-02
  -7.2480300e-02
  -1.6929500e-01
  -2.0987600e-01
  -1.7701400e-01
  -1.4688600e-01
  -8.8901300e-02
  -2.6052800e-02
  -1.2522800e-02
  -1.3106400e-02
  -1.3589000e-02
  -1.6563000e-02
  -1.8189400e-02
  -1.6563900e-02
   1.2254700e-02
   5.8175300e-02
   9.0539600e-02
   1.2675200e-01
   1.5347300e-01
   1.4751400e-01
   1.3221800e-01
   7.4043800e-02
  -6.1632600e-03
  -2.6230700e-02
  -1.1383100e-02
   3.8363800e-02
   1.0633600e-01
   1.3490200e-01
   1.6008100e-01
   1.7694700e-01
   1.5764500e-01
   1.1958200e-01
   7.2154200e-02
   3.4816400e-02
   1.9410200e-02
   2.9997700e-02
   5.6256900e-02
   7.5806700e-02
   9.2317700e-02
   9.8148600e-02
   7.6793400e-02
   5.4015100e-02
   4.4730500e-02
   3.4903900e-02
   2.8836000e-02
   2.9545600e-02
   3.6511500e-02
   3.1462000e-02
  -8.2554000e-05
  -3.3647300e-02
  -7.0668300e-02
  -9.0047500e-02
  -7.1297000e-02
  -6.1272100e-02
  -6.5614300e-02
  -6.8718600e-02
  -9.1765900e-02
  -1.4980400e-01
  -1.9035800e-01
  -1.7506100e-01
  -1.6689000e-01
  -1.4879500e-01
  -7.1449800e-02
   2.1048200e-02
   1.3329700e-01
   2.0793300e-01
   1.8698000e-01
   1.8982200e-01
   2.0700300e-01
   1.4578000e-01
   7.9478600e-02
   4.0805100e-02
  -1.4300700e-02
  -5.8241700e-02
  -8.3737100e-02
  -1.1612200e-01
  -1.3307600e-01
  -1.4043400e-01
  -1.5631300e-01
  -1.6280600e-01
  -1.6420600e-01
  -1.6034600e-01
  -1.4053600e-01
  -1.1975800e-01
  -1.0590000e-01
  -9.9713700e-02
  -9.5608900e-02
  -7.8922700e-02
  -5.7940200e-02
  -4.7327500e-02
  -4.0792200e-02
  -2.9395800e-02
  -1.5533700e-02
  -8.0624800e-03
  -1.1754900e-02
  -3.9305000e-03
   3.6806800e-02
   7.9236100e-02
   1.0649300e-01
   1.3672000e-01
   1.5281800e-01
   1.5201200e-01
   1.3878300e-01
   9.8332300e-02
   5.2727700e-02
   8.6381900e-03
  -2.2938600e-02
  -1.5564400e-02
   9.4770500e-03
   3.5153800e-02
   4.7170300e-02
   2.8588300e-02
  -1.6327200e-02
  -6.9614400e-02
  -8.8414000e-02
  -7.1349600e-02
  -5.3500900e-02
  -3.7562700e-02
  -3.5995100e-02
  -5.0127400e-02
  -5.9003200e-02
  -5.8313100e-02
  -5.4394900e-02
  -5.8620500e-02
  -6.5950200e-02
  -6.2603800e-02
  -4.8740000e-02
  -3.2651500e-02
  -1.8665500e-02
  -1.3208300e-02
  -1.7401700e-02
  -1.3305800e-02
   6.4184400e-03
   2.3702400e-02
   2.5185300e-02
   7.0361700e-03
  -2.5447900e-02
  -6.2373000e-02
  -9.1277400e-02
  -7.2571500e-02
  -9.0966100e-03
   3.9478500e-02
   7.1200000e-02
   1.2052000e-01
   1.6560200e-01
   1.7692200e-01
   1.5386400e-01
   9.3965900e-02
   7.1043000e-03
  -6.7058900e-02
  -8.2835400e-02
  -7.3903000e-02
  -7.9265100e-02
  -6.3995600e-02
  -3.4451900e-02
  -1.2659800e-02
   1.0825200e-02
   2.1340200e-02
   1.7130300e-02
   3.7363600e-02
   7.9964000e-02
   1.0651200e-01
   1.2750700e-01
   1.6116400e-01
   1.8976100e-01
   1.9085200e-01
   1.4787900e-01
   8.7403400e-02
   5.0236500e-02
   1.7926000e-02
  -2.6156200e-02
  -5.7605600e-02
  -6.9433000e-02
  -8.0881200e-02
  -8.5103200e-02
  -7.4004400e-02
  -5.7156600e-02
  -2.7208400e-02
  -5.5158300e-03
  -1.3080700e-02
  -1.6416200e-02
   8.6573100e-03
   4.0711200e-02
   6.1741400e-02
   1.0166400e-01
   1.5575500e-01
   1.6758500e-01
   1.4684500e-01
   1.2338900e-01
   8.9273700e-02
   2.9711700e-02
  -1.2379700e-02
   1.2347000e-02
   4.9115300e-02
   7.4835300e-02
   8.8376600e-02
   8.3549900e-02
   7.2594800e-02
   1.5157300e-02
  -4.2204400e-02
  -4.6063200e-02
  -4.6696200e-02
  -5.0216300e-02
  -6.2445200e-02
  -8.9901100e-02
  -1.0368900e-01
  -1.1450600e-01
  -1.3808100e-01
  -1.5736200e-01
  -1.3010500e-01
  -6.2362100e-02
  -1.4364400e-02
   3.7799800e-03
   2.5723900e-03
  -1.7541800e-02
  -5.0984900e-02
  -8.7992500e-02
  -1.0955600e-01
  -1.1523200e-01
  -1.1263000e-01
  -8.1418300e-02
  -2.4776200e-02
   3.0251200e-02
   8.1101200e-02
   1.0228000e-01
   8.6973800e-02
   6.7982400e-02
   3.6225500e-02
  -7.4778500e-03
  -5.1705800e-02
  -1.2311200e-01
  -1.7517200e-01
  -1.6602700e-01
  -1.6065100e-01
  -1.2776900e-01
  -3.4317000e-02
   4.5596900e-03
  -1.5714000e-02
  -1.2443000e-02
  -2.5341900e-02
  -6.4472000e-02
  -6.1410600e-02
  -4.9479900e-02
  -6.2012500e-02
  -3.9579100e-02
  -1.8966300e-03
  -6.7818800e-03
  -1.6363500e-02
  -1.5727700e-02
  -3.2453800e-02
  -4.9090500e-02
  -5.2932600e-02
  -5.5803800e-02
  -6.3961400e-02
  -7.0728600e-02
  -6.6031800e-02
  -4.1396600e-02
   2.6208300e-03
   4.7207500e-02
   6.4063100e-02
   5.2373900e-02
   5.1572600e-02
   6.6171700e-02
   6.8796400e-02
   6.3291100e-02
   6.3461100e-02
   7.1103200e-02
   6.7005300e-02
   3.9624900e-02
   6.0060200e-03
  -2.6142500e-02
  -3.5423500e-02
  -8.0218100e-03
   3.1600500e-02
   5.9420100e-02
   7.6588400e-02
   9.3027100e-02
   9.2308700e-02
   7.7974300e-02
   6.5313100e-02
   5.1836200e-02
   4.4187600e-02
   4.1606800e-02
   6.2225800e-02
   1.0244600e-01
   1.0520700e-01
   8.6492500e-02
   8.0886000e-02
   6.0079500e-02
   4.1033100e-02
   4.6994200e-02
   4.4487000e-02
   2.7577400e-02
   1.6202100e-02
   8.3852200e-03
  -1.9511600e-03
  -1.3251400e-02
  -2.3172100e-02
  -3.8580100e-02
  -5.9295700e-02
  -6.9417700e-02
  -7.6373200e-02
  -7.8428600e-02
  -3.8382100e-02
   2.2039600e-02
   6.5421800e-02
   1.0442500e-01
   1.1527800e-01
   1.0047100e-01
   9.1430500e-02
   6.6385600e-02
   3.4039200e-02
   4.2671900e-03
  -3.9393500e-02
  -8.4198100e-02
  -1.1976000e-01
  -1.3236700e-01
  -1.3061200e-01
  -1.3761400e-01
  -1.3602100e-01
  -1.2789100e-01
  -1.1144500e-01
  -7.4744600e-02
  -4.5326100e-02
  -2.0728800e-02
   1.7688300e-02
   3.8851900e-02
   3.3995500e-02
   3.6452500e-02
   4.0250800e-02
   2.4686000e-02
  -3.6932300e-03
  -1.8437700e-02
  -1.6438200e-02
  -1.6119700e-02
   6.6997100e-03
   5.3041200e-02
   7.2400200e-02
   6.8464700e-02
   7.3115000e-02
   6.7082300e-02
   4.0592200e-02
   1.8108900e-02
  -8.0104000e-03
  -5.0449900e-02
  -6.9997400e-02
  -5.5077900e-02
  -4.1274200e-02
  -3.3027100e-02
  -2.7145600e-02
  -2.9688200e-02
  -3.2714900e-02
  -3.1140300e-02
  -2.7566900e-02
  -1.9957400e-02
  -9.0185300e-03
  -5.0449200e-03
  -7.7313300e-03
  -1.7385700e-02
  -5.3252700e-02
  -8.4229100e-02
  -7.7258200e-02
  -7.2869200e-02
  -7.4999700e-02
  -6.0837000e-02
  -4.5067300e-02
  -3.3666500e-02
  -1.6242300e-02
   9.4160500e-03
   3.4703700e-02
   5.0180400e-02
   5.5687900e-02
   5.8536800e-02
   5.6159000e-02
   4.3370600e-02
   2.5217700e-02
   1.0432200e-02
   3.7416200e-03
   4.3790700e-03
   1.1106600e-02
   2.0300000e-02
   2.4804100e-02
   2.2473300e-02
   1.2179900e-02
  -1.0407600e-02
  -2.7190000e-02
  -1.9042900e-02
  -3.6328300e-03
   3.4525000e-03
   9.5330900e-04
  -1.5007300e-02
  -4.5802200e-02
  -7.7737600e-02
  -8.5805700e-02
  -8.2262600e-02
  -8.7069300e-02
  -8.2762300e-02
  -7.3813400e-02
  -7.7286300e-02
  -7.9862000e-02
  -6.4956800e-02
  -4.0320300e-02
  -1.9561200e-02
   1.1828700e-03
   1.2686600e-02
   6.7040800e-03
  -6.5595800e-04
  -4.9479500e-03
  -6.3348700e-04
   2.6478900e-02
   5.6241300e-02
   6.3172300e-02
   5.6595300e-02
   3.4878000e-02
  -1.5971100e-02
  -5.2108800e-02
  -4.0683700e-02
  -2.3481800e-02
  -1.9925100e-02
  -1.5992200e-02
  -1.8115900e-02
  -3.1377000e-02
  -3.8136300e-02
  -3.6313800e-02
  -2.8762500e-02
  -1.7294600e-03
   3.1067800e-02
   5.2792200e-02
   7.6804500e-02
   1.0082400e-01
   1.0759800e-01
   1.1180200e-01
   1.3392700e-01
   1.5956100e-01
   1.7382200e-01
   1.7896300e-01
   1.7539400e-01
   1.6349400e-01
   1.4571700e-01
   1.2797100e-01
   1.0932300e-01
   8.8409500e-02
   7.9057500e-02
   7.7150000e-02
   6.8152600e-02
   6.1695100e-02
   6.5321700e-02
   7.7704400e-02
   9.6951500e-02
   1.1141500e-01
   1.1969600e-01
   1.2116400e-01
   9.3586400e-02
   5.0163100e-02
   2.7144900e-02
   6.8843100e-03
  -1.9749000e-02
  -2.6302300e-02
  -2.7236300e-02
  -3.7365700e-02
  -3.7349500e-02
  -2.9641000e-02
  -2.6898700e-02
  -2.4892300e-02
  -1.7515500e-02
  -5.7145500e-03
   4.2469700e-03
   1.1992100e-02
   2.6211600e-02
   4.5475000e-02
   5.3405600e-02
   5.4652200e-02
   6.6793700e-02
   8.0967600e-02
   8.4145300e-02
   7.0597300e-02
   3.9557400e-02
   5.2053900e-03
  -3.1832000e-02
  -5.9710700e-02
  -5.9109300e-02
  -5.1500000e-02
  -4.4649600e-02
  -3.2251000e-02
  -2.3313400e-02
  -2.2123800e-02
  -2.8562300e-02
  -4.1748700e-02
  -5.3377200e-02
  -5.4720100e-02
  -5.2904200e-02
  -4.5524700e-02
  -2.7564900e-02
  -6.0404400e-03
   9.2982500e-03
   6.8800100e-03
  -3.7785200e-03
  -8.5792100e-03
  -1.0966800e-02
  -1.0409300e-02
   1.0316600e-03
   1.5531900e-02
   2.1471100e-02
   1.8402200e-02
  -1.7223500e-03
  -3.1104400e-02
  -4.5318900e-02
  -4.9276300e-02
  -5.8839500e-02
  -6.6285700e-02
  -6.1439700e-02
  -5.5464900e-02
  -5.1617000e-02
  -3.9386800e-02
  -2.4150400e-02
  -9.8609300e-03
  -9.4699900e-05
   4.0823400e-04
  -8.4252100e-04
  -3.0001200e-03
  -6.0236800e-03
  -8.7005600e-03
  -9.5753500e-03
   1.3300900e-03
   2.3442400e-02
   4.0947300e-02
   4.5246600e-02
   4.4738000e-02
   3.5086200e-02
   9.9282400e-03
  -2.8840100e-03
   4.5596100e-03
   1.2412600e-02
   2.7815700e-02
   5.1641400e-02
   6.2204600e-02
   6.2559100e-02
   6.2541100e-02
   4.9323400e-02
   2.5406100e-02
   8.6136600e-04
  -1.9692800e-02
  -2.4272800e-02
  -2.2067300e-02
  -2.2699300e-02
  -1.6943200e-02
  -7.2785600e-03
  -4.0798700e-04
   6.5516700e-03
   1.0621100e-02
   8.8306100e-03
   9.5017200e-03
   1.1183000e-02
   8.2320300e-03
   5.8180200e-03
   5.0971300e-03
   3.0888000e-03
   4.9330000e-05
   4.5240500e-03
   1.8709700e-02
   3.2986200e-02
   4.8449400e-02
   6.1678800e-02
   5.9805100e-02
   4.4100200e-02
   2.9498700e-02
   2.5858700e-02
   2.8715600e-02
   3.4130600e-02
   4.0164700e-02
   4.0814800e-02
   3.7374800e-02
   3.1236400e-02
   2.3652900e-02
   2.1124600e-02
   2.4279200e-02
   2.8652100e-02
   3.1043800e-02
   2.9092600e-02
   1.5400800e-02
  -1.3316300e-02
  -4.1774100e-02
  -5.3137200e-02
  -5.4168300e-02
  -5.3435100e-02
  -4.2836500e-02
  -1.9734900e-02
  -7.3651000e-04
   1.8245600e-03
   1.4793800e-03
  -1.1436700e-03
  -2.1404400e-02
  -4.4291300e-02
  -4.9303100e-02
  -4.7734500e-02
  -5.0501200e-02
  -5.0816900e-02
  -5.2943300e-02
  -6.1943400e-02
  -6.8863100e-02
  -7.1463800e-02
  -7.3975700e-02
  -7.6403400e-02
  -7.3526100e-02
  -6.5839400e-02
  -5.5504700e-02
  -3.8721000e-02
  -2.0811000e-02
  -7.7096500e-03
  -3.0804700e-03
  -6.6673500e-03
  -7.9842600e-03
  -6.2306100e-03
  -8.1193300e-03
  -1.0551800e-02
  -7.7304900e-03
  -3.2422000e-03
  -1.4739200e-03
   1.2549500e-04
  -1.8945600e-03
  -1.0617000e-02
  -1.9207600e-02
  -2.6541100e-02
  -3.5294500e-02
  -4.4982100e-02
  -5.4185200e-02
  -5.9338600e-02
  -6.2911600e-02
  -6.5639500e-02
  -6.2216400e-02
  -5.8955700e-02
  -5.7972400e-02
  -5.2130800e-02
  -4.2428900e-02
  -3.1756300e-02
  -2.3509500e-02
  -1.9092100e-02
  -1.6750300e-02
  -1.9303600e-02
  -2.5352200e-02
  -2.9601900e-02
  -3.3508300e-02
  -4.4521700e-02
  -6.1786300e-02
  -6.9267600e-02
  -6.8399000e-02
  -7.2585300e-02
  -7.3582300e-02
  -6.7853800e-02
  -6.4600900e-02
  -6.1608100e-02
  -5.7337800e-02
  -5.4763400e-02
  -5.2413100e-02
  -5.2615900e-02
  -5.5590700e-02
  -5.6752700e-02
  -5.7305000e-02
  -5.5793000e-02
  -5.0694400e-02
  -4.5657800e-02
  -3.7699400e-02
  -2.6999300e-02
  -2.1750400e-02
  -2.1296500e-02
  -2.3466000e-02
  -2.8559400e-02
  -3.1192000e-02
  -3.0318500e-02
  -2.5459600e-02
  -1.9023100e-02
  -1.4512100e-02
  -1.3378900e-02
  -1.9968100e-02
  -3.1344400e-02
  -3.8211400e-02
  -3.7808600e-02
  -3.5817900e-02
  -3.0194500e-02
  -2.1031300e-02
  -1.3806800e-02
  -5.7685900e-03
   4.0872400e-03
   1.3832200e-02
   2.0660800e-02
   2.4553300e-02
   2.7503900e-02
   2.4411000e-02
   1.8664400e-02
   1.7724900e-02
   1.4914500e-02
   6.0979300e-03
  -3.8429100e-04
  -9.4547100e-04
   1.0919300e-03
   7.1129400e-03
   1.5693000e-02
   2.2141800e-02
   2.3339000e-02
   1.7764700e-02
   9.1644400e-03
   4.7045200e-03
   6.0316200e-03
   8.6973600e-03
   1.0711500e-02
   1.4428700e-02
   1.8315400e-02
   1.6327900e-02
   1.2584400e-02
   1.3555100e-02
   1.7317200e-02
   2.0613200e-02
   2.2167200e-02
   2.4762600e-02
   2.6480800e-02
   2.3206300e-02
   1.9859100e-02
   2.2023600e-02
   2.7675000e-02
   3.2418400e-02
   3.4611900e-02
   3.2301500e-02
   2.9621200e-02
   3.0293000e-02
   3.0568300e-02
   3.1245700e-02
   3.2526600e-02
   3.2332200e-02
   2.9688900e-02
   2.5995400e-02
   2.0973500e-02
   1.0588300e-02
   7.5504000e-04
  -6.2288400e-04
   1.2365600e-03
  -8.1746400e-04
  -3.8553300e-03
  -6.9059000e-03
  -1.1226000e-02
  -1.4267700e-02
  -1.7551000e-02
  -2.4259000e-02
  -3.2571700e-02
  -3.6897400e-02
  -3.8599600e-02
  -3.8387200e-02
  -3.3876500e-02
  -3.1417900e-02
  -3.0931900e-02
  -2.7570700e-02
  -2.3046100e-02
  -1.8365400e-02
  -1.4115900e-02
  -7.7152100e-03
   1.8887200e-03
   9.3001100e-03
   1.5813900e-02
   2.1987000e-02
   2.4225000e-02
   2.7124900e-02
   3.2120000e-02
   3.6852000e-02
   4.2062900e-02
   4.5357000e-02
   4.7114200e-02
   4.8343200e-02
   4.5677300e-02
   4.2909200e-02
   4.3595400e-02
   4.3032700e-02
   4.0534100e-02
   3.9020600e-02
   3.7932000e-02
   3.3548100e-02
   2.5990300e-02
   2.0381700e-02
   1.6207100e-02
   6.6722200e-03
  -9.2670200e-03
  -2.0517700e-02
  -2.3276500e-02
  -2.6342800e-02
  -2.7088000e-02
  -2.3194000e-02
  -2.2879000e-02
  -2.3749600e-02
  -2.1720200e-02
  -2.0472400e-02
  -2.0310500e-02
  -2.0783400e-02
  -2.0421300e-02
  -1.4391100e-02
  -2.0514900e-03
   7.2575800e-03
   7.7740000e-03
   3.0601700e-03
  -9.6393800e-03
  -2.1345000e-02
  -1.8620500e-02
  -1.1378900e-02
  -3.8395600e-03
   7.4244200e-03
   1.3179300e-02
   1.0096000e-02
   6.3036900e-03
   4.4574700e-03
   5.5596500e-03
   1.2184100e-02
   2.4350400e-02
   3.6928500e-02
   4.2446200e-02
   4.5418100e-02
   5.0246900e-02
   4.9930600e-02
   4.3332100e-02
   3.8033800e-02
   3.4918500e-02
   3.4321200e-02
   3.8039800e-02
   4.0731900e-02
   4.2248600e-02
   4.1537800e-02
   3.0906000e-02
   1.2848200e-02
  -3.3173100e-03
  -1.0167800e-02
  -1.1580700e-02
  -1.2644000e-02
  -6.3520300e-03
   3.0000600e-03
   6.7269800e-03
   7.3212400e-03
   6.8184200e-03
   7.7968400e-03
   1.3081500e-02
   1.7661900e-02
   2.0095700e-02
   2.1598300e-02
   1.1272700e-02
  -3.3080400e-03
  -2.9001200e-03
   2.8054500e-03
   1.0177200e-02
   2.8494600e-02
   4.2354000e-02
   4.2203300e-02
   4.1149400e-02
   4.1103000e-02
   3.6163100e-02
   2.9628200e-02
   2.7925400e-02
   2.6985600e-02
   2.4107800e-02
   2.6134300e-02
   2.9933700e-02
   3.1208700e-02
   3.2954500e-02
   3.2887600e-02
   3.0176200e-02
   2.7905600e-02
   2.5638900e-02
   2.5366500e-02
   2.8015000e-02
   2.8186200e-02
   2.4176800e-02
   2.0395200e-02
   1.8063200e-02
   1.7339500e-02
   1.8993900e-02
   1.9526100e-02
   1.8292100e-02
   1.6892000e-02
   1.6207300e-02
   1.7006700e-02
   1.7555200e-02
   1.6839200e-02
   1.4557600e-02
   1.1492700e-02
   9.1892700e-03
   7.9319900e-03
   7.3139400e-03
   6.2316500e-03
   4.6353800e-03
   2.4127800e-03
  -1.7618700e-03
  -6.0498700e-03
  -7.8296200e-03
  -9.7796800e-03
  -9.9289000e-03
  -5.3453600e-03
  -4.8814500e-04
   5.9719600e-03
   1.4766700e-02
   1.9402800e-02
   2.0919700e-02
   2.2075200e-02
   2.0091800e-02
   1.8201200e-02
   1.7488100e-02
   1.5581100e-02
   1.9333000e-02
   2.7622000e-02
   3.0342100e-02
   3.2447500e-02
   3.5434500e-02
   3.1790100e-02
   2.5204900e-02
   1.7329400e-02
   9.5177000e-03
   5.8496000e-03
   2.0236500e-03
  -1.9011900e-03
  -2.4110300e-03
  -3.3994200e-03
  -8.0503000e-03
  -1.4005500e-02
  -1.6382400e-02
  -1.6263500e-02
  -1.8614700e-02
  -2.1221400e-02
  -2.1712800e-02
  -2.2758300e-02
  -2.3343700e-02
  -2.0658800e-02
  -1.7804500e-02
  -1.6629400e-02
  -1.4273600e-02
  -1.0894500e-02
  -9.0198200e-03
  -9.1214000e-03
  -8.4090800e-03
  -3.7374300e-03
   5.1911400e-04
   4.7274600e-04
   1.7764000e-03
   4.9163000e-03
   5.5562300e-03
   5.6492300e-03
   6.4554100e-03
   5.2501500e-03
   2.7996700e-03
   1.7708100e-03
   8.8629000e-04
  -8.3215600e-04
  -2.1607000e-04
   3.6545600e-03
   6.8649300e-03
   9.5013900e-03
   1.2799200e-02
   1.4412500e-02
   1.5686100e-02
   1.5718600e-02
   1.1978000e-02
   9.7000700e-03
   9.3068500e-03
   7.1002200e-03
   7.2040600e-03
   1.0245800e-02
   1.1937300e-02
   1.3942400e-02
   1.5628900e-02
   1.4764900e-02
   1.5265500e-02
   1.6242100e-02
   1.3502700e-02
   1.0148100e-02
   8.6158600e-03
   6.3749700e-03
   3.5404800e-03
   1.2378600e-03
  -1.2931900e-03
  -3.8121400e-03
  -6.5250200e-03
  -1.2551600e-02
  -2.2119100e-02
  -2.9098000e-02
  -3.3048900e-02
  -3.6019500e-02
  -3.5588300e-02
  -3.5471000e-02
  -3.7452500e-02
  -3.8488600e-02
  -3.9616700e-02
  -4.0279400e-02
  -3.7526000e-02
  -3.3677300e-02
  -2.9905000e-02
  -2.3500300e-02
  -2.0102800e-02
  -1.9926200e-02
  -1.7506000e-02
  -1.8331000e-02
  -2.1662600e-02
  -2.2025200e-02
  -2.0412700e-02
  -1.7220600e-02
  -1.3870900e-02
  -1.2435300e-02
  -1.3208200e-02
  -1.4251000e-02
  -1.1602700e-02
  -3.8850000e-03
   2.7305500e-03
   6.5049300e-03
   1.0045800e-02
   5.0948800e-03
  -4.2356100e-03
  -6.7956800e-03
  -1.2677900e-02
  -2.1417400e-02
  -2.2162300e-02
  -2.2928500e-02
  -2.7084800e-02
  -2.8756800e-02
  -3.0323100e-02
  -3.0677900e-02
  -2.7189900e-02
  -2.5721200e-02
  -2.2950400e-02
  -1.3048500e-02
  -4.8323500e-03
  -3.3066900e-03
  -4.2505200e-03
  -6.0054900e-03
  -8.1806100e-03
  -1.1554900e-02
  -1.6072400e-02
  -1.6942900e-02
  -1.6457200e-02
  -1.8884200e-02
  -2.0220500e-02
  -2.0753100e-02
  -2.1662600e-02
  -1.9928200e-02
  -1.6439400e-02
  -1.1719800e-02
  -7.3203600e-03
  -5.0920700e-03
  -2.9749100e-03
  -5.6061700e-03
  -1.3164700e-02
  -1.7381900e-02
  -1.9500600e-02
  -2.0552300e-02
  -1.6172300e-02
  -1.0408000e-02
  -9.4769400e-03
  -1.0534700e-02
  -1.1504900e-02
  -1.4738900e-02
  -1.8745500e-02
  -2.1074400e-02
  -2.0132600e-02
  -1.2994500e-02
  -2.7583100e-03
   1.5435800e-03
   1.0577100e-03
   2.5876300e-04
  -5.7484800e-03
  -1.3738400e-02
  -1.5044300e-02
  -1.4593600e-02
  -1.5685200e-02
  -1.4522000e-02
  -1.4534400e-02
  -1.6551600e-02
  -1.6051800e-02
  -1.3907600e-02
  -1.2994500e-02
  -1.2587600e-02
  -1.1810600e-02
  -1.2243600e-02
  -1.3514000e-02
  -1.3647400e-02
  -1.1942600e-02
  -9.2474300e-03
  -6.8586200e-03
  -5.4688900e-03
  -7.1889000e-03
  -1.0210800e-02
  -1.2212800e-02
  -1.6588900e-02
  -2.3886400e-02
  -3.0108400e-02
  -3.2390800e-02
  -3.0857200e-02
  -2.5579100e-02
  -2.0002700e-02
  -1.9318700e-02
  -2.2303600e-02
  -2.5960300e-02
  -2.8406100e-02
  -2.9276500e-02
  -2.8637600e-02
  -2.5613000e-02
  -1.9616300e-02
  -1.1715700e-02
  -6.9068000e-03
  -1.9785200e-03
   4.5321500e-03
   3.3389600e-03
  -2.5825500e-03
  -6.0811900e-03
  -9.3595900e-03
  -1.3373900e-02
  -1.4968100e-02
  -1.1213600e-02
  -2.7282500e-03
   5.8279100e-03
   1.1280000e-02
   1.5600400e-02
   1.8832300e-02
   1.8512900e-02
   1.7512900e-02
   1.8746500e-02
   2.0383300e-02
   1.9840200e-02
   1.6938100e-02
   1.3099200e-02
   6.6298500e-03
  -2.2639500e-03
  -7.2793300e-03
  -8.0978100e-03
  -8.8811500e-03
  -7.8243100e-03
  -5.4517800e-03
  -3.5819900e-03
  -1.4409500e-03
  -1.3244800e-03
  -2.3480000e-03
  -1.6938600e-03
  -1.6105000e-03
  -3.9447200e-03
  -6.0768400e-03
  -6.3484100e-03
  -6.7010900e-03
  -6.3015200e-03
  -4.6295800e-03
  -4.0143800e-03
  -1.6176500e-03
   3.9333700e-03
   7.2162000e-03
   8.4758700e-03
   1.1062900e-02
   1.2873700e-02
   1.4060100e-02
   1.7689800e-02
   2.2529600e-02
   2.5489500e-02
   2.7448600e-02
   2.8855500e-02
   2.8738800e-02
   3.1255200e-02
   3.6409500e-02
   3.8443600e-02
   3.8916400e-02
   3.7600300e-02
   3.1695800e-02
   2.5851300e-02
   2.3218800e-02
   2.1746900e-02
   2.2464000e-02
   2.6151100e-02
   2.8035800e-02
   2.8262600e-02
   2.7256100e-02
   2.4156600e-02
   2.2675400e-02
   2.1667600e-02
   1.9165200e-02
   1.7814000e-02
   1.8161700e-02
   1.7965200e-02
   1.7137600e-02
   1.6685300e-02
   1.7272700e-02
   1.9316600e-02
   2.1375400e-02
   2.3501700e-02
   2.4407500e-02
   2.1884400e-02
   1.9767300e-02
   1.9256200e-02
   1.7229800e-02
   1.4789700e-02
   1.4704300e-02
   1.7070000e-02
   1.9151100e-02
   2.0688800e-02
   2.3421400e-02
   2.6552700e-02
   2.8206000e-02
   2.5238000e-02
   1.7862500e-02
   9.1088300e-03
   2.9307500e-03
   1.6983200e-03
  -1.1749300e-03
  -5.6293200e-03
  -3.6196200e-03
   1.4511600e-04
   2.6594500e-03
   8.2897200e-03
   1.1473100e-02
   1.2522500e-02
   1.5941700e-02
   1.4909100e-02
   1.0939600e-02
   9.6448500e-03
   4.8353900e-03
  -1.9133100e-03
  -3.0771900e-03
  -2.3616900e-03
  -3.5277900e-03
  -4.7718400e-03
  -5.0221800e-03
  -4.5205400e-03
  -2.4281200e-03
   4.5575300e-04
   2.2677600e-03
   4.7113000e-03
   5.0461200e-03
   5.6412000e-04
  -6.9403500e-03
  -1.6387900e-02
  -2.1732400e-02
  -2.4314100e-02
  -2.8922300e-02
  -3.1873400e-02
  -3.1634900e-02
  -2.8951500e-02
  -2.6313200e-02
  -2.4015600e-02
  -2.2071100e-02
  -2.2861100e-02
  -2.3709700e-02
  -2.2422600e-02
  -2.0509900e-02
  -1.8624100e-02
  -1.8674100e-02
  -2.2308600e-02
  -2.5509200e-02
  -2.6721300e-02
  -2.8949200e-02
  -2.6865600e-02
  -1.8871600e-02
  -1.3088800e-02
  -9.2564300e-03
  -5.0700600e-03
  -2.2210900e-03
  -2.2619800e-03
  -4.7182200e-03
  -6.1527800e-03
  -7.7843100e-03
  -9.7837300e-03
  -8.9007600e-03
  -7.7339800e-03
  -8.0446200e-03
  -8.0597800e-03
  -9.0474200e-03
  -1.0920200e-02
  -1.1880000e-02
  -1.0917000e-02
  -6.7253700e-03
   5.1286800e-03
   2.2166200e-02
   2.7077800e-02
   2.4621200e-02
   2.6531100e-02
   1.9834300e-02
   5.9948600e-03
   1.0462500e-03
   2.8534800e-03
   2.5735600e-03
   4.0799500e-03
   6.4347200e-03
   6.3830900e-03
   8.1039800e-03
   1.1123000e-02
   1.4179900e-02
   1.6940700e-02
   1.8867100e-02
   2.1031500e-02
   2.3182600e-02
