-0.0001030507
-0.0001078132
-0.0001126633
-0.0001173179
-0.0001209528
-0.000127774
-0.0001330167
-0.0001253008
-0.0001297509
-0.0001418215
-0.0001305987
-7.637303e-05
-0.0001032988
-0.0001013326
-2.041819e-05
-0.0001889406
-0.0002721155
6.202365e-05
-0.0001097173
-0.0005113629
6.237803e-05
0.0006737944
-0.0003473756
-0.001049084
-0.0007265789
-0.0004523661
0.0007876461
0.002348505
0.001407981
0.0003027856
-0.0005414588
-0.001824953
-0.002501591
-0.000409733
0.001774658
0.003043259
0.004866803
0.004667629
0.005491769
0.01586127
0.0148944
-2.978987e-05
0.00308357
0.006562298
-0.0113708
-0.02389852
-0.01596117
-0.004794105
-0.0157233
-0.02138725
-0.007449308
0.0006783954
-0.007049434
-0.00861223
0.007765178
0.008335925
-0.0005335
0.01127545
0.0259518
0.02239117
0.01257821
0.007403765
0.006747264
0.003566711
-0.005843163
-0.01324006
-0.01427665
-0.01452053
-0.01274086
-0.007610323
-0.00374236
-0.004388229
-0.009325833
-0.004381384
0.00743254
0.009500665
0.007957858
0.007435791
0.008964819
0.008582462
0.008530699
0.01470332
0.006584371
-0.005009827
-0.0008803881
0.001729319
-0.007293695
-0.02064072
-0.01683442
-0.005335362
-0.005197716
-0.01288884
-0.01580898
-0.004088776
0.005460512
0.005163396
-0.001280995
0.0009004328
0.00829819
0.01853357
0.03440489
0.04755193
0.05869991
0.06963574
0.07616532
0.06874804
0.04259692
-0.009436706
-0.05197019
-0.09483178
-0.1344574
-0.1509318
-0.1360451
-0.08931771
-0.03966798
0.02258441
0.08406369
0.06446755
0.04352488
0.02013252
-0.01391191
-0.02310182
-0.002786214
0.03490156
0.06217839
0.08531939
0.0859047
0.05795954
0.02314586
0.001760962
-0.01857521
-0.03658622
-0.04961744
-0.05212363
-0.02585716
0.007885249
0.01779101
0.02656403
0.02079773
0.01017319
-0.0001750795
-0.01354302
-0.02733672
-0.03391902
-0.03079176
-0.01998462
-0.01630383
-0.01955363
-0.02760046
-0.03151651
-0.02277208
-0.009124954
0.003098804
0.02307108
0.04896457
0.07497727
0.08925566
0.08148951
0.05699769
0.02985628
0.005380408
-0.02215837
-0.0483338
-0.06156621
-0.05203197
-0.04141039
-0.02054468
0.003018723
0.01361049
0.02409269
0.01597405
0.0005033686
-0.01965299
-0.03395137
-0.03226194
-0.03302283
-0.03332992
-0.02886953
-0.01824838
-0.001103422
0.01421152
0.0182817
0.01888116
0.02416076
0.0262838
0.02243255
0.005681958
-0.01541909
-0.02698152
-0.03483547
-0.02627645
-0.006566672
0.01564728
0.03877185
0.05917797
0.06873817
0.05914583
0.02459808
-0.01048868
-0.04970152
-0.09025452
-0.09905476
-0.09015467
-0.06458096
-0.03148748
-0.0009800397
0.02174774
0.03495048
0.02626037
0.003605677
-0.02062103
-0.02563166
-0.01241347
-0.005619657
-0.007070718
-0.01287305
-0.01380016
-0.0007539564
0.008122054
0.008980845
0.0138372
0.01570606
0.01148331
0.0004252952
-0.01863767
-0.03433638
-0.03152734
-0.02620636
-0.03182857
-0.04816877
-0.06570589
-0.08156597
-0.08505595
-0.07310335
-0.05763522
-0.01538532
0.01783574
0.04209973
0.06919711
0.0648774
0.06286741
0.06197297
0.05990408
0.07125532
0.07800376
0.07410869
0.07194781
0.06730271
0.04956221
0.03093037
0.02549993
0.01157095
-0.008529665
-0.03473823
-0.07086556
-0.09823189
-0.1166271
-0.1342014
-0.1235953
-0.08257434
-0.037138
-0.0110421
0.02574695
0.04869205
0.05946974
0.07110646
0.06861566
0.05125962
0.03343032
0.01354671
-0.001366738
-0.004019911
0.003721115
0.02803517
0.05647102
0.08695915
0.09796843
0.09343816
0.08100816
0.0539731
0.01863761
-0.0001712231
-0.01927375
-0.04648328
-0.0682879
-0.07768457
-0.07841616
-0.06703509
-0.04102803
-0.01522479
0.007498821
0.03237202
0.05710679
0.07198301
0.06501931
0.05006179
0.03888505
0.03340621
0.02966378
0.02979696
0.02814869
0.0185084
-0.008011444
-0.02981877
-0.04709567
-0.05983955
-0.06422588
-0.06633259
-0.06359358
-0.05038694
-0.02533607
0.01046896
0.03071808
0.03199988
0.02782467
0.005621909
-0.02433363
-0.04090911
-0.03900416
-0.02666149
-0.006330565
0.02660535
0.03248853
0.03307258
0.03141825
0.01377389
-0.01585496
-0.03000408
-0.01863446
-0.005843877
0.009763508
0.02470483
0.03522939
0.04792891
0.05938492
0.06338106
0.05984141
0.05248784
0.04739232
0.04152404
0.0284068
0.005558624
-0.01913939
-0.03010565
-0.03729159
-0.0489614
-0.05373941
-0.05688685
-0.06171637
-0.06507029
-0.06469287
-0.06390009
-0.05793068
-0.03946255
-0.002121264
0.02396306
0.0303066
0.03553585
0.03368776
0.02715462
0.0135158
-0.00604799
-0.02155364
-0.03219867
-0.03519727
-0.03705427
-0.03518213
-0.03991338
-0.04574281
-0.03151241
-0.01195767
-0.008563898
-0.01115237
-0.0237674
-0.03818701
-0.02765972
-0.01300533
-0.005241786
0.006775221
0.02002125
0.03159749
0.04204941
0.04492065
0.04254003
0.04144604
0.04374293
0.04907941
0.05227844
0.05129903
0.04463709
0.04248855
0.04956448
0.05347751
0.04569444
0.02678581
0.01285168
0.0004949783
-0.002669621
0.00339406
0.01014693
0.01802054
0.02043808
0.01565541
0.006208122
-0.007481064
-0.01614152
-0.01194394
2.282392e-05
0.008269489
0.01847954
0.02995331
0.03675311
0.03752122
0.03509308
0.03223653
0.01423928
-0.01632368
-0.03644209
-0.05244443
-0.05943687
-0.05729062
-0.05048474
-0.03374502
-0.01409158
0.001187283
0.01178088
0.009214728
0.0008688818
-0.004334262
-0.01173824
-0.01994917
-0.0273684
-0.03424346
-0.03788787
-0.03620942
-0.02822916
-0.01430623
0.005141237
0.0207136
0.03165591
0.03345925
0.02684543
0.02128196
0.017161
0.01557381
0.02401189
0.0288539
0.03209252
0.02738524
0.008806653
-0.01320773
-0.03041464
-0.0405081
-0.04302703
-0.0409667
-0.03251207
-0.02248296
-0.01352666
-0.00919815
-0.007730868
-0.01242381
-0.01680197
-0.01964782
-0.01925874
-0.01150296
-0.007506052
-0.005738922
-0.003877623
-0.00174459
-0.00482077
-0.01181978
-0.02277758
-0.02957655
-0.02481254
-0.01441382
-0.006961642
0.0009079616
0.004416495
0.0001345168
-0.007575575
-0.02451478
-0.03964547
-0.04127781
-0.03536377
-0.02460775
-0.007038464
0.004380403
0.002195668
-0.01077453
-0.02194843
-0.02647212
-0.02717454
-0.02397698
-0.0101235
0.02953141
0.0616815
0.06371012
0.06457329
0.04907124
0.009385199
0.01222093
0.01588769
0.01462814
0.02180231
0.02210577
0.01856656
0.01382685
-0.000413935
-0.01471715
-0.01611278
-0.01849062
-0.01187995
-0.001672396
0.009803797
0.02093017
0.03247267
0.04431148
0.0541312
0.05921822
0.05845155
0.04785226
0.04193378
0.03607956
0.03512171
0.03999369
0.03316569
0.02726266
0.02522745
0.01225597
-0.009074372
-0.02139506
-0.02445668
-0.01024493
0.0112394
0.02522071
0.02359536
0.02570506
0.03134634
0.02984005
0.02000343
0.01362719
0.01464612
0.01761415
0.01866674
0.01436412
0.001122443
-0.01425698
-0.02675578
-0.03697685
-0.04162839
-0.04768948
-0.04092367
-0.02722682
-0.01701613
-0.006145012
2.530177e-05
-0.0004824578
0.00159942
0.003941418
0.002032691
-0.003970634
-0.007573794
-0.005722129
-0.0008994419
0.0008376772
0.003868524
0.007645669
0.007620704
-0.005316773
-0.01726156
-0.02573854
-0.03253938
-0.0305304
-0.02047615
-0.006477909
0.00195452
0.002350609
8.631428e-05
-0.002458348
-0.002005554
-0.001730846
-0.006633059
-0.01366657
-0.01697076
-0.01390149
-0.01235943
-0.01593186
-0.02025974
-0.02403785
-0.03969537
-0.05446782
-0.06580738
-0.07526786
-0.07879224
-0.08454771
-0.07819547
-0.06259045
-0.04558211
-0.02962958
-0.012472
0.004012861
0.01033211
0.008718543
-0.00172478
-0.02381269
-0.04521648
-0.04808214
-0.04294586
-0.03203138
-0.01878939
-0.004545652
0.009486492
0.02398869
0.03641625
0.04087906
0.02916415
0.01477314
-0.000165634
-0.01617301
-0.03247729
-0.04366081
-0.04605954
-0.04041565
-0.02472835
-0.003008646
-0.0009466917
-0.006028376
-0.004750707
-0.004288668
-0.003155832
-0.002324914
-0.004709115
-0.007442146
-0.00071354
0.01844985
0.03178962
0.04254435
0.04582961
0.04589001
0.04249652
0.03985048
0.03368247
0.01724197
-0.009720415
-0.0175064
-0.01683258
-0.01584997
0.008673026
0.038371
0.05619636
0.06310424
0.07110981
0.07178396
0.06545871
0.0585874
0.05310613
0.04623687
0.03943372
0.03525202
0.03252436
0.03419678
0.03627093
0.0317097
0.02724735
0.02519197
0.02436643
0.02488239
0.02255571
0.01726245
0.01582784
0.02274004
0.02713156
0.02635136
0.02278983
0.02545778
0.02877084
0.0248762
0.02154355
0.02181923
0.02243432
0.02214322
0.02744121
0.03663791
0.0415169
0.04096688
0.04097796
0.04246372
0.0417412
0.03618045
0.03077126
0.02681352
0.02153039
0.01544039
-0.002448388
-0.02615174
-0.0395318
-0.04024545
-0.04087633
-0.03612065
-0.02311992
-0.008972672
0.002776601
0.01347505
0.01822199
0.0101296
0.0003088967
-0.01551452
-0.02900474
-0.03199072
-0.0357589
-0.03122367
-0.02674776
-0.02692107
-0.02823176
-0.02490241
-0.01661726
-0.0112018
-0.005741185
-0.001498018
-0.0006496733
-0.00402891
-0.008221899
-0.011638
-0.01048983
-0.001883035
0.002629563
0.007499469
0.01424595
0.01975242
0.02255357
0.01623114
-7.315195e-05
-0.0241034
-0.0427148
-0.05451391
-0.05861256
-0.0598479
-0.04963096
-0.03438432
-0.01561195
-0.01134313
-0.01420587
-0.0235739
-0.03574459
-0.04864195
-0.05964049
-0.06568924
-0.06242091
-0.05471394
-0.05150415
-0.04608727
-0.0409452
-0.03987165
-0.04305262
-0.04369008
-0.03617167
-0.02641059
-0.01633675
-0.006676939
-0.001013183
-0.003173513
-0.01076942
-0.01716803
-0.0236414
-0.03045548
-0.03061724
-0.01995988
-0.001392371
0.01577058
0.03099538
0.03809267
0.03412266
0.02470933
0.01627084
0.01439695
0.01015376
0.007178549
0.007740853
0.01074607
0.01503004
0.01658209
0.01508627
0.01288042
0.01147122
0.006078752
-0.001192916
-0.005940904
-0.001491838
0.01550598
0.03126561
0.04477811
0.06050194
0.06607582
0.06507925
0.06030748
0.04685418
0.03558613
0.02975593
0.02660257
0.03303458
0.03799025
0.03642613
0.03183277
0.0280118
0.02295716
0.01486994
0.009120091
0.008335155
0.01316249
0.02193277
0.02921995
0.02858127
0.02120173
0.01931855
0.02171785
0.02148098
0.01195848
0.004732486
-0.0004275075
-0.008249053
-0.0154979
-0.02135735
-0.02595228
-0.02527975
-0.01497411
-0.003799982
0.005726969
0.008245312
0.008400188
0.006557841
0.004509997
0.002716785
0.0003718335
0.003474841
0.01679415
0.02305985
0.02295372
0.01981481
0.01497762
0.008233282
0.0006956088
-0.006094278
-0.01338071
-0.02072918
-0.02788962
-0.03513686
-0.04157275
-0.04678986
-0.05016652
-0.05215161
-0.05327148
-0.05614619
-0.05442234
-0.04955004
-0.04769537
-0.04708055
-0.04864164
-0.03841519
-0.02898725
-0.02349818
-0.01508335
-0.009472135
-0.007304792
-0.00537935
-0.005362453
-0.004737175
-0.003009444
-0.0001478852
0.002025073
0.0003609654
-0.005277374
-0.007892006
-0.008265892
-0.0002956331
0.008823516
0.01510389
0.02352612
0.03151123
0.03336298
0.02438898
0.007794503
-0.006786965
-0.01902235
-0.02586439
-0.02594415
-0.01326493
-0.001334448
0.00820442
0.01698056
0.01901052
0.01552028
0.01105011
0.006814641
0.002993667
0.007105109
0.01048709
0.01117561
0.009716925
0.005458697
0.002711629
0.001186165
8.543921e-05
-0.0003782654
0.002728874
0.004987206
0.005900545
0.001402715
-0.003597877
-0.005252826
-0.004412857
-0.001640361
0.0002022424
0.002396237
0.004914894
0.006119422
0.003625438
-0.006092231
-0.01968568
-0.03134675
-0.03966895
-0.04053399
-0.03459669
-0.02761263
-0.01965699
-0.01186788
-0.004697846
-0.001992059
-0.003885864
-0.008727419
-0.007127839
-0.002007595
-0.001756147
-0.006173446
-0.006808191
0.002190857
0.007919764
0.01185067
0.01381196
0.01311157
0.01820027
0.02430851
0.02782973
0.03266087
0.03596866
0.03788453
0.04099795
0.04343222
0.03891277
0.02923963
0.02379863
0.01909003
0.01543216
0.01243442
0.01948084
0.02578588
0.0285612
0.02415959
0.001658511
-0.01775845
-0.03391107
-0.05127066
-0.0583028
-0.0657924
-0.06211374
-0.0483276
-0.03646707
-0.02854713
-0.0296998
-0.03685708
-0.03888071
-0.04298007
-0.04846715
-0.04736744
-0.03910543
-0.03534102
-0.03088541
-0.02501313
-0.02343787
-0.02048004
-0.01017418
-0.002132895
0.004691904
0.01347154
0.02158084
0.02640495
0.02839091
0.02434411
0.01215225
0.0005410489
-0.0002958676
0.006703769
0.01402992
0.02489712
0.03530231
0.04278799
0.04473699
0.04124433
0.03728289
0.03303518
0.02817092
0.02336128
0.01905237
0.01887092
0.02330936
0.02700178
0.03002366
0.03197564
0.02598678
0.02183466
0.02201824
0.02552658
0.02659618
0.02116592
0.01595597
0.02055366
0.0251277
0.02345559
0.0124959
0.003935296
-0.002911946
-0.01259852
-0.02159209
-0.03011191
-0.03794731
-0.04054467
-0.03917671
-0.0368412
-0.03821773
-0.03964375
-0.03703835
-0.03427641
-0.03293965
-0.03064483
-0.02773435
-0.02065863
-0.01320754
-0.007691257
-0.006083827
-0.01205129
-0.0157723
-0.01674954
-0.01661374
-0.008872571
-0.00141914
0.002170457
0.002722477
0.001434398
0.003366424
0.006782675
0.008008772
0.007588679
0.008493453
0.01408555
0.01756929
0.02084176
0.02878468
0.03877133
0.04468294
0.04381908
0.03188065
0.02259439
0.01630223
0.008781308
0.0007781651
-0.008599679
-0.01758205
-0.0177041
-0.01111919
-0.01004583
-0.01107899
-0.0131947
-0.01500358
-0.0168587
-0.01631822
-0.01039525
-0.009715406
-0.01175089
-0.01146092
-0.009320409
-0.005962218
-0.003230918
-0.0006103254
-0.001432712
-0.003184009
-0.006842893
-0.0113066
-0.0169028
-0.02606658
-0.03938462
-0.04904474
-0.05269285
-0.05610171
-0.05362026
-0.04903466
-0.03892782
-0.0181817
-0.003876469
0.005037014
0.007350768
0.005103029
0.003015757
0.001460022
0.001548918
0.00721995
0.01926966
0.02854695
0.03738459
0.04150723
0.03337298
0.02866439
0.02763286
0.03214102
0.0379892
0.0419974
0.04740732
0.05306152
0.05820532
0.06240706
0.06293554
0.05823028
0.05488134
0.0522394
0.04893308
0.04926052
0.04867679
0.04226754
0.03568071
0.03103563
0.02504067
0.0223363
0.0225546
0.0203324
0.01670841
0.01065836
0.005795021
0.0008708652
-0.004712271
-0.009057628
-0.004078238
0.002979759
0.006087643
0.004088002
-0.008197335
-0.01531231
-0.02265755
-0.02836101
-0.02669315
-0.02934974
-0.03338943
-0.03472866
-0.03215806
-0.02639565
-0.02308001
-0.01683744
-0.009744359
-0.01019636
-0.02171772
-0.02810474
-0.03424588
-0.0418314
-0.03286729
-0.02015899
-0.0145013
-0.004615728
0.005970363
0.01447893
0.01870138
0.01567878
0.01052757
-0.0001305977
-0.01289163
-0.01942508
-0.01592465
-0.01006724
0.001422058
0.01381516
0.01973143
0.01717659
0.01235837
0.00447904
-0.00560612
-0.01269203
-0.01414686
-0.009967108
-0.004919924
-0.001471252
-0.001285999
-0.00996618
-0.01529385
-0.01998293
-0.02564393
-0.02892944
-0.02929248
-0.02436805
-0.02201306
-0.01978361
-0.01847104
-0.01834918
-0.01583101
-0.01159796
-0.008776975
-0.006003205
-0.005729569
-0.005386757
-0.00318559
-0.001289602
0.0001369594
0.001797154
0.00186619
0.001995838
0.002635567
0.006699693
0.01630403
0.02288389
0.02971908
0.03793593
0.04539869
0.05234079
0.05508735
0.05521742
0.05206268
0.04512171
0.03813679
0.03193248
0.02479157
0.02460364
0.03768802
0.04505724
0.05184902
0.05398947
0.03916237
0.02736656
0.0156042
0.003159364
-0.006051995
-0.008116861
-0.01204783
-0.01628541
-0.01794195
-0.01820029
-0.01541933
-0.01227668
-0.01057764
-0.009093843
-0.01389276
-0.01899206
-0.02483046
-0.03268126
-0.04173935
-0.05043357
-0.05887641
-0.06560745
-0.06949542
-0.06479165
-0.05405656
-0.04077663
-0.03224543
-0.02856862
-0.02469972
-0.02126027
-0.01786593
-0.01450644
-0.007947499
0.003386235
0.01066628
0.01623754
0.01724023
0.007540121
0.001034622
-0.004615754
-0.005930023
-0.002916006
0.001393828
0.007343337
0.01323696
0.008626368
-0.0002730594
-0.006133287
-0.01562121
-0.02414114
-0.02831723
-0.02515641
-0.02022673
-0.016006
-0.009356747
-0.003278643
0.002729511
0.009108653
0.01493762
0.02018768
0.02256687
0.02407588
0.02446005
0.01946749
0.01390802
0.007755447
0.005397278
0.009231638
0.014651
0.02062341
0.03157816
0.03582966
0.03280221
0.02823229
0.0238645
0.01750959
0.01080883
0.0073215
0.005365814
0.003536947
0.003252516
0.001337275
-0.001688775
-0.004744158
-0.009039239
-0.01391074
-0.01996194
-0.02414268
-0.02661433
-0.02927901
-0.02360318
-0.01837375
-0.01528476
-0.008349701
-0.00307056
-0.003108753
-0.0003952548
0.004209164
0.005238996
0.00499517
0.006560638
0.01031561
0.01435719
0.01749624
0.02110381
0.02371138
0.01793502
0.0130002
0.007431348
-0.00189402
-0.00351511
-0.005565213
-0.008790628
-0.009839224
-0.006622802
-0.001253662
0.003124585
0.008917459
0.01525505
0.02109726
0.02275373
0.01973528
0.01578733
0.009926181
-0.002811922
-0.01081273
-0.01550763
-0.0173233
-0.01367759
-0.01203518
-0.01193525
-0.01480556
-0.01682022
-0.01616544
-0.01056031
-0.005074699
0.00234887
0.009142168
0.01305898
0.01613303
0.01384078
0.009082622
0.00739183
0.005305003
0.006350135
0.0121361
0.01279177
0.01089718
0.008283052
0.004210366
-0.001583501
-0.00838088
-0.01665583
-0.01708371
-0.01220409
-0.00755057
-0.0003432073
0.003385809
0.007484761
0.0135387
0.01993393
0.02567895
0.03114396
0.03273185
0.02831507
0.02770343
0.02777702
0.02599304
0.02534125
0.02502321
0.02598182
0.02797748
0.02906664
0.02737149
0.02249962
0.01880359
0.01149544
0.003993117
-0.005472169
-0.0160419
-0.02599633
-0.03566252
-0.03768715
-0.03903462
-0.04049319
-0.03863277
-0.03450807
-0.02520177
-0.01821784
-0.01282738
-0.008375763
-0.008017831
-0.01457815
-0.01918216
-0.02614841
-0.03304345
-0.03833598
-0.041001
-0.043022
-0.0409257
-0.03790339
-0.03316601
-0.02658126
-0.01882381
-0.01522703
-0.01812169
-0.02176734
-0.02377627
-0.02533475
-0.02740243
-0.02720836
-0.02414211
-0.0209929
-0.01737136
-0.01255825
-0.008109702
-0.00355989
0.001425902
0.006646302
0.00999664
0.009526163
0.006261244
0.002944998
-0.002518134
-0.006946674
-0.008090286
-0.005968428
-0.002857505
0.000647275
0.004659299
0.0050981
0.005454843
0.004609964
0.003407382
0.002767546
0.00186694
0.0008948497
0.0001344202
-0.0006491183
-0.001304281
-9.988189e-05
0.001526984
0.002454148
0.004524034
0.006601658
0.008153416
0.009673731
0.01099274
0.009049396
0.006325291
0.004932803
0.003391131
0.008269372
0.01278707
0.01503507
0.01706035
0.01911164
0.02100111
0.0205993
0.02045337
0.02050399
0.01934037
0.01865288
0.01840958
0.01786982
0.0165961
0.01467739
0.01578592
0.0169448
0.0157934
0.01224514
0.009668883
0.008234363
0.007544698
0.009040767
0.01268716
0.01477983
0.01712852
0.01953528
0.02172727
0.01980062
0.01326908
0.01006479
0.005777173
0.001055955
0.001625296
0.001508913
-0.00160677
-0.007601272
-0.01240562
-0.01547724
-0.01866037
-0.01942319
-0.01809708
-0.02298783
-0.02749663
-0.02858774
-0.02740442
-0.02288706
-0.01988496
-0.01651343
-0.01233683
-0.008398806
-0.004554944
-0.0009448001
0.002732078
0.006632755
0.01065413
0.01365733
0.01501213
0.01564591
0.0142157
0.01318556
0.01197052
0.0109946
0.01052428
0.009597657
0.009011609
0.01186726
0.01360742
0.01260499
0.01337679
0.01530147
0.01631326
0.01701705
0.01727418
0.01787614
0.01997706
0.02176684
0.02193559
0.01740042
0.01367013
0.01231122
0.01430081
0.0149105
0.01463475
0.01278974
0.01087887
0.006547771
0.0003599197
-0.003432657
-0.006302601
-0.009724838
-0.008837536
-0.007467978
-0.009224883
-0.01388605
-0.01715269
-0.01917812
-0.01999017
-0.017928
-0.01580158
-0.01173412
-0.009314357
-0.008903176
-0.007108767
-0.006509765
-0.006635147
-0.006667323
-0.008683597
-0.01060997
-0.01295646
-0.01559339
-0.01824858
-0.01998672
-0.02021108
-0.0231898
-0.02700233
-0.03044913
-0.03440867
-0.03532829
-0.03451772
-0.0321458
-0.02714577
-0.02158999
-0.01651006
-0.01053791
-0.006232166
-0.003664012
0.0002477642
0.003763552
0.006794367
0.009119377
0.01113639
0.01350307
0.01554952
0.01755307
0.0177981
0.01298725
0.009587406
0.005429299
-0.0002848702
-0.00139933
-0.002885555
-0.003224624
-0.001192179
-0.0006432092
-0.0005263942
-0.002999498
-0.005212446
-0.006711268
-0.008832107
-0.0108271
-0.01267918
-0.01401693
-0.01487869
-0.01598077
-0.01638412
-0.01677057
-0.01681217
-0.01626173
-0.01584425
-0.01380756
-0.01585521
-0.0203254
-0.02166005
-0.02081677
-0.01675581
-0.01433151
-0.01203599
-0.009015571
-0.007542005
-0.009468323
-0.010351
-0.0110764
-0.01299108
-0.01483483
-0.01634216
-0.01791291
-0.01726585
-0.01551188
-0.01251201
-0.004279726
0.00219661
0.009095822
0.01830137
0.02441976
0.02793789
0.03180377
0.03214186
0.03270998
0.03064757
0.02807366
0.02653842
0.02411794
0.02179003
0.01992036
0.01794827
0.01856693
0.02121656
0.02141196
0.01708749
0.01380888
0.0120982
0.009464892
0.009307478
0.01232726
0.01312687
0.01447328
0.0170622
0.01878978
0.01699556
0.01587727
0.01629344
0.01603071
0.01573971
0.01692687
0.01788374
0.01676562
0.01274978
0.01014016
0.008178893
0.008142846
0.009035392
0.008765469
0.008196248
0.00776159
0.008194072
0.01007092
0.01162101
0.0133532
0.01251375
0.008664525
0.008867303
0.01113278
0.01288852
0.01425305
0.014665
0.01201197
0.01179821
0.01321939
0.01254611
0.01078448
0.00936464
0.008447663
0.007525052
0.008564993
0.009529512
0.009859834
0.01071298
0.01058266
0.009395994
0.01037809
0.0129265
0.01578731
0.01887169
0.02246735
0.02321655
0.02331172
0.02175653
0.01947255
0.01483566
0.01111842
0.01030875
0.009633222
0.01154764
0.0130207
0.01400839
0.01567074
0.01663283
0.01350551
0.01093206
0.008378795
0.002708219
-0.001823535
-0.004417953
-0.006984121
-0.008304978
-0.006546293
-0.006355192
-0.007328486
-0.007853272
-0.00952911
-0.01496145
-0.01928021
-0.02315419
-0.02802812
-0.03202304
-0.03534806
-0.03703681
-0.03753519
-0.03932948
-0.0410657
-0.042533
-0.04504104
-0.04671158
-0.04624934
-0.04558786
-0.04317695
-0.04104253
-0.03922498
-0.03688566
-0.0336599
-0.0300594
-0.02699971
-0.02451035
-0.02197142
-0.01965418
-0.01806383
-0.01616294
-0.0143678
-0.01380004
-0.01597475
-0.01691164
-0.01588697
-0.01631496
-0.01967614
-0.0220149
-0.02206451
-0.02254349
-0.02337267
-0.0220197
-0.02065596
-0.01943673
-0.01691915
-0.01469829
-0.01216098
-0.009725611
-0.009640544
-0.009569302
-0.008399881
-0.007327639
-0.005558032
-0.00314783
-0.001918215
-0.001258517
-0.0001110554
0.0002565397
0.000640114
0.00136228
0.001987138
0.002554691
0.002521565
0.001386543
-0.0002051783
-0.001583143
-0.001815533
-0.00231021
-0.002948791
-0.003186655
-0.001066815
0.003727469
0.006239625
0.008338003
0.009642749
0.008187236
0.008026392
0.00909744
0.01157107
0.01585834
0.01947414
0.02366385
0.02783334
0.02941586
0.030885
0.03193345
0.03199934
0.03206211
0.03048504
0.0294628
0.0292995
0.0293717
0.03077171
0.03171471
0.03307776
0.0336743
0.02906527
0.02551073
0.02276665
0.01847386
0.01621033
0.01583796
0.01389106
0.01198806
0.0103046
0.007949018
0.005332669
0.003957409
0.004704832
0.008298541
0.01151715
0.01450697
0.01807387
0.01664638
0.01299297
0.01225781
0.01141717
0.01025782
0.01104919
0.01158975
0.01124504
0.01124294
0.01021129
0.007792902
0.003287508
-0.0015882
-0.005613067
-0.009998613
-0.01317344
-0.01606909
-0.01816606
-0.01817888
-0.01676154
-0.01507704
-0.01469418
-0.01502388
-0.01297335
-0.009894602
-0.009063343
-0.008989588
-0.007911422
-0.007548375
-0.008315745
-0.008586297
-0.008214517
-0.007018331
-0.005983996
-0.002994733
0.0006360986
0.002429407
0.00431212
0.005844133
0.003090135
0.001132716
0.0008772769
4.448086e-05
-0.00148841
-0.004380779
-0.006905627
-0.008491339
-0.01006287
-0.008001031
-0.00608587
-0.004437561
-0.0008256428
0.00181678
0.002035653
0.001579472
0.002172668
0.002172617
0.001257307
-0.0002137432
-0.001295409
-0.003558111
-0.004375555
-0.001603498
-0.0006653596
-0.002715123
-0.005152152
-0.006413412
-0.00824235
-0.01013185
-0.01048583
-0.01058619
-0.01065703
-0.01035657
-0.01375826
-0.01667475
-0.0180434
-0.01943745
-0.01784981
-0.01678694
-0.01616951
-0.01410765
-0.01235474
-0.01077561
-0.008451022
-0.006287541
-0.004298551
-0.002860243
-0.002000172
-0.001471581
-0.004213096
-0.006332121
-0.00660271
-0.007350641
-0.007621615
-0.007954932
-0.0105399
-0.01309658
-0.01484185
-0.01709291
-0.01926024
-0.01988771
-0.01995293
-0.01786396
-0.01525855
-0.01340404
-0.0103242
-0.008613952
-0.009736208
-0.009520956
-0.008648566
-0.007394952
-0.006287997
-0.005344656
-0.004524397
-0.00359353
-0.001525406
0.001338311
0.00377018
0.008622261
0.01326327
0.01596249
0.01944365
0.02274323
0.02347968
0.0221343
0.02064191
0.02035855
0.0200365
0.01993346
0.02195226
0.02350109
0.02491076
0.02648821
0.02450198
0.02169845
0.02042665
0.01824988
0.01592242
0.01411704
0.01261776
0.01096194
0.0100209
0.01107831
0.01151766
0.01187578
0.01323842
0.01429199
0.01530329
0.01677229
0.01809677
0.01937114
0.02075674
0.02205392
0.02293765
0.02382082
0.02410542
0.02289036
0.0212758
0.01711211
0.01355866
0.01077986
0.008704321
0.008467751
0.007323842
0.007422859
0.007858667
0.008124303
0.008591003
0.00571439
0.00240637
0.001907348
0.0009647458
0.002417138
0.003816334
0.001615104
-0.001168359
-0.002321533
-0.00412361
-0.004792895
-0.003022564
-0.002505985
-0.001742467
-0.000357541
0.0006391265
0.0005634181
-0.0006199103
-0.000988494
-0.001932532
-0.003409564
-0.004449905
-0.005456738
-0.005487917
-0.00554494
-0.005856207
-0.005756842
-0.006067658
-0.007796908
-0.008887036
-0.006763918
-0.005055488
-0.006443043
-0.006357151
-0.004637238
-0.002748653
-0.001852884
-0.001412377
-0.0005356817
-0.000541492
-0.001801863
-0.002279448
-0.002277242
-0.002442941
-0.002639894
-0.002202731
-0.002209809
-0.005121422
-0.007338219
-0.008681835
-0.01089819
-0.01429599
-0.01737919
-0.01992671
-0.02164153
-0.02189848
-0.02229887
-0.01940915
-0.01703823
-0.01651025
-0.01497797
-0.01519754
-0.01723019
-0.01813947
-0.01998698
-0.02181884
-0.02183858
-0.02199356
-0.02193014
-0.01946001
-0.01762047
-0.01623113
-0.0147832
-0.01334988
-0.01051827
-0.007121922
-0.005254587
-0.005190007
-0.005917206
-0.009435748
-0.01112436
-0.01198874
-0.0150891
-0.01870012
-0.02031578
-0.01806742
-0.01554386
-0.01339268
-0.01120896
-0.009939277
-0.008375944
-0.006992998
-0.006931984
-0.005754787
-0.004128179
-0.003410536
-0.002654925
-0.00256123
-0.001138053
0.00283145
0.005607906
0.008784115
0.01247138
0.01601074
0.01901483
0.0209736
0.02076419
0.01869549
0.01803344
0.01678275
0.0151632
0.01423232
0.01326959
0.01218675
0.01155592
0.01085766
0.01029833
0.01049505
0.01047579
0.01105095
0.01258278
0.01332491
0.01299609
0.01301176
0.01319924
0.01295998
0.01275514
0.0125374
0.01059277
0.007895988
0.006093104
0.003938585
0.001692069
-0.000349408
-0.001765786
-0.00287404
-0.003437394
-0.001500342
-0.0005039913
-0.00239431
-0.003746501
-0.004255936
-0.005229803
-0.005276448
-0.004148204
-0.003833541
-0.002471006
0.0003734994
0.000578943
-0.002434296
-0.003998846
-0.006215679
-0.007244675
-0.005291546
-0.004162855
-0.002137686
-0.0008805374
-0.002196001
-0.004179878
-0.004839374
-0.005352881
-0.005879026
-0.005646961
-0.005745051
-0.005876597
-0.005842686
-0.005851461
-0.005814261
-0.004734357
-0.002899081
-0.001418239
0.0007467783
0.002022975
0.002291074
0.003236177
0.00291765
0.00231589
0.002315902
0.002030293
0.001724369
0.002246242
0.003039421
0.0034527
0.004563539
0.006440776
0.007614667
0.008132279
0.006620331
0.00529252
0.003175822
0.000178109
-0.001506069
-0.001637687
-0.00245882
-0.003282079
-0.003629867
-0.004153357
-0.00436256
-0.004121722
-0.0004361903
0.004122565
0.006688404
0.009840176
0.01231445
0.01437644
0.01611119
0.0165702
0.01599969
0.01356846
0.009674346
0.007514742
0.005498726
0.003165633
0.002400825
0.001206018
-0.001358971
-0.00342192
-0.003501855
-0.001426494
-0.0006558992
0.0005397805
0.002013827
0.0008949882
9.297522e-05
0.0003883352
0.0004212566
0.0003164539
0.0006039875
6.87501e-05
-0.002482015
-0.004117835
-0.004866997
-0.004576438
-0.001656061
0.0002740435
0.00186109
0.00287361
0.0008827198
-0.0006011072
-0.001620711
-0.003492886
-0.003751064
-0.003222178
-0.002285294
-0.003102589
-0.007047191
-0.008731724
-0.009653207
-0.010442
-0.0109189
-0.009671932
-0.008988296
-0.0100973
-0.01068409
-0.01044379
-0.009706429
-0.007748247
-0.006883434
-0.006491133
-0.005481577
-0.005161409
-0.006238354
-0.00686216
-0.007983384
-0.009613064
-0.01038865
-0.01055508
-0.007827015
-0.003413045
-0.001096328
0.001789607
0.004740651
0.00710057
0.009276224
0.01139489
0.01156096
0.009471748
0.009210336
0.008936941
0.009072496
0.01113883
0.01228133
0.01278007
0.01340876
0.01155703
0.00955863
0.009808268
0.009441163
0.008513364
0.00880327
0.00989579
0.01030474
0.01070336
0.01116314
0.009706723
0.007762979
0.006245948
0.004242148
0.003290248
0.002653281
0.001380674
-8.781686e-05
-0.00139998
-0.001859154
-0.001456085
-0.001192711
0.001384667
0.003744204
0.004719132
0.004837796
0.005823214
0.007204409
0.007222491
0.005225533
0.004016346
0.002995469
0.001549979
0.001467918
0.001504316
0.002372789
0.005042044
0.005427972
0.003674823
0.003278126
0.00268787
0.00312285
0.00558685
0.005726236
0.00463865
0.004838354
0.004380266
0.003407794
0.002952932
0.002401518
0.001702879
0.00158909
0.003370021
0.004497003
0.003182686
0.001709584
0.00116398
0.002339338
0.00320559
0.004522572
0.005722798
0.005581936
0.005484431
0.005955276
0.006046126
0.006632184
0.008739543
0.01037435
0.01048991
0.007409162
0.004804279
0.002780478
0.002073031
0.001237382
0.002316179
0.004142697
0.004511901
0.004525188
0.003436468
0.001226453
-0.0001482689
-0.001192418
-0.002183867
-0.003469186
-0.003480415
-0.002042642
-0.001076707
0.0005397493
0.001852295
0.002270062
0.003367595
0.005443764
0.007606011
0.008320566
0.008195427
0.00726572
0.006128799
0.00472171
0.002791155
0.0008117231
-0.0006135647
-0.0005889748
-0.002654312
-0.004402715
-0.005294492
-0.006749138
-0.007367915
-0.00762895
-0.008499373
-0.008671831
-0.00763558
-0.007177956
-0.006665346
-0.005882146
-0.005400688
-0.006628003
-0.008211581
-0.009087982
-0.01049461
-0.0123023
-0.01420275
-0.01429422
-0.01313678
-0.01316345
-0.0127602
-0.01193615
-0.01132438
-0.01138072
-0.01216187
-0.0124035
-0.01272656
-0.01272357
-0.01229933
-0.0120998
-0.01186694
-0.01153602
-0.01124036
-0.01085625
-0.0100486
-0.008143507
-0.007423937
-0.008504686
-0.008586104
-0.008693778
-0.009382117
-0.009580508
-0.008960008
-0.008492738
-0.00759324
-0.006742611
-0.006497992
-0.006047455
-0.005575512
-0.006985179
-0.009465504
-0.009249402
-0.009183994
-0.01095217
-0.01273198
-0.01371051
-0.01466781
-0.01486005
-0.0140594
-0.01390718
-0.01302241
-0.01166539
-0.01065164
-0.009161982
-0.007676109
-0.006824584
-0.006682321
-0.00706256
-0.007291917
-0.006388683
-0.005280806
-0.003654582
-0.001991632
-0.0009893071
-0.0002891649
0.0006003874
0.001443832
0.002771222
0.004267443
0.005489076
0.00657376
0.007584399
0.007678006
0.00762013
0.009019149
0.01007595
0.009133507
0.008200325
0.007908104
0.007831945
0.008622866
0.008979304
0.00931336
0.009785652
0.009737645
0.009049363
0.008670259
0.007515019
0.007770089
0.008427588
0.008814841
0.01108339
0.01253381
0.01183058
0.01155809
0.009954429
0.008092138
0.00635809
0.003198985
0.0005660871
0.0003528846
0.0004233843
-0.0002810905
-0.0004348826
-0.0004029427
0.001085888
0.003423769
0.006234665
0.01128214
0.01292533
0.01306822
0.01246459
0.01243078
0.01200756
0.0108415
0.009835905
0.008924142
0.009813644
0.01078015
0.0111252
0.01222988
0.01243929
0.01029541
0.00897581
0.007990997
0.006666564
0.005596112
0.004490159
0.003546364
0.00271932
0.002369773
0.0008719116
-0.002164758
-0.003172415
-0.003862549
-0.004095439
-0.003003749
-0.00142019
-0.0003671014
0.0009748759
0.002583333
0.005627288
0.005215294
0.001193079
0.001269768
0.001735338
0.0003198655
-3.783893e-05
0.0009124685
0.002004432
0.00266011
0.002506306
0.001193597
0.0005756164
-0.0006100139
-0.003008607
-0.006351006
-0.00743491
-0.008802279
-0.0109029
-0.01145248
-0.01030836
-0.009966257
-0.009321398
-0.00823613
-0.006719023
-0.005107094
-0.003727564
-0.003364685
-0.003443655
-0.002250419
-0.001618842
-0.001148089
-0.0003650686
0.000409709
0.002657152
0.004682689
0.004043751
0.003651816
0.001111575
0.002681661
0.005388156
0.003875029
0.003254103
0.002789098
0.0009055501
0.0005640663
-0.0009104314
-0.003793575
-0.003980079
-0.004605885
-0.005977924
-0.006466323
-0.004356891
-0.00193848
-0.001070353
0.0002775233
0.0006522179
0.001094312
0.001705314
0.001408722
0.0001552595
-0.0007893877
-0.001632084
-0.002976054
-0.004882497
-0.005386988
-0.005975731
-0.006865619
-0.005977076
-0.005271815
-0.004773154
-0.003070782
-0.001703336
-0.001160388
-0.0006228547
-0.0003227344
-0.002193614
-0.002780512
-0.001910782
-0.002351852
-0.002490754
-0.002419641
-0.003597434
-0.004640651
-0.005408439
-0.006482553
-0.007754362
-0.009239515
-0.01003018
-0.01038143
-0.01205533
-0.01355357
-0.01470768
-0.01571289
-0.01665259
-0.01760842
-0.016547
-0.01404122
-0.01283317
-0.01055794
-0.007380901
-0.005812443
-0.004103131
-0.002112338
-0.0005641483
0.001109311
0.002809612
0.004407687
0.004944333
0.003508955
0.003618002
0.003152684
0.004076328
0.006043397
0.006781937
0.007900367
0.009300158
0.009108581
0.007560242
0.007069791
0.006130453
0.00491034
0.004582717
0.004996218
0.006505618
0.008535701
0.009003718
0.009035663
0.009727805
0.0092371
0.008256969
0.006391599
0.005043679
0.004974379
0.004222588
0.003501238
0.003091722
0.002521378
0.001996029
0.002127273
0.002650474
0.004070637
0.00531727
0.0046257
0.004504468
0.00419922
0.001922945
0.003204336
0.004429401
0.004348852
0.005414913
0.006326445
0.006341954
0.006686326
0.006198588
0.004477502
0.00366731
0.003170667
0.002232317
0.001515532
0.00183006
0.002094974
0.002061362
0.002295935
0.002152602
0.001547878
0.001022567
-0.0002690932
-0.001456229
-0.002598058
-0.00444014
-0.005626465
-0.005297216
-0.005559391
-0.005807849
-0.005483982
-0.005435073
-0.005467782
-0.005445344
-0.005434485
-0.005707663
-0.007931489
-0.009601496
-0.009365302
-0.009492745
-0.008593074
-0.007551982
-0.006761726
-0.005700653
-0.00468073
-0.003851895
-0.004893134
-0.006129274
-0.005025371
-0.004923783
-0.00504942
-0.004469328
-0.004097949
-0.003823332
-0.003414564
-0.003740392
-0.003322764
-0.002319068
-0.001894268
-0.001173544
-0.002617617
-0.004350357
-0.005120298
-0.00540958
-0.005343637
-0.005950224
-0.006192128
-0.005123506
-0.003982087
-0.00392643
-0.004457579
-0.00451986
-0.004695686
-0.004943739
-0.003974512
-0.002693745
-0.001275641
0.0006021346
0.002249919
0.002894816
0.002128616
0.002156161
0.002179745
0.002002312
0.001925192
0.001850044
0.001757894
0.001578005
0.0005558076
-0.0005087756
-0.001143651
-0.0005159605
0.0009427096
0.001693599
0.00237725
0.003348995
0.004200822
0.00446698
0.004024247
0.003850389
0.003021709
0.0027316
0.005091773
0.006529953
0.005502729
0.00541137
0.005684488
0.005320938
0.00573105
0.006581636
0.00725225
0.008031352
0.008848962
0.009545489
0.008968272
0.007801251
0.007361076
0.007122732
0.00685252
0.006427003
0.006146854
0.006504398
0.007094791
0.007314676
0.007231198
0.007251058
0.007111805
0.005082799
0.002994786
0.001644925
0.001236097
0.001501174
0.001005954
0.0005738351
0.0003824986
3.644407e-05
-0.0001796147
-0.0002883609
0.000194736
0.002020428
0.003309937
0.004561164
0.006464458
0.008194256
0.009434432
0.01033736
0.01075956
0.01090526
0.01103573
0.009964882
0.009058952
0.008378703
0.00650797
0.00429373
0.003422292
0.003435331
0.002950006
0.002912351
0.002667393
0.001614996
0.001070266
0.001475059
0.00149909
0.001422609
0.001720877
0.002117475
0.002615014
0.003076752
0.003687612
0.004600014
0.005337465
0.0049688
0.004029008
0.003944939
0.003477921
0.002796219
0.001289182
-0.0007848155
-0.002514018
-0.004468195
-0.006314236
-0.006695353
-0.005915062
-0.005655333
-0.005563031
-0.006828987
-0.008631868
-0.008690018
-0.007157914
-0.006570218
-0.005902204
-0.005269629
-0.005394567
-0.006151982
-0.008007608
-0.008396429
-0.008300413
-0.008177668
-0.005902829
-0.004896539
-0.004463621
-0.005052418
-0.005652568
-0.005923204
-0.005832636
-0.00470635
-0.004561988
-0.004954989
-0.004689124
-0.005145821
-0.006439226
-0.007193136
-0.008897052
-0.01174223
-0.01165347
-0.01131817
-0.01121132
-0.01065481
-0.01014014
-0.009710879
-0.00984186
-0.01028022
-0.01039512
-0.009870908
-0.008304924
-0.006770754
-0.004419394
-0.001964506
-0.0002261062
0.001239581
0.001653627
-0.0003996174
0.0004834559
0.001211847
0.001204858
0.003039105
0.004250612
0.004546969
0.003471781
0.001713927
0.000374924
0.0002544604
0.0008881393
0.0008688093
0.001534622
0.00230726
0.002474495
0.002882987
0.003360407
0.003695527
0.004083105
0.00467276
0.005441816
0.00606792
0.006496741
0.005227507
0.004115684
0.003874474
0.00447488
0.005340309
0.005857878
0.005914124
0.005265245
0.005008269
0.004497001
0.003939585
0.003780385
0.003831924
0.003964764
0.004343898
0.005053933
0.003256115
0.002524712
0.002466587
0.001799859
0.00106881
0.0002710288
-0.0005026738
-0.001267861
-0.001998731
-0.002724209
-0.003464184
-0.003798438
-0.002887721
-0.002205687
-0.001775469
-0.001058608
-0.000419242
0.0001370056
-0.0002429246
-0.001362758
-0.001580272
-0.000941136
-0.0006864721
-0.0005244465
-0.0003847274
-0.0006071091
-0.0008132264
-0.0009508723
-0.001150733
-0.0009512826
-0.0004443518
-0.0002069259
9.278056e-05
0.0004126445
0.001074356
0.001937028
0.00258745
0.00318773
0.003270751
0.003478029
0.004673572
0.006114167
0.006942956
0.006473356
0.006128097
0.007224305
0.007828461
0.008164263
0.008672844
0.007212854
0.005604432
0.005078732
0.005841264
0.006728069
0.007169877
0.007992416
0.008536761
0.008544199
0.008725927
0.008366515
0.008012834
0.008065543
0.007984144
0.007832632
0.007195788
0.004291176
0.003072411
0.0040948
0.003960335
0.00341416
0.003322762
0.003149948
0.002689634
0.0008757033
-0.001011728
-0.001242258
0.0003059
-3.666717e-05
-0.0008137157
-0.0009937748
-0.001475587
-0.002333062
-0.005235426
-0.007341225
-0.006427825
-0.006646915
-0.00751696
-0.007556141
-0.007845331
-0.008265049
-0.008137953
-0.007772907
-0.007684443
-0.007366974
-0.006835342
-0.006457858
-0.006051711
-0.005820955
-0.00621771
-0.006429354
-0.006553374
-0.006648575
-0.00641657
-0.00602163
-0.00443292
-0.003006356
-0.001905956
-0.001003225
-0.0004328773
-0.0003933804
-0.0009736815
-0.001272453
-0.002847316
-0.004083141
-0.002660163
-0.00200313
-0.002179755
-0.002333557
-0.002382598
-0.002305783
-0.001453609
-0.000731055
-0.0002773429
-0.0008538638
-0.002050332
-0.002625861
-0.003296719
-0.003857034
-0.004407643
-0.005403239
-0.004563042
-0.003391718
-0.003113369
-0.002252476
-0.0009996518
0.0001210482
0.001126134
0.002123667
0.001891002
0.001570061
0.001691161
0.001479487
0.001623783
0.003371257
0.003521524
0.003158081
0.002311402
0.001632572
0.0009454493
0.0002420108
-0.0001320155
-0.0006159383
-0.00124745
-0.001796611
-0.001598432
-0.001160688
-0.001177136
-0.0009645359
-0.0006907172
-0.0009801867
-0.001421722
-0.001379814
-0.001600997
-0.001850962
-0.001716549
-0.001337494
-0.001184301
-0.0009558448
-0.0006813852
-0.0006020339
-3.443935e-05
0.0007810648
0.001295319
0.00193812
0.001485839
-0.0001628175
0.0003399856
0.0008974695
0.0006324553
0.0003068637
-0.001138905
-0.002189931
-0.001206573
-0.001062101
-0.002513202
-0.001592813
-0.001282649
0.000524096
0.003116009
0.002315306
-0.0005944469
0.0003900678
0.002012937
0.001304594
-0.001186813
-0.003024891
-0.002934433
-0.003386989
-0.003952175
-0.002802887
-0.001971
-0.0008566749
0.0009277483
0.0004226354
-8.176962e-05
0.0004704784
0.0005377228
0.0006990226
0.001410643
0.0004521688
7.939375e-05
0.0001040989
0.0004300093
0.001387354
0.002536224
0.003323763
0.003031917
0.002704602
0.002654366
0.002200285
0.001581446
0.001112103
0.001253799
0.003055898
0.003498633
0.004076372
0.004488797
0.003276791
0.003428801
0.004304418
0.002747124
-0.0001308421
-0.001113432
-0.001285151
-0.002163566
-0.002312188
-0.001757288
-0.001746655
-0.001718226
-0.002841204
-0.004389161
-0.00535207
-0.006596254
-0.007918326
-0.008839341
-0.007784698
-0.006963521
-0.006805486
-0.006625035
-0.007904174
-0.009097299
-0.009010108
-0.005305142
-0.004794768
-0.004464688
-0.004004788
-0.004049994
-0.003883446
-0.00380575
-0.003861564
-0.003731352
-0.00264797
-0.00154974
-0.0008804626
-0.001130884
-0.001665023
-0.001790567
-0.002510243
-0.003438956
-0.004062593
-0.004263446
-0.004152867
-0.004877114
-0.00562325
-0.00539419
-0.003630219
-0.002406418
-0.001134609
0.002108077
0.003979286
0.001624382
0.0007527051
0.002296003
0.002777077
0.002976664
0.003724748
0.003304903
0.002677782
0.003902657
0.005447502
0.006136027
0.006273728
0.006260858
0.006534058
0.007055841
0.007300335
0.007042978
0.007176653
0.007397422
0.007531934
0.007685569
0.007889793
0.008384361
0.009019213
0.009496572
0.009859474
0.009499851
0.009329218
0.00996809
0.0104328
0.01033181
0.009427357
0.008796136
0.008256483
0.007473207
0.006765984
0.006305874
0.006377383
0.006289106
0.006045079
0.005243881
0.004365619
0.004083559
0.004163575
0.003933972
0.003919504
0.004250923
0.003870389
0.002476941
0.001595799
0.0009252548
0.0005336786
-0.0004395277
-0.00249768
-0.003426086
-0.002759541
-0.002855936
-0.002964817
-0.002138871
-0.001546163
-0.001170176
-0.001248878
-0.001690862
-0.001811443
-0.001400762
-0.0001350727
0.0006758806
0.001408999
0.002058806
0.002684436
0.003021438
-0.0006703347
-0.002245486
-0.0018553
-0.003920695
-0.006472047
-0.007557307
-0.007258496
-0.0059852
-0.004065212
-0.002717318
-0.002704542
-0.003778566
-0.004486771
-0.005746111
-0.00628518
-0.007010998
-0.006947245
-0.004159387
-0.002264184
-0.001749104
-0.0009757234
0.0001396501
0.0009032431
0.001218676
0.0007478321
0.0007387456
0.0008397586
0.0006503765
0.0005810813
0.0002459512
-0.0004682052
-0.001511232
-0.003734228
-0.005289349
-0.004719449
-0.004670777
-0.004836285
-0.003781785
-0.003073142
-0.002731978
-0.002100774
-0.001740262
-0.001925951
-0.001861541
-0.001664787
-0.001291273
-0.001013131
-0.001283719
-0.001519484
-0.002174524
-0.003985711
-0.004569551
-0.005147438
-0.006244226
-0.00698682
-0.007272083
-0.007317096
-0.007023634
-0.005087251
-0.003611478
-0.003133173
-0.002561707
-0.001610016
0.0005411478
0.001806904
0.001171995
0.00190422
0.002431185
0.002510115
0.002885815
0.003226226
0.003505199
0.003870096
0.004216094
0.004550318
0.004964475
0.00523698
0.003779631
0.002006944
0.001865701
0.001687219
0.0009786723
0.001140584
0.001667927
0.001764417
0.002066367
0.002455039
0.002696534
0.002900749
0.00315029
0.003250624
0.001979263
0.0006165736
0.001436813
0.001724877
0.001512533
0.001931336
0.002299708
0.002572861
0.003592351
0.004901381
0.005528482
0.005735929
0.006261758
0.006985415
0.006463801
0.004051935
0.002980402
0.002500691
0.001941249
0.001251585
0.0006592227
-0.00044901
-0.001467073
-0.001505888
-0.001502479
-0.001832808
-0.001315491
0.0002336455
5.465847e-05
-0.000406202
-7.168925e-05
-0.0001530283
0.000317835
0.001139917
0.0003796535
-2.748506e-05
-4.038914e-05
0.0002462291
0.001147947
0.001137129
-0.0002904423
-0.001376778
-0.002282185
-0.003538782
-0.004712485
-0.005431546
-0.005141898
-0.004041098
-0.002246762
-0.001451603
-0.001505992
-0.0009711507
-0.0005133725
-0.0001860063
0.000359442
0.0008837671
0.000705353
5.183773e-05
-0.0001453259
-0.0005953062
-0.002014791
-0.00352915
-0.004646928
-0.00523695
-0.005492703
-0.006040067
-0.00607862
-0.005956157
-0.006050771
-0.005741273
-0.005270982
-0.004466006
-0.006280382
-0.007744434
-0.005956044
-0.005725036
-0.006358345
-0.006393806
-0.006980755
-0.007455291
-0.007632127
-0.007961569
-0.007754321
-0.006781358
-0.004511464
-0.003398086
-0.002106077
0.001518182
0.003129344
0.003512906
0.003416782
0.00297878
0.001380637
-0.0004846709
-0.00043433
0.001782557
0.003665626
0.004120457
0.004611028
0.006589935
0.006386187
0.005141756
0.005080831
0.004413023
0.00426876
0.004666187
0.003708075
0.002256049
0.001887004
0.001769919
0.001553718
0.002789773
0.002940296
0.003109302
0.003894009
0.003161483
0.002591493
0.001658497
0.0007288636
-7.547538e-06
0.0006247878
0.003404033
0.004626625
0.005404984
0.006949991
0.008110321
0.008589458
0.007460818
0.005344688
0.003397461
0.002267226
0.001399315
-0.0002487177
-0.001726611
-0.0006046713
0.0006729374
0.0005664964
0.0005142055
-0.0002858144
-0.0007654452
-0.001008548
-0.001407353
-0.001561924
-0.001263335
-0.0004140672
-0.0002627921
-0.0005661265
-0.000555745
-0.001086904
-0.001454872
-0.00147489
-0.001670374
-0.001375611
0.001171581
0.003332493
0.003981867
0.003898555
0.003814365
0.00378094
0.003188118
0.002681618
0.002385442
0.003215295
0.00546709
0.006101596
0.005794426
0.005661518
0.004400059
0.003438024
0.003070185
0.002663585
0.002119004
0.001780809
0.001798959
-3.321131e-05
-0.003212219
-0.004279744
-0.003563872
-0.002286864
0.001224916
0.003665123
0.004216568
0.004608668
0.002634403
-0.000389298
-0.002429285
-0.004693439
-0.006239108
-0.00451069
-0.003487494
-0.004152953
-0.00543127
-0.004985295
-0.004403804
-0.00467159
-0.00443785
-0.003406174
-0.002304185
-0.00183969
-0.001967232
-0.002284661
-0.002171195
-0.001777744
0.0008844457
0.003228857
0.004104856
0.004828189
0.003967706
0.0005168327
-0.001674937
-0.002904679
-0.003508221
-0.003287104
-0.002888452
-0.00267032
-0.002397147
-0.002417053
-0.00271307
-0.001850177
-0.0002464783
0.002281248
0.003754361
0.002870906
0.001578004
0.0004695958
-0.0009824657
-0.001928502
-0.002355843
-0.001883035
-0.001304744
0.0002289265
0.001423383
0.0006421428
-0.0008951754
-0.002059527
-0.003208343
-0.004561968
-0.00511825
-0.003689513
-0.002469535
-0.001979971
-0.003893901
-0.004750922
-0.004542536
-0.00447007
-0.003331506
-0.001754604
-0.001685289
-0.001547122
-0.002679293
-0.004976336
-0.00663867
-0.007766987
-0.008445374
-0.007673097
-0.007303138
-0.005343147
-0.003269412
-0.001984516
-0.0009855183
0.0001303736
0.001152095
0.000519942
-0.0006127718
0.0008582958
0.00192049
0.001782305
0.003500088
0.004708519
0.004536098
0.005003455
0.00550854
0.004547422
0.003215531
0.003056286
0.00343728
0.004533766
0.005641044
0.005406864
0.007715203
0.008264645
0.005448265
0.003594079
0.003135175
0.001902291
0.0008024259
0.000435954
0.0004544675
-6.483088e-06
-0.0004929638
-0.0007070179
-0.0008739828
0.0002654641
0.001625262
0.002347905
0.002525895
0.002865728
0.002514278
0.001420631
-0.0004261548
-0.003138308
-0.003392493
-0.003367073
-0.002970349
-0.00149301
-0.0002287544
-9.490739e-05
-0.0006045359
-0.002022358
-0.003145718
-0.003961915
-0.003773944
-0.002646131
-0.002696623
-0.002383996
-0.000651788
0.001193605
0.002361696
0.003815421
0.004832641
0.003787549
0.002670697
0.001790896
0.001474362
0.001548782
0.001183671
7.241648e-05
-0.001622076
-0.00279615
-0.003010176
-0.002009655
-0.0006784536
0.0005841408
0.0007816142
0.0006825347
0.001041301
0.001061822
0.0009651602
-0.0002276408
-0.001458434
-0.0001917115
-0.000464813
-0.0009220647
-0.0006114677
-0.0007491849
-0.001074577
-0.0005854866
-3.102261e-05
-0.000634825
-0.001537479
-0.002593411
-0.003419692
-0.003776832
-0.002702226
-0.002234942
-0.002276065
-0.002717603
-0.00316483
-0.003347147
-0.003545604
-0.002230549
-0.0006856228
1.080394e-05
0.0001799818
0.0004997511
-0.000335531
-0.001008235
-0.0009842688
-0.001405016
-0.001330479
-0.0009685405
-0.0005147566
0.001085286
0.002459523
0.002368902
0.003018927
0.002105341
0.001678378
0.002229045
0.002498711
0.003756178
0.004386915
0.005199125
0.006538914
0.007156305
0.006859529
0.006209477
0.004292646
0.002429847
0.001880319
0.0009936572
0.0004095351
0.0001859129
0.0001815598
0.0002217599
0.0004589625
0.0001329655
-0.001132679
-0.001707842
-0.00218153
-0.003062922
-0.004078308
-0.005140794
-0.005135845
-0.004940622
-0.004991148
-0.003284026
-0.002176612
-0.001807259
-0.001391911
-0.001925929
-0.002559419
-0.003372919
-0.003714856
-0.003972824
-0.004432718
-0.004559772
-0.003551553
-0.002248967
0.0005151406
0.001491794
0.001539551
0.002205258
0.001959207
0.0007304588
3.641015e-05
-0.000469097
-0.001558549
-0.002925755
-0.003709922
-0.004190024
-0.003962478
-0.002956115
-0.002219368
-0.001259894
-4.698263e-05
0.001024058
0.00217294
0.003361806
0.004714826
0.005639685
0.005287688
0.004132237
0.0009894578
0.0007115509
0.001668643
0.0009648615
0.001108362
0.00191059
0.003052987
0.003048041
0.002891233
0.0022169
0.001443332
0.002294951
0.002621528
0.002693262
0.003271511
0.003700198
0.003730886
0.003798588
0.003257302
0.003069447
0.003649281
0.003988577
0.003669964
0.001024209
-0.0009579552
-0.002259743
-0.001514131
-0.0004755024
-0.0004619016
0.0001479617
0.001300639
0.002496946
0.003030086
0.003358303
0.00430878
0.005050914
0.004969257
0.004880022
0.005000475
0.004967448
0.005362576
0.006074921
0.006374639
0.00619432
0.00416134
0.001748735
-0.000492842
-0.0006967321
-0.0001312049
-2.878101e-05
0.0007221557
0.0008767724
0.0006944698
0.0008003347
0.0004033093
-6.688944e-05
0.0004051021
0.0009212914
0.00167212
0.00238993
0.0022838
0.002136402
0.002101251
0.001980332
0.002452587
0.002837056
0.002641031
0.002594198
0.002201221
0.0007765101
0.0002910267
0.000464262
0.0002866625
0.0005831025
0.001018211
0.001185243
0.0005638309
-0.0002849305
-0.002273134
-0.003729752
-0.00466228
-0.004063625
-0.003502154
-0.003343853
-0.002599515
-0.001433389
2.403448e-05
0.0004749535
0.0001916328
0.0004570267
-0.0005409319
-0.001832336
-0.003216591
-0.003216444
-0.001895996
-0.0001394485
8.057812e-05
-0.000259341
0.0003999145
-0.000383704
-0.00153508
-0.001763144
-0.003060609
-0.004444484
-0.005335353
-0.006316279
-0.007073555
-0.007627702
-0.006009949
-0.00513002
-0.005099804
-0.003918484
-0.002817313
-0.002128671
-0.001427015
-0.0006689738
0.0001554654
0.001105008
0.001831132
0.00226727
0.002662287
0.002243692
0.001507124
0.0004072935
-0.0006813791
-0.001869386
-0.002741949
-0.003177883
-0.003201062
-0.002839412
-0.00283496
-0.002741738
-0.002664908
-0.00270999
-0.002107899
-0.0003700203
0.001409593
0.003119952
0.003528407
0.002813354
0.002570927
0.002663408
0.003313012
0.003580496
0.00198274
0.001007008
0.0004537636
-0.000576876
-0.0009095912
-0.001109441
-0.001152878
-0.0009186707
0.0001035589
0.0007035262
0.000543945
0.0008080517
0.0008810085
0.0006352143
-0.0001139897
-0.0006664035
-0.000887596
-0.00137135
-0.002010987
-0.002732117
-0.003202924
-0.003547988
-0.003587629
-0.00352621
-0.002951738
-0.002342895
-0.001840891
-0.001173123
-0.000450254
0.0003796082
0.0005993942
2.125931e-05
0.001557819
0.004540542
0.005561091
0.00739127
0.008863959
0.008415934
0.00824991
0.007676616
0.006838634
0.004391113
0.003022886
0.004031328
0.0038131
0.00537117
0.006380025
0.004798075
0.003625342
0.0008480639
-0.002190903
-0.004026424
-0.0050537
-0.005546847
-0.005350934
-0.00604472
-0.006956477
-0.006869418
-0.004823911
-0.003635642
-0.003073658
-0.002029394
-0.001891013
-0.002285324
-0.00298023
-0.005526561
-0.007664279
-0.009172018
-0.008695597
-0.006275207
-0.003874947
-0.0003822265
0.0002057946
-0.000455461
-0.002171765
-0.005611433
-0.006760077
-0.006321655
-0.004699534
-0.002655104
8.577226e-05
0.001938105
0.00328853
0.003377569
0.0006715522
-0.002680284
-0.004215686
-0.004609572
-0.005113019
-0.005459961
-0.004797053
-0.004419276
-0.003600602
-0.002413161
-0.001420321
-3.171606e-05
0.001579514
0.003859064
0.003725787
0.002567781
0.002189702
0.000390409
-0.002561463
-0.003508439
-0.002639027
-0.001909279
0.0008357876
0.002747175
0.003974774
0.004486283
0.00442922
0.004211681
0.003295401
0.003754547
0.004015741
0.004068588
0.004848136
0.004711821
0.004560553
0.004437749
0.003538054
0.003212184
0.004481786
0.005426325
0.006611898
0.007200273
0.006720136
0.006472086
0.005121331
0.004200154
0.00369317
0.002737646
0.002097352
0.002310523
0.001993504
0.001279103
0.0009196664
0.000279204
-0.0003184414
-0.0001872827
-9.280651e-05
0.0001118943
-5.907811e-05
-0.001784667
-0.00374618
-0.006165232
-0.006428577
-0.006460148
-0.007074491
-0.006397896
-0.004050319
-0.004092311
-0.00310183
-0.001421714
-0.0008128385
-0.0005196727
-0.0001449851
-7.538213e-05
-0.000540918
-0.001320134
-0.00228062
-0.002409709
-0.002726698
-0.003119476
-0.003198442
-0.003158501
-0.003191658
-0.003192646
-0.00298937
-0.002791413
-0.002638709
-0.002166191
-0.0008773564
-0.0001621323
-8.461881e-06
0.000130596
1.119679e-05
-0.0008307292
-0.001304152
-0.001730057
-0.001986421
-0.001796631
-0.0009573443
-0.0005356205
-0.0008776135
-0.001513442
-0.001758929
-0.001836485
-0.002031743
-0.002395583
-0.002477474
-0.002088167
-0.001958568
-0.001584881
-0.001156574
-0.0006220743
0.0003436397
0.0009635482
0.001536749
0.002323408
0.002765487
0.002749709
0.002829389
0.002130865
0.001421896
0.000742688
0.0001952361
0.0009374693
0.001405672
0.001554645
0.002034944
0.002389862
0.002604982
0.002769587
0.002987949
0.00318242
0.003387855
0.003621133
0.003329523
0.002423338
0.001504803
0.001003206
0.0007734859
0.0003398816
4.107531e-05
-0.0004240702
-0.00105862
-0.001342343
-0.001456377
-0.001804887
-0.001792639
-0.0009162898
-0.0003952406
-0.000645761
-0.001236705
-0.001440315
-0.001653077
-0.001784442
-0.001921426
-0.001651679
-0.001170745
-0.000712803
-1.401138e-05
-8.953071e-05
-0.0003021993
-0.001187391
-0.002430128
-0.002661628
-0.002663341
-0.002321281
-0.001435178
-0.0003715345
0.000435424
0.001667794
0.003083991
0.003598012
0.004049408
0.004832751
0.004843684
0.004317823
0.004585589
0.004592548
0.004686505
0.004892507
0.004469518
0.003969567
0.003727707
0.003303795
0.002481732
0.001669553
0.001222303
0.0002165548
-0.000802255
-0.001154757
-0.001532954
-0.001985073
-0.002246967
-0.002531635
-0.002533133
-0.002308224
-0.001697321
-0.0007840215
0.0002311859
0.001049275
0.001804472
0.002202287
0.002628878
0.003056319
0.003248545
0.003534999
0.00386979
0.004124572
0.004046846
0.003439268
0.003087253
0.003410457
0.004079436
0.004376118
0.00408836
0.003081302
0.002585751
0.002402942
0.002517492
0.002374357
0.002296429
0.002317001
0.002297383
0.00229216
0.002074702
0.00144127
0.001186409
0.001166383
0.0007981044
0.0005391365
0.0008609265
0.0009810159
0.000985125
0.001153122
0.001416175
0.001791755
0.002181942
0.00238939
0.002232595
0.001846424
0.001511169
0.001193345
0.0002306023
-0.0008753416
-0.0009710231
-0.001433623
-0.001661755
-0.001748046
-0.001780376
-0.00173868
-0.001027663
7.49947e-05
9.09015e-05
0.0003265567
0.0002369614
-0.0002730222
-0.0005182693
-0.000952251
-0.001280649
-0.001150292
-0.001128173
-0.0008004464
-0.0004313513
-0.0007094089
-0.001133519
-0.001307
-0.00181968
-0.002274357
-0.002318927
-0.002522487
-0.003084716
-0.003679111
-0.003707805
-0.003347209
-0.003345263
-0.00314458
-0.002853736
-0.002679029
-0.002062628
-0.001247021
-0.001189899
-0.001756804
-0.001807245
-0.002030366
-0.002561447
-0.002730601
-0.001570726
-0.000621401
1.492159e-05
0.001183932
0.001954335
0.002108482
0.002624304
0.002861652
0.002897302
0.002835512
0.001947973
0.001043427
-0.001503566
-0.002737188
-0.001543685
-0.002067441
-0.002114854
-0.001418011
-0.0009230717
-0.0005334842
-0.0001069656
-2.534553e-05
-0.0006060728
-0.001002441
-0.002131371
-0.003455492
-0.004335512
-0.004608946
-0.00462459
-0.004070197
-0.003300796
-0.002711226
-0.001312288
0.0001268729
0.0008156459
0.001368343
0.002082604
0.002354371
0.002470257
0.001741275
0.001200905
0.00129043
0.001058288
0.0009636136
0.001529346
0.001906227
0.002318977
0.002556037
0.002369858
0.002411086
0.002407208
0.00234609
0.002320944
0.00188744
0.001451727
0.001363655
0.001205437
0.001294766
0.001546991
0.001633355
0.001742576
0.001068656
-0.0002489664
-0.0009350273
-0.0009306506
-0.0008500297
-0.000830205
-0.0005252395
8.71558e-05
0.0006326104
0.0005192671
0.0004288606
0.0002868028
4.782106e-05
0.0003563688
0.0007192289
0.001007954
0.001330599
0.001464895
0.001551112
0.001022063
0.0005010546
8.599224e-05
-0.0005475159
-0.001195774
-0.001758055
-0.002138568
-0.002385423
-0.00268379
-0.002911836
-0.002585611
-0.002901432
-0.003703435
-0.003565574
-0.003755049
-0.004208637
-0.004393133
-0.004567622
-0.004812621
-0.004999182
-0.004698525
-0.003488994
-0.00286007
-0.002418741
-0.002059551
-0.002202744
-0.001678588
-0.001439759
-0.001618425
-0.001597495
-0.001898241
-0.002468298
-0.002946096
-0.003531749
-0.004112793
-0.004644948
-0.00441374
-0.003631168
-0.003486134
-0.003097238
-0.002436346
-0.002523199
-0.002637745
-0.002423911
-0.001794495
-0.001023669
-0.0007266101
-0.0006077132
-0.0004264344
-0.0004898406
-0.0004562388
-7.592152e-05
0.0004362738
0.001079897
0.001713551
0.00178939
0.001647045
0.001266721
-0.000265229
-0.0009998378
0.0003433239
0.0001188312
-0.0003112819
1.169015e-05
-0.0002094408
-0.0005343781
-0.0008076629
-0.001285496
-0.001897038
-0.001587568
-0.0001009342
0.0002272532
0.0003130966
0.0009524967
0.001416441
0.001783361
0.002345
0.002947654
0.003115937
0.002933019
0.003050654
0.003078376
0.003073626
0.003280331
0.0033617
0.003280401
0.003305215
0.003321051
0.003278435
0.002833525
0.002080834
0.00175874
0.0014616
0.0008305675
-0.0001158822
-0.0007234324
-0.0009322828
-0.001269594
-0.001211444
-0.000881799
-0.000683898
-0.0003297082
0.000353237
0.000785583
0.00105588
0.001181093
0.0006750718
0.0003707407
-4.173144e-05
-0.0007383999
-0.001055878
-0.001107061
-0.000781398
-0.0002338508
-0.0003660974
-0.00105802
-0.001326721
-0.001651335
-0.00209623
-0.002401457
-0.002537257
-0.002764667
-0.003072358
-0.002427183
-0.001546866
-0.001182572
-0.001292499
-0.00149601
-0.001699445
-0.00197139
-0.002296994
-0.002691526
-0.002927193
-0.00284053
-0.002807724
-0.002349772
-0.001933059
-0.001881906
-0.001815138
-0.002044161
-0.002227945
-0.002220434
-0.002140163
-0.002162624
-0.002183668
-0.002149763
-0.001918505
-0.001660017
-0.001383164
-0.001729172
-0.002812353
-0.003311453
-0.00353106
-0.003828342
-0.003903173
-0.003179304
-0.002744696
-0.002344657
-0.001555858
-0.0008780857
-0.0002313062
0.0002258785
5.990528e-05
-0.0003353708
-0.001549607
-0.002029467
-0.001792915
-0.001810406
-0.001854259
-0.001708277
-0.001624475
-0.001588937
-0.001516234
-0.00144517
-0.001362639
-0.0007192035
5.143354e-07
0.0001569009
0.000460445
0.0008211864
0.001508536
0.002187996
0.002717071
0.002757752
0.002654294
0.002768436
0.002615025
0.002371849
0.001923788
0.0008333082
0.0003353336
0.001157645
0.002402271
0.002080125
0.001912974
0.002143138
0.001941135
0.001600322
0.001130463
0.0005548796
0.001662656
0.002963848
0.002490052
0.002819313
0.00326842
0.002991488
0.00269774
0.001002279
0.0005691439
0.001268485
0.00160315
0.001775662
0.002188531
0.002337702
0.002326681
0.001538998
0.0004906545
-3.796935e-05
-0.0008628226
-0.001108328
-0.0003201877
-0.0002134518
-3.088784e-06
0.0005474403
0.001341613
0.001718787
0.001670783
0.001888508
0.001714127
0.001339255
0.001096806
0.0007684634
0.0005328962
0.00075346
0.0008739651
0.0009406413
0.001513698
0.002646383
0.003431928
0.003879225
0.003641801
0.003132897
0.002724753
0.002434165
0.002338471
0.002589472
0.002776913
0.003363095
0.003912068
0.003979545
0.004099201
0.004109611
0.004039554
0.0035571
0.002884546
0.002059055
0.001040971
0.001521549
0.001759039
0.001003541
0.0005522559
7.981433e-05
-0.0003028765
-0.0005724365
6.237202e-05
0.0006989945
0.0006467626
0.0009143779
0.00123018
0.001281317
0.001445926
0.001728305
0.001853237
0.00185816
0.00195815
0.001977386
0.001932489
0.001893812
0.001921594
0.002758822
0.003573916
0.003187075
0.003125071
0.003034919
0.002232212
0.001583259
0.001479484
0.001610965
0.001404085
0.001263856
0.0007016932
0.000340425
0.0005746952
0.0005630638
0.0006671812
0.0007489348
0.0005939264
0.0006158397
0.0005603778
-0.0002467472
-0.0008458601
-0.000587795
-0.0006530878
-0.0008873211
-0.0008548679
-0.000887189
-0.0008387286
-0.0006844008
-0.0005415373
0.0001299912
0.0006738298
0.0003751687
5.702629e-06
-0.000587703
-0.001090047
-0.001299827
-0.001192584
-0.001209324
-0.0007423219
-0.0002419548
-0.0002209157
-0.000401526
-0.0001806445
0.0001362131
-9.809051e-06
-0.000112776
-1.933432e-06
-3.890499e-05
-0.0001082149
-0.0001315035
-0.0002382372
-0.000628465
-0.0009556672
-0.001211869
-0.001492628
-0.001563004
-0.001464709
-0.001332485
-0.00121143
-0.0009983742
-0.0008018994
-0.0006183411
-0.0003857549
-0.0001514226
7.217551e-05
0.0003575982
0.0006555302
0.001065241
0.001684172
0.002008718
0.002048756
0.002058284
0.001991728
0.001403312
0.0005221348
0.000474077
0.0005333789
0.0008494127
0.001063522
0.0006332208
0.0001302286
-0.0001097291
-0.0005072124
-0.001255535
-0.00227772
-0.00272825
-0.002977523
-0.003186013
-0.003150021
-0.002936254
-0.001929701
-0.001182681
-0.0005684263
0.0002490725
0.001115002
0.00193119
0.001798573
0.000989882
0.0007582654
3.970154e-05
-0.000563862
-0.0003026839
-0.0003492523
-0.000496225
-0.0004262192
-0.000429981
-0.0002140259
0.0002827056
0.0002597033
0.0001416403
0.0001854768
-0.0004136365
-0.001244649
-0.002174244
-0.002188124
-0.002034535
-0.002329698
-0.001888044
-0.0007499361
-0.0001366509
0.0002386081
0.0008175891
0.001074163
2.909681e-05
-0.0007306806
-0.001234463
-0.002089066
-0.002711355
-0.002983402
-0.003194279
-0.002934875
-0.002701017
-0.002433903
-0.002067727
-0.001289094
-0.00048425
-0.0002271996
-0.0004116835
-9.464831e-05
0.0002000922
0.0003574485
0.0006536296
0.0008336803
0.0007510311
0.000770977
0.0009206842
0.001079318
0.001172049
0.001113333
0.001053165
0.001075346
0.001075207
0.001055982
0.001056564
0.001054647
0.001027885
0.0009650251
0.0008043109
0.0003416704
-3.808204e-05
-0.000223143
0.0001170068
0.0003592599
0.0004272729
4.61329e-05
-0.0004702708
-0.0003648804
-0.0003269558
-0.0007898608
-0.00116423
-0.001415086
-0.001945449
-0.00274007
-0.002879034
-0.002657212
-0.002859074
-0.002926231
-0.002892314
-0.002937218
-0.002937091
-0.002961651
-0.003239564
-0.003410152
-0.003292792
-0.002990807
-0.002063151
-0.001452
-0.001109757
-0.001372004
-0.001504238
-0.0008976631
-0.0003488212
-0.0002513923
-0.000132566
-1.039682e-05
-0.0002629928
-0.0004129775
-0.00059341
-0.0008602497
-0.0008065954
-0.0003586186
-6.920171e-05
-8.867123e-06
0.0001149011
0.0003000759
0.0007921502
0.001434928
0.0007352824
8.244608e-05
0.0005195839
0.001067981
0.0006373106
-0.0001219409
-1.613343e-05
-0.000170726
-0.0006125848
-0.000775022
-0.0006897935
-0.0006444792
-0.0004737355
-0.000317788
-0.0003392296
-2.069445e-05
0.000272726
0.0003975698
0.001067492
0.001594925
0.00120925
0.0009695841
0.001133325
0.001049013
0.001003533
0.001222891
0.001875806
0.002305439
0.002053974
0.002025133
0.002178421
0.00211116
0.002092752
0.002052122
0.001481853
0.001008642
0.0008123226
0.0004618203
0.0003680443
0.0004244292
0.000141263
-4.619137e-05
-0.0003172183
-0.001091162
-0.001642744
-0.001123736
-0.0004024806
-0.0005814611
-0.0008295624
-0.001362117
-0.001994634
-0.001716719
-0.001291091
-0.0003966217
0.0002295918
0.0002029824
0.0003942541
0.00044121
0.000242244
4.597125e-05
0.0001065068
0.0006391327
0.0009581752
0.001058066
0.0009984078
0.0009962676
0.0007593613
0.0005332524
0.0005701198
0.0006054213
0.0007031525
0.0008989236
0.0009634499
0.0009134142
0.0009014577
0.0008556366
0.0008374776
0.000854637
0.000842208
0.0008382912
0.0008424708
0.0008387879
0.0002579954
-0.001014717
-0.001061018
-0.0002733282
-0.0006191563
-0.001797582
-0.002629731
-0.003367937
-0.001415371
0.0002909254
0.0003612646
0.001014491
0.0005688395
-0.0002762458
-0.0008570498
-0.0014613
-0.0007112514
0.001130849
0.001692059
0.00247069
0.00337957
0.002996278
0.00143263
-0.0008778548
-0.002939554
-0.003181678
-0.003331752
-0.002668159
-0.001699711
-0.0008264788
2.572844e-05
-0.0004069051
-0.001647769
-0.003355613
-0.004545212
-0.004808409
-0.003646499
-0.001367045
-0.0009051966
0.0002877346
0.001345592
0.0008644493
0.0001497053
-0.0005485869
-0.001350645
-0.001033223
0.001014687
0.00193636
0.002664909
0.002275705
0.0005123639
0.0006262744
0.0003214856
-0.000675263
-0.001139406
-0.0008343622
0.0002267432
0.0006042562
0.0009008362
0.0008273534
4.466968e-05
-0.001351766
-0.002732296
-0.003152944
-0.002874158
-0.0006553547
-0.0001934537
0.0001890753
0.0002427249
-0.001431759
-0.001843786
-0.002500267
-0.003640743
-0.002435259
-0.0008178039
-0.0002081033
0.0008737024
0.0006472304
-0.0004577515
-0.0006922464
-0.0004627625
0.0003638269
0.0004058261
0.0001494994
0.0003534599
0.0003704571
6.934186e-05
-0.0004613812
-0.0006951644
-0.0007965561
-0.0005890298
-0.0003889824
-0.0005029033
-0.0004946652
-0.0004359197
-0.0004625981
-0.0004144735
3.506987e-05
0.001040786
0.001615247
0.001984394
0.00232367
0.001943187
0.001726648
0.001612649
0.001407915
0.001284083
0.001611503
0.001516797
0.001078824
0.001305136
0.001339757
0.001495225
0.00171962
0.001461267
0.001165915
0.0007584801
0.0002436028
9.704923e-05
0.00117211
0.002397461
0.002843966
0.003702471
0.004142504
0.003318433
0.002938397
0.002563082
0.002273938
0.002171924
0.002716346
0.002862325
0.002105634
0.001856122
0.001747269
0.001526274
0.001524547
0.001465927
0.001391876
0.001335771
0.00119933
0.001013503
0.0008653737
0.0007496746
0.0006139109
0.0002631438
-0.0001127581
-0.0005241869
-0.0003363406
0.0007086816
0.001072536
0.001157479
0.001494151
0.0009419991
0.0003924212
0.0001484234
-0.000183492
-0.0003003893
9.636677e-05
0.0003398491
0.000556196
0.0009294662
0.0002998209
-0.001363697
-0.001617132
-0.001620106
-0.001758831
-0.002068722
-0.002234963
-0.001981366
-0.001619514
-0.00153414
-0.001563833
-0.001069922
-0.0003940651
-5.212479e-05
-8.932253e-05
-4.277228e-05
0.0002399281
0.0002890069
0.0001645929
-0.0002894604
-0.0008704647
-0.001538141
-0.002178358
-0.002182967
-0.002069161
-0.001983687
-0.001390082
-0.0006656414
0.0002336531
0.0005697885
1.666388e-05
-0.0001860202
-0.0001621446
-0.0001720866
-0.0006155566
-0.001133868
-0.001700589
-0.002318471
-0.002453241
-0.002326601
-0.002949709
-0.003434305
-0.003401414
-0.003330866
-0.002914146
-0.002649415
-0.002410905
-0.002064022
-0.001734111
-0.001332195
-0.0005106324
7.415131e-05
0.0004031118
0.0008524392
0.0007809287
0.0007423328
0.0008497996
0.0007871482
0.0007097514
0.0007262694
0.0007382177
0.0008639515
0.001120895
0.0008456919
0.0002399766
-0.0006303186
-0.0008948669
-0.0005770014
-0.0007252157
-0.0005695654
-0.0002853034
1.545598e-05
0.0003636934
0.0004693573
0.000607885
0.0007012731
0.0006451175
0.0006723672
0.0007650571
0.0009344673
0.001020203
0.0006965422
0.0004752826
0.0006704788
0.000684414
0.001207401
0.001463367
0.001034819
0.0005908243
0.0002408714
0.0001653647
0.0004308756
0.0008766087
0.001027428
0.001136647
0.001252116
0.001175186
0.001136432
0.001134712
0.001131946
0.001124183
0.001119581
0.001117863
0.001048524
0.0007040863
0.0003093643
2.992565e-05
0.0003273645
0.0004875822
0.000260274
0.0003749276
0.0006897402
0.0006835581
0.000605008
0.0006712315
0.0006714411
0.0006502647
0.0003677065
-0.0001750152
-1.791344e-06
6.355021e-05
-7.923622e-05
7.104658e-05
0.0004621145
0.0008164476
0.001407337
0.001682579
0.001457727
0.001338647
0.001037755
0.0008454668
0.0009310799
0.0008454983
0.0005877384
0.0004603549
0.0004591066
0.0004473932
0.0001856755
-5.101377e-05
-0.0002129314
-0.0004763884
-0.0007402308
-0.0009566918
-0.001158861
-0.001275527
-0.001195704
-0.0009626032
-0.0006395277
-0.000541843
-0.0006204383
-0.0006776344
-0.0009284993
-0.0009697457
-0.0008720811
-0.0009237083
-0.0008057812
-0.0005457112
-0.0005775303
-0.0006640526
-0.0008294137
-0.001163699
-0.001277861
-0.001174362
-0.001206815
-0.001225451
-0.001186029
-0.001177463
-0.0008738046
-0.0002518631
1.843296e-05
0.0001875677
-0.0004567195
-0.001065887
-0.001082776
-0.0007866075
-0.0008121521
-0.001043046
-0.001180919
-0.000919469
-0.0002813576
-0.0005894755
-0.001489845
-0.001356057
-0.0008302201
-0.0008227583
-0.0008650784
-0.0008027542
-0.0006197976
-0.0003540671
-0.0002795566
-0.0001863724
-0.0001782593
-0.0001806056
-0.0001535586
-0.0001627951
-0.0001985011
-0.000169365
0.0004023363
0.001472021
0.001382766
0.001186476
0.001209547
0.0009195892
0.0004864079
0.0004442958
0.0003612953
0.0003169509
0.0003520322
0.0005301157
0.0008619228
0.001079893
0.001450472
0.001554506
0.001402575
0.002033178
0.002322361
0.002024992
0.00138273
0.001213166
0.00103213
0.0009584506
0.000716016
0.0005245475
0.0005295408
0.000980465
0.00147281
0.001639819
0.001269196
0.001160871
0.001172182
0.001107906
0.0005483654
-0.0002854505
-0.000689184
-0.000854464
-0.0007790498
-0.0007493756
-0.0006143344
-0.0003506196
0.0004919865
0.0004332207
-0.000239077
-2.37945e-05
0.0008007361
0.001888168
0.002736948
0.003030627
0.001933498
0.0007580108
0.000100249
-0.0007461234
-0.000291165
0.0002499456
0.0003594064
0.0002690346
0.0004673731
0.0005905471
-0.0001107155
-0.001200352
-0.001416008
-0.001442228
-0.001641924
-0.001752213
-0.001835968
-0.002146915
-0.002321288
-0.002302935
-0.002237349
-0.002191503
-0.001721723
-0.00128388
-0.0009516765
-0.000346971
-1.830356e-05
-0.0007524586
-0.0006786427
-0.0004339404
-0.0006053443
-0.0004423093
-0.0004433257
-0.0008311116
-0.0006890699
-0.0002724856
0.0001066288
0.0002763286
0.0001562324
0.0002167466
6.706527e-05
-0.0001095661
0.0003416166
0.0002951122
0.0005260822
0.0009297751
0.0007172327
0.0004226159
0.0002879215
0.0002614702
0.0007392081
0.001231439
0.001305355
0.0006382378
0.0005065934
0.0004735876
0.0003698912
0.000193102
3.621035e-06
0.0001062673
0.0002201221
0.0003504926
0.0005023496
0.0006389309
0.0006108333
0.0007838902
0.0006764969
7.504443e-05
5.259692e-05
0.0002667711
0.0003803061
0.0004738737
0.0003966548
7.489153e-05
0.0001737287
0.0002823944
4.81673e-05
-0.0001637193
-0.0003748093
-0.0004514594
0.0001781713
0.0005871849
0.0006956642
0.0004819229
-0.0001377243
-0.0002564095
-0.0004271646
-0.0006828993
-0.0007791776
-0.0003975609
-8.841009e-05
-1.975866e-05
-0.0001393956
-0.0001120908
2.142032e-06
3.125642e-06
-5.156559e-05
-0.0001947318
-0.0003635561
-0.0005190438
-0.0005835548
-0.0006078472
-0.0007458779
-0.0006324551
-0.0003609194
-0.0004153209
-0.0003555927
-0.0003596999
-0.0005476817
-0.0005824488
-0.0006090678
-0.0006118941
-0.0005246284
-0.0004604512
-0.000372291
-0.000295316
-0.0002346657
-0.0002288948
-0.0002411613
-0.0002490423
-0.0002749357
-0.0002616582
-0.0002468234
-0.0002724372
-0.0003222508
-0.0003197321
-0.0002482109
-0.0002108535
-0.0001908076
-0.0001619587
-0.0002199986
-0.0003151394
-0.0002992756
-0.0002405362
-0.0002397101
-0.0002165302
-0.0001831816
-0.0001630466
-0.0001357663
-0.0001124397
-0.0001462479
-0.0001672074
-8.536312e-05
-3.882972e-05
-2.011797e-05
1.813968e-05
3.774616e-05
4.517824e-05
2.584841e-05
3.84182e-06
-1.394758e-05
-5.27754e-05
-0.0001353869
-0.0001540806
-5.627819e-05
-1.335465e-05
-1.308679e-05
1.007254e-05
3.454033e-05
3.715834e-05
3.238377e-05
1.057894e-05
1.214475e-05
4.997017e-05
6.19636e-05
7.455497e-05
9.454998e-05
0.0001074685
0.0001193517
0.0001216152
0.0001041366
9.055643e-05
7.846323e-05
7.914613e-05
7.996512e-05
6.626444e-05
5.561685e-05
5.848702e-05
6.098619e-05
5.462081e-05
4.970005e-05
3.94031e-05
3.027226e-05
4.774736e-05
6.699579e-05
7.074946e-05
6.956549e-05
7.157824e-05
7.209098e-05
7.268e-05
7.380721e-05
7.437178e-05
7.522085e-05
7.78813e-05
8.094466e-05
8.353453e-05
8.814482e-05
9.130545e-05
8.955701e-05
8.798316e-05
8.855774e-05
8.761723e-05
8.666193e-05
8.616954e-05
8.340673e-05
7.824357e-05
7.669567e-05
7.610709e-05
7.582604e-05
7.854468e-05
7.953128e-05
7.804333e-05
7.63733e-05
7.546544e-05
7.354547e-05
7.183801e-05
7.065588e-05
6.967595e-05
6.880796e-05
6.855933e-05
6.830763e-05
6.859109e-05
6.942345e-05
7.125401e-05
7.24258e-05
7.147808e-05
7.07655e-05
7.040849e-05
6.948738e-05
6.82821e-05
6.696354e-05
6.571756e-05
6.411876e-05
6.253418e-05
6.152904e-05
6.034505e-05
5.895688e-05
5.774496e-05
5.648942e-05
5.523788e-05
5.435286e-05
5.329609e-05
5.180094e-05
5.040188e-05
4.907388e-05
4.764569e-05
4.623275e-05
4.483154e-05
4.341255e-05
4.199241e-05
4.057004e-05
3.914081e-05
3.770746e-05
3.626912e-05
3.482582e-05
3.338385e-05
3.193943e-05
3.048101e-05
2.901095e-05
2.753932e-05
2.606924e-05
2.458875e-05
2.309617e-05
2.160177e-05
2.010583e-05
1.859945e-05
1.708501e-05
1.556452e-05
1.40332e-05
1.25052e-05
1.098754e-05
9.456674e-06
7.915894e-06
6.373182e-06
4.824228e-06
3.267259e-06
1.706017e-06
1.428706e-07
-1.428867e-06
-3.00011e-06
-4.571066e-06
-6.14826e-06
-7.729263e-06
-9.311909e-06
-1.089539e-05
-1.248062e-05
-1.406867e-05
-1.565808e-05
-1.724914e-05
-1.884253e-05
-2.043806e-05
-2.203388e-05
-2.363007e-05
-2.522702e-05
-2.682423e-05
-2.842138e-05
-3.001825e-05
-3.161467e-05
-3.321047e-05
-3.480539e-05
-3.639916e-05
-3.799156e-05
-3.958232e-05
-4.117119e-05
-4.275792e-05
-4.434226e-05
-4.592397e-05
-4.750281e-05
-4.907853e-05
-5.06509e-05
-5.221969e-05
-5.378466e-05
-5.534558e-05
-5.690223e-05
