0.001349503
0.001346115
0.001342458
0.001338692
0.001334261
0.001329401
0.001324138
0.001319076
0.001314958
0.001312362
0.001311358
0.001311396
0.001308773
0.001304882
0.001298239
0.001289682
0.001289483
0.001292133
0.001291604
0.001296048
0.00130594
0.001315243
0.001323222
0.001323835
0.001324939
0.001329025
0.001333078
0.001333913
0.001325782
0.001307517
0.001286176
0.001268702
0.001256681
0.001239144
0.001218195
0.001206224
0.00118491
0.001158598
0.001146154
0.001123183
0.001079244
0.001030267
0.0009890832
0.0009622741
0.0009335128
0.000909145
0.0009215801
0.0009753169
0.001040872
0.00109208
0.001128384
0.001186901
0.001249425
0.001311259
0.001362539
0.001370647
0.00137255
0.001365857
0.001330899
0.001268432
0.0012043
0.00108983
0.0009547428
0.00085508
0.0007180332
0.0006119369
0.0004652796
0.0002772899
0.0001575139
2.920243e-05
1.231728e-06
0.0001368511
0.0002711387
0.0003995459
0.0005712169
0.0007832294
0.001024524
0.0009933062
0.0006597938
0.0002184036
-0.0001772386
-0.0005004018
-0.0007413034
-0.0008362954
-0.0007219028
-0.0004531966
-0.0001446037
5.412977e-05
0.000216679
0.00022845
0.0003187173
0.0004991678
0.0005870561
0.0005898774
0.000754414
0.0009309524
0.001176523
0.001405168
0.001689663
0.002123891
0.002411002
0.00266925
0.002706334
0.00250554
0.002175766
0.001867666
0.001562439
0.001215391
0.0008981966
0.0005681238
0.0002724786
-4.2752e-05
-0.0001548504
-0.0001358602
-0.0002356035
-0.0005439466
-0.001039184
-0.001495256
-0.001944121
-0.002325606
-0.002613969
-0.002718073
-0.002173174
-0.00115823
-0.0003685365
0.0002550854
0.001137413
0.002397839
0.003653539
0.004624898
0.005072482
0.004954106
0.004392818
0.003414194
0.002256651
0.000718747
-0.001023244
-0.002546324
-0.003688594
-0.004699095
-0.005500779
-0.005634897
-0.005076661
-0.004230685
-0.003261919
-0.002309148
-0.001588108
-0.0007928212
-2.128318e-05
0.0007487205
0.001590885
0.002425338
0.003077782
0.003341309
0.003118307
0.002169414
0.001260085
0.001253463
0.001966158
0.002757778
0.003204984
0.00262859
0.001655244
0.000823663
0.0001449239
-0.0003325109
-0.001186351
-0.00220681
-0.003241048
-0.004112366
-0.004505971
-0.004247087
-0.003626915
-0.002851213
-0.002181048
-0.001605814
-0.00148064
-0.001253225
-0.0007815413
-0.0002245516
0.0005697224
0.0009980056
0.0006441745
-0.0002120383
-0.001387817
-0.002655236
-0.00444876
-0.006630337
-0.008800583
-0.01071726
-0.01198119
-0.01226339
-0.01137734
-0.01017137
-0.007925958
-0.004754875
-0.0005758223
0.004432584
0.009280938
0.01357207
0.01749658
0.02062524
0.02207675
0.02108689
0.01865045
0.01610618
0.01350302
0.01074747
0.007711738
0.004407267
0.0006646004
-0.002654677
-0.005634084
-0.007997898
-0.009777064
-0.01063213
-0.01051434
-0.009509374
-0.008343149
-0.007585863
-0.006538619
-0.005205401
-0.003724156
-0.001886506
0.0006946145
0.003682373
0.007104356
0.01058586
0.01325266
0.01555298
0.01692253
0.01663274
0.01499396
0.01198613
0.00812831
0.003652875
-0.0008494151
-0.004736646
-0.007533132
-0.009786042
-0.0120197
-0.01439288
-0.01729958
-0.02022501
-0.02253428
-0.02361906
-0.02314763
-0.02124652
-0.01805986
-0.01369212
-0.008362261
-0.003506865
-0.0001092498
0.002182321
0.003532573
0.003562182
0.002559789
0.001048085
-0.000799607
-0.002752062
-0.004034382
-0.004826221
-0.005662954
-0.005942019
-0.005743573
-0.005122542
-0.0041459
-0.003535927
-0.003683269
-0.003892973
-0.003995501
-0.003850331
-0.003034858
-0.001246669
0.001275606
0.004594361
0.00833605
0.01156215
0.01385698
0.01386493
0.01133547
0.007895041
0.004886726
0.001772382
-0.001207622
-0.003453273
-0.00486175
-0.006281241
-0.006892063
-0.007346283
-0.008420238
-0.00972208
-0.01115192
-0.01273293
-0.0129439
-0.01084381
-0.007113263
-0.002329923
0.002907892
0.009111265
0.01444639
0.01836867
0.02109229
0.02254949
0.02203382
0.01982208
0.0175877
0.01514964
0.01229791
0.008786363
0.004698884
0.0007381699
-0.002951578
-0.005858278
-0.00835119
-0.01096388
-0.01383329
-0.01698623
-0.01952943
-0.01972052
-0.01772895
-0.0147452
-0.01197363
-0.009510253
-0.007400493
-0.005892026
-0.0047928
-0.003370337
-0.002311226
-0.00169279
-0.001886021
-0.002462672
-0.002983608
-0.004300664
-0.006113314
-0.00738457
-0.007259631
-0.006308324
-0.004670894
-0.002884208
-0.001716571
-0.001208603
-0.001551679
-0.002518365
-0.004004947
-0.005225162
-0.005504405
-0.005178757
-0.003993925
-0.002869011
-0.001859863
-0.00098382
-4.821071e-05
0.0008601753
0.001803288
0.001821706
0.0007191892
-0.001004973
-0.003430842
-0.006493245
-0.009104288
-0.01030055
-0.009472451
-0.007256156
-0.005086668
-0.003795313
-0.002073887
-0.0004899823
0.0005630667
0.0006467939
0.0005626794
0.0008267429
0.001426319
0.002296126
0.002912628
0.003286012
0.003130166
0.003167083
0.003759947
0.004998632
0.006554064
0.008393216
0.01060979
0.01282241
0.01444576
0.01576642
0.01684257
0.01732599
0.01712282
0.01654655
0.01563232
0.01480991
0.01397393
0.01238995
0.01031833
0.007336676
0.003500859
-0.0002373449
-0.00500113
-0.009535243
-0.01368847
-0.01706913
-0.01969925
-0.02161106
-0.02355249
-0.02521354
-0.02656406
-0.02730063
-0.02705284
-0.02619341
-0.02476649
-0.02293878
-0.02042826
-0.01734062
-0.01368305
-0.009646318
-0.005962255
-0.002752373
0.0002490441
0.002894888
0.005479543
0.006861064
0.007262245
0.006515596
0.005179367
0.004739554
0.005917084
0.00864372
0.01225532
0.01478097
0.01502913
0.0139127
0.01200773
0.009606762
0.007727403
0.006060345
0.003374808
0.001163468
0.0004865045
0.00176083
0.004344152
0.006688588
0.007220846
0.005338895
0.002152027
-0.0006207866
-0.002761585
-0.004582021
-0.004757086
-0.002554492
0.001463126
0.005329637
0.008523787
0.01123513
0.01356866
0.0145241
0.01299635
0.00878261
0.00282899
-0.003379908
-0.009180809
-0.01322095
-0.01478659
-0.01327669
-0.009128789
-0.004351311
0.000260043
0.00453763
0.008043221
0.0104974
0.01185074
0.01265229
0.01236023
0.01094577
0.00920335
0.00773989
0.007128271
0.007067279
0.008020632
0.009022634
0.008249056
0.00634619
0.004103828
0.002387957
0.001424768
0.00181538
0.002886461
0.004046191
0.004693659
0.004669468
0.003539991
0.001342898
-0.001213178
-0.004995279
-0.009979064
-0.0157976
-0.02077626
-0.02411585
-0.02704063
-0.02843401
-0.02756329
-0.02491598
-0.02168934
-0.01816253
-0.01469054
-0.01183781
-0.009256306
-0.0077194
-0.008027637
-0.009631071
-0.01121099
-0.01133539
-0.00985096
-0.007932857
-0.005757493
-0.003219407
-0.0005495244
0.002456425
0.00582864
0.008934372
0.01059022
0.01076346
0.00950209
0.007169736
0.004337928
0.001828232
0.0002777829
2.189916e-05
0.0006076004
0.001465424
0.002268524
0.002191335
0.002509379
0.003464702
0.004445033
0.0053482
0.006675999
0.007950581
0.009073677
0.01026792
0.01161167
0.01224919
0.01259918
0.01218246
0.01101962
0.009364428
0.00739081
0.006580879
0.006880417
0.007055204
0.006826459
0.00604531
0.004564741
0.002663646
-3.209068e-05
-0.003564159
-0.007407752
-0.01068186
-0.01296885
-0.01462377
-0.01571584
-0.0163671
-0.01670535
-0.01744735
-0.01881234
-0.02011918
-0.02071234
-0.02063152
-0.01976207
-0.01794231
-0.01541556
-0.01214821
-0.00841029
-0.004546256
-0.0005477725
0.003970201
0.008954439
0.0131777
0.01666425
0.0195549
0.02072499
0.02024546
0.01885742
0.01704246
0.01522784
0.01355161
0.01228958
0.01083532
0.008842253
0.005622085
0.001379418
-0.00296164
-0.007453354
-0.01210619
-0.01645885
-0.02023114
-0.02319237
-0.02500837
-0.0257123
-0.02434302
-0.02130975
-0.01719826
-0.01216773
-0.007303318
-0.002824144
0.0004230311
0.001649785
0.001534737
0.0002838629
-0.001714754
-0.004563803
-0.007486967
-0.009864158
-0.01091108
-0.01011435
-0.008320648
-0.007068107
-0.007169736
-0.009312454
-0.01184651
-0.01250487
-0.01111915
-0.008705108
-0.00584851
-0.002961608
-0.0002692634
0.001703456
0.00211471
0.0006469422
-0.00208978
-0.004870055
-0.007608402
-0.01019185
-0.01195119
-0.01201529
-0.009339245
-0.005541262
-0.003023598
-0.002901281
-0.004295436
-0.005561553
-0.00661531
-0.007843782
-0.008638992
-0.008763236
-0.007539576
-0.005553807
-0.004060276
-0.002460838
-0.0007255422
0.0005662767
0.001563316
0.002514565
0.003436679
0.003386879
0.002316777
0.000821238
-0.0002718431
-0.001725633
-0.003142322
-0.004620463
-0.005880476
-0.006078196
-0.005542874
-0.004167874
-0.002849356
-0.001591617
-5.870267e-05
0.001920622
0.004289733
0.006749825
0.009914964
0.01382408
0.01756331
0.0208767
0.02391817
0.02599001
0.02692492
0.02678112
0.02569883
0.02341738
0.02016083
0.01606543
0.01127317
0.006271375
0.00191392
-0.00166107
-0.004483976
-0.006450105
-0.007764425
-0.009327232
-0.01037677
-0.01128868
-0.01163621
-0.01157646
-0.0114683
-0.01121241
-0.01089374
-0.01073158
-0.01058859
-0.009747504
-0.008183543
-0.006710943
-0.005793142
-0.005742898
-0.00663863
-0.008440463
-0.01079993
-0.01332407
-0.01533744
-0.01677534
-0.01819294
-0.01974217
-0.02106853
-0.02156055
-0.02082836
-0.01921031
-0.01672518
-0.01289699
-0.008222232
-0.003327487
0.001482455
0.005853817
0.009138207
0.01085831
0.01071657
0.0088005
0.006232697
0.004108813
0.002920788
0.002669508
0.003133614
0.005012731
0.008037969
0.0115545
0.01509285
0.01778321
0.01963636
0.02093387
0.02108842
0.02028234
0.01826013
0.0153242
0.01262643
0.0107079
0.009984512
0.01036148
0.01160984
0.01259099
0.01218635
0.01017964
0.007581114
0.004764499
0.0008099329
-0.004269725
-0.008891995
-0.01134502
-0.01214883
-0.01094283
-0.007876225
-0.003592231
0.001426139
0.005443659
0.007545311
0.007864778
0.006310522
0.00337682
0.00020699
-0.002745622
-0.004941463
-0.006586952
-0.007665428
-0.007961658
-0.008422998
-0.009354962
-0.01032463
-0.01100066
-0.01203451
-0.01356262
-0.01457891
-0.01566427
-0.01662698
-0.01768467
-0.01780956
-0.01715621
-0.01597479
-0.014464
-0.01286539
-0.01097676
-0.008727036
-0.006435326
-0.005322903
-0.005541515
-0.006358631
-0.0072987
-0.008813213
-0.01043403
-0.01176454
-0.01274259
-0.01330851
-0.01384508
-0.01427728
-0.01383689
-0.01283778
-0.01162383
-0.01016918
-0.007947215
-0.004578474
-0.000387028
0.004153184
0.008093473
0.01056336
0.01207327
0.01259391
0.01224052
0.01139408
0.01012615
0.008801825
0.007872517
0.007745275
0.008517852
0.009993377
0.01172278
0.01326887
0.0141881
0.01470326
0.01447326
0.01366462
0.01216974
0.01028937
0.008044172
0.00524804
0.001890827
-0.001352084
-0.003482643
-0.004665227
-0.005022653
-0.004437848
-0.002518152
0.0002668122
0.003345296
0.006706602
0.009895113
0.01226535
0.01307198
0.01153112
0.008237055
0.003458547
-0.002834511
-0.009880546
-0.01673344
-0.02271325
-0.02689813
-0.02886968
-0.02886538
-0.02714458
-0.02456179
-0.02156536
-0.01877358
-0.0159265
-0.01342667
-0.01206762
-0.01100625
-0.01018845
-0.009535158
-0.008351976
-0.006524863
-0.005246213
-0.004561528
-0.006128043
-0.01078039
-0.0173912
-0.02480743
-0.03207676
-0.03848742
-0.04367256
-0.04594459
-0.04402941
-0.03864168
-0.03188605
-0.02424658
-0.016513
-0.00932412
-0.003515966
0.0008342456
0.00499022
0.00849092
0.01137203
0.01315925
0.01305854
0.01140255
0.009067425
0.006996639
0.004813633
0.002169448
0.0003710988
0.0003337761
0.001763344
0.003498617
0.004975308
0.005949881
0.007052605
0.007352455
0.006640841
0.004653378
0.001007561
-0.002961168
-0.005925241
-0.007355032
-0.006772852
-0.003171227
0.003091189
0.01026471
0.01674849
0.0217748
0.02466295
0.02577014
0.02575649
0.02508674
0.02297108
0.01935299
0.01473232
0.009965702
0.00603107
0.002916429
0.0009332616
-0.0002576624
-0.001614481
-0.002591153
-0.004031689
-0.005828926
-0.008088857
-0.01078318
-0.0129876
-0.01416532
-0.01416638
-0.01298862
-0.0116199
-0.01024279
-0.008629421
-0.006979143
-0.006006391
-0.006255612
-0.008083971
-0.01113394
-0.0148716
-0.01819583
-0.02072556
-0.0221012
-0.02301301
-0.02265973
-0.02144146
-0.0195442
-0.01731986
-0.01548608
-0.01416288
-0.01274381
-0.01130714
-0.01043126
-0.0105897
-0.01181244
-0.01384046
-0.0158737
-0.01791579
-0.01870269
-0.01800894
-0.01638929
-0.01423109
-0.01255513
-0.01082536
-0.009173004
-0.00819263
-0.007263165
-0.006950571
-0.006259505
-0.005120457
-0.004285564
-0.002891296
-0.000895034
0.000583936
0.001666996
0.002228824
0.002158787
0.002119128
0.002336166
0.002911893
0.0037432
0.004418873
0.004902504
0.004842529
0.004653068
0.00448839
0.004498532
0.005285286
0.007440422
0.0110723
0.01607406
0.02166711
0.02687175
0.0305074
0.03155559
0.02995822
0.02525679
0.01810257
0.009872615
0.001171125
-0.007626749
-0.01416777
-0.01783803
-0.01891015
-0.01738483
-0.01396409
-0.009251838
-0.003636906
0.002777325
0.009363026
0.01599625
0.02130121
0.02515583
0.02671126
0.02510633
0.02052161
0.01374647
0.005984883
-0.001299865
-0.007420583
-0.01176438
-0.0141602
-0.0160272
-0.01702902
-0.01729549
-0.01715963
-0.01621326
-0.01439876
-0.01236326
-0.009728287
-0.0072486
-0.004992066
-0.002515243
0.0006551562
0.003653858
0.006132472
0.007944141
0.009318916
0.01040367
0.01200571
0.01330245
0.01343706
0.01212326
0.00998135
0.006989074
0.003013715
-0.001505725
-0.005113352
-0.007683968
-0.00974299
-0.01120547
-0.01279033
-0.01392312
-0.01474543
-0.01555247
-0.01556279
-0.01468596
-0.01293392
-0.01024585
-0.006787592
-0.00298776
0.0002877492
0.002030549
0.002768528
0.002900326
0.001838476
-6.306706e-05
-0.001914048
-0.003381413
-0.00433733
-0.003921486
-0.001520815
0.002065405
0.006262232
0.01011552
0.0132218
0.0154048
0.0169219
0.01776675
0.01771947
0.01668381
0.01563625
0.0147398
0.01370272
0.01306248
0.01233899
0.01150506
0.01099037
0.01066692
0.01078252
0.0106735
0.009849754
0.008194295
0.006188072
0.004198594
0.002502826
0.001014187
0.0003941096
0.001343322
0.002304351
0.001993959
0.0005269517
-0.001437363
-0.003734546
-0.006423854
-0.01006718
-0.01376984
-0.01663716
-0.01866143
-0.01960923
-0.01931324
-0.01739463
-0.01429795
-0.01020189
-0.004893622
0.0006160842
0.005932895
0.01089956
0.01518045
0.01865243
0.02091586
0.02174837
0.02097689
0.01921426
0.0170894
0.01573141
0.01575422
0.01781854
0.02113384
0.02588121
0.0319025
0.03840544
0.04469461
0.05081282
0.0567339
0.06181908
0.06633724
0.0696503
0.0716365
0.07223996
0.07139849
0.06927997
0.06614781
0.06269831
0.05914318
0.05494705
0.05014887
0.0447511
0.03909497
0.03301002
0.02600888
0.01759086
0.007735792
-0.002938221
-0.01429275
-0.02554654
-0.03548797
-0.04307071
-0.04856985
-0.05174618
-0.05259333
-0.05183005
-0.04954573
-0.04557864
-0.03966733
-0.03134551
-0.02263348
-0.01372741
-0.004654339
0.00424149
0.01217334
0.01888922
0.02523647
0.03089627
0.03579224
0.03977313
0.04181957
0.04221511
0.04111913
0.03902181
0.03657928
0.03347854
0.02884881
0.02234368
0.01451193
0.006168207
-0.000677436
-0.008518811
-0.01388871
-0.01759458
-0.01941981
-0.01828788
-0.01443674
-0.009329419
-0.003644041
0.002689954
0.009444178
0.01655084
0.0237336
0.03035611
0.03551874
0.03888625
0.0393937
0.03665573
0.03179177
0.02634884
0.02061515
0.01526862
0.01023093
0.005421561
0.000800542
-0.004106692
-0.009283496
-0.01391289
-0.01822991
-0.02217468
-0.02639009
-0.03011984
-0.03350108
-0.03695527
-0.04087069
-0.04482953
-0.04809678
-0.05128917
-0.05479261
-0.05857349
-0.06181554
-0.06446354
-0.06691549
-0.06878377
-0.06890371
-0.06695293
-0.06411339
-0.0624843
-0.06449498
-0.07166585
-0.082039
-0.09373055
-0.1056136
-0.1154251
-0.1250174
-0.1350779
-0.1438275
-0.1495553
-0.1508392
-0.1480022
-0.141727
-0.1316377
-0.1176509
-0.09968283
-0.07856697
-0.05461419
-0.03017571
-0.007213933
0.01479227
0.03650692
0.05707273
0.07490838
0.08994281
0.1031783
0.1131616
0.1206332
0.1256465
0.1292792
0.1312633
0.1307448
0.1273094
0.1213043
0.1136106
0.1058119
0.09999188
0.09696641
0.09594876
0.09570425
0.09510542
0.09323743
0.08963995
0.08420248
0.07557148
0.06125877
0.04115872
0.01850025
-0.004883925
-0.02772128
-0.04776181
-0.06155154
-0.06807472
-0.0712132
-0.07162714
-0.0700135
-0.0678969
-0.06558177
-0.06318181
-0.06122572
-0.0604712
-0.06103991
-0.06255387
-0.06568082
-0.07026175
-0.0765095
-0.08416207
-0.09204333
-0.09940427
-0.1037941
-0.1043386
-0.09969631
-0.08974972
-0.07302347
-0.04784901
-0.01532084
0.02108819
0.0575874
0.09207056
0.1222188
0.1490103
0.1736362
0.1954756
0.2127774
0.2217485
0.219664
0.2071597
0.1891687
0.1657438
0.1379773
0.1047936
0.06522564
0.02332162
-0.01565697
-0.04507955
-0.06026966
-0.06099799
-0.04614079
-0.02245556
0.005614557
0.03898108
0.07523838
0.1105428
0.1432238
0.1714047
0.1935851
0.2088523
0.2171191
0.2206252
0.2209487
0.2187671
0.2143966
0.2080828
0.2000898
0.1899432
0.178006
0.1658457
0.1556287
0.1486445
0.1433996
0.1371985
0.1269095
0.1094598
0.08394199
0.05213316
0.01771691
-0.01355127
-0.03996745
-0.06105422
-0.07929698
-0.09580776
-0.1111965
-0.1251173
-0.1354928
-0.1417768
-0.1452858
-0.1462227
-0.1451712
-0.1410742
-0.1337093
-0.1227581
-0.106014
-0.08585288
-0.06442343
-0.04064006
-0.01440198
0.01280362
0.03980653
0.06688983
0.08917926
0.1054031
0.117075
0.1248524
0.1290367
0.1320527
0.134616
0.1367434
0.1379542
0.1371596
0.1337956
0.1278608
0.1210915
0.1164403
0.1173607
0.1242138
0.1333276
0.1425191
0.1501975
0.1549942
0.1581615
0.1590131
0.1580851
0.1548608
0.1483046
0.1369091
0.1191961
0.09655414
0.07043539
0.04208213
0.01494204
-0.008328791
-0.02905562
-0.04846666
-0.06685905
-0.084393
-0.1004319
-0.1133811
-0.1233708
-0.1309877
-0.1357503
-0.1381372
-0.1399958
-0.1416721
-0.1429999
-0.1437234
-0.1436623
-0.1431944
-0.1424374
-0.1413814
-0.1397204
-0.1383869
-0.1372705
-0.1356463
-0.1324771
-0.1266598
-0.1171816
-0.102324
-0.08179878
-0.05550029
-0.02495859
0.00693245
0.03762208
0.06525002
0.08961625
0.1096986
0.1268485
0.1413611
0.1526623
0.1604789
0.1649557
0.1651556
0.1607366
0.1506324
0.1328898
0.1067333
0.07756367
0.05331235
0.0370881
0.02635359
0.01987691
0.01524843
0.0127608
0.01260046
0.01563201
0.02143481
0.0290194
0.03735883
0.04549838
0.05203459
0.05630477
0.05697752
0.05549669
0.05285348
0.04997175
0.04749261
0.04483725
0.0419691
0.03953341
0.03865138
0.04009965
0.0439551
0.04940258
0.05576466
0.06228775
0.06782487
0.0717141
0.07375682
0.07403361
0.07186146
0.06717739
0.05994167
0.04895751
0.03260448
0.01236776
-0.01152478
-0.03907441
-0.06511729
-0.08685161
-0.1066191
-0.1258358
-0.1444584
-0.1632249
-0.1812722
-0.1980012
-0.2132133
-0.2280072
-0.2418115
-0.25033
-0.2547291
-0.2580975
-0.2604745
-0.261296
-0.2602288
-0.2560669
-0.2481062
-0.2352225
-0.2192971
-0.2021187
-0.1831158
-0.1613292
-0.1352094
-0.1042455
-0.0721246
-0.04175003
-0.01570113
0.006537653
0.02662922
0.04322676
0.05642544
0.06514242
0.06662809
0.05871811
0.04482506
0.02637494
0.004281792
-0.019937
-0.04234739
-0.05873913
-0.07072539
-0.07799978
-0.08222271
-0.08409276
-0.08308963
-0.08047601
-0.07632582
-0.06985364
-0.06109637
-0.05117221
-0.04154489
-0.03265586
-0.02625388
-0.02265675
-0.02084152
-0.0196009
-0.01827872
-0.01693404
-0.01586763
-0.01552852
-0.01550041
-0.01585885
-0.01666659
-0.01719037
-0.01815401
-0.02015106
-0.02266813
-0.02663429
-0.03224042
-0.0394316
-0.04731704
-0.05451095
-0.06042275
-0.06424382
-0.06300091
-0.0548447
-0.04091962
-0.0232284
-0.005049629
0.009726141
0.0208851
0.03124309
0.04281243
0.05507338
0.06701331
0.07896044
0.08805772
0.0912565
0.08878805
0.07999247
0.06372101
0.04158797
0.01555161
-0.01203443
-0.03655496
-0.05569523
-0.06991961
-0.07844852
-0.08028357
-0.07595442
-0.06744263
-0.05353854
-0.03460917
-0.01277355
0.01006747
0.03196257
0.05216781
0.06985679
0.08445634
0.09613579
0.1046259
0.1114244
0.1153879
0.1159842
0.1127526
0.1057
0.09611121
0.0859844
0.07663613
0.06946805
0.06539831
0.06452891
0.06595366
0.06899595
0.07201938
0.07437742
0.07625607
0.07752204
0.07837043
0.07917084
0.08017317
0.08188468
0.08361159
0.08458131
0.0845636
0.08400957
0.08251088
0.07986448
0.07718554
0.07430318
0.07063684
0.065785
0.05930577
0.05101285
0.04136819
0.03184489
0.02226665
0.01192298
-0.0001683736
-0.01243167
-0.02123367
-0.02715874
-0.03068961
-0.03298084
-0.03345201
-0.03230555
-0.02969948
-0.02554096
-0.01973628
-0.01180949
-0.001312611
0.01083652
0.02442517
0.03880408
0.05407205
0.067557
0.07554905
0.07950435
0.08226244
0.08391049
0.08421979
0.08388788
0.08272594
0.07991385
0.07385973
0.06432814
0.05240752
0.03962383
0.02357506
0.00805344
-0.005215984
-0.01545426
-0.02132474
-0.02535822
-0.02873035
-0.03251344
-0.03686255
-0.04080534
-0.04252347
-0.04115263
-0.03677927
-0.03135887
-0.02669357
-0.02452171
-0.0255086
-0.02838174
-0.03156608
-0.03447233
-0.03801312
-0.04240769
-0.04683242
-0.05116675
-0.05460691
-0.05694447
-0.05849934
-0.05951151
-0.06075324
-0.06279975
-0.06534021
-0.06749934
-0.06951284
-0.0723552
-0.0763139
-0.08171294
-0.08792446
-0.09429525
-0.09898467
-0.1024533
-0.1045963
-0.105476
-0.1051147
-0.1043847
-0.1035898
-0.1022537
-0.1007518
-0.0993982
-0.09878015
-0.09944485
-0.1012332
-0.1034178
-0.1057881
-0.1075128
-0.1082431
-0.1083753
-0.1080592
-0.1073815
-0.1060676
-0.1030606
-0.09834125
-0.09101623
-0.08037373
-0.06677483
-0.0524104
-0.0378575
-0.02329805
-0.009169105
0.004948441
0.01888718
0.03117755
0.0429079
0.05332918
0.06173971
0.06864223
0.07314508
0.07397433
0.07185343
0.06885676
0.06681883
0.06671489
0.06887508
0.07192097
0.07468864
0.07674295
0.077497
0.07648062
0.07461501
0.07417785
0.07626017
0.08004758
0.08347428
0.08612295
0.08729645
0.08587097
0.08204136
0.07767656
0.07365354
0.07005567
0.06723331
0.06506282
0.06308716
0.0617606
0.06063145
0.05908391
0.05672921
0.05367788
0.04963451
0.04484469
0.04036906
0.03585521
0.03163171
0.0280705
0.02503668
0.02245752
0.0209764
0.02119239
0.02283263
0.02471829
0.02641991
0.02800355
0.03034201
0.03346527
0.03692089
0.0406492
0.04521035
0.05030967
0.05543333
0.059914
0.06353549
0.06572126
0.06545263
0.06166321
0.05467342
0.04428883
0.02997142
0.01414634
-0.002768605
-0.01890762
-0.03144208
-0.04037664
-0.04724976
-0.05195377
-0.05492059
-0.05661381
-0.05610943
-0.05399813
-0.05178261
-0.04967235
-0.04859609
-0.04885367
-0.05012279
-0.05239026
-0.05513992
-0.0588877
-0.06325954
-0.06798219
-0.07196134
-0.07475437
-0.07615275
-0.07640611
-0.07571582
-0.07375236
-0.07043074
-0.06608825
-0.06083629
-0.05415565
-0.04590171
-0.03636095
-0.02486044
-0.01236438
0.001794365
0.01621941
0.02971898
0.04199152
0.05199267
0.05957929
0.06466765
0.06765383
0.06813282
0.06554219
0.05967671
0.05024129
0.03825332
0.02535218
0.0129949
0.00208622
-0.007008286
-0.01548548
-0.02353919
-0.02994367
-0.03514478
-0.04017699
-0.04525849
-0.0497207
-0.05370801
-0.05656377
-0.05825257
-0.05843528
-0.0569286
-0.05372606
-0.04978028
-0.04668348
-0.04507305
-0.04477702
-0.04548373
-0.04658365
-0.04774513
-0.04898002
-0.05035804
-0.05171251
-0.0525473
-0.05232937
-0.05096447
-0.048484
-0.04571584
-0.04343385
-0.04179779
-0.04057921
-0.03910701
-0.03849695
-0.03867595
-0.04005767
-0.04227322
-0.04411642
-0.04674566
-0.05040217
-0.05401519
-0.05696905
-0.0595496
-0.06167962
-0.0629487
-0.06338079
-0.06304369
-0.06148245
-0.05883143
-0.05494192
-0.04920597
-0.04292875
-0.03696245
-0.03129349
-0.02587047
-0.02051108
-0.01554459
-0.01144038
-0.008951269
-0.008094145
-0.008776201
-0.01130816
-0.01507952
-0.01937521
-0.02413132
-0.02864413
-0.03250001
-0.03480326
-0.03560716
-0.03457685
-0.03194277
-0.02873275
-0.02461365
-0.0196663
-0.01491864
-0.01108373
-0.008984353
-0.008073495
-0.007432763
-0.007872751
-0.00927982
-0.01148958
-0.01465242
-0.01952112
-0.02506209
-0.02996862
-0.03404357
-0.03763166
-0.04165109
-0.04488696
-0.04563401
-0.04257781
-0.03669585
-0.02957533
-0.02089549
-0.0111302
-0.001637917
0.006948893
0.01471141
0.02207579
0.02916971
0.03615156
0.04272087
0.0486387
0.05414963
0.05897185
0.06361944
0.06760622
0.07030857
0.07088375
0.0682219
0.06273551
0.05555943
0.0459911
0.03322404
0.01812196
0.0043247
-0.008116997
-0.02002246
-0.03085582
-0.03967754
-0.04672091
-0.05221302
-0.05674615
-0.0598129
-0.06152186
-0.06182786
-0.05980597
-0.05672363
-0.05343929
-0.04924803
-0.04481407
-0.04116223
-0.03770522
-0.03404707
-0.03024845
-0.02666621
-0.02388861
-0.02044129
-0.01657194
-0.01190467
-0.005919244
0.00166878
0.01110833
0.0213324
0.03189139
0.04246153
0.05258136
0.06124448
0.06943941
0.07660126
0.08274989
0.08789284
0.09153151
0.09429599
0.09629905
0.0968481
0.09583212
0.09319911
0.08884311
0.08186049
0.07219741
0.06077587
0.04840289
0.03626992
0.02303887
0.01038615
-0.0009291983
-0.01064531
-0.01702079
-0.02135818
-0.02483375
-0.02899606
-0.03408179
-0.04014814
-0.04773294
-0.05634111
-0.06550379
-0.07414294
-0.08137758
-0.0852968
-0.08397834
-0.08078451
-0.0780052
-0.0770384
-0.07693591
-0.07531621
-0.07144614
-0.06518724
-0.05748086
-0.04899283
-0.03972868
-0.03070202
-0.02385501
-0.0188073
-0.01495787
-0.01142263
-0.008900213
-0.008143832
-0.009300396
-0.01144662
-0.01401911
-0.01632768
-0.01760267
-0.01762622
-0.01668437
-0.01487011
-0.01281913
-0.01024954
-0.007572735
-0.00506761
-0.002816265
-0.0009257749
0.0007991623
0.001823308
0.001171747
-0.0005765991
-0.003197174
-0.006884843
-0.01130812
-0.01530324
-0.01918868
-0.02255881
-0.02418189
-0.02366677
-0.02109899
-0.01760508
-0.01295724
-0.008570369
-0.00441327
0.0003199421
0.006207538
0.01413822
0.0223381
0.03027985
0.03863721
0.04788637
0.0566272
0.06327675
0.0685853
0.07292891
0.07597172
0.07675138
0.07513885
0.07205718
0.06845896
0.06409985
0.05820193
0.0504301
0.04172581
0.03227065
0.02195059
0.01177468
0.001925634
-0.008386708
-0.01856925
-0.02737735
-0.0352599
-0.04296808
-0.05091979
-0.05836521
-0.06508686
-0.07008432
-0.07203545
-0.07086014
-0.06729857
-0.06069132
-0.05069889
-0.03751174
-0.02240095
-0.007475552
0.006793342
0.02051949
0.03332559
0.04400141
0.05204937
0.0591241
0.06390801
0.0658315
0.06550447
0.06322009
0.05922687
0.05501086
0.05110948
0.04817404
0.04614597
0.0442185
0.04182602
0.03937587
0.03716722
0.03555017
0.0343782
0.03492048
0.03679352
0.03881417
0.04057073
0.04099232
0.03962997
0.03634613
0.03079836
0.02285674
0.01283066
0.001342581
-0.01062573
-0.02007723
-0.02780414
-0.0341114
-0.03845538
-0.041539
-0.04282706
-0.04220256
-0.04014562
-0.03773553
-0.03519701
-0.03196806
-0.02758396
-0.02253088
-0.01816104
-0.01519657
-0.01303818
-0.01217373
-0.01312272
-0.01530917
-0.01827816
-0.02260031
-0.02740259
-0.03185022
-0.03505446
-0.03658733
-0.03632304
-0.03469219
-0.03140588
-0.02654102
-0.01987208
-0.01218696
-0.004130231
0.004781383
0.01371879
0.02192236
0.02989952
0.03821186
0.04584983
0.05185053
0.05727716
0.06176022
0.06391589
0.06323522
0.06029753
0.05496921
0.04785325
0.03856272
0.02690244
0.0146453
0.001852902
-0.01035757
-0.02160645
-0.03063726
-0.03736379
-0.04348657
-0.04769282
-0.05035384
-0.0521126
-0.05343483
-0.05445965
-0.05534947
-0.05661279
-0.05815901
-0.06033901
-0.06252555
-0.06444001
-0.06640425
-0.06686971
-0.06599895
-0.06349075
-0.05999187
-0.05556141
-0.05015525
-0.04434094
-0.03766773
-0.02991061
-0.02090436
-0.01110185
-0.001283305
0.006632532
0.01219759
0.01744119
0.02258555
0.02649304
0.02721437
0.02427023
0.01904099
0.01215396
0.003748062
-0.005547389
-0.01438705
-0.02144125
-0.02612104
-0.0284177
-0.0288546
-0.02769482
-0.02518468
-0.02202928
-0.01862712
-0.01417953
-0.009258038
-0.00509417
-0.00138221
0.002343839
0.006254329
0.009547311
0.01246217
0.01475495
0.01717082
0.01923736
0.02054194
0.02126801
0.02052936
0.01827547
0.01599024
0.01401741
0.01312862
0.0136237
0.01489592
0.0154499
0.01469177
0.01324557
0.01154969
0.0104342
0.01039543
0.01151062
0.01269213
0.01264556
0.0110607
0.008086927
0.003559051
-0.001990637
-0.00832277
-0.01488536
-0.02178834
-0.02849514
-0.03437667
-0.03903296
-0.04268096
-0.04565842
-0.04822655
-0.04962853
-0.04939032
-0.04838396
-0.04660209
-0.04410469
-0.04108727
-0.03769667
-0.03434562
-0.03191824
-0.03021265
-0.02900964
-0.02939119
-0.03119058
-0.03392766
-0.03656066
-0.03909741
-0.04176538
-0.04453813
-0.04718262
-0.04917062
-0.04989712
-0.04859526
-0.04457387
-0.03804797
-0.02944547
-0.01941598
-0.007257953
0.00701292
0.01884592
0.0282223
0.0372661
0.04573068
0.05422915
0.06242525
0.07016159
0.07655145
0.08132806
0.08492476
0.08778536
0.08920248
0.08951084
0.08860218
0.0865446
0.08338635
0.07935337
0.07520689
0.07114718
0.06731468
0.06392065
0.06097934
0.05791533
0.05451629
0.05109999
0.04799641
0.0448614
0.04181949
0.03831718
0.03406861
0.02986422
0.0267047
0.02423427
0.02258925
0.02223407
0.02271022
0.02362254
0.02479667
0.02612667
0.02780793
0.02980039
0.03140389
0.03166071
0.03009088
0.02576823
0.01854219
0.008995401
-0.001608463
-0.01264846
-0.02316385
-0.03220429
-0.040487
-0.04806145
-0.05499453
-0.06102539
-0.06396638
-0.06280366
-0.05750121
-0.04891822
-0.03745065
-0.02426659
-0.01161142
-0.0005454236
0.008684613
0.01563974
0.02054975
0.02433747
0.02661837
0.02799849
0.02757219
0.02575623
0.0241251
0.02423022
0.02630158
0.02982628
0.03457968
0.04083509
0.04812774
0.05534002
0.06160352
0.06720972
0.07230256
0.07679273
0.0803884
0.08238643
0.08347463
0.08280232
0.0803248
0.0760547
0.07126814
0.06661791
0.06112847
0.05456384
0.04726793
0.03899572
0.03041422
0.02181212
0.01344401
0.005995828
-0.0005954736
-0.006267566
-0.01179805
-0.01603735
-0.01974573
-0.02287424
-0.02518494
-0.02629876
-0.02602361
-0.0249555
-0.02299606
-0.02080208
-0.01861622
-0.01694868
-0.01484826
-0.01318634
-0.01202628
-0.01115284
-0.01099198
-0.01266454
-0.01533278
-0.01907602
-0.02411058
-0.0288226
-0.03387624
-0.03874046
-0.04190955
-0.0428769
-0.04196319
-0.03911911
-0.03513353
-0.02921257
-0.0215003
-0.01281897
-0.003944078
0.003875785
0.009058648
0.01141368
0.01137412
0.009715841
0.006534619
0.002533318
-0.002218351
-0.007356923
-0.01158547
-0.01438754
-0.01601584
-0.01538623
-0.01206295
-0.007267645
-0.001979088
0.004240752
0.01094523
0.01825039
0.0251771
0.03032985
0.03347076
0.03436149
0.03353564
0.03070573
0.02657665
0.02126655
0.01459048
0.007616015
0.001404837
-0.00394977
-0.008464596
-0.01179794
-0.01504522
-0.01785418
-0.02020252
-0.02189646
-0.02207367
-0.02087802
-0.01932541
-0.01783056
-0.0152166
-0.0118691
-0.008792042
-0.005585217
-0.002428286
0.0002129413
0.002429197
0.003985131
0.004886594
0.00466315
0.003196915
0.001359635
-4.86041e-05
-0.001301145
-0.002475879
-0.002875502
-0.001144557
0.001903876
0.005737419
0.009768003
0.01386992
0.01727396
0.02060408
0.02484245
0.03008907
0.0362669
0.04250402
0.04782273
0.0531091
0.05855582
0.06288691
0.06639028
0.06875178
0.07047298
0.07165699
0.07196894
0.07127306
0.07033099
0.06955473
0.06842663
0.06700901
0.06567689
0.06464505
0.06402965
0.06363931
0.06335135
0.06262479
0.06104013
0.05870537
0.05522656
0.05070914
0.04512279
0.03812278
0.0305294
0.02230399
0.01379626
0.00535514
-0.002216761
-0.008724964
-0.01425768
-0.01800736
-0.01998204
-0.02127538
-0.0224286
-0.02349247
-0.02378349
-0.02425671
-0.02513931
-0.0260211
-0.02715438
-0.02796741
-0.02848432
-0.02867281
-0.02838431
-0.02755657
-0.02618354
-0.02467561
-0.02292925
-0.0209504
-0.01917344
-0.01738374
-0.01601626
-0.01568858
-0.01594093
-0.01672879
-0.01823312
-0.01988663
-0.02141333
-0.02279331
-0.02365646
-0.02285257
-0.02118857
-0.01964162
-0.01830046
-0.01733018
-0.01624091
-0.01520847
-0.01457473
-0.01415048
-0.01361605
-0.01343213
-0.01350816
-0.01354082
-0.01339863
-0.01291862
-0.01210535
-0.01128069
-0.01036923
-0.009828246
-0.009399205
-0.008486503
-0.007511021
-0.006630844
-0.005318852
-0.004003495
-0.002658792
-0.0009781144
0.001171096
0.003479861
0.00489894
0.005268663
0.004638157
0.002306547
-0.001512631
-0.006244717
-0.01245632
-0.01920296
-0.02560825
-0.03152317
-0.03661008
-0.0408242
-0.04403793
-0.04655956
-0.04829647
-0.04903316
-0.04939777
-0.04890179
-0.04775264
-0.045737
-0.0425414
-0.03776659
-0.03101004
-0.023389
-0.01561289
-0.008338088
-0.002070038
0.003689224
0.009328455
0.01439295
0.01933921
0.02406653
0.02843002
0.03227723
0.03640258
0.04068451
0.0453782
0.04997835
0.05423607
0.05840021
0.06203967
0.06455771
0.06566092
0.06522263
0.06278244
0.05875524
0.05284528
0.04500392
0.03504223
0.02278734
0.009083086
-0.006771416
-0.02316206
-0.03676484
-0.04798323
-0.05818161
-0.06698262
-0.07453338
-0.08147076
-0.08753136
-0.09317281
-0.09700243
-0.09915393
-0.1000973
-0.09958939
-0.0978654
-0.09522221
-0.09181425
-0.08849315
-0.08560713
-0.08239913
-0.07853282
-0.0746901
-0.07194315
-0.06972512
-0.06761495
-0.06655502
-0.06631345
-0.06754209
-0.06870905
-0.06852612
-0.06699854
-0.06547775
-0.06597342
-0.06791713
-0.07005823
-0.07213235
-0.07456695
-0.07804864
-0.0819482
-0.08564517
-0.08933538
-0.09262877
-0.09514075
-0.09737256
-0.09943182
-0.1010615
-0.1017993
-0.1015408
-0.1005611
-0.09892954
-0.0970328
-0.09491318
-0.09215874
-0.08874707
-0.08479478
-0.08055289
-0.07602958
-0.07126982
-0.06591277
-0.06027392
-0.05431244
-0.04790167
-0.04145947
-0.0353767
-0.03045462
-0.02666922
-0.02297744
-0.02008532
-0.01819153
-0.01784318
-0.01890273
-0.0204301
-0.02177156
-0.02273695
-0.02389338
-0.02502619
-0.02558247
-0.02536112
-0.02447996
-0.02281646
-0.02101459
-0.01974713
-0.01830908
-0.01640731
-0.01424874
-0.01239804
-0.01078446
-0.008361667
-0.006065024
-0.003717616
-0.001007587
0.002012153
0.005637769
0.00985427
0.01408036
0.01758261
0.01982371
0.02150696
0.0231441
0.02423377
0.02483615
0.02489753
0.02495469
0.02509518
0.02517204
0.02506111
0.02453916
0.02356015
0.02236536
0.02055372
0.01754148
0.0141073
0.01043086
0.007020563
0.004030221
0.0009545318
-0.001658145
-0.003197266
-0.003278445
-0.001899859
-0.0001118865
0.002148448
0.004862513
0.007617081
0.01023921
0.01242513
0.01387689
0.01477381
0.0153332
0.01575407
0.01662607
0.01776776
0.01876652
0.0211026
0.02463163
0.02869139
0.03292627
0.03737509
0.04203655
0.04641403
0.05025875
0.05355594
0.05631641
0.05905771
0.06176303
0.06435441
0.06708438
0.07027559
0.07312373
0.07636722
0.08050173
0.08522398
0.09014463
0.09472592
0.09920536
0.1028638
0.1051566
0.1066894
0.1079803
0.1086496
0.1083152
0.1074236
0.1063377
0.1043034
0.10161
0.09885578
0.09558693
0.09103541
0.08412756
0.07509227
0.06502691
0.05414641
0.0430241
0.03235164
0.02310964
0.01520471
0.008864879
0.003810172
3.130278e-05
-0.001072276
0.0004636289
0.003104409
0.005933276
0.009508287
0.01403125
0.0186159
0.0231612
0.02741992
0.03187293
0.03643764
0.0405029
0.04393312
0.04733908
0.05078966
0.0538196
0.05597439
0.05714408
0.05748992
0.05687302
0.05558834
0.05388421
0.05146565
0.04877314
0.04613562
0.04339504
0.04034179
0.03679693
0.03279112
0.02783046
0.02256409
0.01751523
0.01229454
0.007014981
0.002146091
-0.002308583
-0.006570938
-0.009957541
-0.01218196
-0.01332164
-0.01312302
-0.01123757
-0.008249946
-0.004743487
-0.0005764468
0.003818302
0.009048828
0.01397275
0.01821383
0.02157515
0.02398323
0.02522719
0.02625048
0.02721971
0.028312
0.02959009
0.03105254
0.03306569
0.0347026
0.03615536
0.03724815
0.03823711
0.03870104
0.03827788
0.0373978
0.03627078
0.03489212
0.03290663
0.03127488
0.02987974
0.02863411
0.02747075
0.02635484
0.02588244
0.02640753
0.02754223
0.02893099
0.03023124
0.03140416
0.03245336
0.03338773
0.03436279
0.03511663
0.0351501
0.03482346
0.03426782
0.03356507
0.03274246
0.031565
0.02976609
0.02695879
0.02440754
0.02234294
0.02023948
0.01725443
0.01323689
0.008472636
0.003693321
-0.0009826393
-0.00590766
-0.0104885
-0.01478588
-0.01968559
-0.02515792
-0.03021232
-0.03387842
-0.03627433
-0.0389491
-0.04124676
-0.0432547
-0.04474859
-0.04615969
-0.04683574
-0.04719455
-0.04683941
-0.04570024
-0.04404858
-0.04271317
-0.04116422
-0.03890265
-0.03606513
-0.03288259
-0.03027349
-0.02824983
-0.02657244
-0.02467203
-0.02254962
-0.02090461
-0.01948341
-0.01954797
-0.02085555
-0.02250076
-0.02430666
-0.02715665
-0.03051731
-0.03394786
-0.03827509
-0.04308101
-0.04775249
-0.0522436
-0.05644217
-0.06010085
-0.06311615
-0.06547932
-0.06710378
-0.06776969
-0.06698413
-0.06583987
-0.06462842
-0.06278782
-0.06089262
-0.05874634
-0.05647692
-0.05380882
-0.05078668
-0.04710248
-0.04261921
-0.03799517
-0.0334161
-0.02878641
-0.02416084
-0.01980056
-0.01612145
-0.01342609
-0.01178234
-0.01081359
-0.01062888
-0.01123371
-0.01171926
-0.01264562
-0.01438196
-0.01676363
-0.01904655
-0.02127765
-0.0240361
-0.0268491
-0.02957571
-0.03212078
-0.03435294
-0.03627741
-0.03794123
-0.03895974
-0.03933098
-0.03835506
-0.03752454
-0.03830357
-0.03966368
-0.04087403
-0.04156112
-0.04190218
-0.04245309
-0.04252395
-0.04124838
-0.03871009
-0.03568725
-0.03219746
-0.02797263
-0.02304938
-0.0172601
-0.01113643
-0.005050548
0.0008857515
0.006315229
0.01075097
0.01365694
0.01414573
0.01218035
0.009084802
0.005691713
0.002125762
-0.0008504772
-0.003579236
-0.005753916
-0.006299708
-0.004785551
-0.001913039
0.001681139
0.006124195
0.01101129
0.01596839
0.02058109
0.02500688
0.02894273
0.03252885
0.03450859
0.03487455
0.0331648
0.03011764
0.02673704
0.02303533
0.01916838
0.0147956
0.01044665
0.006276811
0.002456159
-0.0005705622
-0.002597349
-0.003592665
-0.003729014
-0.003195097
-0.001654383
0.0002554938
0.002870787
0.00597192
0.008686187
0.01139677
0.01423126
0.01703725
0.01954913
0.02147987
0.02288221
0.02439275
0.02594615
0.02718028
0.02775282
0.0276515
0.02760873
0.02789096
0.02859474
0.02963954
0.03048357
0.03123975
0.03266456
0.03459433
0.03710769
0.04006515
0.04346985
0.04747656
0.05179384
0.05623892
0.06034592
0.06416677
0.0674969
0.07023267
0.07253759
0.07404739
0.07467342
0.07445874
0.07377433
0.07275046
0.07153754
0.07029806
0.06874323
0.06718591
0.06495229
0.06287267
0.06115412
0.05953106
0.05689476
0.05377349
0.05021389
0.04607091
0.04188798
0.03739299
0.03289979
0.02776403
0.02204099
0.01635869
0.01101432
0.00640176
0.002752102
-0.0002496907
-0.002711257
-0.004838357
-0.006672211
-0.007660933
-0.008249408
-0.008550812
-0.008082997
-0.007004101
-0.005610063
-0.003871436
-0.002799661
-0.002006945
-0.0009870465
0.0007845863
0.002894563
0.004716432
0.006806357
0.008886409
0.0105937
0.01152395
0.01201677
0.01227108
0.01169516
0.01049275
0.00915402
0.007867585
0.006580733
0.005230304
0.003801325
0.002315997
0.000838995
-0.0005446052
-0.001811203
-0.003499543
-0.006508755
-0.01044844
-0.01485826
-0.01906413
-0.02392111
-0.02932981
-0.03533713
-0.04183637
-0.04847214
-0.05558245
-0.06245298
-0.06912019
-0.07540665
-0.08059406
-0.08458866
-0.08745966
-0.09026023
-0.09183763
-0.0913201
-0.08966367
-0.08700623
-0.08277355
-0.07698
-0.07064128
-0.0638705
-0.05706701
-0.05036743
-0.04368036
-0.03849113
-0.03583848
-0.03423795
-0.03371235
-0.03433391
-0.03550604
-0.03656743
-0.03712385
-0.03561195
-0.03242835
-0.02790599
-0.02211774
-0.01533922
-0.007845559
-0.001003102
0.004511028
0.00946265
0.01386939
0.01689963
0.01829597
0.0171524
0.0143965
0.01091391
0.006723653
0.002342491
-0.001884348
-0.006205011
-0.00961823
-0.01171958
-0.01262559
-0.01248974
-0.01128948
-0.009598035
-0.007335557
-0.004682762
-0.002042776
0.0006551692
0.003444121
0.006314434
0.009087253
0.011509
0.01331484
0.01466679
0.01602142
0.01739273
0.01870965
0.02010889
0.02180189
0.02367823
0.02501779
0.02669328
0.02888552
0.03209256
0.0351231
0.03850108
0.04252643
0.04652979
0.05016549
0.0534516
0.05686532
0.0607307
0.0642147
0.0665852
0.06807407
0.06848874
0.06723751
0.06480539
0.06202864
0.05907583
0.05574442
0.05182429
0.04689371
0.04205255
0.03812951
0.03460413
0.03132725
0.02841553
0.02623016
0.02458646
0.02300331
0.02157324
0.0203089
0.01858411
0.01684038
0.01542243
0.01360126
0.01218974
0.0108718
0.009475381
0.008087156
0.006670878
0.005251239
0.00380285
0.002381474
0.001057703
-3.74438e-05
-0.0008980342
-0.00175828
-0.002841671
-0.003800699
-0.00482113
-0.005392964
-0.005363507
-0.005218899
-0.004814556
-0.004001426
-0.002930802
-0.001237055
0.0006966744
0.00344778
0.006568013
0.01004767
0.01377259
0.01687471
0.01953419
0.02231149
0.02518832
0.02786531
0.02997542
0.03120775
0.03140345
0.03005569
0.02757136
0.02446229
0.0213926
0.01776025
0.01432152
0.01112027
0.008345332
0.005929334
0.003956031
0.00254803
0.00174402
0.002032254
0.003312754
0.005270058
0.006831332
0.007467354
0.007439952
0.007040513
0.006143481
0.004703878
0.003124268
0.001357054
-0.001213787
-0.003877907
-0.005957989
-0.007380083
-0.008549967
-0.009450838
-0.01006638
-0.01005436
-0.009607802
-0.008623136
-0.007233624
-0.005652165
-0.003710771
-0.001539699
0.0004189933
0.002243993
0.003829518
0.005114587
0.006647496
0.007282458
0.006428328
0.004995521
0.003545439
0.001468867
-0.0007804888
-0.003463824
-0.006275482
-0.009088562
-0.01188973
-0.01442778
-0.01646497
-0.01795999
-0.0194293
-0.02073429
-0.02179991
-0.02183479
-0.02178159
-0.02183062
-0.02181926
-0.02181657
-0.0219393
-0.02244106
-0.02338989
-0.02442644
-0.02525867
-0.02618911
-0.02661877
-0.02655743
-0.02654799
-0.02658381
-0.02657693
-0.02654589
-0.02661002
-0.02698218
-0.02781256
-0.02883201
-0.02929433
-0.03025158
-0.03172154
-0.03269031
-0.03266042
-0.03151211
-0.02911726
-0.02595523
-0.02249658
-0.01888491
-0.01526027
-0.01226493
-0.0103337
-0.008990628
-0.008277096
-0.008889541
-0.01089011
-0.01366908
-0.01675785
-0.02042031
-0.02463829
-0.0291823
-0.03395458
-0.03845074
-0.04282361
-0.046229
-0.04731022
-0.04555709
-0.04198644
-0.03807813
-0.03405111
-0.02984184
-0.02569199
-0.02155939
-0.01774496
-0.01362736
-0.01028542
-0.009226353
-0.0105396
-0.01340889
-0.01690645
-0.02001593
-0.0221877
-0.02408432
-0.02646072
-0.02856716
-0.02882954
-0.02808816
-0.02692132
-0.02571194
-0.02472689
-0.02386288
-0.02293767
-0.02211008
-0.02211971
-0.02291161
-0.02438738
-0.02624265
-0.02863777
-0.03141745
-0.03428983
-0.03724879
-0.04005402
-0.04245576
-0.04467884
-0.04595776
-0.04605961
-0.04500247
-0.04339
-0.04137181
-0.03821222
-0.03411176
-0.02943944
-0.02551007
-0.02214932
-0.01919208
-0.01621799
-0.01287213
-0.009491145
-0.006636146
-0.003842769
-0.001045542
0.001524548
0.003665165
0.005323001
0.006711499
0.007253459
0.00706252
0.006632071
0.006044553
0.005568821
0.004758782
0.004088879
0.00403599
0.003983851
0.003625107
0.003010643
0.002400598
0.001705062
0.000560026
-0.001679086
-0.004510892
-0.007455176
-0.01071793
-0.01423238
-0.01742712
-0.02027365
-0.02235773
-0.02414407
-0.0255937
-0.02661652
-0.02718296
-0.02607553
-0.02434947
-0.02207449
-0.01874166
-0.01444441
-0.009328655
-0.00358951
0.001472493
0.00612967
0.01081924
0.01507797
0.01913014
0.02263744
0.02530478
0.02755663
0.02985705
0.03147062
0.03240664
0.03317734
0.03394656
0.03527126
0.03665542
0.03796857
0.03954114
0.04168451
0.04440024
0.04690534
0.04865287
0.04956986
0.04990991
0.04960424
0.04829152
0.04573675
0.04278376
0.03939625
0.03609249
0.03299845
0.02991289
0.02717154
0.02532621
0.0235729
0.02143604
0.01946782
0.0177042
0.01672013
0.0175037
0.01985511
0.0218204
0.02355096
0.02549716
0.02725667
0.02944068
0.03208963
0.03424994
0.03585157
0.03747899
0.03889569
0.03995634
0.04074743
0.04179058
0.04301719
0.04340864
0.04367229
0.04350488
0.04294369
0.04249749
0.04138761
0.03958335
0.03727726
0.03446863
0.03173264
0.02926314
0.02720088
0.02568193
0.0249511
0.02507324
0.02624325
0.02770139
0.0293545
0.0306411
0.03172224
0.03258245
0.03312385
0.03358147
0.03344711
0.03284393
0.03180876
0.03073235
0.02943459
0.02754753
0.02546991
0.0229507
0.02058274
0.01884392
0.01767848
0.0176065
0.01803845
0.01848454
0.01877515
0.0196296
0.02096358
0.02202446
0.02264357
0.02287626
0.02217698
0.02095734
0.01948239
0.01770136
0.01555886
0.01285268
0.01033233
0.008308227
0.006603523
0.004662534
0.003087518
0.002159255
0.000763626
-0.0005603203
-0.001492764
-0.002179198
-0.002975441
-0.00353375
-0.003946457
-0.004006366
-0.003849431
-0.003353784
-0.00240754
-0.001379485
-4.486543e-06
0.001199701
0.002000612
0.002474114
0.002977385
0.003121607
0.00313984
0.002832028
0.001835898
0.0003220826
-0.0009264014
-0.002714568
-0.00461565
-0.006660683
-0.009022146
-0.01088973
-0.01232704
-0.01380546
-0.01508122
-0.01562564
-0.01520542
-0.01432585
-0.0133406
-0.01254829
-0.01166555
-0.01099149
-0.01069416
-0.01033036
-0.01038642
-0.01100507
-0.01163071
-0.01257562
-0.01368817
-0.01499649
-0.015706
-0.01536852
-0.01436198
-0.01310271
-0.01242165
-0.01230825
-0.01211535
-0.01132501
-0.01024239
-0.009783089
-0.009832557
-0.00978221
-0.009653534
-0.009663949
-0.01012838
-0.01121188
-0.01259479
-0.01370051
-0.01449278
-0.0152982
-0.01670408
-0.01818504
-0.01956147
-0.02081581
-0.02187401
-0.02280458
-0.02367534
-0.02398176
-0.02431822
-0.02430039
-0.02313079
-0.02159489
-0.01971517
-0.01794838
-0.01614793
-0.01462047
-0.01306226
-0.01146486
-0.01025612
-0.009287013
-0.008457927
-0.007837419
-0.006937745
-0.00596036
-0.004903049
-0.003976012
-0.003007132
-0.002514764
-0.002592988
-0.00263166
-0.002625537
-0.002568472
-0.002413574
-0.002040443
-0.001499813
-0.001056459
-0.0006734423
-0.0001145483
0.0003068499
0.001232079
0.002510841
0.003693426
0.00504921
0.006925848
0.008338264
0.009655848
0.01104544
0.01243824
0.01384872
0.01526942
0.0167281
0.01821497
0.01965087
0.02085235
0.02159822
0.02188497
0.02202837
0.02195367
0.02159193
0.02106706
0.02007956
0.01889765
0.01812156
0.01721546
0.01631516
0.01630666
0.01746867
0.01893994
0.02042296
0.02243484
0.02443397
0.02653292
0.02832476
0.02987504
0.03059081
0.03052558
0.03088292
0.03208984
0.03268042
0.03251069
0.03190414
0.03083587
0.02965356
0.02823066
0.027246
0.02656642
0.02594221
0.02536477
0.02571869
0.02675652
0.02735399
0.02788842
0.02864206
0.03002001
0.03154055
0.0326998
0.03255067
0.03149602
0.03003731
0.02872602
0.02651103
0.02396256
0.02171635
0.01950084
0.0168772
0.01449623
0.01259855
0.01087528
0.009359339
0.008665721
0.008397924
0.009050426
0.01030062
0.01138029
0.01161678
0.01092086
0.01016487
0.009684649
0.009058979
0.008031404
0.006934609
0.007099344
0.007887921
0.009130297
0.01039295
0.01090141
0.01048941
0.00957618
0.0082756
0.006723942
0.005370227
0.004182413
0.002809951
0.001023456
-0.001197037
-0.003549418
-0.005865335
-0.007609536
-0.008720362
-0.009950435
-0.01148713
-0.0126993
-0.01350583
-0.01442989
-0.01489241
-0.01511813
-0.01563534
-0.01629408
-0.01733855
-0.01736577
-0.01719436
-0.01711306
-0.01702528
-0.0171245
-0.01762103
-0.01871561
-0.02011568
-0.02132239
-0.02229567
-0.02328931
-0.02459913
-0.02561221
-0.02680701
-0.0279861
-0.02900905
-0.02914689
-0.02935123
-0.02978544
-0.03040577
-0.03094067
-0.03089802
-0.03000838
-0.02930343
-0.02920938
-0.0292458
-0.02941166
-0.0293447
-0.02883564
-0.02782169
-0.02684038
-0.02701735
-0.02796952
-0.02888963
-0.02915171
-0.02918951
-0.02978176
-0.03083063
-0.03169362
-0.03241916
-0.03339819
-0.03381432
-0.03373013
-0.03372196
-0.03384854
-0.03398648
-0.0340056
-0.03368694
-0.03293507
-0.03199555
-0.0316501
-0.03152723
-0.03089139
-0.02983346
-0.02913154
-0.02886214
-0.02844367
-0.0280686
-0.02770449
-0.02690264
-0.02570497
-0.02345638
-0.02062407
-0.01756729
-0.01482815
-0.01257509
-0.01064368
-0.008774674
-0.006713832
-0.005190224
-0.004610962
-0.004926224
-0.005671601
-0.006629532
-0.007192909
-0.007472875
-0.007934276
-0.008143974
-0.008590687
-0.009126993
-0.009131726
-0.008647834
-0.008140822
-0.008041753
-0.007683899
-0.006975693
-0.006394338
-0.005912453
-0.005767094
-0.00536929
-0.004803322
-0.004660795
-0.00495602
-0.005437195
-0.00586105
-0.005975517
-0.006350585
-0.006955977
-0.007321668
-0.00779536
-0.008217313
-0.008237354
-0.008232047
-0.008168717
-0.007905121
-0.007423898
-0.006973136
-0.006626221
-0.006052411
-0.005458121
-0.004450715
-0.003308115
-0.002570962
-0.001665993
-0.001243931
-0.0006578297
0.0003730827
0.001062933
0.0009752202
0.0009210012
0.001117629
0.001495727
0.001863595
0.001751364
0.001209953
0.001024028
0.0009134496
0.0006163004
0.0003452894
0.0005348047
0.001002545
0.0009646726
0.0009099284
0.001282943
0.002181952
0.003234088
0.003441634
0.003321075
0.00329153
0.003294964
0.003283415
0.0032653
0.003356023
0.003722817
0.0044142
0.005137928
0.00559833
0.005698926
0.005722139
0.005754461
0.005571128
0.004961241
0.003992323
0.003286888
0.00288694
0.00212195
0.001367906
0.001171155
0.0009361741
0.0002109209
-0.0007609289
-0.001281193
-0.001216229
-0.0004490896
0.0005638756
0.001086871
0.00129103
0.001855731
0.002592733
0.003430442
0.004232384
0.005184833
0.005757004
0.006179525
0.006720296
0.006773465
0.006457041
0.005842917
0.00502543
0.004080664
0.002972061
0.001660571
-0.0001603543
-0.001622467
-0.003149047
-0.004896143
-0.006503169
-0.007563916
-0.00879639
-0.009732415
-0.01069716
-0.01163641
-0.01276064
-0.01359988
-0.0140305
-0.01431437
-0.01440565
-0.01460064
-0.01477786
-0.01467598
-0.01432177
-0.01444876
-0.0148279
-0.01525232
-0.01531482
-0.01454396
-0.01378259
-0.01341926
-0.01343351
-0.01328828
-0.01259594
-0.0115316
-0.01075086
-0.01012254
-0.009204602
-0.008699031
-0.008513862
-0.00806169
-0.007592332
-0.007771837
-0.008294416
-0.008653673
-0.008516952
-0.008480124
-0.008832661
-0.009619858
-0.01054055
-0.01087113
-0.01101944
-0.01172044
-0.01282351
-0.01347918
-0.01349946
-0.01334667
-0.01285069
-0.01187169
-0.01091443
-0.01107187
-0.01127425
-0.01117551
-0.010844
-0.01033185
-0.01007106
-0.01062189
-0.01125475
-0.01171246
-0.0123373
-0.01275126
-0.01320441
-0.01359487
-0.01451266
-0.01566797
-0.01592425
-0.01566092
-0.01512467
-0.01430076
-0.0136212
-0.01333791
-0.01274779
-0.01164638
-0.01063179
-0.009457455
-0.008082142
-0.007082782
-0.006663443
-0.00652552
-0.005903057
-0.004872403
-0.004202615
-0.004203871
-0.004161512
-0.003733515
-0.003017982
-0.002377804
-0.001889492
-0.001531837
-0.0006371395
0.0007759748
0.002160791
0.003592081
0.005209061
0.007047185
0.008825505
0.01029236
0.01192323
0.01370818
0.01535561
0.01748604
0.01900045
0.02012443
0.02115003
0.02224751
0.02313509
0.0236784
0.02405957
0.02405399
0.02377992
0.02309978
0.02208156
0.02117492
0.01994896
0.01824076
0.01656651
0.01524461
0.0134784
0.01197722
0.0105492
0.009186479
0.008219279
0.007765475
0.007587579
0.007077068
0.006457769
0.006354247
0.006594356
0.007061384
0.00773763
0.008789479
0.0105053
0.01201632
0.01365787
0.0156675
0.01774089
0.01968964
0.02139979
0.02313282
0.02466943
0.02558349
0.02603001
0.02627126
0.02689199
0.02773221
0.02824337
0.02870216
0.02934537
0.03040038
0.03132193
0.03211166
0.03313502
0.03402718
0.03500213
0.03571498
0.03602048
0.03638538
0.03637803
0.03582698
0.03523698
0.03410004
0.03248713
0.0311796
0.02991964
0.02879394
0.02814655
0.0272069
0.02634637
0.02619466
0.02591817
0.02554962
0.02546602
0.02498008
0.02497165
0.02528735
0.02579334
0.0262972
0.0262089
0.02609435
0.026121
0.02630741
0.02667165
0.02702861
0.02707511
0.02737889
0.02740943
0.02737018
0.02737255
0.02733207
0.02730471
0.02734678
0.02760184
0.02810395
0.02862556
0.02860554
0.02856452
0.02858004
0.028516
0.02827783
0.02786316
0.02751151
0.02736913
0.02678825
0.0256798
0.02454142
0.02321852
0.02134638
0.0192661
0.01659603
0.01377781
0.01125474
0.00912973
0.007295552
0.005150415
0.002419649
-9.600672e-05
-0.001928038
-0.003274222
-0.004599161
-0.005830124
-0.006796716
-0.007630001
-0.008697641
-0.009499308
-0.01017757
-0.01079702
-0.01140712
-0.01172898
-0.0121562
-0.01250254
-0.01273699
-0.01325065
-0.01377903
-0.01377035
-0.01369428
-0.01369111
-0.01368478
-0.01371894
-0.01377876
-0.01388379
-0.01392591
-0.01374868
-0.01314073
-0.01215791
-0.01139037
-0.01147844
-0.01138418
-0.01081631
-0.01002065
-0.009509689
-0.008945269
-0.0082758
-0.007302205
-0.006676229
-0.006690937
-0.006660592
-0.006622128
-0.00684109
-0.00751169
-0.008487942
-0.009084071
-0.00951441
-0.01034472
-0.01111649
-0.01158367
-0.01238394
-0.01333663
-0.01365576
-0.01358609
-0.01357884
-0.01362013
-0.0136392
-0.01360138
-0.0135495
-0.01361535
-0.01398857
-0.01474901
-0.01559096
-0.01593438
-0.01627391
-0.01720363
-0.01828889
-0.01847414
-0.01879657
-0.01929653
-0.0192936
-0.01884083
-0.01834959
-0.01825908
-0.01786661
-0.01711313
-0.01649122
-0.01607207
-0.01611759
-0.01600347
-0.01549316
-0.01476744
-0.01421535
-0.0136822
-0.01324351
-0.01230885
-0.01108043
-0.009999985
-0.008942631
-0.008627294
-0.008020433
-0.007241721
-0.006726125
-0.006591578
-0.006476719
-0.006153488
-0.005697489
-0.004956691
-0.004070922
-0.003494298
-0.002776839
-0.002111812
-0.00124058
-0.0002087889
0.0006838343
0.001323183
0.002098197
0.002609585
0.002805354
0.002762986
0.002763936
0.002944387
0.003328369
0.003849047
0.004159613
0.004428476
0.004875275
0.005128667
0.004690606
0.004210369
0.004253908
0.004536329
0.004559555
0.0041321
0.004131261
0.004244134
0.004219747
0.003934486
0.00324222
0.002324512
0.00142349
0.0006413184
4.578246e-05
-0.000881939
-0.001897491
-0.003032973
-0.003822461
-0.004365838
-0.005435244
-0.006810827
-0.007663422
-0.008556974
-0.009495145
-0.01080151
-0.01213555
-0.01316844
-0.01402653
-0.01497665
-0.01589658
-0.01654971
-0.01735159
-0.01785895
-0.01811112
-0.01813078
-0.01817633
-0.01818265
-0.01794545
-0.01731415
-0.01633979
-0.01482229
-0.01297148
-0.01120751
-0.009876434
-0.008354083
-0.006473486
-0.004536814
-0.003097432
-0.001683525
-0.0002604449
0.0009128129
0.001637581
0.001963835
0.002467051
0.002906259
0.002930442
0.002925575
0.002956901
0.00298417
0.00300221
0.002998902
0.002980523
0.002965377
0.002984847
0.003058292
0.003150675
0.003134858
0.00280938
0.002033482
0.001054832
0.0006681019
0.0006208122
0.0002286328
-0.0004106057
-0.0008168133
-0.001314679
-0.001719899
-0.001674645
-0.001581647
-0.001522396
-0.001549907
-0.00180926
-0.002417363
-0.003217754
-0.003569106
-0.003415041
-0.003692101
-0.003689509
-0.003845844
-0.003866041
-0.003352033
-0.002830835
-0.00286539
-0.00294162
-0.00289483
-0.002832742
-0.002813002
-0.002990941
-0.003407059
-0.003918746
-0.004039794
-0.003888366
-0.003832066
-0.00408473
-0.004764004
-0.005740837
-0.006320577
-0.006249314
-0.006272545
-0.006703096
-0.007397555
-0.007792989
-0.007014551
-0.00627286
-0.005897278
-0.005130982
-0.004185191
-0.003300408
-0.002006118
-0.0006973416
0.0003814887
0.001300618
0.002262269
0.002906395
0.002911657
0.002860444
0.002850971
0.002838742
0.002931209
0.003275667
0.003966135
0.004734974
0.005134047
0.005200808
0.005220089
0.005599551
0.006443881
0.007399751
0.008067011
0.008933365
0.01004544
0.01044551
0.01115833
0.01201889
0.01251766
0.01321864
0.01424304
0.01483075
0.01512423
0.01564411
0.01609563
0.01659695
0.01712407
0.01711385
0.01705141
0.01705001
0.01706472
0.01711564
0.01720306
0.01729167
0.01726019
0.01691813
0.01614483
0.0151981
0.01485813
0.0147986
0.01429156
0.01342106
0.01279076
0.01237858
0.01261028
0.01312776
0.01363225
0.01371036
0.01364974
0.01359253
0.01337191
0.01292116
0.01243
0.01242727
0.01249361
0.01247818
0.01244669
0.01243357
0.01247178
0.01252492
0.01249974
0.01225546
0.01173614
0.01119347
0.01123927
0.01158415
0.01209903
0.01264998
0.01332907
0.01428912
0.01476169
0.01465349
0.01461876
0.01472226
0.01486704
0.01490798
0.01463702
0.01388589
0.01285211
0.01224994
0.01174933
0.01096111
0.01049248
0.01021739
0.01018493
0.01001604
0.009637506
0.009286168
0.009215173
0.00900943
0.008971517
0.008752536
0.008153553
0.007399254
0.00682748
0.006209656
0.005337467
0.004372812
0.004165388
0.003506896
0.002203979
0.001081963
4.615495e-05
-0.0007596648
-0.001347952
-0.002027273
-0.002558159
-0.002888499
-0.003368337
-0.004063995
-0.004644806
-0.005488139
-0.00616463
-0.006324624
-0.006714962
-0.007547732
-0.008372701
-0.008640145
-0.008901897
-0.009653928
-0.0106215
-0.01100377
-0.01111903
-0.01164787
-0.01248367
-0.01303121
-0.01341989
-0.01337541
-0.01333077
-0.01341442
-0.01353107
-0.01359138
-0.0133924
-0.01277315
-0.01180921
-0.01110031
-0.01074474
-0.01002676
-0.009159582
-0.008685589
-0.008091
-0.007101385
-0.006303472
-0.005535304
-0.004333863
-0.003457437
-0.003059363
-0.002991613
-0.002646508
-0.001908828
-0.001156235
-0.0005670328
-0.0002291315
0.0002277825
0.0006414116
0.0006190138
0.0005720081
0.0005910334
0.0006596719
0.0008127685
0.001028512
0.001153099
0.0009660349
0.00104983
0.001093313
0.0006682654
0.0006453839
0.0007119315
0.0007211812
0.0007264801
0.0007066872
0.0006837724
0.0006543268
0.0006537583
0.000711031
0.0008572869
0.001046566
0.001098642
0.0007785647
0.0006190084
0.0007274992
0.0008647103
0.0008845726
0.000583588
-0.0001942666
-0.001233934
-0.00172045
-0.001601371
-0.00151988
-0.001533705
-0.001568007
-0.001604307
-0.001645238
-0.001711091
-0.001777266
-0.001739894
-0.001427599
-0.0007422994
7.707076e-05
0.0005181427
0.0006109745
0.0005037336
0.0005548791
0.0009153308
0.001562703
0.002154336
0.002012164
0.0018517
0.001914134
0.001925554
0.001738473
0.001269225
0.0007452868
0.0006873618
0.0007466832
0.0007899269
0.000928929
0.00118652
0.001430015
0.001429445
0.002013034
0.002451149
0.002843376
0.002956988
0.003036796
0.003524315
0.004364029
0.005115397
0.005386412
0.00586365
0.00689524
0.007878173
0.007910238
0.00776406
0.007450079
0.006746209
0.005904856
0.005568829
0.005311908
0.00436558
0.002997684
0.002145195
0.001088055
0.0001130136
-0.0007830123
-0.001430918
-0.001441503
-0.001425759
-0.001526014
-0.001669838
-0.0016933
-0.001402319
-0.0006188837
0.0004566991
0.001305063
0.002224412
0.003338695
0.004453976
0.005721021
0.006233396
0.006664248
0.007140355
0.007666873
0.0077832
0.007862912
0.007989791
0.007907121
0.007391225
0.006355317
0.005372152
0.005516619
0.00576577
0.00573953
0.005377251
0.00451244
0.003391441
0.002572847
0.001772644
0.0007836553
-0.0003942995
-0.002188012
-0.003849249
-0.005733398
-0.007285501
-0.008516315
-0.01019431
-0.01181847
-0.01388454
-0.01577502
-0.01803718
-0.02036492
-0.02218307
-0.02396818
-0.02616945
-0.0278381
-0.02917881
-0.03059036
-0.03198697
-0.03332313
-0.0345048
-0.03562356
-0.03675094
-0.03721834
-0.03797549
-0.03880419
-0.03903963
-0.03927221
-0.03991645
-0.04079294
-0.04128085
-0.04149732
-0.04147702
-0.04153814
-0.04165043
-0.04163037
-0.04124575
-0.04037777
-0.03935276
-0.03899371
-0.03823257
-0.03680136
-0.03516617
-0.03324403
-0.03112692
-0.02928983
-0.02742043
-0.02566046
-0.02372348
-0.02190808
-0.02010908
-0.01836461
-0.01712414
-0.01572794
-0.01396719
-0.01274173
-0.01228613
-0.01229773
-0.01221157
-0.01209461
-0.01225704
-0.01292483
-0.0140298
-0.01499812
-0.01573767
-0.01634297
-0.01734207
-0.01817557
-0.01876709
-0.01961188
-0.020593
-0.02163354
-0.02268168
-0.02409092
-0.02508024
-0.0256665
-0.02667547
-0.02743627
-0.02747395
-0.02723442
-0.02661708
-0.02564059
-0.02497368
-0.02499584
-0.02521523
-0.02560166
-0.02622151
-0.02680466
-0.02739129
-0.02792996
-0.02888664
-0.0298433
-0.03044728
-0.03134858
-0.03201884
-0.0323442
-0.03303342
-0.03382217
-0.03430171
-0.03432819
-0.03425634
-0.03439633
-0.03484764
-0.03552285
-0.03600115
-0.03633515
-0.0363356
-0.0354606
-0.03459063
-0.0342364
-0.03376618
-0.03300749
-0.03254822
-0.03221684
-0.0320245
-0.03155195
-0.03081787
-0.03026248
-0.02933097
-0.02801134
-0.02620573
-0.02440161
-0.02301536
-0.02128032
-0.01882831
-0.01594827
-0.01306882
-0.01029991
-0.007759979
-0.005698456
-0.004127667
-0.002630862
-0.001467606
-0.0006617441
0.0002724502
0.0007311059
0.0009928576
0.001567861
0.002128275
0.001891627
0.001193068
0.0001743223
-0.001231891
-0.002913338
-0.004534402
-0.006851775
-0.008945326
-0.01095257
-0.01330548
-0.01607404
-0.01873818
-0.02081366
-0.02225628
-0.02344469
-0.02424649
-0.0247216
-0.02455392
-0.02407021
-0.02335757
-0.0219832
-0.01962533
-0.01627512
-0.01258403
-0.008687128
-0.004308542
0.0001778356
0.004576533
0.008797403
0.01267276
0.01614832
0.0191589
0.02134651
0.02308824
0.02513403
0.02704821
0.02832701
0.0290149
0.02908066
0.02893394
0.02850269
0.0276649
0.02680744
0.02601489
0.02473103
0.02332733
0.02182353
0.0200004
0.01791326
0.01585848
0.01355318
0.01128683
0.009139568
0.007512409
0.006120623
0.004771641
0.003795845
0.003368716
0.003324898
0.00340577
0.003876351
0.00486028
0.006024918
0.007005535
0.00857299
0.01078821
0.01351749
0.01603239
0.01820239
0.02023271
0.02188908
0.02306948
0.02466284
0.02584999
0.02627953
0.02658306
0.02706019
0.02785193
0.02839592
0.02806568
0.02776667
0.02704066
0.02571677
0.02443942
0.02323554
0.02181579
0.01976775
0.01685729
0.01343204
0.009722089
0.005978228
0.002093104
-0.001561647
-0.005079218
-0.008929531
-0.01254831
-0.01603818
-0.01956341
-0.02294782
-0.0258106
-0.0283685
-0.03044587
-0.03190355
-0.03316671
-0.03386387
-0.0343674
-0.03443115
-0.03448373
-0.034631
-0.03472933
-0.03465408
-0.03420081
-0.03333667
-0.03239803
-0.03160522
-0.03039151
-0.02891062
-0.02718084
-0.02513101
-0.02300914
-0.02081048
-0.01866555
-0.01640987
-0.01436142
-0.01178932
-0.009446338
-0.007465338
-0.005338181
-0.00355464
-0.00193986
-0.0005549394
0.0001999398
0.0004565554
0.001139528
0.002184093
0.002784988
0.002928065
0.003427792
0.004269649
0.004905358
0.005622053
0.006345675
0.007028589
0.007773635
0.008178619
0.008502526
0.008742581
0.009387862
0.01037158
0.01100206
0.01148499
0.01252381
0.01373946
0.01454069
0.01509032
0.01599005
0.01702036
0.01822394
0.01919485
0.0200056
0.02112643
0.02191746
0.0223554
0.02256469
0.02258926
0.02266244
0.02273027
0.02261179
0.02216307
0.02142552
0.02077894
0.02006034
0.01957191
0.01902558
0.01841979
0.01773192
0.01760033
0.01804301
0.01893105
0.01915491
0.01893438
0.01890896
0.01921263
0.01991617
0.02074427
0.02144898
0.02199377
0.02246361
0.02258698
0.02293717
0.0234477
0.02364679
0.0236879
0.02396681
0.02451454
0.02506833
0.02546674
0.02593969
0.02611611
0.02638623
0.02680259
0.02692228
0.02671867
0.02662896
0.02596055
0.02527156
0.02430684
0.02350189
0.02287498
0.02199213
0.02159996
0.02158052
0.02112319
0.02008087
0.01901469
0.01899942
0.01912711
0.01906034
0.01895918
0.01893402
0.01922171
0.0198866
0.02236767
0.0228589
0.02301241
0.02296394
0.02298583
0.02308811
0.02321684
0.02326234
0.02307436
0.02250328
0.02167459
0.02105133
0.02037136
0.01970017
0.01914172
0.01855661
0.01824843
0.01774215
0.01723308
0.01675887
0.01617435
0.01589946
0.01544849
0.01492115
0.01441845
0.01368195
0.01315077
0.01261044
0.01226022
0.0117413
0.01128677
0.01079974
0.01027895
0.01028581
0.01033066
0.01030031
0.01026309
0.01022116
0.01020081
0.0101913
0.01019436
0.01018523
0.01015691
0.0100979
0.01004755
0.01007535
0.01028852
0.01071888
0.0111549
0.01113725
0.01128903
0.01175716
0.01219544
0.01200535
0.01144643
0.01095826
0.01078257
0.01044148
0.01000506
0.009921846
0.009610811
0.008807141
0.007810507
0.007403189
0.007240526
0.006680773
0.005869874
0.005196158
0.004510912
0.003769961
0.003116194
0.002329674
0.001847227
0.001624206
0.001644632
0.001622391
0.001494484
0.0013509
0.00131774
0.001612212
0.002365171
0.003327832
0.003654273
0.003324393
0.002970861
0.002750683
0.002191838
0.001767726
0.001421665
0.001270177
0.000843483
0.0001337566
-0.0003830461
-0.0009677406
-0.001453812
-0.002241007
-0.002936522
-0.003255159
-0.003805003
-0.004569139
-0.005019307
-0.005178446
-0.005122197
-0.005122079
-0.005214395
-0.005309551
-0.005256905
-0.004844861
-0.003948959
-0.00291008
-0.002537368
-0.001818685
-0.0008378278
-2.941138e-05
0.0008476752
0.001252366
0.001189038
0.001192678
0.001302983
0.001369252
0.001246421
0.0007695239
7.739902e-06
-0.0005963803
-0.0007467933
-0.001118542
-0.002057108
-0.003158111
-0.003889075
-0.004650831
-0.004746313
-0.00460331
-0.004742515
-0.005251161
-0.00606138
-0.006695636
-0.007030151
-0.007647543
-0.008366427
-0.008515807
-0.008350344
-0.008323472
-0.008550479
-0.009032546
-0.009527059
-0.009803076
-0.009913104
-0.009434291
-0.008769168
-0.008486722
-0.008165234
-0.007908131
-0.007484186
-0.006513375
-0.005282108
-0.004460509
-0.003524663
-0.002580976
-0.001619922
-0.001133939
-0.0003406284
0.0005431211
0.001281753
0.002269446
0.002854073
0.003595782
0.004173924
0.004080027
0.003995819
0.004086214
0.0043812
0.004875765
0.005364494
0.005733041
0.006158921
0.007024382
0.008189352
0.008881532
0.009448191
0.01015741
0.01128302
0.01216997
0.01319138
0.01391397
0.01441699
0.01496351
0.01556399
0.01557808
0.01584018
0.01650698
0.01695144
0.01686714
0.01652804
0.01600945
0.01524984
0.01456944
0.01405905
0.01320825
0.01202275
0.01114277
0.01008083
0.009062254
0.00817479
0.007277198
0.006227942
0.005543171
0.004984024
0.004627237
0.004120682
0.003429098
0.003057486
0.002992982
0.003211024
0.003418858
0.003966131
0.00412979
0.003962336
0.004049732
0.00450029
0.005160239
0.005486732
0.005558943
0.00575405
0.005936842
0.006215737
0.006694085
0.007016453
0.007336978
0.007537582
0.007624818
0.007820488
0.008137994
0.008280656
0.008441365
0.008396806
0.008165042
0.007996292
0.008005071
0.008288273
0.008762906
0.009010107
0.008827721
0.008615305
0.008480698
0.008355493
0.008168132
0.007851544
0.007420236
0.007045867
0.006920143
0.006643271
0.006045968
0.005249819
0.004658351
0.004225079
0.003634189
0.002852309
0.001888025
0.0007936478
-0.0004685433
-0.001786613
-0.00299008
-0.004044551
-0.005052692
-0.006507169
-0.007721643
-0.008557197
-0.009383379
-0.01006408
-0.01057931
-0.0110675
-0.01160552
-0.01199537
-0.01241468
-0.01241536
-0.01233145
-0.0123527
-0.0123199
-0.01206473
-0.01177557
-0.01144093
-0.01100772
-0.01061451
-0.01005844
-0.00960447
-0.0094379
-0.00926493
-0.009079601
-0.009073993
-0.009195517
-0.009336631
-0.009528479
-0.009558297
-0.009602264
-0.009541314
-0.00937707
-0.009334881
-0.009012594
-0.008693407
-0.008610924
-0.008533124
-0.008428848
-0.00831785
-0.008208168
-0.00809802
-0.007972648
-0.007812918
-0.007614826
-0.00743972
-0.0073585
-0.007052706
-0.006849959
-0.006823918
-0.006813102
-0.006762821
-0.006655848
-0.006759534
-0.006764326
-0.006638784
-0.006468316
-0.006215847
-0.005918917
-0.005725359
-0.005638135
-0.005561934
-0.005531817
-0.0055817
-0.005656933
-0.005590677
-0.005430838
-0.005310986
-0.00529548
-0.005425011
-0.005648706
-0.005738126
-0.005625885
-0.005580122
-0.005672042
-0.005797235
-0.005904462
-0.00598345
-0.006090255
-0.006086617
-0.006019847
-0.005865044
-0.00571882
-0.005592498
-0.005445827
-0.005251458
-0.004987506
-0.004700637
-0.004501861
-0.004287431
-0.004015277
-0.003796139
-0.003688739
-0.00358073
-0.003429543
-0.003220081
-0.002954153
-0.002705797
-0.002489509
-0.002274378
-0.002173441
-0.002078543
-0.001959783
-0.001855072
-0.00179625
-0.001819683
-0.001898029
-0.001943193
-0.002024555
-0.002129519
-0.002184907
-0.00215329
-0.002113514
-0.002028443
-0.001983885
-0.001966777
-0.001877486
-0.001807584
-0.001772944
-0.001703588
-0.001573302
-0.001446665
-0.001320756
-0.001175856
-0.0009996451
-0.0008120683
-0.0006657677
-0.000506705
-0.0002802843
-4.080873e-05
0.0001221365
0.000272219
0.0004607055
0.0006151125
0.0007650645
0.0008785211
0.001005124
0.0011184
0.001247714
0.001410277
0.00153524
0.001650116
0.001742173
0.001817322
0.001935007
0.002098434
0.002241642
0.002379083
0.002498975
0.00262767
0.002743631
0.002817972
0.002864938
0.002932453
0.003024858
0.003046225
0.003057074
0.003052474
0.003056584
0.003042893
0.003014684
0.002983113
0.002932177
0.002921264
0.00289302
0.002844868
0.002812066
0.002796375
0.002781642
0.002756407
0.002742459
0.002718107
0.002693746
0.002659868
0.002648017
0.002642622
0.00262482
0.002618215
0.002594641
0.002550821
0.002513779
0.002496067
0.00246089
0.002432058
0.002398572
0.002360136
0.002312189
0.002251245
0.002181596
0.002108967
0.002019824
0.001930194
0.001844174
0.001758407
0.001674025
0.001590355
0.001508378
0.001426605
0.001343602
0.001256596
0.00116651
0.001079731
0.00100102
0.0009179605
0.0008352435
0.0007661963
0.0006991595
0.0006309076
0.000563441
0.0004976949
0.0004359155
0.0003786702
0.0003241239
0.000265399
0.0002023104
0.0001422334
8.718517e-05
3.504977e-05
-1.926793e-05
-7.853331e-05
-0.00013684
-0.0001934751
-0.000248924
-0.0003035168
-0.0003573622
-0.0004105695
-0.000462942
-0.0005143781
-0.0005646149
-0.000613766
-0.0006622079
-0.0007109595
-0.0007609634
-0.0008122492
-0.0008620877
-0.0009072345
-0.0009514797
-0.000998578
-0.001046311
-0.001089573
-0.001132764
-0.001175328
-0.001217087
-0.001255623
-0.001292253
-0.001329575
-0.001365126
-0.001399049
-0.001432427
-0.001464357
-0.001494987
-0.001526097
-0.001556661
-0.001586077
-0.001615686
-0.001645376
-0.001673438
-0.001701439
-0.001728518
-0.001754837
-0.001780966
-0.001806492
-0.001832003
-0.001856949
-0.00188178
-0.001906294
-0.001930285
-0.001954398
-0.00197868
-0.002003157
-0.002027741
-0.002052154
-0.002075925
-0.002099585
-0.002123184
-0.002146651
-0.002169956
-0.002193129
-0.002216172
-0.002238905
-0.002261395
-0.002283688
-0.002305758
-0.002327592
-0.002349135
-0.002370405
-0.002391353
-0.002411965
-0.002432272
-0.00245229
-0.002472002
-0.002491416
-0.002510535
-0.002529355
-0.002547881
-0.002566126
-0.002584085
-0.002601759
-0.002619151
-0.002636264
-0.002653097
-0.002669651
-0.002685925
-0.002701918
-0.00271763
-0.002733059
-0.002748204
-0.002763063
-0.002777636
-0.002791921
