-1.589343e-05
-1.591225e-05
-1.593469e-05
-1.595303e-05
-1.59777e-05
-1.600217e-05
-1.60144e-05
-1.603871e-05
-1.605325e-05
-1.604819e-05
-1.607948e-05
-1.609519e-05
-1.610614e-05
-1.610615e-05
-1.613447e-05
-1.613227e-05
-1.614509e-05
-1.615276e-05
-1.610021e-05
-1.607475e-05
-1.609377e-05
-1.611393e-05
-1.609651e-05
-1.608117e-05
-1.607816e-05
-1.604468e-05
-1.602116e-05
-1.602568e-05
-1.598714e-05
-1.597001e-05
-1.594143e-05
-1.586298e-05
-1.572188e-05
-1.57625e-05
-1.598057e-05
-1.579263e-05
-1.570912e-05
-1.571566e-05
-1.579837e-05
-1.576552e-05
-1.550774e-05
-1.564078e-05
-1.540816e-05
-1.546318e-05
-1.568435e-05
-1.525364e-05
-1.518783e-05
-1.525682e-05
-1.521228e-05
-1.521404e-05
-1.50987e-05
-1.509931e-05
-1.490312e-05
-1.489927e-05
-1.49304e-05
-1.468727e-05
-1.471463e-05
-1.499767e-05
-1.465727e-05
-1.42104e-05
-1.401915e-05
-1.372343e-05
-1.362247e-05
-1.385421e-05
-1.444995e-05
-1.42611e-05
-1.384081e-05
-1.43471e-05
-1.39019e-05
-1.343443e-05
-1.358332e-05
-1.338668e-05
-1.353813e-05
-1.303929e-05
-1.36896e-05
-1.357062e-05
-1.181052e-05
-1.308764e-05
-1.366319e-05
-1.259657e-05
-1.331671e-05
-1.361945e-05
-1.333924e-05
-1.252818e-05
-1.205136e-05
-1.152654e-05
-1.066e-05
-1.148676e-05
-1.202215e-05
-1.231517e-05
-1.158281e-05
-1.081789e-05
-1.088647e-05
-1.126351e-05
-1.178926e-05
-1.078913e-05
-1.086884e-05
-1.100815e-05
-1.08997e-05
-1.023392e-05
-9.391464e-06
-1.157439e-05
-1.122256e-05
-9.765899e-06
-1.098024e-05
-1.035183e-05
-9.046976e-06
-9.52009e-06
-1.086013e-05
-9.236888e-06
-8.540016e-06
-1.08065e-05
-8.895664e-06
-7.737914e-06
-8.247896e-06
-7.798369e-06
-8.319033e-06
-9.210145e-06
-1.015313e-05
-9.63782e-06
-7.464929e-06
-7.973595e-06
-7.50487e-06
-7.006153e-06
-7.58288e-06
-6.342825e-06
-6.15951e-06
-6.825795e-06
-7.072102e-06
-5.727604e-06
-6.014418e-06
-8.30563e-06
-7.40499e-06
-5.529106e-06
-5.42765e-06
-5.658835e-06
-3.357963e-06
-3.175275e-06
-3.878876e-06
-1.936899e-06
-4.527089e-06
-7.590079e-06
-5.21051e-06
-4.988998e-06
-5.867475e-06
-4.735451e-06
-3.135448e-06
-3.967741e-06
-4.831372e-06
-3.166765e-06
-2.511037e-06
-4.970865e-06
-5.311878e-06
-4.75871e-06
-7.201256e-06
-3.380639e-06
-1.058883e-06
-5.246434e-06
-6.921342e-06
-4.990627e-06
-1.609357e-06
-4.771987e-06
-4.71392e-06
-1.122157e-06
-8.922417e-07
-1.44661e-06
-1.170952e-06
6.232076e-07
-1.518105e-06
1.013216e-06
2.995092e-06
-4.723545e-07
-1.125987e-06
-2.108983e-06
-1.472155e-06
-1.904803e-06
8.128954e-07
8.524722e-07
-4.801571e-06
-2.871442e-06
-1.317753e-06
-5.485581e-07
1.581821e-06
3.197494e-06
1.085574e-06
-4.143741e-06
6.653997e-07
1.591575e-06
-1.110053e-06
1.058328e-06
1.27384e-06
1.325717e-06
-1.593216e-09
1.217323e-07
1.647311e-06
1.85655e-06
4.884664e-06
5.832475e-06
5.181237e-06
5.331441e-06
3.128961e-06
-1.382277e-06
-5.083414e-07
5.814368e-06
8.341793e-06
5.247215e-06
3.875109e-06
6.259264e-06
3.261204e-06
3.341131e-06
5.855125e-06
2.591455e-07
-2.090191e-06
7.024313e-06
8.78517e-06
-2.004471e-07
-3.584025e-06
-9.160982e-07
4.176959e-06
8.558201e-06
1.038369e-05
2.66992e-06
-5.7148e-06
3.732e-06
7.267279e-06
5.423036e-07
4.79063e-06
5.880399e-06
1.516834e-06
-2.500114e-07
2.564356e-06
7.897595e-06
8.081094e-06
9.005211e-06
1.002783e-05
6.427447e-06
4.774118e-06
6.518477e-06
3.043115e-06
3.940717e-06
8.63784e-06
7.790748e-06
2.230425e-06
-4.728609e-07
4.210493e-06
6.125571e-06
6.245055e-06
1.000018e-05
6.276529e-06
1.637528e-06
6.35173e-06
5.466369e-06
1.716269e-06
6.470351e-06
7.508084e-06
2.718925e-06
4.672844e-06
1.050203e-05
8.600981e-06
5.762463e-06
8.616251e-06
8.74625e-06
7.712605e-06
6.807e-06
5.810098e-06
2.841385e-06
2.931809e-06
9.784108e-06
1.085202e-05
7.87757e-06
7.873873e-06
5.889119e-06
1.905607e-06
3.919398e-06
6.848844e-06
3.937554e-06
4.849218e-06
9.957343e-06
9.844797e-06
3.90531e-06
5.87741e-06
4.750737e-06
-1.119682e-06
7.77336e-06
9.837479e-06
3.836013e-06
6.677236e-06
8.868921e-06
6.646501e-06
1.662804e-06
6.693754e-06
1.065125e-05
5.580361e-07
-1.551702e-06
2.390196e-06
2.542634e-06
8.416184e-06
1.366049e-05
1.54971e-05
1.147386e-05
9.359758e-06
9.289853e-06
4.17118e-06
2.10141e-06
4.043263e-06
9.703553e-07
1.989085e-06
1.001327e-05
9.008931e-06
3.872225e-06
2.739924e-06
1.750169e-06
2.655313e-06
5.747616e-06
7.663447e-06
5.634656e-06
8.646515e-06
1.262151e-05
6.546818e-06
2.918789e-07
2.368165e-06
9.387009e-06
7.294279e-06
5.343828e-06
9.122399e-06
5.293534e-06
4.982684e-06
3.063075e-06
2.966797e-06
4.897044e-06
6.02887e-06
7.80776e-06
2.857198e-06
5.779973e-06
9.760249e-06
5.791166e-06
6.578141e-06
8.728309e-06
1.063615e-05
5.480245e-06
1.483773e-06
7.369673e-06
7.475268e-06
8.416649e-06
9.312993e-06
2.249616e-06
4.12179e-08
5.2309e-06
8.077969e-06
5.173902e-06
8.019359e-06
7.045309e-06
3.963191e-06
2.773982e-06
1.899675e-06
6.76557e-06
4.789961e-06
2.691004e-06
4.629652e-06
-4.453945e-07
-3.613182e-06
5.622207e-06
1.053509e-05
-7.803617e-06
-1.282746e-05
6.235463e-06
7.43229e-06
3.24364e-06
6.161279e-06
4.215209e-06
5.121556e-06
1.97043e-06
-4.060779e-06
3.92544e-06
1.208377e-05
1.106573e-05
3.793696e-06
-8.416585e-06
-6.371726e-06
4.611306e-06
5.857901e-06
5.548598e-06
-4.42941e-07
4.915339e-07
8.541901e-06
7.563078e-06
5.423558e-06
7.474505e-06
5.312251e-06
-1.775415e-06
1.57269e-07
5.194854e-06
5.209989e-06
6.11372e-06
7.175902e-06
3.955592e-06
-1.047283e-06
1.846137e-06
1.85302e-06
-2.208585e-07
7.898745e-06
1.494385e-05
6.791962e-06
-1.431255e-06
2.611691e-06
6.617063e-06
2.541598e-06
2.522268e-06
2.340466e-06
-3.601245e-06
-8.066262e-07
2.37562e-06
4.295721e-06
5.288363e-06
5.27677e-06
6.208222e-06
5.213999e-06
2.02954e-06
-9.593768e-07
1.959135e-06
3.991517e-06
7.071279e-06
7.85645e-06
2.994358e-06
3.679941e-06
-1.225361e-06
-3.447497e-06
6.36751e-07
4.660257e-06
4.586251e-06
2.562433e-06
5.539342e-06
4.418206e-06
4.483612e-07
4.329963e-06
3.347146e-06
2.542952e-07
3.20118e-06
4.263042e-06
3.132285e-06
1.070458e-06
1.064669e-06
9.405634e-07
-2.053501e-06
-1.447548e-07
8.777532e-07
-1.203185e-06
-2.524428e-07
2.799643e-06
2.707084e-06
-1.368439e-06
-3.741469e-07
1.535986e-06
6.127373e-07
6.567675e-06
8.632864e-06
1.423483e-06
-3.674227e-06
-3.787004e-06
-6.855666e-06
-4.806589e-06
4.216142e-06
5.296787e-06
3.169805e-06
2.083418e-06
2.139883e-06
9.018738e-07
-1.97141e-06
4.94898e-06
2.890042e-06
-3.105926e-06
2.712948e-06
2.917023e-06
3.74034e-06
5.799913e-06
5.813062e-06
5.207088e-07
-3.332672e-06
5.508626e-06
3.656931e-06
-5.377237e-07
1.462184e-06
-5.64459e-07
-5.776573e-06
-5.718492e-06
2.585337e-07
3.128702e-07
2.255841e-07
3.247931e-06
2.21541e-06
-1.924722e-06
-1.916001e-06
2.036052e-06
2.083844e-06
9.673371e-07
-2.123996e-06
-2.102328e-06
3.884581e-06
3.945746e-06
-3.325873e-06
-9.386201e-06
-5.470575e-06
4.839115e-06
1.176818e-05
4.744412e-06
-2.49424e-06
-5.63904e-06
-4.528167e-06
4.491538e-06
1.412707e-06
-6.668554e-06
-7.721272e-07
4.470991e-06
1.169417e-06
-4.756659e-06
-2.97284e-06
-4.902e-06
-6.015645e-06
-3.007088e-06
7.791671e-08
4.046002e-06
2.04993e-06
-8.271971e-06
-1.842754e-05
-8.26159e-06
1.302012e-05
1.924301e-05
8.918935e-06
-1.459919e-05
-2.260707e-05
5.798185e-07
9.830675e-06
6.961751e-07
-2.598007e-06
6.561496e-07
9.639827e-06
1.451883e-06
-1.270405e-05
-2.704786e-06
5.451514e-06
4.322578e-07
-2.827058e-06
-8.816594e-06
-1.511388e-05
-1.499072e-05
-8.058891e-06
2.605655e-07
1.332797e-05
1.234133e-05
-7.050104e-06
-1.835145e-05
-6.046505e-06
1.218441e-05
9.533765e-07
-2.240801e-05
-2.266783e-05
-3.05479e-06
2.316538e-05
3.049514e-05
1.396992e-05
-1.858297e-05
-4.213188e-05
-3.499193e-05
-3.590481e-07
3.22334e-05
2.498815e-05
-1.262246e-05
-2.918904e-05
-4.520847e-06
2.785717e-05
1.264145e-05
-2.71075e-05
-3.953372e-05
-2.002528e-05
1.35004e-05
1.54742e-05
-1.811143e-05
-2.534787e-05
1.855132e-05
5.207828e-05
9.246961e-06
-5.905198e-05
-5.188309e-05
4.965065e-06
1.533431e-05
-4.095971e-06
-7.343836e-08
8.045809e-06
-8.28541e-06
-2.156346e-05
2.957112e-06
2.716405e-05
1.945557e-06
-3.711402e-05
-4.102496e-05
8.824951e-06
5.670718e-05
3.120139e-05
-4.628387e-05
-8.81787e-05
-4.73282e-05
2.899423e-05
5.347954e-05
2.500248e-05
-6.889282e-07
-8.694045e-06
-1.094649e-05
-1.58826e-05
-8.895104e-06
2.369145e-06
-2.837811e-06
-1.903784e-05
-2.739482e-05
-2.420026e-05
-5.975879e-06
1.037845e-05
7.233146e-06
-2.853233e-06
-4.067253e-06
-8.042483e-06
-1.1186e-05
-1.96132e-06
8.129083e-06
-2.040868e-06
-1.935466e-05
-1.945067e-05
-8.175383e-06
-1.269603e-07
1.988223e-06
3.926824e-06
-3.220992e-06
-1.5414e-05
-1.963741e-05
-1.748621e-05
-8.423592e-06
-2.295845e-06
7.882953e-07
3.696185e-06
1.781769e-06
-2.459686e-06
-1.466624e-05
-2.075204e-05
-1.0684e-05
-6.646504e-06
-2.401213e-06
1.154228e-05
1.080749e-05
3.66441e-07
-1.588414e-05
-2.297606e-05
-1.811225e-05
-1.175109e-05
6.385471e-06
1.147771e-05
-6.633305e-07
-2.86366e-06
-2.805496e-06
-8.966164e-06
-1.508588e-05
-1.818731e-05
-1.817105e-05
-1.210694e-05
-1.892647e-06
3.173042e-06
-7.090143e-06
-1.819025e-05
-1.122233e-05
-1.963673e-06
2.058872e-06
2.048441e-06
-6.13184e-06
-1.839776e-05
-1.73164e-05
-4.224004e-06
6.099458e-09
-2.157903e-06
-1.13319e-05
-2.154759e-05
-1.543501e-05
-1.699166e-07
-2.27178e-06
-1.338143e-05
-4.287369e-06
5.842791e-06
-3.224125e-06
-1.249484e-05
-1.654083e-05
-2.172299e-05
-1.752437e-05
2.729039e-06
8.852846e-06
-1.235711e-06
-6.566385e-06
-9.373081e-06
-1.275834e-05
-1.85767e-05
-1.270805e-05
-1.4674e-05
-2.385198e-05
-1.266449e-05
6.643583e-06
8.710266e-06
3.608685e-06
4.850198e-07
-1.381412e-05
-3.107853e-05
-3.227192e-05
-1.576814e-05
9.506764e-06
1.678354e-05
5.518929e-06
-1.705902e-05
-3.00608e-05
-1.301104e-05
-3.701276e-06
-7.762844e-06
-4.831727e-06
1.381154e-06
8.437288e-06
7.463644e-06
-9.960177e-06
-2.824583e-05
-1.700362e-05
3.204448e-06
-1.696822e-06
-2.807116e-06
8.371058e-06
1.28009e-06
-2.631575e-05
-4.156609e-05
-2.223837e-05
4.244967e-06
7.320407e-06
-8.013662e-07
-6.041138e-06
-7.895485e-06
-5.053107e-06
-1.203219e-05
-2.232641e-05
-2.436936e-05
-1.206868e-05
5.128544e-06
3.19654e-06
-1.013099e-05
-1.72605e-05
-1.1092e-05
-6.149636e-06
-1.306915e-05
-1.640089e-05
-1.206176e-05
9.892917e-07
1.06219e-06
-6.008788e-06
-3.076522e-06
-8.118035e-06
-1.82898e-05
-1.325994e-05
1.094706e-06
-1.100068e-06
-2.131151e-05
-2.447761e-05
-1.327203e-05
-5.015463e-06
-1.045445e-06
-8.163308e-06
-1.112394e-05
-3.169521e-06
-1.969654e-06
2.026945e-06
1.969116e-06
-1.214881e-05
-2.46214e-05
-2.231646e-05
-5.247176e-06
-8.16123e-06
-2.450926e-05
-2.350581e-05
-9.218675e-06
-2.125658e-06
-2.051902e-06
1.992067e-06
-3.188042e-06
-1.526172e-05
-1.134226e-05
-5.181475e-06
-4.071134e-06
-6.317591e-06
-1.217775e-05
-5.243934e-06
-1.053231e-06
-8.227651e-06
-1.435936e-05
-1.122309e-05
-9.327294e-06
-1.730988e-05
-1.334185e-05
-1.080468e-06
2.043289e-06
-8.28842e-06
-2.137554e-05
-1.642646e-05
-7.177556e-06
-6.121975e-06
-1.131346e-05
-1.732948e-05
-9.227347e-06
5.066194e-06
6.108174e-06
-8.21503e-06
-2.238623e-05
-2.661357e-05
-2.133341e-05
-2.10922e-06
9.201585e-06
-1.055958e-06
-1.424072e-05
-9.157589e-06
-1.059315e-06
-8.093771e-06
-1.424564e-05
-1.534704e-05
-1.205173e-05
-7.30333e-06
-1.095984e-05
-6.207245e-06
-1.011611e-05
-1.312571e-05
-1.331024e-08
5.212024e-06
-9.433552e-07
-1.016507e-05
-1.206129e-05
-8.195876e-06
-1.511268e-05
-2.032053e-05
-2.136697e-05
-1.404975e-05
2.047901e-06
-2.905853e-06
-1.207668e-05
8.499164e-08
1.551425e-05
8.20282e-06
-1.910622e-05
-2.843767e-05
-1.511686e-05
4.325959e-06
7.252003e-06
-1.503311e-05
-2.220938e-05
-2.825018e-06
3.249899e-06
-1.498759e-05
-2.317075e-05
-1.916437e-05
-1.596441e-05
-1.767634e-06
1.459105e-05
1.258677e-05
-1.093419e-05
-3.017172e-05
-1.496609e-05
1.262013e-05
1.570519e-05
-9.854562e-06
-2.803519e-05
-1.08622e-05
5.610174e-06
-9.800472e-06
-3.311244e-05
-1.988416e-05
8.575676e-06
1.080346e-05
-5.440494e-07
-1.061248e-05
-1.889097e-05
-2.384776e-05
-1.268809e-05
5.240256e-07
1.738736e-06
-4.609889e-06
-1.661775e-05
-9.583673e-06
5.724398e-06
-1.337911e-06
-2.38249e-05
-2.985134e-05
-3.320984e-06
1.59737e-05
-7.39052e-06
-3.175824e-05
-2.585296e-05
-1.33474e-05
-4.329803e-06
-1.344815e-05
-3.070709e-05
-2.872395e-05
-1.644248e-05
-1.130619e-05
-1.541641e-05
-2.348911e-05
-3.273758e-05
-4.080164e-05
-2.856883e-05
2.039276e-06
1.525796e-05
7.287169e-08
-1.424244e-05
-2.034154e-05
-3.258092e-05
-4.672872e-05
-5.915017e-05
-7.420963e-05
-7.635551e-05
-7.638891e-05
-7.206447e-05
-4.889219e-05
-3.229126e-05
-2.933482e-05
-4.982908e-05
-7.083333e-05
-6.723032e-05
-7.803833e-05
-8.526243e-05
-8.436599e-05
-9.527503e-05
-9.962783e-05
-9.728753e-05
-9.544774e-05
-0.0001044957
-9.922833e-05
-7.813735e-05
-6.04566e-05
7.802536e-06
0.0001127319
0.0001648996
0.0001556485
0.0001446065
0.0001505439
0.0001282835
7.727501e-05
4.569062e-05
6.303031e-05
0.0001181865
0.0001670586
0.0001712721
0.0001466641
0.0001540235
0.000238534
0.0003558116
0.0004437255
0.0004506541
0.0003121325
5.82792e-05
-0.0001917116
-0.0003066109
-0.0002345074
-7.417817e-05
6.949985e-05
0.0001705505
0.0002369251
0.0002204615
6.962885e-05
-0.0001197723
-0.0002251716
-0.0002228076
-7.508419e-05
0.0002116282
0.0004777117
0.0004867678
0.0002036177
-0.000149323
-0.0003890124
-0.0004388419
-0.0002380131
0.0001792868
0.0005918647
0.0007564437
0.0006433038
0.0002616727
-0.0003754218
-0.001009698
-0.001278781
-0.001101373
-0.0007498729
-0.0004311962
-9.173142e-05
0.0001753271
0.0001140835
-0.0002099239
-0.000402381
-0.0003438465
-0.0002700489
-0.0002025212
-9.010809e-06
0.0002317446
0.0003673399
0.0003727595
0.00022055
-0.0002066425
-0.0008162311
-0.001233339
-0.001139595
-0.000484737
0.0004970851
0.001360022
0.00166674
0.001224475
0.0002109099
-0.0009579601
-0.001722329
-0.001563377
-0.0004927397
0.0008849804
0.00182831
0.001876303
0.001042989
-0.0001475468
-0.0009981899
-0.001211513
-0.0008745722
-0.0001794459
0.0005865862
0.00112404
0.001204326
0.0008255513
0.0002622097
-0.0001747934
-0.0002546391
8.119371e-05
0.0007203654
0.001437276
0.002045349
0.002395778
0.002341992
0.001941337
0.001414984
0.0009808893
0.0007665375
0.0007086651
0.0005882565
0.0001732288
-0.0005232643
-0.001187566
-0.001617541
-0.001924134
-0.002102486
-0.00206762
-0.002051693
-0.00231811
-0.002493868
-0.00212577
-0.001507471
-0.0009947108
-0.0007632003
-0.0008025393
-0.001054782
-0.00145356
-0.001348156
-0.0006819599
2.549875e-05
0.0006388948
0.0009691484
0.0008429037
0.000120467
-0.0008567733
-0.001390754
-0.001327506
-0.0008901313
-0.0005163311
-0.0005678986
-0.0009214135
-0.001333182
-0.001695278
-0.001832222
-0.001631825
-0.00089226
0.0006214399
0.002675916
0.004564364
0.00532164
0.004875968
0.00409244
0.003489506
0.002921926
0.001909871
0.0007206556
-0.0001854642
-0.0006926367
-0.0006871855
-0.0004830981
-0.0004243571
-0.0009214284
-0.001555282
-0.001453482
-0.0008864491
-0.0002857641
-3.847431e-05
-6.480938e-05
-8.575047e-05
-0.0001623253
0.0002379084
0.001196811
0.002136868
0.002575453
0.002273965
0.001754397
0.001785527
0.002465031
0.003069351
0.002685035
0.0008461366
-0.001726869
-0.003480769
-0.00360799
-0.002483221
-0.001922113
-0.00337104
-0.005963656
-0.007849582
-0.007570075
-0.005205778
-0.001682277
0.002131533
0.005200448
0.007042959
0.007508979
0.006992866
0.005811593
0.003814209
0.00181513
0.001067651
0.002644061
0.006040561
0.008545239
0.007798118
0.003109527
-0.003775427
-0.009527689
-0.01209704
-0.01121502
-0.008516852
-0.006450589
-0.006371022
-0.008058165
-0.009919996
-0.01061239
-0.00952365
-0.007560644
-0.005849501
-0.003813714
-0.001011581
0.003015582
0.00786236
0.01177972
0.01340997
0.01220283
0.009428694
0.007421797
0.007105777
0.007337848
0.006155726
0.003057209
0.0003039805
-0.0006330695
-0.000234935
0.0008005054
0.0003672962
-0.00208591
-0.004917596
-0.006538244
-0.005248969
-0.001741465
0.001059273
0.001366186
-3.322652e-05
-0.0008799759
0.000768881
0.005086
0.009777159
0.01208405
0.01129163
0.008587492
0.005165852
0.002125574
0.0002226529
-0.001410223
-0.003903857
-0.007110504
-0.009436568
-0.009444628
-0.007900128
-0.007123026
-0.008679329
-0.01160921
-0.0133414
-0.01134756
-0.00511634
0.002244275
0.006218114
0.00435164
-0.001226764
-0.005707346
-0.006159416
-0.00193559
0.005422573
0.01208743
0.01499119
0.01376677
0.00944741
0.003334736
-0.003137689
-0.008236895
-0.01039929
-0.009254666
-0.005451484
-0.0008810851
0.002219655
0.002892335
0.00167124
0.0007991554
0.002020178
0.005829446
0.01091553
0.01397137
0.01416194
0.01236182
0.009217581
0.004899345
-0.001194813
-0.007403094
-0.01174626
-0.01341283
-0.01209305
-0.009233758
-0.007247415
-0.008428507
-0.01224091
-0.01538879
-0.01509175
-0.01083067
-0.004407404
0.001333668
0.003572638
0.00232791
0.0002833012
0.000139414
0.00353923
0.009435007
0.01511747
0.01845137
0.01896561
0.0174219
0.01460266
0.01124933
0.0070597
0.001549488
-0.004487682
-0.009340126
-0.01071382
-0.008811511
-0.006218933
-0.005616467
-0.008173941
-0.01082723
-0.01073077
-0.007067761
-0.0005032701
0.005641452
0.01009551
0.01268531
0.01386122
0.01587883
0.01818932
0.01787058
0.01301153
0.004431432
-0.004152861
-0.008100826
-0.006037998
-0.0009044259
0.003488787
0.003889392
-0.001144057
-0.009547078
-0.01716611
-0.02191899
-0.02370698
-0.02273908
-0.02063781
-0.019016
-0.0181663
-0.01669344
-0.01309152
-0.007712366
-0.001800412
0.00384477
0.009961075
0.01657777
0.02236155
0.02593384
0.02592615
0.02293806
0.01870199
0.01482307
0.01207667
0.009457074
0.006497785
0.003515336
0.0005818195
-0.002862626
-0.007064944
-0.01064997
-0.0124979
-0.0116741
-0.008703929
-0.006513503
-0.006487788
-0.008060614
-0.00961001
-0.009238328
-0.00630833
-0.001605953
0.002301954
0.003151427
0.001171058
-0.0013858
-0.002635311
-0.002397546
1.88463e-05
0.004614208
0.008859857
0.01038197
0.008935556
0.006256298
0.003859017
0.00194411
0.0003870943
-0.001074257
-0.003030301
-0.00567329
-0.007008072
-0.004834586
2.693023e-05
0.004847599
0.007702842
0.008400359
0.007165979
0.00436702
0.001517025
0.0008250479
0.001934391
0.001375649
-0.002520251
-0.007926496
-0.01200046
-0.01336287
-0.01198897
-0.008313372
-0.003924868
-0.0003606821
0.002116559
0.004757732
0.008559076
0.01172415
0.01222654
0.01030095
0.007682841
0.006022164
0.005753118
0.006800732
0.007366777
0.004363144
-0.001660198
-0.006896625
-0.009042492
-0.008218091
-0.006351839
-0.006239786
-0.009106753
-0.01376158
-0.01770018
-0.01870054
-0.01653904
-0.01250968
-0.007271089
-0.001866775
0.001435051
0.002590766
0.003983716
0.007008438
0.01152823
0.01686873
0.02183212
0.0247135
0.02413737
0.02055949
0.01655289
0.01371027
0.01175434
0.009826791
0.007183887
0.004564265
0.001077188
-0.005113148
-0.01305467
-0.02057207
-0.02433947
-0.02320096
-0.01914471
-0.0143586
-0.01114919
-0.009848335
-0.009864287
-0.009457594
-0.006929534
-0.003761178
-0.0003688523
0.003020403
0.004943326
0.006006344
0.006780363
0.006654597
0.005898257
0.004465051
0.002618097
0.00237364
0.003730075
0.004635465
0.003949144
0.002151037
0.0003713001
-0.0005786129
0.0007932314
0.003827011
0.005720313
0.004719
0.0005992874
-0.004814677
-0.009657292
-0.01213778
-0.01129443
-0.0087124
-0.005401577
-0.001224385
0.003910183
0.01021326
0.01625119
0.01972897
0.01913636
0.01364893
0.00562091
-0.001503134
-0.006457711
-0.009291791
-0.01137569
-0.01299832
-0.01394309
-0.01457135
-0.0139086
-0.01140289
-0.007389486
-0.00245985
0.001456949
0.002391892
0.0007399265
-0.002063996
-0.004205339
-0.00381201
-0.001210211
0.002996281
0.007091288
0.008568702
0.008484898
0.008122868
0.008414047
0.01139045
0.01609485
0.02040187
0.02366415
0.02529093
0.02545585
0.02346379
0.0177452
0.009447205
0.00113132
-0.005580288
-0.01030417
-0.01286229
-0.01357523
-0.0144045
-0.01683545
-0.02075341
-0.02361535
-0.02240791
-0.01732103
-0.01085637
-0.006415532
-0.00495426
-0.004741473
-0.004750983
-0.004014756
-0.002528281
-0.001961019
-0.003204567
-0.005158507
-0.005270178
-0.002714751
0.0002172431
0.001633698
0.00190603
0.002856796
0.005568944
0.008965916
0.01183611
0.01304686
0.01203363
0.01014335
0.008809097
0.008259922
0.007625157
0.0060249
0.003186148
-0.0008460697
-0.005493259
-0.009891204
-0.01327722
-0.01551846
-0.01693915
-0.01760181
-0.0170445
-0.01481336
-0.01089935
-0.006253583
-0.002996813
-0.001951161
-0.001801467
-0.0007624163
0.002065869
0.006236293
0.01094739
0.01497751
0.01718785
0.01734475
0.01637496
0.01599332
0.0163668
0.01639019
0.01470488
0.01076614
0.006466569
0.004078698
0.004001096
0.004432413
0.003216365
-0.0005427594
-0.006200634
-0.01111907
-0.01389148
-0.01534714
-0.01565166
-0.01483511
-0.01257293
-0.008244087
-0.003029622
0.001729058
0.00477616
0.004981736
0.003649041
0.002955862
0.004261857
0.006824066
0.008218053
0.00667803
0.002208246
-0.002389368
-0.004423535
-0.004177935
-0.004247762
-0.005848281
-0.007616437
-0.009110446
-0.009545684
-0.008309438
-0.006017385
-0.002537456
0.001473146
0.004978135
0.007027479
0.006217031
0.00182176
-0.005584051
-0.01346814
-0.01797223
-0.01591873
-0.007305806
0.003701171
0.01089781
0.01015642
0.003224929
-0.003948243
-0.005846299
-0.0004634559
0.008747564
0.01627617
0.01893471
0.01666418
0.012214
0.008215273
0.006426026
0.007300547
0.008858024
0.009223313
0.007226046
0.002750275
-0.003336428
-0.01004846
-0.01544345
-0.01827321
-0.01870519
-0.01743568
-0.01525098
-0.01253311
-0.01023821
-0.009518542
-0.00965762
-0.008141748
-0.003615381
0.002296652
0.006701885
0.008144826
0.007516522
0.006500065
0.006776228
0.01001627
0.01583179
0.02161565
0.02462018
0.02400989
0.02184309
0.01917345
0.01516984
0.01011279
0.004362704
-0.002151183
-0.009332257
-0.0157746
-0.01956616
-0.02095201
-0.02095702
-0.02073621
-0.0211861
-0.02220662
-0.02395927
-0.02520357
-0.02324518
-0.01735772
-0.00919666
-0.001214908
0.004975374
0.00873261
0.01007816
0.01064543
0.01250384
0.01631784
0.02060018
0.02296088
0.02279848
0.0204992
0.01593465
0.01015756
0.005990406
0.004497336
0.003697779
0.00217226
0.0008298707
0.0009658032
0.001861267
0.001733714
-0.0004030171
-0.004308599
-0.007964851
-0.009699833
-0.009341643
-0.007320069
-0.005035841
-0.003995752
-0.004855167
-0.006183378
-0.005061174
-0.0006991134
0.004946638
0.009047955
0.01038686
0.009566546
0.007605068
0.006788225
0.008429431
0.01056752
0.01053819
0.007637172
0.002970564
-0.003037082
-0.009960362
-0.01581876
-0.019468
-0.02107183
-0.02068505
-0.01848422
-0.0153566
-0.01265892
-0.01103428
-0.01014
-0.01001196
-0.01065386
-0.01138119
-0.01135362
-0.0094896
-0.006138109
-0.003041076
-0.001610812
-0.002475645
-0.004385334
-0.005489381
-0.004149852
0.0005616869
0.007223786
0.01337937
0.01746145
0.01992235
0.02182405
0.02347749
0.02506483
0.02659047
0.02772776
0.02727897
0.02450844
0.02035104
0.01614216
0.0118825
0.006795957
0.001431638
-0.003398749
-0.007086386
-0.009089489
-0.01033792
-0.01176634
-0.01361399
-0.01652029
-0.0200802
-0.02283013
-0.024203
-0.02466222
-0.02557684
-0.02714837
-0.02700377
-0.02311333
-0.01546257
-0.005343264
0.005406017
0.01439408
0.01932098
0.02005146
0.01860724
0.01680491
0.01517629
0.01398654
0.01343296
0.01323273
0.01275393
0.01168352
0.0106125
0.00971648
0.008614532
0.007416385
0.006422349
0.005799569
0.005029988
0.003391081
0.0009698493
-0.002013759
-0.005368353
-0.008380601
-0.01013649
-0.00998974
-0.008427584
-0.007067571
-0.006546944
-0.005565378
-0.002927718
0.0007086202
0.003639536
0.004730509
0.004460845
0.003901236
0.00314451
0.001859348
6.997773e-05
-0.001798416
-0.003232149
-0.004009387
-0.004543565
-0.005320505
-0.005916721
-0.005445011
-0.003305738
-0.0003625953
0.001185273
5.032353e-05
-0.003256564
-0.007266424
-0.01041314
-0.01156229
-0.01065274
-0.00888068
-0.007654456
-0.007054064
-0.005853151
-0.003370718
-0.0004480315
0.001875249
0.003757177
0.005860419
0.0088835
0.0127928
0.01643851
0.01861178
0.01793346
0.01463953
0.01106127
0.00855601
0.006879121
0.004969707
0.00235906
-0.0003854807
-0.002961423
-0.00520234
-0.007083581
-0.009025532
-0.01130418
-0.01357784
-0.0149778
-0.01479595
-0.01290606
-0.009728286
-0.006420338
-0.004268166
-0.003287358
-0.002201007
0.0002912837
0.004569031
0.01002972
0.01542136
0.01961264
0.02120808
0.01878924
0.01347761
0.008220771
0.005356036
0.005082254
0.00532364
0.00425756
0.001600585
-0.001208884
-0.002755667
-0.002680034
-0.0008025661
0.001578571
0.002708497
0.001626493
-0.001596488
-0.005342581
-0.008293702
-0.00982885
-0.01014452
-0.01010143
-0.01021323
-0.01091937
-0.0119278
-0.01282528
-0.01370759
-0.0145931
-0.01567623
-0.01682105
-0.01811113
-0.01993079
-0.02189937
-0.02303437
-0.02229423
-0.01957229
-0.01545439
-0.01081776
-0.006653236
-0.002833064
0.001375077
0.006140266
0.01075826
0.01447966
0.01736331
0.01918011
0.01922119
0.01718278
0.01377706
0.01061611
0.008578915
0.007526062
0.00710101
0.006977914
0.007013523
0.006559923
0.004733928
0.001854598
-0.0005775797
-0.001251484
0.0002062295
0.003046291
0.005601834
0.006640813
0.006046139
0.0049349
0.004918956
0.006620245
0.009519218
0.01240457
0.01459252
0.01587369
0.01624089
0.01622263
0.01574735
0.01449306
0.0122898
0.009169184
0.005367364
0.0006058122
-0.004829937
-0.009848196
-0.01326184
-0.01477092
-0.0158098
-0.01732247
-0.01859902
-0.01870484
-0.01727709
-0.01465563
-0.01127561
-0.007428888
-0.003703647
-0.0007957588
0.0009466665
0.001570698
0.001421567
0.001246158
0.001699788
0.003047082
0.004999899
0.006733458
0.007884899
0.008191076
0.007692411
0.007138387
0.006708334
0.006308636
0.005629515
0.004370731
0.003021866
0.002082665
0.00203253
0.002816667
0.003560053
0.003607131
0.002899789
0.002007017
0.00151061
0.001814015
0.002937222
0.003943414
0.003642394
0.001440699
-0.002256562
-0.006141956
-0.008742492
-0.009371714
-0.008975209
-0.009551218
-0.01169918
-0.01418565
-0.01585212
-0.01588242
-0.01391233
-0.01047569
-0.006737201
-0.003736447
-0.001532205
0.0005320879
0.003360512
0.007152266
0.01102338
0.01400523
0.0155139
0.0154107
0.01379974
0.01084778
0.006816767
0.002308685
-0.002101652
-0.006484674
-0.01052786
-0.01326295
-0.01424133
-0.0142983
-0.0146712
-0.01575013
-0.01733652
-0.01878209
-0.01928623
-0.01807512
-0.01543002
-0.01300494
-0.01116082
-0.008895536
-0.005293042
-0.0004684364
0.004222986
0.007664645
0.008910398
0.007188183
0.00271871
-0.002873356
-0.007315537
-0.009509344
-0.00972107
-0.009063849
-0.007992128
-0.006637516
-0.005692218
-0.004253503
-0.001033274
0.00383958
0.009144562
0.01338668
0.01656962
0.01874037
0.01928014
0.01824513
0.01649793
0.0150416
0.01361438
0.01203227
0.01045099
0.008353027
0.006024414
0.003746639
0.001093684
-0.002062971
-0.005168921
-0.006991225
-0.006891511
-0.005311493
-0.003310274
-0.002170721
-0.002617946
-0.003897441
-0.004116563
-0.002069472
0.002319888
0.008207117
0.0143357
0.01972866
0.0236555
0.0258
0.02588212
0.02395223
0.02054911
0.01612826
0.01132157
0.007006625
0.003544842
0.0004375535
-0.002517175
-0.004986633
-0.006697845
-0.007976089
-0.009660636
-0.0114765
-0.01258389
-0.01265383
-0.01169696
-0.01006521
-0.008049817
-0.006042705
-0.004239015
-0.002671778
-0.001500113
-0.0009935558
-0.001418568
-0.001841995
-0.001266374
9.570443e-05
0.00204201
0.004460641
0.0071985
0.009926951
0.01184401
0.01214536
0.01039235
0.006986581
0.003213163
0.0002995947
-0.001156812
-0.0008811586
0.0009133643
0.003773741
0.00716525
0.009772719
0.01089468
0.01089631
0.009846528
0.008073763
0.006032498
0.003862284
0.001824766
3.589551e-06
-0.001686061
-0.003484744
-0.005558503
-0.007453084
-0.009098856
-0.01122961
-0.01404373
-0.01657414
-0.0178075
-0.01782001
-0.01687821
-0.0150854
-0.01307861
-0.01150458
-0.01053038
-0.009769091
-0.008832644
-0.007787633
-0.00614794
-0.003237918
0.0004662646
0.004087291
0.00681615
0.007874632
0.00711814
0.005111401
0.003116912
0.002116491
0.002138153
0.002585414
0.002530954
0.001307241
-0.000813262
-0.00221172
-0.001391581
0.001572326
0.004996826
0.007020159
0.007494556
0.007135749
0.006145391
0.004358357
0.002156953
0.0004118019
-0.0005695669
-0.001309179
-0.002465564
-0.003904841
-0.005308787
-0.006211336
-0.006035421
-0.005246372
-0.004691512
-0.004931427
-0.00644999
-0.009481179
-0.01365859
-0.0179147
-0.02080787
-0.02170196
-0.02121062
-0.02022939
-0.01927441
-0.01799942
-0.01594382
-0.01289913
-0.008399051
-0.002963289
0.00210361
0.006182854
0.009417173
0.01249578
0.01581633
0.0189903
0.02147743
0.02317038
0.02413663
0.02388571
0.02219544
0.01992728
0.017664
0.0148876
0.0109363
0.005961552
0.001096189
-0.002329387
-0.004109243
-0.005254788
-0.006961628
-0.009684776
-0.01285891
-0.01577191
-0.01810549
-0.01942321
-0.01954266
-0.01912713
-0.01847611
-0.01733824
-0.01558457
-0.01341778
-0.01182876
-0.01105923
-0.01051722
-0.009824419
-0.008435799
-0.006337232
-0.003791509
-0.001500964
-0.0003188641
-0.0001141292
-0.000639864
-0.001628703
-0.002987635
-0.004672323
-0.006070173
-0.00661078
-0.006366943
-0.005977633
-0.005481173
-0.004282892
-0.002258433
-5.52486e-05
0.002079082
0.00442791
0.00624107
0.006671065
0.00547384
0.003234392
0.001472141
0.0007233867
0.0009568233
0.001871985
0.002219751
0.001216934
-0.001144173
-0.004633746
-0.008880295
-0.01320153
-0.01646048
-0.01797921
-0.01812474
-0.01784497
-0.01761716
-0.01760731
-0.01793496
-0.01744874
-0.01485215
-0.01018849
-0.004313524
0.001567652
0.007067064
0.01243541
0.01704374
0.02033402
0.02294559
0.02575874
0.02940777
0.03421444
0.03959718
0.04403413
0.0463135
0.04665253
0.04608061
0.04606081
0.0477136
0.05119963
0.05591378
0.05998517
0.06183266
0.0615661
0.05971769
0.05633551
0.05207251
0.04762694
0.04263892
0.03779394
0.0340437
0.03158282
0.02989615
0.02760439
0.02447103
0.02037204
0.01546192
0.01125961
0.009664503
0.01083944
0.01219626
0.01237631
0.01188274
0.0117345
0.01242739
0.01397741
0.01711307
0.02099871
0.02436269
0.02540559
0.02291025
0.01828847
0.0120885
0.005169734
-0.001982707
-0.009703612
-0.01801829
-0.02792272
-0.03937292
-0.05273326
-0.06607962
-0.07812302
-0.0902695
-0.09922207
-0.1057372
-0.1124966
-0.1196432
-0.1286069
-0.1370014
-0.1434411
-0.1469008
-0.1488583
-0.1517021
-0.1519475
-0.1485899
-0.1402713
-0.1277392
-0.114616
-0.1007494
-0.08736815
-0.07501524
-0.06285457
-0.05177513
-0.04223955
-0.03289595
-0.02372497
-0.01602016
-0.008605757
0.0006512824
0.01117674
0.0201924
0.02899328
0.03782225
0.04342516
0.04610695
0.04672099
0.04790102
0.05073761
0.0530501
0.0549064
0.05487844
0.05454685
0.05495632
0.0537813
0.05292218
0.04974959
0.0440124
0.03882815
0.03381045
0.03146926
0.02846797
0.02757838
0.03110339
0.03051882
0.02963131
0.02898324
0.02574617
0.02302536
0.0189973
0.01654361
0.02011921
0.02911101
0.04126139
0.05518645
0.06996377
0.08336884
0.09318758
0.1005721
0.1085823
0.1156629
0.1229089
0.1332237
0.1448021
0.1557772
0.1646413
0.1704093
0.1729522
0.1734397
0.1743365
0.175219
0.1703465
0.1642585
0.1639126
0.1598794
0.1522742
0.142923
0.1271757
0.1089984
0.08478874
0.05549612
0.02708739
0.0007054222
-0.0253907
-0.05577651
-0.08421684
-0.1097753
-0.1234584
-0.1240465
-0.1335359
-0.1338573
-0.1225583
-0.1332052
-0.157851
-0.1763477
-0.1814561
-0.1784188
-0.1766354
-0.1717868
-0.1638786
-0.1570271
-0.1546476
-0.1573161
-0.1646047
-0.1775516
-0.1887206
-0.191602
-0.1844097
-0.1708727
-0.1618393
-0.1605196
-0.158979
-0.1514221
-0.1457299
-0.1490349
-0.1552577
-0.1612987
-0.1689947
-0.175833
-0.1797801
-0.1843071
-0.1957406
-0.2101915
-0.2141198
-0.2058798
-0.188822
-0.163826
-0.1324039
-0.08949976
-0.04118593
0.005599348
0.05238783
0.09508975
0.1356188
0.1795182
0.2277561
0.2699886
0.3048072
0.3231332
0.3136964
0.3163624
0.3383298
0.3528842
0.3584188
0.3501422
0.3410133
0.3360689
0.3242868
0.3079641
0.2870264
0.2594433
0.2320922
0.2162067
0.2043317
0.1863327
0.16309
0.1411342
0.1243928
0.09836136
0.0646319
0.03912066
0.02270906
0.01351931
0.008741961
0.006665969
0.00800716
0.01037236
0.01195955
0.01305332
0.0150649
0.0219827
0.03089987
0.03092029
0.02428588
0.01721264
0.002511808
-0.01968284
-0.0354398
-0.04389244
-0.05776789
-0.07772364
-0.100249
-0.1281059
-0.1600141
-0.1926504
-0.2215116
-0.2441079
-0.2604223
-0.268717
-0.2753219
-0.2852589
-0.2886826
-0.2841164
-0.2782566
-0.2643115
-0.2456137
-0.2359331
-0.2301153
-0.2184891
-0.1955285
-0.1550179
-0.1065514
-0.06728026
-0.0408487
-0.02453666
-0.01224561
0.00135649
0.01733606
0.03793581
0.06260775
0.09095784
0.1177185
0.1388709
0.1545413
0.1613505
0.167219
0.1727272
0.1746418
0.1816022
0.1891288
0.1926518
0.192527
0.1856854
0.1731491
0.156305
0.1369406
0.1140723
0.08781311
0.06182619
0.03806121
0.01630225
-0.00541556
-0.0242717
-0.03731398
-0.04602618
-0.04978657
-0.05153827
-0.05496822
-0.05724561
-0.06042636
-0.0650902
-0.06924452
-0.07682891
-0.08265978
-0.08327276
-0.08252907
-0.08267759
-0.09112081
-0.1052565
-0.114632
-0.118086
-0.1220506
-0.1340139
-0.1517524
-0.1684777
-0.179244
-0.1858076
-0.1976357
-0.2111247
-0.2175034
-0.2194144
-0.2203233
-0.2178258
-0.2020578
-0.1682487
-0.1218733
-0.0707165
-0.01885066
0.03715208
0.09119782
0.1349874
0.1709554
0.2034725
0.2373826
0.2691866
0.2945343
0.3163713
0.3365745
0.3516568
0.357987
0.3530716
0.3310615
0.3024436
0.2753778
0.23856
0.1959219
0.1566226
0.1200541
0.08703498
0.05985658
0.03702857
0.01123794
-0.01542623
-0.03525282
-0.04832904
-0.0517114
-0.04589585
-0.03499722
-0.01416666
0.01209869
0.03605324
0.06053915
0.08415053
0.09995146
0.1006915
0.09311782
0.08640327
0.07643692
0.06796986
0.06363967
0.05902278
0.05361238
0.03916553
0.01336264
-0.0163212
-0.04594082
-0.07171926
-0.09299746
-0.1111527
-0.1273675
-0.1454488
-0.1639297
-0.1806166
-0.1993493
-0.2212845
-0.2445283
-0.2656657
-0.2846845
-0.3057953
-0.3277619
-0.3483206
-0.3651322
-0.3737689
-0.3699733
-0.351351
-0.323623
-0.2897015
-0.248519
-0.2087146
-0.1758618
-0.1478022
-0.1231604
-0.09816568
-0.0713711
-0.04134361
-0.003780265
0.04169879
0.09440791
0.1496533
0.2031609
0.2528089
0.2894094
0.3070133
0.3068317
0.2921632
0.2692732
0.2461931
0.2290499
0.2227684
0.225989
0.2283818
0.2272092
0.2191382
0.2010825
0.1805814
0.1553821
0.1261698
0.1010286
0.07735348
0.05597927
0.04248497
0.03252951
0.02039581
0.01197638
0.008840342
0.007969339
0.01225956
0.01771339
0.02418681
0.03105324
0.03161938
0.02526096
0.01594117
0.01531058
0.01596376
0.02901116
0.06341925
0.05647434
0.01211638
-0.02839007
-0.0839693
-0.1302626
-0.1464286
-0.1513263
-0.1589449
-0.1778137
-0.1935494
-0.194078
-0.1751114
-0.1411585
-0.107017
-0.08278654
-0.06923364
-0.04802203
-0.01861204
0.00205815
0.01925979
0.0402445
0.06155472
0.08184582
0.1008036
0.1180072
0.1289542
0.1233147
0.1052191
0.08931961
0.07311717
0.04956037
0.02331242
-0.001734206
-0.02543713
-0.04611719
-0.06254797
-0.07443103
-0.08305846
-0.09250775
-0.1032168
-0.1120547
-0.1186842
-0.1238742
-0.1277603
-0.1279088
-0.1211557
-0.1096093
-0.09485539
-0.07314137
-0.04332134
-0.009057728
0.02611725
0.05827326
0.08501688
0.1079434
0.1265018
0.1390429
0.1440302
0.1376691
0.1248814
0.1162055
0.1118704
0.1057925
0.09853826
0.09392579
0.08875311
0.07466377
0.04733721
0.02092658
0.005583115
-0.01149241
-0.03254995
-0.05363577
-0.07424762
-0.08771908
-0.09720562
-0.1096278
-0.1243098
-0.1394176
-0.152735
-0.1601188
-0.1607691
-0.1570714
-0.148966
-0.1391942
-0.1262225
-0.1032029
-0.07545958
-0.05006522
-0.02277589
0.006346921
0.03078304
0.0504696
0.06798983
0.08431249
0.09998747
0.1132414
0.1228594
0.1294891
0.1320999
0.1306056
0.1282863
0.1243149
0.1163166
0.1067526
0.0969206
0.08732455
0.07742871
0.06487743
0.05152656
0.03821755
0.0237805
0.01094458
0.001017897
-0.006378799
-0.01012584
-0.01088917
-0.009961225
-0.008024771
-0.006469965
-0.005187701
-0.004110917
-0.005319196
-0.008653187
-0.01288176
-0.01901103
-0.02594609
-0.03104659
-0.03462287
-0.03805188
-0.04279839
-0.0475637
-0.04919274
-0.05188245
-0.05672309
-0.05758092
-0.05652299
-0.0557529
-0.05422011
-0.05495416
-0.05647988
-0.05582355
-0.05502579
-0.05402351
-0.05028961
-0.0440972
-0.03679558
-0.02892425
-0.02029304
-0.01000095
0.0004788752
0.009164197
0.01607276
0.02233737
0.03035331
0.03958133
0.04694843
0.05283409
0.05904136
0.06392279
0.06658284
0.06863404
0.06972319
0.06925566
0.06634837
0.06169723
0.05751381
0.05315371
0.04825295
0.0422873
0.03589212
0.03033957
0.02385017
0.01587607
0.007366965
-0.0006408696
-0.008261109
-0.01587241
-0.02213597
-0.02767847
-0.03412137
-0.04074299
-0.04684277
-0.05305916
-0.05865594
-0.06312364
-0.06619067
-0.06707044
-0.0673937
-0.06637968
-0.06215676
-0.05534705
-0.04655713
-0.03820648
-0.031289
-0.02481694
-0.01782742
-0.008926818
0.001216557
0.01134324
0.02077918
0.02874655
0.03425433
0.03729071
0.03813776
0.03486098
0.02726538
0.01868201
0.01158367
0.006640248
0.004836952
0.00643473
0.0108206
0.0169758
0.02229046
0.02573502
0.02895334
0.03307081
0.03644778
0.03758228
0.03765711
0.03662272
0.03453009
0.03342485
0.03431556
0.03614634
0.03830809
0.04132623
0.04393439
0.04582189
0.04682769
0.04569822
0.04300232
0.03818149
0.03193477
0.02618268
0.02044332
0.01498583
0.01124121
0.009623669
0.00880342
0.007095411
0.002806447
-0.004017746
-0.01146596
-0.01886531
-0.025579
-0.03059524
-0.03293314
-0.03452175
-0.03785137
-0.04147764
-0.0446219
-0.04691326
-0.04835661
-0.04957742
-0.04979733
-0.04847382
-0.04480548
-0.03922975
-0.03256417
-0.02454243
-0.0172053
-0.01340775
-0.01328319
-0.01478062
-0.01682701
-0.01982541
-0.02320155
-0.02606358
-0.02801231
-0.02937629
-0.03048778
-0.03014759
-0.02786838
-0.02436182
-0.02072795
-0.01678974
-0.01142963
-0.006189594
-0.001192376
0.004685012
0.009865228
0.01392381
0.01801089
0.02326974
0.0301002
0.03800939
0.04745718
0.05763619
0.06618526
0.07256598
0.07672106
0.07867744
0.0788093
0.07692376
0.07457031
0.07321354
0.07229579
0.07153298
0.07035102
0.0678277
0.06366151
0.05803309
0.05127766
0.04348002
0.03506874
0.02663721
0.01837452
0.01025019
0.002506053
-0.004083805
-0.008915447
-0.01223994
-0.01514587
-0.01816266
-0.02123344
-0.02448197
-0.0271437
-0.02904597
-0.03105333
-0.03306665
-0.03553967
-0.03840819
-0.04031774
-0.04208154
-0.04420004
-0.04551647
-0.04712689
-0.05081831
-0.05578677
-0.06111238
-0.06741686
-0.07334044
-0.07758317
-0.08037427
-0.081413
-0.0827019
-0.08532644
-0.08805889
-0.09048048
-0.09243426
-0.09476197
-0.09783675
-0.1017633
-0.1054678
-0.1071448
-0.1083714
-0.109702
-0.1092234
-0.1057236
-0.09930581
-0.0905729
-0.07790974
-0.06107092
-0.04239959
-0.02366279
-0.006590991
0.00930352
0.02529034
0.04064183
0.05539819
0.06963492
0.08347592
0.09761546
0.1105038
0.1212951
0.130863
0.1388971
0.1450589
0.1489556
0.1508573
0.1511313
0.1500434
0.1488351
0.146671
0.1428234
0.1378801
0.131979
0.1251043
0.1161548
0.1063546
0.09720511
0.08712177
0.07542484
0.06270186
0.0507268
0.03941281
0.02637523
0.01352278
0.002776118
-0.008096242
-0.01936287
-0.02963822
-0.03897192
-0.04688147
-0.05485823
-0.06537453
-0.07492698
-0.08138692
-0.08706695
-0.091613
-0.09622432
-0.1003565
-0.1010541
-0.1005104
-0.1011905
-0.1042244
-0.107669
-0.1080075
-0.1072843
-0.1072059
-0.1051889
-0.09943219
-0.0921355
-0.08435379
-0.07374362
-0.06204195
-0.05210981
-0.04455564
-0.03971801
-0.03496188
-0.02895355
-0.02188726
-0.01343062
-0.006023238
0.00102954
0.00956552
0.0190575
0.02991099
0.03878322
0.04384652
0.04742983
0.05056346
0.05327044
0.05306173
0.05053433
0.048627
0.04736843
0.04681175
0.04495061
0.03994647
0.03271476
0.02563129
0.0189143
0.009779338
0.00140031
-0.003483355
-0.007835588
-0.01178185
-0.01556582
-0.01901247
-0.01954293
-0.01784206
-0.01594638
-0.01445445
-0.01303529
-0.01105765
-0.008634764
-0.005946202
-0.002594941
0.002544073
0.009305588
0.01585121
0.02137863
0.02603912
0.03134122
0.03657643
0.03886037
0.04133731
0.04600201
0.05013454
0.05375994
0.05660591
0.06044694
0.06679457
0.07198657
0.07529867
0.07807541
0.0806392
0.08253398
0.08263403
0.08163806
0.08057214
0.08033807
0.07978568
0.07765985
0.07528572
0.07197061
0.0667877
0.0595702
0.05009128
0.03934051
0.02761555
0.01587864
0.006002089
-0.001498287
-0.007513713
-0.0134955
-0.01985479
-0.02520364
-0.02923854
-0.03320396
-0.03615754
-0.03726177
-0.03658336
-0.03392022
-0.03021241
-0.02609502
-0.02272164
-0.020363
-0.01854447
-0.01808514
-0.01840656
-0.01949014
-0.02221125
-0.02616116
-0.03101267
-0.03656458
-0.04242251
-0.0490054
-0.05715351
-0.06592909
-0.07367845
-0.08021357
-0.08676312
-0.09406762
-0.1009678
-0.1062998
-0.1093874
-0.1103137
-0.110023
-0.1078998
-0.1031217
-0.09648078
-0.08834262
-0.07857232
-0.0674694
-0.05550946
-0.04281638
-0.02896533
-0.01460787
-0.0005791907
0.01362073
0.02734532
0.03949568
0.05016337
0.05921274
0.06671675
0.07195029
0.07507458
0.0774385
0.07761554
0.07571759
0.07242247
0.06721365
0.06116457
0.05374348
0.04520297
0.0365707
0.028306
0.02101814
0.01448202
0.009784713
0.006618233
0.004457486
0.003995859
0.004478589
0.005471016
0.006610351
0.00806654
0.00979577
0.0115384
0.01394964
0.01658258
0.01961842
0.02327425
0.0267108
0.02974836
0.03220426
0.03409216
0.03585194
0.03766334
0.03882131
0.03895126
0.03805909
0.0355564
0.03190507
0.02702329
0.02050911
0.01359771
0.006770767
-0.000295067
-0.007534071
-0.01481428
-0.02137453
-0.02637324
-0.03038265
-0.03357139
-0.03540564
-0.03620948
-0.03624039
-0.03605934
-0.03579647
-0.03521991
-0.03441657
-0.03285685
-0.03069166
-0.02840784
-0.02645824
-0.02498563
-0.02324367
-0.02104951
-0.0188251
-0.01711598
-0.01547169
-0.01334453
-0.01110116
-0.008644979
-0.00589359
-0.002611411
0.0006361067
0.002533494
0.003626579
0.005433836
0.008281293
0.01058698
0.01157151
0.01284205
0.0151703
0.01709804
0.0172286
0.01699463
0.01819714
0.0196796
0.02002928
0.01943769
0.0194513
0.02123376
0.02316014
0.02473612
0.02819916
0.03308245
0.03644118
0.03733894
0.03686947
0.03594548
0.03369293
0.02904917
0.02401458
0.01918813
0.01310974
0.007181985
0.00171985
-0.003635316
-0.009872741
-0.01736635
-0.02229345
-0.02627732
-0.03181451
-0.03646039
-0.04014749
-0.04239539
-0.04323061
-0.04366181
-0.04445747
-0.04629653
-0.04707675
-0.04754515
-0.04945358
-0.05017143
-0.04815325
-0.04526141
-0.04347568
-0.04173924
-0.03842844
-0.0344986
-0.0324821
-0.03317982
-0.03275136
-0.02974298
-0.02753016
-0.02640489
-0.0244743
-0.02202756
-0.01989454
-0.01789503
-0.01638307
-0.01553288
-0.01514358
-0.01540475
-0.01523004
-0.01411416
-0.0122184
-0.009642115
-0.006502083
-0.002199667
0.001870128
0.00492857
0.008921612
0.01338024
0.01664682
0.01984749
0.02404413
0.02924848
0.03525274
0.04089983
0.04604557
0.05112324
0.05559969
0.05841794
0.05981851
0.06063051
0.05987063
0.05851767
0.05792498
0.05724937
0.05583544
0.05316864
0.05116685
0.04958489
0.0459537
0.04198309
0.03820643
0.03475906
0.0310712
0.02540245
0.02060662
0.01592957
0.009202705
0.003491658
-0.0004013596
-0.004168501
-0.008361817
-0.01113842
-0.01203833
-0.01284655
-0.01345944
-0.01309846
-0.0118143
-0.01104869
-0.01032599
-0.008810437
-0.008271196
-0.008159144
-0.007080551
-0.005521036
-0.004290568
-0.003759743
-0.004132249
-0.005268131
-0.006121496
-0.007367694
-0.01034346
-0.01323692
-0.01508643
-0.01781572
-0.02101524
-0.02376991
-0.02700262
-0.03006952
-0.03240266
-0.03534134
-0.03899876
-0.04175084
-0.043947
-0.04581147
-0.04572961
-0.04399162
-0.04079336
-0.03654021
-0.03219781
-0.02739269
-0.02319988
-0.01957804
-0.01555291
-0.01189921
-0.008624035
-0.005322358
-0.001674623
0.002153155
0.005585808
0.007928067
0.009582909
0.01057047
0.009577281
0.008261456
0.006368363
0.003850442
0.002376799
-0.0002042429
-0.003085237
-0.006293913
-0.01047748
-0.01428857
-0.01892735
-0.0232957
-0.02743542
-0.0306185
-0.03299475
-0.03718286
-0.04006542
-0.04125264
-0.04144705
-0.04077328
-0.0413174
-0.04166009
-0.04078904
-0.03815291
-0.03536668
-0.03388549
-0.03175855
-0.02756292
-0.02101203
-0.01514574
-0.01029031
-0.003784645
0.004703782
0.0140979
0.02153067
0.02680493
0.03260821
0.03960673
0.04554584
0.04927355
0.05285831
0.05749815
0.06188703
0.06400344
0.06363522
0.06275362
0.06256789
0.06142022
0.0584409
0.05604919
0.05568326
0.05536453
0.05290996
0.05015964
0.04960267
0.04950291
0.04714202
0.04352682
0.04116974
0.03933014
0.03582713
0.03087925
0.02721725
0.02514644
0.02101551
0.01474992
0.01004046
0.007197664
0.003619128
-0.001147096
-0.005083572
-0.007640595
-0.01091632
-0.0151187
-0.01808042
-0.02051305
-0.02381412
-0.02722867
-0.02988672
-0.03173633
-0.03427354
-0.03711838
-0.03835878
-0.03879701
-0.0399679
-0.04125865
-0.04023546
-0.03781171
-0.03687106
-0.03589953
-0.03322878
-0.02999885
-0.02731726
-0.0241975
-0.01905842
-0.01367258
-0.009381713
-0.004487002
0.001181032
0.006326767
0.01068198
0.01514346
0.01981026
0.02370713
0.0279899
0.03336665
0.03805109
0.04126279
0.04307762
0.04414794
0.04441618
0.04327234
0.04164611
0.03943161
0.03643136
0.03267274
0.02763211
0.02145398
0.01412323
0.006631407
-0.00110321
-0.00960434
-0.01780056
-0.02556873
-0.03247794
-0.03835735
-0.04323017
-0.04662277
-0.04890672
-0.05008868
-0.04976055
-0.04819195
-0.04662712
-0.04439057
-0.04087281
-0.03776402
-0.03496057
-0.03247493
-0.0299608
-0.02622223
-0.02253487
-0.01951083
-0.01645992
-0.01309195
-0.009796234
-0.007367253
-0.005268774
-0.003228551
-0.001848045
-0.0008403863
0.0001053164
0.0006587541
0.0008748463
0.001232922
0.001666232
0.001800825
0.001741114
0.001957188
0.00233772
0.002358408
0.002263082
0.001935812
0.001198125
0.0002958243
-0.001375631
-0.003142973
-0.003690931
-0.003647587
-0.00387433
-0.004195834
-0.003817013
-0.003008345
-0.002411712
-0.001258153
-0.0002245796
-0.0001467505
4.982573e-05
0.0001464241
-3.311484e-06
2.003151e-05
0.0002130988
0.001050642
0.001864069
0.002183978
0.00250982
0.003012245
0.00362929
0.004057998
0.004491654
0.004710291
0.004425362
0.004223452
0.004210087
0.00389393
0.003030556
0.002093801
0.001237622
0.0002373344
-0.0006298821
-0.001203259
-0.001312304
-0.0008791012
-0.0003059261
0.000258839
0.001337859
0.002465955
0.002391535
0.002139703
0.003004011
0.004178819
0.004749487
0.004659977
0.004803346
0.005048276
0.004403864
0.003209933
0.001538041
-0.0005259474
-0.002123195
-0.003598684
-0.006045745
-0.009130217
-0.01175351
-0.01397658
-0.01661662
-0.01967318
-0.0222262
-0.02412018
-0.02570312
-0.02724617
-0.02889824
-0.02969318
-0.02919016
-0.02811263
-0.02686966
-0.0249515
-0.0221055
-0.01883592
-0.01460132
-0.009242873
-0.003827976
0.00115101
0.006608387
0.01276613
0.01782666
0.02185794
0.02602933
0.0300562
0.03378364
0.0373247
0.04038834
0.04264933
0.04463373
0.04651897
0.04824383
0.04977367
0.0504592
0.05080924
0.0511082
0.05091486
0.05013202
0.04855503
0.0469874
0.04551414
0.04310615
0.04015347
0.0372801
0.03476281
0.03270974
0.03090972
0.0296039
0.02848366
0.02740058
0.02651706
0.02522429
0.02345934
0.02133034
0.01913371
0.01671858
0.01339251
0.009590166
0.00485084
-0.0009442007
-0.006373451
-0.01135288
-0.01667615
-0.02227617
-0.02704709
-0.03083893
-0.03447588
-0.0377924
-0.0406652
-0.04323528
-0.04517354
-0.04623303
-0.04693267
-0.04795554
-0.04880219
-0.04871964
-0.04785669
-0.04641348
-0.04448624
-0.04226906
-0.0393133
-0.03543411
-0.03157293
-0.02829599
-0.02533976
-0.02218709
-0.01872539
-0.01544941
-0.0124539
-0.009822337
-0.007865337
-0.006012126
-0.004021177
-0.002599202
-0.002053579
-0.002277519
-0.003151275
-0.004827381
-0.007227507
-0.01009955
-0.01343465
-0.01687625
-0.02006303
-0.02267536
-0.02485194
-0.02639279
-0.02690022
-0.02738163
-0.0277837
-0.02769533
-0.02735412
-0.0263806
-0.02504285
-0.0235425
-0.02205215
-0.02075942
-0.01940073
-0.01812911
-0.01666831
-0.01481544
-0.01304984
-0.01126018
-0.009067118
-0.006933331
-0.005301052
-0.003980193
-0.002618303
-0.0008551229
0.001153299
0.003357618
0.005746368
0.008074841
0.010875
0.01433282
0.01816098
0.02244534
0.02715731
0.03226601
0.03752145
0.04289344
0.04807443
0.05234969
0.05605153
0.05945663
0.06239729
0.06453649
0.06579228
0.06658496
0.06660707
0.06597036
0.06501313
0.06353826
0.06179375
0.06007236
0.05838377
0.05632544
0.05382062
0.05126
0.04844585
0.04510196
0.04157518
0.03778859
0.0335476
0.02961228
0.0260356
0.02228381
0.01810521
0.01391875
0.01022158
0.00610853
0.001608778
-0.002912494
-0.007618812
-0.01181531
-0.01535823
-0.0184151
-0.02137459
-0.02415805
-0.02633829
-0.02853811
-0.03058419
-0.0321908
-0.03377385
-0.03514688
-0.03604054
-0.03635822
-0.03632814
-0.03641189
-0.03658229
-0.03658583
-0.03612574
-0.03510851
-0.03428922
-0.033825
-0.03281655
-0.03122106
-0.02969306
-0.02836119
-0.02634164
-0.02335656
-0.02034218
-0.01739028
-0.01437821
-0.01162005
-0.008987801
-0.006501831
-0.004510253
-0.002660006
-8.578125e-05
0.003027435
0.005916081
0.008846342
0.01206856
0.01462177
0.01642527
0.01820723
0.01964259
0.02053922
0.02116155
0.02166742
0.02180655
0.02124116
0.02026679
0.01880143
0.0170507
0.01578396
0.01462648
0.01323331
0.01202203
0.01125722
0.01121234
0.01151107
0.01179982
0.01240767
0.0135905
0.01588376
0.01872637
0.0210162
0.02345213
0.02649055
0.02909888
0.03081872
0.03237478
0.0344269
0.0361453
0.03686806
0.03750252
0.03764398
0.03676636
0.03532888
0.03340018
0.03127987
0.02853395
0.02515673
0.02124697
0.0167426
0.01219557
0.006859019
0.0008585199
-0.00506375
-0.01091275
-0.01655189
-0.02245936
-0.02837358
-0.03388145
-0.03912894
-0.044074
-0.0486287
-0.05252432
-0.05642676
-0.06003023
-0.06266768
-0.06526082
-0.06714835
-0.06837909
-0.06996103
-0.07057032
-0.06974163
-0.06845674
-0.06708667
-0.06511383
-0.06217862
-0.05882462
-0.05492424
-0.05038191
-0.04580667
-0.04104159
-0.03579619
-0.0304874
-0.02553365
-0.02031047
-0.01406588
-0.007568124
-0.001218657
0.005014467
0.01071335
0.01658303
0.02251987
0.02747556
0.03144322
0.03473702
0.0379637
0.04092494
0.04305113
0.04477073
0.04598073
0.0466305
0.04720052
0.0474029
0.04725805
0.04700847
0.0467315
0.04689856
0.0470477
0.04678975
0.04637377
0.04571379
0.0451331
0.04445007
0.04286519
0.04056159
0.03840629
0.03564825
0.03152709
0.02749361
0.02366368
0.01897698
0.0133732
0.007536991
0.002123374
-0.003466636
-0.009187361
-0.01464232
-0.0199169
-0.02436727
-0.02820543
-0.03194522
-0.0353824
-0.03839404
-0.04089048
-0.04315687
-0.04449706
-0.04432141
-0.04390503
-0.04323865
-0.04144191
-0.03823273
-0.03411222
-0.03020406
-0.02589251
-0.02105355
-0.01664997
-0.01277853
-0.009560317
-0.006740544
-0.004036773
-0.00156957
0.0006494177
0.002743072
0.004924114
0.007289121
0.009224684
0.01068384
0.01225864
0.01293317
0.01328413
0.01453479
0.01566875
0.01644737
0.01716989
0.01832411
0.01966534
0.02062338
0.0214581
0.02163607
0.02157816
0.02187352
0.02197315
0.02199647
0.02208078
0.02200679
0.02149587
0.02054371
0.01991541
0.01915604
0.01739715
0.01560676
0.01427646
0.01293651
0.01081944
0.00797532
0.00530033
0.002496122
1.840477e-05
-0.00212919
-0.004423148
-0.00614491
-0.007603575
-0.008957996
-0.01045372
-0.01199839
-0.01320681
-0.01472312
-0.01546178
-0.0150871
-0.0150982
-0.01580138
-0.01650466
-0.01633644
-0.01602536
-0.01634653
-0.0166276
-0.01666769
-0.01635784
-0.01595353
-0.01595555
-0.01601312
-0.0160303
-0.01614178
-0.01642496
-0.0170169
-0.01765237
-0.01821087
-0.01846181
-0.01800795
-0.01713784
-0.01636205
-0.01575526
-0.01496109
-0.01384935
-0.01228755
-0.01022715
-0.008398657
-0.006721437
-0.004313879
-0.001319286
0.001078608
0.00276122
0.005054519
0.007555227
0.0093696
0.01090117
0.01221285
0.0136608
0.01545533
0.01724612
0.01884387
0.02019579
0.02181085
0.02375872
0.02549853
0.02718602
0.02874143
0.02979211
0.03072763
0.03145345
0.03165135
0.03126449
0.03051657
0.03012623
0.02977124
0.02924591
0.02844039
0.02689637
0.02528212
0.0237028
0.02159893
0.01882929
0.0161769
0.01439811
0.01278133
0.01121166
0.009883787
0.008417185
0.006767178
0.004962322
0.003207084
0.001505387
-8.917181e-05
-0.001357365
-0.002701291
-0.004023231
-0.00497035
-0.00627769
-0.008436532
-0.01107206
-0.01373573
-0.01626413
-0.01889482
-0.02153299
-0.02393894
-0.02610349
-0.02789447
-0.02992974
-0.03250923
-0.03490567
-0.0369906
-0.03886118
-0.04052008
-0.04166572
-0.04210243
-0.04207427
-0.04089613
-0.03889492
-0.03728467
-0.03536509
-0.03224951
-0.02889796
-0.02641435
-0.02395138
-0.02092019
-0.01803901
-0.01534978
-0.01259519
-0.009688118
-0.00682282
-0.004197852
-0.001828341
0.0001828646
0.002222188
0.004586518
0.006729764
0.008409384
0.01055791
0.0132551
0.01563123
0.01786525
0.02023459
0.0226035
0.02491881
0.02722415
0.02929696
0.03101692
0.03297387
0.03506598
0.03676631
0.03814138
0.03940223
0.04035512
0.04074089
0.04103737
0.04104895
0.04017914
0.03893496
0.03762393
0.03576591
0.03337649
0.03118107
0.02907608
0.02656845
0.02402431
0.02150668
0.01876187
0.01607318
0.0134391
0.01045265
0.007493818
0.005117763
0.002749635
-0.0001408272
-0.002832807
-0.004779468
-0.006797191
-0.009388899
-0.01178069
-0.01375978
-0.01601886
-0.01836922
-0.02036273
-0.02253088
-0.02509757
-0.02773346
-0.03021358
-0.03264055
-0.03514496
-0.03756374
-0.04021869
-0.04296857
-0.04532424
-0.0475413
-0.04981325
-0.05181952
-0.05311086
-0.05407707
-0.05483526
-0.05502908
-0.05473641
-0.05383194
-0.05242732
-0.05039013
-0.04775857
-0.04480505
-0.04131476
-0.03767048
-0.03399987
-0.02990206
-0.02560117
-0.02190633
-0.01849997
-0.01455383
-0.01072212
-0.007050128
-0.003392758
4.146975e-05
0.003813571
0.007664055
0.01139235
0.01503536
0.01858692
0.02241405
0.02576749
0.02840799
0.0309741
0.03336565
0.03537965
0.03701881
0.03852978
0.03939975
0.03958579
0.03974757
0.03897448
0.0376029
0.03665107
0.03549778
0.03382936
0.0318002
0.02994084
0.02806961
0.02591122
0.02382262
0.0211204
0.0181682
0.01570295
0.01284892
0.009540911
0.006534584
0.003701051
0.0006241707
-0.002259509
-0.004527438
-0.006487446
-0.008311745
-0.009918484
-0.01115476
-0.01216033
-0.01331277
-0.01449154
-0.01535316
-0.0158567
-0.01592376
-0.01534358
-0.01449416
-0.01371919
-0.01273991
-0.01179811
-0.01114067
-0.01044155
-0.009704241
-0.009247484
-0.009072166
-0.008709578
-0.008153893
-0.007775333
-0.007460672
-0.007368227
-0.007706162
-0.007966269
-0.008074037
-0.008763153
-0.01022128
-0.01173195
-0.01299308
-0.01436583
-0.01560334
-0.01667608
-0.01789579
-0.01868916
-0.01915763
-0.02010111
-0.02131257
-0.02207674
-0.02240446
-0.02270106
-0.02240652
-0.02119454
-0.01978262
-0.01804786
-0.01576965
-0.01366663
-0.01165021
-0.009268948
-0.006748004
-0.004302658
-0.00166691
0.001369871
0.003766005
0.005256886
0.007070258
0.009046905
0.01027115
0.01108067
0.01229497
0.0133244
0.01393542
0.01499673
0.01600749
0.01666462
0.0174086
0.01809857
0.01842973
0.0185694
0.01900536
0.01932296
0.01941054
0.01988758
0.02047544
0.02073258
0.02103658
0.02157724
0.02185752
0.0219325
0.02227704
0.02267483
0.0227044
0.02260228
0.02246913
0.02207582
0.02152975
0.02070829
0.01950527
0.0178981
0.01607631
0.01418769
0.01188054
0.009639194
0.007706505
0.005567873
0.003270273
0.001053325
-0.001332483
-0.004164987
-0.006553335
-0.008271162
-0.01026803
-0.01216476
-0.01319659
-0.01374763
-0.01445713
-0.0149128
-0.0146503
-0.01430031
-0.01383116
-0.01286026
-0.01191977
-0.01107936
-0.009855989
-0.008632226
-0.008181585
-0.008022478
-0.007547748
-0.007162803
-0.00687801
-0.006511416
-0.006377992
-0.006573281
-0.006474529
-0.00631698
-0.00697329
-0.007483506
-0.007056935
-0.006572619
-0.006453032
-0.005946962
-0.00502658
-0.004619664
-0.004295187
-0.003709932
-0.003486409
-0.003452131
-0.002983049
-0.002136255
-0.001551865
-0.00095675
-0.0001953661
0.0002792619
0.0008438158
0.001649998
0.00237841
0.00295044
0.003637273
0.004455753
0.004980133
0.005483282
0.006067815
0.00624005
0.006316113
0.006878333
0.00735517
0.007228851
0.007502415
0.008511454
0.009245619
0.009907386
0.01125523
0.01274268
0.01378734
0.01496906
0.01648108
0.01758804
0.01858718
0.01999832
0.02120215
0.02182275
0.02212809
0.02234722
0.0222792
0.0220281
0.02158819
0.02047218
0.01925986
0.01840947
0.01741301
0.01557227
0.01325546
0.0112218
0.008538828
0.005738075
0.003786454
0.001584339
-0.0006875804
-0.002128347
-0.002759153
-0.003500751
-0.004781122
-0.005598489
-0.006040786
-0.006562883
-0.006691611
-0.006448052
-0.006254677
-0.006174595
-0.006067494
-0.00609904
-0.006372169
-0.006554566
-0.00667541
-0.006956223
-0.007115103
-0.007283146
-0.007885033
-0.00848822
-0.008627511
-0.008662216
-0.008950335
-0.009000207
-0.00873469
-0.008860162
-0.009016598
-0.008877975
-0.009261823
-0.01015676
-0.01068028
-0.01064263
-0.01049629
-0.01035669
-0.01014377
-0.010017
-0.00959593
-0.008932409
-0.00903299
-0.009487269
-0.009164956
-0.008371229
-0.008045673
-0.007870183
-0.00696562
-0.005796332
-0.004655386
-0.003372516
-0.002266373
-0.001021532
0.0007980121
0.002599399
0.003433787
0.003907027
0.005040357
0.006043077
0.006185816
0.005836938
0.005681462
0.005866405
0.005920788
0.005800745
0.005343947
0.004885241
0.005210473
0.00534057
0.004564066
0.004100468
0.004345114
0.004306875
0.003774568
0.003671744
0.003984277
0.003860891
0.003584615
0.003357108
0.002680707
0.001844265
0.00141754
0.001114853
0.0005119773
-6.528489e-05
-0.0007829612
-0.001965943
-0.002767107
-0.003168074
-0.004052999
-0.005136528
-0.005791493
-0.006422776
-0.007550616
-0.008676755
-0.009705678
-0.01104003
-0.01208485
-0.01264548
-0.01356288
-0.01473205
-0.01526808
-0.01533597
-0.0153563
-0.01481932
-0.01369048
-0.01270177
-0.01186462
-0.01050159
-0.008602039
-0.00689405
-0.005336485
-0.003280982
-0.0009110248
0.001218407
0.003117265
0.005049654
0.006983068
0.008817603
0.01047988
0.01176838
0.01321707
0.01500443
0.01588017
0.01593207
0.01642361
0.01710399
0.01722321
0.01718378
0.01763111
0.01797321
0.01805013
0.0185997
0.01895754
0.01864749
0.01838267
0.01822529
0.01770779
0.01674689
0.01571106
0.01465467
0.01359079
0.01252433
0.01098299
0.00914763
0.007629991
0.006320756
0.004681972
0.002813438
0.001089803
-0.0008761219
-0.003033177
-0.004775774
-0.006448017
-0.008557829
-0.01054037
-0.01202182
-0.01356784
-0.01526968
-0.0165695
-0.0173975
-0.01816821
-0.01873067
-0.01879494
-0.01872029
-0.01867799
-0.01846937
-0.01809472
-0.01777655
-0.01727452
-0.01648533
-0.01604512
-0.01556527
-0.01443624
-0.01329248
-0.01254005
-0.01176005
-0.01079566
-0.01006649
-0.009163581
-0.007757095
-0.006648699
-0.005521186
-0.00368106
-0.001965391
-0.0009953518
-7.746994e-05
0.001136102
0.002010845
0.002715238
0.003834307
0.004729229
0.005160051
0.005877164
0.006749912
0.00720217
0.007473618
0.008052652
0.008869334
0.00980965
0.01094388
0.0118884
0.01254444
0.0133859
0.01438324
0.0148303
0.01483391
0.01503741
0.01491167
0.01454983
0.01432526
0.01379759
0.01312933
0.01251963
0.01216565
0.01148533
0.010254
0.0093924
0.008269625
0.006596749
0.005093993
0.004018387
0.003147491
0.002205665
0.001548042
0.0004470369
-0.001012426
-0.00154877
-0.001850627
-0.002860608
-0.004386107
-0.005363414
-0.005643496
-0.006254261
-0.007059044
-0.007963784
-0.008857901
-0.009093395
-0.0092652
-0.01018725
-0.01123484
-0.01140766
-0.01119621
-0.01158168
-0.01208818
-0.01243233
-0.01326376
-0.01408884
-0.01436448
-0.01492169
-0.01592315
-0.0164652
-0.01631918
-0.01622559
-0.01621478
-0.0156967
-0.01488679
-0.01368989
-0.01195755
-0.01030316
-0.008914669
-0.007540489
-0.006003853
-0.004442658
-0.003001005
-0.00166802
-0.000559339
0.000616002
0.001930415
0.002629129
0.002755484
0.003299135
0.004256364
0.004783046
0.00523074
0.006354747
0.007370402
0.007830392
0.00831444
0.008647074
0.008664437
0.008501343
0.0083732
0.00846887
0.008590592
0.008828162
0.008888339
0.008682488
0.008921247
0.009452834
0.00964095
0.009957575
0.0110033
0.01174231
0.01189801
0.01257991
0.01322767
0.01304554
0.01276163
0.01279561
0.01232682
0.0111613
0.01027984
0.009345796
0.007742956
0.006363036
0.005235884
0.003601516
0.001980223
0.0008165407
-0.0006051824
-0.002499022
-0.00407257
-0.005288101
-0.006782722
-0.008178292
-0.009222964
-0.01039087
-0.01143019
-0.01192178
-0.01231756
-0.01307119
-0.01373029
-0.01403737
-0.01434892
-0.01457739
-0.01464951
-0.0148884
-0.01511825
-0.0148217
-0.01444139
-0.0146041
-0.01451191
-0.0137235
-0.01297969
-0.01242968
-0.01163019
-0.01041604
-0.009205645
-0.008012563
-0.006518495
-0.005279891
-0.004161237
-0.002353903
-8.956206e-05
0.002055294
0.004148593
0.006624428
0.009285308
0.01192502
0.01447275
0.01628498
0.01783797
0.02003704
0.02186728
0.02246516
0.02285351
0.02350628
0.02359771
0.02306056
0.02241926
0.02143249
0.02016981
0.01944001
0.01878482
0.01731718
0.01567995
0.0143942
0.0128963
0.01101637
0.009316992
0.007839066
0.006258894
0.004867916
0.003700751
0.002421941
0.001012686
-0.0004065844
-0.001821917
-0.003154295
-0.004049858
-0.004883476
-0.00607551
-0.006684271
-0.006599031
-0.007121001
-0.008320806
-0.009077622
-0.009257654
-0.009747347
-0.01050921
-0.01074878
-0.01083217
-0.01103538
-0.01070162
-0.01013663
-0.009936323
-0.009689523
-0.00890418
-0.00797746
-0.007268709
-0.006480393
-0.005857138
-0.005550097
-0.005155129
-0.004926312
-0.005343153
-0.006071759
-0.006524678
-0.006965189
-0.007624831
-0.008209519
-0.008948783
-0.009906716
-0.01047197
-0.01078159
-0.01141791
-0.0119142
-0.01169112
-0.01131283
-0.01118908
-0.01069132
-0.00999772
-0.009586996
-0.008582398
-0.006968044
-0.005954513
-0.005467054
-0.004417535
-0.002984322
-0.002109508
-0.001207951
0.0001354465
0.001047099
0.001945224
0.003617458
0.005268545
0.00634103
0.007440903
0.008884313
0.009942649
0.01037616
0.01068273
0.01045787
0.009805548
0.009580932
0.009416982
0.008684104
0.007682729
0.006933635
0.006214904
0.005389565
0.004684434
0.003740778
0.002798567
0.002360402
0.001862785
0.0009731796
0.0002153808
-0.0001967178
-0.0007963732
-0.001499864
-0.001797945
-0.002148889
-0.002721905
-0.003044285
-0.003010279
-0.002926541
-0.003105233
-0.003151721
-0.002964005
-0.002853984
-0.002593181
-0.002416725
-0.002744346
-0.003090669
-0.00307501
-0.003265093
-0.003769752
-0.003748035
-0.003266375
-0.003034803
-0.002794385
-0.002283379
-0.002022285
-0.001864882
-0.001190557
-0.0004584016
-0.0001236331
0.0005207825
0.00147532
0.00193923
0.002011017
0.001945935
0.001638881
0.001104838
0.0006236666
0.000108997
-0.000744186
-0.00123801
-0.001218698
-0.001601441
-0.002215121
-0.002314383
-0.002206034
-0.002351884
-0.002376659
-0.00235732
-0.002611141
-0.002401691
-0.001529289
-0.001142678
-0.001084934
-0.0001454235
0.0009708903
0.001260384
0.00151161
0.002127551
0.0022286
0.002060585
0.002516822
0.002920523
0.002952143
0.003226553
0.003698845
0.004070115
0.004482539
0.00513205
0.005286143
0.005207206
0.006048439
0.006880029
0.006869087
0.006805757
0.007393481
0.008320658
0.008881894
0.009126556
0.008927915
0.008522196
0.008800474
0.009006076
0.008010807
0.006776484
0.006386508
0.005971365
0.004757377
0.003256532
0.001816779
0.0005186936
-0.0001803233
-0.0006783517
-0.002106379
-0.003608041
-0.003949278
-0.004156072
-0.005241787
-0.006497171
-0.007166535
-0.007752817
-0.008286981
-0.008460345
-0.00896632
-0.009536969
-0.009409909
-0.009196718
-0.009634692
-0.01026141
-0.01038273
-0.01050158
-0.01079936
-0.01074596
-0.01082116
-0.01111967
-0.01080207
-0.01006156
-0.009899938
-0.009951787
-0.009279799
-0.008625352
-0.008380549
-0.007861665
-0.007299687
-0.007092085
-0.006764067
-0.006082616
-0.005850797
-0.005697654
-0.004747458
-0.003992092
-0.003584594
-0.002714631
-0.001484454
-0.0001807472
0.00119961
0.002929449
0.004504566
0.005664804
0.007165655
0.008618297
0.009424138
0.01028429
0.01170461
0.0130593
0.0139332
0.01485586
0.01595447
0.01691857
0.01778991
0.01848306
0.01872152
0.01906943
0.01975672
0.01951517
0.01851923
0.01819009
0.01823247
0.0174205
0.01593676
0.01488691
0.01374398
0.01212549
0.01065562
0.009015362
0.007276083
0.005846027
0.004642754
0.003426754
0.002238534
0.001438651
0.0005552152
-0.0004694783
-0.0008632236
-0.001077
-0.001817147
-0.002306887
-0.001937911
-0.001722109
-0.001923514
-0.001481346
-0.0006259591
-0.000125219
0.0003647922
0.001209394
0.002186652
0.003027151
0.00376162
0.004364596
0.004846367
0.005450881
0.005754046
0.005330986
0.005171667
0.005766872
0.005671567
0.00484873
0.004857214
0.005097517
0.004492361
0.003865946
0.003651799
0.00317755
0.00277167
0.002956778
0.002807614
0.002235352
0.00229118
0.00259466
0.002206153
0.001572427
0.001339196
0.0009093683
0.0001938143
7.363211e-06
-0.0001406158
-0.000808875
-0.00109242
-0.0009933137
-0.001593837
-0.002470949
-0.002774653
-0.003131447
-0.003831643
-0.004175966
-0.004239578
-0.004552268
-0.004676758
-0.004411054
-0.004600642
-0.005130564
-0.005274407
-0.005311808
-0.00556893
-0.005692245
-0.005644749
-0.005820432
-0.005832862
-0.005577075
-0.00595988
-0.006708028
-0.006756309
-0.006641126
-0.007164861
-0.007338553
-0.006941276
-0.007114411
-0.007249013
-0.006584047
-0.00617083
-0.00634014
-0.005991637
-0.005172303
-0.004925846
-0.004752498
-0.004105918
-0.003881504
-0.003980972
-0.003529435
-0.003090635
-0.003324772
-0.003312228
-0.002689735
-0.002468188
-0.002528763
-0.002199624
-0.002040263
-0.002243172
-0.002086565
-0.001942964
-0.002426088
-0.002686671
-0.002499388
-0.002662235
-0.002907741
-0.0026029
-0.002275657
-0.002246191
-0.001740901
-0.001141313
-0.001125952
-0.0008932209
-0.0001139897
0.0005485654
0.0009504179
0.001768831
0.002590458
0.00283223
0.003453028
0.004346259
0.004674253
0.004877067
0.005548685
0.006140687
0.006259371
0.006815369
0.007445251
0.007227349
0.007178482
0.00767323
0.007504801
0.006681992
0.006303442
0.006046247
0.005244116
0.004602911
0.004215601
0.003243734
0.002176309
0.001659964
0.0008374073
-0.0004620558
-0.001356481
-0.002005422
-0.002942686
-0.003594816
-0.00377169
-0.004284212
-0.004873473
-0.004886782
-0.00484189
-0.005077983
-0.005044809
-0.004673048
-0.004403476
-0.00391338
-0.003102834
-0.002655661
-0.002463334
-0.001935112
-0.001556342
-0.001833663
-0.001853357
-0.001332419
-0.001220982
-0.001310694
-0.0008583565
-0.0004117517
-0.0004604573
-0.0003505911
-5.297585e-05
-0.0002280045
-0.000228152
0.0004545879
0.0007939853
0.0005952138
0.0007016843
0.0009212092
0.0006873341
0.0006472181
0.001007803
0.0009636984
0.001165602
0.0020426
0.002459376
0.002540656
0.003280158
0.004353623
0.005000412
0.005738542
0.006736033
0.007246263
0.007752269
0.008745034
0.009441166
0.009519535
0.009942437
0.01052267
0.01016946
0.009865962
0.01015177
0.0100287
0.009533988
0.009283547
0.009000869
0.008166273
0.007575691
0.007287964
0.00637164
0.005548495
0.005392056
0.004952513
0.004202759
0.003425171
0.002848205
0.002024327
0.001323495
0.0007107872
-0.0002435246
-0.0009912826
-0.00135551
-0.001868691
-0.002576365
-0.002928598
-0.003209343
-0.003925985
-0.004601442
-0.004935036
-0.005423726
-0.006153873
-0.006125448
-0.005864475
-0.006507844
-0.006991554
-0.006821678
-0.006952369
-0.007628529
-0.007925499
-0.007867385
-0.008431678
-0.008815309
-0.008650444
-0.008879905
-0.00928206
-0.009344802
-0.009250468
-0.009390827
-0.009677862
-0.009983349
-0.01042446
-0.01043592
-0.0102157
-0.01079542
-0.01131831
-0.0109594
-0.01093261
-0.01151445
-0.01169013
-0.01150611
-0.01166678
-0.01172294
-0.01117376
-0.01093841
-0.01090211
-0.01018198
-0.009355134
-0.008902269
-0.008549204
-0.008005146
-0.007531501
-0.007158688
-0.006371808
-0.005851086
-0.005680135
-0.004885864
-0.003872034
-0.003469903
-0.003298124
-0.002701833
-0.002319969
-0.002275156
-0.001807351
-0.001405464
-0.001370598
-0.001142192
-0.0007212401
-0.0006758721
-0.0007684172
-0.0004426705
-0.0004966731
-0.001063465
-0.001019313
-0.0007517284
-0.001260195
-0.001821952
-0.001843902
-0.002339094
-0.003392508
-0.004055447
-0.004728435
-0.005798617
-0.006483537
-0.00676008
-0.007303413
-0.007867398
-0.008044297
-0.008410064
-0.009041223
-0.009143413
-0.009165052
-0.009813264
-0.01017847
-0.009744149
-0.009514314
-0.009686369
-0.00933591
-0.008667401
-0.008306151
-0.007688595
-0.006711566
-0.006092097
-0.005443175
-0.004253289
-0.003228305
-0.002620451
-0.001753351
-0.0007052402
-5.836072e-05
0.0006498128
0.001687894
0.002226126
0.002559886
0.003587222
0.004746993
0.005405336
0.005978198
0.006771378
0.007415645
0.007892202
0.008468299
0.008812126
0.009046489
0.009753001
0.01043834
0.01052062
0.0106683
0.01112836
0.01120379
0.01108235
0.01108996
0.01085195
0.01048156
0.01053229
0.01070266
0.01019226
0.009776252
0.01004986
0.009809799
0.009026573
0.008651986
0.008444309
0.007936363
0.007553365
0.007383936
0.006814473
0.006113989
0.005712255
0.005146031
0.004265847
0.003687206
0.003284611
0.002411819
0.001697383
0.001500623
0.001098409
0.0004788272
0.0001536228
-1.192801e-05
-0.0003858158
-0.000523095
-0.0005541625
-0.001187732
-0.001646333
-0.00144136
-0.00151578
-0.002002539
-0.002028188
-0.001732798
-0.001824775
-0.001740292
-0.001331299
-0.001446871
-0.001761065
-0.001661767
-0.001540904
-0.001776146
-0.001911622
-0.001730598
-0.00177433
-0.001740333
-0.001391336
-0.001409156
-0.001676486
-0.001755042
-0.001752673
-0.00186848
-0.001906215
-0.001872656
-0.002258976
-0.002464162
-0.002056628
-0.001953502
-0.002256684
-0.002122368
-0.001491582
-0.001075625
-0.0008155406
-0.0004043643
-0.000184493
7.402521e-05
0.000732803
0.001176144
0.001199543
0.001697508
0.0025007
0.002643383
0.002653708
0.003053078
0.003106726
0.002799272
0.002864301
0.002846836
0.002287396
0.002037696
0.002146243
0.001793667
0.001255671
0.001103552
0.0008923922
0.000402059
0.0002739889
0.0004117163
0.0002277411
0.0002053053
0.0006624942
0.0009300275
0.001077855
0.001638107
0.002192115
0.002402408
0.00284054
0.003442943
0.003554468
0.003740205
0.004457311
0.004906137
0.004863161
0.005010661
0.00533952
0.005241764
0.004998161
0.004927073
0.004596038
0.00419638
0.004192377
0.004082058
0.003570765
0.003311468
0.003252419
0.00289914
0.002517216
0.002324227
0.00211408
0.001898987
0.001985301
0.002010458
0.001590674
0.001439072
0.001721184
0.001623387
0.001262431
0.001379071
0.001595412
0.001432112
0.001457724
0.001711003
0.001601555
0.00141594
0.001618469
0.001724034
0.001472644
0.001412225
0.001533336
0.001402751
0.001243686
0.001287254
0.001153259
0.0009154055
0.001032345
0.001152245
0.0009813088
0.0009862832
0.001187035
0.001100472
0.0009423862
0.001062481
0.0009783878
0.000623715
0.0006065573
0.0007182053
0.0004880087
0.0003415349
0.0005154271
0.0005069766
0.0003528016
0.0004438713
0.0004701348
0.0002362089
0.0002135112
0.0003264983
3.876205e-05
-0.0003452531
-0.0004489733
-0.0006685542
-0.001109942
-0.00140122
-0.001630439
-0.002021129
-0.002277115
-0.002354766
-0.002630514
-0.002909366
-0.002767481
-0.002535958
-0.002471442
-0.002175366
-0.001769661
-0.001579672
-0.001284073
-0.0008062734
-0.000518473
-0.0003816996
-3.897914e-05
0.0002556779
0.0001716885
0.00021132
0.000482259
0.0003998418
0.0001976192
0.0003173634
0.0003091687
8.375424e-05
0.0001212957
0.0002472742
0.0001487066
0.0001184429
0.0002770412
0.000194333
-3.055651e-05
5.775041e-05
0.0001383901
-4.86096e-05
-0.000109285
2.97486e-05
4.002628e-05
2.168522e-05
0.000187934
0.0002196487
0.0001293734
0.0002939972
0.0004590735
0.0003533753
0.0002725767
0.0003212371
0.0002067356
1.247576e-05
2.012571e-05
8.430397e-07
-0.0001490858
-0.0001190317
7.713942e-06
-3.06306e-05
-5.36622e-05
9.352982e-05
0.0001978575
0.0002071839
0.0003035099
0.0003919962
0.0003289984
0.0003152852
0.000403066
0.0003746574
0.0003075203
0.0003687182
0.0003957368
0.0003106282
0.0003078648
0.0003406281
0.000217372
0.0001018279
0.0001220037
7.14299e-05
-5.901927e-05
-8.120341e-05
-9.761724e-05
-0.000250112
-0.0003731326
-0.0004193783
-0.0005869259
-0.000794087
-0.0008533839
-0.0008899851
-0.0009924472
-0.001034906
-0.001001138
-0.001003705
-0.0009973072
-0.0009243732
-0.0009112749
-0.0009378846
-0.0008985731
-0.0008704659
-0.0008731755
-0.0008030074
-0.0006937588
-0.0006641125
-0.0006296266
-0.0005103857
-0.0004632401
-0.0004972248
-0.0004336852
-0.0003204998
-0.0002912337
-0.0002636777
-0.0001753031
-0.0001257097
-0.0001186266
-6.181809e-05
-2.198766e-05
-6.400756e-05
-6.355171e-05
-1.253274e-05
-2.837634e-05
-6.609065e-05
-4.698132e-05
-2.941155e-05
-4.789985e-05
-4.101463e-05
-3.426829e-05
-7.865603e-05
-9.697998e-05
-7.747774e-05
-0.0001055019
-0.0001513727
-0.0001541701
-0.0001640591
-0.0002083212
-0.0002328472
-0.0002516618
-0.0003162759
-0.0003601376
-0.0003553106
-0.0003935483
-0.0004520272
-0.0004555365
-0.0004506266
-0.0004766237
-0.0004802278
-0.0004569829
-0.0004662968
-0.000470603
-0.0004347705
-0.0004169489
-0.0004185444
-0.0003901832
-0.0003398989
-0.0003087066
-0.0002773071
-0.0002278162
-0.0002046295
-0.000196404
-0.0001656787
-0.0001413116
-0.0001427361
-0.0001392753
-0.0001233513
-0.0001253931
-0.0001337247
-0.0001234049
-0.0001181681
-0.0001226886
-0.0001129711
-9.969121e-05
-9.898436e-05
-9.27757e-05
-7.908085e-05
-7.948818e-05
-7.938775e-05
-6.412751e-05
-6.047319e-05
-7.016621e-05
-6.683105e-05
-6.04062e-05
-6.959423e-05
-7.798138e-05
-7.637172e-05
-8.326777e-05
-9.626212e-05
-9.862936e-05
-0.000101937
-0.0001141584
-0.0001198571
-0.000121127
-0.0001319211
-0.0001440213
-0.0001494274
-0.0001602918
-0.0001761155
-0.0001834926
-0.0001892916
-0.0002022578
-0.0002117869
-0.0002148101
-0.0002221105
-0.0002304066
-0.0002307981
-0.0002319391
-0.0002377171
-0.0002376912
-0.0002343891
-0.0002371333
-0.0002399077
-0.0002375215
-0.000237187
-0.0002386438
-0.0002347164
-0.0002292819
-0.0002271618
-0.0002221657
-0.0002128802
-0.0002061674
-0.0002008874
-0.0001924236
-0.0001838686
-0.0001774645
-0.0001695251
-0.0001605453
-0.000153565
-0.0001465261
-0.0001386613
-0.0001321457
-0.0001267424
-0.0001209989
-0.0001152306
-0.0001103793
-0.000105365
-9.995682e-05
-9.56632e-05
-9.181453e-05
-8.739588e-05
-8.363568e-05
-8.075517e-05
-7.740375e-05
-7.391732e-05
-7.112903e-05
-6.833919e-05
-6.525348e-05
-6.259468e-05
-6.028933e-05
-5.772432e-05
-5.521206e-05
-5.303255e-05
-5.070532e-05
-4.824555e-05
-4.603646e-05
-4.394855e-05
-4.182168e-05
-3.981863e-05
-3.793013e-05
-3.597579e-05
-3.404658e-05
-3.222381e-05
-3.034234e-05
-2.841518e-05
-2.658017e-05
-2.4777e-05
-2.294159e-05
-2.113684e-05
-1.936961e-05
-1.758646e-05
-1.58068e-05
-1.405699e-05
-1.230544e-05
-1.055041e-05
-8.817685e-06
-7.099207e-06
-5.385181e-06
-3.684906e-06
-1.999502e-06
-3.244871e-07
1.338085e-06
2.987126e-06
4.624691e-06
6.250845e-06
7.86499e-06
9.467666e-06
1.105915e-05
1.263935e-05
1.420836e-05
1.576623e-05
1.731294e-05
