-0.0002988657
-0.0003005045
-0.0003020989
-0.0003036046
-0.000305092
-0.0003064899
-0.0003078343
-0.0003091287
-0.0003103603
-0.0003115233
-0.0003126233
-0.0003136738
-0.0003146611
-0.0003156067
-0.0003164536
-0.0003172239
-0.0003180242
-0.0003186874
-0.0003193375
-0.0003199035
-0.0003204012
-0.00032093
-0.0003213269
-0.0003217263
-0.0003219741
-0.0003221973
-0.0003223655
-0.0003225084
-0.0003225425
-0.0003224517
-0.0003223233
-0.0003221495
-0.0003221225
-0.0003219896
-0.000321595
-0.0003211884
-0.0003208921
-0.000320445
-0.0003199724
-0.0003194034
-0.0003187484
-0.0003182219
-0.0003174944
-0.0003165645
-0.000315653
-0.0003146661
-0.0003138886
-0.0003128928
-0.0003118321
-0.0003108745
-0.0003095169
-0.0003081603
-0.0003069682
-0.0003057251
-0.0003044507
-0.0003030482
-0.0003020167
-0.0003005239
-0.0002985216
-0.0002968979
-0.0002948392
-0.0002931283
-0.0002919826
-0.0002899873
-0.0002881542
-0.0002861344
-0.0002845826
-0.0002831773
-0.0002799531
-0.000278091
-0.0002761124
-0.0002734176
-0.0002721559
-0.0002697777
-0.0002670659
-0.0002646852
-0.0002620173
-0.0002603674
-0.0002584116
-0.0002550716
-0.0002520375
-0.0002495806
-0.0002469969
-0.0002453873
-0.0002421635
-0.0002392412
-0.0002370239
-0.0002330645
-0.0002299447
-0.0002270677
-0.000224959
-0.000222441
-0.000219705
-0.0002170903
-0.0002129429
-0.0002098
-0.0002067126
-0.0002040411
-0.0002003456
-0.0001956388
-0.0001928381
-0.0001890356
-0.0001862354
-0.0001844766
-0.0001806092
-0.0001772026
-0.0001752104
-0.0001717878
-0.0001668658
-0.0001630685
-0.0001598237
-0.000155033
-0.0001514596
-0.0001487969
-0.0001445432
-0.0001422211
-0.0001408918
-0.0001362631
-0.0001318755
-0.0001278123
-0.0001230433
-0.0001188911
-0.0001147695
-0.0001120559
-0.0001082363
-0.0001033103
-9.938983e-05
-9.52169e-05
-9.205401e-05
-8.865849e-05
-8.714239e-05
-8.288044e-05
-7.819299e-05
-7.547069e-05
-6.993805e-05
-6.637351e-05
-6.244834e-05
-5.851269e-05
-5.542891e-05
-5.063185e-05
-4.566483e-05
-3.987029e-05
-3.57954e-05
-3.325641e-05
-3.067014e-05
-2.718296e-05
-2.270422e-05
-1.721751e-05
-1.167628e-05
-8.161608e-06
-6.172002e-06
-4.296295e-06
8.142267e-07
9.4998e-06
1.200028e-05
1.273353e-05
1.726602e-05
2.236132e-05
2.635983e-05
3.034485e-05
3.317475e-05
3.484649e-05
4.114858e-05
4.792124e-05
4.966745e-05
5.403816e-05
5.689786e-05
6.077686e-05
6.584768e-05
7.044529e-05
7.609731e-05
7.756702e-05
8.140042e-05
8.647003e-05
8.781765e-05
9.154282e-05
9.735689e-05
0.000102362
0.0001049076
0.0001085815
0.0001103118
0.0001119812
0.00011698
0.0001213178
0.0001270839
0.0001340937
0.0001364425
0.0001377925
0.0001400355
0.0001463584
0.0001498942
0.0001512834
0.0001545973
0.0001559308
0.0001606961
0.0001648681
0.000167436
0.0001699538
0.0001748519
0.0001833481
0.000184365
0.0001821521
0.0001836996
0.0001860719
0.0001922942
0.0002000772
0.0002031771
0.0002045713
0.0002059271
0.0002072577
0.0002101311
0.0002146351
0.0002199305
0.0002218689
0.0002222074
0.0002256753
0.0002267293
0.000225944
0.0002294083
0.0002387387
0.0002447038
0.0002420366
0.0002393654
0.0002398834
0.0002450357
0.0002584666
0.0002582532
0.0002534889
0.0002572958
0.0002577809
0.000264323
0.0002689043
0.0002612859
0.0002630116
0.0002668139
0.0002696156
0.0002740291
0.0002741387
0.0002784723
0.0002821056
0.0002799589
0.000276927
0.0002831239
0.0002891549
0.0002841535
0.0002873974
0.0002923377
0.0002881879
0.0002949233
0.000298988
0.0002945029
0.0002954381
0.0002946228
0.0002946255
0.0002964195
0.0002944675
0.0002961613
0.0002968445
0.0002947144
0.0002991415
0.000302693
0.0003052093
0.0003085624
0.0003051235
0.0003015381
0.0003027926
0.0003040707
0.0003042346
0.0003023853
0.0003025158
0.0003034484
0.0002994869
0.0003023952
0.0003081265
0.0003061021
0.0003087224
0.0003073951
0.0003041611
0.0003064775
0.0003032434
0.0003044927
0.0003019613
0.0002982904
0.0003004907
0.0002967279
0.0002949109
0.000296862
0.0002971963
0.0003019557
0.0002980692
0.0002958265
0.0002914346
0.0002833125
0.0002898822
0.0002906481
0.0002893091
0.0002875163
0.0002740855
0.0002731757
0.0002777832
0.000283184
0.0002864854
0.0002818829
0.0002790435
0.0002712707
0.0002655522
0.0002678168
0.0002672958
0.0002654661
0.0002639308
0.0002631257
0.0002616413
0.0002618135
0.0002593092
0.0002575054
0.0002528778
0.0002501956
0.0002495067
0.0002459421
0.0002462679
0.0002435884
0.0002410257
0.0002422743
0.0002367448
0.0002350247
0.0002343768
0.0002329342
0.0002372262
0.0002347712
0.0002330822
0.0002324727
0.0002268556
0.0002252401
0.0002246383
0.0002200304
0.0002184043
0.0002188771
0.0002172498
0.0002188435
0.0002201324
0.000211665
0.0002089148
0.0002063263
0.0002059755
0.0002102147
0.0002049527
0.0002071951
0.0002057554
0.0002033286
0.0002045555
0.0001972616
0.0001974596
0.0001940777
0.0001925707
0.0001959759
0.0001937056
0.0001909007
0.0001804321
0.0001798478
0.0001906157
0.0001932531
0.000177344
0.0001607991
0.0001723134
0.0001924969
0.0001938475
0.0001711708
0.0001594563
0.0001640292
0.0001678475
0.0001713121
0.0001669336
0.0001654946
0.0001638934
0.0001566174
0.0001589577
0.0001629817
0.0001642947
0.0001549699
0.0001534791
0.0001570814
0.0001527977
0.0001532787
0.0001519763
0.0001484914
0.0001501858
0.0001518246
0.0001443526
0.0001368862
0.00013853
0.0001422829
0.0001439837
0.00014261
0.0001381946
0.0001348001
0.0001324235
0.0001300551
0.0001297678
0.0001283555
0.0001250962
0.0001267374
0.0001243861
0.0001221452
0.0001278241
0.0001245679
0.0001202255
0.0001218667
0.00011867
0.0001141798
0.0001120088
0.0001126131
0.0001115184
0.0001100405
0.0001089857
0.0001126593
0.0001094202
0.0001041436
0.0001038145
9.960016e-05
0.0001004157
0.0001041814
0.0001020658
0.0001017539
9.956658e-05
9.83747e-05
0.0001001548
9.696048e-05
9.472033e-05
9.44971e-05
9.339488e-05
9.209948e-05
8.690674e-05
8.677069e-05
8.850382e-05
8.344556e-05
8.106044e-05
7.592367e-05
7.477972e-05
7.653481e-05
7.457823e-05
7.831782e-05
7.831515e-05
7.508294e-05
7.395874e-05
7.48526e-05
7.473312e-05
7.15999e-05
6.845661e-05
6.217056e-05
5.915163e-05
6.596561e-05
7.020999e-05
7.301746e-05
6.790201e-05
6.387596e-05
6.351183e-05
5.876328e-05
6.341582e-05
5.640901e-05
4.928254e-05
5.411953e-05
5.435712e-05
5.610255e-05
5.421186e-05
5.411131e-05
5.508805e-05
5.414269e-05
5.29735e-05
4.802182e-05
4.788613e-05
5.001849e-05
4.894308e-05
4.286474e-05
3.884405e-05
3.979942e-05
3.995549e-05
3.880834e-05
3.699472e-05
3.88984e-05
3.498838e-05
3.507356e-05
3.803925e-05
3.323957e-05
3.101959e-05
2.510982e-05
2.51875e-05
3.12493e-05
3.362132e-05
3.542413e-05
2.664002e-05
2.147435e-05
2.055699e-05
2.488691e-05
3.08606e-05
2.208296e-05
1.794371e-05
1.709295e-05
1.524747e-05
1.524114e-05
1.451173e-05
1.857897e-05
2.088972e-05
1.993886e-05
1.70898e-05
1.52071e-05
1.121817e-05
7.422934e-06
1.364043e-05
1.480989e-05
8.984998e-06
1.110398e-05
1.034392e-05
2.333448e-06
2.582126e-06
6.647845e-06
3.035594e-06
6.095784e-06
6.397295e-06
2.503416e-06
3.698737e-06
4.98371e-06
2.089412e-06
-4.763911e-06
-1.071834e-05
-9.360961e-06
9.86858e-07
3.368143e-06
-6.680231e-06
-1.24181e-05
-5.148307e-06
-4.806387e-06
-9.629316e-06
-7.377401e-06
-2.930956e-06
-2.737871e-06
-1.154636e-05
-1.946897e-05
-1.910493e-05
-1.685388e-05
-1.746415e-05
-1.315399e-05
-7.647564e-06
-1.358017e-05
-2.838896e-05
-2.920094e-05
-1.966028e-05
-1.008224e-05
-5.793341e-06
-1.143049e-05
-1.833497e-05
-2.81307e-05
-3.179932e-05
-2.651035e-05
-2.079845e-05
-1.557546e-05
-2.831018e-05
-4.015571e-05
-3.379827e-05
-2.40279e-05
-1.766821e-05
-3.149907e-05
-4.933401e-05
-4.815804e-05
-3.001798e-05
-9.692212e-06
-2.516655e-05
-4.740601e-05
-5.408666e-05
-4.743553e-05
-3.392773e-05
-2.818245e-05
-2.485733e-05
-2.740501e-05
-2.7887e-05
-2.867553e-05
-4.120543e-05
-4.61104e-05
-4.140491e-05
-2.981743e-05
-2.63931e-05
-2.767124e-05
-2.55035e-05
-5.127286e-05
-8.048325e-05
-6.876265e-05
-2.1364e-05
5.574672e-06
-3.055217e-05
-9.130179e-05
-9.887959e-05
-3.413374e-05
1.213264e-05
-3.111512e-05
-8.449381e-05
-7.612185e-05
-4.887989e-05
-2.38226e-05
-1.334838e-05
-3.696205e-05
-6.31685e-05
-7.67773e-05
-6.805151e-05
-4.314322e-05
-2.706746e-05
-3.699832e-05
-6.975773e-05
-7.961517e-05
-6.157738e-05
-3.958716e-05
-3.908193e-05
-5.878763e-05
-6.330517e-05
-5.364446e-05
-5.084077e-05
-5.346929e-05
-5.982183e-05
-6.139535e-05
-5.858297e-05
-6.019405e-05
-7.062304e-05
-6.599153e-05
-5.318045e-05
-5.44371e-05
-6.316415e-05
-6.84245e-05
-6.393944e-05
-6.2093e-05
-5.640991e-05
-5.377859e-05
-6.522315e-05
-7.486305e-05
-7.725437e-05
-6.73219e-05
-5.050546e-05
-4.862153e-05
-6.137695e-05
-7.791063e-05
-7.72922e-05
-6.334301e-05
-6.064887e-05
-6.699425e-05
-6.747262e-05
-7.082972e-05
-6.796564e-05
-5.835794e-05
-6.042054e-05
-5.98999e-05
-7.146251e-05
-8.784119e-05
-7.930571e-05
-7.020156e-05
-6.338532e-05
-6.18093e-05
-7.1067e-05
-7.460535e-05
-8.39601e-05
-9.238602e-05
-8.254359e-05
-6.852959e-05
-6.264696e-05
-6.6056e-05
-7.338443e-05
-6.855217e-05
-6.177057e-05
-6.693717e-05
-7.449792e-05
-8.691934e-05
-8.601792e-05
-7.017536e-05
-6.918613e-05
-6.842041e-05
-6.985997e-05
-8.40464e-05
-8.555974e-05
-7.847254e-05
-6.745351e-05
-6.782559e-05
-8.201528e-05
-8.453659e-05
-8.350598e-05
-8.072414e-05
-7.997263e-05
-7.995788e-05
-7.842568e-05
-8.337221e-05
-7.668658e-05
-7.373147e-05
-7.89254e-05
-8.136622e-05
-7.921202e-05
-6.846994e-05
-7.462614e-05
-8.288938e-05
-7.921412e-05
-8.213792e-05
-8.979096e-05
-9.777014e-05
-8.901405e-05
-8.29929e-05
-8.203824e-05
-7.214979e-05
-7.012949e-05
-7.748539e-05
-8.578555e-05
-8.687171e-05
-8.30972e-05
-8.103529e-05
-7.010124e-05
-6.405389e-05
-7.540306e-05
-8.987189e-05
-8.881939e-05
-8.308211e-05
-9.418212e-05
-9.237261e-05
-7.416441e-05
-6.60156e-05
-7.236672e-05
-8.562234e-05
-8.983496e-05
-9.101114e-05
-9.71583e-05
-9.323097e-05
-7.999383e-05
-7.816746e-05
-8.933166e-05
-8.747272e-05
-7.840056e-05
-7.528521e-05
-7.860799e-05
-9.487132e-05
-0.0001010682
-8.4894e-05
-6.751673e-05
-6.8752e-05
-8.701975e-05
-9.225242e-05
-8.518147e-05
-9.034247e-05
-0.0001005562
-9.145049e-05
-7.220558e-05
-6.802563e-05
-8.153328e-05
-0.0001007517
-9.888079e-05
-8.461665e-05
-7.437313e-05
-7.666699e-05
-8.760941e-05
-8.283859e-05
-7.859436e-05
-8.585154e-05
-9.709654e-05
-9.494982e-05
-8.300849e-05
-8.37767e-05
-8.188605e-05
-8.608109e-05
-9.084474e-05
-8.21963e-05
-8.472006e-05
-8.209423e-05
-8.186806e-05
-8.19103e-05
-7.998458e-05
-8.286909e-05
-8.203279e-05
-8.595698e-05
-9.320446e-05
-9.724631e-05
-8.900278e-05
-8.312459e-05
-9.194414e-05
-9.124211e-05
-8.792263e-05
-8.289702e-05
-8.60682e-05
-9.287524e-05
-8.506731e-05
-8.782608e-05
-9.197976e-05
-9.206753e-05
-8.866768e-05
-7.886047e-05
-8.459764e-05
-8.78225e-05
-8.884735e-05
-8.44674e-05
-7.468184e-05
-8.544531e-05
-8.557908e-05
-8.158198e-05
-8.529217e-05
-7.542262e-05
-7.510494e-05
-8.229669e-05
-8.73925e-05
-8.511047e-05
-7.924222e-05
-8.494957e-05
-8.519459e-05
-8.49719e-05
-8.083362e-05
-7.579278e-05
-8.476968e-05
-9.088872e-05
-8.778391e-05
-8.356908e-05
-8.053043e-05
-7.83079e-05
-7.53332e-05
-7.712793e-05
-8.025161e-05
-8.724729e-05
-8.715287e-05
-7.484937e-05
-7.484183e-05
-8.581932e-05
-8.48838e-05
-8.573935e-05
-8.865056e-05
-8.255106e-05
-8.242071e-05
-8.838743e-05
-9.153406e-05
-8.501525e-05
-7.200308e-05
-8.289631e-05
-8.991981e-05
-8.187089e-05
-8.765732e-05
-8.454394e-05
-7.441194e-05
-8.227729e-05
-8.120285e-05
-7.000511e-05
-7.380698e-05
-8.093432e-05
-8.592459e-05
-8.366936e-05
-7.452628e-05
-8.559105e-05
-0.0001016629
-9.462983e-05
-7.800202e-05
-6.371342e-05
-7.177366e-05
-9.397445e-05
-9.294801e-05
-7.752665e-05
-6.813427e-05
-6.613524e-05
-7.092387e-05
-7.611724e-05
-8.085453e-05
-7.784198e-05
-7.865689e-05
-8.258521e-05
-8.153175e-05
-7.721488e-05
-6.793361e-05
-7.50512e-05
-9.811421e-05
-0.0001044443
-8.966965e-05
-6.026382e-05
-5.490284e-05
-6.892306e-05
-7.923477e-05
-9.311336e-05
-9.105384e-05
-7.977469e-05
-7.01897e-05
-6.118198e-05
-7.30503e-05
-8.213704e-05
-7.491705e-05
-7.054907e-05
-7.255888e-05
-8.149912e-05
-8.647411e-05
-7.814451e-05
-6.471221e-05
-6.666318e-05
-8.270773e-05
-8.770642e-05
-8.555629e-05
-8.218841e-05
-6.888209e-05
-6.561737e-05
-7.969199e-05
-9.285732e-05
-9.155012e-05
-8.1353e-05
-7.995587e-05
-8.304444e-05
-8.471828e-05
-8.577546e-05
-9.667748e-05
-9.956913e-05
-9.649655e-05
-0.0001063304
-0.000112403
-0.0001121968
-0.0001110012
-0.0001067833
-0.0001035088
-0.0001064305
-0.0001195153
-0.0001346111
-0.0001415932
-0.0001434643
-0.0001452634
-0.0001585109
-0.0001815648
-0.0001856328
-0.0001782818
-0.0001698191
-0.0001678432
-0.0001846711
-0.0002031612
-0.0002159782
-0.0002087888
-0.0001942899
-0.0001940787
-0.0002020511
-0.0002049095
-0.0002027143
-0.0001953008
-0.0001758027
-0.0001511057
-0.0001222873
-9.060758e-05
-6.269729e-05
-2.903474e-05
1.518344e-05
6.938315e-05
9.899138e-05
9.951061e-05
0.0001136135
0.0001467517
0.0002069826
0.000274435
0.0003380909
0.0004114119
0.0004781294
0.0005394484
0.0005802932
0.0005951016
0.0005959292
0.0005434875
0.0004057344
0.0001745873
-6.57846e-05
-0.0001973141
-0.0001784905
-4.597926e-05
0.0001052514
0.0002290071
0.0002972192
0.0002722595
0.0001814545
5.637552e-05
-7.393445e-05
-0.0001962035
-0.0003039051
-0.0003813926
-0.0004360276
-0.0004849366
-0.0005652498
-0.0006740122
-0.000780103
-0.0008692941
-0.0009183581
-0.000898575
-0.0007422808
-0.0004741303
-0.0002534099
-0.000213551
-0.0004091453
-0.000751408
-0.001029704
-0.001080357
-0.0008631207
-0.0004150384
0.0001907716
0.0007794089
0.001122286
0.001071469
0.0006558266
6.542432e-05
-0.0004460259
-0.0006335845
-0.0004017644
0.0001103597
0.0005794877
0.0007674816
0.0007250686
0.000552652
0.000220609
-0.0001972692
-0.0004355461
-0.0002702983
0.0002624069
0.000871391
0.001151873
0.0009136929
0.0003501425
-0.0003115566
-0.001043649
-0.001701869
-0.001882107
-0.0013896
-0.0005000789
0.0003405419
0.0007598033
0.0005315725
-0.0002593407
-0.00118804
-0.00176518
-0.001668773
-0.0008693677
0.0003016091
0.00138375
0.002004098
0.001916509
0.001114221
3.065373e-05
-0.0006360495
-0.0004898714
0.0002626021
0.001134958
0.001833765
0.002157239
0.001806483
0.0007239636
-0.0005697009
-0.001353677
-0.001315909
-0.0006239461
0.0003324684
0.001131267
0.001520313
0.001391429
0.0008071146
0.0001348032
-0.0002114527
5.212986e-05
0.000842044
0.001687459
0.002082351
0.001755373
0.0008613364
-0.0002870245
-0.001442585
-0.002754673
-0.004209263
-0.004991382
-0.00466993
-0.003620616
-0.002557152
-0.002011889
-0.001963528
-0.002325379
-0.002878196
-0.003133333
-0.002745684
-0.001544926
0.0003980696
0.002405552
0.003591943
0.003842494
0.003641644
0.003116517
0.002054495
0.0006321432
-0.0004157342
-0.0003544061
0.0007486525
0.001727089
0.001217628
-0.0007963194
-0.003036057
-0.00433234
-0.004310491
-0.003172021
-0.001290635
0.0009096602
0.003203693
0.005052254
0.005890837
0.006053581
0.005831373
0.005703289
0.005898962
0.005694703
0.004879817
0.00353369
0.001646323
-0.0008962473
-0.004125088
-0.007089411
-0.008596088
-0.00821744
-0.006862101
-0.006015801
-0.005949585
-0.006008058
-0.005597744
-0.004587329
-0.003334836
-0.002147423
-0.001232385
-0.0002595893
0.001528804
0.003668694
0.005002366
0.005103639
0.004741522
0.005463914
0.00686355
0.007414082
0.007194602
0.00619334
0.004082092
0.001129942
-0.002191251
-0.004695857
-0.00548082
-0.004871514
-0.003733671
-0.002941723
-0.002255379
-0.0007852181
0.001346218
0.003239726
0.003589815
0.002074148
-0.0001769794
-0.001590948
-0.0007841259
0.001771771
0.004950609
0.00789736
0.00935963
0.008617703
0.005634788
0.001752235
-0.001844432
-0.004570391
-0.005795741
-0.006563085
-0.00689588
-0.006530661
-0.006487013
-0.006713813
-0.007936893
-0.009915893
-0.01094403
-0.01025709
-0.008031039
-0.005573547
-0.002632315
0.0005407929
0.003122503
0.006201015
0.009249969
0.01091393
0.01031398
0.007910478
0.005758602
0.004651549
0.004216452
0.003729641
0.002779172
0.001347353
-0.0009132784
-0.003473127
-0.004462303
-0.003228585
-0.0006802716
0.001412414
0.0009968584
-0.001513431
-0.004253305
-0.005394507
-0.004201392
-0.001972113
0.0008443933
0.004249471
0.00726984
0.00919913
0.009774904
0.009034221
0.007142553
0.004250195
0.0009033849
-0.001872435
-0.003469459
-0.004811331
-0.007350706
-0.01110925
-0.01497407
-0.01731422
-0.01676133
-0.01297579
-0.006717952
-0.0005064441
0.00305619
0.003378611
0.001269607
-0.001732677
-0.003094509
-0.0005436787
0.006048863
0.0148389
0.02236012
0.02486503
0.02083352
0.0120124
0.002175721
-0.004521765
-0.005311728
-0.001111095
0.004371712
0.006996218
0.004562493
-0.002292044
-0.01097311
-0.01737879
-0.01892673
-0.01523994
-0.007351957
0.002303337
0.01130828
0.01680941
0.01710862
0.01269188
0.005299307
-0.002071758
-0.006580564
-0.006134729
-0.002082103
0.0007258273
-0.0006661209
-0.006734179
-0.015161
-0.02144985
-0.02323205
-0.01979328
-0.01238199
-0.00452362
0.001219599
0.003267652
0.001553843
-0.001923371
-0.004874311
-0.004872616
-0.0003213542
0.007995701
0.01752505
0.02483817
0.02713266
0.02370958
0.01573659
0.006929851
0.001740533
0.001367938
0.003773123
0.005293409
0.002945054
-0.003386306
-0.01107065
-0.01720306
-0.02052462
-0.01996987
-0.01486384
-0.006920979
0.001125183
0.00759715
0.01144858
0.01294597
0.01306373
0.01164382
0.009285193
0.007211927
0.006397432
0.006689922
0.005936243
0.002435858
-0.004942154
-0.01457087
-0.02125417
-0.02236576
-0.01924695
-0.01419617
-0.009288858
-0.005910323
-0.004432819
-0.004808822
-0.006154233
-0.006541533
-0.004871778
-0.0007372024
0.005484746
0.01194727
0.01651486
0.01825885
0.01908958
0.02084577
0.02246736
0.02250979
0.02006701
0.01535158
0.009062047
0.001462629
-0.006056861
-0.0119297
-0.01510429
-0.01547815
-0.0144673
-0.01324328
-0.01149793
-0.008200768
-0.003436805
0.001574978
0.005350621
0.007162467
0.007661308
0.00802811
0.008786043
0.008627422
0.006217259
0.001747278
-0.003760118
-0.008829608
-0.01242043
-0.01357337
-0.01210766
-0.009602972
-0.0077707
-0.007222195
-0.007487552
-0.007605636
-0.006401484
-0.003946038
-0.002029617
-0.001273753
-0.0006000131
0.0004948406
0.001465795
0.001930274
0.002435442
0.004373105
0.008489723
0.01364749
0.01772435
0.01908578
0.01758129
0.01427155
0.009898806
0.004593317
-0.00052007
-0.003786599
-0.005161945
-0.006248385
-0.009041555
-0.01342806
-0.0164875
-0.0157128
-0.01121705
-0.004876486
0.0009426831
0.004442456
0.005437044
0.00418935
0.001273467
-0.001427507
-0.002456003
-0.001231732
0.002094396
0.005812118
0.007565132
0.006529821
0.004786463
0.004092063
0.003601348
0.002200775
-0.0008235573
-0.004357583
-0.006462455
-0.007914496
-0.00919129
-0.009878062
-0.01016223
-0.009136349
-0.006523925
-0.00236232
0.003367493
0.0106942
0.0199288
0.02780805
0.03120665
0.03002671
0.02438362
0.01651867
0.009082708
0.003188656
-0.001007715
-0.004428141
-0.008003616
-0.01320444
-0.02066568
-0.0290416
-0.03588251
-0.03802416
-0.03513798
-0.03013988
-0.02519488
-0.02052268
-0.01455848
-0.006587434
0.002167247
0.01176126
0.02287236
0.03449267
0.04393355
0.04831754
0.04626128
0.03779444
0.02440721
0.009768038
-0.001372019
-0.006491912
-0.006626211
-0.005729805
-0.008138047
-0.01518825
-0.02537046
-0.03518402
-0.04089281
-0.04087609
-0.03519141
-0.02509667
-0.01387996
-0.004672953
0.00202206
0.006591618
0.01021876
0.01476495
0.02128876
0.02913736
0.03538555
0.03748361
0.0337218
0.02416199
0.01273632
0.003971848
0.0002535669
0.001036127
0.003811182
0.006137383
0.005657991
0.00112015
-0.007016455
-0.01654731
-0.02375279
-0.02628559
-0.02448099
-0.02018784
-0.01530455
-0.01056991
-0.006646672
-0.005019702
-0.005745051
-0.00635782
-0.004614632
0.000522604
0.009126192
0.01850143
0.02462226
0.02501504
0.02015929
0.01304907
0.006106179
0.0003711859
-0.003739227
-0.004985767
-0.002757187
4.784543e-05
0.0008698086
-0.0004613863
-0.002241558
-0.002227805
-0.0009791082
0.0003426257
0.001352952
0.001588465
0.0008121386
-0.001355518
-0.004609759
-0.008010353
-0.01011902
-0.01000317
-0.008386284
-0.005934838
-0.002723805
0.0005675904
0.002363248
0.001207533
-0.002486589
-0.005584771
-0.004978322
-0.0002184347
0.007379072
0.01480619
0.0182753
0.01628754
0.01108535
0.006216423
0.003919915
0.00478128
0.006640716
0.007423035
0.006536881
0.00256503
-0.003857906
-0.01027968
-0.0147965
-0.01694906
-0.01826369
-0.01900156
-0.01901497
-0.01898414
-0.01897354
-0.01915055
-0.01859428
-0.01570327
-0.009632028
0.0004579062
0.01382512
0.02668919
0.03512058
0.03824013
0.03783104
0.03607475
0.03390364
0.031497
0.02874797
0.02422648
0.01586192
0.003340195
-0.01070969
-0.02259437
-0.03112116
-0.03746776
-0.04148792
-0.04217758
-0.04046856
-0.0378719
-0.03539462
-0.03297238
-0.02887356
-0.02264288
-0.01473268
-0.005142782
0.004129917
0.01042144
0.01271681
0.01264143
0.01353214
0.01634153
0.0201638
0.02464236
0.0293402
0.03293513
0.03324925
0.02922251
0.02298471
0.0172501
0.0124198
0.008257664
0.003995551
-0.000971085
-0.00552925
-0.009145066
-0.01201063
-0.01423531
-0.01592764
-0.01636224
-0.01461165
-0.01123429
-0.00820146
-0.006583043
-0.006292724
-0.006694415
-0.006509977
-0.005181428
-0.003115858
-0.001330888
-0.0007197224
-0.000914515
-0.001142472
-0.0003160231
0.002155552
0.005432262
0.009167599
0.01260971
0.01444483
0.01469181
0.01344938
0.01082479
0.007201895
0.002955789
-0.001409456
-0.005665192
-0.00911214
-0.01093104
-0.01126571
-0.01078031
-0.009957658
-0.008772101
-0.007406757
-0.006880256
-0.007832937
-0.009590351
-0.01088282
-0.01030068
-0.006945123
-0.002186531
0.001279629
0.002614193
0.002619405
0.002334063
0.002720859
0.004544436
0.008279205
0.01294556
0.01700355
0.01932876
0.0191696
0.01706662
0.01450277
0.01269522
0.01121115
0.009390312
0.007454424
0.005299803
0.002796315
-0.0003140912
-0.003720035
-0.00697264
-0.009976446
-0.01177446
-0.01209249
-0.01185583
-0.01185918
-0.01187423
-0.01058628
-0.007417233
-0.003629036
-0.001077473
-0.0003215183
-0.0003490355
0.0001940728
0.001674391
0.003469364
0.004655191
0.004519925
0.003381014
0.001921762
8.646758e-05
-0.002318095
-0.004309795
-0.004241485
-0.002398554
-0.0008204484
-0.0006560593
-0.001528517
-0.002822017
-0.00436431
-0.005534102
-0.005165063
-0.002379017
0.003124991
0.01004859
0.01550563
0.01742151
0.01591093
0.01288446
0.01066782
0.01033117
0.01146197
0.01244066
0.0117165
0.00961545
0.00720745
0.005038019
0.003176368
0.001311824
-0.0003501657
-0.001796852
-0.003375262
-0.005074702
-0.007061054
-0.00889344
-0.01024639
-0.01101119
-0.01033353
-0.009131249
-0.008741188
-0.008777315
-0.009839912
-0.01254379
-0.01594985
-0.01898343
-0.02005456
-0.01816121
-0.01395174
-0.00855452
-0.003717267
-0.0004684335
0.001457641
0.002471596
0.003143747
0.003243061
0.002660467
0.002392436
0.003192923
0.005222169
0.00707188
0.006857862
0.004816267
0.002426903
0.00133691
0.002704947
0.006133229
0.009916741
0.01213976
0.01240509
0.01180742
0.01112419
0.01036093
0.008942092
0.00596427
0.001061477
-0.00493581
-0.01065204
-0.01490474
-0.01704725
-0.0176193
-0.01783203
-0.01826544
-0.01863788
-0.0183666
-0.01673425
-0.01341412
-0.008904096
-0.004120636
-0.0003652464
0.001910174
0.003637477
0.005903056
0.009149448
0.01274645
0.01602075
0.0187085
0.02058404
0.02152359
0.0210651
0.01919626
0.0163883
0.01282547
0.009244133
0.00687395
0.00626786
0.006961532
0.007698187
0.006995773
0.004064435
-0.0005876351
-0.005667983
-0.01006695
-0.01304267
-0.01432424
-0.01441753
-0.013978
-0.01303529
-0.01147624
-0.009320457
-0.006615015
-0.003839498
-0.00129128
0.001020304
0.002469311
0.002297925
0.000541352
-0.00182211
-0.00369609
-0.004350451
-0.00339317
-0.001657441
-0.0005118007
-0.0001835407
8.563362e-06
0.0007098264
0.002133798
0.003841043
0.00486802
0.004942299
0.004702534
0.004809438
0.00540066
0.005471748
0.004109822
0.001466612
-0.001844273
-0.004910142
-0.007056948
-0.00785563
-0.007272324
-0.006113749
-0.004915943
-0.003296709
-0.001136262
0.0009341854
0.002548677
0.003759222
0.004965686
0.006930765
0.01033931
0.01559273
0.02166301
0.02629756
0.02786663
0.02592426
0.02163441
0.01683204
0.01230657
0.008219736
0.004712209
0.001607804
-0.001775451
-0.005830981
-0.009924977
-0.01362029
-0.01749587
-0.02147326
-0.02438869
-0.02580973
-0.02588646
-0.02446916
-0.02174128
-0.01861409
-0.01640859
-0.01571327
-0.01581425
-0.01564212
-0.01469184
-0.01275698
-0.009396997
-0.004783359
-0.0001509316
0.002841118
0.003279201
0.002251791
0.001717534
0.002733177
0.005005281
0.007444593
0.009395119
0.01005046
0.008309141
0.004712086
0.0009579732
-0.001883007
-0.003221232
-0.002887664
-0.001426574
0.0001025007
0.0006594448
0.0003339324
0.0001108862
0.00103283
0.003335437
0.005478331
0.005728793
0.003668379
8.728755e-05
-0.003537833
-0.006242353
-0.007800282
-0.00832466
-0.00785963
-0.006413231
-0.004528595
-0.003240589
-0.003198889
-0.003636912
-0.003121084
-0.00125187
0.0007884032
0.001511484
0.000893618
-0.0002414223
-0.001563793
-0.002952625
-0.003998529
-0.003857325
-0.002277171
-0.0007098571
-0.0003649328
-0.0004039961
0.0007701604
0.003399247
0.006225592
0.0082411
0.009085022
0.008859727
0.007851367
0.005791373
0.00285574
0.0001124516
-0.001309594
-0.0009895014
0.0004226411
0.002061856
0.00299197
0.002700128
0.001566188
6.413195e-05
-0.001010281
-0.00132666
-0.001180199
-0.0007267905
-0.0008650843
-0.002156222
-0.003880528
-0.005056514
-0.004961399
-0.003538701
-0.001704264
-0.0002404909
0.001212431
0.0024227
0.002346469
0.001311471
0.0007481422
0.00154364
0.003540819
0.00556163
0.005797865
0.004058487
0.002132824
0.001577873
0.003107836
0.006279817
0.009625793
0.01179903
0.01239584
0.01183471
0.01061005
0.009456931
0.008966372
0.009024319
0.009116051
0.008435705
0.006688193
0.004541612
0.002428494
0.0002071783
-0.001917797
-0.00386714
-0.005761532
-0.007027215
-0.007259985
-0.007041971
-0.00714257
-0.007470479
-0.007803433
-0.008448373
-0.009077371
-0.009009771
-0.007897904
-0.005970852
-0.00426777
-0.003586859
-0.00400471
-0.005299151
-0.007027887
-0.008456755
-0.008699791
-0.007442173
-0.005686552
-0.004434163
-0.003508203
-0.002824369
-0.002629578
-0.002758217
-0.002513069
-0.001167143
0.001174196
0.003518408
0.00473724
0.004351281
0.002560815
0.0002398717
-0.001231539
-0.001065534
0.0002871427
0.00182523
0.002377643
0.001248722
-0.0005690304
-0.001610102
-0.001146955
0.0007465726
0.003346103
0.006437385
0.009963686
0.01308147
0.01424193
0.01201913
0.006515834
-0.0001976205
-0.005501573
-0.007950993
-0.007411714
-0.005163321
-0.003137422
-0.00256961
-0.003472611
-0.0046041
-0.005361233
-0.005712453
-0.005693313
-0.006134375
-0.007139792
-0.008301551
-0.009510754
-0.01063765
-0.01183953
-0.0131642
-0.01391567
-0.01278019
-0.009615971
-0.005761888
-0.002408546
-0.0004799224
-0.0003460437
-0.001811743
-0.004243113
-0.005656739
-0.004221576
0.0001624409
0.006507376
0.01321038
0.01894576
0.02306574
0.02550324
0.02649593
0.02597314
0.02412489
0.02139369
0.01862292
0.01697679
0.01616512
0.01492774
0.01272849
0.009671923
0.006259083
0.003015581
-0.0002029884
-0.003703214
-0.007409863
-0.0108163
-0.01286156
-0.01303793
-0.01170091
-0.009424493
-0.007403843
-0.006525306
-0.006365013
-0.006254202
-0.00583089
-0.00534907
-0.005183801
-0.004837047
-0.003659732
-0.001179157
0.002356284
0.005944034
0.00882913
0.010221
0.009932293
0.008620344
0.006833268
0.005007211
0.003591445
0.00304164
0.003341038
0.004047491
0.004936423
0.005669048
0.006048821
0.006455311
0.007175566
0.008180095
0.009352673
0.01022856
0.009791044
0.007452774
0.003885812
0.0002372452
-0.002991046
-0.005790564
-0.007794387
-0.009136823
-0.01110046
-0.01407919
-0.01679762
-0.01794412
-0.01709355
-0.01491694
-0.01262322
-0.01104567
-0.01079444
-0.01134172
-0.01080093
-0.008490487
-0.005407721
-0.002388299
0.0005693453
0.003566273
0.006253198
0.008244406
0.009313138
0.009688163
0.009483797
0.008189494
0.005882014
0.003294242
0.001598481
0.001886348
0.003986589
0.007006703
0.009879124
0.01160314
0.01169549
0.01031228
0.008299628
0.006638241
0.005942678
0.006299526
0.007326365
0.008182529
0.007695889
0.005538018
0.002589228
0.0001998777
-0.0004029558
0.0008179907
0.002688075
0.003800219
0.003085288
0.000502412
-0.003703122
-0.009157823
-0.01439999
-0.01816347
-0.02062294
-0.02335261
-0.02736917
-0.03156286
-0.0349164
-0.03695068
-0.03711709
-0.03580253
-0.03325579
-0.02950773
-0.02529147
-0.0208311
-0.01587372
-0.01050913
-0.005316142
-0.001329174
0.001207471
0.003100178
0.005155248
0.007859158
0.01096498
0.01368636
0.01543233
0.01615637
0.01636347
0.01666039
0.01737139
0.01826889
0.01892901
0.01880391
0.01745861
0.01546229
0.01396401
0.01373475
0.01453278
0.01543531
0.0156999
0.01511953
0.01408934
0.0130564
0.0118465
0.009886484
0.007469886
0.00564152
0.004920423
0.00519315
0.005612704
0.005594467
0.005861043
0.006814772
0.007690305
0.008071485
0.008376987
0.008604249
0.00792347
0.005912283
0.003284971
0.001053459
-0.000531642
-0.001886458
-0.003573389
-0.00651003
-0.01127054
-0.01695285
-0.02220188
-0.0266482
-0.03037816
-0.03274821
-0.03287815
-0.03061651
-0.02657759
-0.02201288
-0.01819468
-0.01513146
-0.01173493
-0.007468516
-0.002142708
0.004029842
0.009957651
0.01483298
0.0178635
0.0191862
0.02058652
0.02325722
0.02715124
0.03099473
0.03320108
0.03351961
0.03263176
0.0313053
0.02926494
0.02558386
0.01974345
0.01157336
0.002717498
-0.004532955
-0.01004254
-0.01482553
-0.02003652
-0.02670002
-0.03481335
-0.04249499
-0.04731659
-0.04886457
-0.04766064
-0.04441254
-0.04053026
-0.03679666
-0.03323872
-0.02957978
-0.0254756
-0.02100715
-0.01644635
-0.01186944
-0.007232754
-0.00311447
5.958771e-05
0.002743118
0.00506686
0.007335118
0.01004355
0.01280243
0.01548547
0.01895884
0.02361247
0.02851864
0.0328216
0.03620239
0.03844944
0.04021294
0.04243936
0.04474788
0.04575768
0.04421775
0.03986284
0.03392447
0.02787239
0.02300859
0.02035354
0.01987735
0.02067142
0.02131912
0.02146079
0.02054406
0.01781815
0.01471783
0.01211889
0.009896468
0.007744765
0.004568831
-6.747798e-05
-0.006907072
-0.01652368
-0.0287051
-0.04312901
-0.05747316
-0.06873965
-0.07441501
-0.07462558
-0.07315384
-0.07230099
-0.07370554
-0.0767569
-0.07840616
-0.07860498
-0.07538312
-0.06706163
-0.05668895
-0.04465237
-0.02840251
-0.008411832
0.01224814
0.03255358
0.05247509
0.0700954
0.08276776
0.09110213
0.09963637
0.1089629
0.1165216
0.1202556
0.1183115
0.1140537
0.1092165
0.1006637
0.09024027
0.07834562
0.06123037
0.04019612
0.01690085
-0.009209618
-0.03708581
-0.06499737
-0.09085945
-0.1135034
-0.1311953
-0.1428207
-0.1491899
-0.1496605
-0.1478867
-0.1470686
-0.1430992
-0.1367042
-0.128358
-0.1156776
-0.1004978
-0.08108187
-0.05942174
-0.03894551
-0.0187073
-0.001093244
0.01603659
0.03469171
0.05351302
0.07252382
0.08893244
0.1014017
0.1104163
0.1149081
0.1150725
0.1141423
0.1142729
0.116927
0.122025
0.1269206
0.1325764
0.1369126
0.1360112
0.1311999
0.1241657
0.1162369
0.1077728
0.09948544
0.09223874
0.08648156
0.08244138
0.0784479
0.07481774
0.06899253
0.05704538
0.04248498
0.02622631
0.006560043
-0.01604446
-0.04559836
-0.08007904
-0.1137253
-0.1452213
-0.1704473
-0.1933685
-0.2188676
-0.2480719
-0.2802496
-0.3070235
-0.3235944
-0.313115
-0.2844512
-0.2687433
-0.2469692
-0.2191245
-0.2052317
-0.1841948
-0.1535827
-0.1230686
-0.0840344
-0.0336483
0.02420117
0.08229413
0.1344972
0.1779642
0.2138041
0.245001
0.2693488
0.2863636
0.2981907
0.3062642
0.3113605
0.3103282
0.2984413
0.2720559
0.2390764
0.2114824
0.1842998
0.1539852
0.1273886
0.09874184
0.05623914
0.005764849
-0.04156441
-0.08644736
-0.1318683
-0.182151
-0.2380469
-0.2881683
-0.3232358
-0.346983
-0.3674807
-0.3830376
-0.3894186
-0.389363
-0.3868968
-0.3860827
-0.3887307
-0.3993809
-0.408516
-0.3825419
-0.3220923
-0.2544612
-0.1758618
-0.09640321
-0.04544316
-0.0069816
0.04717942
0.111741
0.1722069
0.2262724
0.280326
0.3318322
0.3701784
0.3933976
0.4094927
0.4278562
0.447064
0.4648187
0.4905162
0.5200085
0.5346122
0.5349453
0.5344422
0.5348108
0.5303951
0.5190974
0.5017275
0.4786451
0.4526886
0.4255109
0.3960661
0.3661817
0.3346325
0.3025958
0.2734358
0.2485336
0.2325561
0.212282
0.1743619
0.1299756
0.0829012
0.0280188
-0.03397693
-0.09871522
-0.1675967
-0.244194
-0.3248733
-0.4107349
-0.4953398
-0.564496
-0.6046077
-0.6030997
-0.5725158
-0.5446243
-0.5361689
-0.5336523
-0.5287529
-0.5340124
-0.5466834
-0.5531091
-0.5522915
-0.5453929
-0.5339228
-0.5324096
-0.5315979
-0.5090098
-0.476506
-0.4379218
-0.3933326
-0.3607175
-0.3365775
-0.3092959
-0.2766291
-0.2381867
-0.1960534
-0.1474048
-0.09371712
-0.04163422
0.01110399
0.06992345
0.1356768
0.2020987
0.2651644
0.3255407
0.3815547
0.433038
0.4749444
0.5025308
0.5152664
0.513762
0.5028371
0.4845416
0.4670478
0.4536201
0.4384883
0.4256322
0.4130427
0.3951465
0.3720209
0.3456531
0.3196633
0.2940904
0.2674431
0.2377095
0.2060332
0.1749371
0.1475718
0.1243364
0.09987865
0.07391513
0.04775116
0.02482508
0.008280832
-0.00422711
-0.01557946
-0.02851307
-0.04147535
-0.05630653
-0.07420399
-0.08999742
-0.1048575
-0.1225979
-0.1475564
-0.1820286
-0.2248334
-0.2751139
-0.3298956
-0.3861019
-0.4335486
-0.4615693
-0.4676103
-0.4522841
-0.4274081
-0.4031901
-0.3760582
-0.3438634
-0.3126155
-0.283539
-0.2516988
-0.2152115
-0.1603242
-0.08334312
-0.009197627
0.0557176
0.1214604
0.1814999
0.2287455
0.2670094
0.3000122
0.3276154
0.3460317
0.3537212
0.3548484
0.3512742
0.3437053
0.3342033
0.3227671
0.310161
0.3009638
0.2949473
0.2870737
0.2754335
0.2544715
0.2222398
0.1816819
0.1311163
0.07844972
0.03345431
-0.009104167
-0.05447834
-0.0986647
-0.1381609
-0.1760458
-0.2146897
-0.2538876
-0.2920972
-0.3198729
-0.3317177
-0.3308171
-0.3208064
-0.310162
-0.3041771
-0.3037262
-0.3081033
-0.3123219
-0.3156919
-0.3178245
-0.3189641
-0.3201471
-0.316613
-0.3050025
-0.2855557
-0.2617582
-0.2358108
-0.2079987
-0.179414
-0.148361
-0.1163761
-0.08534723
-0.05370017
-0.02000746
0.01734596
0.05799628
0.0996999
0.1407894
0.1810818
0.2196161
0.2561426
0.2878321
0.3131096
0.3378845
0.3632202
0.388579
0.4125932
0.4301782
0.4408188
0.4466016
0.4497475
0.4494556
0.4462775
0.4440113
0.4432911
0.4408609
0.4361645
0.4328839
0.4255712
0.4092322
0.3849226
0.3489627
0.3029089
0.2484899
0.181992
0.1089555
0.03774015
-0.03123776
-0.09516095
-0.15077
-0.199219
-0.2412311
-0.2803781
-0.3254251
-0.383479
-0.4449344
-0.5026362
-0.5528591
-0.5873392
-0.6189975
-0.6319045
-0.6160394
-0.5987505
-0.5346952
-0.4142156
-0.3268759
-0.2775021
-0.2160331
-0.1575755
-0.1237777
-0.09966479
-0.07179981
-0.04113454
-0.009075485
0.02448643
0.05715019
0.08539907
0.1051313
0.11798
0.1316014
0.142874
0.149066
0.1578918
0.170133
0.181587
0.1850261
0.1753325
0.1638709
0.1615281
0.1633648
0.1599394
0.14759
0.1313738
0.1186016
0.1093655
0.09603997
0.07416719
0.04600517
0.01202162
-0.02496055
-0.05864999
-0.08435052
-0.1012484
-0.1139999
-0.1229522
-0.1247663
-0.1197518
-0.1106795
-0.1012828
-0.09144521
-0.07956379
-0.06858827
-0.05904319
-0.0462705
-0.03003692
-0.01235923
0.008566042
0.03529946
0.06408862
0.08370774
0.08730966
0.07949483
0.07567341
0.08169484
0.08453895
0.07936708
0.07398674
0.07230774
0.06538736
0.04997325
0.03937534
0.03417256
0.02857882
0.02674584
0.02904191
0.03041301
0.02726485
0.02103175
0.01146205
-0.00376503
-0.02085939
-0.03637962
-0.05076584
-0.06250218
-0.07061328
-0.07586269
-0.07757234
-0.07725264
-0.07760247
-0.08053113
-0.08497543
-0.08494209
-0.08008668
-0.07694947
-0.07847224
-0.08316915
-0.0899541
-0.09576012
-0.09597854
-0.09142301
-0.08404428
-0.07341423
-0.05830751
-0.03619463
-0.008898493
0.01835996
0.04526935
0.07222674
0.09488742
0.112218
0.1279767
0.1433107
0.1566892
0.1661744
0.170708
0.170856
0.1677376
0.1623313
0.1556894
0.1478251
0.1392239
0.1315699
0.1241904
0.1172075
0.1110613
0.1050133
0.1002484
0.09533462
0.08804598
0.07817384
0.0669125
0.05559466
0.04110928
0.02421211
0.007585341
-0.01258082
-0.03600862
-0.05902467
-0.08078012
-0.1004374
-0.1177667
-0.133879
-0.1509266
-0.1667119
-0.1768424
-0.1828233
-0.1856671
-0.1849487
-0.1819471
-0.1769916
-0.1719898
-0.1668465
-0.1579749
-0.1448842
-0.129821
-0.1156014
-0.1042033
-0.09460394
-0.08599969
-0.08041034
-0.07631456
-0.07002933
-0.0621426
-0.05357924
-0.04428477
-0.03290357
-0.01856745
-0.003185893
0.0124079
0.02743682
0.04259253
0.05889924
0.07515179
0.09147656
0.1072193
0.1219688
0.13574
0.147443
0.1568664
0.1642572
0.1711208
0.1769842
0.1804043
0.1817444
0.1816189
0.1796149
0.17283
0.1631547
0.153382
0.1437719
0.1363067
0.1277481
0.1167964
0.1053527
0.09290163
0.08023879
0.06456966
0.04394689
0.02109087
-0.002407184
-0.02622481
-0.05005977
-0.07199242
-0.08986318
-0.1035568
-0.1134474
-0.1186103
-0.1187244
-0.1165264
-0.115809
-0.1174456
-0.1197089
-0.1217153
-0.1225828
-0.1199075
-0.1123964
-0.1031562
-0.09518399
-0.08607857
-0.07429927
-0.06175777
-0.04844351
-0.03432951
-0.02239756
-0.01327459
-0.005103719
0.002753042
0.01060253
0.01753096
0.02332962
0.02783347
0.02993248
0.03039316
0.02966133
0.02815391
0.02633206
0.02436841
0.02292891
0.02181092
0.02049241
0.01838393
0.01578397
0.01265588
0.009125661
0.00636266
0.004012495
0.001438049
-0.001394225
-0.002512295
-0.00133402
-0.0008452742
-0.001420162
-0.001388736
0.0006346972
0.003987912
0.007024942
0.01006381
0.0131747
0.01640899
0.01901692
0.02025511
0.02070444
0.01981349
0.01762614
0.01530476
0.01352529
0.01172864
0.009037643
0.006029608
0.002742131
-0.001249757
-0.006008065
-0.01234834
-0.01992331
-0.02770947
-0.03590642
-0.04421303
-0.05171597
-0.05790931
-0.06239643
-0.06478279
-0.06513073
-0.06381091
-0.06115496
-0.05817078
-0.05576921
-0.05409898
-0.05348629
-0.05362613
-0.05318412
-0.05147319
-0.04913405
-0.0462886
-0.04137662
-0.03409769
-0.02597316
-0.01688703
-0.005702019
0.006323061
0.01720696
0.02790153
0.03896845
0.04911462
0.05795245
0.06586004
0.07394175
0.08175308
0.08937707
0.09897629
0.1095721
0.1188718
0.1260177
0.1312597
0.1354269
0.1386128
0.1410372
0.1425407
0.1424869
0.1405801
0.1358742
0.12802
0.1186526
0.1083532
0.09622933
0.08188375
0.06546971
0.04834543
0.03120334
0.01302163
-0.005945271
-0.02400512
-0.04201892
-0.06115184
-0.0796658
-0.09691606
-0.1129722
-0.1281598
-0.1424015
-0.1546881
-0.1650462
-0.1726309
-0.178731
-0.1843012
-0.187838
-0.1908696
-0.1937087
-0.1956474
-0.197176
-0.1976756
-0.1967369
-0.1923173
-0.183278
-0.17197
-0.1584026
-0.1415851
-0.1237106
-0.1072699
-0.0929031
-0.07876817
-0.06353609
-0.04807107
-0.0312312
-0.01165356
0.01040266
0.03457964
0.06006229
0.08611882
0.111326
0.1342346
0.1539452
0.169792
0.1822842
0.1920658
0.2004865
0.2087087
0.2159188
0.2220362
0.2277636
0.2328518
0.2363393
0.2365264
0.2328105
0.2261329
0.2169175
0.204427
0.1887526
0.1722997
0.1544656
0.1337986
0.1132636
0.09224593
0.06832788
0.04295584
0.01668689
-0.01038498
-0.03759733
-0.0657062
-0.09540913
-0.1238144
-0.1482224
-0.1701258
-0.1896026
-0.2027161
-0.2069325
-0.2070041
-0.2080053
-0.2098478
-0.2117805
-0.2119436
-0.2110077
-0.2111014
-0.2110968
-0.2076872
-0.1978487
-0.1839287
-0.1678278
-0.1485196
-0.1280006
-0.1085432
-0.09108305
-0.07499979
-0.05859231
-0.04192226
-0.02497025
-0.006713211
0.01279058
0.03300354
0.05217117
0.06938329
0.08589798
0.1001832
0.1112607
0.1208479
0.1297263
0.1365123
0.1387786
0.1384721
0.138094
0.1375566
0.1368599
0.1331586
0.1250839
0.1149165
0.1048842
0.09488829
0.08205569
0.06911285
0.06000398
0.05269164
0.04710554
0.04287536
0.03838691
0.03330441
0.02629092
0.01845738
0.0107267
0.004066579
0.0008000642
-0.0008629573
-0.003450228
-0.006340582
-0.007627606
-0.008307397
-0.01102959
-0.01487931
-0.01831699
-0.02123913
-0.02467032
-0.02966901
-0.03336942
-0.03340134
-0.03225544
-0.03146926
-0.0307509
-0.02963575
-0.02735668
-0.02550832
-0.02472312
-0.02332495
-0.02067082
-0.01660935
-0.01193762
-0.008148773
-0.005170206
-0.002201135
-0.0002559997
0.0003242469
0.001135791
0.002688834
0.005009767
0.007764132
0.01098018
0.0149795
0.01865716
0.02134009
0.02255849
0.02267699
0.02246934
0.02098906
0.01880396
0.01734218
0.01652562
0.01602101
0.01539761
0.01468519
0.01395521
0.01280611
0.01091157
0.008099891
0.004670286
0.0007656191
-0.003905545
-0.00865946
-0.01229611
-0.01537279
-0.01891538
-0.02219096
-0.02484926
-0.02739787
-0.02922479
-0.0300213
-0.02983327
-0.02838522
-0.02613031
-0.02325706
-0.0200313
-0.01654138
-0.01228275
-0.007666938
-0.00330693
0.0003154981
0.003648111
0.007557597
0.01138766
0.01495561
0.01898898
0.02333239
0.02756308
0.03140297
0.03432658
0.03619176
0.03723083
0.03752326
0.03741113
0.03728003
0.03727522
0.03739678
0.03764269
0.03834403
0.03895086
0.03924127
0.03976798
0.03936245
0.03770112
0.03505625
0.03113779
0.02634565
0.02002586
0.01227672
0.004213684
-0.003121076
-0.009660884
-0.0162762
-0.02237713
-0.02837835
-0.0345807
-0.04020364
-0.04506438
-0.04890334
-0.05212045
-0.05417104
-0.05465979
-0.05370147
-0.05133239
-0.04858136
-0.04441772
-0.03793343
-0.03051894
-0.02264026
-0.01365685
-0.003630176
0.006326641
0.01530045
0.02292381
0.0297445
0.03646209
0.04284072
0.04883314
0.05421324
0.05822844
0.06071997
0.06212551
0.0623235
0.06117188
0.05954386
0.05798881
0.05640781
0.05455531
0.05193272
0.04870814
0.04548863
0.04175672
0.03686619
0.03127192
0.02525571
0.01873214
0.01209457
0.005503
-0.001765129
-0.00964836
-0.01722722
-0.0249937
-0.03321576
-0.04109303
-0.0489576
-0.05714379
-0.06551368
-0.07415193
-0.08213654
-0.08822392
-0.09255868
-0.09615474
-0.09855039
-0.0988484
-0.09816357
-0.09736583
-0.09639411
-0.09532553
-0.09401467
-0.09239913
-0.09021695
-0.08722724
-0.08283383
-0.07617863
-0.06797193
-0.05866206
-0.04796343
-0.03723698
-0.0270753
-0.01679165
-0.006632727
0.003523781
0.01401713
0.02483934
0.03618974
0.04762866
0.05859657
0.06849265
0.07632713
0.08262381
0.08769045
0.09169041
0.09526698
0.09665917
0.09689617
0.09795937
0.09805177
0.09680823
0.09423164
0.09046891
0.0856193
0.07959092
0.07390129
0.06804092
0.06180358
0.05687017
0.05282507
0.04751876
0.04059644
0.03342985
0.02570574
0.01684166
0.00766664
-0.001376366
-0.0105467
-0.01995955
-0.02853989
-0.03478588
-0.04015853
-0.04591136
-0.050436
-0.0550429
-0.06080616
-0.065908
-0.07056763
-0.07548069
-0.08050142
-0.08441711
-0.08656947
-0.08860692
-0.08992082
-0.08881353
-0.08577074
-0.08193803
-0.07795896
-0.0728398
-0.06588572
-0.0582782
-0.05118713
-0.04375317
-0.03556804
-0.02830593
-0.02198992
-0.01608098
-0.01045466
-0.00432194
0.002970418
0.01070038
0.01780895
0.02524234
0.0321832
0.03807541
0.04329788
0.04657849
0.04945678
0.05196878
0.05308158
0.05402656
0.05437853
0.05440901
0.05376998
0.05250654
0.05161659
0.04897801
0.04529209
0.04234246
0.03917921
0.03567341
0.03171507
0.02813585
0.0246888
0.02060819
0.01704452
0.01405639
0.01084311
0.006518418
0.001864146
-0.003222321
-0.009300405
-0.01415825
-0.01859379
-0.02429533
-0.03045489
-0.03688448
-0.04407098
-0.05140444
-0.05749419
-0.06274785
-0.06728714
-0.07049584
-0.07285056
-0.07423557
-0.07412285
-0.07342208
-0.07294146
-0.07152163
-0.06970426
-0.06893495
-0.06759034
-0.06454482
-0.06056872
-0.05535807
-0.04921723
-0.04269838
-0.03402809
-0.02458809
-0.01622451
-0.006948337
0.001336093
0.008245361
0.01669718
0.02461686
0.03186756
0.03928112
0.0444421
0.04912244
0.05444352
0.05864679
0.06305585
0.06622173
0.06762884
0.06984828
0.07073191
0.07150148
0.0725184
0.07211052
0.07340114
0.07374414
0.072686
0.07090816
0.06620461
0.06153553
0.05564037
0.04853879
0.04115233
0.0334027
0.02807656
0.02278947
0.0173949
0.01160115
0.005277314
0.0002754624
-0.006115922
-0.0131522
-0.02050517
-0.02747705
-0.03281179
-0.0383635
-0.04362791
-0.04904029
-0.05373988
-0.05734853
-0.06038693
-0.06243633
-0.06466082
-0.0663156
-0.06727225
-0.06739049
-0.06658355
-0.06479035
-0.06163485
-0.05801313
-0.05306186
-0.04731459
-0.04106122
-0.03388901
-0.02619091
-0.01728027
-0.007603285
0.00268924
0.01258793
0.02102284
0.02890677
0.03671264
0.04414168
0.05048736
0.05617827
0.06202409
0.06759739
0.07193935
0.07500383
0.07761678
0.07933212
0.07945301
0.07823904
0.07606718
0.07337014
0.06997899
0.0656463
0.06093703
0.05548715
0.04849128
0.04018228
0.03066964
0.02007684
0.008608504
-0.003076304
-0.01385074
-0.02369949
-0.03309949
-0.04214259
-0.050045
-0.05642178
-0.06190162
-0.06701194
-0.07235754
-0.07741518
-0.08211018
-0.0861426
-0.08811569
-0.0888269
-0.08848825
-0.08670788
-0.08408704
-0.08044685
-0.07587053
-0.07034259
-0.0637554
-0.05617803
-0.04809048
-0.0399459
-0.03121187
-0.02246404
-0.01424217
-0.005763203
0.003062957
0.01198475
0.0211254
0.03002892
0.03775035
0.04458765
0.05133961
0.05739624
0.061943
0.06570272
0.06961249
0.07299567
0.07524081
0.07694844
0.07851269
0.07923183
0.07824573
0.07567368
0.07164724
0.06619639
0.06012195
0.0542722
0.04797211
0.04046894
0.03307649
0.02645321
0.01959132
0.01190072
0.004066812
-0.002944688
-0.008875046
-0.01372965
-0.01804068
-0.02149275
-0.02334941
-0.02400635
-0.02407056
-0.02441764
-0.025026
-0.0255967
-0.02645425
-0.02708351
-0.02722963
-0.0274457
-0.02783604
-0.02785571
-0.0276636
-0.02789941
-0.02819906
-0.0281494
-0.02789419
-0.02760967
-0.02693508
-0.02514967
-0.02250299
-0.01972646
-0.01684095
-0.01384203
-0.01100081
-0.007933208
-0.004061776
6.273113e-05
0.003745866
0.007185512
0.01073433
0.01435256
0.0174077
0.02005677
0.02293927
0.02562205
0.02812798
0.03027155
0.03142509
0.03187395
0.03140357
0.03045055
0.02995651
0.02899978
0.02733606
0.02551544
0.02292556
0.01978203
0.01679212
0.01399041
0.01129957
0.008638009
0.006408697
0.00438764
0.001926463
-0.000398828
-0.002246742
-0.00407823
-0.005943454
-0.007508075
-0.008862302
-0.01038314
-0.01169724
-0.01283502
-0.01433225
-0.01578798
-0.01717112
-0.01854401
-0.01953343
-0.02012848
-0.02029026
-0.02042248
-0.0204268
-0.0203259
-0.02140327
-0.02311445
-0.02420331
-0.02536393
-0.02684141
-0.02751063
-0.0268415
-0.02569239
-0.02472154
-0.02339872
-0.02185028
-0.02074775
-0.01957278
-0.01797094
-0.01625073
-0.01452294
-0.01297938
-0.01142803
-0.009731321
-0.008191548
-0.00673215
-0.005244322
-0.003428035
-0.001589963
-0.0009624112
-0.001038742
-0.0008579121
-0.001137868
-0.002097138
-0.002761413
-0.002772791
-0.002576832
-0.002217663
-0.001718861
-0.0012149
-0.0007868673
-0.0005385569
-0.0003430783
-0.0004951267
-0.0009313119
-0.001162569
-0.001239558
-0.00116102
-0.0005916629
0.0004558208
0.001121061
0.001932251
0.003733365
0.005496438
0.007099322
0.008924042
0.01091055
0.01288063
0.01440205
0.01588535
0.01734288
0.01866183
0.02023845
0.02169101
0.02305399
0.02473676
0.02658153
0.0282885
0.02977015
0.031275
0.03262023
0.03360775
0.03443169
0.03465247
0.03409687
0.03312915
0.03159725
0.02959249
0.02728848
0.02462365
0.02172296
0.01850546
0.01532969
0.01234909
0.009026295
0.005630973
0.002483543
-0.0006488064
-0.003802636
-0.006758143
-0.009515516
-0.01250928
-0.01564443
-0.01839314
-0.02094097
-0.02361822
-0.02613865
-0.02827762
-0.03004937
-0.0315027
-0.03280565
-0.03424942
-0.0358263
-0.03715643
-0.0386637
-0.04064026
-0.04217435
-0.04299019
-0.0436156
-0.04403372
-0.04374891
-0.04277992
-0.04156757
-0.03978308
-0.03713238
-0.03420149
-0.03121001
-0.02792573
-0.02417232
-0.02015384
-0.01635656
-0.01281664
-0.009466799
-0.006162786
-0.002897061
0.0004154435
0.004067426
0.007619025
0.01069033
0.01316742
0.01532623
0.01730864
0.01839882
0.01902918
0.02004491
0.02113619
0.02190408
0.02250752
0.02319449
0.02357451
0.0233805
0.0231477
0.02324793
0.02347328
0.02349101
0.02333339
0.02333685
0.02322883
0.02247732
0.0212918
0.02008957
0.01891803
0.01757191
0.0161717
0.0149582
0.01363663
0.0120647
0.01059981
0.009486888
0.008526038
0.007625381
0.007257707
0.007489099
0.007598471
0.007557365
0.007874574
0.008341476
0.008955169
0.01006736
0.01148853
0.0129287
0.01444962
0.01624889
0.01800834
0.01950404
0.02105693
0.02248269
0.02363379
0.0245938
0.02544244
0.02644342
0.02737927
0.02829351
0.02908864
0.02908775
0.02862694
0.02801538
0.02698402
0.02559838
0.02381788
0.02162461
0.01910059
0.0165011
0.01390665
0.01092092
0.007805287
0.005113132
0.002716838
0.000240036
-0.002187487
-0.004384295
-0.006870666
-0.009493588
-0.01186351
-0.01445431
-0.01707107
-0.01941011
-0.0217749
-0.02414317
-0.02628785
-0.02802367
-0.0295848
-0.03095332
-0.0315127
-0.0315718
-0.03167167
-0.03154633
-0.03096782
-0.03017977
-0.02933337
-0.02793744
-0.02603242
-0.02386826
-0.02117513
-0.01820021
-0.01520256
-0.01211293
-0.008890184
-0.005905109
-0.003254626
-0.0004474802
0.002249765
0.004923062
0.008154358
0.01164181
0.0147526
0.01746148
0.02038566
0.02323128
0.02543066
0.02736123
0.02916983
0.03054467
0.03116162
0.03102342
0.03015096
0.02830831
0.02593888
0.02332786
0.02003144
0.01677757
0.01418855
0.01140853
0.008223612
0.005080227
0.002069073
-0.001019404
-0.004156614
-0.006991317
-0.009494606
-0.01153015
-0.01310641
-0.01491841
-0.01681764
-0.018262
-0.01971014
-0.02086966
-0.02119832
-0.02111217
-0.02114834
-0.0213384
-0.02080538
-0.02012436
-0.02027134
-0.02026787
-0.01971435
-0.0194384
-0.01963705
-0.01921282
-0.01811774
-0.01727176
-0.01661581
-0.01602342
-0.01524508
-0.01423597
-0.01284513
-0.01101744
-0.00914717
-0.006781052
-0.00445416
-0.002481674
-9.405284e-05
0.002418399
0.00510995
0.00760508
0.009885277
0.0125068
0.01436402
0.01547997
0.01666161
0.01769619
0.01843794
0.01910967
0.02006249
0.02093716
0.02175206
0.02277163
0.0235076
0.02396734
0.02446812
0.02470498
0.02435391
0.02409133
0.02428411
0.02385977
0.02248933
0.02141509
0.02116051
0.02078502
0.0200293
0.01932715
0.01841679
0.01714388
0.01576671
0.01458822
0.01363463
0.0128728
0.01227152
0.01154021
0.01131046
0.01133137
0.01048847
0.009869142
0.01005095
0.009883243
0.009046185
0.008208578
0.007437723
0.005998237
0.003920502
0.001761712
-0.000276041
-0.002577053
-0.004973867
-0.006997374
-0.008969619
-0.01061968
-0.01180639
-0.01250532
-0.01280803
-0.01337298
-0.01426078
-0.01536921
-0.01623379
-0.01731522
-0.01913677
-0.02069496
-0.02175915
-0.02264369
-0.02364493
-0.02426582
-0.02452161
-0.02537282
-0.02588895
-0.02601108
-0.02630136
-0.02594466
-0.02449395
-0.0217299
-0.01843364
-0.01487226
-0.01033445
-0.005777492
-0.002015052
0.001884232
0.006344893
0.01007478
0.01306275
0.01638162
0.0195146
0.02215942
0.02425143
0.02621971
0.02839757
0.02967514
0.03043168
0.031072
0.03130147
0.03116507
0.0300625
0.02856186
0.02713536
0.02510227
0.02224305
0.01934869
0.01720112
0.0149408
0.0123475
0.01056922
0.009663229
0.008851112
0.00810376
0.007751861
0.007484656
0.007166301
0.006875936
0.006290862
0.005283721
0.004224777
0.003222875
0.001933752
0.0004745078
-0.0007357864
-0.002219541
-0.004306445
-0.005910085
-0.007366128
-0.009771311
-0.0122437
-0.01444914
-0.01697295
-0.02009595
-0.02362247
-0.0265712
-0.02905892
-0.03143123
-0.0331706
-0.03416246
-0.03433311
-0.0339563
-0.03347504
-0.03305025
-0.03259432
-0.03191212
-0.03153693
-0.0313545
-0.03064203
-0.02965924
-0.02869054
-0.02753988
-0.02634522
-0.02574454
-0.02545824
-0.02483036
-0.0244005
-0.02430219
-0.02409543
-0.02366401
-0.02289031
-0.02208239
-0.0213943
-0.02067198
-0.01969038
-0.0180245
-0.01622067
-0.0144819
-0.01189446
-0.008793131
-0.005732169
-0.002392193
0.0009017556
0.003424144
0.005172515
0.006922943
0.008620722
0.009497778
0.01003264
0.01075954
0.01145329
0.0120669
0.01258347
0.01290438
0.01284865
0.01272079
0.01281437
0.01285184
0.01310345
0.01354633
0.01370362
0.01365124
0.01350991
0.01329755
0.0126793
0.0119121
0.01160119
0.01109997
0.01023106
0.009552694
0.008945045
0.007864357
0.006273728
0.004719871
0.00283866
0.000585967
-0.001433818
-0.003639862
-0.006104628
-0.008569645
-0.01110396
-0.01368862
-0.01621792
-0.0183187
-0.02021465
-0.02201765
-0.02305389
-0.02342988
-0.02359122
-0.02335001
-0.0227861
-0.02242696
-0.0221448
-0.021512
-0.0208304
-0.02006679
-0.01878267
-0.01739137
-0.01613578
-0.01463408
-0.01349431
-0.01327024
-0.01302728
-0.01250684
-0.01273156
-0.01341092
-0.01355093
-0.0138585
-0.0149569
-0.01605253
-0.01667491
-0.01732513
-0.01821601
-0.01839996
-0.01802315
-0.01804894
-0.01773856
-0.01651916
-0.01507226
-0.01375294
-0.01190314
-0.009524712
-0.007465606
-0.005484856
-0.00345003
-0.00182531
-0.0006710839
0.0005090495
0.001839702
0.002888439
0.004063162
0.005257638
0.006037037
0.006763227
0.007490461
0.00795661
0.008049534
0.008186982
0.008445325
0.008550665
0.008707867
0.009007902
0.009341671
0.009569722
0.009893736
0.01047635
0.01116074
0.01213663
0.01341284
0.01458687
0.0157723
0.01741618
0.01893086
0.01996185
0.02140214
0.02310452
0.02455989
0.02631278
0.02833961
0.02994938
0.03088969
0.03168737
0.03232482
0.03197211
0.03110857
0.030502
0.02983736
0.02893631
0.02798697
0.02679035
0.02490357
0.02281255
0.02084157
0.01827456
0.01546599
0.01313487
0.0108108
0.008185396
0.005791578
0.003796559
0.001319476
-0.001731093
-0.004540806
-0.007317623
-0.01060306
-0.01411563
-0.01733714
-0.02067632
-0.02415314
-0.02707358
-0.02995997
-0.03285016
-0.03513759
-0.03705189
-0.03857532
-0.03960167
-0.04020065
-0.04028657
-0.03974302
-0.03880246
-0.03762456
-0.03556668
-0.03272262
-0.02986211
-0.02680292
-0.02297146
-0.01840698
-0.0140088
-0.009949601
-0.005474593
-0.0008116798
0.003366804
0.007052836
0.0107378
0.01435236
0.01753242
0.02036946
0.02251453
0.02416555
0.02566174
0.0267111
0.02739877
0.02756114
0.02732493
0.02689209
0.02640867
0.02628231
0.02619548
0.02602367
0.02566363
0.02497028
0.0239011
0.02229192
0.02060632
0.01896978
0.01743383
0.01620266
0.01493386
0.01343835
0.01192141
0.01054938
0.008800673
0.006500114
0.004266166
0.001949068
-0.0008239213
-0.003315414
-0.005113729
-0.007134084
-0.009369161
-0.01102553
-0.01257425
-0.01454093
-0.01628561
-0.01713904
-0.01750198
-0.01773285
-0.01735598
-0.01641323
-0.01535657
-0.01402856
-0.01246793
-0.01127448
-0.0104132
-0.009629019
-0.009048116
-0.008441643
-0.007549087
-0.006557335
-0.005776021
-0.00461499
-0.002888673
-0.001537237
-0.0002566891
0.001236464
0.002309264
0.002908647
0.00349449
0.003980579
0.003613653
0.002896536
0.002439352
0.001796456
0.000816727
-0.0004343419
-0.001853639
-0.003577712
-0.005273145
-0.006542196
-0.008021111
-0.00960539
-0.01067654
-0.01168303
-0.01278974
-0.01339291
-0.01377297
-0.01439513
-0.01461228
-0.01415208
-0.0138334
-0.01359402
-0.01252731
-0.01101277
-0.009597738
-0.007702345
-0.005174334
-0.002926667
-0.0009318097
0.001733268
0.004343807
0.006284579
0.008499241
0.01094037
0.0127079
0.01419604
0.01608543
0.01759881
0.01848568
0.019572
0.02062918
0.02105401
0.02126506
0.02168025
0.02171016
0.02118593
0.02083786
0.02063215
0.01988261
0.01890217
0.01823251
0.01738456
0.0162005
0.01525184
0.01446166
0.01333403
0.01234682
0.01155461
0.01029132
0.009030257
0.007919492
0.006672618
0.005544241
0.004741826
0.003978474
0.002763007
0.001851411
0.001387013
0.0004973461
-0.0003432998
-0.0006989271
-0.001159136
-0.002003032
-0.002553277
-0.002770305
-0.003455383
-0.004247881
-0.004561991
-0.004869893
-0.00534133
-0.005245998
-0.004788084
-0.004758071
-0.004405463
-0.003589679
-0.003294441
-0.002954379
-0.001966386
-0.001185595
-0.0007854226
0.0004124375
0.002117086
0.003028069
0.00380727
0.004706132
0.004779784
0.0043279
0.004149639
0.003991783
0.00324962
0.002628212
0.002303885
0.00129351
-0.0001870955
-0.00161623
-0.003222145
-0.00515293
-0.006760061
-0.007880718
-0.009256104
-0.01045869
-0.01093646
-0.01121696
-0.01161603
-0.01169465
-0.01142568
-0.01150423
-0.01149238
-0.01096913
-0.01069517
-0.01075368
-0.01059018
-0.01020668
-0.01004241
-0.009784289
-0.009305399
-0.009192607
-0.008835714
-0.007842856
-0.007018112
-0.006527243
-0.005765219
-0.004881928
-0.004611691
-0.003959458
-0.002260781
-0.0006450206
0.00102742
0.003327708
0.005765
0.007605874
0.009167168
0.01100923
0.01225489
0.01310871
0.01418804
0.01518051
0.01602496
0.01644341
0.01678932
0.01670302
0.01603333
0.01597947
0.0159124
0.01527683
0.01484342
0.01471115
0.01418894
0.01327002
0.01274017
0.01199695
0.01070888
0.009843474
0.009350782
0.008596398
0.007872054
0.007557688
0.006971185
0.00603894
0.005493276
0.005085721
0.004450949
0.004085914
0.00418419
0.004212497
0.00422291
0.004549097
0.004783079
0.004657366
0.004750148
0.005375427
0.005946926
0.00666468
0.008085966
0.009318813
0.009957412
0.01063502
0.01107935
0.01093931
0.01072727
0.01077839
0.01057626
0.0100338
0.009898117
0.009613017
0.008788138
0.008307857
0.007878081
0.007163168
0.006872369
0.006969257
0.006707619
0.006292946
0.006134303
0.005587779
0.004309665
0.002903298
0.001693525
-0.0001313109
-0.002289642
-0.003627866
-0.004930392
-0.006473524
-0.007592158
-0.008849846
-0.01063253
-0.01229227
-0.01338754
-0.01459332
-0.01597744
-0.01675993
-0.01734442
-0.01807059
-0.01844321
-0.01846673
-0.01859675
-0.01863198
-0.01776814
-0.01663562
-0.01590702
-0.01459689
-0.01307784
-0.01236882
-0.01176652
-0.01084425
-0.01024569
-0.009877006
-0.008832262
-0.007583782
-0.006917242
-0.00585408
-0.004104384
-0.002574372
-0.001119071
0.0007230884
0.00236528
0.003383253
0.004494252
0.005530689
0.005497414
0.005042224
0.005001192
0.004814443
0.004169043
0.003734486
0.003475898
0.002482623
0.001343836
0.0007450831
-0.00028209
-0.001874432
-0.00309569
-0.003830292
-0.004601548
-0.005066783
-0.004773854
-0.00434971
-0.003746883
-0.002586377
-0.001333152
-0.0001323501
0.001311429
0.003063296
0.004609114
0.006061328
0.008074049
0.009954171
0.0114328
0.01328912
0.01520205
0.016673
0.0181888
0.01995794
0.02130358
0.0222844
0.02340503
0.02404765
0.02406892
0.02417515
0.02426069
0.0237809
0.02321671
0.02324187
0.0230349
0.02247075
0.02239508
0.02239296
0.02197504
0.02143886
0.0211239
0.02053246
0.01932112
0.01807867
0.01651061
0.01419865
0.01172578
0.009404229
0.006904962
0.004452002
0.002608042
0.0009741825
-0.0005660378
-0.001446031
-0.001917476
-0.002676595
-0.003274822
-0.00320418
-0.003220308
-0.003278755
-0.002839605
-0.002214029
-0.001863489
-0.001504503
-0.0007223118
-0.000351304
-0.0003905801
-0.0002212137
-0.0001221896
-5.304963e-05
0.0001094778
0.0002138527
-0.0001172305
-0.0003778389
-0.0001761344
-0.0004482972
-0.00090329
-0.0008539489
-0.0008946453
-0.001297191
-0.001356459
-0.0009761138
-0.0009774094
-0.001098312
-0.0006129286
-0.0003485188
-0.0009287379
-0.001473492
-0.001932287
-0.002930659
-0.004028059
-0.00464644
-0.005260849
-0.006124416
-0.006363651
-0.006300314
-0.006699838
-0.007038018
-0.007046244
-0.007178855
-0.007444121
-0.007256976
-0.007370215
-0.007953488
-0.008089162
-0.008452517
-0.00931992
-0.01023022
-0.01076382
-0.01139996
-0.01233901
-0.01225588
-0.01198639
-0.01203279
-0.01143861
-0.01058701
-0.009952075
-0.009610615
-0.008679489
-0.007564628
-0.007118529
-0.006103806
-0.004713543
-0.003784235
-0.002976974
-0.002030135
-0.001272136
-0.000843576
1.127096e-05
0.0009585199
0.001451877
0.002284858
0.003496802
0.004221789
0.004602957
0.005138701
0.005284467
0.004984544
0.005049161
0.00542085
0.005285717
0.005083111
0.005630833
0.005971581
0.005807561
0.005903103
0.005939237
0.005422197
0.00478099
0.004520681
0.003810431
0.002394459
0.001339222
0.0002313289
-0.001597234
-0.003480844
-0.005494775
-0.008021592
-0.0103134
-0.01217578
-0.01418741
-0.01611736
-0.01749812
-0.01874554
-0.02027821
-0.02174811
-0.02314143
-0.02474968
-0.02613287
-0.02687136
-0.02775595
-0.02897856
-0.02954211
-0.03003589
-0.03103007
-0.03153045
-0.03139987
-0.03134372
-0.03110046
-0.02997067
-0.02878926
-0.02805575
-0.02687247
-0.02548764
-0.02439938
-0.02300619
-0.02118306
-0.01966851
-0.01823914
-0.01609035
-0.01385118
-0.01210182
-0.009920263
-0.007161505
-0.004911611
-0.002785963
-4.96663e-05
0.002400756
0.004252279
0.006367833
0.008604477
0.01009743
0.01141637
0.01313365
0.01436001
0.01504686
0.01601329
0.01698262
0.01726659
0.01741368
0.01781385
0.01760308
0.01679661
0.01611114
0.01518852
0.0135759
0.0118808
0.01024861
0.007967321
0.005482391
0.003430044
0.001289971
-0.001083983
-0.003062136
-0.00466535
-0.006676999
-0.008629715
-0.01004046
-0.01180836
-0.01358799
-0.01465864
-0.01562051
-0.0167556
-0.01736279
-0.0172878
-0.01755253
-0.01782049
-0.01732434
-0.01686524
-0.01642159
-0.01542864
-0.01423288
-0.01322482
-0.01220872
-0.01093791
-0.01006723
-0.009620555
-0.008692594
-0.007680949
-0.006877493
-0.005524332
-0.003999675
-0.002895912
-0.001654809
-7.948584e-05
0.001069765
0.00163395
0.002410936
0.003228338
0.003518273
0.003847311
0.004508947
0.004895735
0.00496966
0.005537827
0.006312744
0.006512219
0.006734994
0.007194251
0.007261452
0.007009749
0.006861561
0.006547811
0.005720199
0.005048578
0.004783558
0.004287074
0.003771025
0.003747916
0.003752027
0.003436462
0.003383373
0.003438173
0.00295767
0.002569373
0.002594714
0.002084715
0.001115434
0.0007507604
0.0005077779
-0.0002819617
-0.0007381731
-0.0008940555
-0.001626753
-0.002368744
-0.002527909
-0.002901308
-0.003666285
-0.003915115
-0.003910945
-0.0044504
-0.005030872
-0.005463904
-0.006453475
-0.007716818
-0.008513528
-0.009315284
-0.01056119
-0.01128376
-0.01145728
-0.01204079
-0.01249826
-0.0124132
-0.01244897
-0.0126518
-0.01231089
-0.0117372
-0.01170157
-0.01114316
-0.009812067
-0.008845212
-0.007787394
-0.006239729
-0.004842271
-0.003712834
-0.002099218
8.795042e-05
0.001723658
0.003242923
0.005538098
0.007503367
0.008844408
0.01047351
0.01213644
0.01311971
0.01394291
0.01534018
0.0164863
0.01694717
0.01763577
0.01846362
0.01875861
0.01880324
0.01892097
0.01879213
0.01858902
0.01878512
0.01886979
0.01855097
0.01834671
0.01826198
0.0179712
0.01761124
0.01747766
0.01716888
0.01646662
0.01607092
0.01567108
0.01469312
0.01376862
0.01298917
0.0117396
0.01015066
0.008859985
0.007524705
0.005767623
0.004331586
0.003198373
0.001628646
-0.0001811416
-0.00170153
-0.003349376
-0.005293283
-0.006725148
-0.007776768
-0.008937878
-0.009640366
-0.00976569
-0.01008164
-0.01053448
-0.01052184
-0.01049676
-0.01082377
-0.01069411
-0.01016982
-0.01001028
-0.009478844
-0.008304655
-0.007543192
-0.007055696
-0.006102628
-0.005166402
-0.004846743
-0.00428513
-0.00320485
-0.002666827
-0.002278985
-0.001416531
-0.001064838
-0.001368586
-0.001368232
-0.001353298
-0.001989033
-0.002498114
-0.002429449
-0.002691865
-0.003215939
-0.00328008
-0.003430008
-0.003958473
-0.004156648
-0.00398998
-0.004259292
-0.004518979
-0.003917595
-0.003607883
-0.00373388
-0.003237823
-0.002923224
-0.003272621
-0.003397309
-0.002867786
-0.002640392
-0.002916792
-0.002447997
-0.001920866
-0.002024624
-0.001683178
-0.001029591
-0.0006558639
3.652449e-05
0.001438452
0.002588761
0.003082511
0.004025841
0.005366137
0.006031885
0.006545378
0.007497704
0.008097721
0.008478107
0.009325338
0.01013574
0.0102823
0.01038564
0.01094841
0.01095633
0.01043718
0.01030971
0.01011916
0.009591674
0.009353829
0.009423319
0.009058067
0.008641117
0.008781426
0.008597958
0.007945198
0.007672843
0.007651946
0.007236171
0.006984781
0.007379996
0.007319479
0.006991348
0.007590371
0.008401497
0.008735649
0.009373626
0.0103417
0.01063606
0.01061643
0.0110096
0.01086995
0.01033493
0.01046775
0.01037416
0.009509217
0.008863533
0.008528636
0.00758002
0.006385777
0.005861048
0.005086607
0.003712219
0.00287958
0.002410865
0.00150364
0.0006600309
0.0005267521
0.0003324757
-0.0004055222
-0.0008498469
-0.001069991
-0.001903718
-0.002887914
-0.003336952
-0.003992255
-0.004965446
-0.005508887
-0.006099701
-0.007003232
-0.007597906
-0.007860159
-0.008442968
-0.009100241
-0.009025278
-0.009006474
-0.009402619
-0.009356978
-0.009232021
-0.009664206
-0.01005361
-0.009872095
-0.009938994
-0.0101285
-0.009428835
-0.008677159
-0.008376823
-0.00765892
-0.006627098
-0.006014442
-0.005352158
-0.004072473
-0.003025679
-0.002322961
-0.001136198
0.0001719904
0.001010353
0.001867566
0.003126624
0.00395475
0.004152496
0.004864962
0.005827781
0.006077028
0.006412504
0.007280902
0.007719422
0.007871417
0.008489902
0.009020434
0.009289508
0.009999812
0.01088025
0.01133654
0.01172176
0.01234597
0.01262035
0.01262575
0.01299221
0.0130472
0.01256284
0.01250113
0.01261555
0.01194323
0.01107864
0.0108274
0.01029204
0.009173687
0.008516093
0.008168815
0.007296904
0.00643061
0.006143608
0.005490073
0.004265401
0.003609717
0.003222925
0.002211475
0.001340779
0.001081369
0.0003891832
-0.0005900458
-0.0009055204
-0.001336403
-0.002273422
-0.002738173
-0.002865645
-0.00358192
-0.00440122
-0.004584052
-0.005083744
-0.00597376
-0.006209928
-0.00634434
-0.006842469
-0.006858255
-0.006387209
-0.006411856
-0.006483433
-0.006019539
-0.006096102
-0.006649694
-0.006742642
-0.006873974
-0.007559548
-0.007905237
-0.007752162
-0.008296611
-0.008973211
-0.008930525
-0.009181801
-0.009819768
-0.009813781
-0.009474247
-0.009618543
-0.009473079
-0.008697581
-0.008449307
-0.008515601
-0.007856177
-0.007023232
-0.006646354
-0.005752578
-0.004225007
-0.003268123
-0.002419534
-0.0009305542
0.0002433909
0.0008798468
0.002067551
0.003408142
0.003933284
0.004527986
0.005539921
0.006019549
0.006136378
0.006715099
0.007207364
0.006873457
0.00674785
0.006887117
0.006371954
0.005886942
0.00582589
0.005597917
0.005078206
0.005015705
0.005188132
0.004784493
0.004720136
0.005176437
0.005281244
0.005309751
0.005753534
0.006086481
0.00584922
0.005995135
0.006352024
0.005822742
0.00539506
0.005647946
0.005524578
0.005183311
0.005528192
0.005884253
0.005591662
0.005653344
0.006027068
0.005597204
0.005041523
0.005103585
0.005004296
0.004476905
0.004287356
0.004249285
0.003391714
0.002447283
0.002001044
0.001021333
-0.0002390349
-0.0008259739
-0.001172823
-0.001869932
-0.0022166
-0.002118292
-0.002658417
-0.003342521
-0.003508931
-0.004009054
-0.005027049
-0.005717809
-0.006120929
-0.006995172
-0.007797491
-0.008104637
-0.00871744
-0.009368873
-0.009406194
-0.009498642
-0.009994654
-0.01010729
-0.009959422
-0.01034897
-0.01064504
-0.01037128
-0.01035221
-0.01051321
-0.01028411
-0.01020799
-0.01063895
-0.01073634
-0.01035834
-0.01042981
-0.01038514
-0.009574001
-0.008994615
-0.008726176
-0.007911462
-0.00696219
-0.00663183
-0.005975828
-0.004740003
-0.004089628
-0.003395425
-0.00193107
-0.0004905776
0.0005137179
0.001868958
0.003511886
0.004311142
0.00509416
0.006328271
0.007094705
0.007710065
0.008622409
0.009500699
0.009753503
0.01001891
0.01069852
0.0107642
0.01064784
0.01097615
0.01099417
0.01041007
0.01007006
0.009863001
0.008835698
0.007860519
0.007291572
0.006223262
0.004837172
0.003696676
0.002589926
0.0009956963
-0.0003305206
-0.001343311
-0.002836634
-0.004111578
-0.004876646
-0.005641899
-0.006541595
-0.006901534
-0.006864708
-0.007388662
-0.00751806
-0.007003988
-0.006860164
-0.006621872
-0.005748862
-0.004910629
-0.004593161
-0.003873017
-0.002657823
-0.002092909
-0.001749186
-0.001018618
-0.0007645754
-0.001021133
-0.0008004623
-0.0004982196
-0.0008904081
-0.001147113
-0.0007271709
-0.0006479729
-0.001034359
-0.00102962
-0.001210463
-0.001914476
-0.002146216
-0.002024821
-0.002267975
-0.002405238
-0.001807779
-0.001332904
-0.001501131
-0.001240631
-0.0009480637
-0.00131909
-0.001292587
-0.0008319903
-0.0008160136
-0.0007883466
-0.0001405866
0.000171293
2.308082e-05
0.0003367952
0.000617339
0.0004700061
0.000551724
0.00104988
0.001042977
0.0007677002
0.001237928
0.001407622
0.0009644929
0.0009956619
0.001247613
0.0009098321
0.0004392849
0.0006158875
0.0004793421
-0.0002322102
-0.0003473675
-0.0003977564
-0.001135809
-0.001744361
-0.001919624
-0.002528762
-0.00341393
-0.003621382
-0.00382483
-0.00452737
-0.004628155
-0.004273945
-0.004476023
-0.004722762
-0.004520488
-0.004682815
-0.005361045
-0.005519954
-0.005323515
-0.005611128
-0.005638215
-0.005004788
-0.004661201
-0.004480363
-0.003738337
-0.002995499
-0.002747865
-0.002158304
-0.001042632
-0.0003900148
7.807529e-05
0.001024837
0.001734656
0.002037787
0.002691558
0.003530479
0.003926467
0.004396568
0.005388587
0.006043346
0.006364261
0.007158836
0.00789228
0.00809882
0.008565911
0.009336767
0.009558155
0.009673547
0.01029637
0.01060638
0.01041078
0.01046362
0.01065062
0.01036708
0.01000441
0.009961555
0.009542952
0.008859063
0.008548605
0.008037619
0.007048206
0.006303519
0.005710351
0.004581349
0.00350895
0.00285888
0.001763659
0.0003176486
-0.0007105209
-0.001763849
-0.003436588
-0.004804628
-0.005623039
-0.006884613
-0.008054511
-0.008505165
-0.00909972
-0.01004311
-0.01036305
-0.01037496
-0.011034
-0.01138249
-0.01117621
-0.01127728
-0.01119596
-0.01058295
-0.00994069
-0.009506916
-0.008612679
-0.007319302
-0.006616486
-0.005860508
-0.004692168
-0.003962643
-0.003435613
-0.002650959
-0.00195598
-0.001776139
-0.001517367
-0.0008919281
-0.000841746
-0.001037131
-0.0008120557
-0.0007484415
-0.001053636
-0.00120079
-0.001126179
-0.001561433
-0.002064288
-0.002041463
-0.002392102
-0.002918164
-0.002980563
-0.00302252
-0.003305781
-0.00334546
-0.002927693
-0.002839142
-0.002855601
-0.002342504
-0.001961449
-0.001861927
-0.001537421
-0.001212561
-0.001277156
-0.001109062
-0.000519237
-0.0003703312
-0.0003282764
0.0002643082
0.0007272743
0.0008021214
0.001229484
0.001784922
0.001834494
0.00200202
0.002509193
0.002506514
0.002157199
0.002288182
0.002422358
0.002094661
0.002104933
0.00250311
0.002476013
0.002344035
0.002683541
0.002810561
0.002471915
0.002552139
0.002922776
0.002827478
0.002843323
0.003382626
0.003574711
0.003599712
0.004208085
0.004732042
0.004784704
0.0051462
0.005844835
0.006007992
0.005930816
0.00626266
0.006309096
0.00593936
0.005948754
0.006020203
0.005623429
0.005418473
0.005568779
0.005302306
0.004800857
0.004726613
0.004651036
0.004224683
0.004051186
0.004003969
0.003563133
0.003179441
0.003073688
0.002693061
0.002058912
0.001836368
0.001660838
0.0009696339
0.0004502304
0.0002258809
-0.0003807801
-0.001112975
-0.00145579
-0.001880486
-0.002620146
-0.002960606
-0.002934021
-0.003210266
-0.003504433
-0.003364412
-0.00336774
-0.003722022
-0.003714332
-0.003520396
-0.003653319
-0.003572968
-0.003009941
-0.002608479
-0.002397366
-0.001836633
-0.001313356
-0.001186995
-0.0008836827
-0.0004490153
-0.0004081528
-0.0003882983
-5.465056e-05
7.154436e-05
-7.920198e-05
0.0001061177
0.0004603203
0.000463799
0.0005627936
0.0009819595
0.001119344
0.001082321
0.001369054
0.00163811
0.001553249
0.001614531
0.001941417
0.00197868
0.001930279
0.002158532
0.00223516
0.002081784
0.002164157
0.002304199
0.002139875
0.002081737
0.002270328
0.00228185
0.002194086
0.002360275
0.002533059
0.00243422
0.00251335
0.002723293
0.002578165
0.002438016
0.00254406
0.002484439
0.002241465
0.002236772
0.002262966
0.001936012
0.001711539
0.001685147
0.001336331
0.0009141844
0.0007874492
0.0005289908
6.883201e-05
-0.0001261132
-0.0002503869
-0.0006381273
-0.000947778
-0.001001283
-0.001230506
-0.001601382
-0.001675034
-0.001760862
-0.002101958
-0.002280798
-0.002315856
-0.002582162
-0.002861682
-0.002868061
-0.002979028
-0.003262036
-0.003300287
-0.003261852
-0.003446705
-0.00356995
-0.003505433
-0.003603194
-0.003805129
-0.003745892
-0.003660019
-0.0037827
-0.003748265
-0.003559118
-0.00358709
-0.003651374
-0.003538385
-0.003502895
-0.003571837
-0.003439839
-0.003226491
-0.003195695
-0.003093671
-0.002847067
-0.002733861
-0.002653114
-0.002416724
-0.002214582
-0.002119545
-0.001884707
-0.00157896
-0.001444988
-0.001315137
-0.001065471
-0.000894068
-0.0007930341
-0.0005757047
-0.000338768
-0.0002161885
-5.528242e-05
0.0001745035
0.0002689815
0.0002641209
0.000320631
0.0003383167
0.0002349867
0.000175438
0.000206631
0.0001628626
0.0001010379
0.000154543
0.0001704004
0.0001008634
9.10959e-05
0.0001041635
4.700552e-05
1.007715e-06
9.816073e-06
-3.252308e-05
-0.0001046031
-0.0001091845
-0.0001330008
-0.0002129893
-0.0002263352
-0.000217995
-0.0002764541
-0.0002882121
-0.0002390479
-0.0002515677
-0.0002817848
-0.0002232883
-0.0001691364
-0.0001970801
-0.0001751618
-0.0001177145
-0.000146036
-0.0001683654
-0.0001261251
-0.0001247793
-0.0001612175
-0.0001287674
-8.276914e-05
-0.0001073878
-0.0001023123
-4.170584e-05
-2.952955e-05
-3.289515e-05
1.98067e-05
5.90262e-05
5.762625e-05
9.481476e-05
0.0001559248
0.0001727432
0.0001850616
0.000233993
0.0002618259
0.0002613186
0.0002873574
0.0003171454
0.0003183969
0.0003344735
0.0003759986
0.0003907421
0.0003914103
0.0004171344
0.0004330915
0.0004269235
0.0004373438
0.0004556002
0.0004524517
0.0004570241
0.0004845628
0.0004951017
0.0004955428
0.0005152412
0.0005313266
0.0005289801
0.0005333897
0.0005481258
0.0005472678
0.000545092
0.0005605657
0.0005649335
0.0005569573
0.0005592871
0.000558103
0.0005419272
0.0005286191
0.0005217687
0.0005057012
0.0004907678
0.0004884279
0.0004787588
0.0004627059
0.0004586294
0.0004537387
0.0004371256
0.0004267078
0.0004237961
0.0004096589
0.0003943799
0.0003927994
0.0003871015
0.0003733034
0.0003690198
0.0003680938
0.0003571939
0.0003463748
0.0003429739
0.000333419
0.0003182139
0.0003115248
0.0003056329
0.0002944141
0.0002894363
0.0002891615
0.0002829397
0.000275932
0.000275193
0.0002715722
0.0002631546
0.0002600633
0.0002591371
0.0002535677
0.0002493185
0.0002493093
0.0002463438
0.0002404946
0.0002381985
0.0002362823
0.0002301843
0.000225051
0.000223012
0.000219061
0.0002141172
0.0002116215
0.0002086679
0.0002033653
0.0001989791
0.0001958467
0.0001905955
0.0001846548
0.0001805204
0.0001756605
0.0001695033
0.0001644878
0.0001596996
0.0001537802
0.0001483546
0.0001435976
0.000138198
0.0001327814
0.0001279936
0.000122955
0.0001174677
0.0001123953
0.0001075765
0.0001024931
9.771929e-05
9.339994e-05
8.894338e-05
8.445171e-05
8.030567e-05
7.620993e-05
7.195891e-05
6.792385e-05
6.406848e-05
6.0155e-05
5.640621e-05
5.287488e-05
4.936383e-05
4.592533e-05
4.266587e-05
3.948476e-05
3.633437e-05
3.331437e-05
3.039753e-05
2.751449e-05
2.471384e-05
2.200327e-05
1.93302e-05
1.670016e-05
1.413749e-05
1.162038e-05
9.135014e-06
6.699186e-06
4.310781e-06
1.956524e-06
-3.591834e-07
-2.633179e-06
-4.870996e-06
-7.071775e-06
-9.232099e-06
-1.135289e-05
-1.34342e-05
-1.547461e-05
-1.747387e-05
-1.943194e-05
-2.134857e-05
-2.322373e-05
-2.505752e-05
-2.685004e-05
