0.001394284
0.001390424
0.001386129
0.001381025
0.001375603
0.001370453
0.001366139
0.001362218
0.001358053
0.001352317
0.001346139
0.001339505
0.001333146
0.001327728
0.001324396
0.001322311
0.00131797
0.001304887
0.001289952
0.001282377
0.001279214
0.001280545
0.001284208
0.00127998
0.001272508
0.00125858
0.001232279
0.001195859
0.001168629
0.001158702
0.00114872
0.001135167
0.001120658
0.001105509
0.00109095
0.001076296
0.001061915
0.001046909
0.001031786
0.001015893
0.0009999405
0.0009833103
0.0009667389
0.0009495316
0.0009324114
0.0009145589
0.0008966467
0.0008777573
0.0008587826
0.0008391967
0.0008204261
0.0008018123
0.0007836298
0.0007628218
0.0007380457
0.0007084613
0.0006824143
0.00067495
0.0007065476
0.0007776665
0.0008436377
0.0008611785
0.0009059481
0.001023381
0.001139249
0.001127222
0.001104919
0.001100107
0.001098129
0.00109859
0.001096218
0.001091079
0.001080946
0.001066221
0.001050262
0.001044643
0.001067358
0.001132214
0.001217786
0.001255617
0.001303941
0.001402729
0.001483698
0.001479862
0.00147253
0.001478616
0.001487345
0.001495654
0.001496033
0.001486623
0.001471795
0.001469979
0.001509673
0.001613111
0.001751379
0.001815074
0.001799623
0.001790528
0.001801844
0.001827956
0.001858759
0.001862595
0.00179288
0.001609081
0.0013549
0.001158516
0.0009436084
0.0007038349
0.0004536823
0.0001343159
-8.993435e-05
-0.000226115
-0.0001692022
2.158582e-05
0.000270112
0.0004045243
0.0005184435
0.0005636191
0.0006883613
0.0008595526
0.0008982131
0.001053314
0.001433118
0.001896295
0.002276828
0.002660212
0.002844372
0.00282553
0.002928846
0.003209891
0.003533369
0.003610287
0.003525196
0.003255072
0.00278167
0.002361299
0.002146317
0.001959672
0.001905819
0.001694228
0.00128973
0.0009157278
0.000514565
0.000196723
-0.0002581528
-0.0008098791
-0.001427869
-0.002019115
-0.002642027
-0.002780203
-0.002296059
-0.001504269
-0.0008496852
-0.0006786214
-0.0003173671
0.000200355
0.0004751554
0.0007215287
0.001073179
0.001291795
0.001709475
0.002229039
0.002597711
0.002706787
0.002616349
0.002309419
0.001721432
0.001090498
0.0006520965
0.0001913478
-0.000152558
-0.0005394154
-0.0008369837
-0.001181107
-0.001378892
-0.001611206
-0.002033092
-0.002364696
-0.002397459
-0.002323119
-0.002139168
-0.00181657
-0.001597687
-0.001683324
-0.001704494
-0.001508353
-0.001151779
-0.0008345292
-0.0008619075
-0.0007692123
-0.0004161396
4.791718e-05
0.0002876331
0.0007351715
0.001311045
0.00184532
0.0023847
0.003086246
0.003677433
0.004254394
0.004495546
0.004234439
0.003826898
0.00378332
0.003554777
0.002988757
0.002400925
0.001818001
0.00137572
0.000753292
9.583407e-05
-0.0007341283
-0.001164957
-0.001582549
-0.0024345
-0.003217284
-0.003460131
-0.003920062
-0.004470749
-0.004372331
-0.003881869
-0.003114532
-0.002482701
-0.002274267
-0.00188598
-0.001090609
-0.0002945192
0.0007299501
0.001698207
0.002172841
0.002799037
0.00377562
0.004526803
0.005308705
0.00629051
0.007329271
0.007634803
0.006906363
0.005698706
0.004563254
0.003320664
0.0019962
0.0009815216
0.0002868578
-0.001056117
-0.002557913
-0.004060729
-0.005121503
-0.006288074
-0.007092237
-0.007853852
-0.008409921
-0.008096828
-0.007123636
-0.005748259
-0.004547448
-0.003568169
-0.002640423
-0.001559176
-0.001085759
-0.0002258888
0.0008271134
0.001596846
0.002442385
0.002992939
0.003334133
0.003120074
0.002606219
0.002042495
0.001822099
0.00150449
0.00115648
0.0008947983
0.0001713161
-0.0008299845
-0.001324219
-0.001441657
-0.001983898
-0.002902675
-0.003579694
-0.003989889
-0.005042399
-0.006606737
-0.00786235
-0.00845627
-0.008413436
-0.008338067
-0.008413906
-0.008552937
-0.008681896
-0.008637662
-0.008250682
-0.007419791
-0.006448929
-0.005766275
-0.004895977
-0.003787791
-0.003406391
-0.00268396
-0.001705395
-0.0009835787
-1.237758e-05
0.001078066
0.001228563
0.001478252
0.001922738
0.002014507
0.00201064
0.002400328
0.003215585
0.002935268
0.001796279
0.001058021
0.001090525
0.001250066
0.001339395
0.001391807
0.001316077
0.0009645683
0.0001929401
-0.0007767151
-0.001397833
-0.002050901
-0.002988834
-0.003283847
-0.002612592
-0.001873858
-0.001484994
-0.00102236
-3.626654e-07
0.001745557
0.003348283
0.005356949
0.007081665
0.00851628
0.0101013
0.01114273
0.0120639
0.01302492
0.01319247
0.01258446
0.01146369
0.0101131
0.008344351
0.00677342
0.004992935
0.003039181
0.001510608
-2.662023e-05
-0.001550895
-0.002801562
-0.004133181
-0.005627168
-0.006755104
-0.007159385
-0.006860518
-0.006172168
-0.005202313
-0.004497375
-0.004046719
-0.00320307
-0.002134799
-0.0009443089
-0.0001622853
-0.0007793805
-0.001676052
-0.002131506
-0.002491383
-0.002953243
-0.003672111
-0.004120251
-0.00454674
-0.004829236
-0.005376205
-0.005953452
-0.005749595
-0.00499609
-0.003936236
-0.00282541
-0.001813644
-0.001344402
-0.001195892
-0.0003694993
0.001168966
0.002542025
0.003370715
0.00431921
0.004986228
0.005320589
0.005701452
0.005608165
0.005045033
0.004524454
0.003419746
0.00190163
0.0008921614
9.25159e-05
-0.0007513781
-0.0007028487
-0.000963619
-0.00208876
-0.003760979
-0.004956301
-0.005481576
-0.005883708
-0.005628834
-0.004985028
-0.004110749
-0.003513998
-0.003277581
-0.002611914
-0.001681611
-0.001096985
-0.001187967
-0.002058374
-0.003452393
-0.004704406
-0.005860786
-0.007216467
-0.008871132
-0.009805862
-0.009940871
-0.009548943
-0.00836507
-0.006799465
-0.005226034
-0.003375398
-0.002500589
-0.002590566
-0.00333951
-0.004343562
-0.004904732
-0.00509347
-0.005490486
-0.005781245
-0.005785597
-0.005807567
-0.00582847
-0.005835787
-0.005833552
-0.005873918
-0.005966524
-0.006071483
-0.006006685
-0.005544556
-0.004553497
-0.00349175
-0.003410008
-0.003555272
-0.003583354
-0.003626645
-0.003655559
-0.003586034
-0.003147585
-0.002187432
-0.000928873
0.000180023
0.001253155
0.001767708
0.002621614
0.003675482
0.004598279
0.00612841
0.007440774
0.007734346
0.008113764
0.008310115
0.007936642
0.007396208
0.006932184
0.005803798
0.004140472
0.002704919
0.001163766
-0.0004826575
-0.002641186
-0.004207633
-0.005423122
-0.006681168
-0.007936341
-0.008635244
-0.008213992
-0.007123433
-0.006086401
-0.004633913
-0.002938951
-0.001442104
0.0006581317
0.002661831
0.004484898
0.00640451
0.008302838
0.009494823
0.01030397
0.01075515
0.01028473
0.008924551
0.0071917
0.005291051
0.004375213
0.004866933
0.006765413
0.008713621
0.009963462
0.01071185
0.01026438
0.009190044
0.00794588
0.005988215
0.003700505
0.0007914751
-0.001239957
-0.00234061
-0.003930966
-0.005254165
-0.006438797
-0.007368416
-0.007994678
-0.008503416
-0.009714055
-0.01129563
-0.01219427
-0.01192761
-0.01058823
-0.008388224
-0.006259848
-0.005291589
-0.006157496
-0.008528117
-0.01048818
-0.0107786
-0.01001713
-0.009413927
-0.009322822
-0.009020917
-0.008163793
-0.007255533
-0.006971896
-0.007130303
-0.007647159
-0.008685189
-0.009859199
-0.01047628
-0.01061732
-0.01111052
-0.01219478
-0.01328441
-0.01381552
-0.01435393
-0.01434317
-0.01371404
-0.01245672
-0.01079871
-0.008883122
-0.006665407
-0.00419751
-0.002009238
2.876163e-05
0.002200943
0.00438328
0.006336457
0.008226501
0.009770997
0.01140108
0.01300309
0.01397548
0.01370731
0.01212646
0.01034381
0.008866388
0.007127909
0.005118265
0.003338477
0.001409696
-0.0002819119
-0.001527102
-0.002512804
-0.003267151
-0.003882033
-0.003732476
-0.003261083
-0.002465488
-0.001095132
0.0001777812
0.001310913
0.00256998
0.004184276
0.005435729
0.006834536
0.008704559
0.01041946
0.01232391
0.01424181
0.01558563
0.01692547
0.01845799
0.02011298
0.02170871
0.02274451
0.02262914
0.02117568
0.01894215
0.01633915
0.01395722
0.0119168
0.009879292
0.007582702
0.005233813
0.003343021
0.001910018
0.0002549963
-0.0007959692
-0.0015499
-0.002518917
-0.003347651
-0.00431398
-0.005973497
-0.007511475
-0.008439515
-0.009181218
-0.01012631
-0.01059433
-0.01067307
-0.01062906
-0.01010651
-0.00884118
-0.007121823
-0.005457341
-0.003788373
-0.002129031
-0.0004313034
0.001106116
0.00292453
0.004565834
0.006012722
0.006964718
0.006914082
0.005959412
0.00477353
0.003411952
0.0013679
-0.0004484104
-0.002307433
-0.004413725
-0.007081527
-0.009725128
-0.01195748
-0.01394576
-0.01579924
-0.01719623
-0.01782279
-0.01718924
-0.01538077
-0.01266148
-0.009937869
-0.007298995
-0.006006684
-0.004737482
-0.003101144
-0.001503389
-0.0002630403
0.0001491662
-0.0002143679
-0.0006818339
-0.0008633219
-0.001052586
-0.001720964
-0.00273118
-0.003345507
-0.003929213
-0.004835397
-0.005428018
-0.005584421
-0.00619169
-0.007191437
-0.007838906
-0.007711552
-0.007594765
-0.00807361
-0.009383969
-0.01109499
-0.01174979
-0.01089806
-0.009308186
-0.007601831
-0.006319746
-0.004746928
-0.002490028
0.000229502
0.002569578
0.004520247
0.006724667
0.009313999
0.01154053
0.01433567
0.01633476
0.01721743
0.01686742
0.01554201
0.01355792
0.01169205
0.0102743
0.009119664
0.008557214
0.007640852
0.006811901
0.006746298
0.007392312
0.008762604
0.009977691
0.01071936
0.01111105
0.01098207
0.01026818
0.009230566
0.008400088
0.007261802
0.005396054
0.003166442
0.0009296948
-0.001756385
-0.004576624
-0.007614885
-0.01036829
-0.01272714
-0.01510582
-0.01765701
-0.01955558
-0.02051117
-0.02012676
-0.01811818
-0.01537591
-0.01209791
-0.008632014
-0.005413606
-0.002188607
0.0007558316
0.003683821
0.006269607
0.007876928
0.008156291
0.006523449
0.004243843
0.002273465
0.0005595277
-0.0006492862
-0.001889009
-0.003288768
-0.004840632
-0.006656259
-0.008686986
-0.01054036
-0.01130615
-0.0106345
-0.009420499
-0.008562028
-0.007796579
-0.006723592
-0.005605315
-0.004181769
-0.002052738
-0.0002758934
0.001364868
0.002722032
0.004019768
0.004823897
0.005874995
0.006855335
0.00780252
0.008569175
0.008794556
0.007872322
0.007254261
0.006644088
0.005443695
0.004356864
0.00346033
0.002415835
0.001059612
-0.0002462367
-0.001638814
-0.003411178
-0.005473239
-0.0069862
-0.008566144
-0.009844635
-0.0112546
-0.01273566
-0.01284971
-0.01176999
-0.01112967
-0.009933573
-0.008228457
-0.007057451
-0.006377596
-0.00641987
-0.006013716
-0.005903735
-0.005942188
-0.00594901
-0.00591904
-0.00560115
-0.00485013
-0.003784023
-0.003055394
-0.001903267
-0.000171066
0.001234503
0.00248681
0.00345934
0.00387554
0.00494727
0.006746802
0.008506892
0.009887965
0.01137552
0.01213984
0.01152348
0.01049516
0.00953991
0.008517427
0.006914357
0.005522712
0.004645654
0.004107779
0.004287389
0.004543893
0.004427785
0.003915703
0.003366683
0.002423793
0.00146616
0.001468961
0.001152155
0.0001523907
-0.001102546
-0.002576725
-0.003395841
-0.004310457
-0.005125546
-0.006005479
-0.006672806
-0.006966407
-0.006230213
-0.004716875
-0.003078526
-0.001712356
0.0002541055
0.002233526
0.004461779
0.006585742
0.008372541
0.01063075
0.01317021
0.01512255
0.0157154
0.01451435
0.0120475
0.009243948
0.00656448
0.003870886
0.001069017
-0.001682122
-0.004073526
-0.005833211
-0.007117729
-0.00810798
-0.008726239
-0.009107839
-0.008717771
-0.007909961
-0.007097953
-0.006181176
-0.005621304
-0.005160618
-0.004210112
-0.0032075
-0.002365444
-0.001183438
-0.0001278565
0.0008566649
0.00159613
0.001572398
0.001189691
0.0005717183
-9.956326e-05
-0.0006943831
-0.00127874
-0.002146841
-0.003019852
-0.004092949
-0.005059677
-0.006118869
-0.00689572
-0.007225327
-0.00756442
-0.008006087
-0.009052232
-0.01034819
-0.01078004
-0.01120279
-0.01127768
-0.01059415
-0.009512545
-0.0085079
-0.007498206
-0.006735522
-0.005695321
-0.004966269
-0.003894692
-0.00245414
-0.001314858
4.426394e-05
0.001348017
0.002558658
0.003788832
0.004930704
0.005407963
0.005287665
0.00481664
0.004255704
0.003771843
0.00287202
0.00194569
0.001222164
0.0001886829
-0.0007427872
-0.001875293
-0.003327127
-0.004763875
-0.006152669
-0.007536159
-0.008943934
-0.01044048
-0.01208611
-0.01383896
-0.01554898
-0.01780134
-0.01975827
-0.02061137
-0.01920387
-0.0161817
-0.01247873
-0.008816586
-0.006045378
-0.003577749
-0.0007864921
0.002228815
0.004384628
0.006077645
0.008006482
0.009144874
0.00943764
0.009015502
0.008171978
0.007155789
0.00575918
0.004787999
0.00432644
0.003458566
0.002688565
0.002317338
0.001655116
0.0008936035
0.0004423551
0.0002689015
-6.528293e-05
-0.0008539836
-0.001802581
-0.002391406
-0.003098147
-0.004036817
-0.004256245
-0.003611859
-0.002865938
-0.001992819
-0.0006350397
0.001428015
0.003235968
0.00508775
0.006736958
0.00811684
0.009518311
0.01090459
0.01223536
0.01352647
0.01490859
0.01639125
0.01681928
0.01649494
0.01512822
0.01332375
0.01170685
0.01039158
0.008470569
0.006505345
0.00381956
0.0004404774
-0.002589372
-0.004723235
-0.006795629
-0.009232326
-0.01169518
-0.01354433
-0.01454739
-0.01552794
-0.01654755
-0.01770589
-0.01917021
-0.01984219
-0.02021265
-0.01998006
-0.01904647
-0.0174746
-0.01584837
-0.01458722
-0.01280577
-0.0107944
-0.009098618
-0.007994024
-0.006381328
-0.004636298
-0.002494989
-0.0001962552
0.001831644
0.002409643
0.001363766
-0.0004956814
-0.002092852
-0.003687161
-0.005202634
-0.006146472
-0.006698324
-0.006699813
-0.006401353
-0.005613533
-0.004397615
-0.003220442
-0.002020653
-0.001383467
-0.0009200898
-0.0009152652
-0.001138979
-0.001680625
-0.002595894
-0.00343496
-0.004481383
-0.005625931
-0.007643313
-0.009559306
-0.01068353
-0.01040032
-0.008240636
-0.005364183
-0.003125095
-0.00158516
-0.0003147642
0.000391173
0.001147662
0.001910352
0.002503232
0.002481274
0.002339598
0.002318533
0.002552732
0.003256752
0.004311284
0.005019558
0.004899835
0.004777906
0.004790756
0.00483427
0.004874498
0.004875854
0.004857288
0.004849619
0.004892074
0.004968007
0.004972286
0.0046943
0.003928643
0.002782193
0.001844565
0.0007925048
-0.0005620691
-0.001879324
-0.003190237
-0.004662857
-0.006131018
-0.006967079
-0.007699985
-0.009037094
-0.01034668
-0.01037044
-0.009298008
-0.00775745
-0.007145528
-0.006908003
-0.006119801
-0.005226184
-0.004555572
-0.003635049
-0.002750836
-0.002688853
-0.002347497
-0.001552774
-0.000945821
-0.001407511
-0.001528792
-0.001632436
-0.002072487
-0.002665553
-0.003110609
-0.003972613
-0.005053171
-0.005938062
-0.007017493
-0.007849093
-0.00845132
-0.009128912
-0.009764785
-0.0102533
-0.0109124
-0.01141024
-0.01107866
-0.01007143
-0.008618916
-0.007638551
-0.007584212
-0.00698396
-0.00570461
-0.00448013
-0.00289286
-0.001144303
0.0004303698
0.001887658
0.003441778
0.005257494
0.00773396
0.01067704
0.0132589
0.01528608
0.01701139
0.01921335
0.02186157
0.0241366
0.02593692
0.0268635
0.02582515
0.0234997
0.02063254
0.0172521
0.01364824
0.01027019
0.006702209
0.003330606
0.0001385945
-0.002681042
-0.005089279
-0.006852381
-0.007821558
-0.007235531
-0.005302474
-0.003531251
-0.00276689
-0.003816756
-0.005720423
-0.007790906
-0.009657291
-0.01117438
-0.01153032
-0.01101531
-0.01001256
-0.008555897
-0.007467144
-0.006464324
-0.004931299
-0.003541565
-0.002042968
-0.0005103859
0.0005866535
0.0016483
0.002032853
0.002516215
0.002847178
0.002937723
0.002902879
0.00246807
0.001533593
0.0003686606
-0.0006976097
-0.001057353
-0.001720364
-0.002660871
-0.003312957
-0.004167046
-0.005164148
-0.005270886
-0.004383021
-0.003517215
-0.003611122
-0.004095292
-0.003959301
-0.003915165
-0.003457249
-0.003349972
-0.003637727
-0.00366809
-0.003173976
-0.003115081
-0.003212907
-0.003295183
-0.003376423
-0.003249722
-0.002700892
-0.001584371
-0.0002344835
0.001200037
0.00301779
0.005486336
0.008333802
0.01101924
0.01347065
0.0158528
0.01847319
0.02151781
0.02378869
0.02429434
0.02278707
0.01970983
0.01605789
0.0124887
0.008313869
0.004802981
0.001330704
-0.002693134
-0.006454049
-0.009904514
-0.01285988
-0.01527331
-0.0172026
-0.01890374
-0.02091959
-0.02291154
-0.02398161
-0.02416709
-0.02380161
-0.02256152
-0.0210042
-0.01946581
-0.01763958
-0.01513352
-0.01230541
-0.00986442
-0.007598044
-0.006010244
-0.005140335
-0.005347245
-0.00671962
-0.00828726
-0.009289921
-0.01020065
-0.01054713
-0.009965268
-0.008784289
-0.007219589
-0.005461307
-0.003573877
-0.001822537
0.0004995473
0.003316397
0.006342492
0.009811528
0.01372382
0.01740331
0.0201159
0.0225277
0.02464326
0.02654331
0.02891461
0.03136824
0.0332466
0.03490816
0.03650998
0.03773914
0.03939777
0.04107598
0.04273803
0.04441002
0.04632709
0.04837258
0.05017759
0.0520665
0.05365632
0.05509364
0.05651738
0.05770575
0.05842681
0.05862186
0.05797829
0.05698075
0.05649724
0.05611637
0.05516473
0.05400575
0.05277835
0.05115747
0.04988832
0.04853385
0.04706305
0.04554919
0.04346981
0.04171205
0.03992387
0.03813257
0.03604745
0.03318485
0.02995875
0.02634209
0.02251564
0.01926335
0.0162267
0.01289783
0.00963811
0.006870097
0.004084136
0.0009607584
-0.002705517
-0.006907293
-0.01115029
-0.01518604
-0.01887195
-0.02299061
-0.02720758
-0.03124167
-0.03510722
-0.03839997
-0.04130986
-0.04422216
-0.04683963
-0.04866375
-0.04946126
-0.04911319
-0.04765291
-0.04533562
-0.04309523
-0.04072107
-0.03829182
-0.03538967
-0.03142382
-0.02745771
-0.0231948
-0.01838649
-0.01372346
-0.008955194
-0.004172769
-4.087268e-05
0.003573901
0.006555116
0.009112253
0.01128899
0.01310272
0.01487774
0.0166649
0.01803744
0.01887071
0.01939393
0.01983537
0.01991505
0.0197183
0.0190983
0.01807125
0.01736
0.01752862
0.01767619
0.01746033
0.01679911
0.01566756
0.01451658
0.01328464
0.01116527
0.007913881
0.003782549
-0.001235472
-0.00674406
-0.01289892
-0.01952922
-0.02691896
-0.03459002
-0.04211392
-0.04932524
-0.05622968
-0.0623225
-0.06717654
-0.07110884
-0.07457788
-0.07782585
-0.08089896
-0.08367117
-0.08582667
-0.08733365
-0.08876768
-0.09001731
-0.0913266
-0.09207323
-0.09313094
-0.09413184
-0.09512062
-0.09633216
-0.0967335
-0.09723496
-0.09759209
-0.09745538
-0.09694586
-0.0960032
-0.0948108
-0.09291163
-0.09052663
-0.08710658
-0.08240483
-0.07675163
-0.07012966
-0.06303347
-0.05551524
-0.04725567
-0.03839551
-0.02887275
-0.01973585
-0.01090045
-0.002221559
0.006531987
0.01439259
0.02118331
0.02723329
0.03240024
0.0367111
0.0405755
0.04388114
0.0467621
0.04968347
0.05265772
0.05566549
0.05859483
0.06124561
0.0633168
0.06476823
0.06609406
0.06742655
0.06854842
0.06890411
0.06814609
0.06681131
0.06537474
0.06360078
0.06111384
0.0580469
0.05456066
0.05082954
0.0474697
0.04448319
0.04211673
0.04017394
0.03837913
0.03715269
0.03580749
0.03428063
0.0328151
0.03146078
0.02957546
0.02776507
0.02574542
0.0241305
0.02240434
0.02090355
0.01939441
0.01766391
0.0158999
0.01428293
0.012433
0.01104941
0.009907352
0.008912865
0.008251558
0.008609213
0.01052901
0.01404542
0.01839015
0.02337323
0.02932922
0.03552988
0.04201812
0.04857509
0.05525185
0.06160682
0.06763268
0.07284891
0.07755772
0.08165766
0.08455048
0.08659881
0.08799829
0.08920642
0.09027709
0.09132587
0.09216842
0.09252531
0.09295372
0.09331487
0.09329782
0.09341329
0.09378225
0.09420693
0.09418462
0.09324649
0.0922007
0.09126865
0.08976582
0.08796465
0.08606101
0.0838581
0.08072499
0.07717818
0.07394853
0.07068044
0.06848009
0.06650813
0.06481766
0.06375022
0.06362801
0.06456792
0.06585451
0.06709705
0.0674314
0.06712969
0.06580347
0.06371177
0.06101907
0.05864901
0.05611105
0.05376904
0.05179994
0.04976119
0.04766762
0.04628903
0.04537459
0.0436559
0.04200095
0.04133231
0.04152722
0.04205932
0.04286918
0.04408191
0.04593661
0.04799871
0.04937924
0.04877933
0.04648531
0.0434027
0.03983244
0.036489
0.03317656
0.02893424
0.02363013
0.01777355
0.01202714
0.006515274
0.00128747
-0.003661941
-0.008577586
-0.01328387
-0.0178741
-0.02198301
-0.02520901
-0.02789555
-0.0301444
-0.03217803
-0.03313985
-0.03294013
-0.03176609
-0.03017638
-0.02832965
-0.02613663
-0.02385643
-0.02114476
-0.01817685
-0.01478929
-0.01089758
-0.007034467
-0.003827281
-0.0005672545
0.002406215
0.005122856
0.007588504
0.00950968
0.01040088
0.009723365
0.007958485
0.005668836
0.002908861
-0.000139967
-0.003667382
-0.007711024
-0.01259805
-0.01747138
-0.02161556
-0.02512989
-0.02773537
-0.02958732
-0.03080319
-0.03186099
-0.03289329
-0.03355866
-0.03372227
-0.03434609
-0.03585092
-0.03785525
-0.04013143
-0.04211778
-0.04343468
-0.04477427
-0.04623107
-0.04765208
-0.04900628
-0.05038364
-0.05215018
-0.0547685
-0.05847026
-0.06321658
-0.06868397
-0.07443721
-0.08067653
-0.0867252
-0.09328426
-0.1001674
-0.1066522
-0.1128132
-0.1188664
-0.123996
-0.1278365
-0.1311638
-0.1344035
-0.1369629
-0.1390608
-0.1402623
-0.1400586
-0.138785
-0.1377442
-0.136859
-0.1359055
-0.1344912
-0.1323147
-0.1295794
-0.1266118
-0.1231451
-0.1196392
-0.1166707
-0.1135378
-0.1102155
-0.1072479
-0.1048783
-0.1025803
-0.09987511
-0.09729344
-0.09478863
-0.0921405
-0.08872881
-0.08303109
-0.07575336
-0.06828831
-0.0615605
-0.05364531
-0.04502
-0.03642848
-0.02794963
-0.01983948
-0.0122435
-0.004904984
0.003020661
0.0105666
0.01794911
0.02577438
0.03364919
0.04160514
0.05016269
0.05904239
0.06835899
0.07803258
0.08735171
0.09697255
0.1066371
0.1151326
0.1226317
0.1285579
0.1328609
0.1362089
0.1378926
0.1373524
0.1349454
0.1319898
0.1287381
0.1250927
0.1216996
0.1189078
0.1161435
0.113572
0.111512
0.1098271
0.1080363
0.1055838
0.1026785
0.09937203
0.0951649
0.08989117
0.08386757
0.07702738
0.07008586
0.06203062
0.05325003
0.04443237
0.0357444
0.02754257
0.01896166
0.009533007
0.0004430259
-0.008191803
-0.01668531
-0.02552911
-0.0353729
-0.04629409
-0.05772653
-0.06888369
-0.07995296
-0.09024188
-0.09942243
-0.1082763
-0.1160858
-0.1236693
-0.1311361
-0.1373834
-0.1422782
-0.1447916
-0.1444123
-0.1415895
-0.137733
-0.1335119
-0.1278761
-0.1206604
-0.1122983
-0.1036847
-0.09521206
-0.0869032
-0.07843518
-0.06953753
-0.0610324
-0.05368652
-0.04689335
-0.04087045
-0.03583806
-0.03213654
-0.0306561
-0.03079866
-0.03322244
-0.0369783
-0.0412041
-0.0453974
-0.05021474
-0.05479959
-0.05941342
-0.0639745
-0.06782477
-0.07166276
-0.074592
-0.07577898
-0.074699
-0.07199158
-0.06843211
-0.06358086
-0.05711627
-0.0489757
-0.03980378
-0.03042254
-0.02097049
-0.01223748
-0.004293037
0.003744521
0.01156918
0.01907083
0.02603964
0.03290519
0.03903301
0.04447697
0.04952135
0.05453506
0.05891009
0.06310471
0.06786462
0.07344088
0.07925227
0.08491333
0.09048437
0.09604447
0.1017135
0.1076461
0.1139607
0.1205282
0.1270351
0.1335033
0.1395867
0.1444265
0.1478293
0.1495053
0.148495
0.1443691
0.1382391
0.1323958
0.1255274
0.1191061
0.1131874
0.1081426
0.1044531
0.1017144
0.09876329
0.0958386
0.09343354
0.09078702
0.08813721
0.08503944
0.08055562
0.07407152
0.06641181
0.05848306
0.05015938
0.04044368
0.02923052
0.01638198
0.002563491
-0.01080496
-0.02282123
-0.03405192
-0.04559003
-0.05646498
-0.06552812
-0.07359336
-0.08077354
-0.08688288
-0.09192018
-0.0964153
-0.09993578
-0.1032398
-0.1063123
-0.107629
-0.1071972
-0.1059356
-0.1043239
-0.1018009
-0.09918985
-0.09709681
-0.09549847
-0.09401329
-0.09300497
-0.09257057
-0.09207104
-0.0915183
-0.09022221
-0.08815439
-0.08538174
-0.08207916
-0.0790083
-0.07532914
-0.07080417
-0.06606886
-0.06038667
-0.05365479
-0.04712032
-0.04008268
-0.0330549
-0.02682802
-0.02164071
-0.01698153
-0.01220098
-0.007810997
-0.003410156
0.001541242
0.007330791
0.01380259
0.02048958
0.02685119
0.03316288
0.04005033
0.04677959
0.05243228
0.05713
0.06219473
0.06716992
0.071296
0.07510445
0.07830878
0.0807554
0.08324837
0.08576696
0.08773859
0.08953199
0.09223606
0.09478788
0.09702739
0.09884168
0.1007896
0.1019657
0.1021295
0.1011258
0.0988551
0.09588895
0.09297172
0.08912811
0.08506845
0.08100773
0.076713
0.07249557
0.06843498
0.06455525
0.06057646
0.05603975
0.0515145
0.04747957
0.0432516
0.03943295
0.03610554
0.03171869
0.02714028
0.02277391
0.01868439
0.01508234
0.01176052
0.008087272
0.00391475
-0.001158067
-0.007308922
-0.01441643
-0.02259401
-0.03135685
-0.04060412
-0.0504398
-0.06029168
-0.06985062
-0.07867785
-0.08610951
-0.0917458
-0.09648814
-0.1005677
-0.1040094
-0.1067226
-0.1083539
-0.10878
-0.1087154
-0.1078898
-0.1067861
-0.1054506
-0.1032978
-0.1012383
-0.0989523
-0.09627358
-0.09336293
-0.09042024
-0.08749178
-0.0846755
-0.08212127
-0.07987688
-0.07756061
-0.0743977
-0.07052863
-0.06603036
-0.06133684
-0.05593403
-0.05072701
-0.04566489
-0.04050574
-0.03532222
-0.02939503
-0.02310169
-0.01654355
-0.01004643
-0.003659234
0.00231465
0.008283934
0.01435571
0.0205944
0.02679039
0.03272807
0.03787318
0.04245797
0.04593751
0.04883771
0.05139884
0.05444402
0.05733499
0.05958853
0.0613129
0.06301704
0.06463264
0.06591757
0.06705059
0.06820245
0.06908465
0.06960636
0.0699795
0.07008218
0.07003817
0.06960212
0.0686036
0.06737851
0.06637289
0.06547513
0.06516267
0.06403881
0.06186128
0.05914933
0.0562485
0.05309049
0.04924325
0.0446372
0.03943326
0.03365117
0.02699941
0.02070287
0.01565511
0.01139063
0.007581828
0.003587662
-0.0009071136
-0.004765053
-0.007279269
-0.008487624
-0.008706195
-0.007918936
-0.006617001
-0.005077248
-0.003663481
-0.002507306
-0.00135763
-5.599466e-05
0.001635054
0.003361931
0.004911541
0.006443304
0.007770048
0.008455766
0.008204619
0.007363017
0.006379252
0.004686879
0.002738161
0.0009575
-0.0007264403
-0.002339355
-0.003475805
-0.004713976
-0.005668478
-0.006456703
-0.007039417
-0.007891935
-0.008680948
-0.008510267
-0.007851185
-0.007528553
-0.007213151
-0.006793999
-0.006422721
-0.005489338
-0.004303057
-0.003844109
-0.003143692
-0.002209658
-0.001530196
-0.0005760649
0.0007100443
0.00231475
0.002914376
0.00151225
-0.001800529
-0.005686877
-0.009300022
-0.01335083
-0.01864827
-0.02469631
-0.03118158
-0.03787025
-0.04391633
-0.04950669
-0.0552212
-0.06102233
-0.06668877
-0.0720011
-0.076881
-0.08165138
-0.08639567
-0.09040115
-0.09387414
-0.09690267
-0.09875236
-0.100104
-0.1008863
-0.1011179
-0.1001009
-0.09810713
-0.0954047
-0.0920266
-0.08797321
-0.08335174
-0.07798638
-0.0724137
-0.06628117
-0.05986836
-0.05278112
-0.04501057
-0.03686995
-0.02904581
-0.02137633
-0.01415094
-0.00723563
-0.0009932714
0.004158633
0.008662724
0.01211854
0.01501709
0.01774275
0.02003378
0.02168878
0.0221522
0.02207007
0.02234865
0.02314083
0.02433699
0.0253618
0.02640803
0.02800727
0.02984999
0.03247448
0.03564264
0.03894646
0.04229623
0.04569791
0.04961896
0.05360174
0.05758628
0.06185503
0.06597803
0.07008996
0.07363704
0.07633542
0.07863873
0.08041751
0.08193277
0.08342991
0.08475359
0.08569353
0.08625235
0.08625141
0.0855006
0.08417293
0.08276361
0.08094382
0.07829313
0.07482585
0.07063169
0.06591704
0.06068256
0.05584431
0.05118794
0.04644936
0.04109511
0.03526324
0.02989031
0.02521747
0.02095471
0.01615748
0.01176709
0.007466972
0.00311062
-0.001292713
-0.005833667
-0.0105646
-0.01569378
-0.02153314
-0.02737593
-0.03299345
-0.03821165
-0.04282113
-0.04691132
-0.05046257
-0.05312241
-0.05482821
-0.05407943
-0.05161189
-0.0486615
-0.04551352
-0.04200099
-0.03816301
-0.03365376
-0.02882417
-0.02414497
-0.02021828
-0.01647579
-0.01245381
-0.008277906
-0.004448246
-0.0009514045
0.002718036
0.006154077
0.009296284
0.01222251
0.01500803
0.0174407
0.01933505
0.02090996
0.02224177
0.02281541
0.02221762
0.02070032
0.01854479
0.01634747
0.01397287
0.01170448
0.009343176
0.006566012
0.003686791
0.000544347
-0.003138069
-0.007304899
-0.01155207
-0.01540004
-0.01882585
-0.02134862
-0.02324024
-0.02546335
-0.02744737
-0.02898901
-0.03106887
-0.03293822
-0.03489664
-0.03684215
-0.03892174
-0.04116067
-0.04284563
-0.04445396
-0.04616171
-0.04762844
-0.04866767
-0.04879794
-0.04737188
-0.04384009
-0.03873166
-0.03358546
-0.02834413
-0.02343954
-0.01897007
-0.01530438
-0.01237376
-0.00972348
-0.007843216
-0.006879967
-0.005990071
-0.004962043
-0.003537201
-0.002240585
-0.001036707
0.0004456494
0.00164883
0.003349741
0.005164789
0.007272399
0.009510429
0.0117935
0.01468634
0.01782463
0.02119799
0.02464393
0.02756711
0.03030149
0.03274919
0.03471583
0.03636567
0.03765708
0.0393415
0.04081373
0.04227795
0.043784
0.04500573
0.04668994
0.04835055
0.05030027
0.05244702
0.05481121
0.05683859
0.05883968
0.06150139
0.06428233
0.06661605
0.06850148
0.07024421
0.0716383
0.07300699
0.07443607
0.07592483
0.07749994
0.07860214
0.07847574
0.07757169
0.07613357
0.0744058
0.07203719
0.06874569
0.06423874
0.05843544
0.0524761
0.04634588
0.04009774
0.03432738
0.02889668
0.02385485
0.01916804
0.01409678
0.008140813
0.001813646
-0.00447578
-0.01019117
-0.01496462
-0.01927025
-0.02380245
-0.02859881
-0.03298931
-0.0358511
-0.03612237
-0.03408184
-0.03054057
-0.02643956
-0.02147895
-0.01556467
-0.009172168
-0.002818191
0.00245205
0.006660338
0.01008915
0.01277197
0.01428648
0.01399995
0.01244614
0.01076926
0.009987555
0.01002927
0.01167688
0.01373795
0.0163142
0.01953386
0.02314511
0.02657283
0.02867176
0.02966657
0.02842703
0.02425724
0.01753458
0.009877764
0.00164354
-0.006427497
-0.01335767
-0.01944763
-0.02561382
-0.03127256
-0.03620225
-0.04036568
-0.04435857
-0.04874806
-0.05282411
-0.05708197
-0.06114175
-0.06486679
-0.06849878
-0.07238594
-0.07555857
-0.07762946
-0.07934734
-0.08136924
-0.08328252
-0.08396835
-0.08277497
-0.08047722
-0.07718419
-0.07288705
-0.06744379
-0.06123891
-0.05396683
-0.04702018
-0.0396481
-0.03259441
-0.02703717
-0.02294225
-0.01973191
-0.0174161
-0.01562413
-0.01394807
-0.01254032
-0.01150593
-0.01044133
-0.01013712
-0.01064133
-0.01136478
-0.01197972
-0.01276224
-0.01352643
-0.0145611
-0.01575048
-0.0174443
-0.01943599
-0.02230231
-0.02501591
-0.02784023
-0.03174529
-0.03632034
-0.04066521
-0.0453401
-0.04971573
-0.05376595
-0.05726025
-0.05985318
-0.06193758
-0.06346616
-0.06489207
-0.06608336
-0.067247
-0.06766965
-0.0671857
-0.06627749
-0.06527537
-0.06424456
-0.06402478
-0.06489905
-0.0664181
-0.06803444
-0.06930456
-0.07107878
-0.07270072
-0.07449239
-0.07623806
-0.07688776
-0.07544909
-0.07299946
-0.06995327
-0.0653292
-0.05911015
-0.05147288
-0.04268839
-0.03370269
-0.02418319
-0.01519196
-0.006622806
0.00157189
0.008880412
0.01590853
0.02211282
0.02697247
0.03103161
0.03506083
0.0387604
0.04165219
0.04399625
0.04560677
0.04650691
0.04644665
0.04593445
0.04482616
0.0430917
0.04045818
0.03683726
0.03297815
0.02983817
0.02799123
0.02674097
0.02542214
0.02423316
0.02356623
0.02419046
0.02517675
0.02661398
0.02817738
0.02962896
0.03072249
0.03090546
0.03000757
0.02855458
0.02725499
0.02598077
0.02402518
0.02223214
0.02037678
0.01822239
0.01621369
0.01491979
0.01377005
0.01241263
0.01121551
0.01070156
0.01119448
0.01249702
0.01416901
0.01547632
0.01638379
0.01598347
0.01510616
0.01446877
0.01345291
0.01238906
0.01113065
0.009484079
0.007601517
0.005602072
0.003466685
0.0007925946
-0.001768325
-0.003768218
-0.005297013
-0.006605835
-0.007140284
-0.006402758
-0.004805384
-0.00300085
-0.0009800926
0.0009873667
0.002828953
0.004348043
0.006092744
0.007974899
0.009445111
0.01061124
0.01180225
0.01200926
0.011882
0.01124135
0.01040509
0.009737439
0.008544325
0.007187599
0.006085674
0.00571344
0.006400974
0.007934574
0.009753564
0.01109855
0.0123798
0.01368755
0.01482025
0.01564946
0.01620767
0.01642538
0.0162271
0.0156742
0.01478787
0.01370283
0.01219968
0.01046902
0.008611054
0.006766022
0.004433194
0.002526373
0.000917219
-0.0005217548
-0.001378666
-0.002555308
-0.003741962
-0.005018621
-0.006127083
-0.007971784
-0.01034373
-0.0127998
-0.01520953
-0.01801437
-0.020803
-0.02315136
-0.0253598
-0.02771366
-0.02930671
-0.03029246
-0.03196958
-0.03357975
-0.03435154
-0.03375385
-0.03185978
-0.02915437
-0.02681923
-0.0246802
-0.0220268
-0.01911662
-0.01635589
-0.01405208
-0.01235252
-0.01096281
-0.009741334
-0.008905704
-0.008441151
-0.00815553
-0.007931728
-0.007327724
-0.006352282
-0.00540343
-0.004123709
-0.002576151
-0.0003731444
0.002817727
0.006573736
0.01080626
0.01530458
0.01940304
0.02304309
0.02647144
0.02974194
0.0322079
0.03353196
0.03344576
0.03156836
0.0285785
0.02565166
0.02302185
0.02006198
0.01655037
0.0127427
0.009064507
0.005609415
0.002230209
-0.002170463
-0.007981183
-0.01518425
-0.02221356
-0.02873324
-0.03443184
-0.03898078
-0.04310891
-0.04713531
-0.05087974
-0.05428171
-0.05675357
-0.05885946
-0.06161211
-0.06394922
-0.0656534
-0.06726734
-0.06866913
-0.0696969
-0.07070523
-0.07124898
-0.07130333
-0.07037815
-0.06882078
-0.06618683
-0.06266211
-0.05833603
-0.05340553
-0.04817736
-0.04387863
-0.04027292
-0.03685404
-0.03403724
-0.03170721
-0.03011187
-0.02900613
-0.02775258
-0.02593761
-0.02424562
-0.0220127
-0.01954472
-0.01674491
-0.01326932
-0.008718386
-0.003239119
0.002249539
0.007539121
0.01298124
0.018433
0.02365444
0.02874326
0.0340742
0.0391998
0.04172856
0.04407189
0.04586215
0.04635907
0.04566423
0.0442578
0.04325238
0.0427041
0.04149804
0.04019498
0.03971964
0.03909511
0.03827711
0.03783365
0.03774386
0.03764889
0.03699881
0.03561622
0.03400718
0.03268143
0.03155001
0.03023457
0.02908912
0.02716527
0.02506651
0.02365933
0.02305339
0.02306845
0.02322635
0.02381271
0.02500812
0.02627007
0.02711429
0.02745304
0.02733008
0.0264257
0.02517983
0.02359775
0.02224708
0.02052006
0.01889863
0.01716512
0.01541804
0.01419345
0.01275164
0.01178838
0.01109843
0.01000877
0.008042142
0.005938416
0.003277496
0.001018053
-0.0006939474
-0.002526435
-0.004335586
-0.005555466
-0.006668576
-0.007920329
-0.008747194
-0.009745988
-0.01057666
-0.01048082
-0.01039737
-0.01064196
-0.01124286
-0.0121078
-0.01265356
-0.01284843
-0.01376958
-0.01445267
-0.01410222
-0.01312303
-0.01164335
-0.01039998
-0.009280402
-0.00758387
-0.006086215
-0.004452289
-0.003025098
-0.001511785
0.0003339831
0.002339164
0.004094595
0.005222148
0.006099067
0.00698883
0.008354868
0.009578998
0.01052699
0.01091928
0.01122234
0.01204509
0.01307944
0.01365811
0.01412608
0.014692
0.01475407
0.01457974
0.01410548
0.01320144
0.01221132
0.01101965
0.009001707
0.006891947
0.005067954
0.002605882
-0.0001830501
-0.002651682
-0.004767206
-0.006897019
-0.009255633
-0.01166715
-0.01343786
-0.01419081
-0.01332318
-0.01184318
-0.009902695
-0.00725442
-0.004571942
-0.00186462
0.001107133
0.004479914
0.008119249
0.01150206
0.01494194
0.01825885
0.02158157
0.02439342
0.02677328
0.02903167
0.03126878
0.03297093
0.0345538
0.03649335
0.03854148
0.03994433
0.03995048
0.03893026
0.03710207
0.03495536
0.03276357
0.02978264
0.02592996
0.02126083
0.01667381
0.01308071
0.00960626
0.00544543
0.001974695
0.001130935
0.003598278
0.007217573
0.01054054
0.0138778
0.01763979
0.02216666
0.0264513
0.02994679
0.03328352
0.03614581
0.03724496
0.0366558
0.03405944
0.03003389
0.02554599
0.02150858
0.01762238
0.01362224
0.00952446
0.005432448
0.002289859
-0.0001113275
-0.001670443
-0.002364208
-0.002885739
-0.004204752
-0.00683501
-0.01028283
-0.01533406
-0.02212701
-0.03075434
-0.04052086
-0.05092777
-0.06124561
-0.07151274
-0.08128574
-0.09000386
-0.09759935
-0.1034889
-0.1083464
-0.1117865
-0.1136957
-0.1143555
-0.1143644
-0.1129679
-0.1105102
-0.1076373
-0.1041485
-0.09966796
-0.09426234
-0.08775368
-0.08014801
-0.07194277
-0.06387809
-0.05594689
-0.04815241
-0.04149662
-0.03634067
-0.03369266
-0.03335008
-0.03471035
-0.03701151
-0.03989008
-0.0426382
-0.04548418
-0.04824775
-0.04951655
-0.04776872
-0.04378138
-0.03849095
-0.03336527
-0.02712515
-0.02044249
-0.0137183
-0.006514999
0.000179302
0.006785838
0.01246481
0.01694249
0.02033531
0.02312562
0.0245474
0.02484212
0.0238275
0.0211662
0.01765156
0.01312135
0.007689566
0.002085127
-0.003126888
-0.00794995
-0.0114171
-0.01325751
-0.01411485
-0.01346547
-0.01103058
-0.008345987
-0.00574824
-0.003840619
-0.002219158
-0.001226928
-0.002146038
-0.004308468
-0.007666517
-0.01220834
-0.01704072
-0.02130222
-0.02534988
-0.02919737
-0.03315283
-0.03627875
-0.03778521
-0.03661796
-0.03227685
-0.02441628
-0.0149781
-0.006417806
0.0008060687
0.007787891
0.01525226
0.02364005
0.03366476
0.04500618
0.05792773
0.07219149
0.08659026
0.1014109
0.1167193
0.1317574
0.1463081
0.1607049
0.1743559
0.1861872
0.1954189
0.1995571
0.1967926
0.1873979
0.1701062
0.141115
0.1013441
0.06608987
0.04310385
0.0350792
0.03566646
0.04110015
0.04717947
0.05359211
0.0610598
0.0694592
0.07773353
0.08498485
0.08968408
0.0888096
0.08239567
0.07369379
0.06657306
0.06068496
0.05643046
0.05453729
0.05567482
0.0587872
0.06179798
0.06339259
0.0635208
0.06234214
0.06047702
0.058522
0.05624285
0.05337182
0.05002841
0.04553957
0.04006385
0.03474602
0.02937792
0.02400872
0.01922654
0.01499574
0.01073178
0.006432877
0.002231289
-0.00199273
-0.006492964
-0.01162065
-0.01730296
-0.02263142
-0.02635372
-0.02821698
-0.02956429
-0.0310024
-0.03204292
-0.03237718
-0.03221293
-0.03155778
-0.03035293
-0.02888456
-0.02750144
-0.02636903
-0.02656366
-0.0289006
-0.03235683
-0.03515589
-0.03745647
-0.03969606
-0.04077825
-0.04137816
-0.04169745
-0.04231135
-0.04351473
-0.04477295
-0.04550438
-0.04606288
-0.04540425
-0.04292961
-0.03867689
-0.03369243
-0.02831593
-0.02193096
-0.0149656
-0.008568179
-0.003090869
0.001213144
0.004652677
0.007722529
0.01095261
0.01405172
0.01643293
0.01787115
0.0196894
0.02137324
0.02287993
0.0232636
0.02213512
0.01869829
0.01250545
0.0040666
-0.005858538
-0.0167177
-0.02789612
-0.0381028
-0.04656435
-0.05324443
-0.0584306
-0.06145036
-0.0603406
-0.05669627
-0.0522413
-0.04812812
-0.04471783
-0.04110923
-0.03789087
-0.03460517
-0.03205149
-0.0314724
-0.03213095
-0.03357525
-0.03577266
-0.03838515
-0.04171685
-0.04523234
-0.04948711
-0.05414036
-0.0587758
-0.06270155
-0.06590575
-0.06872355
-0.07159885
-0.07454915
-0.07748026
-0.08045719
-0.08350611
-0.08657784
-0.08930577
-0.09106951
-0.09132257
-0.09026461
-0.0879389
-0.08451609
-0.07995363
-0.07401643
-0.06662709
-0.05899447
-0.05025769
-0.04004435
-0.02895522
-0.01962177
-0.01133453
-0.002993133
0.005024888
0.01223323
0.01744067
0.02185596
0.02524989
0.02758261
0.02995584
0.03188072
0.03348437
0.03465319
0.03479094
0.03295099
0.02925395
0.02466563
0.01985826
0.01494479
0.01041954
0.006270398
0.002830536
-0.0001835021
-0.002364416
-0.00255472
-0.0005930346
0.002154326
0.005209336
0.009250358
0.01350068
0.01888004
0.02457494
0.02951852
0.03346757
0.03678631
0.03968158
0.0424251
0.04474778
0.04650645
0.04810361
0.04922373
0.04918235
0.04764822
0.04467296
0.04112826
0.03706761
0.03225467
0.02615714
0.01975739
0.01359744
0.00822255
0.0035039
-0.0003829681
-0.002683568
-0.002877297
-0.001996847
-0.0005862095
0.001490598
0.003608526
0.005539258
0.00782951
0.01022211
0.01244739
0.01427166
0.01620225
0.01813751
0.01973909
0.02143334
0.02332858
0.02627972
0.02928556
0.03210809
0.03490699
0.03768791
0.04053724
0.04346869
0.04649086
0.0494213
0.05189366
0.05342454
0.05375893
0.05240264
0.05015918
0.04815903
0.04647963
0.04420375
0.0415585
0.03916051
0.03686797
0.03419623
0.0317408
0.02956034
0.02787332
0.02691191
0.02576336
0.0249653
0.02467076
0.02474153
0.02472996
0.02400629
0.02358029
0.02316451
0.02287732
0.02241189
0.02141311
0.02031305
0.01947098
0.018125
0.01676865
0.0149618
0.01321666
0.0112285
0.00943132
0.007208036
0.005051003
0.003168451
0.0009184254
-0.001124828
-0.002550353
-0.003799168
-0.003943812
-0.003385024
-0.002251115
-0.0009197024
0.0001343711
0.001741933
0.003525728
0.005993497
0.008600712
0.01063293
0.01163027
0.01188073
0.01136977
0.01013208
0.008194286
0.005433824
0.002010005
-0.002046767
-0.005561991
-0.0083714
-0.01110272
-0.01385868
-0.01634207
-0.01778887
-0.01770621
-0.01673791
-0.01498648
-0.01279074
-0.01031294
-0.007569052
-0.004253295
-0.00115769
0.001832681
0.004522945
0.006889104
0.009061464
0.01083245
0.0127605
0.01480932
0.01694564
0.01815151
0.01775994
0.01662389
0.01518227
0.01395947
0.01314134
0.01273988
0.01266807
0.01349077
0.01467835
0.01586646
0.01677921
0.0179918
0.01924165
0.02046411
0.02201987
0.02406159
0.02558862
0.02630765
0.02598019
0.02472734
0.02342297
0.02227763
0.02110089
0.01959718
0.01775088
0.01649628
0.01684965
0.01881573
0.02116409
0.0230174
0.02571322
0.02931784
0.03338087
0.0371217
0.040512
0.04355364
0.04598566
0.04791663
0.05058305
0.0525458
0.05313418
0.05228731
0.05010555
0.04720353
0.04377113
0.03931645
0.03381459
0.02701702
0.01930684
0.01197608
0.00556395
-0.0004117237
-0.00641347
-0.01218239
-0.0170419
-0.02149633
-0.02539125
-0.02899326
-0.03271315
-0.03604771
-0.03923896
-0.04239307
-0.04606716
-0.05015108
-0.05375978
-0.05676694
-0.05936671
-0.06163586
-0.06317798
-0.06365774
-0.06368952
-0.06267092
-0.06052728
-0.05672692
-0.05069267
-0.04219607
-0.0309006
-0.01673119
-0.001222358
0.01458244
0.02955792
0.04381784
0.05679278
0.0679483
0.07791267
0.08676234
0.09334736
0.09673326
0.0965403
0.09248478
0.08330844
0.06993364
0.05318213
0.03272446
0.0115513
-0.006364044
-0.02059853
-0.03207496
-0.04106182
-0.04724201
-0.05127092
-0.05388348
-0.05564546
-0.05619932
-0.05568891
-0.05469396
-0.05391957
-0.05430422
-0.05513471
-0.05620618
-0.05705658
-0.05784535
-0.05909503
-0.06049218
-0.06209647
-0.06405975
-0.06609057
-0.06732705
-0.06682411
-0.06477413
-0.06138538
-0.05681987
-0.05197361
-0.0460895
-0.03956081
-0.03275548
-0.02591863
-0.02269639
-0.02015012
-0.01736984
-0.01514419
-0.01356979
-0.01209862
-0.01050733
-0.008745401
-0.006707918
-0.004784137
-0.00375132
-0.003460147
-0.004412014
-0.007220309
-0.0110184
-0.01446482
-0.01801974
-0.02244639
-0.02695283
-0.03130217
-0.03551662
-0.03929245
-0.04235592
-0.04489762
-0.04705287
-0.04887702
-0.05074737
-0.05202753
-0.05170003
-0.05016222
-0.04823628
-0.04585761
-0.04314385
-0.04048805
-0.03773121
-0.03453669
-0.03057637
-0.02585413
-0.02065301
-0.0150386
-0.00871329
-0.002671998
0.002225135
0.006203797
0.009665943
0.01285531
0.01497465
0.01628696
0.01695606
0.01677929
0.01640901
0.01657987
0.01781243
0.01925131
0.0203343
0.02121601
0.02208983
0.02191597
0.02046673
0.0182695
0.01549299
0.01252883
0.009340762
0.006052355
0.003271171
0.001080375
-0.0006830992
-0.00216507
-0.002587911
-0.00179586
-0.0004281619
0.0009243237
0.002187485
0.003482799
0.004882039
0.006467474
0.008254703
0.01015132
0.01213704
0.01431857
0.01623949
0.01856147
0.02130686
0.02369158
0.02578685
0.02812091
0.03061307
0.033255
0.03502806
0.03547503
0.03455195
0.03258261
0.0304308
0.02857438
0.0270246
0.02537301
0.02371497
0.02227537
0.02134014
0.02038485
0.0196829
0.01901892
0.01860028
0.0180884
0.01779568
0.01789126
0.01795868
0.01782719
0.01728753
0.01627265
0.01512363
0.01393615
0.01232437
0.01106628
0.009668358
0.008218226
0.006874737
0.005190438
0.003985477
0.002829876
0.001846082
0.0009931809
0.0002996856
-0.0006415739
-0.001231176
-0.000966744
-0.0009239724
-0.001458736
-0.001522682
-0.001408706
-0.001330129
-0.001386824
-0.001870817
-0.002933843
-0.004317333
-0.005521821
-0.007336474
-0.009505689
-0.01157079
-0.01386961
-0.01606353
-0.01810338
-0.01974295
-0.02143928
-0.0223924
-0.02280365
-0.02327129
-0.0242812
-0.02543832
-0.02561589
-0.02582569
-0.02630821
-0.02668911
-0.02701551
-0.02755743
-0.02791321
-0.02737673
-0.02645975
-0.02571796
-0.02512257
-0.02382592
-0.0219216
-0.02042016
-0.01887072
-0.01719618
-0.01574993
-0.01492049
-0.01387234
-0.01304189
-0.01247218
-0.01233063
-0.01246836
-0.01285114
-0.01351902
-0.01413105
-0.01462939
-0.01493771
-0.01560071
-0.01646135
-0.01702391
-0.01713566
-0.01688065
-0.01638606
-0.01575816
-0.0151057
-0.01413325
-0.01353773
-0.0136743
-0.01382993
-0.01378474
-0.01342552
-0.01262202
-0.01161117
-0.01114506
-0.01105441
-0.01061955
-0.01002139
-0.009896342
-0.01007889
-0.01047301
-0.01104879
-0.01145878
-0.01176194
-0.01221344
-0.01361884
-0.01465427
-0.01485358
-0.01456263
-0.01391832
-0.01299308
-0.01216017
-0.01125354
-0.01051071
-0.009612935
-0.008674167
-0.007470265
-0.005412763
-0.003116862
-0.001297871
3.882335e-05
0.001844606
0.003316784
0.004761171
0.006323177
0.007792567
0.008970535
0.009574448
0.009606039
0.00911261
0.008561266
0.007857014
0.00713444
0.005998468
0.005088334
0.004437756
0.003838175
0.002857854
0.001738068
0.0006411206
3.210909e-05
-2.484282e-05
0.0009797563
0.002437892
0.003793454
0.005305128
0.007204898
0.009503712
0.01188342
0.01464501
0.01763242
0.02101103
0.02482258
0.02844214
0.03087992
0.03235656
0.03373337
0.03516602
0.03644557
0.03749049
0.03846176
0.03904877
0.0391201
0.03952106
0.04036022
0.0411656
0.04167981
0.0416124
0.04144082
0.04136775
0.04149778
0.04201657
0.04292295
0.04371054
0.04338825
0.04229343
0.04158634
0.0415131
0.04122395
0.04047478
0.03966814
0.03899976
0.03765691
0.03554248
0.0338722
0.03227405
0.03069188
0.02878293
0.02704482
0.02533181
0.02380377
0.02256995
0.02159996
0.02049853
0.01952725
0.01857237
0.01739011
0.01622864
0.01482603
0.01377908
0.0121654
0.01032501
0.008562558
0.006381066
0.004701359
0.003459765
0.002029726
0.0007301136
-0.0001455005
-0.001110052
-0.00172904
-0.001810431
-0.001074861
0.0001443645
0.001050087
0.001493685
0.001517914
0.0007470302
-0.0006099653
-0.001987382
-0.003325777
-0.004736058
-0.006315112
-0.008013292
-0.009609644
-0.0108229
-0.01255004
-0.01468087
-0.01704183
-0.01935319
-0.02088136
-0.02188764
-0.02320685
-0.02440816
-0.02454982
-0.02345475
-0.02202305
-0.02088963
-0.01999523
-0.01898426
-0.01742847
-0.01615006
-0.01515039
-0.01401934
-0.01285998
-0.01145534
-0.01049946
-0.009575685
-0.008805624
-0.007886877
-0.007121966
-0.006118312
-0.004334456
-0.002661969
-0.001229628
0.0001292035
0.001313547
0.002226598
0.003032474
0.00423512
0.005474724
0.006878889
0.008506394
0.01026332
0.01171822
0.01327113
0.01514817
0.01711723
0.01869804
0.02008764
0.02149894
0.02284148
0.0240389
0.02511576
0.02617118
0.02637285
0.02676358
0.02734365
0.02739092
0.02708138
0.02665524
0.02638324
0.02621087
0.02548751
0.02418408
0.02298926
0.02184862
0.02078522
0.01968746
0.0184901
0.01716416
0.01563351
0.01443166
0.01365838
0.01274434
0.01192932
0.01195998
0.01173458
0.0108414
0.00959642
0.008844143
0.008680644
0.008930365
0.01007064
0.0112887
0.01219814
0.01278168
0.01273511
0.01264552
0.01241514
0.01170637
0.01057308
0.009182729
0.007776244
0.005940669
0.00427969
0.00248595
0.001244272
-0.0002150696
-0.002007843
-0.003506518
-0.004417902
-0.005092173
-0.005195423
-0.005163956
-0.005397702
-0.005935931
-0.006696204
-0.007263398
-0.007690132
-0.008017269
-0.009125422
-0.01095147
-0.01236538
-0.01351993
-0.0146613
-0.01563865
-0.01656623
-0.01735724
-0.01752187
-0.01749728
-0.01754679
-0.01762052
-0.01768278
-0.01770152
-0.0176721
-0.01762707
-0.0176523
-0.01787453
-0.01837303
-0.01897198
-0.01919468
-0.01949268
-0.0198068
-0.02002982
-0.01996922
-0.01948168
-0.01894911
-0.01877955
-0.01842578
-0.01798828
-0.01799637
-0.01798938
-0.01758803
-0.01671801
-0.0157315
-0.01549148
-0.01522804
-0.01432225
-0.01305866
-0.01193001
-0.01083702
-0.01017589
-0.009070234
-0.00770466
-0.006805775
-0.006063577
-0.005525456
-0.004574706
-0.003393554
-0.002474568
-0.001059631
0.0002200805
0.001435016
0.00205469
0.00290134
0.003568428
0.004072481
0.005124534
0.006145309
0.006122433
0.005995033
0.00601259
0.006024809
0.006075247
0.006156009
0.006383913
0.006716456
0.007106767
0.008086939
0.008567774
0.008439931
0.008368253
0.008352444
0.008402007
0.008494924
0.008673518
0.008870495
0.008903263
0.008541477
0.008693176
0.008870109
0.008674419
0.008436979
0.008457605
0.008480533
0.008425323
0.008330618
0.008303975
0.008532983
0.009165233
0.009998585
0.01043726
0.01045487
0.009332591
0.007278701
0.0056556
0.004100049
0.002559686
0.0009203479
-0.0007082985
-0.00237934
-0.004243958
-0.006082853
-0.007872446
-0.01003846
-0.01213652
-0.01297405
-0.01241142
-0.01052544
-0.008196855
-0.006403157
-0.005004813
-0.002987763
-0.0004242737
0.001579292
0.002004196
0.001112943
-0.0001478346
-0.001345783
-0.002863794
-0.00444632
-0.005972182
-0.007462959
-0.008485229
-0.008544412
-0.007683466
-0.007116175
-0.007225755
-0.007091408
-0.006513246
-0.005764978
-0.004728604
-0.003678078
-0.003733524
-0.003883277
-0.003858067
-0.003815252
-0.003750299
-0.003727161
-0.003716229
-0.003729346
-0.003731584
-0.003737273
-0.003733569
-0.003744183
-0.003757323
-0.00377569
-0.003761861
-0.003707282
-0.003621045
-0.003616473
-0.003858202
-0.004503874
-0.005367687
-0.005838388
-0.006074234
-0.005971989
-0.005974167
-0.006327247
-0.007013648
-0.00781952
-0.008309646
-0.008671737
-0.00917182
-0.009941326
-0.01047025
-0.0110784
-0.01180192
-0.01276352
-0.01324805
-0.01313919
-0.01334333
-0.01411916
-0.01522987
-0.01587418
-0.01578479
-0.01568734
-0.01567192
-0.01567535
-0.01572061
-0.01588239
-0.01624732
-0.01674753
-0.01703602
-0.0171692
-0.01744055
-0.01761823
-0.01737885
-0.01715925
-0.01636045
-0.0157483
-0.015865
-0.01594227
-0.01585592
-0.01569997
-0.0156761
-0.01610738
-0.0172636
-0.01897432
-0.02071463
-0.02239374
-0.02473397
-0.02672567
-0.02849709
-0.03062582
-0.03272689
-0.03484478
-0.03663559
-0.03841608
-0.03982043
-0.0408895
-0.04209125
-0.04264436
-0.04344641
-0.04419362
-0.04442897
-0.04492755
-0.04595649
-0.046932
-0.04692418
-0.04605809
-0.04481133
-0.04385727
-0.04314154
-0.04251386
-0.04230209
-0.04191029
-0.04102898
-0.04011467
-0.03976719
-0.03945729
-0.0385726
-0.03740411
-0.03667719
-0.03516732
-0.03309791
-0.03137916
-0.02957562
-0.02757237
-0.02544764
-0.02280325
-0.02019539
-0.01814325
-0.01639065
-0.01442087
-0.01256398
-0.0109213
-0.009377739
-0.008139132
-0.006298088
-0.004513472
-0.003461774
-0.002587677
-0.001082554
0.0004931687
0.001891079
0.00304933
0.003951697
0.004913828
0.006398185
0.007912399
0.009344181
0.01079888
0.01236076
0.01410829
0.01603624
0.01849629
0.02102806
0.02310957
0.02509349
0.02751112
0.02973466
0.03123051
0.03250508
0.03366783
0.03471072
0.03581053
0.03654246
0.03655539
0.03639355
0.036002
0.035331
0.03470402
0.03393737
0.03332715
0.03263976
0.03203183
0.03163248
0.03120945
0.03103468
0.03158046
0.03226676
0.03320748
0.03450957
0.03525336
0.03626456
0.03685613
0.03654598
0.03577475
0.03466431
0.03374584
0.03275367
0.03163552
0.0308824
0.03035147
0.02939861
0.02849964
0.02785179
0.02673709
0.02567129
0.02482714
0.02403665
0.02388654
0.02401643
0.02391783
0.02346204
0.02266777
0.0219081
0.02145282
0.02145619
0.02150059
0.02143381
0.02136061
0.02142644
0.02176136
0.02232467
0.02271389
0.02244552
0.02196154
0.02161947
0.02182822
0.02192157
0.02166066
0.02185004
0.02209399
0.02220371
0.02307232
0.02390143
0.02464959
0.02512832
0.02492589
0.02433234
0.02357873
0.02284037
0.02189907
0.02145476
0.02078397
0.0195771
0.01833235
0.01683558
0.01529185
0.01356737
0.01243521
0.01137645
0.009886133
0.00824483
0.00637326
0.005117952
0.004093371
0.003086376
0.00240551
0.001694917
0.0007123392
0.0002102221
-0.0001504462
-0.001055607
-0.002160272
-0.00248518
-0.003104247
-0.004071758
-0.004513471
-0.004612538
-0.005177948
-0.006246695
-0.007177559
-0.007577902
-0.008207183
-0.008871815
-0.009771221
-0.01066757
-0.01168787
-0.01265667
-0.01387771
-0.01498238
-0.01572113
-0.01643421
-0.01733749
-0.01837313
-0.01904705
-0.01937699
-0.01991374
-0.02033167
-0.02046445
-0.0204512
-0.02002832
-0.01927434
-0.01950704
-0.02042698
-0.02106942
-0.02152072
-0.02144161
-0.02134191
-0.02130924
-0.02125729
-0.02124636
-0.02142985
-0.02203455
-0.02306682
-0.02402782
-0.02472837
-0.0256173
-0.02623439
-0.02689279
-0.02793176
-0.02855479
-0.02848292
-0.0284393
-0.02854291
-0.0286783
-0.02871112
-0.02841785
-0.0276633
-0.02666444
-0.02620358
-0.02615969
-0.02574749
-0.02497972
-0.02427745
-0.02371687
-0.02380398
-0.02396258
-0.02394711
-0.02366676
-0.02295828
-0.02198648
-0.02138477
-0.02125999
-0.02068608
-0.01959055
-0.01860579
-0.0175746
-0.0162024
-0.01544436
-0.01456625
-0.01376442
-0.0127672
-0.01167936
-0.01170487
-0.01181753
-0.01177297
-0.01168814
-0.01157848
-0.01154184
-0.01167266
-0.01208004
-0.01266889
-0.01308325
-0.01353475
-0.01399935
-0.01397137
-0.01392373
-0.01394149
-0.01395402
-0.01396012
-0.01397001
-0.01401886
-0.01410908
-0.01416061
-0.0139902
-0.01339403
-0.01240884
-0.01162283
-0.0115402
-0.01166669
-0.01174054
-0.01177536
-0.01169426
-0.01133778
-0.01057023
-0.009616496
-0.009189626
-0.008890547
-0.007993819
-0.006848034
-0.006413723
-0.005676923
-0.004585967
-0.003623356
-0.002368876
-0.001050696
0.0001050491
0.001255261
0.002725481
0.004307942
0.005949005
0.006884914
0.007478026
0.007406101
0.007555305
0.008287344
0.009379069
0.01018699
0.01001662
0.009962457
0.01041069
0.01134382
0.01232368
0.01254881
0.01235844
0.01241928
0.01294366
0.01392047
0.01483754
0.01504632
0.01492759
0.0148965
0.01492841
0.0149841
0.0150173
0.0150318
0.01502775
0.01503465
0.01504945
0.01507079
0.01505567
0.0149887
0.0148825
0.01487406
0.01516748
0.01595134
0.01701112
0.01753629
0.01742753
0.01734337
0.01731496
0.01729047
0.01731234
0.01753397
0.01808723
0.01885673
0.01926709
0.01917138
0.018422
0.01795766
0.01757735
0.01755507
0.01772991
0.01767007
0.01720872
0.01627288
0.01528998
0.01516743
0.01504462
0.01431569
0.01321575
0.01247194
0.01183412
0.01091055
0.01039264
0.009968315
0.009014017
0.008016214
0.008074814
0.008122443
0.007610324
0.006556615
0.005453634
0.005451647
0.005679545
0.005705891
0.005438312
0.004756446
0.003859678
0.003350984
0.003048932
0.003120419
0.003225753
0.003297538
0.003390258
0.003409577
0.003576555
0.004348511
0.004978838
0.005389267
0.005347067
0.005466857
0.006017058
0.006771255
0.007303598
0.007924911
0.00858637
0.009550224
0.01021963
0.01017056
0.01011754
0.01018596
0.01032308
0.01040085
0.01026253
0.009724497
0.008847141
0.008121126
0.007900186
0.007437364
0.006405673
0.005335108
0.004696607
0.003819004
0.003243396
0.003105567
0.002532445
0.0015466
0.0008379357
0.0006918946
0.000338935
-0.0004998341
-0.001416709
-0.002076134
-0.003050939
-0.004257921
-0.00459381
-0.004956316
-0.005195248
-0.00531334
-0.0056814
-0.006196341
-0.006503602
-0.006495245
-0.006711699
-0.007286039
-0.007963164
-0.00833729
-0.008694043
-0.00875134
-0.008868496
-0.009509749
-0.01059308
-0.01144032
-0.01136542
-0.01072596
-0.009858085
-0.00925109
-0.009142234
-0.009081039
-0.00908443
-0.00904921
-0.008992726
-0.009000857
-0.009071536
-0.009132295
-0.008985343
-0.008413746
-0.007398619
-0.006450873
-0.005847081
-0.005155283
-0.004691995
-0.00419653
-0.003497015
-0.002428177
-0.00156311
-0.0008985363
2.843544e-05
0.0005123511
0.0007986612
0.001564596
0.002575382
0.003169752
0.003781296
0.004746581
0.005428694
0.005849414
0.006712786
0.007658936
0.008341043
0.009269003
0.01013729
0.01007992
0.01021279
0.0108812
0.01179679
0.01234013
0.01264898
0.01260032
0.01254523
0.01258506
0.01264036
0.0127075
0.0127277
0.01267866
0.01254159
0.01241394
0.01250395
0.01309047
0.01424759
0.01534633
0.01504648
0.01420377
0.01318933
0.01254677
0.01267851
0.01288297
0.01289639
0.01262096
0.01198005
0.0111292
0.0105996
0.01008331
0.009698315
0.009268155
0.009163346
0.009009998
0.008546533
0.007991845
0.007806431
0.007881275
0.007908573
0.007868502
0.007770122
0.007692114
0.00776653
0.008173154
0.008928028
0.009695505
0.01016328
0.01017007
0.01009924
0.01011096
0.01014786
0.01019431
0.01022843
0.01025881
0.01026309
0.01022389
0.0101215
0.01001919
0.01007594
0.01053175
0.01149863
0.01255309
0.01265264
0.012497
0.01247887
0.01252076
0.01258856
0.01262586
0.01263091
0.01260245
0.01257698
0.01258634
0.01266227
0.01276762
0.01277436
0.01245941
0.01166067
0.01060473
0.01014019
0.01026592
0.0103417
0.01031293
0.01025772
0.01020877
0.01018908
0.01018948
0.01019889
0.01019996
0.01019125
0.01017902
0.010186
0.01022494
0.01028455
0.01028602
0.01010002
0.009598775
0.008892944
0.008402815
0.007903224
0.007500387
0.006636242
0.005615579
0.005511637
0.005478324
0.005001665
0.004184907
0.003489384
0.003055279
0.003096444
0.002950746
0.002425942
0.001812312
0.001664779
0.001750875
0.001983423
0.002468574
0.002991774
0.00304799
0.002946662
0.002870073
0.002789878
0.002817723
0.003125323
0.003889033
0.004910439
0.00541958
0.005284405
0.005317045
0.005687684
0.006258881
0.006659842
0.006843317
0.007146274
0.007365094
0.007129249
0.007292587
0.007657453
0.007121254
0.006144151
0.005552715
0.005280865
0.005442767
0.005938499
0.006780849
0.007628006
0.007839705
0.007859481
0.008167539
0.008622117
0.008907066
0.009392215
0.009511328
0.009321319
0.009820893
0.01030074
0.01029707
0.01027284
0.01027929
0.01025556
0.01018438
0.01011999
0.01022404
0.0107068
0.01161648
0.01250672
0.01266575
0.01248719
0.01253955
0.01298412
0.01379476
0.0146024
0.01509284
0.01510395
0.01502698
0.01502165
0.01503928
0.01508211
0.01515536
0.01527486
0.01535946
0.01523537
0.01466653
0.01361523
0.01265298
0.01283784
0.01306407
0.01290136
0.01226648
0.01115899
0.01017455
0.009783548
0.009207588
0.008645512
0.00796992
0.007351069
0.006460557
0.005765484
0.005598832
0.00513697
0.004242093
0.003452334
0.003229234
0.002908637
0.002102468
0.001156175
0.000629896
2.422442e-05
-0.0009590693
-0.001666112
-0.002239677
-0.003205202
-0.003938698
-0.003981084
-0.003918388
-0.003938266
-0.003977855
-0.004011363
-0.004025011
-0.004038529
-0.004067436
-0.00410258
-0.004079258
-0.003893896
-0.003485575
-0.00299946
-0.002658526
-0.002438092
-0.002852787
-0.002931699
-0.002761951
-0.002608004
-0.002527892
-0.002786594
-0.00335393
-0.003031844
-0.003097614
-0.003182279
-0.002794958
-0.002769397
-0.003033889
-0.003427698
-0.003711023
-0.003990429
-0.00390956
-0.003497214
-0.003012545
-0.002903439
-0.003294231
-0.003610347
-0.003505655
-0.003869787
-0.004084462
-0.004599619
-0.005429007
-0.005951846
-0.006305082
-0.006225466
-0.006240455
-0.006567506
-0.007124025
-0.00761688
-0.007524721
-0.007426741
-0.007533877
-0.007899607
-0.00844734
-0.008786926
-0.008557182
-0.00825788
-0.008221661
-0.008631614
-0.00836556
-0.007968724
-0.008028975
-0.008134773
-0.007687608
-0.007588191
-0.007390351
-0.006860797
-0.006357276
-0.006406128
-0.006579089
-0.006553004
-0.006202148
-0.005371475
-0.004363962
-0.003986346
-0.004119237
-0.003938406
-0.003282239
-0.002392671
-0.001932048
-0.001682464
-0.001709466
-0.001428805
-0.0006109934
0.0004235333
0.0008710579
0.001008108
0.001490925
0.002082356
0.002122157
0.00195181
0.001604706
0.001064349
0.0006225099
-0.0001168041
-0.001138508
-0.001818116
-0.00246783
-0.003445328
-0.004945201
-0.006455338
-0.007620161
-0.00832007
-0.008661431
-0.009316809
-0.01030419
-0.01089409
-0.01098995
-0.01044958
-0.009605204
-0.008902386
-0.007857725
-0.006807971
-0.006003915
-0.005113257
-0.004020406
-0.003652309
-0.002944734
-0.001897734
-0.0008175114
-0.0002056434
-0.0002725868
-0.0004759493
-0.000913628
-0.001608746
-0.00224636
-0.003144964
-0.004014111
-0.004802868
-0.005210153
-0.005659198
-0.006185456
-0.006199687
-0.006192684
-0.006235211
-0.006252762
-0.006212048
-0.006132418
-0.006119327
-0.006367089
-0.007026553
-0.007924799
-0.008398574
-0.008580104
-0.00843672
-0.008388414
-0.008681974
-0.009430527
-0.01050697
-0.01124919
-0.01183086
-0.01276606
-0.01345656
-0.01405664
-0.01503365
-0.01571111
-0.01569067
-0.01567702
-0.01599474
-0.01661099
-0.01734864
-0.0182802
-0.01823784
-0.01808515
-0.01813773
-0.01823293
-0.01833032
-0.0182173
-0.0177763
-0.01701351
-0.01636208
-0.01596536
-0.01595636
-0.01564255
-0.01480759
-0.01382416
-0.01353992
-0.0133195
-0.01250446
-0.01137722
-0.01093653
-0.01142301
-0.01210987
-0.01240679
-0.0116358
-0.01068073
-0.01018837
-0.009635527
-0.009380008
-0.009015931
-0.008761575
-0.00868817
-0.008249912
-0.007355184
-0.006435553
-0.006210344
-0.006276522
-0.005963473
-0.005166984
-0.004188721
-0.003632419
-0.003000766
-0.001863275
-0.0009009936
-0.0004276044
-0.000235365
-0.0006693674
-0.001351135
-0.001926838
-0.002830083
-0.003731661
-0.004102763
-0.004757325
-0.005483588
-0.006342199
-0.006987247
-0.007622531
-0.008176586
-0.008671698
-0.009533085
-0.01055401
-0.01090153
-0.01075222
-0.01061766
-0.0105929
-0.01083301
-0.01151646
-0.01257582
-0.0133504
-0.01341742
-0.01324006
-0.01280787
-0.01194636
-0.01101959
-0.01093771
-0.0109736
-0.01048841
-0.009503412
-0.008442874
-0.00758077
-0.006449769
-0.005481848
-0.004660048
-0.003943168
-0.003708031
-0.003406229
-0.002805008
-0.002329243
-0.002366516
-0.002614448
-0.003039297
-0.003519685
-0.003681304
-0.004237025
-0.005213409
-0.005930302
-0.006298087
-0.007079823
-0.008048855
-0.008641665
-0.009221237
-0.009649276
-0.009023978
-0.007676222
-0.00618567
-0.005279412
-0.005111404
-0.004265957
-0.003614203
-0.003003362
-0.001905716
-0.0009063312
-0.0001041288
0.0009781532
0.001899344
0.002791197
0.003532527
0.004002532
0.004896782
0.005824143
0.00608452
0.006024489
0.005992701
0.005949359
0.005907727
0.005975738
0.00636603
0.007194593
0.008167851
0.008459585
0.008367681
0.008564318
0.009128646
0.009734209
0.0097815
0.009735255
0.009667404
0.009420529
0.009008873
0.008639236
0.008598505
0.008201553
0.007278558
0.006301619
0.006143371
0.005381468
0.003647293
0.001730979
-0.0001703556
-0.002132397
-0.003741578
-0.005425921
-0.007075786
-0.008736909
-0.00995004
-0.01089104
-0.01205786
-0.01358478
-0.014803
-0.01532896
-0.01535012
-0.01567283
-0.01645198
-0.0172994
-0.01810376
-0.01866008
-0.019133
-0.01910484
-0.01892584
-0.01854172
-0.01790324
-0.01726867
-0.01607897
-0.01477944
-0.0139602
-0.01344335
-0.01323272
-0.01250039
-0.01116108
-0.01002725
-0.009534218
-0.009539279
-0.009719557
-0.01000194
-0.01037297
-0.01059485
-0.01090957
-0.01172923
-0.01272144
-0.01300034
-0.01283058
-0.01291352
-0.01348807
-0.01453233
-0.01550053
-0.01573894
-0.0161689
-0.01661463
-0.01623214
-0.01535559
-0.01448328
-0.01411881
-0.01377574
-0.01309533
-0.01246659
-0.01146699
-0.01056663
-0.009984432
-0.008997065
-0.008032933
-0.007087771
-0.005657913
-0.00422804
-0.002874248
-0.001477378
7.002535e-05
0.001862138
0.003792206
0.005482142
0.007026167
0.008744582
0.01048462
0.01202261
0.01373567
0.01533009
0.01705386
0.01885362
0.02039063
0.02217188
0.02364724
0.02068675
0.02173918
0.02246755
0.02320789
0.02423228
0.02468756
0.02395279
0.02287206
0.02239477
0.02219487
0.02170137
0.02117647
0.02033981
0.0193929
0.01912723
0.01919727
0.01890627
0.0180983
0.01702879
0.01637689
0.01577865
0.01485683
0.01428153
0.01417698
0.01364694
0.01262889
0.01172546
0.01130296
0.01086716
0.01056206
0.01091349
0.0113728
0.01153061
0.01183573
0.0125936
0.01343044
0.01372986
0.01390662
0.01432344
0.01456746
0.01395409
0.01312931
0.01222115
0.0111627
0.01077716
0.01002443
0.008815101
0.007595244
0.006049167
0.004519887
0.002483839
0.0007623956
-0.0007398314
-0.001798809
-0.002676959
-0.00312551
-0.003152501
-0.0035304
-0.004371271
-0.005321136
-0.005496469
-0.004933375
-0.004742999
-0.00525358
-0.00579667
-0.00585495
-0.00599748
-0.006560706
-0.007420602
-0.008015631
-0.008171288
-0.008771028
-0.01009101
-0.01155878
-0.01269898
-0.01350069
-0.01455142
-0.0156666
-0.01692879
-0.01831339
-0.01962721
-0.0206531
-0.02194294
-0.02305991
-0.02452938
-0.0258866
-0.02668694
-0.02777991
-0.02876192
-0.02952362
-0.02985717
-0.03007617
-0.03077193
-0.03162073
-0.03181711
-0.03158621
-0.03139996
-0.03129859
-0.03125178
-0.03121611
-0.03108022
-0.03067522
-0.0298485
-0.02874623
-0.02795087
-0.02708891
-0.02579112
-0.0247626
-0.02368919
-0.02277159
-0.0218331
-0.02058881
-0.01920414
-0.01754676
-0.01652014
-0.01587339
-0.01581348
-0.0157606
-0.01557712
-0.01538587
-0.01516195
-0.01496572
-0.0148488
-0.01497576
-0.01545107
-0.01616364
-0.01653921
-0.01670194
-0.01741588
-0.01844749
-0.01892861
-0.01955637
-0.01988943
-0.02017421
-0.02084766
-0.02134372
-0.02113652
-0.02110427
-0.02148008
-0.02194816
-0.02181197
-0.02061417
-0.01989796
-0.01977597
-0.01977345
-0.01998865
-0.02042894
-0.02078318
-0.02086757
-0.02051872
-0.02023474
-0.0202912
-0.02074908
-0.02142012
-0.02160037
-0.02120809
-0.02088364
-0.02081891
-0.02103544
-0.02139137
-0.02146696
-0.02159051
-0.02147773
-0.0209667
-0.0203113
-0.01970626
-0.01941361
-0.01886522
-0.01793389
-0.01689949
-0.015601
-0.01451519
-0.01363924
-0.01260256
-0.01148929
-0.01033539
-0.008876654
-0.007532349
-0.006105981
-0.004501467
-0.003238123
-0.002028489
-0.0007751185
0.0004946796
0.001767889
0.002987806
0.004076833
0.004960703
0.005704647
0.006561658
0.007292806
0.007887907
0.00869609
0.009528075
0.01010805
0.01021554
0.01021352
0.01008012
0.009644564
0.009038166
0.008771699
0.008862504
0.008653216
0.008039669
0.007390133
0.007402389
0.007423685
0.007050735
0.006405768
0.005970199
0.006043622
0.006195868
0.006286308
0.006349165
0.006408022
0.006479115
0.006562205
0.006652948
0.006744637
0.006837279
0.006930507
0.007025075
0.007112284
0.007184145
0.007236902
0.007299451
0.007433516
0.007723094
0.008173071
0.008612097
0.008968971
0.009324979
0.009367468
0.009394607
0.009527873
0.009735875
0.009970329
0.01003547
0.009765216
0.009787983
0.009883263
0.009936397
0.01000597
0.01008478
0.01018451
0.01023362
0.01014023
0.009807426
0.009348948
0.009127339
0.009050688
0.009150856
0.009232381
0.009243493
0.009250874
0.009297964
0.009484817
0.009863
0.01035483
0.01067101
0.01103324
0.0114028
0.01193284
0.01232278
0.0124875
0.01289505
0.01348106
0.01376121
0.01373768
0.01377145
0.0138817
0.01394403
0.01382393
0.01372123
0.01375466
0.01377145
0.0136927
0.01345498
0.01308596
0.0127545
0.01236713
0.01202291
0.01158909
0.01139175
0.01140864
0.01121171
0.01077555
0.01034479
0.01027008
0.01036498
0.01040813
0.01038648
0.01035264
0.01039312
0.01063143
0.01113207
0.01171471
0.01192969
0.01225207
0.01258749
0.01276081
0.0131038
0.01365511
0.01411389
0.01449846
0.01476621
0.01512078
0.01562621
0.01585449
0.0161181
0.0161956
0.0161511
0.01632003
0.01665611
0.01685096
0.01666917
0.016468
0.01635323
0.01636048
0.01652813
0.01675764
0.01676819
0.01663607
0.01668412
0.01691303
0.01705113
0.01686195
0.01666072
0.01650995
0.01634853
0.01614314
0.01584781
0.01550132
0.01521463
0.01491838
0.01456089
0.01427805
0.01390137
0.0135179
0.01321716
0.01307327
0.01296384
0.01284782
0.01272247
0.01254416
0.01225221
0.01182674
0.01140291
0.01118236
0.01090892
0.01063843
0.01041219
0.01026401
0.01001584
0.009656497
0.009371934
0.009271131
0.009217977
0.009134129
0.009029801
0.008913949
0.008816176
0.008772093
0.008817372
0.00892533
0.008967933
0.00889978
0.008801917
0.008679541
0.008590914
0.008579002
0.008655866
0.008750342
0.00868665
0.008596617
0.008585289
0.008602922
0.008591283
0.00857589
0.00860526
0.008633208
0.008489649
0.008391944
0.008401294
0.008422599
0.008308461
0.00820535
0.008176231
0.008131526
0.008013825
0.007912124
0.007885851
0.007845849
0.007683502
0.007550399
0.007470837
0.007373028
0.00729369
0.007194189
0.007118098
0.006988191
0.006830056
0.006733438
0.006662961
0.006510262
0.006298888
0.006091494
0.005899871
0.005730776
0.005595864
0.005483574
0.005343005
0.005149034
0.004976563
0.004780393
0.004591713
0.004334828
0.004068802
0.003833728
0.003586432
0.003357741
0.003140003
0.002911436
0.002701534
0.002495414
0.002313887
0.002157753
0.001977416
0.001797486
0.001647656
0.001492269
0.001324499
0.0011914
0.001077857
0.0009392373
0.0007840665
0.0006572
0.0005694194
0.0004788891
0.0003753679
0.0002651829
0.0001648882
9.997644e-05
4.141473e-05
-4.456255e-05
-0.0001327377
-0.0002162823
-0.0002971659
-0.0003753841
-0.0004532889
-0.0005332475
-0.0006186118
-0.0007098954
-0.0007999366
-0.0008740687
-0.0009487479
-0.001030699
-0.001113479
-0.001184838
-0.001248679
-0.001317552
-0.001395338
-0.001479494
-0.001556498
-0.001616455
-0.001673932
-0.001740137
-0.001813916
-0.001884978
-0.001941006
-0.001990101
-0.002040403
-0.002091985
-0.002143474
-0.002193084
-0.002238633
-0.002279029
-0.002317202
-0.002360677
-0.002405421
-0.002452463
-0.002496182
-0.002537327
-0.002581436
-0.002624472
-0.002668143
-0.002715547
-0.002762718
-0.002808912
-0.002854004
-0.002896885
-0.002936735
-0.002974396
-0.003014015
-0.003057475
-0.00310089
-0.003142913
-0.003184047
-0.003224629
-0.003264915
-0.003304782
-0.003343829
-0.00338138
-0.003417003
-0.003451279
-0.00348645
-0.003523249
-0.003559606
-0.003594987
-0.003629634
-0.003663649
-0.003697128
-0.003730079
-0.003762526
-0.003794437
-0.003825745
-0.003856273
-0.003885859
-0.003914497
-0.003942686
-0.003971237
-0.003999703
-0.004027364
-0.004054065
-0.004079974
-0.004106253
-0.004132128
-0.004157274
-0.004181907
-0.004205894
-0.004229336
-0.004252304
-0.004274796
-0.004296804
-0.004318341
-0.004339424
-0.004360075
-0.004380283
-0.004400009
-0.004419249
-0.004438045
-0.00445637
-0.004474282
-0.004491799
-0.004508894
-0.004525532
-0.00454174
-0.004557552
-0.004572971
-0.004587996
-0.004602628
-0.004616869
-0.004630717
-0.004644171
-0.004657237
-0.004669915
-0.004682208
-0.004694115
-0.004705637
-0.004716774
-0.004727526
-0.004737892
-0.004747872
-0.004757465
-0.004766669
-0.004775485
-0.00478391
